0 7.79212e-34
1 6.75807e-34
2 5.91906e-34
3 5.25206e-34
4 4.73648e-34
5 4.35545e-34
6 4.09942e-34
7 3.96035e-34
8 3.93189e-34
9 4.01377e-34
10 4.20822e-34
11 4.51827e-34
12 4.95217e-34
13 5.5223e-34
14 6.24321e-34
15 7.13039e-34
16 8.21093e-34
17 9.5157e-34
18 1.10742e-33
19 1.29297e-33
20 1.51305e-33
21 1.77387e-33
22 2.08195e-33
23 2.44492e-33
24 2.87294e-33
25 3.37725e-33
26 3.97049e-33
27 4.66784e-33
28 5.48928e-33
29 6.45452e-33
30 7.58656e-33
31 8.91797e-33
32 1.04816e-32
33 1.23164e-32
34 1.44719e-32
35 1.70012e-32
36 1.99665e-32
37 2.34443e-32
38 2.75244e-32
39 3.23083e-32
40 3.79144e-32
41 4.44847e-32
42 5.21809e-32
43 6.11955e-32
44 7.17572e-32
45 8.41211e-32
46 9.85917e-32
47 1.1553e-31
48 1.35345e-31
49 1.58528e-31
50 1.85648e-31
51 2.17347e-31
52 2.54416e-31
53 2.97734e-31
54 3.48351e-31
55 4.07504e-31
56 4.76563e-31
57 5.57249e-31
58 6.51444e-31
59 7.61346e-31
60 8.89635e-31
61 1.03934e-30
62 1.21399e-30
63 1.41759e-30
64 1.65497e-30
65 1.93184e-30
66 2.25439e-30
67 2.63022e-30
68 3.06833e-30
69 3.57827e-30
70 4.17215e-30
71 4.86358e-30
72 5.66828e-30
73 6.6047e-30
74 7.69409e-30
75 8.96182e-30
76 1.04351e-29
77 1.21486e-29
78 1.41407e-29
79 1.64552e-29
80 1.91449e-29
81 2.22687e-29
82 2.5897e-29
83 3.01089e-29
84 3.50002e-29
85 4.06758e-29
86 4.72616e-29
87 5.49047e-29
88 6.37643e-29
89 7.40391e-29
90 8.59532e-29
91 9.9762e-29
92 1.15765e-28
93 1.34304e-28
94 1.5578e-28
95 1.80653e-28
96 2.09443e-28
97 2.42775e-28
98 2.81352e-28
99 3.2598e-28
100 3.77617e-28
101 4.37337e-28
102 5.06386e-28
103 5.86215e-28
104 6.78478e-28
105 7.851e-28
106 9.08276e-28
107 1.05055e-27
108 1.21485e-27
109 1.40454e-27
110 1.62351e-27
111 1.8762e-27
112 2.16777e-27
113 2.5041e-27
114 2.89199e-27
115 3.33923e-27
116 3.8548e-27
117 4.44904e-27
118 5.13373e-27
119 5.92256e-27
120 6.83116e-27
121 7.87736e-27
122 9.08186e-27
123 1.04683e-26
124 1.20636e-26
125 1.38992e-26
126 1.60107e-26
127 1.84388e-26
128 2.12304e-26
129 2.44396e-26
130 2.81279e-26
131 3.23653e-26
132 3.72331e-26
133 4.28242e-26
134 4.92438e-26
135 5.66136e-26
136 6.5072e-26
137 7.47776e-26
138 8.59129e-26
139 9.86849e-26
140 1.1333e-25
141 1.30121e-25
142 1.49367e-25
143 1.71423e-25
144 1.96694e-25
145 2.2564e-25
146 2.58791e-25
147 2.96747e-25
148 3.40196e-25
149 3.89925e-25
150 4.46826e-25
151 5.1192e-25
152 5.86371e-25
153 6.71503e-25
154 7.68832e-25
155 8.80079e-25
156 1.00721e-24
157 1.15245e-24
158 1.31835e-24
159 1.50782e-24
160 1.72415e-24
161 1.97109e-24
162 2.2529e-24
163 2.57447e-24
164 2.94131e-24
165 3.35968e-24
166 3.83676e-24
167 4.38064e-24
168 5.00054e-24
169 5.70695e-24
170 6.51174e-24
171 7.42844e-24
172 8.47236e-24
173 9.66091e-24
174 1.10138e-23
175 1.25535e-23
176 1.43053e-23
177 1.62981e-23
178 1.85644e-23
179 2.11414e-23
180 2.40708e-23
181 2.74003e-23
182 3.11835e-23
183 3.54814e-23
184 4.0363e-23
185 4.59062e-23
186 5.21994e-23
187 5.93423e-23
188 6.74482e-23
189 7.66446e-23
190 8.7076e-23
191 9.89059e-23
192 1.12318e-22
193 1.27522e-22
194 1.44753e-22
195 1.64276e-22
196 1.86391e-22
197 2.11439e-22
198 2.398e-22
199 2.71908e-22
200 3.08247e-22
201 3.49368e-22
202 3.95889e-22
203 4.48509e-22
204 5.08014e-22
205 5.75289e-22
206 6.51334e-22
207 7.37274e-22
208 8.34374e-22
209 9.4406e-22
210 1.06794e-21
211 1.20781e-21
212 1.36572e-21
213 1.54394e-21
214 1.74504e-21
215 1.97192e-21
216 2.22782e-21
217 2.5164e-21
218 2.84175e-21
219 3.20849e-21
220 3.62178e-21
221 4.08744e-21
222 4.61199e-21
223 5.20275e-21
224 5.86792e-21
225 6.61673e-21
226 7.45951e-21
227 8.40783e-21
228 9.47469e-21
229 1.06746e-20
230 1.2024e-20
231 1.3541e-20
232 1.52461e-20
233 1.71622e-20
234 1.93151e-20
235 2.17332e-20
236 2.44489e-20
237 2.7498e-20
238 3.09206e-20
239 3.47618e-20
240 3.90716e-20
241 4.39064e-20
242 4.93287e-20
243 5.54086e-20
244 6.22244e-20
245 6.98635e-20
246 7.84235e-20
247 8.80132e-20
248 9.87541e-20
249 1.10782e-19
250 1.24248e-19
251 1.3932e-19
252 1.56187e-19
253 1.75059e-19
254 1.96168e-19
255 2.19776e-19
256 2.46172e-19
257 2.75678e-19
258 3.08656e-19
259 3.45504e-19
260 3.86668e-19
261 4.32645e-19
262 4.83985e-19
263 5.41302e-19
264 6.05278e-19
265 6.76672e-19
266 7.56327e-19
267 8.45179e-19
268 9.4427e-19
269 1.05476e-18
270 1.17792e-18
271 1.31519e-18
272 1.46814e-18
273 1.63854e-18
274 1.82833e-18
275 2.03968e-18
276 2.27497e-18
277 2.53688e-18
278 2.82833e-18
279 3.15261e-18
280 3.51333e-18
281 3.91449e-18
282 4.36053e-18
283 4.85637e-18
284 5.40745e-18
285 6.01978e-18
286 6.70003e-18
287 7.45555e-18
288 8.29451e-18
289 9.2259e-18
290 1.02597e-17
291 1.14068e-17
292 1.26796e-17
293 1.40913e-17
294 1.56567e-17
295 1.73924e-17
296 1.93163e-17
297 2.14484e-17
298 2.38107e-17
299 2.64274e-17
300 2.93253e-17
301 3.2534e-17
302 3.60859e-17
303 4.00169e-17
304 4.43665e-17
305 4.91782e-17
306 5.44999e-17
307 6.03845e-17
308 6.68899e-17
309 7.40802e-17
310 8.20257e-17
311 9.08038e-17
312 1.005e-16
313 1.11207e-16
314 1.23028e-16
315 1.36078e-16
316 1.50479e-16
317 1.66368e-16
318 1.83897e-16
319 2.03228e-16
320 2.24545e-16
321 2.48045e-16
322 2.73947e-16
323 3.0249e-16
324 3.33936e-16
325 3.68575e-16
326 4.06721e-16
327 4.48721e-16
328 4.94956e-16
329 5.4584e-16
330 6.01831e-16
331 6.63427e-16
332 7.31175e-16
333 8.05674e-16
334 8.8758e-16
335 9.77609e-16
336 1.07655e-15
337 1.18525e-15
338 1.30466e-15
339 1.4358e-15
340 1.57979e-15
341 1.73785e-15
342 1.91133e-15
343 2.10169e-15
344 2.31053e-15
345 2.53957e-15
346 2.79074e-15
347 3.06609e-15
348 3.3679e-15
349 3.69862e-15
350 4.06096e-15
351 4.45784e-15
352 4.89245e-15
353 5.36828e-15
354 5.88912e-15
355 6.4591e-15
356 7.08271e-15
357 7.76484e-15
358 8.51081e-15
359 9.32642e-15
360 1.0218e-14
361 1.11923e-14
362 1.22568e-14
363 1.34197e-14
364 1.46897e-14
365 1.60764e-14
366 1.75901e-14
367 1.92422e-14
368 2.10449e-14
369 2.30114e-14
370 2.51562e-14
371 2.74949e-14
372 3.00447e-14
373 3.28237e-14
374 3.58521e-14
375 3.91516e-14
376 4.27455e-14
377 4.66595e-14
378 5.09209e-14
379 5.55599e-14
380 6.06087e-14
381 6.61024e-14
382 7.20791e-14
383 7.85797e-14
384 8.56489e-14
385 9.33347e-14
386 1.01689e-13
387 1.10769e-13
388 1.20634e-13
389 1.31352e-13
390 1.42992e-13
391 1.55633e-13
392 1.69356e-13
393 1.84253e-13
394 2.00419e-13
395 2.17959e-13
396 2.36986e-13
397 2.57622e-13
398 2.79998e-13
399 3.04256e-13
400 3.30549e-13
401 3.5904e-13
402 3.89908e-13
403 4.23342e-13
404 4.5955e-13
405 4.98751e-13
406 5.41184e-13
407 5.87105e-13
408 6.3679e-13
409 6.90534e-13
410 7.48657e-13
411 8.11501e-13
412 8.79432e-13
413 9.52846e-13
414 1.03217e-12
415 1.11785e-12
416 1.21038e-12
417 1.31029e-12
418 1.41814e-12
419 1.53452e-12
420 1.66009e-12
421 1.79554e-12
422 1.94161e-12
423 2.0991e-12
424 2.26885e-12
425 2.45179e-12
426 2.64889e-12
427 2.8612e-12
428 3.08983e-12
429 3.33598e-12
430 3.60095e-12
431 3.88609e-12
432 4.19288e-12
433 4.5229e-12
434 4.87781e-12
435 5.25941e-12
436 5.66962e-12
437 6.1105e-12
438 6.58424e-12
439 7.09317e-12
440 7.6398e-12
441 8.2268e-12
442 8.85703e-12
443 9.53354e-12
444 1.02596e-11
445 1.10386e-11
446 1.18744e-11
447 1.27708e-11
448 1.37321e-11
449 1.47628e-11
450 1.58676e-11
451 1.70518e-11
452 1.83207e-11
453 1.96802e-11
454 2.11364e-11
455 2.2696e-11
456 2.4366e-11
457 2.61537e-11
458 2.80673e-11
459 3.01151e-11
460 3.23061e-11
461 3.46498e-11
462 3.71565e-11
463 3.9837e-11
464 4.27026e-11
465 4.57655e-11
466 4.90386e-11
467 5.25357e-11
468 5.62712e-11
469 6.02604e-11
470 6.45198e-11
471 6.90664e-11
472 7.39187e-11
473 7.90959e-11
474 8.46185e-11
475 9.05081e-11
476 9.67875e-11
477 1.03481e-10
478 1.10614e-10
479 1.18213e-10
480 1.26307e-10
481 1.34926e-10
482 1.44102e-10
483 1.53867e-10
484 1.64258e-10
485 1.7531e-10
486 1.87064e-10
487 1.9956e-10
488 2.12841e-10
489 2.26954e-10
490 2.41947e-10
491 2.57869e-10
492 2.74774e-10
493 2.92719e-10
494 3.11762e-10
495 3.31965e-10
496 3.53393e-10
497 3.76115e-10
498 4.00204e-10
499 4.25735e-10
500 4.52788e-10
501 4.81447e-10
502 5.11801e-10
503 5.43943e-10
504 5.7797e-10
505 6.13986e-10
506 6.52099e-10
507 6.92422e-10
508 7.35076e-10
509 7.80188e-10
510 8.27888e-10
511 8.78319e-10
512 9.31625e-10
513 9.87961e-10
514 1.04749e-09
515 1.11038e-09
516 1.17682e-09
517 1.24699e-09
518 1.32109e-09
519 1.39934e-09
520 1.48194e-09
521 1.56913e-09
522 1.66115e-09
523 1.75826e-09
524 1.86073e-09
525 1.96883e-09
526 2.08285e-09
527 2.20311e-09
528 2.32992e-09
529 2.46363e-09
530 2.60459e-09
531 2.75316e-09
532 2.90974e-09
533 3.07472e-09
534 3.24852e-09
535 3.4316e-09
536 3.62439e-09
537 3.82739e-09
538 4.04108e-09
539 4.26598e-09
540 4.50263e-09
541 4.75158e-09
542 5.01342e-09
543 5.28873e-09
544 5.57814e-09
545 5.88229e-09
546 6.20184e-09
547 6.53747e-09
548 6.8899e-09
549 7.25985e-09
550 7.64807e-09
551 8.05533e-09
552 8.48244e-09
553 8.9302e-09
554 9.39946e-09
555 9.89107e-09
556 1.04059e-08
557 1.09449e-08
558 1.1509e-08
559 1.20992e-08
560 1.27163e-08
561 1.33614e-08
562 1.40356e-08
563 1.47399e-08
564 1.54753e-08
565 1.6243e-08
566 1.7044e-08
567 1.78796e-08
568 1.87508e-08
569 1.9659e-08
570 2.06054e-08
571 2.15912e-08
572 2.26177e-08
573 2.36864e-08
574 2.47985e-08
575 2.59556e-08
576 2.7159e-08
577 2.84104e-08
578 2.97113e-08
579 3.10633e-08
580 3.24682e-08
581 3.39277e-08
582 3.54436e-08
583 3.7018e-08
584 3.86527e-08
585 4.03498e-08
586 4.21116e-08
587 4.39403e-08
588 4.58383e-08
589 4.78081e-08
590 4.98523e-08
591 5.19737e-08
592 5.41751e-08
593 5.64595e-08
594 5.88301e-08
595 6.12903e-08
596 6.38435e-08
597 6.64933e-08
598 6.92435e-08
599 7.20981e-08
600 7.50613e-08
601 7.81374e-08
602 8.1331e-08
603 8.46466e-08
604 8.80893e-08
605 9.16641e-08
606 9.53763e-08
607 9.92314e-08
608 1.03235e-07
609 1.07393e-07
610 1.11711e-07
611 1.16195e-07
612 1.20852e-07
613 1.25688e-07
614 1.30709e-07
615 1.35923e-07
616 1.41335e-07
617 1.46953e-07
618 1.52784e-07
619 1.58834e-07
620 1.6511e-07
621 1.71619e-07
622 1.78368e-07
623 1.85363e-07
624 1.92611e-07
625 2.00118e-07
626 2.07891e-07
627 2.15934e-07
628 2.24255e-07
629 2.32858e-07
630 2.41748e-07
631 2.5093e-07
632 2.60407e-07
633 2.70184e-07
634 2.80264e-07
635 2.90649e-07
636 3.01341e-07
637 3.12342e-07
638 3.23653e-07
639 3.35272e-07
640 3.47201e-07
641 3.59436e-07
642 3.71977e-07
643 3.84819e-07
644 3.9796e-07
645 4.11394e-07
646 4.25116e-07
647 4.39121e-07
648 4.534e-07
649 4.67947e-07
650 4.82753e-07
651 4.97808e-07
652 5.13103e-07
653 5.28627e-07
654 5.44369e-07
655 5.60318e-07
656 5.76462e-07
657 5.92788e-07
658 6.09284e-07
659 6.25937e-07
660 6.42734e-07
661 6.59663e-07
662 6.76712e-07
663 6.93868e-07
664 7.11119e-07
665 7.28455e-07
666 7.45866e-07
667 7.63343e-07
668 7.80876e-07
669 7.98461e-07
670 8.1609e-07
671 8.33762e-07
672 8.51473e-07
673 8.69224e-07
674 8.87018e-07
675 9.04859e-07
676 9.22754e-07
677 9.40715e-07
678 9.58752e-07
679 9.76883e-07
680 9.95126e-07
681 1.0135e-06
682 1.03204e-06
683 1.05077e-06
684 1.06972e-06
685 1.08893e-06
686 1.10845e-06
687 1.1283e-06
688 1.14855e-06
689 1.16924e-06
690 1.19043e-06
691 1.21219e-06
692 1.23456e-06
693 1.25762e-06
694 1.28144e-06
695 1.3061e-06
696 1.33166e-06
697 1.3582e-06
698 1.38582e-06
699 1.41458e-06
700 1.44459e-06
701 1.47591e-06
702 1.50865e-06
703 1.54289e-06
704 1.57872e-06
705 1.61623e-06
706 1.6555e-06
707 1.69662e-06
708 1.73969e-06
709 1.78477e-06
710 1.83195e-06
711 1.8813e-06
712 1.9329e-06
713 1.98682e-06
714 2.0431e-06
715 2.10182e-06
716 2.16301e-06
717 2.22671e-06
718 2.29296e-06
719 2.36177e-06
720 2.43317e-06
721 2.50715e-06
722 2.5837e-06
723 2.66281e-06
724 2.74444e-06
725 2.82854e-06
726 2.91507e-06
727 3.00394e-06
728 3.09507e-06
729 3.18837e-06
730 3.28371e-06
731 3.38097e-06
732 3.47999e-06
733 3.58063e-06
734 3.68271e-06
735 3.78603e-06
736 3.89038e-06
737 3.99555e-06
738 4.1013e-06
739 4.20738e-06
740 4.31351e-06
741 4.41943e-06
742 4.52484e-06
743 4.62943e-06
744 4.73289e-06
745 4.83489e-06
746 4.93509e-06
747 5.03314e-06
748 5.1287e-06
749 5.22139e-06
750 5.31085e-06
751 5.39672e-06
752 5.47861e-06
753 5.55615e-06
754 5.62897e-06
755 5.69669e-06
756 5.75895e-06
757 5.81538e-06
758 5.86562e-06
759 5.90933e-06
760 5.94618e-06
761 5.97583e-06
762 5.99797e-06
763 6.01233e-06
764 6.01861e-06
765 6.01657e-06
766 6.00598e-06
767 5.98664e-06
768 5.95835e-06
769 5.92097e-06
770 5.87438e-06
771 5.81848e-06
772 5.75323e-06
773 5.6786e-06
774 5.5946e-06
775 5.5013e-06
776 5.39878e-06
777 5.28717e-06
778 5.16667e-06
779 5.03748e-06
780 4.89988e-06
781 4.75417e-06
782 4.60072e-06
783 4.43992e-06
784 4.27223e-06
785 4.09816e-06
786 3.91824e-06
787 3.73307e-06
788 3.54331e-06
789 3.34963e-06
790 3.15279e-06
791 2.95356e-06
792 2.75279e-06
793 2.55134e-06
794 2.35014e-06
795 2.15016e-06
796 1.95241e-06
797 1.75793e-06
798 1.56781e-06
799 1.38319e-06
800 1.20522e-06
801 1.03509e-06
802 8.74033e-07
803 7.23306e-07
804 5.84191e-07
805 4.57995e-07
806 3.46048e-07
807 2.497e-07
808 1.70317e-07
809 1.09282e-07
810 6.79857e-08
811 4.78308e-08
812 5.02247e-08
813 7.65784e-08
814 1.28303e-07
815 2.06808e-07
816 3.13496e-07
817 4.49764e-07
818 6.16996e-07
819 8.16564e-07
820 1.04982e-06
821 1.31811e-06
822 1.62274e-06
823 1.965e-06
824 2.34617e-06
825 2.76747e-06
826 3.23013e-06
827 3.73531e-06
828 4.28416e-06
829 4.87778e-06
830 5.51725e-06
831 6.2036e-06
832 6.93782e-06
833 7.72087e-06
834 8.55367e-06
835 9.43708e-06
836 1.03719e-05
837 1.1359e-05
838 1.23991e-05
839 1.34929e-05
840 1.4641e-05
841 1.58441e-05
842 1.71028e-05
843 1.84176e-05
844 1.97891e-05
845 2.12177e-05
846 2.27039e-05
847 2.4248e-05
848 2.58506e-05
849 2.75119e-05
850 2.92323e-05
851 3.10121e-05
852 3.28516e-05
853 3.47511e-05
854 3.67109e-05
855 3.87313e-05
856 4.08125e-05
857 4.29548e-05
858 4.51586e-05
859 4.7424e-05
860 4.97514e-05
861 5.21411e-05
862 5.45935e-05
863 5.71089e-05
864 5.96877e-05
865 6.23305e-05
866 6.50376e-05
867 6.78096e-05
868 7.06472e-05
869 7.35509e-05
870 7.65214e-05
871 7.95596e-05
872 8.26664e-05
873 8.58425e-05
874 8.90891e-05
875 9.24073e-05
876 9.57983e-05
877 9.92633e-05
878 0.000102804
879 0.000106421
880 0.000110117
881 0.000113894
882 0.000117753
883 0.000121696
884 0.000125725
885 0.000129843
886 0.000134052
887 0.000138355
888 0.000142754
889 0.000147252
890 0.000151853
891 0.000156559
892 0.000161373
893 0.0001663
894 0.000171343
895 0.000176506
896 0.000181792
897 0.000187207
898 0.000192754
899 0.000198437
900 0.000204263
901 0.000210235
902 0.000216359
903 0.00022264
904 0.000229084
905 0.000235696
906 0.000242482
907 0.000249448
908 0.000256601
909 0.000263947
910 0.000271492
911 0.000279244
912 0.000287209
913 0.000295395
914 0.000303809
915 0.000312458
916 0.000321352
917 0.000330496
918 0.0003399
919 0.000349572
920 0.000359521
921 0.000369755
922 0.000380283
923 0.000391114
924 0.000402257
925 0.000413722
926 0.000425518
927 0.000437656
928 0.000450144
929 0.000462994
930 0.000476215
931 0.000489817
932 0.000503811
933 0.000518209
934 0.00053302
935 0.000548255
936 0.000563926
937 0.000580045
938 0.000596621
939 0.000613667
940 0.000631194
941 0.000649215
942 0.00066774
943 0.000686782
944 0.000706353
945 0.000726464
946 0.000747129
947 0.000768359
948 0.000790168
949 0.000812566
950 0.000835567
951 0.000859184
952 0.000883429
953 0.000908314
954 0.000933854
955 0.000960059
956 0.000986944
957 0.00101452
958 0.0010428
959 0.0010718
960 0.00110154
961 0.00113201
962 0.00116324
963 0.00119525
964 0.00122803
965 0.00126161
966 0.001296
967 0.00133122
968 0.00136726
969 0.00140416
970 0.00144191
971 0.00148054
972 0.00152005
973 0.00156046
974 0.00160178
975 0.00164402
976 0.0016872
977 0.00173133
978 0.00177641
979 0.00182247
980 0.00186951
981 0.00191755
982 0.00196659
983 0.00201665
984 0.00206774
985 0.00211987
986 0.00217305
987 0.00222729
988 0.00228261
989 0.002339
990 0.00239649
991 0.00245508
992 0.00251479
993 0.00257561
994 0.00263757
995 0.00270066
996 0.0027649
997 0.0028303
998 0.00289686
999 0.00296459
1000 0.0030335
1001 0.00310359
1002 0.00317488
1003 0.00324736
1004 0.00332105
1005 0.00339594
1006 0.00347206
1007 0.00354939
1008 0.00362794
1009 0.00370772
1010 0.00378873
1011 0.00387098
1012 0.00395446
1013 0.00403918
1014 0.00412514
1015 0.00421234
1016 0.00430078
1017 0.00439046
1018 0.00448138
1019 0.00457354
1020 0.00466694
1021 0.00476158
1022 0.00485745
1023 0.00495455
1024 0.00505288
1025 0.00515243
1026 0.00525319
1027 0.00535517
1028 0.00545835
1029 0.00556273
1030 0.00566831
1031 0.00577506
1032 0.00588299
1033 0.00599208
1034 0.00610233
1035 0.00621372
1036 0.00632624
1037 0.00643989
1038 0.00655464
1039 0.00667048
1040 0.0067874
1041 0.00690539
1042 0.00702442
1043 0.00714448
1044 0.00726556
1045 0.00738764
1046 0.0075107
1047 0.00763471
1048 0.00775966
1049 0.00788553
1050 0.00801229
1051 0.00813993
1052 0.00826842
1053 0.00839774
1054 0.00852785
1055 0.00865875
1056 0.00879039
1057 0.00892276
1058 0.00905582
1059 0.00918956
1060 0.00932393
1061 0.00945891
1062 0.00959446
1063 0.00973057
1064 0.00986719
1065 0.0100043
1066 0.0101419
1067 0.0102798
1068 0.0104182
1069 0.0105569
1070 0.0106959
1071 0.0108352
1072 0.0109747
1073 0.0111144
1074 0.0112543
1075 0.0113943
1076 0.0115344
1077 0.0116745
1078 0.0118146
1079 0.0119547
1080 0.0120947
1081 0.0122346
1082 0.0123743
1083 0.0125138
1084 0.012653
1085 0.012792
1086 0.0129306
1087 0.0130688
1088 0.0132066
1089 0.013344
1090 0.0134808
1091 0.013617
1092 0.0137526
1093 0.0138875
1094 0.0140218
1095 0.0141553
1096 0.014288
1097 0.0144198
1098 0.0145508
1099 0.0146808
1100 0.0148098
1101 0.0149378
1102 0.0150646
1103 0.0151904
1104 0.015315
1105 0.0154383
1106 0.0155604
1107 0.0156811
1108 0.0158005
1109 0.0159185
1110 0.016035
1111 0.01615
1112 0.0162634
1113 0.0163753
1114 0.0164855
1115 0.016594
1116 0.0167008
1117 0.0168058
1118 0.0169089
1119 0.0170102
1120 0.0171097
1121 0.0172071
1122 0.0173026
1123 0.017396
1124 0.0174874
1125 0.0175766
1126 0.0176637
1127 0.0177486
1128 0.0178313
1129 0.0179118
1130 0.0179899
1131 0.0180657
1132 0.0181391
1133 0.0182102
1134 0.0182788
1135 0.0183449
1136 0.0184086
1137 0.0184697
1138 0.0185283
1139 0.0185843
1140 0.0186377
1141 0.0186885
1142 0.0187366
1143 0.018782
1144 0.0188248
1145 0.0188648
1146 0.0189021
1147 0.0189366
1148 0.0189684
1149 0.0189974
1150 0.0190235
1151 0.0190469
1152 0.0190674
1153 0.019085
1154 0.0190999
1155 0.0191118
1156 0.0191209
1157 0.0191271
1158 0.0191305
1159 0.0191309
1160 0.0191285
1161 0.0191232
1162 0.019115
1163 0.0191039
1164 0.0190899
1165 0.0190731
1166 0.0190534
1167 0.0190308
1168 0.0190053
1169 0.0189771
1170 0.018946
1171 0.018912
1172 0.0188753
1173 0.0188357
1174 0.0187934
1175 0.0187483
1176 0.0187005
1177 0.0186499
1178 0.0185966
1179 0.0185407
1180 0.0184821
1181 0.0184208
1182 0.0183569
1183 0.0182905
1184 0.0182215
1185 0.01815
1186 0.0180759
1187 0.0179994
1188 0.0179205
1189 0.0178391
1190 0.0177554
1191 0.0176694
1192 0.017581
1193 0.0174904
1194 0.0173975
1195 0.0173025
1196 0.0172053
1197 0.017106
1198 0.0170047
1199 0.0169013
1200 0.0167959
1201 0.0166886
1202 0.0165793
1203 0.0164682
1204 0.0163554
1205 0.0162407
1206 0.0161243
1207 0.0160063
1208 0.0158866
1209 0.0157653
1210 0.0156425
1211 0.0155182
1212 0.0153925
1213 0.0152654
1214 0.015137
1215 0.0150072
1216 0.0148763
1217 0.0147441
1218 0.0146108
1219 0.0144764
1220 0.014341
1221 0.0142045
1222 0.0140672
1223 0.0139289
1224 0.0137898
1225 0.0136499
1226 0.0135093
1227 0.013368
1228 0.0132261
1229 0.0130835
1230 0.0129405
1231 0.0127969
1232 0.0126529
1233 0.0125085
1234 0.0123638
1235 0.0122187
1236 0.0120735
1237 0.011928
1238 0.0117824
1239 0.0116366
1240 0.0114908
1241 0.011345
1242 0.0111993
1243 0.0110536
1244 0.010908
1245 0.0107626
1246 0.0106174
1247 0.0104725
1248 0.0103278
1249 0.0101835
1250 0.0100395
1251 0.00989602
1252 0.00975295
1253 0.00961036
1254 0.00946831
1255 0.00932683
1256 0.00918595
1257 0.00904571
1258 0.00890614
1259 0.00876728
1260 0.00862916
1261 0.00849182
1262 0.00835528
1263 0.00821958
1264 0.00808474
1265 0.0079508
1266 0.00781778
1267 0.00768571
1268 0.00755461
1269 0.00742452
1270 0.00729545
1271 0.00716744
1272 0.0070405
1273 0.00691465
1274 0.00678992
1275 0.00666633
1276 0.0065439
1277 0.00642264
1278 0.00630257
1279 0.00618371
1280 0.00606608
1281 0.00594969
1282 0.00583455
1283 0.00572068
1284 0.00560809
1285 0.00549679
1286 0.0053868
1287 0.00527812
1288 0.00517076
1289 0.00506473
1290 0.00496004
1291 0.0048567
1292 0.0047547
1293 0.00465407
1294 0.00455479
1295 0.00445688
1296 0.00436033
1297 0.00426516
1298 0.00417135
1299 0.00407892
1300 0.00398786
1301 0.00389817
1302 0.00380986
1303 0.00372291
1304 0.00363732
1305 0.00355311
1306 0.00347025
1307 0.00338874
1308 0.00330859
1309 0.00322978
1310 0.00315232
1311 0.00307618
1312 0.00300138
1313 0.00292789
1314 0.00285571
1315 0.00278484
1316 0.00271526
1317 0.00264697
1318 0.00257995
1319 0.0025142
1320 0.0024497
1321 0.00238645
1322 0.00232443
1323 0.00226364
1324 0.00220405
1325 0.00214567
1326 0.00208847
1327 0.00203245
1328 0.00197758
1329 0.00192387
1330 0.00187129
1331 0.00181984
1332 0.00176949
1333 0.00172024
1334 0.00167207
1335 0.00162497
1336 0.00157892
1337 0.00153391
1338 0.00148992
1339 0.00144694
1340 0.00140496
1341 0.00136395
1342 0.00132392
1343 0.00128483
1344 0.00124668
1345 0.00120945
1346 0.00117313
1347 0.0011377
1348 0.00110314
1349 0.00106945
1350 0.00103661
1351 0.00100459
1352 0.000973396
1353 0.000943003
1354 0.000913397
1355 0.000884565
1356 0.000856491
1357 0.000829162
1358 0.000802563
1359 0.000776679
1360 0.000751497
1361 0.000727003
1362 0.000703182
1363 0.000680021
1364 0.000657505
1365 0.000635622
1366 0.000614358
1367 0.000593699
1368 0.000573632
1369 0.000554145
1370 0.000535224
1371 0.000516857
1372 0.00049903
1373 0.000481732
1374 0.00046495
1375 0.000448673
1376 0.000432887
1377 0.000417582
1378 0.000402745
1379 0.000388366
1380 0.000374433
1381 0.000360934
1382 0.00034786
1383 0.000335198
1384 0.000322939
1385 0.000311072
1386 0.000299588
1387 0.000288474
1388 0.000277723
1389 0.000267325
1390 0.000257268
1391 0.000247546
1392 0.000238147
1393 0.000229064
1394 0.000220287
1395 0.000211809
1396 0.000203619
1397 0.000195711
1398 0.000188075
1399 0.000180705
1400 0.000173591
1401 0.000166728
1402 0.000160106
1403 0.00015372
1404 0.000147561
1405 0.000141623
1406 0.0001359
1407 0.000130384
1408 0.000125069
1409 0.000119948
1410 0.000115016
1411 0.000110267
1412 0.000105695
1413 0.000101294
1414 9.70579e-05
1415 9.29822e-05
1416 8.90613e-05
1417 8.52901e-05
1418 8.16636e-05
1419 7.8177e-05
1420 7.48255e-05
1421 7.16045e-05
1422 6.85095e-05
1423 6.55363e-05
1424 6.26806e-05
1425 5.99383e-05
1426 5.73054e-05
1427 5.4778e-05
1428 5.23525e-05
1429 5.00251e-05
1430 4.77924e-05
1431 4.56509e-05
1432 4.35973e-05
1433 4.16284e-05
1434 3.9741e-05
1435 3.79322e-05
1436 3.6199e-05
1437 3.45386e-05
1438 3.29483e-05
1439 3.14253e-05
1440 2.99672e-05
1441 2.85714e-05
1442 2.72356e-05
1443 2.59574e-05
1444 2.47345e-05
1445 2.35649e-05
1446 2.24464e-05
1447 2.1377e-05
1448 2.03548e-05
1449 1.93778e-05
1450 1.84442e-05
1451 1.75524e-05
1452 1.67005e-05
1453 1.5887e-05
1454 1.51103e-05
1455 1.43689e-05
1456 1.36613e-05
1457 1.29861e-05
1458 1.23419e-05
1459 1.17275e-05
1460 1.11416e-05
1461 1.0583e-05
1462 1.00504e-05
1463 9.54291e-06
1464 9.05931e-06
1465 8.59858e-06
1466 8.15975e-06
1467 7.74185e-06
1468 7.34396e-06
1469 6.96521e-06
1470 6.60474e-06
1471 6.26173e-06
1472 5.93542e-06
1473 5.62505e-06
1474 5.32989e-06
1475 5.04926e-06
1476 4.7825e-06
1477 4.52898e-06
1478 4.28807e-06
1479 4.05921e-06
1480 3.84184e-06
1481 3.63541e-06
1482 3.43942e-06
1483 3.25338e-06
1484 3.07682e-06
1485 2.90928e-06
1486 2.75034e-06
1487 2.59959e-06
1488 2.45663e-06
1489 2.32109e-06
1490 2.19261e-06
1491 2.07085e-06
1492 1.95548e-06
1493 1.84618e-06
1494 1.74266e-06
1495 1.64462e-06
1496 1.55181e-06
1497 1.46395e-06
1498 1.38081e-06
1499 1.30213e-06
1500 1.22771e-06
1501 1.15731e-06
1502 1.09075e-06
1503 1.02781e-06
1504 9.68323e-07
1505 9.12102e-07
1506 8.58981e-07
1507 8.08797e-07
1508 7.614e-07
1509 7.16642e-07
1510 6.74386e-07
1511 6.34499e-07
1512 5.96857e-07
1513 5.6134e-07
1514 5.27834e-07
1515 4.96233e-07
1516 4.66434e-07
1517 4.3834e-07
1518 4.11859e-07
1519 3.86902e-07
1520 3.63388e-07
1521 3.41237e-07
1522 3.20374e-07
1523 3.00729e-07
1524 2.82233e-07
1525 2.64824e-07
1526 2.48441e-07
1527 2.33026e-07
1528 2.18525e-07
1529 2.04887e-07
1530 1.92062e-07
1531 1.80006e-07
1532 1.68673e-07
1533 1.58024e-07
1534 1.48017e-07
1535 1.38618e-07
1536 1.2979e-07
1537 1.21501e-07
1538 1.13718e-07
1539 1.06414e-07
1540 9.95595e-08
1541 9.31282e-08
1542 8.70954e-08
1543 8.14375e-08
1544 7.61322e-08
1545 7.11587e-08
1546 6.64971e-08
1547 6.21287e-08
1548 5.80359e-08
1549 5.42021e-08
1550 5.06117e-08
1551 4.72498e-08
1552 4.41026e-08
1553 4.1157e-08
1554 3.84006e-08
1555 3.58218e-08
1556 3.34096e-08
1557 3.11537e-08
1558 2.90444e-08
1559 2.70726e-08
1560 2.52298e-08
1561 2.35077e-08
1562 2.18989e-08
1563 2.03962e-08
1564 1.89929e-08
1565 1.76826e-08
1566 1.64595e-08
1567 1.5318e-08
1568 1.42528e-08
1569 1.32591e-08
1570 1.23323e-08
1571 1.14679e-08
1572 1.06621e-08
1573 9.91093e-09
1574 9.21086e-09
1575 8.55856e-09
1576 7.95088e-09
1577 7.38489e-09
1578 6.85784e-09
1579 6.36715e-09
1580 5.91039e-09
1581 5.48532e-09
1582 5.08982e-09
1583 4.7219e-09
1584 4.3797e-09
1585 4.06151e-09
1586 3.76568e-09
1587 3.49071e-09
1588 3.23518e-09
1589 2.99776e-09
1590 2.77721e-09
1591 2.57238e-09
1592 2.38218e-09
1593 2.20561e-09
1594 2.04172e-09
1595 1.88964e-09
1596 1.74853e-09
1597 1.61764e-09
1598 1.49625e-09
1599 1.3837e-09
1600 1.27935e-09
1601 1.18264e-09
1602 1.09303e-09
1603 1.01e-09
1604 9.33094e-10
1605 8.61872e-10
1606 7.95927e-10
1607 7.34882e-10
1608 6.78383e-10
1609 6.26103e-10
1610 5.77736e-10
1611 5.33e-10
1612 4.91629e-10
1613 4.53379e-10
1614 4.18021e-10
1615 3.85343e-10
1616 3.55149e-10
1617 3.27255e-10
1618 3.01492e-10
1619 2.77701e-10
1620 2.55737e-10
1621 2.35462e-10
1622 2.16752e-10
1623 1.99488e-10
1624 1.83562e-10
1625 1.68874e-10
1626 1.5533e-10
1627 1.42844e-10
1628 1.31335e-10
1629 1.20729e-10
1630 1.10957e-10
1631 1.01956e-10
1632 9.36659e-11
1633 8.60328e-11
1634 7.90058e-11
1635 7.25381e-11
1636 6.65866e-11
1637 6.1111e-11
1638 5.60745e-11
1639 5.14427e-11
1640 4.71839e-11
1641 4.32691e-11
1642 3.9671e-11
1643 3.63649e-11
1644 3.33275e-11
1645 3.05377e-11
1646 2.79758e-11
1647 2.56236e-11
1648 2.34645e-11
1649 2.1483e-11
1650 1.96648e-11
1651 1.79969e-11
1652 1.64672e-11
1653 1.50644e-11
1654 1.37783e-11
1655 1.25995e-11
1656 1.15192e-11
1657 1.05294e-11
1658 9.62273e-12
1659 8.79234e-12
1660 8.03198e-12
1661 7.33589e-12
1662 6.69877e-12
1663 6.11575e-12
1664 5.58234e-12
1665 5.09442e-12
1666 4.6482e-12
1667 4.24021e-12
1668 3.86724e-12
1669 3.52637e-12
1670 3.21489e-12
1671 2.93032e-12
1672 2.67041e-12
1673 2.43305e-12
1674 2.21634e-12
1675 2.01852e-12
1676 1.83798e-12
1677 1.67325e-12
1678 1.52298e-12
1679 1.38592e-12
1680 1.26094e-12
1681 1.14699e-12
1682 1.04313e-12
1683 9.48481e-13
1684 8.62244e-13
1685 7.83688e-13
1686 7.12144e-13
1687 6.46999e-13
1688 5.87694e-13
1689 5.33716e-13
1690 4.84597e-13
1691 4.39909e-13
1692 3.9926e-13
1693 3.62293e-13
1694 3.28682e-13
1695 2.98129e-13
1696 2.7036e-13
1697 2.45128e-13
1698 2.22205e-13
1699 2.01384e-13
1700 1.82478e-13
1701 1.65312e-13
1702 1.49731e-13
1703 1.3559e-13
1704 1.2276e-13
1705 1.11121e-13
1706 1.00565e-13
1707 9.09934e-14
1708 8.23158e-14
1709 7.44505e-14
1710 6.7323e-14
1711 6.08653e-14
1712 5.50158e-14
1713 4.97183e-14
1714 4.49217e-14
1715 4.05795e-14
1716 3.66495e-14
1717 3.30934e-14
1718 2.98761e-14
1719 2.69661e-14
1720 2.43346e-14
1721 2.19554e-14
1722 1.98047e-14
1723 1.7861e-14
1724 1.61048e-14
1725 1.45182e-14
1726 1.30853e-14
1727 1.17914e-14
1728 1.06232e-14
1729 9.56883e-15
1730 8.61732e-15
1731 7.75882e-15
1732 6.98442e-15
1733 6.28601e-15
1734 5.65628e-15
1735 5.08858e-15
1736 4.57692e-15
1737 4.11586e-15
1738 3.70048e-15
1739 3.32634e-15
1740 2.98941e-15
1741 2.68605e-15
1742 2.41298e-15
1743 2.16722e-15
1744 1.94609e-15
1745 1.74717e-15
1746 1.56825e-15
1747 1.40737e-15
1748 1.26272e-15
1749 1.13272e-15
1750 1.01588e-15
1751 9.1091e-16
1752 8.16617e-16
1753 7.31933e-16
1754 6.55896e-16
1755 5.87636e-16
1756 5.26371e-16
1757 4.71396e-16
1758 4.22075e-16
1759 3.77837e-16
1760 3.38165e-16
1761 3.02596e-16
1762 2.70712e-16
1763 2.42138e-16
1764 2.16535e-16
1765 1.93599e-16
1766 1.73056e-16
1767 1.54662e-16
1768 1.38194e-16
1769 1.23453e-16
1770 1.10263e-16
1771 9.84608e-17
1772 8.79039e-17
1773 7.84627e-17
1774 7.0021e-17
1775 6.24746e-17
1776 5.57299e-17
1777 4.97031e-17
1778 4.43188e-17
1779 3.95096e-17
1780 3.52149e-17
1781 3.13806e-17
1782 2.79579e-17
1783 2.49034e-17
1784 2.2178e-17
1785 1.97467e-17
1786 1.75783e-17
1787 1.56448e-17
1788 1.39211e-17
1789 1.23847e-17
1790 1.10155e-17
1791 9.79574e-18
1792 8.7092e-18
1793 7.74156e-18
1794 6.88e-18
1795 6.11305e-18
1796 5.43047e-18
1797 4.82309e-18
1798 4.28276e-18
1799 3.80217e-18
1800 3.3748e-18
1801 2.99485e-18
1802 2.65712e-18
1803 2.35698e-18
1804 2.09031e-18
1805 1.85342e-18
1806 1.64304e-18
1807 1.45623e-18
1808 1.2904e-18
1809 1.14321e-18
1810 1.01259e-18
1811 8.96717e-19
1812 7.93935e-19
1813 7.02787e-19
1814 6.21973e-19
1815 5.50337e-19
1816 4.8685e-19
1817 4.30597e-19
1818 3.80764e-19
1819 3.36628e-19
1820 2.97546e-19
1821 2.62946e-19
1822 2.32321e-19
1823 2.0522e-19
1824 1.81242e-19
1825 1.60032e-19
1826 1.41275e-19
1827 1.24691e-19
1828 1.1003e-19
1829 9.70724e-20
1830 8.5623e-20
1831 7.55082e-20
1832 6.65743e-20
1833 5.86852e-20
1834 5.17201e-20
1835 4.55721e-20
1836 4.01465e-20
1837 3.53594e-20
1838 3.11367e-20
1839 2.74124e-20
1840 2.41286e-20
1841 2.12337e-20
1842 1.86822e-20
1843 1.64338e-20
1844 1.4453e-20
1845 1.27083e-20
1846 1.11718e-20
1847 9.81908e-21
1848 8.62831e-21
1849 7.58035e-21
1850 6.65828e-21
1851 5.84713e-21
1852 5.13373e-21
1853 4.50642e-21
1854 3.95493e-21
1855 3.4702e-21
1856 3.04424e-21
1857 2.67001e-21
1858 2.34128e-21
1859 2.0526e-21
1860 1.79913e-21
1861 1.57663e-21
1862 1.38136e-21
1863 1.21002e-21
1864 1.0597e-21
1865 9.27869e-22
1866 8.12263e-22
1867 7.10911e-22
1868 6.22075e-22
1869 5.44224e-22
1870 4.76017e-22
1871 4.1627e-22
1872 3.63945e-22
1873 3.1813e-22
1874 2.78024e-22
1875 2.42923e-22
1876 2.12209e-22
1877 1.85339e-22
1878 1.61837e-22
1879 1.41286e-22
1880 1.23318e-22
1881 1.07612e-22
1882 9.38874e-23
1883 8.18956e-23
1884 7.14203e-23
1885 6.22718e-23
1886 5.42837e-23
1887 4.73103e-23
1888 4.1224e-23
1889 3.59131e-23
1890 3.12798e-23
1891 2.72384e-23
1892 2.37143e-23
1893 2.06417e-23
1894 1.79634e-23
1895 1.56293e-23
1896 1.35957e-23
1897 1.18241e-23
1898 1.02812e-23
1899 8.93774e-24
1900 7.76819e-24
1901 6.75026e-24
1902 5.86447e-24
1903 5.09383e-24
1904 4.42353e-24
1905 3.84061e-24
1906 3.33381e-24
1907 2.89327e-24
1908 2.51041e-24
1909 2.17776e-24
1910 1.88878e-24
1911 1.6378e-24
1912 1.41987e-24
1913 1.23067e-24
1914 1.06646e-24
1915 9.2397e-25
1916 8.00341e-25
1917 6.93111e-25
1918 6.0012e-25
1919 5.19493e-25
1920 4.49603e-25
1921 3.89035e-25
1922 3.36553e-25
1923 2.91089e-25
1924 2.51714e-25
1925 2.17619e-25
1926 1.88102e-25
1927 1.62554e-25
1928 1.40446e-25
1929 1.21319e-25
1930 1.04774e-25
1931 9.04669e-26
1932 7.80967e-26
1933 6.74036e-26
1934 5.81623e-26
1935 5.01772e-26
1936 4.3279e-26
1937 3.73216e-26
1938 3.21772e-26
1939 2.7736e-26
1940 2.39026e-26
1941 2.05948e-26
1942 1.77409e-26
1943 1.52792e-26
1944 1.31563e-26
1945 1.1326e-26
1946 9.74817e-27
1947 8.38841e-27
1948 7.21675e-27
1949 6.20745e-27
1950 5.33815e-27
1951 4.58962e-27
1952 3.94519e-27
1953 3.39053e-27
1954 2.91324e-27
1955 2.50259e-27
1956 2.14938e-27
1957 1.84562e-27
1958 1.58445e-27
1959 1.35995e-27
1960 1.16701e-27
1961 1.00123e-27
1962 8.58809e-28
1963 7.36496e-28
1964 6.31468e-28
1965 5.41296e-28
1966 4.63908e-28
1967 3.97497e-28
1968 3.40518e-28
1969 2.91646e-28
1970 2.49735e-28
1971 2.138e-28
1972 1.82997e-28
1973 1.566e-28
1974 1.33979e-28
1975 1.14604e-28
1976 9.80091e-29
1977 8.37985e-29
1978 7.1633e-29
1979 6.1221e-29
1980 5.23119e-29
1981 4.46884e-29
1982 3.81681e-29
1983 3.25923e-29
1984 2.78249e-29
1985 2.37499e-29
1986 2.02676e-29
1987 1.72919e-29
1988 1.475e-29
1989 1.25791e-29
1990 1.07253e-29
1991 9.14283e-30
1992 7.79212e-30
1993 6.63957e-30
1994 5.65615e-30
1995 4.8175e-30
1996 4.10242e-30
1997 3.49251e-30
1998 2.97274e-30
1999 2.52979e-30
2000 2.15229e-30
2001 1.83081e-30
2002 1.55702e-30
2003 1.32387e-30
2004 1.12539e-30
2005 9.56478e-31
2006 8.12717e-31
2007 6.90417e-31
2008 5.86408e-31
2009 4.97949e-31
2010 4.22752e-31
2011 3.58834e-31
2012 3.04512e-31
2013 2.58359e-31
2014 2.19154e-31
2015 1.85861e-31
2016 1.57586e-31
2017 1.33589e-31
2018 1.13222e-31
2019 9.59366e-32
2020 8.12747e-32
2021 6.8839e-32
2022 5.82928e-32
2023 4.93521e-32
2024 4.17744e-32
2025 3.53531e-32
2026 2.99128e-32
2027 2.53039e-32
2028 2.14009e-32
2029 1.80974e-32
2030 1.53001e-32
2031 1.29329e-32
2032 1.09303e-32
2033 9.23658e-33
2034 7.80432e-33
2035 6.59296e-33
2036 5.5696e-33
2037 4.70502e-33
2038 3.97462e-33
2039 3.35814e-33
2040 2.83831e-33
2041 2.39995e-33
2042 2.03059e-33
2043 1.71993e-33
2044 1.45898e-33
2045 1.2402e-33
2046 1.05731e-33
2047 9.05139e-34
