0 6.19417e-89
1 6.48849e-89
2 8.27431e-89
3 1.18306e-88
4 1.77179e-88
5 2.68473e-88
6 4.06543e-88
7 6.12688e-88
8 9.1915e-88
9 1.37309e-87
10 2.0451e-87
11 3.03834e-87
12 4.50639e-87
13 6.67393e-87
14 9.87443e-87
15 1.4596e-86
16 2.15616e-86
17 3.18297e-86
18 4.69649e-86
19 6.92588e-86
20 1.02092e-85
21 1.50418e-85
22 2.21531e-85
23 3.26115e-85
24 4.79887e-85
25 7.05856e-85
26 1.03783e-84
27 1.52528e-84
28 2.24082e-84
29 3.29062e-84
30 4.83039e-84
31 7.08793e-84
32 1.03961e-83
33 1.52421e-83
34 2.23379e-83
35 3.2724e-83
36 4.79198e-83
37 7.01437e-83
38 1.02633e-82
39 1.5011e-82
40 2.19461e-82
41 3.20723e-82
42 4.68519e-82
43 6.84146e-82
44 9.98609e-82
45 1.45702e-81
46 2.12502e-81
47 3.09801e-81
48 4.51469e-81
49 6.57655e-81
50 9.57619e-81
51 1.39384e-80
52 2.02794e-80
53 2.94934e-80
54 4.28763e-80
55 6.23068e-80
56 9.05061e-80
57 1.31415e-79
58 1.90738e-79
59 2.76728e-79
60 4.01323e-79
61 5.81781e-79
62 8.43043e-79
63 1.22114e-78
64 1.76809e-78
65 2.55898e-78
66 3.70217e-78
67 5.35389e-78
68 7.73939e-78
69 1.11833e-77
70 1.61531e-77
71 2.33221e-77
72 3.36591e-77
73 4.85582e-77
74 7.00241e-77
75 1.00939e-76
76 1.45442e-76
77 2.09483e-76
78 3.01601e-76
79 4.3405e-76
80 6.24412e-76
81 8.97899e-76
82 1.29065e-75
83 1.85444e-75
84 2.66344e-75
85 3.82382e-75
86 5.48752e-75
87 7.87189e-75
88 1.12877e-74
89 1.61792e-74
90 2.31811e-74
91 3.31998e-74
92 4.75291e-74
93 6.80157e-74
94 9.72934e-74
95 1.39117e-73
96 1.9884e-73
97 2.84087e-73
98 4.05716e-73
99 5.79186e-73
100 8.2649e-73
101 1.17891e-72
102 1.68093e-72
103 2.39576e-72
104 3.41319e-72
105 4.86074e-72
106 6.91939e-72
107 9.84596e-72
108 1.40047e-71
109 1.99118e-71
110 2.82992e-71
111 4.02032e-71
112 5.70916e-71
113 8.10416e-71
114 1.14992e-70
115 1.63099e-70
116 2.31239e-70
117 3.27712e-70
118 4.64247e-70
119 6.57401e-70
120 9.30541e-70
121 1.31663e-69
122 1.86216e-69
123 2.63266e-69
124 3.72047e-69
125 5.25561e-69
126 7.42118e-69
127 1.04748e-68
128 1.4779e-68
129 2.08433e-68
130 2.93842e-68
131 4.1408e-68
132 5.83282e-68
133 8.21292e-68
134 1.15595e-67
135 1.62632e-67
136 2.28716e-67
137 3.21523e-67
138 4.51805e-67
139 6.3462e-67
140 8.91047e-67
141 1.25058e-66
142 1.75447e-66
143 2.46039e-66
144 3.44895e-66
145 4.83275e-66
146 6.769e-66
147 9.47718e-66
148 1.32635e-65
149 1.8555e-65
150 2.59469e-65
151 3.62691e-65
152 5.06769e-65
153 7.07796e-65
154 9.88166e-65
155 1.37904e-64
156 1.92373e-64
157 2.68249e-64
158 3.739e-64
159 5.2095e-64
160 7.25539e-64
161 1.01006e-63
162 1.4056e-63
163 1.95523e-63
164 2.71868e-63
165 3.77869e-63
166 5.24987e-63
167 7.29087e-63
168 1.01212e-62
169 1.40447e-62
170 1.94811e-62
171 2.7011e-62
172 3.7436e-62
173 5.18636e-62
174 7.18223e-62
175 9.94214e-62
176 1.3757e-61
177 1.90279e-61
178 2.63077e-61
179 3.63578e-61
180 5.02268e-61
181 6.93581e-61
182 9.57377e-61
183 1.32097e-60
184 1.8219e-60
185 2.51177e-60
186 3.46147e-60
187 4.76829e-60
188 6.56583e-60
189 9.03731e-60
190 1.24341e-59
191 1.71005e-59
192 2.35088e-59
193 3.23053e-59
194 4.43752e-59
195 6.093e-59
196 8.36267e-59
197 1.14731e-58
198 1.57341e-58
199 2.15688e-58
200 2.95552e-58
201 4.04822e-58
202 5.54265e-58
203 7.58568e-58
204 1.03776e-57
205 1.41912e-57
206 1.93984e-57
207 2.65055e-57
208 3.62017e-57
209 4.94248e-57
210 6.74504e-57
211 9.20125e-57
212 1.25468e-56
213 1.71018e-56
214 2.3301e-56
215 3.17343e-56
216 4.32024e-56
217 5.87907e-56
218 7.99711e-56
219 1.08738e-55
220 1.47792e-55
221 2.00791e-55
222 2.72685e-55
223 3.70169e-55
224 5.023e-55
225 6.81316e-55
226 9.23755e-55
227 1.25195e-54
228 1.69606e-54
229 2.29678e-54
230 3.10899e-54
231 4.2067e-54
232 5.68967e-54
233 7.69228e-54
234 1.03955e-53
235 1.4043e-53
236 1.89626e-53
237 2.55951e-53
238 3.45333e-53
239 4.6574e-53
240 6.27872e-53
241 8.46099e-53
242 1.13971e-52
243 1.53458e-52
244 2.06542e-52
245 2.77874e-52
246 3.7369e-52
247 5.0234e-52
248 6.75003e-52
249 9.06644e-52
250 1.21728e-51
251 1.63368e-51
252 2.19162e-51
253 2.9389e-51
254 3.93939e-51
255 5.2783e-51
256 7.0694e-51
257 9.46439e-51
258 1.26656e-50
259 1.69426e-50
260 2.26547e-50
261 3.02801e-50
262 4.04557e-50
263 5.40286e-50
264 7.21257e-50
265 9.62452e-50
266 1.28378e-49
267 1.71168e-49
268 2.28128e-49
269 3.03917e-49
270 4.0472e-49
271 5.38736e-49
272 7.16835e-49
273 9.53421e-49
274 1.26757e-48
275 1.68454e-48
276 2.23776e-48
277 2.97144e-48
278 3.94404e-48
279 5.23286e-48
280 6.93997e-48
281 9.20023e-48
282 1.21916e-47
283 1.6149e-47
284 2.13822e-47
285 2.82996e-47
286 3.74395e-47
287 4.95109e-47
288 6.54477e-47
289 8.64787e-47
290 1.14221e-46
291 1.50801e-46
292 1.99014e-46
293 2.62533e-46
294 3.46183e-46
295 4.563e-46
296 6.01196e-46
297 7.91777e-46
298 1.04234e-45
299 1.37164e-45
300 1.80423e-45
301 2.37227e-45
302 3.11787e-45
303 4.09612e-45
304 5.37909e-45
305 7.061e-45
306 9.26499e-45
307 1.21519e-44
308 1.59318e-44
309 2.08789e-44
310 2.73508e-44
311 3.58141e-44
312 4.6877e-44
313 6.13318e-44
314 8.02108e-44
315 1.04858e-43
316 1.37022e-43
317 1.78978e-43
318 2.33684e-43
319 3.04986e-43
320 3.9788e-43
321 5.18854e-43
322 6.7633e-43
323 8.81237e-43
324 1.14775e-42
325 1.49425e-42
326 1.94455e-42
327 2.5295e-42
328 3.28906e-42
329 4.27493e-42
330 5.55401e-42
331 7.21281e-42
332 9.36317e-42
333 1.21496e-41
334 1.57587e-41
335 2.04315e-41
336 2.64789e-41
337 3.4302e-41
338 4.4418e-41
339 5.74934e-41
340 7.43872e-41
341 9.62051e-41
342 1.24371e-40
343 1.60715e-40
344 2.07595e-40
345 2.68038e-40
346 3.45936e-40
347 4.46288e-40
348 5.75512e-40
349 7.41845e-40
350 9.55853e-40
351 1.23109e-39
352 1.58492e-39
353 2.03959e-39
354 2.62361e-39
355 3.37346e-39
356 4.33582e-39
357 5.57039e-39
358 7.15352e-39
359 9.18275e-39
360 1.17827e-38
361 1.51125e-38
362 1.93753e-38
363 2.48301e-38
364 3.18073e-38
365 4.07281e-38
366 5.21292e-38
367 6.66941e-38
368 8.52927e-38
369 1.09032e-37
370 1.39321e-37
371 1.7795e-37
372 2.27195e-37
373 2.89945e-37
374 3.69873e-37
375 4.71637e-37
376 6.01149e-37
377 7.65903e-37
378 9.75404e-37
379 1.24169e-36
380 1.58001e-36
381 2.00967e-36
382 2.55511e-36
383 3.24721e-36
384 4.12506e-36
385 5.23802e-36
386 6.64848e-36
387 8.43521e-36
388 1.06976e-35
389 1.35611e-35
390 1.71839e-35
391 2.17654e-35
392 2.75568e-35
393 3.48745e-35
394 4.41168e-35
395 5.57851e-35
396 7.05099e-35
397 8.90838e-35
398 1.12503e-34
399 1.4202e-34
400 1.79204e-34
401 2.2603e-34
402 2.8497e-34
403 3.59129e-34
404 4.52396e-34
405 5.69644e-34
406 7.16977e-34
407 9.02035e-34
408 1.13438e-33
409 1.42597e-33
410 1.79175e-33
411 2.25041e-33
412 2.82528e-33
413 3.5455e-33
414 4.44745e-33
415 5.57647e-33
416 6.98915e-33
417 8.75599e-33
418 1.09648e-32
419 1.37251e-32
420 1.71729e-32
421 2.14776e-32
422 2.68501e-32
423 3.35522e-32
424 4.19094e-32
425 5.23259e-32
426 6.53037e-32
427 8.14655e-32
428 1.01584e-31
429 1.26617e-31
430 1.57751e-31
431 1.96458e-31
432 2.44557e-31
433 3.04302e-31
434 3.78482e-31
435 4.70544e-31
436 5.8475e-31
437 7.26363e-31
438 9.01886e-31
439 1.11934e-30
440 1.38864e-30
441 1.72199e-30
442 2.13444e-30
443 2.64456e-30
444 3.27518e-30
445 4.05443e-30
446 5.01694e-30
447 6.20529e-30
448 7.67181e-30
449 9.48085e-30
450 1.17114e-29
451 1.44606e-29
452 1.78474e-29
453 2.20179e-29
454 2.71513e-29
455 3.3467e-29
456 4.12342e-29
457 5.0782e-29
458 6.25136e-29
459 7.69222e-29
460 9.46109e-29
461 1.16317e-28
462 1.42941e-28
463 1.75583e-28
464 2.15585e-28
465 2.64587e-28
466 3.24586e-28
467 3.98017e-28
468 4.87849e-28
469 5.97697e-28
470 7.3196e-28
471 8.95993e-28
472 1.09631e-27
473 1.34083e-27
474 1.63917e-27
475 2.00301e-27
476 2.44656e-27
477 2.98701e-27
478 3.64527e-27
479 4.44664e-27
480 5.42182e-27
481 6.60797e-27
482 8.05009e-27
483 9.80265e-27
484 1.19315e-26
485 1.45164e-26
486 1.76534e-26
487 2.1459e-26
488 2.60736e-26
489 3.16665e-26
490 3.84422e-26
491 4.66472e-26
492 5.65785e-26
493 6.85941e-26
494 8.31248e-26
495 1.00689e-25
496 1.21911e-25
497 1.47541e-25
498 1.7848e-25
499 2.15811e-25
500 2.60836e-25
501 3.15115e-25
502 3.8052e-25
503 4.59298e-25
504 5.54139e-25
505 6.68268e-25
506 8.05545e-25
507 9.70592e-25
508 1.16893e-24
509 1.40718e-24
510 1.69324e-24
511 2.03654e-24
512 2.44836e-24
513 2.94215e-24
514 3.53394e-24
515 4.24289e-24
516 5.09178e-24
517 6.1078e-24
518 7.32329e-24
519 8.77675e-24
520 1.0514e-23
521 1.25895e-23
522 1.50679e-23
523 1.80263e-23
524 2.15558e-23
525 2.57649e-23
526 3.07822e-23
527 3.67601e-23
528 4.38792e-23
529 5.23537e-23
530 6.24369e-23
531 7.44289e-23
532 8.86844e-23
533 1.05623e-22
534 1.25741e-22
535 1.49624e-22
536 1.77963e-22
537 2.11576e-22
538 2.51425e-22
539 2.98646e-22
540 3.54577e-22
541 4.20795e-22
542 4.99158e-22
543 5.91849e-22
544 7.01441e-22
545 8.30955e-22
546 9.83945e-22
547 1.16459e-21
548 1.37778e-21
549 1.62927e-21
550 1.92582e-21
551 2.27534e-21
552 2.68711e-21
553 3.172e-21
554 3.74272e-21
555 4.4142e-21
556 5.20386e-21
557 6.13209e-21
558 7.22273e-21
559 8.50364e-21
560 1.00073e-20
561 1.17718e-20
562 1.38414e-20
563 1.62678e-20
564 1.91113e-20
565 2.24422e-20
566 2.63423e-20
567 3.0907e-20
568 3.62472e-20
569 4.24921e-20
570 4.97918e-20
571 5.8321e-20
572 6.82827e-20
573 7.99126e-20
574 9.34845e-20
575 1.09316e-19
576 1.27777e-19
577 1.49294e-19
578 1.74363e-19
579 2.0356e-19
580 2.37551e-19
581 2.77109e-19
582 3.23125e-19
583 3.76636e-19
584 4.38839e-19
585 5.11118e-19
586 5.95075e-19
587 6.92562e-19
588 8.05718e-19
589 9.37018e-19
590 1.08932e-18
591 1.26591e-18
592 1.47061e-18
593 1.70781e-18
594 1.98259e-18
595 2.30079e-18
596 2.66916e-18
597 3.09548e-18
598 3.58873e-18
599 4.15926e-18
600 4.81898e-18
601 5.58162e-18
602 6.46301e-18
603 7.48139e-18
604 8.65775e-18
605 1.00163e-17
606 1.15848e-17
607 1.33954e-17
608 1.5485e-17
609 1.78961e-17
610 2.06775e-17
611 2.38857e-17
612 2.75854e-17
613 3.18512e-17
614 3.6769e-17
615 4.24376e-17
616 4.89707e-17
617 5.64992e-17
618 6.51737e-17
619 7.51677e-17
620 8.66806e-17
621 9.99423e-17
622 1.15217e-16
623 1.32809e-16
624 1.5307e-16
625 1.76401e-16
626 2.03269e-16
627 2.34207e-16
628 2.69832e-16
629 3.10852e-16
630 3.58085e-16
631 4.12472e-16
632 4.75097e-16
633 5.47207e-16
634 6.30242e-16
635 7.25859e-16
636 8.35968e-16
637 9.6277e-16
638 1.1088e-15
639 1.27698e-15
640 1.47069e-15
641 1.6938e-15
642 1.9508e-15
643 2.24683e-15
644 2.58787e-15
645 2.98075e-15
646 3.4334e-15
647 3.95493e-15
648 4.55584e-15
649 5.24827e-15
650 6.04618e-15
651 6.96567e-15
652 8.02531e-15
653 9.24652e-15
654 1.0654e-14
655 1.22761e-14
656 1.41456e-14
657 1.63003e-14
658 1.87838e-14
659 2.16461e-14
660 2.49451e-14
661 2.87472e-14
662 3.31291e-14
663 3.81789e-14
664 4.39984e-14
665 5.07043e-14
666 5.84313e-14
667 6.73341e-14
668 7.75908e-14
669 8.94062e-14
670 1.03016e-13
671 1.18691e-13
672 1.36741e-13
673 1.57526e-13
674 1.81454e-13
675 2.08998e-13
676 2.40699e-13
677 2.77178e-13
678 3.19148e-13
679 3.67425e-13
680 4.22948e-13
681 4.86788e-13
682 5.60179e-13
683 6.44527e-13
684 7.41448e-13
685 8.52788e-13
686 9.80659e-13
687 1.12748e-12
688 1.29601e-12
689 1.48941e-12
690 1.71128e-12
691 1.96575e-12
692 2.25751e-12
693 2.59192e-12
694 2.97512e-12
695 3.41406e-12
696 3.9167e-12
697 4.49209e-12
698 5.15054e-12
699 5.90377e-12
700 6.76515e-12
701 7.74983e-12
702 8.87508e-12
703 1.01605e-11
704 1.16283e-11
705 1.33038e-11
706 1.52156e-11
707 1.73963e-11
708 1.98827e-11
709 2.27165e-11
710 2.59451e-11
711 2.96219e-11
712 3.38075e-11
713 3.85704e-11
714 4.39881e-11
715 5.0148e-11
716 5.71488e-11
717 6.51022e-11
718 7.4134e-11
719 8.4386e-11
720 9.60182e-11
721 1.09211e-10
722 1.24167e-10
723 1.41115e-10
724 1.60311e-10
725 1.82046e-10
726 2.06643e-10
727 2.34468e-10
728 2.6593e-10
729 3.0149e-10
730 3.41662e-10
731 3.87026e-10
732 4.3823e-10
733 4.96e-10
734 5.61149e-10
735 6.34587e-10
736 7.17331e-10
737 8.10519e-10
738 9.15423e-10
739 1.03346e-09
740 1.16622e-09
741 1.31547e-09
742 1.48317e-09
743 1.67154e-09
744 1.88301e-09
745 2.12032e-09
746 2.3865e-09
747 2.68492e-09
748 3.01935e-09
749 3.39395e-09
750 3.81337e-09
751 4.28274e-09
752 4.80778e-09
753 5.39482e-09
754 6.05088e-09
755 6.78375e-09
756 7.60205e-09
757 8.51532e-09
758 9.53411e-09
759 1.06701e-08
760 1.19362e-08
761 1.33466e-08
762 1.49171e-08
763 1.66651e-08
764 1.86098e-08
765 2.07721e-08
766 2.31756e-08
767 2.58457e-08
768 2.88108e-08
769 3.21019e-08
770 3.57532e-08
771 3.98022e-08
772 4.42903e-08
773 4.92627e-08
774 5.47693e-08
775 6.08646e-08
776 6.76085e-08
777 7.50666e-08
778 8.33107e-08
779 9.24197e-08
780 1.02479e-07
781 1.13584e-07
782 1.25837e-07
783 1.39351e-07
784 1.54248e-07
785 1.70663e-07
786 1.88742e-07
787 2.08645e-07
788 2.30545e-07
789 2.54633e-07
790 2.81114e-07
791 3.10214e-07
792 3.42177e-07
793 3.77268e-07
794 4.15776e-07
795 4.58015e-07
796 5.04325e-07
797 5.55076e-07
798 6.10667e-07
799 6.71534e-07
800 7.38147e-07
801 8.11015e-07
802 8.9069e-07
803 9.77767e-07
804 1.07289e-06
805 1.17676e-06
806 1.29013e-06
807 1.4138e-06
808 1.54866e-06
809 1.69565e-06
810 1.8558e-06
811 2.03018e-06
812 2.22e-06
813 2.42652e-06
814 2.65111e-06
815 2.89524e-06
816 3.16049e-06
817 3.44855e-06
818 3.76126e-06
819 4.10056e-06
820 4.46854e-06
821 4.86747e-06
822 5.29974e-06
823 5.76792e-06
824 6.27478e-06
825 6.82325e-06
826 7.4165e-06
827 8.05789e-06
828 8.751e-06
829 9.49969e-06
830 1.0308e-05
831 1.11804e-05
832 1.21214e-05
833 1.3136e-05
834 1.42296e-05
835 1.54075e-05
836 1.6676e-05
837 1.80412e-05
838 1.95098e-05
839 2.10891e-05
840 2.27866e-05
841 2.46103e-05
842 2.65687e-05
843 2.86708e-05
844 3.09262e-05
845 3.33449e-05
846 3.59376e-05
847 3.87156e-05
848 4.16907e-05
849 4.48755e-05
850 4.82832e-05
851 5.19279e-05
852 5.58242e-05
853 5.99877e-05
854 6.44346e-05
855 6.91821e-05
856 7.42482e-05
857 7.96519e-05
858 8.5413e-05
859 9.15525e-05
860 9.80922e-05
861 0.000105055
862 0.000112465
863 0.000120348
864 0.000128729
865 0.000137636
866 0.000147098
867 0.000157145
868 0.000167809
869 0.000179121
870 0.000191116
871 0.00020383
872 0.000217299
873 0.000231562
874 0.000246658
875 0.000262629
876 0.000279519
877 0.000297371
878 0.000316232
879 0.00033615
880 0.000357175
881 0.000379357
882 0.00040275
883 0.000427409
884 0.000453389
885 0.000480751
886 0.000509553
887 0.000539857
888 0.000571727
889 0.000605229
890 0.00064043
891 0.000677399
892 0.000716206
893 0.000756925
894 0.000799629
895 0.000844395
896 0.000891301
897 0.000940424
898 0.000991848
899 0.00104565
900 0.00110192
901 0.00116075
902 0.00122221
903 0.0012864
904 0.0013534
905 0.00142331
906 0.00149621
907 0.00157221
908 0.00165139
909 0.00173385
910 0.00181968
911 0.00190898
912 0.00200184
913 0.00209836
914 0.00219864
915 0.00230276
916 0.00241084
917 0.00252295
918 0.00263921
919 0.00275969
920 0.0028845
921 0.00301372
922 0.00314744
923 0.00328577
924 0.00342877
925 0.00357654
926 0.00372917
927 0.00388672
928 0.00404928
929 0.00421693
930 0.00438973
931 0.00456776
932 0.00475108
933 0.00493974
934 0.00513382
935 0.00533335
936 0.00553839
937 0.00574898
938 0.00596516
939 0.00618696
940 0.00641441
941 0.00664752
942 0.00688632
943 0.0071308
944 0.00738098
945 0.00763684
946 0.00789838
947 0.00816557
948 0.00843838
949 0.00871678
950 0.00900073
951 0.00929018
952 0.00958506
953 0.0098853
954 0.0101908
955 0.0105016
956 0.0108174
957 0.0111383
958 0.011464
959 0.0117945
960 0.0121297
961 0.0124693
962 0.0128133
963 0.0131615
964 0.0135137
965 0.0138697
966 0.0142294
967 0.0145925
968 0.0149589
969 0.0153283
970 0.0157005
971 0.0160753
972 0.0164524
973 0.0168316
974 0.0172127
975 0.0175952
976 0.0179791
977 0.0183639
978 0.0187495
979 0.0191355
980 0.0195215
981 0.0199074
982 0.0202928
983 0.0206773
984 0.0210606
985 0.0214425
986 0.0218225
987 0.0222004
988 0.0225758
989 0.0229483
990 0.0233176
991 0.0236834
992 0.0240452
993 0.0244029
994 0.0247559
995 0.025104
996 0.0254468
997 0.025784
998 0.0261152
999 0.0264401
1000 0.0267583
1001 0.0270695
1002 0.0273734
1003 0.0276696
1004 0.0279579
1005 0.0282379
1006 0.0285093
1007 0.0287718
1008 0.0290252
1009 0.029269
1010 0.0295032
1011 0.0297274
1012 0.0299413
1013 0.0301447
1014 0.0303374
1015 0.0305191
1016 0.0306897
1017 0.030849
1018 0.0309967
1019 0.0311327
1020 0.0312569
1021 0.031369
1022 0.031469
1023 0.0315567
1024 0.0316321
1025 0.0316951
1026 0.0317455
1027 0.0317833
1028 0.0318086
1029 0.0318211
1030 0.031821
1031 0.0318083
1032 0.0317829
1033 0.0317449
1034 0.0316944
1035 0.0316313
1036 0.0315558
1037 0.031468
1038 0.0313679
1039 0.0312558
1040 0.0311317
1041 0.0309957
1042 0.0308481
1043 0.030689
1044 0.0305186
1045 0.0303371
1046 0.0301447
1047 0.0299416
1048 0.0297281
1049 0.0295044
1050 0.0292707
1051 0.0290274
1052 0.0287747
1053 0.0285129
1054 0.0282423
1055 0.0279631
1056 0.0276757
1057 0.0273804
1058 0.0270776
1059 0.0267674
1060 0.0264504
1061 0.0261267
1062 0.0257968
1063 0.0254609
1064 0.0251195
1065 0.0247728
1066 0.0244213
1067 0.0240652
1068 0.0237049
1069 0.0233408
1070 0.0229731
1071 0.0226023
1072 0.0222287
1073 0.0218527
1074 0.0214744
1075 0.0210944
1076 0.0207129
1077 0.0203303
1078 0.0199469
1079 0.0195629
1080 0.0191788
1081 0.0187948
1082 0.0184112
1083 0.0180282
1084 0.0176463
1085 0.0172657
1086 0.0168866
1087 0.0165093
1088 0.016134
1089 0.0157611
1090 0.0153907
1091 0.0150231
1092 0.0146584
1093 0.014297
1094 0.013939
1095 0.0135846
1096 0.013234
1097 0.0128873
1098 0.0125448
1099 0.0122066
1100 0.0118728
1101 0.0115436
1102 0.0112191
1103 0.0108994
1104 0.0105846
1105 0.0102749
1106 0.00997036
1107 0.00967101
1108 0.00937695
1109 0.00908826
1110 0.00880499
1111 0.00852718
1112 0.0082549
1113 0.00798816
1114 0.00772701
1115 0.00747145
1116 0.0072215
1117 0.00697717
1118 0.00673845
1119 0.00650535
1120 0.00627784
1121 0.00605591
1122 0.00583952
1123 0.00562866
1124 0.00542328
1125 0.00522334
1126 0.0050288
1127 0.0048396
1128 0.00465569
1129 0.00447702
1130 0.00430351
1131 0.0041351
1132 0.00397172
1133 0.00381331
1134 0.00365977
1135 0.00351104
1136 0.00336703
1137 0.00322767
1138 0.00309286
1139 0.00296252
1140 0.00283656
1141 0.00271489
1142 0.00259742
1143 0.00248407
1144 0.00237473
1145 0.00226931
1146 0.00216773
1147 0.00206988
1148 0.00197567
1149 0.00188502
1150 0.00179782
1151 0.00171398
1152 0.00163342
1153 0.00155603
1154 0.00148173
1155 0.00141043
1156 0.00134204
1157 0.00127646
1158 0.00121361
1159 0.00115341
1160 0.00109576
1161 0.00104059
1162 0.000987812
1163 0.000937344
1164 0.000889108
1165 0.000843026
1166 0.00079902
1167 0.000757016
1168 0.000716941
1169 0.000678723
1170 0.000642291
1171 0.000607579
1172 0.000574518
1173 0.000543045
1174 0.000513097
1175 0.000484611
1176 0.000457529
1177 0.000431792
1178 0.000407345
1179 0.000384132
1180 0.000362101
1181 0.000341201
1182 0.000321383
1183 0.000302598
1184 0.0002848
1185 0.000267945
1186 0.00025199
1187 0.000236892
1188 0.000222613
1189 0.000209114
1190 0.000196357
1191 0.000184306
1192 0.000172929
1193 0.00016219
1194 0.00015206
1195 0.000142507
1196 0.000133502
1197 0.000125018
1198 0.000117028
1199 0.000109506
1200 0.000102428
1201 9.57707e-05
1202 8.95112e-05
1203 8.36285e-05
1204 7.81022e-05
1205 7.29129e-05
1206 6.80421e-05
1207 6.34722e-05
1208 5.91863e-05
1209 5.51686e-05
1210 5.14037e-05
1211 4.78773e-05
1212 4.45756e-05
1213 4.14856e-05
1214 3.8595e-05
1215 3.58919e-05
1216 3.33652e-05
1217 3.10045e-05
1218 2.87998e-05
1219 2.67415e-05
1220 2.48208e-05
1221 2.30291e-05
1222 2.13586e-05
1223 1.98017e-05
1224 1.83511e-05
1225 1.70004e-05
1226 1.57429e-05
1227 1.45729e-05
1228 1.34847e-05
1229 1.2473e-05
1230 1.15327e-05
1231 1.06592e-05
1232 9.84812e-06
1233 9.09526e-06
1234 8.39674e-06
1235 7.7489e-06
1236 7.1483e-06
1237 6.59173e-06
1238 6.07617e-06
1239 5.59879e-06
1240 5.15694e-06
1241 4.74815e-06
1242 4.37009e-06
1243 4.0206e-06
1244 3.69765e-06
1245 3.39934e-06
1246 3.12391e-06
1247 2.86969e-06
1248 2.63516e-06
1249 2.41888e-06
1250 2.2195e-06
1251 2.03578e-06
1252 1.86655e-06
1253 1.71074e-06
1254 1.56734e-06
1255 1.43542e-06
1256 1.3141e-06
1257 1.20257e-06
1258 1.1001e-06
1259 1.00597e-06
1260 9.19547e-07
1261 8.4023e-07
1262 7.67464e-07
1263 7.00734e-07
1264 6.39563e-07
1265 5.83511e-07
1266 5.32169e-07
1267 4.85162e-07
1268 4.42139e-07
1269 4.02779e-07
1270 3.66784e-07
1271 3.33879e-07
1272 3.03812e-07
1273 2.76348e-07
1274 2.51271e-07
1275 2.28384e-07
1276 2.07503e-07
1277 1.88461e-07
1278 1.71101e-07
1279 1.55282e-07
1280 1.40872e-07
1281 1.27751e-07
1282 1.15809e-07
1283 1.04943e-07
1284 9.50616e-08
1285 8.60779e-08
1286 7.7914e-08
1287 7.04978e-08
1288 6.37636e-08
1289 5.76509e-08
1290 5.21048e-08
1291 4.70744e-08
1292 4.25138e-08
1293 3.83806e-08
1294 3.46363e-08
1295 3.12456e-08
1296 2.81762e-08
1297 2.53988e-08
1298 2.28867e-08
1299 2.06152e-08
1300 1.85623e-08
1301 1.67076e-08
1302 1.50326e-08
1303 1.35204e-08
1304 1.21558e-08
1305 1.09249e-08
1306 9.81495e-09
1307 8.81448e-09
1308 7.91304e-09
1309 7.10114e-09
1310 6.37017e-09
1311 5.71232e-09
1312 5.12049e-09
1313 4.58828e-09
1314 4.10985e-09
1315 3.67994e-09
1316 3.29378e-09
1317 2.94704e-09
1318 2.63582e-09
1319 2.3566e-09
1320 2.10617e-09
1321 1.88166e-09
1322 1.68045e-09
1323 1.50021e-09
1324 1.3388e-09
1325 1.19431e-09
1326 1.06502e-09
1327 9.4938e-10
1328 8.4598e-10
1329 7.53563e-10
1330 6.70993e-10
1331 5.9725e-10
1332 5.31415e-10
1333 4.72662e-10
1334 4.20249e-10
1335 3.73511e-10
1336 3.31847e-10
1337 2.94723e-10
1338 2.61655e-10
1339 2.32211e-10
1340 2.06005e-10
1341 1.82689e-10
1342 1.61952e-10
1343 1.43516e-10
1344 1.27132e-10
1345 1.12577e-10
1346 9.96514e-11
1347 8.81775e-11
1348 7.7996e-11
1349 6.89647e-11
1350 6.09568e-11
1351 5.38589e-11
1352 4.75699e-11
1353 4.19999e-11
1354 3.70685e-11
1355 3.27041e-11
1356 2.88429e-11
1357 2.54283e-11
1358 2.24096e-11
1359 1.97421e-11
1360 1.73857e-11
1361 1.5305e-11
1362 1.34683e-11
1363 1.18477e-11
1364 1.04183e-11
1365 9.15799e-12
1366 8.04718e-12
1367 7.06851e-12
1368 6.20659e-12
1369 5.44778e-12
1370 4.77998e-12
1371 4.19251e-12
1372 3.6759e-12
1373 3.22176e-12
1374 2.82269e-12
1375 2.47215e-12
1376 2.16435e-12
1377 1.89418e-12
1378 1.65713e-12
1379 1.44921e-12
1380 1.26692e-12
1381 1.10715e-12
1382 9.67179e-13
1383 8.44592e-13
1384 7.37273e-13
1385 6.43355e-13
1386 5.61196e-13
1387 4.8935e-13
1388 4.26545e-13
1389 3.71666e-13
1390 3.23728e-13
1391 2.81871e-13
1392 2.45336e-13
1393 2.13458e-13
1394 1.85654e-13
1395 1.61413e-13
1396 1.40286e-13
1397 1.2188e-13
1398 1.0585e-13
1399 9.18942e-14
1400 7.97495e-14
1401 6.91845e-14
1402 5.99972e-14
1403 5.20109e-14
1404 4.50712e-14
1405 3.90432e-14
1406 3.3809e-14
1407 2.92658e-14
1408 2.53238e-14
1409 2.19048e-14
1410 1.89404e-14
1411 1.63713e-14
1412 1.41454e-14
1413 1.22177e-14
1414 1.05488e-14
1415 9.10459e-15
1416 7.85521e-15
1417 6.77479e-15
1418 5.84083e-15
1419 5.03378e-15
1420 4.33665e-15
1421 3.7347e-15
1422 3.21513e-15
1423 2.76682e-15
1424 2.38016e-15
1425 2.04677e-15
1426 1.75944e-15
1427 1.51189e-15
1428 1.29869e-15
1429 1.11515e-15
1430 9.57197e-16
1431 8.21315e-16
1432 7.04463e-16
1433 6.04014e-16
1434 5.17698e-16
1435 4.43554e-16
1436 3.79889e-16
1437 3.25242e-16
1438 2.78354e-16
1439 2.38138e-16
1440 2.03657e-16
1441 1.74104e-16
1442 1.48786e-16
1443 1.27102e-16
1444 1.08538e-16
1445 9.26519e-17
1446 7.90616e-17
1447 6.74398e-17
1448 5.75052e-17
1449 4.90159e-17
1450 4.17645e-17
1451 3.55727e-17
1452 3.02877e-17
1453 2.57784e-17
1454 2.19323e-17
1455 1.86531e-17
1456 1.58584e-17
1457 1.34774e-17
1458 1.14496e-17
1459 9.72334e-18
1460 8.25429e-18
1461 7.00459e-18
1462 5.9419e-18
1463 5.03856e-18
1464 4.27097e-18
1465 3.61897e-18
1466 3.06537e-18
1467 2.59549e-18
1468 2.19682e-18
1469 1.8587e-18
1470 1.57203e-18
1471 1.32908e-18
1472 1.12326e-18
1473 9.48964e-19
1474 8.01412e-19
1475 6.7655e-19
1476 5.7093e-19
1477 4.81618e-19
1478 4.06127e-19
1479 3.42341e-19
1480 2.88465e-19
1481 2.42977e-19
1482 2.04586e-19
1483 1.72196e-19
1484 1.4488e-19
1485 1.21852e-19
1486 1.02446e-19
1487 8.60978e-20
1488 7.23315e-20
1489 6.07436e-20
1490 5.0993e-20
1491 4.27916e-20
1492 3.58957e-20
1493 3.00998e-20
1494 2.52303e-20
1495 2.11406e-20
1496 1.77072e-20
1497 1.48258e-20
1498 1.24087e-20
1499 1.03817e-20
1500 8.68254e-21
1501 7.25876e-21
1502 6.06616e-21
1503 5.0676e-21
1504 4.23182e-21
1505 3.53254e-21
1506 2.94771e-21
1507 2.45877e-21
1508 2.05015e-21
1509 1.7088e-21
1510 1.42374e-21
1511 1.18579e-21
1512 9.87236e-22
1513 8.21616e-22
1514 6.83522e-22
1515 5.68423e-22
1516 4.72526e-22
1517 3.92659e-22
1518 3.26168e-22
1519 2.70833e-22
1520 2.248e-22
1521 1.86521e-22
1522 1.54701e-22
1523 1.28261e-22
1524 1.06299e-22
1525 8.80642e-23
1526 7.29297e-23
1527 6.03732e-23
1528 4.99596e-23
1529 4.13264e-23
1530 3.4172e-23
1531 2.82455e-23
1532 2.33378e-23
1533 1.92756e-23
1534 1.59143e-23
1535 1.31342e-23
1536 1.08355e-23
1537 8.9358e-24
1538 7.36631e-24
1539 6.07017e-24
1540 5.00017e-24
1541 4.11721e-24
1542 3.38887e-24
1543 2.7883e-24
1544 2.29329e-24
1545 1.88543e-24
1546 1.54952e-24
1547 1.27296e-24
1548 1.04536e-24
1549 8.5813e-25
1550 7.04161e-25
1551 5.77595e-25
1552 4.73596e-25
1553 3.88174e-25
1554 3.18036e-25
1555 2.60471e-25
1556 2.13244e-25
1557 1.74512e-25
1558 1.4276e-25
1559 1.1674e-25
1560 9.5426e-26
1561 7.79732e-26
1562 6.36879e-26
1563 5.19997e-26
1564 4.24401e-26
1565 3.46246e-26
1566 2.82374e-26
1567 2.30196e-26
1568 1.87587e-26
1569 1.52805e-26
1570 1.24425e-26
1571 1.01276e-26
1572 8.24022e-27
1573 6.70197e-27
1574 5.44876e-27
1575 4.42818e-27
1576 3.59736e-27
1577 2.92129e-27
1578 2.37135e-27
1579 1.92419e-27
1580 1.56075e-27
1581 1.26546e-27
1582 1.02564e-27
1583 8.30948e-28
1584 6.7295e-28
1585 5.44783e-28
1586 4.40854e-28
1587 3.56613e-28
1588 2.88357e-28
1589 2.33074e-28
1590 1.88317e-28
1591 1.52095e-28
1592 1.22793e-28
1593 9.90967e-29
1594 7.99423e-29
1595 6.44652e-29
1596 5.19642e-29
1597 4.1871e-29
1598 3.37251e-29
1599 2.71534e-29
1600 2.18537e-29
1601 1.75815e-29
1602 1.41389e-29
1603 1.1366e-29
1604 9.13332e-30
1605 7.33635e-30
1606 5.89063e-30
1607 4.72795e-30
1608 3.79328e-30
1609 3.04219e-30
1610 2.43886e-30
1611 1.95442e-30
1612 1.5656e-30
1613 1.25363e-30
1614 1.00344e-30
1615 8.02862e-31
1616 6.42127e-31
1617 5.1337e-31
1618 4.10269e-31
1619 3.27746e-31
1620 2.61719e-31
1621 2.08911e-31
1622 1.66694e-31
1623 1.32955e-31
1624 1.06003e-31
1625 8.44821e-32
1626 6.73036e-32
1627 5.35971e-32
1628 4.26651e-32
1629 3.39496e-32
1630 2.70038e-32
1631 2.14706e-32
1632 1.70644e-32
1633 1.35572e-32
1634 1.07665e-32
1635 8.54693e-33
1636 6.78225e-33
1637 5.37981e-33
1638 4.26568e-33
1639 3.38095e-33
1640 2.67866e-33
1641 2.12141e-33
1642 1.67943e-33
1643 1.329e-33
1644 1.05128e-33
1645 8.31268e-34
1646 6.5704e-34
1647 5.19123e-34
1648 4.09995e-34
1649 3.23679e-34
1650 2.55434e-34
1651 2.01498e-34
1652 1.58888e-34
1653 1.25239e-34
1654 9.86775e-35
1655 7.77184e-35
1656 6.11868e-35
1657 4.81526e-35
1658 3.788e-35
1659 2.97871e-35
1660 2.3414e-35
1661 1.83971e-35
1662 1.44495e-35
1663 1.13444e-35
1664 8.9031e-36
1665 6.98438e-36
1666 5.477e-36
1667 4.29324e-36
1668 3.36399e-36
1669 2.63483e-36
1670 2.0629e-36
1671 1.61448e-36
1672 1.26303e-36
1673 9.87696e-37
1674 7.72077e-37
1675 6.03289e-37
1676 4.71213e-37
1677 3.67906e-37
1678 2.87134e-37
1679 2.24006e-37
1680 1.74688e-37
1681 1.36174e-37
1682 1.06109e-37
1683 8.26489e-38
1684 6.43502e-38
1685 5.0083e-38
1686 3.89635e-38
1687 3.03007e-38
1688 2.35546e-38
1689 1.83032e-38
1690 1.42169e-38
1691 1.10385e-38
1692 8.56723e-39
1693 6.6466e-39
1694 5.1545e-39
1695 3.99577e-39
1696 3.09629e-39
1697 2.39834e-39
1698 1.85697e-39
1699 1.43724e-39
1700 1.11193e-39
1701 8.59915e-40
1702 6.64752e-40
1703 5.13678e-40
1704 3.9678e-40
1705 3.06362e-40
1706 2.36454e-40
1707 1.82426e-40
1708 1.40687e-40
1709 1.08454e-40
1710 8.35734e-41
1711 6.43748e-41
1712 4.95667e-41
1713 3.81497e-41
1714 2.93508e-41
1715 2.25723e-41
1716 1.73523e-41
1717 1.33342e-41
1718 1.02424e-41
1719 7.8644e-42
1720 6.03608e-42
1721 4.63097e-42
1722 3.55153e-42
1723 2.72261e-42
1724 2.08632e-42
1725 1.59811e-42
1726 1.22365e-42
1727 9.36554e-43
1728 7.16534e-43
1729 5.47983e-43
1730 4.18913e-43
1731 3.20116e-43
1732 2.44522e-43
1733 1.86705e-43
1734 1.42501e-43
1735 1.0872e-43
1736 8.29138e-44
1737 6.32078e-44
1738 4.8166e-44
1739 3.66891e-44
1740 2.79358e-44
1741 2.12623e-44
1742 1.61766e-44
1743 1.23024e-44
1744 9.35232e-45
1745 7.10682e-45
1746 5.39831e-45
1747 4.09889e-45
1748 3.11102e-45
1749 2.36028e-45
1750 1.79e-45
1751 1.35696e-45
1752 1.02827e-45
1753 7.78889e-46
1754 5.89753e-46
1755 4.46365e-46
1756 3.37705e-46
1757 2.55394e-46
1758 1.93068e-46
1759 1.45893e-46
1760 1.10202e-46
1761 8.32082e-47
1762 6.28017e-47
1763 4.73808e-47
1764 3.57322e-47
1765 2.69367e-47
1766 2.0298e-47
1767 1.52894e-47
1768 1.15121e-47
1769 8.66447e-48
1770 6.51864e-48
1771 4.90229e-48
1772 3.68524e-48
1773 2.76924e-48
1774 2.08008e-48
1775 1.56181e-48
1776 1.17219e-48
1777 8.79424e-49
1778 6.59513e-49
1779 4.94395e-49
1780 3.70469e-49
1781 2.77495e-49
1782 2.07771e-49
1783 1.55504e-49
1784 1.16338e-49
1785 8.70023e-50
1786 6.50377e-50
1787 4.85988e-50
1788 3.63005e-50
1789 2.71035e-50
1790 2.02285e-50
1791 1.50914e-50
1792 1.12543e-50
1793 8.38951e-51
1794 6.25143e-51
1795 4.65638e-51
1796 3.46692e-51
1797 2.58027e-51
1798 1.91961e-51
1799 1.42753e-51
1800 1.06117e-51
1801 7.88518e-52
1802 5.85683e-52
1803 4.34851e-52
1804 3.22734e-52
1805 2.39427e-52
1806 1.77554e-52
1807 1.31617e-52
1808 9.75257e-53
1809 7.22358e-53
1810 5.34826e-53
1811 3.9582e-53
1812 2.92826e-53
1813 2.16545e-53
1814 1.6007e-53
1815 1.18277e-53
1816 8.73607e-54
1817 6.44997e-54
1818 4.7602e-54
1819 3.51171e-54
1820 2.58963e-54
1821 1.9089e-54
1822 1.40655e-54
1823 1.03598e-54
1824 7.62737e-55
1825 5.61338e-55
1826 4.12952e-55
1827 3.03669e-55
1828 2.23217e-55
1829 1.64014e-55
1830 1.20464e-55
1831 8.84429e-56
1832 6.49073e-56
1833 4.76156e-56
1834 3.49166e-56
1835 2.55941e-56
1836 1.87531e-56
1837 1.37352e-56
1838 1.00559e-56
1839 7.35921e-57
1840 5.38355e-57
1841 3.9367e-57
1842 2.87754e-57
1843 2.1025e-57
1844 1.5356e-57
1845 1.1211e-57
1846 8.18158e-58
1847 5.96837e-58
1848 4.35211e-58
1849 3.17227e-58
1850 2.31135e-58
1851 1.6834e-58
1852 1.22556e-58
1853 8.91886e-59
1854 6.48797e-59
1855 4.71774e-59
1856 3.42914e-59
1857 2.49151e-59
1858 1.80952e-59
1859 1.31369e-59
1860 9.53339e-60
1861 6.91556e-60
1862 5.01457e-60
1863 3.63467e-60
1864 2.63344e-60
1865 1.90724e-60
1866 1.38075e-60
1867 9.99195e-61
1868 7.22788e-61
1869 5.22634e-61
1870 3.77755e-61
1871 2.72928e-61
1872 1.97111e-61
1873 1.42299e-61
1874 1.02687e-61
1875 7.40727e-62
1876 5.34103e-62
1877 3.84962e-62
1878 2.77356e-62
1879 1.99747e-62
1880 1.43798e-62
1881 1.03478e-62
1882 7.44336e-63
1883 5.35201e-63
1884 3.84671e-63
1885 2.76369e-63
1886 1.98479e-63
1887 1.42483e-63
1888 1.02245e-63
1889 7.33403e-64
1890 5.2586e-64
1891 3.76898e-64
1892 2.70024e-64
1893 1.93378e-64
1894 1.38433e-64
1895 9.90594e-65
1896 7.08562e-65
1897 5.06624e-65
1898 3.62093e-65
1899 2.5869e-65
1900 1.84742e-65
1901 1.31879e-65
1902 9.4105e-66
1903 6.71236e-66
1904 4.7859e-66
1905 3.41097e-66
1906 2.43006e-66
1907 1.73054e-66
1908 1.2319e-66
1909 8.76579e-67
1910 6.23496e-67
1911 4.43304e-67
1912 3.15062e-67
1913 2.23829e-67
1914 1.5895e-67
1915 1.12832e-67
1916 8.00627e-68
1917 5.67875e-68
1918 4.02626e-68
1919 2.85349e-68
1920 2.02151e-68
1921 1.43153e-68
1922 1.01334e-68
1923 7.17019e-69
1924 5.07146e-69
1925 3.5856e-69
1926 2.53406e-69
1927 1.79018e-69
1928 1.26416e-69
1929 8.92347e-70
1930 6.29638e-70
1931 4.44093e-70
1932 3.131e-70
1933 2.20657e-70
1934 1.55445e-70
1935 1.09462e-70
1936 7.70503e-71
1937 5.4214e-71
1938 3.81307e-71
1939 2.68079e-71
1940 1.88399e-71
1941 1.32348e-71
1942 9.2936e-72
1943 6.52342e-72
1944 4.57712e-72
1945 3.21023e-72
1946 2.25063e-72
1947 1.57724e-72
1948 1.10489e-72
1949 7.73686e-73
1950 5.41547e-73
1951 3.78908e-73
1952 2.65007e-73
1953 1.8527e-73
1954 1.29473e-73
1955 9.0444e-74
1956 6.31547e-74
1957 4.40816e-74
1958 3.07563e-74
1959 2.14505e-74
1960 1.49543e-74
1961 1.04213e-74
1962 7.2594e-75
1963 5.05483e-75
1964 3.51834e-75
1965 2.44791e-75
1966 1.70247e-75
1967 1.18355e-75
1968 8.22472e-76
1969 5.71323e-76
1970 3.96705e-76
1971 2.75346e-76
1972 1.91036e-76
1973 1.32489e-76
1974 9.18475e-77
1975 6.36476e-77
1976 4.40882e-77
1977 3.05272e-77
1978 2.1129e-77
1979 1.46183e-77
1980 1.01097e-77
1981 6.98888e-78
1982 4.8295e-78
1983 3.33597e-78
1984 2.30339e-78
1985 1.58979e-78
1986 1.09682e-78
1987 7.56414e-79
1988 5.21445e-79
1989 3.59321e-79
1990 2.47504e-79
1991 1.70415e-79
1992 1.1729e-79
1993 8.06932e-80
1994 5.54932e-80
1995 3.81477e-80
1996 2.62134e-80
1997 1.80054e-80
1998 1.23626e-80
1999 8.48477e-81
2000 5.821e-81
2001 3.9919e-81
2002 2.73646e-81
2003 1.87509e-81
2004 1.28435e-81
2005 8.79365e-82
2006 6.01839e-82
2007 4.11735e-82
2008 2.81566e-82
2009 1.92473e-82
2010 1.31518e-82
2011 8.98305e-83
2012 6.13323e-83
2013 4.18583e-83
2014 2.85561e-83
2015 1.94734e-83
2016 1.32743e-83
2017 9.04495e-84
2018 6.16065e-84
2019 4.19438e-84
2020 2.85456e-84
2021 1.94192e-84
2022 1.32054e-84
2023 8.97623e-85
2024 6.09906e-85
2025 4.14239e-85
2026 2.81231e-85
2027 1.90851e-85
2028 1.29462e-85
2029 8.77813e-86
2030 5.94929e-86
2031 4.03021e-86
2032 2.72875e-86
2033 1.84658e-86
2034 1.24878e-86
2035 8.43916e-87
2036 5.69763e-87
2037 3.84262e-87
2038 2.58746e-87
2039 1.73911e-87
2040 1.16567e-87
2041 7.788e-88
2042 5.17966e-88
2043 3.42952e-88
2044 2.26178e-88
2045 1.49655e-88
2046 1.01233e-88
2047 7.34773e-89
