0 8.82585e-23
1 8.06014e-23
2 7.39249e-23
3 6.81239e-23
4 6.3109e-23
5 5.88015e-23
6 5.51337e-23
7 5.20481e-23
8 4.94954e-23
9 4.74356e-23
10 4.58345e-23
11 4.46667e-23
12 4.39116e-23
13 4.35569e-23
14 4.35945e-23
15 4.40226e-23
16 4.48459e-23
17 4.60733e-23
18 4.7722e-23
19 4.98132e-23
20 5.23744e-23
21 5.54411e-23
22 5.90545e-23
23 6.32641e-23
24 6.81268e-23
25 7.37082e-23
26 8.00851e-23
27 8.7343e-23
28 9.55794e-23
29 1.04907e-22
30 1.15447e-22
31 1.27344e-22
32 1.40755e-22
33 1.55856e-22
34 1.72848e-22
35 1.91953e-22
36 2.13422e-22
37 2.37533e-22
38 2.64603e-22
39 2.9498e-22
40 3.29053e-22
41 3.67261e-22
42 4.10094e-22
43 4.58094e-22
44 5.11874e-22
45 5.7211e-22
46 6.39558e-22
47 7.1507e-22
48 7.99585e-22
49 8.94152e-22
50 9.99946e-22
51 1.11827e-21
52 1.25059e-21
53 1.39851e-21
54 1.56385e-21
55 1.74862e-21
56 1.95505e-21
57 2.18565e-21
58 2.44316e-21
59 2.73069e-21
60 3.05168e-21
61 3.40993e-21
62 3.80969e-21
63 4.25569e-21
64 4.75316e-21
65 5.30795e-21
66 5.92652e-21
67 6.61608e-21
68 7.38461e-21
69 8.241e-21
70 9.19509e-21
71 1.02578e-20
72 1.14413e-20
73 1.27591e-20
74 1.4226e-20
75 1.58587e-20
76 1.76755e-20
77 1.96968e-20
78 2.19451e-20
79 2.44455e-20
80 2.72257e-20
81 3.03164e-20
82 3.37515e-20
83 3.75688e-20
84 4.18098e-20
85 4.65208e-20
86 5.17527e-20
87 5.7562e-20
88 6.40111e-20
89 7.11692e-20
90 7.91126e-20
91 8.79257e-20
92 9.77018e-20
93 1.08544e-19
94 1.20566e-19
95 1.33894e-19
96 1.48667e-19
97 1.65038e-19
98 1.83176e-19
99 2.03268e-19
100 2.25521e-19
101 2.50162e-19
102 2.77442e-19
103 3.07637e-19
104 3.41053e-19
105 3.78025e-19
106 4.18926e-19
107 4.64162e-19
108 5.14183e-19
109 5.69486e-19
110 6.30616e-19
111 6.98173e-19
112 7.7282e-19
113 8.55284e-19
114 9.46366e-19
115 1.04695e-18
116 1.158e-18
117 1.28058e-18
118 1.41587e-18
119 1.56516e-18
120 1.72985e-18
121 1.91151e-18
122 2.11185e-18
123 2.33274e-18
124 2.57624e-18
125 2.84462e-18
126 3.14037e-18
127 3.4662e-18
128 3.82511e-18
129 4.22039e-18
130 4.65563e-18
131 5.13478e-18
132 5.66217e-18
133 6.24254e-18
134 6.88109e-18
135 7.58352e-18
136 8.35607e-18
137 9.20557e-18
138 1.01395e-17
139 1.11661e-17
140 1.22942e-17
141 1.35338e-17
142 1.48955e-17
143 1.63911e-17
144 1.80335e-17
145 1.98366e-17
146 2.18159e-17
147 2.3988e-17
148 2.63715e-17
149 2.89862e-17
150 3.18541e-17
151 3.49991e-17
152 3.84473e-17
153 4.22272e-17
154 4.63698e-17
155 5.09092e-17
156 5.58824e-17
157 6.13298e-17
158 6.72953e-17
159 7.38272e-17
160 8.09777e-17
161 8.88039e-17
162 9.73682e-17
163 1.06738e-16
164 1.16988e-16
165 1.28198e-16
166 1.40455e-16
167 1.53855e-16
168 1.68503e-16
169 1.8451e-16
170 2.02e-16
171 2.21106e-16
172 2.41975e-16
173 2.64764e-16
174 2.89644e-16
175 3.16804e-16
176 3.46446e-16
177 3.78791e-16
178 4.14079e-16
179 4.5257e-16
180 4.94547e-16
181 5.40317e-16
182 5.90213e-16
183 6.44597e-16
184 7.03861e-16
185 7.6843e-16
186 8.38767e-16
187 9.15372e-16
188 9.98787e-16
189 1.0896e-15
190 1.18845e-15
191 1.29602e-15
192 1.41307e-15
193 1.5404e-15
194 1.67889e-15
195 1.82949e-15
196 1.99323e-15
197 2.17121e-15
198 2.36464e-15
199 2.57483e-15
200 2.80317e-15
201 3.05118e-15
202 3.32052e-15
203 3.61296e-15
204 3.93041e-15
205 4.27495e-15
206 4.64883e-15
207 5.05446e-15
208 5.49445e-15
209 5.97163e-15
210 6.48904e-15
211 7.04996e-15
212 7.65794e-15
213 8.3168e-15
214 9.03068e-15
215 9.80401e-15
216 1.06416e-14
217 1.15486e-14
218 1.25306e-14
219 1.35936e-14
220 1.4744e-14
221 1.59889e-14
222 1.73357e-14
223 1.87925e-14
224 2.0368e-14
225 2.20715e-14
226 2.39132e-14
227 2.59038e-14
228 2.8055e-14
229 3.03794e-14
230 3.28904e-14
231 3.56024e-14
232 3.85311e-14
233 4.16932e-14
234 4.51066e-14
235 4.87906e-14
236 5.27659e-14
237 5.70547e-14
238 6.1681e-14
239 6.66704e-14
240 7.20502e-14
241 7.785e-14
242 8.41014e-14
243 9.08382e-14
244 9.80967e-14
245 1.05916e-13
246 1.14338e-13
247 1.23406e-13
248 1.3317e-13
249 1.4368e-13
250 1.5499e-13
251 1.6716e-13
252 1.80253e-13
253 1.94336e-13
254 2.0948e-13
255 2.25762e-13
256 2.43265e-13
257 2.62077e-13
258 2.82292e-13
259 3.04009e-13
260 3.27337e-13
261 3.5239e-13
262 3.7929e-13
263 4.08169e-13
264 4.39166e-13
265 4.7243e-13
266 5.0812e-13
267 5.46407e-13
268 5.87471e-13
269 6.31505e-13
270 6.78717e-13
271 7.29327e-13
272 7.83568e-13
273 8.41691e-13
274 9.03963e-13
275 9.70668e-13
276 1.04211e-12
277 1.11861e-12
278 1.20051e-12
279 1.28817e-12
280 1.382e-12
281 1.4824e-12
282 1.5898e-12
283 1.7047e-12
284 1.82757e-12
285 1.95896e-12
286 2.09942e-12
287 2.24956e-12
288 2.41002e-12
289 2.58147e-12
290 2.76464e-12
291 2.96029e-12
292 3.16923e-12
293 3.39232e-12
294 3.63048e-12
295 3.88468e-12
296 4.15595e-12
297 4.44538e-12
298 4.75413e-12
299 5.08343e-12
300 5.43457e-12
301 5.80894e-12
302 6.208e-12
303 6.63329e-12
304 7.08645e-12
305 7.56921e-12
306 8.08341e-12
307 8.63099e-12
308 9.21399e-12
309 9.8346e-12
310 1.04951e-11
311 1.1198e-11
312 1.19457e-11
313 1.2741e-11
314 1.35869e-11
315 1.44862e-11
316 1.54422e-11
317 1.64584e-11
318 1.75382e-11
319 1.86854e-11
320 1.99041e-11
321 2.11984e-11
322 2.25728e-11
323 2.40319e-11
324 2.55807e-11
325 2.72244e-11
326 2.89686e-11
327 3.0819e-11
328 3.27817e-11
329 3.48633e-11
330 3.70704e-11
331 3.94104e-11
332 4.18907e-11
333 4.45194e-11
334 4.73048e-11
335 5.02558e-11
336 5.33817e-11
337 5.66924e-11
338 6.01982e-11
339 6.39099e-11
340 6.7839e-11
341 7.19976e-11
342 7.63983e-11
343 8.10545e-11
344 8.59801e-11
345 9.11899e-11
346 9.66994e-11
347 1.02525e-10
348 1.08683e-10
349 1.15192e-10
350 1.22071e-10
351 1.2934e-10
352 1.37018e-10
353 1.45128e-10
354 1.53693e-10
355 1.62736e-10
356 1.72283e-10
357 1.82359e-10
358 1.92991e-10
359 2.04209e-10
360 2.16042e-10
361 2.28522e-10
362 2.41682e-10
363 2.55555e-10
364 2.70177e-10
365 2.85587e-10
366 3.01822e-10
367 3.18924e-10
368 3.36935e-10
369 3.559e-10
370 3.75865e-10
371 3.96879e-10
372 4.18993e-10
373 4.42258e-10
374 4.6673e-10
375 4.92467e-10
376 5.19529e-10
377 5.47977e-10
378 5.77877e-10
379 6.09298e-10
380 6.4231e-10
381 6.76986e-10
382 7.13405e-10
383 7.51646e-10
384 7.91793e-10
385 8.33935e-10
386 8.78161e-10
387 9.24568e-10
388 9.73255e-10
389 1.02432e-09
390 1.07788e-09
391 1.13405e-09
392 1.19293e-09
393 1.25466e-09
394 1.31935e-09
395 1.38715e-09
396 1.45819e-09
397 1.53262e-09
398 1.61058e-09
399 1.69224e-09
400 1.77775e-09
401 1.86728e-09
402 1.96102e-09
403 2.05913e-09
404 2.16183e-09
405 2.2693e-09
406 2.38174e-09
407 2.49939e-09
408 2.62244e-09
409 2.75115e-09
410 2.88573e-09
411 3.02646e-09
412 3.17357e-09
413 3.32734e-09
414 3.48804e-09
415 3.65596e-09
416 3.83138e-09
417 4.01462e-09
418 4.20599e-09
419 4.40581e-09
420 4.61442e-09
421 4.83216e-09
422 5.05938e-09
423 5.29646e-09
424 5.54376e-09
425 5.80167e-09
426 6.07059e-09
427 6.35093e-09
428 6.64311e-09
429 6.94756e-09
430 7.26472e-09
431 7.59504e-09
432 7.939e-09
433 8.29706e-09
434 8.66971e-09
435 9.05747e-09
436 9.46083e-09
437 9.88034e-09
438 1.03165e-08
439 1.077e-08
440 1.12412e-08
441 1.17308e-08
442 1.22394e-08
443 1.27677e-08
444 1.33161e-08
445 1.38855e-08
446 1.44764e-08
447 1.50895e-08
448 1.57257e-08
449 1.63855e-08
450 1.70697e-08
451 1.77791e-08
452 1.85146e-08
453 1.92769e-08
454 2.00669e-08
455 2.08855e-08
456 2.17335e-08
457 2.2612e-08
458 2.35219e-08
459 2.44642e-08
460 2.544e-08
461 2.64503e-08
462 2.74962e-08
463 2.8579e-08
464 2.96998e-08
465 3.08599e-08
466 3.20605e-08
467 3.3303e-08
468 3.45887e-08
469 3.59191e-08
470 3.72957e-08
471 3.87198e-08
472 4.01932e-08
473 4.17174e-08
474 4.3294e-08
475 4.49248e-08
476 4.66114e-08
477 4.83557e-08
478 5.01594e-08
479 5.20245e-08
480 5.39528e-08
481 5.59462e-08
482 5.80068e-08
483 6.01365e-08
484 6.23373e-08
485 6.46112e-08
486 6.69604e-08
487 6.93869e-08
488 7.18928e-08
489 7.44801e-08
490 7.7151e-08
491 7.99075e-08
492 8.27518e-08
493 8.56858e-08
494 8.87116e-08
495 9.18313e-08
496 9.50467e-08
497 9.836e-08
498 1.01773e-07
499 1.05287e-07
500 1.08905e-07
501 1.12628e-07
502 1.16458e-07
503 1.20396e-07
504 1.24445e-07
505 1.28605e-07
506 1.32878e-07
507 1.37266e-07
508 1.4177e-07
509 1.4639e-07
510 1.5113e-07
511 1.55989e-07
512 1.60968e-07
513 1.6607e-07
514 1.71294e-07
515 1.76642e-07
516 1.82115e-07
517 1.87714e-07
518 1.93441e-07
519 1.99295e-07
520 2.05278e-07
521 2.11391e-07
522 2.17635e-07
523 2.24012e-07
524 2.30523e-07
525 2.37169e-07
526 2.43952e-07
527 2.50874e-07
528 2.57936e-07
529 2.6514e-07
530 2.72489e-07
531 2.79986e-07
532 2.87632e-07
533 2.95432e-07
534 3.03387e-07
535 3.11503e-07
536 3.19782e-07
537 3.28229e-07
538 3.36848e-07
539 3.45644e-07
540 3.54623e-07
541 3.6379e-07
542 3.7315e-07
543 3.82711e-07
544 3.92478e-07
545 4.02459e-07
546 4.12661e-07
547 4.23091e-07
548 4.33758e-07
549 4.44669e-07
550 4.55833e-07
551 4.67258e-07
552 4.78954e-07
553 4.9093e-07
554 5.03193e-07
555 5.15755e-07
556 5.28622e-07
557 5.41806e-07
558 5.55314e-07
559 5.69156e-07
560 5.8334e-07
561 5.97875e-07
562 6.12768e-07
563 6.28026e-07
564 6.43658e-07
565 6.59669e-07
566 6.76065e-07
567 6.92851e-07
568 7.10031e-07
569 7.27609e-07
570 7.45586e-07
571 7.63965e-07
572 7.82745e-07
573 8.01925e-07
574 8.21504e-07
575 8.41476e-07
576 8.61839e-07
577 8.82584e-07
578 9.03705e-07
579 9.25193e-07
580 9.47036e-07
581 9.69222e-07
582 9.91738e-07
583 1.01457e-06
584 1.03769e-06
585 1.0611e-06
586 1.08477e-06
587 1.10867e-06
588 1.13279e-06
589 1.15709e-06
590 1.18157e-06
591 1.20618e-06
592 1.23091e-06
593 1.25572e-06
594 1.28059e-06
595 1.30548e-06
596 1.33037e-06
597 1.35522e-06
598 1.38e-06
599 1.40469e-06
600 1.42925e-06
601 1.45366e-06
602 1.47788e-06
603 1.50188e-06
604 1.52564e-06
605 1.54913e-06
606 1.57233e-06
607 1.59521e-06
608 1.61775e-06
609 1.63994e-06
610 1.66175e-06
611 1.68318e-06
612 1.70421e-06
613 1.72484e-06
614 1.74506e-06
615 1.76486e-06
616 1.78426e-06
617 1.80326e-06
618 1.82187e-06
619 1.8401e-06
620 1.85798e-06
621 1.87552e-06
622 1.89275e-06
623 1.90971e-06
624 1.92644e-06
625 1.94296e-06
626 1.95934e-06
627 1.97561e-06
628 1.99184e-06
629 2.00808e-06
630 2.02439e-06
631 2.04084e-06
632 2.0575e-06
633 2.07445e-06
634 2.09175e-06
635 2.10949e-06
636 2.12776e-06
637 2.14663e-06
638 2.1662e-06
639 2.18655e-06
640 2.20776e-06
641 2.22994e-06
642 2.25316e-06
643 2.27752e-06
644 2.30311e-06
645 2.33002e-06
646 2.35832e-06
647 2.3881e-06
648 2.41944e-06
649 2.45242e-06
650 2.4871e-06
651 2.52356e-06
652 2.56185e-06
653 2.60204e-06
654 2.64416e-06
655 2.68826e-06
656 2.73437e-06
657 2.78252e-06
658 2.83273e-06
659 2.885e-06
660 2.93933e-06
661 2.99571e-06
662 3.05411e-06
663 3.11451e-06
664 3.17685e-06
665 3.24108e-06
666 3.30714e-06
667 3.37494e-06
668 3.4444e-06
669 3.5154e-06
670 3.58783e-06
671 3.66157e-06
672 3.73648e-06
673 3.8124e-06
674 3.88917e-06
675 3.96662e-06
676 4.04456e-06
677 4.1228e-06
678 4.20114e-06
679 4.27935e-06
680 4.35721e-06
681 4.43449e-06
682 4.51095e-06
683 4.58635e-06
684 4.66043e-06
685 4.73292e-06
686 4.80358e-06
687 4.87213e-06
688 4.93831e-06
689 5.00184e-06
690 5.06245e-06
691 5.11988e-06
692 5.17387e-06
693 5.22413e-06
694 5.27042e-06
695 5.31249e-06
696 5.35008e-06
697 5.38295e-06
698 5.41088e-06
699 5.43365e-06
700 5.45104e-06
701 5.46286e-06
702 5.46894e-06
703 5.4691e-06
704 5.4632e-06
705 5.4511e-06
706 5.43269e-06
707 5.40788e-06
708 5.37658e-06
709 5.33876e-06
710 5.29437e-06
711 5.24341e-06
712 5.1859e-06
713 5.12187e-06
714 5.05138e-06
715 4.97454e-06
716 4.89146e-06
717 4.80227e-06
718 4.70714e-06
719 4.60628e-06
720 4.49989e-06
721 4.38823e-06
722 4.27157e-06
723 4.15022e-06
724 4.02449e-06
725 3.89473e-06
726 3.76133e-06
727 3.62467e-06
728 3.4852e-06
729 3.34334e-06
730 3.19957e-06
731 3.05438e-06
732 2.90828e-06
733 2.76179e-06
734 2.61546e-06
735 2.46985e-06
736 2.32554e-06
737 2.18311e-06
738 2.04318e-06
739 1.90634e-06
740 1.77323e-06
741 1.64447e-06
742 1.52069e-06
743 1.40254e-06
744 1.29066e-06
745 1.18569e-06
746 1.08826e-06
747 9.99013e-07
748 9.18585e-07
749 8.47599e-07
750 7.86671e-07
751 7.3641e-07
752 6.9741e-07
753 6.70252e-07
754 6.55502e-07
755 6.53711e-07
756 6.65407e-07
757 6.91103e-07
758 7.31286e-07
759 7.86422e-07
760 8.56954e-07
761 9.43297e-07
762 1.04584e-06
763 1.16494e-06
764 1.30094e-06
765 1.45413e-06
766 1.62478e-06
767 1.81314e-06
768 2.01941e-06
769 2.24376e-06
770 2.48634e-06
771 2.74725e-06
772 3.02657e-06
773 3.32433e-06
774 3.64054e-06
775 3.97517e-06
776 4.32815e-06
777 4.6994e-06
778 5.08877e-06
779 5.49612e-06
780 5.92123e-06
781 6.3639e-06
782 6.82386e-06
783 7.30083e-06
784 7.7945e-06
785 8.30452e-06
786 8.83053e-06
787 9.37214e-06
788 9.92894e-06
789 1.05005e-05
790 1.10863e-05
791 1.1686e-05
792 1.2299e-05
793 1.29249e-05
794 1.35631e-05
795 1.4213e-05
796 1.48742e-05
797 1.55461e-05
798 1.62282e-05
799 1.69199e-05
800 1.76207e-05
801 1.833e-05
802 1.90473e-05
803 1.9772e-05
804 2.05036e-05
805 2.12416e-05
806 2.19855e-05
807 2.27348e-05
808 2.34891e-05
809 2.42478e-05
810 2.50105e-05
811 2.57769e-05
812 2.65465e-05
813 2.7319e-05
814 2.80941e-05
815 2.88715e-05
816 2.96509e-05
817 3.04321e-05
818 3.12149e-05
819 3.19993e-05
820 3.27849e-05
821 3.35719e-05
822 3.43602e-05
823 3.51498e-05
824 3.59409e-05
825 3.67334e-05
826 3.75276e-05
827 3.83238e-05
828 3.91221e-05
829 3.9923e-05
830 4.07268e-05
831 4.15339e-05
832 4.23449e-05
833 4.31603e-05
834 4.39806e-05
835 4.48066e-05
836 4.56389e-05
837 4.64784e-05
838 4.73259e-05
839 4.81823e-05
840 4.90484e-05
841 4.99254e-05
842 5.08142e-05
843 5.17161e-05
844 5.26322e-05
845 5.35636e-05
846 5.45118e-05
847 5.54781e-05
848 5.64638e-05
849 5.74705e-05
850 5.84996e-05
851 5.95527e-05
852 6.06315e-05
853 6.17375e-05
854 6.28726e-05
855 6.40385e-05
856 6.5237e-05
857 6.64701e-05
858 6.77395e-05
859 6.90474e-05
860 7.03957e-05
861 7.17864e-05
862 7.32217e-05
863 7.47037e-05
864 7.62347e-05
865 7.78167e-05
866 7.94522e-05
867 8.11433e-05
868 8.28925e-05
869 8.47021e-05
870 8.65746e-05
871 8.85123e-05
872 9.05178e-05
873 9.25936e-05
874 9.47422e-05
875 9.69661e-05
876 9.92681e-05
877 0.000101651
878 0.000104117
879 0.000106668
880 0.000109309
881 0.000112041
882 0.000114867
883 0.00011779
884 0.000120812
885 0.000123937
886 0.000127168
887 0.000130507
888 0.000133957
889 0.000137521
890 0.000141202
891 0.000145003
892 0.000148927
893 0.000152976
894 0.000157154
895 0.000161465
896 0.00016591
897 0.000170492
898 0.000175216
899 0.000180084
900 0.000185099
901 0.000190264
902 0.000195582
903 0.000201057
904 0.000206691
905 0.000212488
906 0.000218451
907 0.000224583
908 0.000230888
909 0.000237368
910 0.000244026
911 0.000250867
912 0.000257893
913 0.000265107
914 0.000272514
915 0.000280116
916 0.000287916
917 0.000295918
918 0.000304126
919 0.000312542
920 0.00032117
921 0.000330014
922 0.000339077
923 0.000348362
924 0.000357873
925 0.000367614
926 0.000377588
927 0.000387798
928 0.000398249
929 0.000408943
930 0.000419885
931 0.000431078
932 0.000442525
933 0.000454231
934 0.000466199
935 0.000478432
936 0.000490936
937 0.000503712
938 0.000516766
939 0.000530101
940 0.00054372
941 0.000557629
942 0.00057183
943 0.000586327
944 0.000601125
945 0.000616227
946 0.000631638
947 0.000647362
948 0.000663401
949 0.000679762
950 0.000696447
951 0.00071346
952 0.000730807
953 0.000748491
954 0.000766515
955 0.000784885
956 0.000803605
957 0.000822678
958 0.000842109
959 0.000861903
960 0.000882063
961 0.000902594
962 0.0009235
963 0.000944785
964 0.000966454
965 0.000988511
966 0.00101096
967 0.00103381
968 0.00105705
969 0.00108071
970 0.00110477
971 0.00112925
972 0.00115414
973 0.00117946
974 0.00120521
975 0.00123138
976 0.001258
977 0.00128505
978 0.00131255
979 0.0013405
980 0.0013689
981 0.00139776
982 0.00142708
983 0.00145687
984 0.00148712
985 0.00151786
986 0.00154907
987 0.00158076
988 0.00161295
989 0.00164562
990 0.00167879
991 0.00171246
992 0.00174663
993 0.00178131
994 0.00181651
995 0.00185221
996 0.00188844
997 0.00192519
998 0.00196247
999 0.00200028
1000 0.00203862
1001 0.0020775
1002 0.00211692
1003 0.00215689
1004 0.0021974
1005 0.00223847
1006 0.00228009
1007 0.00232227
1008 0.00236501
1009 0.00240831
1010 0.00245219
1011 0.00249663
1012 0.00254164
1013 0.00258723
1014 0.00263339
1015 0.00268014
1016 0.00272746
1017 0.00277538
1018 0.00282387
1019 0.00287296
1020 0.00292264
1021 0.00297291
1022 0.00302377
1023 0.00307523
1024 0.00312729
1025 0.00317994
1026 0.00323319
1027 0.00328705
1028 0.0033415
1029 0.00339656
1030 0.00345221
1031 0.00350847
1032 0.00356533
1033 0.0036228
1034 0.00368087
1035 0.00373954
1036 0.00379881
1037 0.00385869
1038 0.00391916
1039 0.00398024
1040 0.00404191
1041 0.00410418
1042 0.00416705
1043 0.00423051
1044 0.00429457
1045 0.00435922
1046 0.00442445
1047 0.00449027
1048 0.00455668
1049 0.00462366
1050 0.00469122
1051 0.00475936
1052 0.00482807
1053 0.00489735
1054 0.00496719
1055 0.00503759
1056 0.00510855
1057 0.00518006
1058 0.00525211
1059 0.00532471
1060 0.00539784
1061 0.0054715
1062 0.00554569
1063 0.0056204
1064 0.00569563
1065 0.00577136
1066 0.00584759
1067 0.00592432
1068 0.00600154
1069 0.00607924
1070 0.00615741
1071 0.00623604
1072 0.00631514
1073 0.00639468
1074 0.00647467
1075 0.00655509
1076 0.00663593
1077 0.00671719
1078 0.00679886
1079 0.00688092
1080 0.00696337
1081 0.00704619
1082 0.00712939
1083 0.00721294
1084 0.00729683
1085 0.00738106
1086 0.00746561
1087 0.00755048
1088 0.00763565
1089 0.0077211
1090 0.00780683
1091 0.00789283
1092 0.00797908
1093 0.00806557
1094 0.00815229
1095 0.00823922
1096 0.00832635
1097 0.00841366
1098 0.00850115
1099 0.0085888
1100 0.00867659
1101 0.00876451
1102 0.00885255
1103 0.00894069
1104 0.00902892
1105 0.00911721
1106 0.00920556
1107 0.00929395
1108 0.00938236
1109 0.00947078
1110 0.0095592
1111 0.00964758
1112 0.00973593
1113 0.00982422
1114 0.00991243
1115 0.0100006
1116 0.0100886
1117 0.0101765
1118 0.0102642
1119 0.0103518
1120 0.0104392
1121 0.0105264
1122 0.0106134
1123 0.0107002
1124 0.0107867
1125 0.0108729
1126 0.0109589
1127 0.0110445
1128 0.0111299
1129 0.0112148
1130 0.0112995
1131 0.0113837
1132 0.0114676
1133 0.011551
1134 0.011634
1135 0.0117165
1136 0.0117986
1137 0.0118801
1138 0.0119612
1139 0.0120417
1140 0.0121217
1141 0.0122011
1142 0.0122799
1143 0.0123581
1144 0.0124357
1145 0.0125126
1146 0.0125889
1147 0.0126645
1148 0.0127394
1149 0.0128135
1150 0.012887
1151 0.0129596
1152 0.0130315
1153 0.0131026
1154 0.0131729
1155 0.0132423
1156 0.0133109
1157 0.0133786
1158 0.0134455
1159 0.0135114
1160 0.0135764
1161 0.0136405
1162 0.0137036
1163 0.0137657
1164 0.0138269
1165 0.013887
1166 0.0139461
1167 0.0140042
1168 0.0140612
1169 0.0141171
1170 0.014172
1171 0.0142257
1172 0.0142784
1173 0.0143298
1174 0.0143802
1175 0.0144294
1176 0.0144773
1177 0.0145241
1178 0.0145697
1179 0.0146141
1180 0.0146572
1181 0.0146991
1182 0.0147398
1183 0.0147791
1184 0.0148172
1185 0.014854
1186 0.0148894
1187 0.0149236
1188 0.0149564
1189 0.0149879
1190 0.015018
1191 0.0150468
1192 0.0150742
1193 0.0151002
1194 0.0151249
1195 0.0151481
1196 0.01517
1197 0.0151904
1198 0.0152094
1199 0.015227
1200 0.0152432
1201 0.0152579
1202 0.0152712
1203 0.0152831
1204 0.0152935
1205 0.0153024
1206 0.0153099
1207 0.015316
1208 0.0153205
1209 0.0153236
1210 0.0153252
1211 0.0153254
1212 0.0153241
1213 0.0153213
1214 0.015317
1215 0.0153113
1216 0.0153041
1217 0.0152954
1218 0.0152853
1219 0.0152736
1220 0.0152606
1221 0.015246
1222 0.01523
1223 0.0152125
1224 0.0151936
1225 0.0151732
1226 0.0151514
1227 0.0151281
1228 0.0151034
1229 0.0150773
1230 0.0150497
1231 0.0150208
1232 0.0149904
1233 0.0149586
1234 0.0149254
1235 0.0148909
1236 0.0148549
1237 0.0148176
1238 0.0147789
1239 0.0147389
1240 0.0146975
1241 0.0146549
1242 0.0146108
1243 0.0145655
1244 0.0145189
1245 0.014471
1246 0.0144219
1247 0.0143714
1248 0.0143198
1249 0.0142669
1250 0.0142127
1251 0.0141574
1252 0.0141009
1253 0.0140432
1254 0.0139843
1255 0.0139243
1256 0.0138632
1257 0.0138009
1258 0.0137376
1259 0.0136731
1260 0.0136076
1261 0.013541
1262 0.0134735
1263 0.0134048
1264 0.0133352
1265 0.0132646
1266 0.0131931
1267 0.0131206
1268 0.0130471
1269 0.0129728
1270 0.0128976
1271 0.0128214
1272 0.0127445
1273 0.0126667
1274 0.0125881
1275 0.0125087
1276 0.0124285
1277 0.0123475
1278 0.0122658
1279 0.0121835
1280 0.0121004
1281 0.0120166
1282 0.0119321
1283 0.0118471
1284 0.0117614
1285 0.0116751
1286 0.0115883
1287 0.0115008
1288 0.0114129
1289 0.0113244
1290 0.0112355
1291 0.0111461
1292 0.0110562
1293 0.0109659
1294 0.0108752
1295 0.0107841
1296 0.0106926
1297 0.0106008
1298 0.0105086
1299 0.0104161
1300 0.0103234
1301 0.0102304
1302 0.0101371
1303 0.0100437
1304 0.00994997
1305 0.00985611
1306 0.00976208
1307 0.0096679
1308 0.00957361
1309 0.00947921
1310 0.00938473
1311 0.00929018
1312 0.00919559
1313 0.00910097
1314 0.00900635
1315 0.00891174
1316 0.00881716
1317 0.00872264
1318 0.00862819
1319 0.00853382
1320 0.00843956
1321 0.00834543
1322 0.00825144
1323 0.00815761
1324 0.00806396
1325 0.0079705
1326 0.00787726
1327 0.00778425
1328 0.00769148
1329 0.00759898
1330 0.00750675
1331 0.00741482
1332 0.0073232
1333 0.00723191
1334 0.00714096
1335 0.00705036
1336 0.00696014
1337 0.0068703
1338 0.00678086
1339 0.00669183
1340 0.00660323
1341 0.00651507
1342 0.00642737
1343 0.00634013
1344 0.00625337
1345 0.0061671
1346 0.00608133
1347 0.00599608
1348 0.00591135
1349 0.00582716
1350 0.00574352
1351 0.00566043
1352 0.00557791
1353 0.00549597
1354 0.00541461
1355 0.00533385
1356 0.0052537
1357 0.00517415
1358 0.00509523
1359 0.00501694
1360 0.00493928
1361 0.00486227
1362 0.00478591
1363 0.00471021
1364 0.00463516
1365 0.00456079
1366 0.0044871
1367 0.00441409
1368 0.00434176
1369 0.00427012
1370 0.00419918
1371 0.00412894
1372 0.0040594
1373 0.00399057
1374 0.00392245
1375 0.00385504
1376 0.00378835
1377 0.00372238
1378 0.00365713
1379 0.0035926
1380 0.0035288
1381 0.00346572
1382 0.00340337
1383 0.00334176
1384 0.00328087
1385 0.0032207
1386 0.00316127
1387 0.00310257
1388 0.0030446
1389 0.00298736
1390 0.00293085
1391 0.00287506
1392 0.00282
1393 0.00276567
1394 0.00271205
1395 0.00265916
1396 0.00260699
1397 0.00255554
1398 0.0025048
1399 0.00245477
1400 0.00240546
1401 0.00235685
1402 0.00230894
1403 0.00226173
1404 0.00221522
1405 0.00216941
1406 0.00212428
1407 0.00207984
1408 0.00203608
1409 0.001993
1410 0.00195059
1411 0.00190885
1412 0.00186778
1413 0.00182736
1414 0.0017876
1415 0.00174849
1416 0.00171003
1417 0.0016722
1418 0.00163501
1419 0.00159845
1420 0.00156251
1421 0.00152719
1422 0.00149248
1423 0.00145838
1424 0.00142488
1425 0.00139198
1426 0.00135967
1427 0.00132794
1428 0.00129678
1429 0.0012662
1430 0.00123619
1431 0.00120673
1432 0.00117783
1433 0.00114948
1434 0.00112167
1435 0.00109439
1436 0.00106764
1437 0.00104141
1438 0.00101569
1439 0.000990487
1440 0.000965785
1441 0.000941578
1442 0.000917862
1443 0.000894628
1444 0.00087187
1445 0.000849583
1446 0.00082776
1447 0.000806393
1448 0.000785477
1449 0.000765005
1450 0.000744971
1451 0.000725368
1452 0.000706189
1453 0.000687429
1454 0.00066908
1455 0.000651138
1456 0.000633594
1457 0.000616443
1458 0.000599678
1459 0.000583293
1460 0.000567282
1461 0.000551639
1462 0.000536357
1463 0.000521431
1464 0.000506853
1465 0.000492619
1466 0.000478722
1467 0.000465156
1468 0.000451915
1469 0.000438993
1470 0.000426385
1471 0.000414084
1472 0.000402085
1473 0.000390383
1474 0.000378971
1475 0.000367844
1476 0.000356996
1477 0.000346422
1478 0.000336117
1479 0.000326076
1480 0.000316292
1481 0.000306761
1482 0.000297477
1483 0.000288436
1484 0.000279632
1485 0.000271061
1486 0.000262718
1487 0.000254597
1488 0.000246694
1489 0.000239004
1490 0.000231523
1491 0.000224245
1492 0.000217167
1493 0.000210284
1494 0.000203592
1495 0.000197086
1496 0.000190762
1497 0.000184616
1498 0.000178644
1499 0.000172841
1500 0.000167204
1501 0.000161729
1502 0.000156412
1503 0.000151249
1504 0.000146236
1505 0.00014137
1506 0.000136647
1507 0.000132064
1508 0.000127617
1509 0.000123302
1510 0.000119117
1511 0.000115059
1512 0.000111123
1513 0.000107307
1514 0.000103607
1515 0.000100021
1516 9.65462e-05
1517 9.31788e-05
1518 8.99164e-05
1519 8.67561e-05
1520 8.36951e-05
1521 8.07309e-05
1522 7.78607e-05
1523 7.50821e-05
1524 7.23925e-05
1525 6.97894e-05
1526 6.72704e-05
1527 6.48332e-05
1528 6.24756e-05
1529 6.01951e-05
1530 5.79897e-05
1531 5.58573e-05
1532 5.37956e-05
1533 5.18026e-05
1534 4.98765e-05
1535 4.80151e-05
1536 4.62167e-05
1537 4.44792e-05
1538 4.2801e-05
1539 4.11803e-05
1540 3.96152e-05
1541 3.81042e-05
1542 3.66456e-05
1543 3.52378e-05
1544 3.38792e-05
1545 3.25684e-05
1546 3.13037e-05
1547 3.00839e-05
1548 2.89074e-05
1549 2.7773e-05
1550 2.66792e-05
1551 2.56248e-05
1552 2.46085e-05
1553 2.36291e-05
1554 2.26854e-05
1555 2.17763e-05
1556 2.09005e-05
1557 2.00571e-05
1558 1.92449e-05
1559 1.84629e-05
1560 1.77102e-05
1561 1.69856e-05
1562 1.62883e-05
1563 1.56174e-05
1564 1.49719e-05
1565 1.4351e-05
1566 1.37538e-05
1567 1.31795e-05
1568 1.26274e-05
1569 1.20966e-05
1570 1.15865e-05
1571 1.10962e-05
1572 1.06251e-05
1573 1.01725e-05
1574 9.73772e-06
1575 9.32017e-06
1576 8.9192e-06
1577 8.53422e-06
1578 8.16465e-06
1579 7.80992e-06
1580 7.46949e-06
1581 7.14284e-06
1582 6.82946e-06
1583 6.52885e-06
1584 6.24055e-06
1585 5.96409e-06
1586 5.69902e-06
1587 5.44491e-06
1588 5.20136e-06
1589 4.96796e-06
1590 4.74432e-06
1591 4.53006e-06
1592 4.32483e-06
1593 4.12828e-06
1594 3.94007e-06
1595 3.75986e-06
1596 3.58736e-06
1597 3.42226e-06
1598 3.26426e-06
1599 3.11308e-06
1600 2.96846e-06
1601 2.83012e-06
1602 2.69783e-06
1603 2.57132e-06
1604 2.45037e-06
1605 2.33476e-06
1606 2.22426e-06
1607 2.11867e-06
1608 2.01779e-06
1609 1.92141e-06
1610 1.82936e-06
1611 1.74145e-06
1612 1.65751e-06
1613 1.57738e-06
1614 1.50089e-06
1615 1.42789e-06
1616 1.35823e-06
1617 1.29177e-06
1618 1.22837e-06
1619 1.16791e-06
1620 1.11025e-06
1621 1.05527e-06
1622 1.00286e-06
1623 9.52907e-07
1624 9.05302e-07
1625 8.59942e-07
1626 8.16727e-07
1627 7.75565e-07
1628 7.36362e-07
1629 6.99032e-07
1630 6.63492e-07
1631 6.2966e-07
1632 5.97461e-07
1633 5.66819e-07
1634 5.37666e-07
1635 5.09932e-07
1636 4.83553e-07
1637 4.58466e-07
1638 4.34614e-07
1639 4.11937e-07
1640 3.90383e-07
1641 3.69898e-07
1642 3.50433e-07
1643 3.3194e-07
1644 3.14374e-07
1645 2.9769e-07
1646 2.81847e-07
1647 2.66805e-07
1648 2.52526e-07
1649 2.38974e-07
1650 2.26113e-07
1651 2.1391e-07
1652 2.02333e-07
1653 1.91353e-07
1654 1.8094e-07
1655 1.71066e-07
1656 1.61706e-07
1657 1.52833e-07
1658 1.44424e-07
1659 1.36456e-07
1660 1.28907e-07
1661 1.21756e-07
1662 1.14983e-07
1663 1.0857e-07
1664 1.02498e-07
1665 9.67503e-08
1666 9.13101e-08
1667 8.61619e-08
1668 8.12909e-08
1669 7.66829e-08
1670 7.23245e-08
1671 6.82028e-08
1672 6.43057e-08
1673 6.06214e-08
1674 5.7139e-08
1675 5.38479e-08
1676 5.07382e-08
1677 4.78003e-08
1678 4.50253e-08
1679 4.24044e-08
1680 3.99297e-08
1681 3.75933e-08
1682 3.53878e-08
1683 3.33063e-08
1684 3.13421e-08
1685 2.9489e-08
1686 2.77409e-08
1687 2.60922e-08
1688 2.45375e-08
1689 2.30716e-08
1690 2.16898e-08
1691 2.03874e-08
1692 1.91601e-08
1693 1.80037e-08
1694 1.69143e-08
1695 1.58882e-08
1696 1.49219e-08
1697 1.40121e-08
1698 1.31556e-08
1699 1.23495e-08
1700 1.15908e-08
1701 1.08769e-08
1702 1.02053e-08
1703 9.57365e-09
1704 8.97957e-09
1705 8.42097e-09
1706 7.89581e-09
1707 7.40217e-09
1708 6.93825e-09
1709 6.50233e-09
1710 6.09278e-09
1711 5.70808e-09
1712 5.34679e-09
1713 5.00753e-09
1714 4.68901e-09
1715 4.39003e-09
1716 4.10942e-09
1717 3.84611e-09
1718 3.59907e-09
1719 3.36734e-09
1720 3.15e-09
1721 2.94619e-09
1722 2.75511e-09
1723 2.57599e-09
1724 2.40812e-09
1725 2.2508e-09
1726 2.10341e-09
1727 1.96534e-09
1728 1.83603e-09
1729 1.71493e-09
1730 1.60156e-09
1731 1.49542e-09
1732 1.39609e-09
1733 1.30313e-09
1734 1.21616e-09
1735 1.1348e-09
1736 1.05871e-09
1737 9.87546e-10
1738 9.21013e-10
1739 8.58818e-10
1740 8.00686e-10
1741 7.46364e-10
1742 6.95608e-10
1743 6.48195e-10
1744 6.0391e-10
1745 5.62556e-10
1746 5.23944e-10
1747 4.87899e-10
1748 4.54257e-10
1749 4.22863e-10
1750 3.93571e-10
1751 3.66245e-10
1752 3.40759e-10
1753 3.16992e-10
1754 2.94833e-10
1755 2.74176e-10
1756 2.54922e-10
1757 2.3698e-10
1758 2.20263e-10
1759 2.0469e-10
1760 1.90186e-10
1761 1.76679e-10
1762 1.64103e-10
1763 1.52396e-10
1764 1.415e-10
1765 1.3136e-10
1766 1.21926e-10
1767 1.1315e-10
1768 1.04988e-10
1769 9.73973e-11
1770 9.03401e-11
1771 8.37797e-11
1772 7.76824e-11
1773 7.20163e-11
1774 6.6752e-11
1775 6.18618e-11
1776 5.73199e-11
1777 5.31023e-11
1778 4.91865e-11
1779 4.55515e-11
1780 4.21778e-11
1781 3.90472e-11
1782 3.61427e-11
1783 3.34484e-11
1784 3.09496e-11
1785 2.86325e-11
1786 2.64842e-11
1787 2.44929e-11
1788 2.26473e-11
1789 2.09371e-11
1790 1.93527e-11
1791 1.78851e-11
1792 1.65259e-11
1793 1.52673e-11
1794 1.4102e-11
1795 1.30235e-11
1796 1.20253e-11
1797 1.11017e-11
1798 1.02472e-11
1799 9.45683e-12
1800 8.72589e-12
1801 8.05003e-12
1802 7.42521e-12
1803 6.84769e-12
1804 6.31397e-12
1805 5.82083e-12
1806 5.36525e-12
1807 4.94446e-12
1808 4.55587e-12
1809 4.19708e-12
1810 3.86586e-12
1811 3.56015e-12
1812 3.27804e-12
1813 3.01775e-12
1814 2.77764e-12
1815 2.55617e-12
1816 2.35195e-12
1817 2.16366e-12
1818 1.9901e-12
1819 1.83013e-12
1820 1.68272e-12
1821 1.54691e-12
1822 1.4218e-12
1823 1.30659e-12
1824 1.20049e-12
1825 1.10282e-12
1826 1.01291e-12
1827 9.30164e-13
1828 8.54027e-13
1829 7.83981e-13
1830 7.19553e-13
1831 6.60301e-13
1832 6.0582e-13
1833 5.55735e-13
1834 5.097e-13
1835 4.67394e-13
1836 4.28523e-13
1837 3.92814e-13
1838 3.60017e-13
1839 3.29898e-13
1840 3.02245e-13
1841 2.76861e-13
1842 2.53562e-13
1843 2.32183e-13
1844 2.12568e-13
1845 1.94575e-13
1846 1.78073e-13
1847 1.62942e-13
1848 1.49069e-13
1849 1.36353e-13
1850 1.24699e-13
1851 1.1402e-13
1852 1.04237e-13
1853 9.52767e-14
1854 8.70706e-14
1855 7.95569e-14
1856 7.26785e-14
1857 6.63827e-14
1858 6.06214e-14
1859 5.53501e-14
1860 5.05279e-14
1861 4.61176e-14
1862 4.20845e-14
1863 3.83972e-14
1864 3.50266e-14
1865 3.19461e-14
1866 2.91312e-14
1867 2.65596e-14
1868 2.42105e-14
1869 2.20652e-14
1870 2.01063e-14
1871 1.8318e-14
1872 1.66858e-14
1873 1.51961e-14
1874 1.3837e-14
1875 1.25971e-14
1876 1.14663e-14
1877 1.0435e-14
1878 9.49477e-15
1879 8.63767e-15
1880 7.85651e-15
1881 7.14469e-15
1882 6.49617e-15
1883 5.90543e-15
1884 5.36743e-15
1885 4.87756e-15
1886 4.43158e-15
1887 4.02564e-15
1888 3.65621e-15
1889 3.32008e-15
1890 3.01429e-15
1891 2.73617e-15
1892 2.48325e-15
1893 2.25329e-15
1894 2.04426e-15
1895 1.85427e-15
1896 1.68163e-15
1897 1.52479e-15
1898 1.38232e-15
1899 1.25293e-15
1900 1.13544e-15
1901 1.02878e-15
1902 9.31964e-16
1903 8.44105e-16
1904 7.64388e-16
1905 6.92071e-16
1906 6.2648e-16
1907 5.67001e-16
1908 5.13074e-16
1909 4.6419e-16
1910 4.19886e-16
1911 3.7974e-16
1912 3.43369e-16
1913 3.10423e-16
1914 2.80587e-16
1915 2.53572e-16
1916 2.29115e-16
1917 2.06978e-16
1918 1.86946e-16
1919 1.68821e-16
1920 1.52425e-16
1921 1.37595e-16
1922 1.24186e-16
1923 1.12062e-16
1924 1.01103e-16
1925 9.11993e-17
1926 8.225e-17
1927 7.41651e-17
1928 6.68624e-17
1929 6.02676e-17
1930 5.43131e-17
1931 4.89377e-17
1932 4.40862e-17
1933 3.97081e-17
1934 3.57582e-17
1935 3.21952e-17
1936 2.89817e-17
1937 2.60841e-17
1938 2.34719e-17
1939 2.11173e-17
1940 1.89953e-17
1941 1.70833e-17
1942 1.5361e-17
1943 1.38096e-17
1944 1.24127e-17
1945 1.11549e-17
1946 1.00227e-17
1947 9.00376e-18
1948 8.08687e-18
1949 7.26198e-18
1950 6.52001e-18
1951 5.85274e-18
1952 5.25278e-18
1953 4.71343e-18
1954 4.22866e-18
1955 3.79304e-18
1956 3.40165e-18
1957 3.05008e-18
1958 2.73432e-18
1959 2.45079e-18
1960 2.19625e-18
1961 1.96777e-18
1962 1.76273e-18
1963 1.57875e-18
1964 1.41371e-18
1965 1.26569e-18
1966 1.13294e-18
1967 1.01393e-18
1968 9.07252e-19
1969 8.11641e-19
1970 7.2597e-19
1971 6.49218e-19
1972 5.80471e-19
1973 5.18905e-19
1974 4.63782e-19
1975 4.14435e-19
1976 3.70269e-19
1977 3.30747e-19
1978 2.95388e-19
1979 2.63759e-19
1980 2.35472e-19
1981 2.10179e-19
1982 1.87567e-19
1983 1.67356e-19
1984 1.49295e-19
1985 1.33158e-19
1986 1.18742e-19
1987 1.05868e-19
1988 9.43709e-20
1989 8.41068e-20
1990 7.49451e-20
1991 6.67687e-20
1992 5.94733e-20
1993 5.2965e-20
1994 4.71602e-20
1995 4.19837e-20
1996 3.73685e-20
1997 3.32545e-20
1998 2.95879e-20
1999 2.63208e-20
2000 2.34102e-20
2001 2.08176e-20
2002 1.85089e-20
2003 1.64533e-20
2004 1.46234e-20
2005 1.29947e-20
2006 1.15454e-20
2007 1.02561e-20
2008 9.10918e-21
2009 8.08923e-21
2010 7.18233e-21
2011 6.37611e-21
2012 5.65955e-21
2013 5.02278e-21
2014 4.45704e-21
2015 3.9545e-21
2016 3.50819e-21
2017 3.1119e-21
2018 2.7601e-21
2019 2.44783e-21
2020 2.17073e-21
2021 1.92488e-21
2022 1.70679e-21
2023 1.51338e-21
2024 1.34188e-21
2025 1.18984e-21
2026 1.05509e-21
2027 9.35668e-22
2028 8.29869e-22
2029 7.36153e-22
2030 6.53158e-22
2031 5.79673e-22
2032 5.14623e-22
2033 4.57054e-22
2034 4.06118e-22
2035 3.61061e-22
2036 3.21215e-22
2037 2.85989e-22
2038 2.54856e-22
2039 2.2735e-22
2040 2.03059e-22
2041 1.81615e-22
2042 1.62696e-22
2043 1.46016e-22
2044 1.31317e-22
2045 1.18379e-22
2046 1.07004e-22
2047 9.70141e-23
