0 1.30647e-93
1 3.27249e-93
2 1.33009e-92
3 3.16596e-92
4 6.28251e-92
5 1.09993e-91
6 1.83216e-91
7 2.91254e-91
8 4.5584e-91
9 7.87144e-91
10 1.17699e-90
11 1.7592e-90
12 2.62838e-90
13 3.92541e-90
14 5.86016e-90
15 8.74502e-90
16 1.30448e-89
17 1.9451e-89
18 2.89917e-89
19 4.31948e-89
20 6.43304e-89
21 9.57696e-89
22 1.42517e-88
23 2.11997e-88
24 3.15225e-88
25 4.68532e-88
26 6.96119e-88
27 1.03384e-87
28 1.5348e-87
29 2.2776e-87
30 3.37854e-87
31 5.00964e-87
32 7.42526e-87
33 1.10013e-86
34 1.6293e-86
35 2.41205e-86
36 3.56942e-86
37 5.28002e-86
38 7.8073e-86
39 1.15396e-85
40 1.70495e-85
41 2.518e-85
42 3.7173e-85
43 5.48563e-85
44 8.09192e-85
45 1.19317e-84
46 1.75866e-84
47 2.59112e-84
48 3.8161e-84
49 5.61796e-84
50 8.26731e-84
51 1.21612e-83
52 1.7882e-83
53 2.62834e-83
54 3.86166e-83
55 5.67144e-83
56 8.32606e-83
57 1.22183e-82
58 1.7923e-82
59 2.62808e-82
60 3.85204e-82
61 5.64379e-82
62 8.26565e-82
63 1.21007e-81
64 1.7708e-81
65 2.59034e-81
66 3.78766e-81
67 5.53619e-81
68 8.08869e-81
69 1.18133e-80
70 1.72462e-80
71 2.51675e-80
72 3.67125e-80
73 5.35322e-80
74 7.80266e-80
75 1.13683e-79
76 1.65569e-79
77 2.41038e-79
78 3.50769e-79
79 5.10249e-79
80 7.41944e-79
81 1.07842e-78
82 1.56685e-78
83 2.2756e-78
84 3.30364e-78
85 4.79418e-78
86 6.95446e-78
87 1.00842e-77
88 1.46165e-77
89 2.11774e-77
90 3.0671e-77
91 4.44029e-77
92 6.42571e-77
93 9.29518e-77
94 1.34407e-76
95 1.94273e-76
96 2.80691e-76
97 4.0539e-76
98 5.85253e-76
99 8.44582e-76
100 1.21833e-75
101 1.75678e-75
102 2.53219e-75
103 3.64838e-75
104 5.25451e-75
105 7.56469e-75
106 1.08862e-74
107 1.56599e-74
108 2.25179e-74
109 3.23664e-74
110 4.65036e-74
111 6.67893e-74
112 9.58856e-74
113 1.37603e-73
114 1.97391e-73
115 2.83044e-73
116 4.05703e-73
117 5.81285e-73
118 8.32524e-73
119 1.19188e-72
120 1.70566e-72
121 2.43995e-72
122 3.48896e-72
123 4.98699e-72
124 7.12537e-72
125 1.01766e-71
126 1.45287e-71
127 2.07336e-71
128 2.95769e-71
129 4.21751e-71
130 6.01154e-71
131 8.56531e-71
132 1.21991e-70
133 1.73675e-70
134 2.47159e-70
135 3.51594e-70
136 4.99957e-70
137 7.10642e-70
138 1.00971e-69
139 1.43407e-69
140 2.03596e-69
141 2.88931e-69
142 4.09872e-69
143 5.81203e-69
144 8.23825e-69
145 1.16726e-68
146 1.65322e-68
147 2.34055e-68
148 3.31232e-68
149 4.6857e-68
150 6.62587e-68
151 9.36566e-68
152 1.32331e-67
153 1.869e-67
154 2.63868e-67
155 3.72383e-67
156 5.25316e-67
157 7.4076e-67
158 1.04415e-66
159 1.4712e-66
160 2.0721e-66
161 2.91727e-66
162 4.10552e-66
163 5.77547e-66
164 8.12145e-66
165 1.14158e-65
166 1.60401e-65
167 2.25286e-65
168 3.16291e-65
169 4.43883e-65
170 6.22696e-65
171 8.73194e-65
172 1.22398e-64
173 1.71499e-64
174 2.40203e-64
175 3.36295e-64
176 4.70642e-64
177 6.58396e-64
178 9.20685e-64
179 1.28695e-63
180 1.79821e-63
181 2.51157e-63
182 3.50653e-63
183 4.89369e-63
184 6.82688e-63
185 9.51996e-63
186 1.32701e-62
187 1.84902e-62
188 2.57535e-62
189 3.58557e-62
190 4.99006e-62
191 6.94195e-62
192 9.65347e-62
193 1.34188e-61
194 1.86453e-61
195 2.58972e-61
196 3.59553e-61
197 4.99e-61
198 6.92254e-61
199 9.59969e-61
200 1.33069e-60
201 1.84383e-60
202 2.55385e-60
203 3.53586e-60
204 4.89353e-60
205 6.7698e-60
206 9.36176e-60
207 1.29409e-59
208 1.78814e-59
209 2.46981e-59
210 3.40999e-59
211 4.7062e-59
212 6.49253e-59
213 8.95333e-59
214 1.23419e-58
215 1.70062e-58
216 2.34239e-58
217 3.22507e-58
218 4.4386e-58
219 6.10632e-58
220 8.39731e-58
221 1.15432e-57
222 1.58615e-57
223 2.17864e-57
224 2.99126e-57
225 4.10536e-57
226 5.63215e-57
227 7.72369e-57
228 1.05877e-56
229 1.4508e-56
230 1.98719e-56
231 2.72082e-56
232 3.72379e-56
233 5.09447e-56
234 6.96691e-56
235 9.52375e-56
236 1.30138e-55
237 1.77756e-55
238 2.42703e-55
239 3.31247e-55
240 4.51913e-55
241 6.16292e-55
242 8.40126e-55
243 1.1448e-54
244 1.55935e-54
245 2.12316e-54
246 2.88968e-54
247 3.93136e-54
248 5.34644e-54
249 7.26797e-54
250 9.87618e-54
251 1.3415e-53
252 1.82147e-53
253 2.47218e-53
254 3.35401e-53
255 4.54859e-53
256 6.16617e-53
257 8.35568e-53
258 1.13182e-52
259 1.53249e-52
260 2.07417e-52
261 2.80621e-52
262 3.79509e-52
263 5.13041e-52
264 6.93281e-52
265 9.3647e-52
266 1.26446e-51
267 1.70665e-51
268 2.30256e-51
269 3.1053e-51
270 4.18625e-51
271 5.64122e-51
272 7.59885e-51
273 1.02318e-50
274 1.37715e-50
275 1.85284e-50
276 2.49185e-50
277 3.34991e-50
278 4.50166e-50
279 6.04699e-50
280 8.11956e-50
281 1.08982e-49
282 1.46218e-49
283 1.961e-49
284 2.62894e-49
285 3.52298e-49
286 4.7192e-49
287 6.31907e-49
288 8.45795e-49
289 1.13163e-48
290 1.51346e-48
291 2.02333e-48
292 2.70388e-48
293 3.61191e-48
294 4.82295e-48
295 6.43749e-48
296 8.5891e-48
297 1.14553e-47
298 1.52719e-47
299 2.03519e-47
300 2.7111e-47
301 3.61005e-47
302 4.80517e-47
303 6.39339e-47
304 8.50317e-47
305 1.13047e-46
306 1.50232e-46
307 1.9957e-46
308 2.65006e-46
309 3.51756e-46
310 4.6672e-46
311 6.19011e-46
312 8.20668e-46
313 1.08759e-45
314 1.44075e-45
315 1.90783e-45
316 2.52533e-45
317 3.34137e-45
318 4.41935e-45
319 5.84279e-45
320 7.72162e-45
321 1.02006e-44
322 1.347e-44
323 1.77803e-44
324 2.34605e-44
325 3.09431e-44
326 4.0796e-44
327 5.37648e-44
328 7.08282e-44
329 9.327e-44
330 1.22774e-43
331 1.61546e-43
332 2.12478e-43
333 2.79357e-43
334 3.67141e-43
335 4.82318e-43
336 6.33377e-43
337 8.31415e-43
338 1.09094e-42
339 1.43091e-42
340 1.87607e-42
341 2.45876e-42
342 3.22114e-42
343 4.21822e-42
344 5.52177e-42
345 7.22527e-42
346 9.45055e-42
347 1.23563e-41
348 1.6149e-41
349 2.10976e-41
350 2.75516e-41
351 3.59656e-41
352 4.69306e-41
353 6.12142e-41
354 7.98134e-41
355 1.04022e-40
356 1.35521e-40
357 1.76487e-40
358 2.29745e-40
359 2.98957e-40
360 3.88864e-40
361 5.05608e-40
362 6.57141e-40
363 8.53749e-40
364 1.10874e-39
365 1.43932e-39
366 1.86772e-39
367 2.42267e-39
368 3.14126e-39
369 4.07138e-39
370 5.27481e-39
371 6.83125e-39
372 8.84342e-39
373 1.14438e-38
374 1.48028e-38
375 1.91403e-38
376 2.47388e-38
377 3.19622e-38
378 4.12785e-38
379 5.3289e-38
380 6.87669e-38
381 8.87051e-38
382 1.14379e-37
383 1.47425e-37
384 1.89943e-37
385 2.44626e-37
386 3.14927e-37
387 4.05271e-37
388 5.21325e-37
389 6.70346e-37
390 8.61623e-37
391 1.10704e-36
392 1.4218e-36
393 1.82532e-36
394 2.34244e-36
395 3.00486e-36
396 3.85309e-36
397 4.9388e-36
398 6.32793e-36
399 8.10456e-36
400 1.03759e-35
401 1.32785e-35
402 1.69863e-35
403 2.17209e-35
404 2.77641e-35
405 3.54747e-35
406 4.53086e-35
407 5.78455e-35
408 7.38223e-35
409 9.41743e-35
410 1.2009e-34
411 1.53076e-34
412 1.95045e-34
413 2.48423e-34
414 3.16283e-34
415 4.0252e-34
416 5.12067e-34
417 6.5117e-34
418 8.27732e-34
419 1.05175e-33
420 1.33587e-33
421 1.69606e-33
422 2.15253e-33
423 2.73076e-33
424 3.46294e-33
425 4.3897e-33
426 5.56228e-33
427 7.04528e-33
428 8.92014e-33
429 1.12895e-32
430 1.42824e-32
431 1.80617e-32
432 2.2832e-32
433 2.88507e-32
434 3.64415e-32
435 4.60114e-32
436 5.80713e-32
437 7.32631e-32
438 9.23926e-32
439 1.16471e-31
440 1.46766e-31
441 1.84867e-31
442 2.32768e-31
443 2.92965e-31
444 3.68582e-31
445 4.63534e-31
446 5.82715e-31
447 7.3225e-31
448 9.19793e-31
449 1.15491e-30
450 1.44956e-30
451 1.81866e-30
452 2.28083e-30
453 2.85932e-30
454 3.58312e-30
455 4.48836e-30
456 5.62008e-30
457 7.03436e-30
458 8.80105e-30
459 1.10071e-29
460 1.37606e-29
461 1.71962e-29
462 2.1481e-29
463 2.68228e-29
464 3.34797e-29
465 4.17723e-29
466 5.20981e-29
467 6.49506e-29
468 8.09419e-29
469 1.0083e-28
470 1.25556e-28
471 1.56283e-28
472 1.94452e-28
473 2.41848e-28
474 3.00677e-28
475 3.73667e-28
476 4.64193e-28
477 5.76422e-28
478 7.15501e-28
479 8.87786e-28
480 1.10112e-27
481 1.36517e-27
482 1.69188e-27
483 2.09594e-27
484 2.59548e-27
485 3.2128e-27
486 3.97537e-27
487 4.91699e-27
488 6.07924e-27
489 7.51325e-27
490 9.28184e-27
491 1.14622e-26
492 1.41492e-26
493 1.74591e-26
494 2.15347e-26
495 2.65513e-26
496 3.27236e-26
497 4.03147e-26
498 4.96471e-26
499 6.11158e-26
500 7.52039e-26
501 9.25029e-26
502 1.13736e-25
503 1.39788e-25
504 1.71739e-25
505 2.1091e-25
506 2.58912e-25
507 3.17714e-25
508 3.89716e-25
509 4.77846e-25
510 5.85675e-25
511 7.17551e-25
512 8.78774e-25
513 1.0758e-24
514 1.31647e-24
515 1.61035e-24
516 1.96905e-24
517 2.4067e-24
518 2.94046e-24
519 3.59117e-24
520 4.38415e-24
521 5.35012e-24
522 6.52634e-24
523 7.958e-24
524 9.69987e-24
525 1.18183e-23
526 1.43938e-23
527 1.75236e-23
528 2.13254e-23
529 2.59418e-23
530 3.15451e-23
531 3.83435e-23
532 4.65886e-23
533 5.65842e-23
534 6.86973e-23
535 8.33705e-23
536 1.01138e-22
537 1.22643e-22
538 1.48662e-22
539 1.80129e-22
540 2.18172e-22
541 2.64144e-22
542 3.19676e-22
543 3.8673e-22
544 4.67665e-22
545 5.65314e-22
546 6.83082e-22
547 8.25057e-22
548 9.96148e-22
549 1.20224e-21
550 1.4504e-21
551 1.74909e-21
552 2.10846e-21
553 2.54065e-21
554 3.06023e-21
555 3.68462e-21
556 4.43464e-21
557 5.33522e-21
558 6.41615e-21
559 7.71303e-21
560 9.26838e-21
561 1.1133e-20
562 1.33674e-20
563 1.60439e-20
564 1.92487e-20
565 2.30846e-20
566 2.7674e-20
567 3.31626e-20
568 3.97241e-20
569 4.7565e-20
570 5.69311e-20
571 6.81146e-20
572 8.14627e-20
573 9.7388e-20
574 1.16381e-19
575 1.39022e-19
576 1.66003e-19
577 1.98142e-19
578 2.3641e-19
579 2.81957e-19
580 3.36146e-19
581 4.00592e-19
582 4.77204e-19
583 5.68244e-19
584 6.76384e-19
585 8.04786e-19
586 9.57186e-19
587 1.13799e-18
588 1.35242e-18
589 1.60662e-18
590 1.90784e-18
591 2.26464e-18
592 2.68711e-18
593 3.18713e-18
594 3.7787e-18
595 4.4783e-18
596 5.30534e-18
597 6.28262e-18
598 7.43699e-18
599 8.79998e-18
600 1.04087e-17
601 1.23065e-17
602 1.45447e-17
603 1.71832e-17
604 2.02923e-17
605 2.39545e-17
606 2.82664e-17
607 3.33413e-17
608 3.93117e-17
609 4.63331e-17
610 5.45869e-17
611 6.42857e-17
612 7.56778e-17
613 8.90535e-17
614 1.04752e-16
615 1.23169e-16
616 1.44767e-16
617 1.70085e-16
618 1.99752e-16
619 2.34501e-16
620 2.75186e-16
621 3.22802e-16
622 3.78508e-16
623 4.43652e-16
624 5.19802e-16
625 6.08782e-16
626 7.12713e-16
627 8.34057e-16
628 9.75675e-16
629 1.14089e-15
630 1.33355e-15
631 1.55813e-15
632 1.81982e-15
633 2.12461e-15
634 2.47948e-15
635 2.89247e-15
636 3.37293e-15
637 3.93163e-15
638 4.58107e-15
639 5.33569e-15
640 6.21215e-15
641 7.22972e-15
642 8.41066e-15
643 9.78064e-15
644 1.13693e-14
645 1.32107e-14
646 1.53444e-14
647 1.78156e-14
648 2.06766e-14
649 2.39877e-14
650 2.78179e-14
651 3.2247e-14
652 3.73666e-14
653 4.32818e-14
654 5.01137e-14
655 5.8001e-14
656 6.71033e-14
657 7.76033e-14
658 8.97108e-14
659 1.03666e-13
660 1.19746e-13
661 1.38265e-13
662 1.59584e-13
663 1.84119e-13
664 2.12341e-13
665 2.44793e-13
666 2.82093e-13
667 3.24948e-13
668 3.74166e-13
669 4.30669e-13
670 4.95508e-13
671 5.69885e-13
672 6.55166e-13
673 7.52913e-13
674 8.64902e-13
675 9.93155e-13
676 1.13998e-12
677 1.30799e-12
678 1.50017e-12
679 1.71991e-12
680 1.97105e-12
681 2.25798e-12
682 2.58565e-12
683 2.95971e-12
684 3.38655e-12
685 3.87341e-12
686 4.42851e-12
687 5.06117e-12
688 5.78194e-12
689 6.60274e-12
690 7.53708e-12
691 8.60025e-12
692 9.80951e-12
693 1.11844e-11
694 1.27469e-11
695 1.45221e-11
696 1.65378e-11
697 1.8826e-11
698 2.14223e-11
699 2.4367e-11
700 2.77056e-11
701 3.14892e-11
702 3.57754e-11
703 4.06289e-11
704 4.61227e-11
705 5.23387e-11
706 5.93691e-11
707 6.73171e-11
708 7.62992e-11
709 8.64455e-11
710 9.79025e-11
711 1.10834e-10
712 1.25425e-10
713 1.4188e-10
714 1.6043e-10
715 1.81334e-10
716 2.04882e-10
717 2.31396e-10
718 2.61238e-10
719 2.94812e-10
720 3.32569e-10
721 3.75015e-10
722 4.22711e-10
723 4.76285e-10
724 5.36438e-10
725 6.03949e-10
726 6.79688e-10
727 7.64623e-10
728 8.59834e-10
729 9.66518e-10
730 1.08601e-09
731 1.21979e-09
732 1.36952e-09
733 1.53701e-09
734 1.72431e-09
735 1.93368e-09
736 2.1676e-09
737 2.42887e-09
738 2.72055e-09
739 3.04606e-09
740 3.40918e-09
741 3.81407e-09
742 4.26537e-09
743 4.76818e-09
744 5.32817e-09
745 5.95157e-09
746 6.6453e-09
747 7.41695e-09
748 8.27494e-09
749 9.22855e-09
750 1.0288e-08
751 1.14645e-08
752 1.27706e-08
753 1.42198e-08
754 1.58272e-08
755 1.76094e-08
756 1.95846e-08
757 2.17727e-08
758 2.41957e-08
759 2.68778e-08
760 2.98454e-08
761 3.31275e-08
762 3.67562e-08
763 4.07662e-08
764 4.51958e-08
765 5.0087e-08
766 5.54856e-08
767 6.14419e-08
768 6.80108e-08
769 7.52522e-08
770 8.32318e-08
771 9.20213e-08
772 1.01699e-07
773 1.1235e-07
774 1.24067e-07
775 1.36953e-07
776 1.51117e-07
777 1.6668e-07
778 1.83774e-07
779 2.0254e-07
780 2.23135e-07
781 2.45728e-07
782 2.70501e-07
783 2.97654e-07
784 3.27403e-07
785 3.59984e-07
786 3.95651e-07
787 4.3468e-07
788 4.77371e-07
789 5.24048e-07
790 5.75061e-07
791 6.30792e-07
792 6.91652e-07
793 7.58083e-07
794 8.30568e-07
795 9.09624e-07
796 9.95813e-07
797 1.08974e-06
798 1.19205e-06
799 1.30346e-06
800 1.42471e-06
801 1.55663e-06
802 1.70009e-06
803 1.85605e-06
804 2.02551e-06
805 2.20957e-06
806 2.40941e-06
807 2.62628e-06
808 2.86155e-06
809 3.11666e-06
810 3.39317e-06
811 3.69276e-06
812 4.01722e-06
813 4.36846e-06
814 4.74854e-06
815 5.15965e-06
816 5.60414e-06
817 6.08453e-06
818 6.60348e-06
819 7.16387e-06
820 7.76875e-06
821 8.42139e-06
822 9.12524e-06
823 9.88403e-06
824 1.07017e-05
825 1.15824e-05
826 1.25307e-05
827 1.35512e-05
828 1.46491e-05
829 1.58297e-05
830 1.70987e-05
831 1.84621e-05
832 1.99264e-05
833 2.14984e-05
834 2.31852e-05
835 2.49945e-05
836 2.69343e-05
837 2.90133e-05
838 3.12403e-05
839 3.36251e-05
840 3.61777e-05
841 3.89086e-05
842 4.18292e-05
843 4.49513e-05
844 4.82874e-05
845 5.18506e-05
846 5.56548e-05
847 5.97145e-05
848 6.40451e-05
849 6.86626e-05
850 7.3584e-05
851 7.8827e-05
852 8.44103e-05
853 9.03535e-05
854 9.66769e-05
855 0.000103402
856 0.000110551
857 0.000118148
858 0.000126218
859 0.000134785
860 0.000143877
861 0.000153521
862 0.000163748
863 0.000174587
864 0.00018607
865 0.00019823
866 0.000211101
867 0.000224719
868 0.000239121
869 0.000254347
870 0.000270434
871 0.000287426
872 0.000305365
873 0.000324296
874 0.000344264
875 0.000365318
876 0.000387506
877 0.00041088
878 0.000435492
879 0.000461396
880 0.000488648
881 0.000517305
882 0.000547427
883 0.000579074
884 0.000612309
885 0.000647197
886 0.000683802
887 0.000722192
888 0.000762437
889 0.000804607
890 0.000848774
891 0.000895013
892 0.000943397
893 0.000994006
894 0.00104692
895 0.00110221
896 0.00115996
897 0.00122026
898 0.00128318
899 0.00134882
900 0.00141726
901 0.00148858
902 0.00156287
903 0.00164023
904 0.00172073
905 0.00180447
906 0.00189154
907 0.00198203
908 0.00207603
909 0.00217363
910 0.00227492
911 0.00237999
912 0.00248893
913 0.00260183
914 0.00271878
915 0.00283986
916 0.00296517
917 0.00309478
918 0.00322878
919 0.00336726
920 0.00351029
921 0.00365795
922 0.00381031
923 0.00396746
924 0.00412946
925 0.00429638
926 0.00446828
927 0.00464522
928 0.00482726
929 0.00501446
930 0.00520686
931 0.00540452
932 0.00560746
933 0.00581572
934 0.00602934
935 0.00624834
936 0.00647273
937 0.00670254
938 0.00693777
939 0.00717842
940 0.00742448
941 0.00767595
942 0.00793281
943 0.00819502
944 0.00846256
945 0.00873538
946 0.00901344
947 0.00929668
948 0.00958504
949 0.00987844
950 0.0101768
951 0.01048
952 0.010788
953 0.0111007
954 0.011418
955 0.0117396
956 0.0120656
957 0.0123957
958 0.0127298
959 0.0130678
960 0.0134094
961 0.0137546
962 0.014103
963 0.0144546
964 0.0148091
965 0.0151663
966 0.0155259
967 0.0158879
968 0.0162518
969 0.0166176
970 0.0169848
971 0.0173533
972 0.0177228
973 0.018093
974 0.0184637
975 0.0188345
976 0.0192052
977 0.0195755
978 0.019945
979 0.0203134
980 0.0206805
981 0.021046
982 0.0214094
983 0.0217705
984 0.0221289
985 0.0224844
986 0.0228366
987 0.0231851
988 0.0235296
989 0.0238698
990 0.0242054
991 0.024536
992 0.0248613
993 0.025181
994 0.0254947
995 0.0258022
996 0.026103
997 0.0263969
998 0.0266836
999 0.0269627
1000 0.027234
1001 0.0274971
1002 0.0277519
1003 0.0279979
1004 0.028235
1005 0.0284628
1006 0.0286811
1007 0.0288897
1008 0.0290883
1009 0.0292768
1010 0.0294548
1011 0.0296221
1012 0.0297787
1013 0.0299243
1014 0.0300587
1015 0.0301818
1016 0.0302934
1017 0.0303934
1018 0.0304817
1019 0.0305582
1020 0.0306228
1021 0.0306754
1022 0.0307159
1023 0.0307444
1024 0.0307607
1025 0.0307649
1026 0.0307569
1027 0.0307368
1028 0.0307046
1029 0.0306603
1030 0.0306039
1031 0.0305356
1032 0.0304554
1033 0.0303634
1034 0.0302597
1035 0.0301445
1036 0.0300179
1037 0.02988
1038 0.0297309
1039 0.0295709
1040 0.0294002
1041 0.0292189
1042 0.0290272
1043 0.0288255
1044 0.0286138
1045 0.0283924
1046 0.0281616
1047 0.0279217
1048 0.0276728
1049 0.0274154
1050 0.0271496
1051 0.0268758
1052 0.0265942
1053 0.0263052
1054 0.026009
1055 0.025706
1056 0.0253965
1057 0.0250808
1058 0.0247593
1059 0.0244322
1060 0.0240999
1061 0.0237627
1062 0.023421
1063 0.0230751
1064 0.0227253
1065 0.022372
1066 0.0220155
1067 0.021656
1068 0.0212941
1069 0.0209299
1070 0.0205638
1071 0.0201961
1072 0.0198272
1073 0.0194573
1074 0.0190868
1075 0.0187159
1076 0.018345
1077 0.0179743
1078 0.0176041
1079 0.0172348
1080 0.0168665
1081 0.0164996
1082 0.0161343
1083 0.0157709
1084 0.0154095
1085 0.0150505
1086 0.014694
1087 0.0143403
1088 0.0139896
1089 0.013642
1090 0.0132979
1091 0.0129573
1092 0.0126204
1093 0.0122875
1094 0.0119585
1095 0.0116338
1096 0.0113135
1097 0.0109976
1098 0.0106863
1099 0.0103797
1100 0.0100779
1101 0.00978104
1102 0.00948917
1103 0.00920236
1104 0.00892069
1105 0.00864423
1106 0.00837302
1107 0.00810712
1108 0.00784655
1109 0.00759136
1110 0.00734157
1111 0.00709719
1112 0.00685823
1113 0.0066247
1114 0.00639659
1115 0.00617389
1116 0.00595659
1117 0.00574467
1118 0.00553809
1119 0.00533684
1120 0.00514086
1121 0.00495012
1122 0.00476458
1123 0.00458417
1124 0.00440886
1125 0.00423857
1126 0.00407325
1127 0.00391283
1128 0.00375724
1129 0.00360641
1130 0.00346026
1131 0.00331873
1132 0.00318173
1133 0.00304918
1134 0.00292099
1135 0.00279709
1136 0.00267738
1137 0.00256178
1138 0.00245021
1139 0.00234256
1140 0.00223876
1141 0.00213872
1142 0.00204234
1143 0.00194952
1144 0.0018602
1145 0.00177426
1146 0.00169162
1147 0.0016122
1148 0.00153589
1149 0.00146262
1150 0.00139229
1151 0.00132482
1152 0.00126013
1153 0.00119811
1154 0.0011387
1155 0.00108181
1156 0.00102735
1157 0.00097525
1158 0.000925425
1159 0.000877798
1160 0.000832292
1161 0.000788834
1162 0.000747349
1163 0.000707765
1164 0.000670014
1165 0.000634024
1166 0.000599731
1167 0.000567068
1168 0.000535973
1169 0.000506381
1170 0.000478235
1171 0.000451474
1172 0.000426042
1173 0.000401884
1174 0.000378945
1175 0.000357175
1176 0.000336522
1177 0.000316938
1178 0.000298376
1179 0.000280789
1180 0.000264135
1181 0.00024837
1182 0.000233454
1183 0.000219346
1184 0.00020601
1185 0.000193408
1186 0.000181505
1187 0.000170267
1188 0.000159662
1189 0.000149658
1190 0.000140226
1191 0.000131336
1192 0.000122961
1193 0.000115074
1194 0.000107651
1195 0.000100666
1196 9.40979e-05
1197 8.79233e-05
1198 8.21214e-05
1199 7.6672e-05
1200 7.15558e-05
1201 6.67547e-05
1202 6.2251e-05
1203 5.80282e-05
1204 5.40705e-05
1205 5.03627e-05
1206 4.68907e-05
1207 4.36407e-05
1208 4.06e-05
1209 3.77561e-05
1210 3.50976e-05
1211 3.26133e-05
1212 3.02929e-05
1213 2.81265e-05
1214 2.61046e-05
1215 2.42185e-05
1216 2.24598e-05
1217 2.08206e-05
1218 1.92934e-05
1219 1.78711e-05
1220 1.65471e-05
1221 1.53151e-05
1222 1.41693e-05
1223 1.3104e-05
1224 1.2114e-05
1225 1.11943e-05
1226 1.03404e-05
1227 9.54785e-06
1228 8.81255e-06
1229 8.13066e-06
1230 7.49856e-06
1231 6.91286e-06
1232 6.37039e-06
1233 5.86817e-06
1234 5.4034e-06
1235 4.97347e-06
1236 4.57594e-06
1237 4.20851e-06
1238 3.86906e-06
1239 3.55558e-06
1240 3.2662e-06
1241 2.99919e-06
1242 2.75292e-06
1243 2.52587e-06
1244 2.31662e-06
1245 2.12388e-06
1246 1.94639e-06
1247 1.78304e-06
1248 1.63274e-06
1249 1.49452e-06
1250 1.36747e-06
1251 1.25072e-06
1252 1.14348e-06
1253 1.04502e-06
1254 9.54668e-07
1255 8.71778e-07
1256 7.95771e-07
1257 7.26103e-07
1258 6.62272e-07
1259 6.03813e-07
1260 5.50297e-07
1261 5.01325e-07
1262 4.5653e-07
1263 4.15574e-07
1264 3.78142e-07
1265 3.43945e-07
1266 3.12717e-07
1267 2.84212e-07
1268 2.58203e-07
1269 2.34481e-07
1270 2.12854e-07
1271 1.93146e-07
1272 1.75193e-07
1273 1.58845e-07
1274 1.43966e-07
1275 1.3043e-07
1276 1.18119e-07
1277 1.06928e-07
1278 9.67584e-08
1279 8.75217e-08
1280 7.91354e-08
1281 7.15243e-08
1282 6.46196e-08
1283 5.83584e-08
1284 5.2683e-08
1285 4.75407e-08
1286 4.28833e-08
1287 3.86669e-08
1288 3.48513e-08
1289 3.13997e-08
1290 2.82788e-08
1291 2.5458e-08
1292 2.29095e-08
1293 2.06079e-08
1294 1.85302e-08
1295 1.66554e-08
1296 1.49644e-08
1297 1.34397e-08
1298 1.20656e-08
1299 1.08277e-08
1300 9.71296e-09
1301 8.70953e-09
1302 7.80666e-09
1303 6.99463e-09
1304 6.26457e-09
1305 5.6085e-09
1306 5.01914e-09
1307 4.48994e-09
1308 4.01494e-09
1309 3.58877e-09
1310 3.20657e-09
1311 2.86394e-09
1312 2.5569e-09
1313 2.28188e-09
1314 2.03563e-09
1315 1.81524e-09
1316 1.61807e-09
1317 1.44174e-09
1318 1.28412e-09
1319 1.14328e-09
1320 1.01748e-09
1321 9.05169e-10
1322 8.04933e-10
1323 7.15514e-10
1324 6.35776e-10
1325 5.64701e-10
1326 5.01373e-10
1327 4.4497e-10
1328 3.94756e-10
1329 3.5007e-10
1330 3.10319e-10
1331 2.74973e-10
1332 2.43557e-10
1333 2.15644e-10
1334 1.90855e-10
1335 1.68849e-10
1336 1.4932e-10
1337 1.31998e-10
1338 1.1664e-10
1339 1.03027e-10
1340 9.09671e-11
1341 8.02871e-11
1342 7.08329e-11
1343 6.24672e-11
1344 5.50677e-11
1345 4.85254e-11
1346 4.27435e-11
1347 3.76356e-11
1348 3.3125e-11
1349 2.91434e-11
1350 2.56302e-11
1351 2.25316e-11
1352 1.97998e-11
1353 1.73923e-11
1354 1.52715e-11
1355 1.3404e-11
1356 1.17601e-11
1357 1.03138e-11
1358 9.04182e-12
1359 7.92354e-12
1360 6.94082e-12
1361 6.07757e-12
1362 5.31958e-12
1363 4.65428e-12
1364 4.07057e-12
1365 3.55866e-12
1366 3.10989e-12
1367 2.71663e-12
1368 2.37217e-12
1369 2.07056e-12
1370 1.80658e-12
1371 1.57564e-12
1372 1.37367e-12
1373 1.19712e-12
1374 1.04284e-12
1375 9.08086e-13
1376 7.90432e-13
1377 6.87749e-13
1378 5.98168e-13
1379 5.20049e-13
1380 4.51952e-13
1381 3.92617e-13
1382 3.40937e-13
1383 2.95942e-13
1384 2.56783e-13
1385 2.22718e-13
1386 1.93095e-13
1387 1.67346e-13
1388 1.44973e-13
1389 1.25541e-13
1390 1.08671e-13
1391 9.40303e-14
1392 8.133e-14
1393 7.03172e-14
1394 6.07716e-14
1395 5.25009e-14
1396 4.53379e-14
1397 3.91366e-14
1398 3.37702e-14
1399 2.9128e-14
1400 2.51141e-14
1401 2.16446e-14
1402 1.86471e-14
1403 1.60583e-14
1404 1.38235e-14
1405 1.18949e-14
1406 1.02314e-14
1407 8.79701e-15
1408 7.56072e-15
1409 6.4956e-15
1410 5.57831e-15
1411 4.78866e-15
1412 4.10917e-15
1413 3.52469e-15
1414 3.02215e-15
1415 2.59023e-15
1416 2.21916e-15
1417 1.9005e-15
1418 1.62695e-15
1419 1.39222e-15
1420 1.19088e-15
1421 1.01826e-15
1422 8.70314e-16
1423 7.43569e-16
1424 6.3503e-16
1425 5.42119e-16
1426 4.62619e-16
1427 3.9462e-16
1428 3.36483e-16
1429 2.86797e-16
1430 2.44351e-16
1431 2.08105e-16
1432 1.77164e-16
1433 1.50765e-16
1434 1.28248e-16
1435 1.09051e-16
1436 9.26903e-17
1437 7.87532e-17
1438 6.68852e-17
1439 5.67831e-17
1440 4.81877e-17
1441 4.08772e-17
1442 3.4662e-17
1443 2.93802e-17
1444 2.48933e-17
1445 2.10833e-17
1446 1.78493e-17
1447 1.51054e-17
1448 1.27783e-17
1449 1.08053e-17
1450 9.13342e-18
1451 7.71712e-18
1452 6.51787e-18
1453 5.50279e-18
1454 4.64396e-18
1455 3.91762e-18
1456 3.30356e-18
1457 2.78465e-18
1458 2.34632e-18
1459 1.9762e-18
1460 1.66381e-18
1461 1.40024e-18
1462 1.17796e-18
1463 9.9057e-19
1464 8.3266e-19
1465 6.99645e-19
1466 5.87646e-19
1467 4.9338e-19
1468 4.14071e-19
1469 3.47373e-19
1470 2.91303e-19
1471 2.44186e-19
1472 2.04609e-19
1473 1.71379e-19
1474 1.43489e-19
1475 1.20089e-19
1476 1.00466e-19
1477 8.4016e-20
1478 7.02316e-20
1479 5.86855e-20
1480 4.90181e-20
1481 4.0927e-20
1482 3.41579e-20
1483 2.8497e-20
1484 2.37649e-20
1485 1.98107e-20
1486 1.65079e-20
1487 1.37503e-20
1488 1.14487e-20
1489 9.52868e-21
1490 7.92748e-21
1491 6.59273e-21
1492 5.48053e-21
1493 4.55416e-21
1494 3.78287e-21
1495 3.14096e-21
1496 2.60693e-21
1497 2.16285e-21
1498 1.7937e-21
1499 1.48697e-21
1500 1.2322e-21
1501 1.02067e-21
1502 8.45124e-22
1503 6.99491e-22
1504 5.78724e-22
1505 4.78618e-22
1506 3.9567e-22
1507 3.26968e-22
1508 2.70088e-22
1509 2.23015e-22
1510 1.84072e-22
1511 1.5187e-22
1512 1.25251e-22
1513 1.03257e-22
1514 8.50913e-23
1515 7.00936e-23
1516 5.77164e-23
1517 4.75059e-23
1518 3.90862e-23
1519 3.21461e-23
1520 2.64277e-23
1521 2.17179e-23
1522 1.78404e-23
1523 1.46494e-23
1524 1.20243e-23
1525 9.86574e-24
1526 8.09145e-24
1527 6.63362e-24
1528 5.43629e-24
1529 4.45331e-24
1530 3.64661e-24
1531 2.98486e-24
1532 2.44223e-24
1533 1.99745e-24
1534 1.63303e-24
1535 1.33456e-24
1536 1.09022e-24
1537 8.90251e-25
1538 7.26675e-25
1539 5.92919e-25
1540 4.83592e-25
1541 3.94266e-25
1542 3.21312e-25
1543 2.61754e-25
1544 2.1315e-25
1545 1.73503e-25
1546 1.41174e-25
1547 1.14824e-25
1548 9.33543e-26
1549 7.58692e-26
1550 6.16345e-26
1551 5.00507e-26
1552 4.06278e-26
1553 3.29659e-26
1554 2.67383e-26
1555 2.16785e-26
1556 1.75692e-26
1557 1.42333e-26
1558 1.15261e-26
1559 9.33017e-27
1560 7.54959e-27
1561 6.10639e-27
1562 4.93712e-27
1563 3.99016e-27
1564 3.22355e-27
1565 2.60319e-27
1566 2.10138e-27
1567 1.69563e-27
1568 1.36768e-27
1569 1.10272e-27
1570 8.88741e-28
1571 7.15998e-28
1572 5.76601e-28
1573 4.64159e-28
1574 3.73496e-28
1575 3.00422e-28
1576 2.4155e-28
1577 1.94137e-28
1578 1.55968e-28
1579 1.25254e-28
1580 1.00549e-28
1581 8.06842e-29
1582 6.47184e-29
1583 5.18912e-29
1584 4.15899e-29
1585 3.33203e-29
1586 2.66844e-29
1587 2.13616e-29
1588 1.70938e-29
1589 1.36732e-29
1590 1.09327e-29
1591 8.73803e-30
1592 6.98116e-30
1593 5.5753e-30
1594 4.45079e-30
1595 3.55167e-30
1596 2.83306e-30
1597 2.25895e-30
1598 1.80047e-30
1599 1.43447e-30
1600 1.14242e-30
1601 9.09463e-31
1602 7.23724e-31
1603 5.7569e-31
1604 4.57754e-31
1605 3.63833e-31
1606 2.89068e-31
1607 2.29575e-31
1608 1.82254e-31
1609 1.4463e-31
1610 1.14727e-31
1611 9.09705e-32
1612 7.21046e-32
1613 5.71285e-32
1614 4.5245e-32
1615 3.58191e-32
1616 2.83457e-32
1617 2.24226e-32
1618 1.77302e-32
1619 1.40142e-32
1620 1.10726e-32
1621 8.74497e-33
1622 6.90391e-33
1623 5.44827e-33
1624 4.29784e-33
1625 3.38898e-33
1626 2.67125e-33
1627 2.10469e-33
1628 1.65764e-33
1629 1.30502e-33
1630 1.02701e-33
1631 8.07898e-34
1632 6.35283e-34
1633 4.9935e-34
1634 3.92347e-34
1635 3.0815e-34
1636 2.41926e-34
1637 1.89858e-34
1638 1.48938e-34
1639 1.1679e-34
1640 9.15453e-35
1641 7.17287e-35
1642 5.61794e-35
1643 4.39834e-35
1644 3.44213e-35
1645 2.69273e-35
1646 2.10565e-35
1647 1.64592e-35
1648 1.28605e-35
1649 1.00446e-35
1650 7.84215e-36
1651 6.1202e-36
1652 4.77445e-36
1653 3.72313e-36
1654 2.90215e-36
1655 2.26131e-36
1656 1.76127e-36
1657 1.37126e-36
1658 1.06719e-36
1659 8.30218e-37
1660 6.45607e-37
1661 5.01848e-37
1662 3.89945e-37
1663 3.02873e-37
1664 2.35151e-37
1665 1.82499e-37
1666 1.41579e-37
1667 1.09791e-37
1668 8.51065e-38
1669 6.59454e-38
1670 5.1078e-38
1671 3.95468e-38
1672 3.06066e-38
1673 2.36781e-38
1674 1.83107e-38
1675 1.41544e-38
1676 1.09372e-38
1677 8.44783e-39
1678 6.52248e-39
1679 5.03394e-39
1680 3.88356e-39
1681 2.99489e-39
1682 2.30865e-39
1683 1.77894e-39
1684 1.37023e-39
1685 1.055e-39
1686 8.11966e-40
1687 6.24671e-40
1688 4.80388e-40
1689 3.69284e-40
1690 2.83763e-40
1691 2.17961e-40
1692 1.67351e-40
1693 1.28441e-40
1694 9.85391e-41
1695 7.55684e-41
1696 5.79294e-41
1697 4.439e-41
1698 3.40015e-41
1699 2.60339e-41
1700 1.99254e-41
1701 1.52441e-41
1702 1.1658e-41
1703 8.91197e-42
1704 6.81005e-42
1705 5.20181e-42
1706 3.97178e-42
1707 3.0314e-42
1708 2.31275e-42
1709 1.76377e-42
1710 1.34457e-42
1711 1.02459e-42
1712 7.80449e-43
1713 5.94246e-43
1714 4.52288e-43
1715 3.44106e-43
1716 2.61695e-43
1717 1.98942e-43
1718 1.51176e-43
1719 1.14834e-43
1720 8.71929e-44
1721 6.61791e-44
1722 5.02097e-44
1723 3.80786e-44
1724 2.88671e-44
1725 2.18751e-44
1726 1.65701e-44
1727 1.25467e-44
1728 9.4964e-45
1729 7.18483e-45
1730 5.43376e-45
1731 4.10783e-45
1732 3.10421e-45
1733 2.34486e-45
1734 1.77056e-45
1735 1.33638e-45
1736 1.00827e-45
1737 7.60417e-46
1738 5.73263e-46
1739 4.31999e-46
1740 3.25416e-46
1741 2.45031e-46
1742 1.8443e-46
1743 1.38762e-46
1744 1.0436e-46
1745 7.84561e-47
1746 5.89584e-47
1747 4.42886e-47
1748 3.32556e-47
1749 2.49612e-47
1750 1.87281e-47
1751 1.40459e-47
1752 1.053e-47
1753 7.89114e-48
1754 5.9112e-48
1755 4.42628e-48
1756 3.31306e-48
1757 2.47883e-48
1758 1.85393e-48
1759 1.386e-48
1760 1.03577e-48
1761 7.73731e-49
1762 5.77754e-49
1763 4.31245e-49
1764 3.21759e-49
1765 2.39975e-49
1766 1.78907e-49
1767 1.33327e-49
1768 9.93191e-50
1769 7.39565e-50
1770 5.50486e-50
1771 4.09585e-50
1772 3.04627e-50
1773 2.26475e-50
1774 1.68306e-50
1775 1.25027e-50
1776 9.28406e-51
1777 6.89125e-51
1778 5.11311e-51
1779 3.79227e-51
1780 2.81152e-51
1781 2.08358e-51
1782 1.54349e-51
1783 1.14295e-51
1784 8.46013e-52
1785 6.25971e-52
1786 4.62976e-52
1787 3.42286e-52
1788 2.52957e-52
1789 1.86867e-52
1790 1.37989e-52
1791 1.01855e-52
1792 7.51537e-53
1793 5.54298e-53
1794 4.08662e-53
1795 3.0117e-53
1796 2.21864e-53
1797 1.63376e-53
1798 1.20259e-53
1799 8.84857e-54
1800 6.50812e-54
1801 4.78482e-54
1802 3.51644e-54
1803 2.58325e-54
1804 1.89696e-54
1805 1.39244e-54
1806 1.0217e-54
1807 7.49366e-55
1808 5.49406e-55
1809 4.02642e-55
1810 2.94967e-55
1811 2.16e-55
1812 1.58111e-55
1813 1.1569e-55
1814 8.46169e-56
1815 6.18651e-56
1816 4.52128e-56
1817 3.30296e-56
1818 2.41198e-56
1819 1.76064e-56
1820 1.28468e-56
1821 9.37011e-57
1822 6.8316e-57
1823 4.97883e-57
1824 3.6271e-57
1825 2.6413e-57
1826 1.92267e-57
1827 1.399e-57
1828 1.01755e-57
1829 7.39815e-58
1830 5.37672e-58
1831 3.90605e-58
1832 2.83652e-58
1833 2.05902e-58
1834 1.49404e-58
1835 1.08366e-58
1836 7.85683e-59
1837 5.69417e-59
1838 4.12516e-59
1839 2.98729e-59
1840 2.16243e-59
1841 1.5647e-59
1842 1.13175e-59
1843 8.18266e-60
1844 5.9138e-60
1845 4.27233e-60
1846 3.08525e-60
1847 2.22712e-60
1848 1.60703e-60
1849 1.15912e-60
1850 8.35726e-61
1851 6.02316e-61
1852 4.33922e-61
1853 3.12483e-61
1854 2.24941e-61
1855 1.61859e-61
1856 1.16421e-61
1857 8.37056e-62
1858 6.01594e-62
1859 4.32195e-62
1860 3.10373e-62
1861 2.22799e-62
1862 1.59871e-62
1863 1.14671e-62
1864 8.22179e-63
1865 5.89256e-63
1866 4.22152e-63
1867 3.02316e-63
1868 2.16411e-63
1869 1.54855e-63
1870 1.10764e-63
1871 7.91951e-64
1872 5.66011e-64
1873 4.0437e-64
1874 2.88775e-64
1875 2.06142e-64
1876 1.47096e-64
1877 1.04921e-64
1878 7.48084e-65
1879 5.3317e-65
1880 3.79846e-65
1881 2.70506e-65
1882 1.92563e-65
1883 1.37024e-65
1884 9.74642e-66
1885 6.92982e-66
1886 4.92522e-66
1887 3.4991e-66
1888 2.48492e-66
1889 1.764e-66
1890 1.25172e-66
1891 8.87865e-67
1892 6.29523e-67
1893 4.46174e-67
1894 3.16099e-67
1895 2.23856e-67
1896 1.58468e-67
1897 1.12135e-67
1898 7.93171e-68
1899 5.60816e-68
1900 3.9637e-68
1901 2.80032e-68
1902 1.97761e-68
1903 1.39605e-68
1904 9.85123e-69
1905 6.94872e-69
1906 4.89944e-69
1907 3.45314e-69
1908 2.43282e-69
1909 1.7133e-69
1910 1.20609e-69
1911 8.48706e-70
1912 5.9698e-70
1913 4.19749e-70
1914 2.95016e-70
1915 2.07267e-70
1916 1.45559e-70
1917 1.02183e-70
1918 7.17036e-71
1919 5.02958e-71
1920 3.52655e-71
1921 2.47169e-71
1922 1.73167e-71
1923 1.21273e-71
1924 8.48964e-72
1925 5.94075e-72
1926 4.15547e-72
1927 2.90553e-72
1928 2.03076e-72
1929 1.41879e-72
1930 9.90841e-73
1931 6.91699e-73
1932 4.82677e-73
1933 3.36685e-73
1934 2.34756e-73
1935 1.6362e-73
1936 1.13995e-73
1937 7.93888e-74
1938 5.52663e-74
1939 3.84581e-74
1940 2.67512e-74
1941 1.86005e-74
1942 1.2928e-74
1943 8.98188e-75
1944 6.23777e-75
1945 4.3303e-75
1946 3.00493e-75
1947 2.08438e-75
1948 1.44526e-75
1949 1.00171e-75
1950 6.94008e-76
1951 4.80633e-76
1952 3.32729e-76
1953 2.30247e-76
1954 1.59266e-76
1955 1.10124e-76
1956 7.6114e-77
1957 5.25866e-77
1958 3.63172e-77
1959 2.50713e-77
1960 1.73009e-77
1961 1.1934e-77
1962 8.22868e-78
1963 5.67155e-78
1964 3.90751e-78
1965 2.69107e-78
1966 1.85258e-78
1967 1.27484e-78
1968 8.7692e-79
1969 6.02965e-79
1970 4.1443e-79
1971 2.84732e-79
1972 1.95546e-79
1973 1.34242e-79
1974 9.21202e-80
1975 6.31899e-80
1976 4.33279e-80
1977 2.96971e-80
1978 2.03464e-80
1979 1.39344e-80
1980 9.53924e-81
1981 6.5278e-81
1982 4.46527e-81
1983 3.05319e-81
1984 2.08684e-81
1985 1.42577e-81
1986 9.73725e-82
1987 6.64738e-82
1988 4.53619e-82
1989 3.09428e-82
1990 2.10986e-82
1991 1.43805e-82
1992 9.79767e-83
1993 6.67263e-83
1994 4.54254e-83
1995 3.0912e-83
1996 2.10272e-83
1997 1.42976e-83
1998 9.7179e-84
1999 6.60249e-84
2000 4.48404e-84
2001 3.04409e-84
2002 2.06573e-84
2003 1.40125e-84
2004 9.50134e-85
2005 6.43992e-85
2006 4.36318e-85
2007 2.95496e-85
2008 2.00045e-85
2009 1.35373e-85
2010 9.15715e-86
2011 6.19179e-86
2012 4.18504e-86
2013 2.82754e-86
2014 1.90961e-86
2015 1.28916e-86
2016 8.69958e-87
2017 5.86833e-87
2018 3.95693e-87
2019 2.66703e-87
2020 1.7969e-87
2021 1.21017e-87
2022 8.14701e-88
2023 5.48246e-88
2024 3.6879e-88
2025 2.47976e-88
2026 1.66673e-88
2027 1.11982e-88
2028 7.52074e-89
2029 5.04891e-89
2030 3.38814e-89
2031 2.27275e-89
2032 1.52395e-89
2033 1.02144e-89
2034 6.84359e-90
2035 4.58334e-90
2036 3.06836e-90
2037 2.05332e-90
2038 1.37352e-90
2039 8.46841e-91
2040 5.54015e-91
2041 3.54101e-91
2042 2.24353e-91
2043 1.35896e-91
2044 7.94325e-92
2045 4.16504e-92
2046 1.91026e-92
2047 5.84738e-93
