0 7.43047e-71
1 7.35547e-71
2 7.99995e-71
3 9.43291e-71
4 1.18077e-70
5 1.53779e-70
6 2.05239e-70
7 2.77926e-70
8 3.79541e-70
9 5.20821e-70
10 7.16649e-70
11 9.87596e-70
12 1.36204e-69
13 1.87908e-69
14 2.59257e-69
15 3.57657e-69
16 4.93297e-69
17 6.80179e-69
18 9.37541e-69
19 1.2918e-68
20 1.77921e-68
21 2.44951e-68
22 3.37093e-68
23 4.63694e-68
24 6.37564e-68
25 8.76243e-68
26 1.20374e-67
27 1.65291e-67
28 2.26866e-67
29 3.1124e-67
30 4.26802e-67
31 5.85008e-67
32 8.01498e-67
33 1.09761e-66
34 1.50243e-66
35 2.05564e-66
36 2.81127e-66
37 3.84292e-66
38 5.25078e-66
39 7.17117e-66
40 9.78947e-66
41 1.33577e-65
42 1.82182e-65
43 2.48361e-65
44 3.38426e-65
45 4.60943e-65
46 6.27527e-65
47 8.53926e-65
48 1.16148e-64
49 1.57907e-64
50 2.14583e-64
51 2.91468e-64
52 3.95721e-64
53 5.37017e-64
54 7.28431e-64
55 9.87621e-64
56 1.33842e-63
57 1.813e-63
58 2.45472e-63
59 3.32207e-63
60 4.49382e-63
61 6.07607e-63
62 8.21166e-63
63 1.10927e-62
64 1.49778e-62
65 2.02142e-62
66 2.72687e-62
67 3.67683e-62
68 4.95543e-62
69 6.67558e-62
70 8.98869e-62
71 1.20977e-61
72 1.62746e-61
73 2.18834e-61
74 2.94115e-61
75 3.95112e-61
76 5.30545e-61
77 7.12069e-61
78 9.55258e-61
79 1.28091e-60
80 1.71677e-60
81 2.29988e-60
82 3.07962e-60
83 4.12179e-60
84 5.51407e-60
85 7.37321e-60
86 9.85458e-60
87 1.31649e-59
88 1.7579e-59
89 2.34621e-59
90 3.12994e-59
91 4.17353e-59
92 5.56246e-59
93 7.41015e-59
94 9.86696e-59
95 1.31322e-58
96 1.74697e-58
97 2.3229e-58
98 3.08725e-58
99 4.10117e-58
100 5.44553e-58
101 7.22717e-58
102 9.5872e-58
103 1.27119e-57
104 1.68471e-57
105 2.23169e-57
106 2.95487e-57
107 3.91054e-57
108 5.17286e-57
109 6.83942e-57
110 9.03862e-57
111 1.19393e-56
112 1.57634e-56
113 2.08026e-56
114 2.74395e-56
115 3.61769e-56
116 4.76737e-56
117 6.27944e-56
118 8.26716e-56
119 1.08789e-55
120 1.4309e-55
121 1.88116e-55
122 2.47192e-55
123 3.24666e-55
124 4.2622e-55
125 5.59272e-55
126 7.33509e-55
127 9.61571e-55
128 1.25994e-54
129 1.6501e-54
130 2.16006e-54
131 2.82627e-54
132 3.69618e-54
133 4.83155e-54
134 6.31265e-54
135 8.24385e-54
136 1.07607e-53
137 1.40393e-53
138 1.8308e-53
139 2.38633e-53
140 3.10893e-53
141 4.04842e-53
142 5.2693e-53
143 6.85508e-53
144 8.91384e-53
145 1.15854e-52
146 1.50504e-52
147 1.95425e-52
148 2.53631e-52
149 3.29018e-52
150 4.26609e-52
151 5.52883e-52
152 7.16192e-52
153 9.27299e-52
154 1.20006e-51
155 1.55232e-51
156 2.00702e-51
157 2.59368e-51
158 3.35024e-51
159 4.32543e-51
160 5.58183e-51
161 7.19979e-51
162 9.28234e-51
163 1.19616e-50
164 1.5407e-50
165 1.98355e-50
166 2.55249e-50
167 3.28307e-50
168 4.22079e-50
169 5.4238e-50
170 6.96645e-50
171 8.9437e-50
172 1.14768e-49
173 1.47205e-49
174 1.88723e-49
175 2.41838e-49
176 3.0976e-49
177 3.96576e-49
178 5.07491e-49
179 6.4913e-49
180 8.29922e-49
181 1.06058e-48
182 1.35474e-48
183 1.72971e-48
184 2.20746e-48
185 2.81591e-48
186 3.59046e-48
187 4.57602e-48
188 5.82954e-48
189 7.42315e-48
190 9.44827e-48
191 1.20206e-47
192 1.52866e-47
193 1.94316e-47
194 2.46898e-47
195 3.13575e-47
196 3.98089e-47
197 5.05167e-47
198 6.40777e-47
199 8.12452e-47
200 1.02969e-46
201 1.30448e-46
202 1.65193e-46
203 2.09106e-46
204 2.64586e-46
205 3.34651e-46
206 4.23102e-46
207 5.34721e-46
208 6.75522e-46
209 8.53066e-46
210 1.07686e-45
211 1.35885e-45
212 1.71403e-45
213 2.16124e-45
214 2.72413e-45
215 3.43237e-45
216 4.32317e-45
217 5.44321e-45
218 6.85101e-45
219 8.6199e-45
220 1.08418e-44
221 1.36317e-44
222 1.71337e-44
223 2.15283e-44
224 2.70411e-44
225 3.39546e-44
226 4.26221e-44
227 5.34852e-44
228 6.70961e-44
229 8.41449e-44
230 1.05494e-43
231 1.3222e-43
232 1.65669e-43
233 2.07519e-43
234 2.59867e-43
235 3.2533e-43
236 4.07171e-43
237 5.09462e-43
238 6.37281e-43
239 7.96958e-43
240 9.96387e-43
241 1.2454e-42
242 1.55626e-42
243 1.94424e-42
244 2.42834e-42
245 3.03225e-42
246 3.78546e-42
247 4.72467e-42
248 5.89555e-42
249 7.35494e-42
250 9.17353e-42
251 1.14393e-41
252 1.42615e-41
253 1.77762e-41
254 2.21524e-41
255 2.76e-41
256 3.43802e-41
257 4.2817e-41
258 5.33133e-41
259 6.6369e-41
260 8.2605e-41
261 1.02792e-40
262 1.27887e-40
263 1.59075e-40
264 1.9783e-40
265 2.45978e-40
266 3.05781e-40
267 3.80048e-40
268 4.72256e-40
269 5.86717e-40
270 7.2877e-40
271 9.0503e-40
272 1.12369e-39
273 1.39488e-39
274 1.73116e-39
275 2.14805e-39
276 2.66477e-39
277 3.30507e-39
278 4.09831e-39
279 5.08081e-39
280 6.29744e-39
281 7.80361e-39
282 9.66778e-39
283 1.19745e-38
284 1.4828e-38
285 1.83571e-38
286 2.27207e-38
287 2.81145e-38
288 3.478e-38
289 4.30148e-38
290 5.31857e-38
291 6.57443e-38
292 8.12467e-38
293 1.00377e-37
294 1.23979e-37
295 1.53088e-37
296 1.88978e-37
297 2.33215e-37
298 2.87726e-37
299 3.54874e-37
300 4.37564e-37
301 5.3936e-37
302 6.64639e-37
303 8.18767e-37
304 1.00833e-36
305 1.24138e-36
306 1.52783e-36
307 1.87978e-36
308 2.31206e-36
309 2.84283e-36
310 3.49431e-36
311 4.29368e-36
312 5.27418e-36
313 6.47644e-36
314 7.9501e-36
315 9.75581e-36
316 1.19676e-35
317 1.46759e-35
318 1.79909e-35
319 2.20472e-35
320 2.70088e-35
321 3.30757e-35
322 4.04913e-35
323 4.95525e-35
324 6.06206e-35
325 7.41352e-35
326 9.06315e-35
327 1.1076e-34
328 1.35313e-34
329 1.65252e-34
330 2.01745e-34
331 2.46214e-34
332 3.00382e-34
333 3.66342e-34
334 4.46636e-34
335 5.44345e-34
336 6.63208e-34
337 8.07756e-34
338 9.83484e-34
339 1.19705e-33
340 1.45652e-33
341 1.77165e-33
342 2.15427e-33
343 2.6187e-33
344 3.18225e-33
345 3.86588e-33
346 4.69491e-33
347 5.69998e-33
348 6.91814e-33
349 8.39412e-33
350 1.0182e-32
351 1.23471e-32
352 1.49683e-32
353 1.81407e-32
354 2.19795e-32
355 2.66231e-32
356 3.22391e-32
357 3.90293e-32
358 4.72372e-32
359 5.71562e-32
360 6.91404e-32
361 8.36162e-32
362 1.01098e-31
363 1.22204e-31
364 1.47681e-31
365 1.78426e-31
366 2.15523e-31
367 2.60271e-31
368 3.14239e-31
369 3.79311e-31
370 4.57758e-31
371 5.52306e-31
372 6.66239e-31
373 8.03502e-31
374 9.6884e-31
375 1.16795e-30
376 1.4077e-30
377 1.6963e-30
378 2.04365e-30
379 2.46163e-30
380 2.96448e-30
381 3.56934e-30
382 4.29675e-30
383 5.17135e-30
384 6.22272e-30
385 7.48632e-30
386 9.00469e-30
387 1.08288e-29
388 1.30198e-29
389 1.56508e-29
390 1.88097e-29
391 2.26013e-29
392 2.71516e-29
393 3.2611e-29
394 3.91596e-29
395 4.70131e-29
396 5.64291e-29
397 6.77159e-29
398 8.12417e-29
399 9.74467e-29
400 1.16857e-28
401 1.401e-28
402 1.67925e-28
403 2.01228e-28
404 2.41075e-28
405 2.88739e-28
406 3.45738e-28
407 4.13881e-28
408 4.95322e-28
409 5.92629e-28
410 7.08857e-28
411 8.47642e-28
412 1.01331e-27
413 1.21102e-27
414 1.44687e-27
415 1.72814e-27
416 2.06347e-27
417 2.46311e-27
418 2.93924e-27
419 3.50632e-27
420 4.18147e-27
421 4.98503e-27
422 5.94106e-27
423 7.07812e-27
424 8.43001e-27
425 1.00367e-26
426 1.19456e-26
427 1.42127e-26
428 1.69042e-26
429 2.00984e-26
430 2.38878e-26
431 2.83817e-26
432 3.37091e-26
433 4.00222e-26
434 4.75005e-26
435 5.6356e-26
436 6.68382e-26
437 7.92415e-26
438 9.39123e-26
439 1.11259e-25
440 1.31762e-25
441 1.55986e-25
442 1.84597e-25
443 2.18376e-25
444 2.58243e-25
445 3.05277e-25
446 3.60748e-25
447 4.26145e-25
448 5.03217e-25
449 5.94017e-25
450 7.00952e-25
451 8.26848e-25
452 9.75015e-25
453 1.14933e-24
454 1.35436e-24
455 1.59541e-24
456 1.87873e-24
457 2.21162e-24
458 2.60265e-24
459 3.06182e-24
460 3.60084e-24
461 4.23341e-24
462 4.97556e-24
463 5.84601e-24
464 6.86667e-24
465 8.06313e-24
466 9.46529e-24
467 1.11081e-23
468 1.30324e-23
469 1.52857e-23
470 1.79239e-23
471 2.10117e-23
472 2.46252e-23
473 2.88527e-23
474 3.37975e-23
475 3.95802e-23
476 4.63412e-23
477 5.42444e-23
478 6.34811e-23
479 7.4274e-23
480 8.6883e-23
481 1.01611e-22
482 1.18811e-22
483 1.38894e-22
484 1.62339e-22
485 1.89705e-22
486 2.21642e-22
487 2.58906e-22
488 3.0238e-22
489 3.53089e-22
490 4.12228e-22
491 4.81188e-22
492 5.61586e-22
493 6.55302e-22
494 7.64526e-22
495 8.91803e-22
496 1.04009e-21
497 1.21283e-21
498 1.41401e-21
499 1.64829e-21
500 1.92104e-21
501 2.23854e-21
502 2.60806e-21
503 3.03803e-21
504 3.53824e-21
505 4.12006e-21
506 4.79665e-21
507 5.58327e-21
508 6.49763e-21
509 7.56021e-21
510 8.79477e-21
511 1.02288e-20
512 1.1894e-20
513 1.38273e-20
514 1.60713e-20
515 1.8675e-20
516 2.16953e-20
517 2.5198e-20
518 2.92587e-20
519 3.3965e-20
520 3.94179e-20
521 4.57336e-20
522 5.30463e-20
523 6.15106e-20
524 7.13045e-20
525 8.26326e-20
526 9.57307e-20
527 1.1087e-19
528 1.28361e-19
529 1.48562e-19
530 1.71885e-19
531 1.98799e-19
532 2.29846e-19
533 2.65645e-19
534 3.06908e-19
535 3.54446e-19
536 4.09191e-19
537 4.72207e-19
538 5.44713e-19
539 6.28099e-19
540 7.23956e-19
541 8.34096e-19
542 9.6059e-19
543 1.1058e-18
544 1.27241e-18
545 1.46349e-18
546 1.68252e-18
547 1.93348e-18
548 2.22087e-18
549 2.54983e-18
550 2.92619e-18
551 3.35656e-18
552 3.84845e-18
553 4.41038e-18
554 5.052e-18
555 5.78426e-18
556 6.61955e-18
557 7.57189e-18
558 8.65716e-18
559 9.89331e-18
560 1.13006e-17
561 1.2902e-17
562 1.47234e-17
563 1.6794e-17
564 1.91468e-17
565 2.1819e-17
566 2.48526e-17
567 2.82948e-17
568 3.2199e-17
569 3.66252e-17
570 4.16409e-17
571 4.73223e-17
572 5.3755e-17
573 6.10352e-17
574 6.92715e-17
575 7.85857e-17
576 8.91148e-17
577 1.01013e-16
578 1.14453e-16
579 1.2963e-16
580 1.46762e-16
581 1.66095e-16
582 1.87905e-16
583 2.12502e-16
584 2.40235e-16
585 2.71495e-16
586 3.06722e-16
587 3.4641e-16
588 3.91113e-16
589 4.41456e-16
590 4.9814e-16
591 5.61952e-16
592 6.33779e-16
593 7.14614e-16
594 8.05578e-16
595 9.07928e-16
596 1.02308e-15
597 1.15263e-15
598 1.29836e-15
599 1.4623e-15
600 1.6467e-15
601 1.85413e-15
602 2.08746e-15
603 2.34992e-15
604 2.64517e-15
605 2.9773e-15
606 3.35096e-15
607 3.77135e-15
608 4.24434e-15
609 4.77657e-15
610 5.37549e-15
611 6.04951e-15
612 6.80812e-15
613 7.66201e-15
614 8.62322e-15
615 9.70534e-15
616 1.09237e-14
617 1.22955e-14
618 1.38402e-14
619 1.55798e-14
620 1.75389e-14
621 1.97453e-14
622 2.22304e-14
623 2.50294e-14
624 2.8182e-14
625 3.1733e-14
626 3.57325e-14
627 4.02372e-14
628 4.53106e-14
629 5.10241e-14
630 5.7458e-14
631 6.47025e-14
632 7.28586e-14
633 8.20399e-14
634 9.23735e-14
635 1.04002e-13
636 1.17086e-13
637 1.31803e-13
638 1.48353e-13
639 1.66961e-13
640 1.87876e-13
641 2.11377e-13
642 2.37776e-13
643 2.6742e-13
644 3.00696e-13
645 3.38035e-13
646 3.79916e-13
647 4.26873e-13
648 4.79499e-13
649 5.38449e-13
650 6.04455e-13
651 6.78325e-13
652 7.60952e-13
653 8.53329e-13
654 9.5655e-13
655 1.07182e-12
656 1.20048e-12
657 1.344e-12
658 1.504e-12
659 1.68225e-12
660 1.88073e-12
661 2.10157e-12
662 2.34715e-12
663 2.62004e-12
664 2.92307e-12
665 3.25935e-12
666 3.63225e-12
667 4.04546e-12
668 4.503e-12
669 5.00924e-12
670 5.56896e-12
671 6.1873e-12
672 6.86987e-12
673 7.62275e-12
674 8.4525e-12
675 9.36621e-12
676 1.03715e-11
677 1.14767e-11
678 1.26906e-11
679 1.40228e-11
680 1.54834e-11
681 1.70834e-11
682 1.88346e-11
683 2.07493e-11
684 2.28409e-11
685 2.51236e-11
686 2.76123e-11
687 3.03229e-11
688 3.32723e-11
689 3.64782e-11
690 3.99592e-11
691 4.37351e-11
692 4.78262e-11
693 5.22541e-11
694 5.70411e-11
695 6.22104e-11
696 6.7786e-11
697 7.37927e-11
698 8.02559e-11
699 8.72018e-11
700 9.46569e-11
701 1.02648e-10
702 1.11203e-10
703 1.20348e-10
704 1.3011e-10
705 1.40517e-10
706 1.51594e-10
707 1.63367e-10
708 1.75859e-10
709 1.89093e-10
710 2.0309e-10
711 2.17869e-10
712 2.33444e-10
713 2.49828e-10
714 2.6703e-10
715 2.85054e-10
716 3.03901e-10
717 3.23563e-10
718 3.4403e-10
719 3.65283e-10
720 3.87295e-10
721 4.10033e-10
722 4.33454e-10
723 4.57506e-10
724 4.82126e-10
725 5.07241e-10
726 5.32766e-10
727 5.58606e-10
728 5.8465e-10
729 6.10778e-10
730 6.36855e-10
731 6.62733e-10
732 6.88251e-10
733 7.13237e-10
734 7.37505e-10
735 7.6086e-10
736 7.83096e-10
737 8.03999e-10
738 8.23353e-10
739 8.40936e-10
740 8.56528e-10
741 8.69915e-10
742 8.80896e-10
743 8.89283e-10
744 8.94917e-10
745 8.9767e-10
746 8.97457e-10
747 8.9425e-10
748 8.88089e-10
749 8.79098e-10
750 8.67501e-10
751 8.53646e-10
752 8.38023e-10
753 8.21292e-10
754 8.04313e-10
755 7.88172e-10
756 7.74227e-10
757 7.64137e-10
758 7.59915e-10
759 7.63976e-10
760 7.79186e-10
761 8.08934e-10
762 8.57189e-10
763 9.28579e-10
764 1.02847e-09
765 1.16307e-09
766 1.33949e-09
767 1.56591e-09
768 1.85162e-09
769 2.20724e-09
770 2.64477e-09
771 3.17781e-09
772 3.82169e-09
773 4.59365e-09
774 5.51306e-09
775 6.6016e-09
776 7.8835e-09
777 9.3858e-09
778 1.11386e-08
779 1.31753e-08
780 1.55331e-08
781 1.82529e-08
782 2.13803e-08
783 2.49654e-08
784 2.90634e-08
785 3.37351e-08
786 3.90475e-08
787 4.50739e-08
788 5.18947e-08
789 5.95979e-08
790 6.828e-08
791 7.80459e-08
792 8.90105e-08
793 1.01299e-07
794 1.15046e-07
795 1.30401e-07
796 1.47524e-07
797 1.66589e-07
798 1.87785e-07
799 2.11316e-07
800 2.37404e-07
801 2.66287e-07
802 2.98223e-07
803 3.3349e-07
804 3.72389e-07
805 4.15242e-07
806 4.62396e-07
807 5.14224e-07
808 5.71129e-07
809 6.33539e-07
810 7.01918e-07
811 7.76758e-07
812 8.5859e-07
813 9.4798e-07
814 1.04553e-06
815 1.1519e-06
816 1.26777e-06
817 1.39388e-06
818 1.53101e-06
819 1.68001e-06
820 1.84176e-06
821 2.01722e-06
822 2.20739e-06
823 2.41335e-06
824 2.63624e-06
825 2.87727e-06
826 3.13772e-06
827 3.41895e-06
828 3.72241e-06
829 4.04963e-06
830 4.40223e-06
831 4.78192e-06
832 5.19051e-06
833 5.62991e-06
834 6.10217e-06
835 6.60941e-06
836 7.15389e-06
837 7.73799e-06
838 8.36424e-06
839 9.03527e-06
840 9.75389e-06
841 1.0523e-05
842 1.13458e-05
843 1.22255e-05
844 1.31655e-05
845 1.41694e-05
846 1.52411e-05
847 1.63846e-05
848 1.76039e-05
849 1.89036e-05
850 2.02883e-05
851 2.17629e-05
852 2.33324e-05
853 2.50022e-05
854 2.67779e-05
855 2.86654e-05
856 3.0671e-05
857 3.2801e-05
858 3.50623e-05
859 3.74619e-05
860 4.00074e-05
861 4.27064e-05
862 4.55672e-05
863 4.85983e-05
864 5.18085e-05
865 5.52074e-05
866 5.88045e-05
867 6.26101e-05
868 6.66349e-05
869 7.089e-05
870 7.53871e-05
871 8.01382e-05
872 8.51561e-05
873 9.0454e-05
874 9.60457e-05
875 0.000101946
876 0.000108169
877 0.000114731
878 0.000121648
879 0.000128938
880 0.000136617
881 0.000144705
882 0.00015322
883 0.000162183
884 0.000171614
885 0.000181535
886 0.000191968
887 0.000202937
888 0.000214466
889 0.000226579
890 0.000239304
891 0.000252667
892 0.000266697
893 0.000281421
894 0.000296872
895 0.000313079
896 0.000330076
897 0.000347895
898 0.000366572
899 0.000386142
900 0.000406642
901 0.00042811
902 0.000450587
903 0.000474112
904 0.000498728
905 0.000524477
906 0.000551405
907 0.000579557
908 0.000608981
909 0.000639725
910 0.000671839
911 0.000705374
912 0.000740382
913 0.000776918
914 0.000815037
915 0.000854795
916 0.00089625
917 0.000939462
918 0.000984491
919 0.0010314
920 0.00108025
921 0.0011311
922 0.00118403
923 0.00123909
924 0.00129636
925 0.0013559
926 0.00141778
927 0.00148208
928 0.00154887
929 0.00161821
930 0.00169019
931 0.00176487
932 0.00184233
933 0.00192264
934 0.00200589
935 0.00209213
936 0.00218146
937 0.00227395
938 0.00236967
939 0.0024687
940 0.00257112
941 0.00267699
942 0.0027864
943 0.00289942
944 0.00301613
945 0.00313658
946 0.00326087
947 0.00338904
948 0.00352119
949 0.00365737
950 0.00379764
951 0.00394207
952 0.00409073
953 0.00424367
954 0.00440094
955 0.0045626
956 0.00472871
957 0.0048993
958 0.00507443
959 0.00525413
960 0.00543845
961 0.00562741
962 0.00582104
963 0.00601937
964 0.00622242
965 0.00643021
966 0.00664274
967 0.00686003
968 0.00708207
969 0.00730886
970 0.00754038
971 0.00777663
972 0.00801757
973 0.00826319
974 0.00851344
975 0.00876829
976 0.00902768
977 0.00929157
978 0.00955989
979 0.00983258
980 0.0101095
981 0.0103907
982 0.010676
983 0.0109653
984 0.0112586
985 0.0115556
986 0.0118563
987 0.0121606
988 0.0124683
989 0.0127793
990 0.0130934
991 0.0134105
992 0.0137304
993 0.014053
994 0.014378
995 0.0147053
996 0.0150346
997 0.0153659
998 0.0156988
999 0.0160333
1000 0.0163689
1001 0.0167056
1002 0.0170431
1003 0.0173811
1004 0.0177194
1005 0.0180578
1006 0.0183961
1007 0.0187338
1008 0.0190709
1009 0.019407
1010 0.0197419
1011 0.0200752
1012 0.0204068
1013 0.0207363
1014 0.0210634
1015 0.0213879
1016 0.0217095
1017 0.0220279
1018 0.0223428
1019 0.0226539
1020 0.022961
1021 0.0232638
1022 0.0235619
1023 0.0238551
1024 0.0241431
1025 0.0244256
1026 0.0247024
1027 0.0249732
1028 0.0252377
1029 0.0254957
1030 0.0257468
1031 0.0259909
1032 0.0262277
1033 0.0264569
1034 0.0266783
1035 0.0268917
1036 0.0270968
1037 0.0272935
1038 0.0274816
1039 0.0276607
1040 0.0278308
1041 0.0279917
1042 0.0281432
1043 0.028285
1044 0.0284172
1045 0.0285395
1046 0.0286518
1047 0.0287539
1048 0.0288458
1049 0.0289274
1050 0.0289986
1051 0.0290593
1052 0.0291094
1053 0.0291488
1054 0.0291776
1055 0.0291958
1056 0.0292032
1057 0.0291999
1058 0.0291858
1059 0.0291611
1060 0.0291257
1061 0.0290797
1062 0.0290231
1063 0.0289561
1064 0.0288785
1065 0.0287906
1066 0.0286925
1067 0.0285842
1068 0.0284659
1069 0.0283378
1070 0.0281998
1071 0.0280523
1072 0.0278953
1073 0.0277291
1074 0.0275537
1075 0.0273695
1076 0.0271766
1077 0.0269751
1078 0.0267654
1079 0.0265476
1080 0.0263219
1081 0.0260886
1082 0.025848
1083 0.0256003
1084 0.0253456
1085 0.0250844
1086 0.0248168
1087 0.0245431
1088 0.0242635
1089 0.0239785
1090 0.0236881
1091 0.0233928
1092 0.0230927
1093 0.0227881
1094 0.0224795
1095 0.0221669
1096 0.0218507
1097 0.0215313
1098 0.0212087
1099 0.0208835
1100 0.0205557
1101 0.0202258
1102 0.0198939
1103 0.0195604
1104 0.0192255
1105 0.0188895
1106 0.0185527
1107 0.0182152
1108 0.0178775
1109 0.0175396
1110 0.0172019
1111 0.0168646
1112 0.016528
1113 0.0161922
1114 0.0158575
1115 0.0155241
1116 0.0151923
1117 0.0148621
1118 0.0145339
1119 0.0142079
1120 0.0138841
1121 0.0135629
1122 0.0132443
1123 0.0129285
1124 0.0126157
1125 0.0123061
1126 0.0119997
1127 0.0116968
1128 0.0113974
1129 0.0111017
1130 0.0108098
1131 0.0105218
1132 0.0102378
1133 0.00995789
1134 0.00968216
1135 0.00941071
1136 0.00914358
1137 0.00888087
1138 0.00862261
1139 0.00836888
1140 0.00811971
1141 0.00787515
1142 0.00763523
1143 0.00739997
1144 0.00716941
1145 0.00694356
1146 0.00672243
1147 0.00650602
1148 0.00629434
1149 0.00608738
1150 0.00588513
1151 0.00568758
1152 0.00549471
1153 0.0053065
1154 0.00512291
1155 0.00494393
1156 0.0047695
1157 0.0045996
1158 0.00443419
1159 0.00427321
1160 0.00411661
1161 0.00396436
1162 0.00381638
1163 0.00367264
1164 0.00353306
1165 0.00339758
1166 0.00326615
1167 0.0031387
1168 0.00301516
1169 0.00289547
1170 0.00277954
1171 0.00266733
1172 0.00255874
1173 0.00245371
1174 0.00235217
1175 0.00225404
1176 0.00215924
1177 0.00206771
1178 0.00197937
1179 0.00189414
1180 0.00181194
1181 0.00173271
1182 0.00165636
1183 0.00158283
1184 0.00151203
1185 0.0014439
1186 0.00137835
1187 0.00131533
1188 0.00125474
1189 0.00119654
1190 0.00114064
1191 0.00108697
1192 0.00103547
1193 0.000986062
1194 0.000938691
1195 0.000893286
1196 0.000849784
1197 0.00080812
1198 0.000768234
1199 0.000730065
1200 0.000693553
1201 0.00065864
1202 0.000625269
1203 0.000593385
1204 0.000562932
1205 0.00053386
1206 0.000506114
1207 0.000479647
1208 0.000454407
1209 0.000430348
1210 0.000407423
1211 0.000385588
1212 0.000364798
1213 0.000345011
1214 0.000326186
1215 0.000308283
1216 0.000291263
1217 0.000275089
1218 0.000259725
1219 0.000245136
1220 0.000231287
1221 0.000218147
1222 0.000205683
1223 0.000193866
1224 0.000182665
1225 0.000172054
1226 0.000162004
1227 0.000152489
1228 0.000143485
1229 0.000134967
1230 0.000126911
1231 0.000119296
1232 0.000112101
1233 0.000105303
1234 9.8885e-05
1235 9.28266e-05
1236 8.711e-05
1237 8.17181e-05
1238 7.66341e-05
1239 7.18423e-05
1240 6.73276e-05
1241 6.30754e-05
1242 5.90719e-05
1243 5.53041e-05
1244 5.17592e-05
1245 4.84254e-05
1246 4.52911e-05
1247 4.23456e-05
1248 3.95784e-05
1249 3.69797e-05
1250 3.45401e-05
1251 3.22507e-05
1252 3.0103e-05
1253 2.8089e-05
1254 2.6201e-05
1255 2.44317e-05
1256 2.27744e-05
1257 2.12225e-05
1258 1.97697e-05
1259 1.84102e-05
1260 1.71386e-05
1261 1.59495e-05
1262 1.4838e-05
1263 1.37993e-05
1264 1.28292e-05
1265 1.19232e-05
1266 1.10776e-05
1267 1.02886e-05
1268 9.55256e-06
1269 8.86627e-06
1270 8.22657e-06
1271 7.6305e-06
1272 7.07528e-06
1273 6.5583e-06
1274 6.07708e-06
1275 5.62932e-06
1276 5.21282e-06
1277 4.82556e-06
1278 4.46558e-06
1279 4.13111e-06
1280 3.82042e-06
1281 3.53194e-06
1282 3.26416e-06
1283 3.01569e-06
1284 2.78522e-06
1285 2.57152e-06
1286 2.37343e-06
1287 2.18988e-06
1288 2.01987e-06
1289 1.86243e-06
1290 1.71671e-06
1291 1.58187e-06
1292 1.45714e-06
1293 1.3418e-06
1294 1.23519e-06
1295 1.13667e-06
1296 1.04567e-06
1297 9.61642e-07
1298 8.84074e-07
1299 8.12495e-07
1300 7.46468e-07
1301 6.85581e-07
1302 6.29454e-07
1303 5.77733e-07
1304 5.30087e-07
1305 4.86212e-07
1306 4.45822e-07
1307 4.08654e-07
1308 3.74462e-07
1309 3.43018e-07
1310 3.14112e-07
1311 2.87547e-07
1312 2.63143e-07
1313 2.40732e-07
1314 2.20157e-07
1315 2.01275e-07
1316 1.83952e-07
1317 1.68066e-07
1318 1.53501e-07
1319 1.40153e-07
1320 1.27923e-07
1321 1.16723e-07
1322 1.06469e-07
1323 9.70833e-08
1324 8.84967e-08
1325 8.06432e-08
1326 7.34627e-08
1327 6.68998e-08
1328 6.09034e-08
1329 5.54265e-08
1330 5.04257e-08
1331 4.58612e-08
1332 4.16963e-08
1333 3.78974e-08
1334 3.44335e-08
1335 3.1276e-08
1336 2.83989e-08
1337 2.57781e-08
1338 2.33916e-08
1339 2.12191e-08
1340 1.92423e-08
1341 1.74439e-08
1342 1.58086e-08
1343 1.43219e-08
1344 1.29709e-08
1345 1.17435e-08
1346 1.06289e-08
1347 9.61698e-09
1348 8.6986e-09
1349 7.86541e-09
1350 7.10974e-09
1351 6.42463e-09
1352 5.80368e-09
1353 5.24107e-09
1354 4.73149e-09
1355 4.2701e-09
1356 3.85248e-09
1357 3.47459e-09
1358 3.13278e-09
1359 2.8237e-09
1360 2.54431e-09
1361 2.29184e-09
1362 2.06377e-09
1363 1.85781e-09
1364 1.67187e-09
1365 1.50408e-09
1366 1.35269e-09
1367 1.21617e-09
1368 1.09308e-09
1369 9.8214e-10
1370 8.82186e-10
1371 7.92157e-10
1372 7.11094e-10
1373 6.38128e-10
1374 5.72471e-10
1375 5.1341e-10
1376 4.603e-10
1377 4.12557e-10
1378 3.69652e-10
1379 3.31106e-10
1380 2.96489e-10
1381 2.65409e-10
1382 2.37515e-10
1383 2.12487e-10
1384 1.90038e-10
1385 1.69909e-10
1386 1.51866e-10
1387 1.35698e-10
1388 1.21214e-10
1389 1.08243e-10
1390 9.66307e-11
1391 8.62383e-11
1392 7.69403e-11
1393 6.8624e-11
1394 6.11882e-11
1395 5.45418e-11
1396 4.86027e-11
1397 4.32973e-11
1398 3.85595e-11
1399 3.43298e-11
1400 3.0555e-11
1401 2.71872e-11
1402 2.41833e-11
1403 2.1505e-11
1404 1.91176e-11
1405 1.69902e-11
1406 1.5095e-11
1407 1.34073e-11
1408 1.19047e-11
1409 1.05675e-11
1410 9.37765e-12
1411 8.31933e-12
1412 7.37828e-12
1413 6.54176e-12
1414 5.79837e-12
1415 5.13794e-12
1416 4.55141e-12
1417 4.03065e-12
1418 3.56842e-12
1419 3.15828e-12
1420 2.79446e-12
1421 2.47183e-12
1422 2.18581e-12
1423 1.93232e-12
1424 1.70773e-12
1425 1.5088e-12
1426 1.33265e-12
1427 1.17673e-12
1428 1.03875e-12
1429 9.16677e-13
1430 8.08716e-13
1431 7.13262e-13
1432 6.28891e-13
1433 5.54339e-13
1434 4.88483e-13
1435 4.30324e-13
1436 3.7898e-13
1437 3.33665e-13
1438 2.93682e-13
1439 2.58416e-13
1440 2.27318e-13
1441 1.99904e-13
1442 1.75745e-13
1443 1.5446e-13
1444 1.35714e-13
1445 1.19208e-13
1446 1.04679e-13
1447 9.18939e-14
1448 8.06469e-14
1449 7.07557e-14
1450 6.20595e-14
1451 5.44162e-14
1452 4.77004e-14
1453 4.18011e-14
1454 3.66207e-14
1455 3.20729e-14
1456 2.80817e-14
1457 2.45799e-14
1458 2.15085e-14
1459 1.88154e-14
1460 1.64547e-14
1461 1.43859e-14
1462 1.25736e-14
1463 1.09863e-14
1464 9.59662e-15
1465 8.38024e-15
1466 7.3159e-15
1467 6.38485e-15
1468 5.57066e-15
1469 4.85887e-15
1470 4.23678e-15
1471 3.69325e-15
1472 3.21851e-15
1473 2.80396e-15
1474 2.4421e-15
1475 2.12631e-15
1476 1.85081e-15
1477 1.61053e-15
1478 1.40103e-15
1479 1.21843e-15
1480 1.05932e-15
1481 9.20715e-16
1482 8.00011e-16
1483 6.94927e-16
1484 6.0347e-16
1485 5.23895e-16
1486 4.54681e-16
1487 3.94495e-16
1488 3.42176e-16
1489 2.9671e-16
1490 2.57209e-16
1491 2.22902e-16
1492 1.93115e-16
1493 1.6726e-16
1494 1.44824e-16
1495 1.25362e-16
1496 1.08483e-16
1497 9.38498e-17
1498 8.1167e-17
1499 7.01778e-17
1500 6.06589e-17
1501 5.24161e-17
1502 4.52804e-17
1503 3.91048e-17
1504 3.37618e-17
1505 2.91405e-17
1506 2.51445e-17
1507 2.16904e-17
1508 1.87053e-17
1509 1.61265e-17
1510 1.38993e-17
1511 1.19763e-17
1512 1.03164e-17
1513 8.88402e-18
1514 7.64838e-18
1515 6.58275e-18
1516 5.66399e-18
1517 4.8721e-18
1518 4.18974e-18
1519 3.60194e-18
1520 3.09575e-18
1521 2.65994e-18
1522 2.28485e-18
1523 1.96211e-18
1524 1.68449e-18
1525 1.44575e-18
1526 1.2405e-18
1527 1.0641e-18
1528 9.12525e-19
1529 7.82328e-19
1530 6.70523e-19
1531 5.74538e-19
1532 4.92159e-19
1533 4.21475e-19
1534 3.60845e-19
1535 3.08852e-19
1536 2.64278e-19
1537 2.26075e-19
1538 1.93342e-19
1539 1.65304e-19
1540 1.41293e-19
1541 1.20737e-19
1542 1.03143e-19
1543 8.80895e-20
1544 7.52125e-20
1545 6.42004e-20
1546 5.47858e-20
1547 4.67391e-20
1548 3.98635e-20
1549 3.39902e-20
1550 2.89743e-20
1551 2.4692e-20
1552 2.10368e-20
1553 1.79179e-20
1554 1.52573e-20
1555 1.29882e-20
1556 1.10536e-20
1557 9.40463e-21
1558 7.99947e-21
1559 6.80242e-21
1560 5.78292e-21
1561 4.91489e-21
1562 4.17601e-21
1563 3.54725e-21
1564 3.01235e-21
1565 2.5574e-21
1566 2.17058e-21
1567 1.84176e-21
1568 1.56233e-21
1569 1.32493e-21
1570 1.1233e-21
1571 9.52093e-22
1572 8.0676e-22
1573 6.83424e-22
1574 5.78784e-22
1575 4.90032e-22
1576 4.14775e-22
1577 3.50979e-22
1578 2.96914e-22
1579 2.51108e-22
1580 2.1231e-22
1581 1.79457e-22
1582 1.51646e-22
1583 1.28109e-22
1584 1.08196e-22
1585 9.13525e-23
1586 7.71098e-23
1587 6.50696e-23
1588 5.48941e-23
1589 4.6297e-23
1590 3.90355e-23
1591 3.29037e-23
1592 2.77274e-23
1593 2.33589e-23
1594 1.96732e-23
1595 1.65644e-23
1596 1.3943e-23
1597 1.17332e-23
1598 9.87083e-24
1599 8.30176e-24
1600 6.98016e-24
1601 5.86731e-24
1602 4.93051e-24
1603 4.14212e-24
1604 3.47883e-24
1605 2.92094e-24
1606 2.45183e-24
1607 2.05748e-24
1608 1.72608e-24
1609 1.44766e-24
1610 1.21381e-24
1611 1.01745e-24
1612 8.52616e-25
1613 7.1429e-25
1614 5.9824e-25
1615 5.00905e-25
1616 4.1929e-25
1617 3.50877e-25
1618 2.93544e-25
1619 2.45512e-25
1620 2.05283e-25
1621 1.71598e-25
1622 1.43401e-25
1623 1.19805e-25
1624 1.00064e-25
1625 8.35526e-26
1626 6.97468e-26
1627 5.82063e-26
1628 4.85621e-26
1629 4.05048e-26
1630 3.37752e-26
1631 2.8156e-26
1632 2.34653e-26
1633 1.95508e-26
1634 1.62849e-26
1635 1.3561e-26
1636 1.12896e-26
1637 9.39611e-27
1638 7.81811e-27
1639 6.50339e-27
1640 5.40831e-27
1641 4.49642e-27
1642 3.73729e-27
1643 3.1055e-27
1644 2.57983e-27
1645 2.14257e-27
1646 1.77895e-27
1647 1.47665e-27
1648 1.2254e-27
1649 1.01663e-27
1650 8.432e-28
1651 6.99175e-28
1652 5.79599e-28
1653 4.80346e-28
1654 3.97985e-28
1655 3.29659e-28
1656 2.72992e-28
1657 2.26006e-28
1658 1.87058e-28
1659 1.54782e-28
1660 1.28041e-28
1661 1.05892e-28
1662 8.75518e-29
1663 7.2369e-29
1664 5.98034e-29
1665 4.94066e-29
1666 4.08066e-29
1667 3.36947e-29
1668 2.78149e-29
1669 2.29552e-29
1670 1.89395e-29
1671 1.56222e-29
1672 1.28826e-29
1673 1.06205e-29
1674 8.75338e-30
1675 7.21257e-30
1676 5.94141e-30
1677 4.89298e-30
1678 4.02848e-30
1679 3.31584e-30
1680 2.72854e-30
1681 2.24466e-30
1682 1.84609e-30
1683 1.51789e-30
1684 1.2477e-30
1685 1.02533e-30
1686 8.42364e-31
1687 6.91859e-31
1688 5.68091e-31
1689 4.66337e-31
1690 3.82705e-31
1691 3.13985e-31
1692 2.57534e-31
1693 2.11175e-31
1694 1.73113e-31
1695 1.41872e-31
1696 1.16237e-31
1697 9.52081e-32
1698 7.79617e-32
1699 6.38216e-32
1700 5.22317e-32
1701 4.27345e-32
1702 3.49544e-32
1703 2.85827e-32
1704 2.33659e-32
1705 1.90959e-32
1706 1.56019e-32
1707 1.27435e-32
1708 1.04059e-32
1709 8.4947e-33
1710 6.93255e-33
1711 5.65606e-33
1712 4.61331e-33
1713 3.76173e-33
1714 3.06647e-33
1715 2.499e-33
1716 2.03596e-33
1717 1.65825e-33
1718 1.35022e-33
1719 1.0991e-33
1720 8.94429e-34
1721 7.27662e-34
1722 5.9182e-34
1723 4.812e-34
1724 3.91144e-34
1725 3.17851e-34
1726 2.58218e-34
1727 2.09714e-34
1728 1.70271e-34
1729 1.38208e-34
1730 1.1215e-34
1731 9.09797e-35
1732 7.37844e-35
1733 5.9822e-35
1734 4.8488e-35
1735 3.92902e-35
1736 3.18281e-35
1737 2.57759e-35
1738 2.08687e-35
1739 1.68909e-35
1740 1.36675e-35
1741 1.10561e-35
1742 8.94118e-36
1743 7.22878e-36
1744 5.84269e-36
1745 4.72106e-36
1746 3.81369e-36
1747 3.07986e-36
1748 2.48653e-36
1749 2.00696e-36
1750 1.61943e-36
1751 1.30637e-36
1752 1.05353e-36
1753 8.494e-37
1754 6.84632e-37
1755 5.51675e-37
1756 4.44416e-37
1757 3.57914e-37
1758 2.8817e-37
1759 2.31953e-37
1760 1.86653e-37
1761 1.50158e-37
1762 1.20767e-37
1763 9.71023e-38
1764 7.80537e-38
1765 6.2725e-38
1766 5.0393e-38
1767 4.04747e-38
1768 3.24997e-38
1769 2.60891e-38
1770 2.09374e-38
1771 1.67985e-38
1772 1.34741e-38
1773 1.08048e-38
1774 8.66191e-39
1775 6.94217e-39
1776 5.56238e-39
1777 4.45564e-39
1778 3.56815e-39
1779 2.85666e-39
1780 2.28643e-39
1781 1.82954e-39
1782 1.46355e-39
1783 1.17046e-39
1784 9.35812e-40
1785 7.48003e-40
1786 5.97723e-40
1787 4.77506e-40
1788 3.81364e-40
1789 3.04496e-40
1790 2.43056e-40
1791 1.93959e-40
1792 1.54737e-40
1793 1.23413e-40
1794 9.84019e-41
1795 7.84381e-41
1796 6.25071e-41
1797 4.97978e-41
1798 3.96614e-41
1799 3.15794e-41
1800 2.51372e-41
1801 2.00034e-41
1802 1.59136e-41
1803 1.26563e-41
1804 1.00628e-41
1805 7.99847e-42
1806 6.35574e-42
1807 5.04892e-42
1808 4.00961e-42
1809 3.18329e-42
1810 2.52651e-42
1811 2.00463e-42
1812 1.59008e-42
1813 1.26087e-42
1814 9.99509e-43
1815 7.92083e-43
1816 6.2751e-43
1817 4.96976e-43
1818 3.93472e-43
1819 3.11426e-43
1820 2.46411e-43
1821 1.94906e-43
1822 1.54117e-43
1823 1.21825e-43
1824 9.62679e-44
1825 7.60474e-44
1826 6.00543e-44
1827 4.7409e-44
1828 3.74138e-44
1829 2.95161e-44
1830 2.32776e-44
1831 1.83515e-44
1832 1.4463e-44
1833 1.13945e-44
1834 8.97388e-45
1835 7.06506e-45
1836 5.56033e-45
1837 4.37455e-45
1838 3.44043e-45
1839 2.70482e-45
1840 2.12573e-45
1841 1.67003e-45
1842 1.31154e-45
1843 1.02964e-45
1844 8.0803e-46
1845 6.33887e-46
1846 4.97092e-46
1847 3.89674e-46
1848 3.05355e-46
1849 2.39192e-46
1850 1.87295e-46
1851 1.46602e-46
1852 1.14707e-46
1853 8.97176e-47
1854 7.01453e-47
1855 5.48217e-47
1856 4.28292e-47
1857 3.34472e-47
1858 2.61102e-47
1859 2.03747e-47
1860 1.58929e-47
1861 1.23921e-47
1862 9.65867e-48
1863 7.52517e-48
1864 5.86062e-48
1865 4.56244e-48
1866 3.55041e-48
1867 2.76175e-48
1868 2.14742e-48
1869 1.66907e-48
1870 1.29675e-48
1871 1.00707e-48
1872 7.81788e-49
1873 6.06653e-49
1874 4.70558e-49
1875 3.64845e-49
1876 2.82765e-49
1877 2.1906e-49
1878 1.69637e-49
1879 1.3131e-49
1880 1.016e-49
1881 7.85797e-50
1882 6.07498e-50
1883 4.69459e-50
1884 3.62634e-50
1885 2.79999e-50
1886 2.16103e-50
1887 1.66718e-50
1888 1.28565e-50
1889 9.91006e-51
1890 7.63565e-51
1891 5.88073e-51
1892 4.52722e-51
1893 3.48374e-51
1894 2.67963e-51
1895 2.06025e-51
1896 1.58335e-51
1897 1.21632e-51
1898 9.33966e-52
1899 7.16849e-52
1900 5.49968e-52
1901 4.21755e-52
1902 3.23292e-52
1903 2.47708e-52
1904 1.89714e-52
1905 1.45234e-52
1906 1.11135e-52
1907 8.50047e-53
1908 6.499e-53
1909 4.96662e-53
1910 3.7939e-53
1911 2.89682e-53
1912 2.21089e-53
1913 1.68664e-53
1914 1.28614e-53
1915 9.8031e-54
1916 7.46876e-54
1917 5.68779e-54
1918 4.3296e-54
1919 3.29428e-54
1920 2.50543e-54
1921 1.90465e-54
1922 1.44729e-54
1923 1.09927e-54
1924 8.34568e-55
1925 6.33327e-55
1926 4.804e-55
1927 3.64239e-55
1928 2.76044e-55
1929 2.09111e-55
1930 1.58338e-55
1931 1.1984e-55
1932 9.0662e-56
1933 6.85578e-56
1934 5.18199e-56
1935 3.91511e-56
1936 2.95665e-56
1937 2.23184e-56
1938 1.68397e-56
1939 1.27002e-56
1940 9.57409e-57
1941 7.21425e-57
1942 5.43365e-57
1943 4.09073e-57
1944 3.07834e-57
1945 2.31547e-57
1946 1.74088e-57
1947 1.3083e-57
1948 9.82773e-58
1949 7.37914e-58
1950 5.53816e-58
1951 4.15463e-58
1952 3.11535e-58
1953 2.33501e-58
1954 1.74936e-58
1955 1.31001e-58
1956 9.80569e-59
1957 7.3365e-59
1958 5.48665e-59
1959 4.1014e-59
1960 3.06454e-59
1961 2.28878e-59
1962 1.70865e-59
1963 1.27499e-59
1964 9.50974e-60
1965 7.08986e-60
1966 5.28341e-60
1967 3.93549e-60
1968 2.93015e-60
1969 2.18066e-60
1970 1.62216e-60
1971 1.20617e-60
1972 8.96458e-61
1973 6.65976e-61
1974 4.94532e-61
1975 3.67061e-61
1976 2.72327e-61
1977 2.01952e-61
1978 1.49698e-61
1979 1.10915e-61
1980 8.21433e-62
1981 6.08082e-62
1982 4.49945e-62
1983 3.32786e-62
1984 2.46025e-62
1985 1.81803e-62
1986 1.34286e-62
1987 9.9144e-63
1988 7.31664e-63
1989 5.39716e-63
1990 3.97948e-63
1991 2.93289e-63
1992 2.1606e-63
1993 1.59096e-63
1994 1.17099e-63
1995 8.61504e-64
1996 6.33532e-64
1997 4.6568e-64
1998 3.42149e-64
1999 2.51277e-64
2000 1.84458e-64
2001 1.35348e-64
2002 9.92689e-65
2003 7.27753e-65
2004 5.33291e-65
2005 3.90618e-65
2006 2.85989e-65
2007 2.09294e-65
2008 1.53099e-65
2009 1.11943e-65
2010 8.18144e-66
2011 5.97685e-66
2012 4.3644e-66
2013 3.18556e-66
2014 2.32411e-66
2015 1.69487e-66
2016 1.23545e-66
2017 9.00171e-67
2018 6.55594e-67
2019 4.77259e-67
2020 3.47284e-67
2021 2.52595e-67
2022 1.83645e-67
2023 1.33457e-67
2024 9.69438e-68
2025 7.03901e-68
2026 5.10881e-68
2027 3.70634e-68
2028 2.68778e-68
2029 1.94835e-68
2030 1.4118e-68
2031 1.02263e-68
2032 7.40482e-69
2033 5.36019e-69
2034 3.87916e-69
2035 2.80686e-69
2036 2.03086e-69
2037 1.46957e-69
2038 1.06381e-69
2039 7.707e-70
2040 5.59172e-70
2041 4.06753e-70
2042 2.97209e-70
2043 2.18845e-70
2044 1.63277e-70
2045 1.24548e-70
2046 9.84992e-71
2047 8.23315e-71
