0 7.45443e-22
1 6.81602e-22
2 6.25617e-22
3 5.76677e-22
4 5.34079e-22
5 4.97199e-22
6 4.65498e-22
7 4.38511e-22
8 4.15838e-22
9 3.97144e-22
10 3.82151e-22
11 3.70629e-22
12 3.62397e-22
13 3.57328e-22
14 3.55335e-22
15 3.56366e-22
16 3.60423e-22
17 3.67545e-22
18 3.77808e-22
19 3.91337e-22
20 4.08296e-22
21 4.28894e-22
22 4.5339e-22
23 4.82092e-22
24 5.15356e-22
25 5.536e-22
26 5.97308e-22
27 6.47024e-22
28 7.03369e-22
29 7.67048e-22
30 8.38845e-22
31 9.1965e-22
32 1.01047e-21
33 1.1124e-21
34 1.2267e-21
35 1.35477e-21
36 1.49814e-21
37 1.65856e-21
38 1.83797e-21
39 2.0385e-21
40 2.26254e-21
41 2.51278e-21
42 2.79215e-21
43 3.10396e-21
44 3.45189e-21
45 3.83998e-21
46 4.27277e-21
47 4.75528e-21
48 5.29307e-21
49 5.89236e-21
50 6.56e-21
51 7.30362e-21
52 8.1317e-21
53 9.05359e-21
54 1.00797e-20
55 1.12217e-20
56 1.24922e-20
57 1.39054e-20
58 1.54771e-20
59 1.72247e-20
60 1.91674e-20
61 2.13267e-20
62 2.37261e-20
63 2.63918e-20
64 2.93528e-20
65 3.26412e-20
66 3.62923e-20
67 4.03455e-20
68 4.48441e-20
69 4.9836e-20
70 5.53743e-20
71 6.15176e-20
72 6.83307e-20
73 7.58849e-20
74 8.42595e-20
75 9.35417e-20
76 1.03828e-19
77 1.15224e-19
78 1.27848e-19
79 1.41829e-19
80 1.5731e-19
81 1.74449e-19
82 1.93419e-19
83 2.14413e-19
84 2.37641e-19
85 2.63337e-19
86 2.91756e-19
87 3.23182e-19
88 3.57925e-19
89 3.9633e-19
90 4.38772e-19
91 4.85669e-19
92 5.37476e-19
93 5.94698e-19
94 6.57887e-19
95 7.27653e-19
96 8.04665e-19
97 8.89659e-19
98 9.83445e-19
99 1.08691e-18
100 1.20104e-18
101 1.32689e-18
102 1.46566e-18
103 1.61863e-18
104 1.78723e-18
105 1.97301e-18
106 2.1777e-18
107 2.40316e-18
108 2.65147e-18
109 2.92488e-18
110 3.22587e-18
111 3.55716e-18
112 3.92173e-18
113 4.32286e-18
114 4.76411e-18
115 5.24941e-18
116 5.78306e-18
117 6.36975e-18
118 7.01465e-18
119 7.7234e-18
120 8.50215e-18
121 9.35767e-18
122 1.02973e-17
123 1.13293e-17
124 1.24623e-17
125 1.3706e-17
126 1.5071e-17
127 1.65689e-17
128 1.82123e-17
129 2.0015e-17
130 2.19919e-17
131 2.41596e-17
132 2.65361e-17
133 2.91409e-17
134 3.19954e-17
135 3.5123e-17
136 3.85491e-17
137 4.23015e-17
138 4.64106e-17
139 5.09093e-17
140 5.58336e-17
141 6.12229e-17
142 6.71198e-17
143 7.3571e-17
144 8.06272e-17
145 8.83436e-17
146 9.67805e-17
147 1.06003e-16
148 1.16083e-16
149 1.27098e-16
150 1.39132e-16
151 1.52276e-16
152 1.66632e-16
153 1.82306e-16
154 1.99418e-16
155 2.18096e-16
156 2.38478e-16
157 2.60716e-16
158 2.84974e-16
159 3.11432e-16
160 3.40282e-16
161 3.71736e-16
162 4.06022e-16
163 4.43388e-16
164 4.84102e-16
165 5.28457e-16
166 5.76769e-16
167 6.29381e-16
168 6.86666e-16
169 7.49026e-16
170 8.16899e-16
171 8.90758e-16
172 9.71117e-16
173 1.05853e-15
174 1.1536e-15
175 1.25698e-15
176 1.36937e-15
177 1.49154e-15
178 1.62431e-15
179 1.76858e-15
180 1.92531e-15
181 2.09554e-15
182 2.28042e-15
183 2.48115e-15
184 2.69906e-15
185 2.93557e-15
186 3.19222e-15
187 3.47068e-15
188 3.77275e-15
189 4.10036e-15
190 4.4556e-15
191 4.84074e-15
192 5.25821e-15
193 5.71064e-15
194 6.20086e-15
195 6.73193e-15
196 7.30715e-15
197 7.93008e-15
198 8.60452e-15
199 9.33462e-15
200 1.01248e-14
201 1.09799e-14
202 1.1905e-14
203 1.29056e-14
204 1.39878e-14
205 1.5158e-14
206 1.6423e-14
207 1.77903e-14
208 1.9268e-14
209 2.08645e-14
210 2.25892e-14
211 2.44519e-14
212 2.64634e-14
213 2.86351e-14
214 3.09794e-14
215 3.35095e-14
216 3.62397e-14
217 3.91851e-14
218 4.23622e-14
219 4.57885e-14
220 4.94831e-14
221 5.34661e-14
222 5.77593e-14
223 6.23859e-14
224 6.7371e-14
225 7.27415e-14
226 7.85259e-14
227 8.47552e-14
228 9.14623e-14
229 9.86826e-14
230 1.06454e-13
231 1.14817e-13
232 1.23815e-13
233 1.33494e-13
234 1.43905e-13
235 1.551e-13
236 1.67136e-13
237 1.80075e-13
238 1.93981e-13
239 2.08924e-13
240 2.24978e-13
241 2.42223e-13
242 2.60744e-13
243 2.80631e-13
244 3.01981e-13
245 3.24898e-13
246 3.49492e-13
247 3.75881e-13
248 4.04191e-13
249 4.34555e-13
250 4.67117e-13
251 5.02029e-13
252 5.39454e-13
253 5.79564e-13
254 6.22545e-13
255 6.68594e-13
256 7.17919e-13
257 7.70744e-13
258 8.27308e-13
259 8.87861e-13
260 9.52675e-13
261 1.02204e-12
262 1.09625e-12
263 1.17564e-12
264 1.26055e-12
265 1.35135e-12
266 1.44843e-12
267 1.5522e-12
268 1.66311e-12
269 1.78163e-12
270 1.90824e-12
271 2.04349e-12
272 2.18794e-12
273 2.34218e-12
274 2.50685e-12
275 2.68262e-12
276 2.8702e-12
277 3.07037e-12
278 3.28391e-12
279 3.5117e-12
280 3.75463e-12
281 4.01366e-12
282 4.28983e-12
283 4.5842e-12
284 4.89793e-12
285 5.23223e-12
286 5.58839e-12
287 5.96777e-12
288 6.37182e-12
289 6.80207e-12
290 7.26013e-12
291 7.74772e-12
292 8.26666e-12
293 8.81886e-12
294 9.40635e-12
295 1.00313e-11
296 1.06959e-11
297 1.14026e-11
298 1.2154e-11
299 1.29526e-11
300 1.38014e-11
301 1.47033e-11
302 1.56615e-11
303 1.66792e-11
304 1.776e-11
305 1.89076e-11
306 2.01259e-11
307 2.14189e-11
308 2.27911e-11
309 2.42469e-11
310 2.57912e-11
311 2.7429e-11
312 2.91657e-11
313 3.1007e-11
314 3.29586e-11
315 3.50268e-11
316 3.72183e-11
317 3.95398e-11
318 4.19986e-11
319 4.46024e-11
320 4.73592e-11
321 5.02774e-11
322 5.33659e-11
323 5.6634e-11
324 6.00915e-11
325 6.37489e-11
326 6.76168e-11
327 7.17067e-11
328 7.60305e-11
329 8.0601e-11
330 8.54311e-11
331 9.0535e-11
332 9.5927e-11
333 1.01623e-10
334 1.07638e-10
335 1.1399e-10
336 1.20695e-10
337 1.27774e-10
338 1.35245e-10
339 1.43129e-10
340 1.51448e-10
341 1.60223e-10
342 1.69479e-10
343 1.7924e-10
344 1.89532e-10
345 2.00382e-10
346 2.1182e-10
347 2.23874e-10
348 2.36577e-10
349 2.4996e-10
350 2.64058e-10
351 2.78906e-10
352 2.94543e-10
353 3.11007e-10
354 3.28339e-10
355 3.46582e-10
356 3.65781e-10
357 3.85981e-10
358 4.07232e-10
359 4.29584e-10
360 4.5309e-10
361 4.77805e-10
362 5.03787e-10
363 5.31095e-10
364 5.59791e-10
365 5.89941e-10
366 6.21611e-10
367 6.54873e-10
368 6.89799e-10
369 7.26464e-10
370 7.64949e-10
371 8.05334e-10
372 8.47706e-10
373 8.92153e-10
374 9.38766e-10
375 9.87643e-10
376 1.03888e-09
377 1.09258e-09
378 1.14886e-09
379 1.20782e-09
380 1.26958e-09
381 1.33426e-09
382 1.40198e-09
383 1.47287e-09
384 1.54707e-09
385 1.62472e-09
386 1.70596e-09
387 1.79094e-09
388 1.87983e-09
389 1.97277e-09
390 2.06994e-09
391 2.17151e-09
392 2.27768e-09
393 2.38861e-09
394 2.50452e-09
395 2.62561e-09
396 2.75208e-09
397 2.88416e-09
398 3.02208e-09
399 3.16608e-09
400 3.31639e-09
401 3.47329e-09
402 3.63702e-09
403 3.80788e-09
404 3.98615e-09
405 4.17212e-09
406 4.3661e-09
407 4.56841e-09
408 4.77939e-09
409 4.99938e-09
410 5.22874e-09
411 5.46782e-09
412 5.71702e-09
413 5.97673e-09
414 6.24735e-09
415 6.5293e-09
416 6.82302e-09
417 7.12896e-09
418 7.44758e-09
419 7.77934e-09
420 8.12475e-09
421 8.48429e-09
422 8.8585e-09
423 9.24789e-09
424 9.65302e-09
425 1.00744e-08
426 1.05127e-08
427 1.09684e-08
428 1.14422e-08
429 1.19347e-08
430 1.24464e-08
431 1.2978e-08
432 1.35302e-08
433 1.41037e-08
434 1.46991e-08
435 1.53171e-08
436 1.59584e-08
437 1.66237e-08
438 1.73138e-08
439 1.80294e-08
440 1.87713e-08
441 1.95402e-08
442 2.03369e-08
443 2.11622e-08
444 2.2017e-08
445 2.2902e-08
446 2.38181e-08
447 2.47662e-08
448 2.57472e-08
449 2.67618e-08
450 2.78112e-08
451 2.88961e-08
452 3.00176e-08
453 3.11767e-08
454 3.23743e-08
455 3.36115e-08
456 3.48895e-08
457 3.62092e-08
458 3.75718e-08
459 3.89785e-08
460 4.04305e-08
461 4.1929e-08
462 4.34754e-08
463 4.5071e-08
464 4.67171e-08
465 4.84152e-08
466 5.01668e-08
467 5.19734e-08
468 5.38366e-08
469 5.57581e-08
470 5.77395e-08
471 5.97827e-08
472 6.18894e-08
473 6.40616e-08
474 6.63013e-08
475 6.86104e-08
476 7.0991e-08
477 7.34454e-08
478 7.59756e-08
479 7.8584e-08
480 8.12729e-08
481 8.40448e-08
482 8.6902e-08
483 8.9847e-08
484 9.28825e-08
485 9.60109e-08
486 9.92349e-08
487 1.02557e-07
488 1.05981e-07
489 1.09507e-07
490 1.13141e-07
491 1.16883e-07
492 1.20738e-07
493 1.24706e-07
494 1.28792e-07
495 1.32998e-07
496 1.37327e-07
497 1.4178e-07
498 1.46361e-07
499 1.51072e-07
500 1.55916e-07
501 1.60894e-07
502 1.66009e-07
503 1.71263e-07
504 1.76658e-07
505 1.82195e-07
506 1.87877e-07
507 1.93705e-07
508 1.99681e-07
509 2.05805e-07
510 2.12078e-07
511 2.18503e-07
512 2.25079e-07
513 2.31808e-07
514 2.38689e-07
515 2.45723e-07
516 2.52911e-07
517 2.60252e-07
518 2.67747e-07
519 2.75395e-07
520 2.83195e-07
521 2.91149e-07
522 2.99254e-07
523 3.07512e-07
524 3.1592e-07
525 3.2448e-07
526 3.33189e-07
527 3.42048e-07
528 3.51057e-07
529 3.60215e-07
530 3.69521e-07
531 3.78976e-07
532 3.88581e-07
533 3.98334e-07
534 4.08238e-07
535 4.18292e-07
536 4.28499e-07
537 4.38859e-07
538 4.49376e-07
539 4.6005e-07
540 4.70885e-07
541 4.81884e-07
542 4.93052e-07
543 5.04391e-07
544 5.15908e-07
545 5.27607e-07
546 5.39495e-07
547 5.51578e-07
548 5.63864e-07
549 5.76359e-07
550 5.89072e-07
551 6.02013e-07
552 6.1519e-07
553 6.28614e-07
554 6.42295e-07
555 6.56245e-07
556 6.70473e-07
557 6.84993e-07
558 6.99817e-07
559 7.14956e-07
560 7.30424e-07
561 7.46234e-07
562 7.62399e-07
563 7.78931e-07
564 7.95843e-07
565 8.13149e-07
566 8.30861e-07
567 8.4899e-07
568 8.67548e-07
569 8.86547e-07
570 9.05997e-07
571 9.25907e-07
572 9.46286e-07
573 9.67142e-07
574 9.88481e-07
575 1.01031e-06
576 1.03263e-06
577 1.05544e-06
578 1.07875e-06
579 1.10255e-06
580 1.12684e-06
581 1.15162e-06
582 1.17687e-06
583 1.2026e-06
584 1.22879e-06
585 1.25542e-06
586 1.28248e-06
587 1.30995e-06
588 1.33782e-06
589 1.36605e-06
590 1.39463e-06
591 1.42353e-06
592 1.45272e-06
593 1.48216e-06
594 1.51182e-06
595 1.54166e-06
596 1.57166e-06
597 1.60176e-06
598 1.63193e-06
599 1.66212e-06
600 1.69228e-06
601 1.72238e-06
602 1.75235e-06
603 1.78217e-06
604 1.81176e-06
605 1.8411e-06
606 1.87012e-06
607 1.89878e-06
608 1.92702e-06
609 1.95481e-06
610 1.98209e-06
611 2.00881e-06
612 2.03494e-06
613 2.06043e-06
614 2.08524e-06
615 2.10933e-06
616 2.13267e-06
617 2.15522e-06
618 2.17697e-06
619 2.19788e-06
620 2.21794e-06
621 2.23713e-06
622 2.25543e-06
623 2.27286e-06
624 2.2894e-06
625 2.30506e-06
626 2.31986e-06
627 2.33381e-06
628 2.34693e-06
629 2.35925e-06
630 2.37082e-06
631 2.38167e-06
632 2.39185e-06
633 2.40142e-06
634 2.41044e-06
635 2.41898e-06
636 2.42711e-06
637 2.43491e-06
638 2.44248e-06
639 2.4499e-06
640 2.45727e-06
641 2.4647e-06
642 2.4723e-06
643 2.48017e-06
644 2.48844e-06
645 2.49723e-06
646 2.50665e-06
647 2.51685e-06
648 2.52794e-06
649 2.54006e-06
650 2.55334e-06
651 2.56792e-06
652 2.58392e-06
653 2.60148e-06
654 2.62072e-06
655 2.64178e-06
656 2.66478e-06
657 2.68984e-06
658 2.71707e-06
659 2.74659e-06
660 2.7785e-06
661 2.81289e-06
662 2.84987e-06
663 2.88951e-06
664 2.93189e-06
665 2.97706e-06
666 3.02509e-06
667 3.07601e-06
668 3.12986e-06
669 3.18665e-06
670 3.24639e-06
671 3.30908e-06
672 3.37468e-06
673 3.44318e-06
674 3.51452e-06
675 3.58863e-06
676 3.66543e-06
677 3.74484e-06
678 3.82675e-06
679 3.91102e-06
680 3.99752e-06
681 4.08609e-06
682 4.17657e-06
683 4.26877e-06
684 4.36249e-06
685 4.45751e-06
686 4.55361e-06
687 4.65055e-06
688 4.74807e-06
689 4.84591e-06
690 4.94379e-06
691 5.04142e-06
692 5.1385e-06
693 5.23474e-06
694 5.3298e-06
695 5.42338e-06
696 5.51514e-06
697 5.60476e-06
698 5.69189e-06
699 5.77619e-06
700 5.85734e-06
701 5.93498e-06
702 6.00879e-06
703 6.07842e-06
704 6.14355e-06
705 6.20385e-06
706 6.259e-06
707 6.3087e-06
708 6.35263e-06
709 6.39053e-06
710 6.4221e-06
711 6.44708e-06
712 6.46523e-06
713 6.47632e-06
714 6.48014e-06
715 6.47649e-06
716 6.46519e-06
717 6.44611e-06
718 6.4191e-06
719 6.38407e-06
720 6.34093e-06
721 6.28962e-06
722 6.23013e-06
723 6.16245e-06
724 6.08661e-06
725 6.00265e-06
726 5.91068e-06
727 5.81079e-06
728 5.70314e-06
729 5.5879e-06
730 5.46527e-06
731 5.3355e-06
732 5.19884e-06
733 5.0556e-06
734 4.90609e-06
735 4.75068e-06
736 4.58975e-06
737 4.42372e-06
738 4.25303e-06
739 4.07815e-06
740 3.89958e-06
741 3.71784e-06
742 3.53348e-06
743 3.34707e-06
744 3.15921e-06
745 2.97052e-06
746 2.78164e-06
747 2.59321e-06
748 2.40593e-06
749 2.22046e-06
750 2.03753e-06
751 1.85785e-06
752 1.68215e-06
753 1.51117e-06
754 1.34566e-06
755 1.18637e-06
756 1.03406e-06
757 8.89485e-07
758 7.53416e-07
759 6.2661e-07
760 5.09826e-07
761 4.03818e-07
762 3.09334e-07
763 2.27115e-07
764 1.57888e-07
765 1.02375e-07
766 6.12782e-08
767 3.52899e-08
768 2.50837e-08
769 3.13156e-08
770 5.46223e-08
771 9.56193e-08
772 1.549e-07
773 2.33034e-07
774 3.30567e-07
775 4.48017e-07
776 5.85877e-07
777 7.44611e-07
778 9.24653e-07
779 1.12641e-06
780 1.35025e-06
781 1.59653e-06
782 1.86556e-06
783 2.15761e-06
784 2.47293e-06
785 2.81175e-06
786 3.17424e-06
787 3.56055e-06
788 3.9708e-06
789 4.40509e-06
790 4.86346e-06
791 5.34593e-06
792 5.8525e-06
793 6.38313e-06
794 6.93774e-06
795 7.51626e-06
796 8.11853e-06
797 8.74443e-06
798 9.39376e-06
799 1.00663e-05
800 1.07619e-05
801 1.14802e-05
802 1.22211e-05
803 1.29841e-05
804 1.3769e-05
805 1.45755e-05
806 1.54032e-05
807 1.62519e-05
808 1.7121e-05
809 1.80103e-05
810 1.89194e-05
811 1.98479e-05
812 2.07955e-05
813 2.17616e-05
814 2.2746e-05
815 2.37483e-05
816 2.4768e-05
817 2.58049e-05
818 2.68585e-05
819 2.79285e-05
820 2.90146e-05
821 3.01164e-05
822 3.12337e-05
823 3.23661e-05
824 3.35134e-05
825 3.46753e-05
826 3.58516e-05
827 3.70421e-05
828 3.82467e-05
829 3.94652e-05
830 4.06975e-05
831 4.19436e-05
832 4.32034e-05
833 4.4477e-05
834 4.57643e-05
835 4.70654e-05
836 4.83805e-05
837 4.97098e-05
838 5.10534e-05
839 5.24116e-05
840 5.37848e-05
841 5.51732e-05
842 5.65773e-05
843 5.79975e-05
844 5.94344e-05
845 6.08884e-05
846 6.23603e-05
847 6.38506e-05
848 6.536e-05
849 6.68894e-05
850 6.84396e-05
851 7.00114e-05
852 7.16057e-05
853 7.32237e-05
854 7.48662e-05
855 7.65345e-05
856 7.82297e-05
857 7.99529e-05
858 8.17055e-05
859 8.34888e-05
860 8.53043e-05
861 8.71532e-05
862 8.90372e-05
863 9.09577e-05
864 9.29164e-05
865 9.4915e-05
866 9.69552e-05
867 9.90387e-05
868 0.000101167
869 0.000103343
870 0.000105568
871 0.000107844
872 0.000110172
873 0.000112556
874 0.000114997
875 0.000117497
876 0.000120059
877 0.000122685
878 0.000125377
879 0.000128138
880 0.00013097
881 0.000133875
882 0.000136856
883 0.000139916
884 0.000143056
885 0.000146281
886 0.000149592
887 0.000152991
888 0.000156483
889 0.000160069
890 0.000163753
891 0.000167537
892 0.000171424
893 0.000175417
894 0.000179519
895 0.000183733
896 0.000188062
897 0.000192509
898 0.000197078
899 0.00020177
900 0.00020659
901 0.00021154
902 0.000216624
903 0.000221845
904 0.000227206
905 0.00023271
906 0.000238361
907 0.000244162
908 0.000250116
909 0.000256227
910 0.000262499
911 0.000268933
912 0.000275534
913 0.000282306
914 0.000289252
915 0.000296375
916 0.000303678
917 0.000311166
918 0.000318842
919 0.000326709
920 0.000334772
921 0.000343032
922 0.000351495
923 0.000360164
924 0.000369043
925 0.000378134
926 0.000387443
927 0.000396972
928 0.000406725
929 0.000416707
930 0.00042692
931 0.000437369
932 0.000448057
933 0.000458988
934 0.000470166
935 0.000481595
936 0.000493278
937 0.00050522
938 0.000517424
939 0.000529894
940 0.000542635
941 0.00055565
942 0.000568942
943 0.000582516
944 0.000596377
945 0.000610527
946 0.00062497
947 0.000639712
948 0.000654755
949 0.000670104
950 0.000685763
951 0.000701735
952 0.000718026
953 0.000734638
954 0.000751576
955 0.000768844
956 0.000786446
957 0.000804386
958 0.000822668
959 0.000841297
960 0.000860276
961 0.000879609
962 0.000899301
963 0.000919355
964 0.000939777
965 0.000960569
966 0.000981736
967 0.00100328
968 0.00102521
969 0.00104753
970 0.00107023
971 0.00109334
972 0.00111684
973 0.00114074
974 0.00116506
975 0.00118978
976 0.00121492
977 0.00124048
978 0.00126647
979 0.00129288
980 0.00131972
981 0.001347
982 0.00137472
983 0.00140288
984 0.00143149
985 0.00146055
986 0.00149006
987 0.00152004
988 0.00155047
989 0.00158137
990 0.00161275
991 0.00164459
992 0.00167692
993 0.00170972
994 0.00174301
995 0.00177679
996 0.00181106
997 0.00184582
998 0.00188108
999 0.00191685
1000 0.00195312
1001 0.0019899
1002 0.00202718
1003 0.00206499
1004 0.00210331
1005 0.00214215
1006 0.00218151
1007 0.0022214
1008 0.00226182
1009 0.00230277
1010 0.00234426
1011 0.00238628
1012 0.00242884
1013 0.00247195
1014 0.00251559
1015 0.00255979
1016 0.00260453
1017 0.00264982
1018 0.00269567
1019 0.00274206
1020 0.00278902
1021 0.00283653
1022 0.0028846
1023 0.00293323
1024 0.00298242
1025 0.00303217
1026 0.00308249
1027 0.00313338
1028 0.00318482
1029 0.00323684
1030 0.00328942
1031 0.00334257
1032 0.00339628
1033 0.00345057
1034 0.00350542
1035 0.00356083
1036 0.00361682
1037 0.00367337
1038 0.00373049
1039 0.00378817
1040 0.00384642
1041 0.00390524
1042 0.00396461
1043 0.00402455
1044 0.00408504
1045 0.0041461
1046 0.00420771
1047 0.00426987
1048 0.00433259
1049 0.00439586
1050 0.00445967
1051 0.00452403
1052 0.00458893
1053 0.00465437
1054 0.00472035
1055 0.00478685
1056 0.00485389
1057 0.00492145
1058 0.00498953
1059 0.00505813
1060 0.00512724
1061 0.00519686
1062 0.00526698
1063 0.0053376
1064 0.00540871
1065 0.00548031
1066 0.0055524
1067 0.00562495
1068 0.00569798
1069 0.00577148
1070 0.00584543
1071 0.00591983
1072 0.00599468
1073 0.00606996
1074 0.00614567
1075 0.00622181
1076 0.00629837
1077 0.00637533
1078 0.00645269
1079 0.00653044
1080 0.00660857
1081 0.00668708
1082 0.00676595
1083 0.00684518
1084 0.00692476
1085 0.00700468
1086 0.00708492
1087 0.00716548
1088 0.00724635
1089 0.00732751
1090 0.00740897
1091 0.00749069
1092 0.00757269
1093 0.00765494
1094 0.00773743
1095 0.00782015
1096 0.00790309
1097 0.00798624
1098 0.00806958
1099 0.00815311
1100 0.00823681
1101 0.00832066
1102 0.00840466
1103 0.00848879
1104 0.00857304
1105 0.0086574
1106 0.00874184
1107 0.00882637
1108 0.00891096
1109 0.00899559
1110 0.00908027
1111 0.00916496
1112 0.00924966
1113 0.00933435
1114 0.00941902
1115 0.00950364
1116 0.00958822
1117 0.00967272
1118 0.00975714
1119 0.00984146
1120 0.00992567
1121 0.0100097
1122 0.0100937
1123 0.0101774
1124 0.010261
1125 0.0103444
1126 0.0104275
1127 0.0105105
1128 0.0105932
1129 0.0106756
1130 0.0107577
1131 0.0108396
1132 0.0109211
1133 0.0110023
1134 0.0110832
1135 0.0111637
1136 0.0112438
1137 0.0113235
1138 0.0114028
1139 0.0114816
1140 0.0115601
1141 0.011638
1142 0.0117154
1143 0.0117924
1144 0.0118688
1145 0.0119447
1146 0.01202
1147 0.0120948
1148 0.012169
1149 0.0122425
1150 0.0123154
1151 0.0123877
1152 0.0124594
1153 0.0125303
1154 0.0126006
1155 0.0126701
1156 0.0127389
1157 0.012807
1158 0.0128743
1159 0.0129409
1160 0.0130066
1161 0.0130716
1162 0.0131357
1163 0.0131989
1164 0.0132613
1165 0.0133228
1166 0.0133835
1167 0.0134432
1168 0.013502
1169 0.0135599
1170 0.0136168
1171 0.0136728
1172 0.0137277
1173 0.0137817
1174 0.0138346
1175 0.0138866
1176 0.0139375
1177 0.0139873
1178 0.0140361
1179 0.0140838
1180 0.0141304
1181 0.0141759
1182 0.0142202
1183 0.0142635
1184 0.0143056
1185 0.0143465
1186 0.0143863
1187 0.0144249
1188 0.0144623
1189 0.0144985
1190 0.0145335
1191 0.0145673
1192 0.0145998
1193 0.0146312
1194 0.0146612
1195 0.01469
1196 0.0147175
1197 0.0147438
1198 0.0147688
1199 0.0147924
1200 0.0148148
1201 0.0148359
1202 0.0148557
1203 0.0148741
1204 0.0148912
1205 0.014907
1206 0.0149215
1207 0.0149346
1208 0.0149463
1209 0.0149567
1210 0.0149658
1211 0.0149735
1212 0.0149798
1213 0.0149848
1214 0.0149884
1215 0.0149906
1216 0.0149915
1217 0.014991
1218 0.0149891
1219 0.0149859
1220 0.0149812
1221 0.0149752
1222 0.0149679
1223 0.0149591
1224 0.014949
1225 0.0149375
1226 0.0149246
1227 0.0149104
1228 0.0148948
1229 0.0148778
1230 0.0148595
1231 0.0148398
1232 0.0148188
1233 0.0147965
1234 0.0147727
1235 0.0147477
1236 0.0147213
1237 0.0146936
1238 0.0146646
1239 0.0146343
1240 0.0146026
1241 0.0145697
1242 0.0145355
1243 0.0144999
1244 0.0144632
1245 0.0144251
1246 0.0143858
1247 0.0143452
1248 0.0143034
1249 0.0142604
1250 0.0142162
1251 0.0141707
1252 0.014124
1253 0.0140762
1254 0.0140272
1255 0.013977
1256 0.0139257
1257 0.0138732
1258 0.0138196
1259 0.0137649
1260 0.0137091
1261 0.0136522
1262 0.0135942
1263 0.0135352
1264 0.0134751
1265 0.013414
1266 0.0133519
1267 0.0132888
1268 0.0132246
1269 0.0131596
1270 0.0130935
1271 0.0130265
1272 0.0129586
1273 0.0128898
1274 0.0128201
1275 0.0127496
1276 0.0126781
1277 0.0126058
1278 0.0125327
1279 0.0124588
1280 0.0123841
1281 0.0123087
1282 0.0122325
1283 0.0121555
1284 0.0120778
1285 0.0119995
1286 0.0119204
1287 0.0118407
1288 0.0117603
1289 0.0116794
1290 0.0115978
1291 0.0115156
1292 0.0114329
1293 0.0113496
1294 0.0112657
1295 0.0111814
1296 0.0110966
1297 0.0110113
1298 0.0109255
1299 0.0108394
1300 0.0107528
1301 0.0106658
1302 0.0105784
1303 0.0104907
1304 0.0104026
1305 0.0103142
1306 0.0102255
1307 0.0101366
1308 0.0100474
1309 0.0099579
1310 0.00986822
1311 0.00977834
1312 0.00968827
1313 0.00959804
1314 0.00950767
1315 0.00941717
1316 0.00932656
1317 0.00923586
1318 0.00914509
1319 0.00905427
1320 0.00896341
1321 0.00887254
1322 0.00878167
1323 0.00869082
1324 0.00860001
1325 0.00850926
1326 0.00841858
1327 0.00832798
1328 0.0082375
1329 0.00814714
1330 0.00805692
1331 0.00796685
1332 0.00787696
1333 0.00778726
1334 0.00769777
1335 0.00760849
1336 0.00751945
1337 0.00743067
1338 0.00734215
1339 0.00725391
1340 0.00716597
1341 0.00707834
1342 0.00699103
1343 0.00690406
1344 0.00681745
1345 0.00673119
1346 0.00664532
1347 0.00655984
1348 0.00647476
1349 0.00639009
1350 0.00630586
1351 0.00622206
1352 0.00613871
1353 0.00605583
1354 0.00597342
1355 0.00589149
1356 0.00581006
1357 0.00572913
1358 0.00564871
1359 0.00556881
1360 0.00548945
1361 0.00541063
1362 0.00533236
1363 0.00525465
1364 0.0051775
1365 0.00510092
1366 0.00502493
1367 0.00494953
1368 0.00487472
1369 0.00480052
1370 0.00472692
1371 0.00465394
1372 0.00458157
1373 0.00450984
1374 0.00443873
1375 0.00436827
1376 0.00429844
1377 0.00422926
1378 0.00416073
1379 0.00409285
1380 0.00402563
1381 0.00395908
1382 0.00389318
1383 0.00382796
1384 0.0037634
1385 0.00369951
1386 0.00363631
1387 0.00357377
1388 0.00351192
1389 0.00345074
1390 0.00339025
1391 0.00333044
1392 0.00327131
1393 0.00321287
1394 0.00315511
1395 0.00309804
1396 0.00304164
1397 0.00298594
1398 0.00293092
1399 0.00287658
1400 0.00282292
1401 0.00276994
1402 0.00271765
1403 0.00266603
1404 0.00261509
1405 0.00256483
1406 0.00251524
1407 0.00246632
1408 0.00241807
1409 0.00237049
1410 0.00232358
1411 0.00227732
1412 0.00223173
1413 0.00218679
1414 0.0021425
1415 0.00209886
1416 0.00205587
1417 0.00201352
1418 0.00197181
1419 0.00193074
1420 0.00189029
1421 0.00185048
1422 0.00181129
1423 0.00177271
1424 0.00173475
1425 0.0016974
1426 0.00166066
1427 0.00162452
1428 0.00158897
1429 0.00155402
1430 0.00151965
1431 0.00148586
1432 0.00145265
1433 0.00142001
1434 0.00138793
1435 0.00135642
1436 0.00132546
1437 0.00129505
1438 0.00126518
1439 0.00123585
1440 0.00120706
1441 0.00117879
1442 0.00115105
1443 0.00112382
1444 0.0010971
1445 0.00107088
1446 0.00104516
1447 0.00101994
1448 0.000995203
1449 0.000970946
1450 0.000947164
1451 0.000923851
1452 0.000901
1453 0.000878606
1454 0.000856663
1455 0.000835165
1456 0.000814106
1457 0.000793479
1458 0.000773279
1459 0.000753499
1460 0.000734135
1461 0.000715179
1462 0.000696625
1463 0.000678469
1464 0.000660703
1465 0.000643322
1466 0.000626319
1467 0.00060969
1468 0.000593428
1469 0.000577527
1470 0.000561981
1471 0.000546785
1472 0.000531933
1473 0.000517419
1474 0.000503237
1475 0.000489382
1476 0.000475849
1477 0.00046263
1478 0.000449722
1479 0.000437119
1480 0.000424814
1481 0.000412804
1482 0.000401081
1483 0.000389642
1484 0.000378481
1485 0.000367592
1486 0.00035697
1487 0.000346611
1488 0.00033651
1489 0.00032666
1490 0.000317058
1491 0.000307698
1492 0.000298576
1493 0.000289687
1494 0.000281026
1495 0.000272589
1496 0.00026437
1497 0.000256366
1498 0.000248572
1499 0.000240983
1500 0.000233595
1501 0.000226404
1502 0.000219406
1503 0.000212596
1504 0.00020597
1505 0.000199525
1506 0.000193256
1507 0.000187159
1508 0.00018123
1509 0.000175466
1510 0.000169863
1511 0.000164417
1512 0.000159124
1513 0.000153981
1514 0.000148985
1515 0.000144131
1516 0.000139417
1517 0.000134839
1518 0.000130394
1519 0.000126079
1520 0.00012189
1521 0.000117824
1522 0.000113879
1523 0.000110051
1524 0.000106337
1525 0.000102735
1526 9.92412e-05
1527 9.58534e-05
1528 9.25688e-05
1529 8.93846e-05
1530 8.62982e-05
1531 8.33071e-05
1532 8.04087e-05
1533 7.76006e-05
1534 7.48804e-05
1535 7.22457e-05
1536 6.96941e-05
1537 6.72235e-05
1538 6.48316e-05
1539 6.25163e-05
1540 6.02754e-05
1541 5.81068e-05
1542 5.60086e-05
1543 5.39787e-05
1544 5.20152e-05
1545 5.01163e-05
1546 4.828e-05
1547 4.65046e-05
1548 4.47882e-05
1549 4.31293e-05
1550 4.15261e-05
1551 3.99769e-05
1552 3.84801e-05
1553 3.70343e-05
1554 3.56378e-05
1555 3.42892e-05
1556 3.29871e-05
1557 3.173e-05
1558 3.05165e-05
1559 2.93453e-05
1560 2.82151e-05
1561 2.71247e-05
1562 2.60727e-05
1563 2.5058e-05
1564 2.40794e-05
1565 2.31358e-05
1566 2.2226e-05
1567 2.1349e-05
1568 2.05037e-05
1569 1.96891e-05
1570 1.89041e-05
1571 1.81479e-05
1572 1.74195e-05
1573 1.67179e-05
1574 1.60423e-05
1575 1.53918e-05
1576 1.47656e-05
1577 1.41628e-05
1578 1.35827e-05
1579 1.30245e-05
1580 1.24875e-05
1581 1.19709e-05
1582 1.1474e-05
1583 1.09961e-05
1584 1.05366e-05
1585 1.00949e-05
1586 9.6703e-06
1587 9.26222e-06
1588 8.87008e-06
1589 8.49331e-06
1590 8.13137e-06
1591 7.78372e-06
1592 7.44986e-06
1593 7.12928e-06
1594 6.8215e-06
1595 6.52606e-06
1596 6.2425e-06
1597 5.9704e-06
1598 5.70932e-06
1599 5.45886e-06
1600 5.21862e-06
1601 4.98823e-06
1602 4.76731e-06
1603 4.5555e-06
1604 4.35246e-06
1605 4.15787e-06
1606 3.97139e-06
1607 3.79271e-06
1608 3.62154e-06
1609 3.45758e-06
1610 3.30056e-06
1611 3.15021e-06
1612 3.00626e-06
1613 2.86846e-06
1614 2.73657e-06
1615 2.61036e-06
1616 2.4896e-06
1617 2.37408e-06
1618 2.26357e-06
1619 2.1579e-06
1620 2.05684e-06
1621 1.96023e-06
1622 1.86788e-06
1623 1.77961e-06
1624 1.69526e-06
1625 1.61466e-06
1626 1.53767e-06
1627 1.46413e-06
1628 1.3939e-06
1629 1.32683e-06
1630 1.2628e-06
1631 1.20169e-06
1632 1.14335e-06
1633 1.08769e-06
1634 1.03458e-06
1635 9.8391e-07
1636 9.35583e-07
1637 8.89495e-07
1638 8.45549e-07
1639 8.03653e-07
1640 7.63716e-07
1641 7.25654e-07
1642 6.89383e-07
1643 6.54826e-07
1644 6.21906e-07
1645 5.90551e-07
1646 5.60691e-07
1647 5.3226e-07
1648 5.05193e-07
1649 4.79429e-07
1650 4.54909e-07
1651 4.31577e-07
1652 4.09378e-07
1653 3.88262e-07
1654 3.68178e-07
1655 3.49079e-07
1656 3.3092e-07
1657 3.13657e-07
1658 2.97249e-07
1659 2.81655e-07
1660 2.66839e-07
1661 2.52762e-07
1662 2.39391e-07
1663 2.26692e-07
1664 2.14634e-07
1665 2.03185e-07
1666 1.92317e-07
1667 1.82002e-07
1668 1.72213e-07
1669 1.62926e-07
1670 1.54115e-07
1671 1.45758e-07
1672 1.37832e-07
1673 1.30317e-07
1674 1.23193e-07
1675 1.1644e-07
1676 1.10039e-07
1677 1.03974e-07
1678 9.82284e-08
1679 9.27853e-08
1680 8.76301e-08
1681 8.27483e-08
1682 7.81261e-08
1683 7.37504e-08
1684 6.96089e-08
1685 6.56895e-08
1686 6.1981e-08
1687 5.84726e-08
1688 5.51541e-08
1689 5.20157e-08
1690 4.9048e-08
1691 4.62424e-08
1692 4.35903e-08
1693 4.10838e-08
1694 3.87152e-08
1695 3.64774e-08
1696 3.43634e-08
1697 3.23668e-08
1698 3.04814e-08
1699 2.87011e-08
1700 2.70206e-08
1701 2.54343e-08
1702 2.39374e-08
1703 2.25249e-08
1704 2.11924e-08
1705 1.99355e-08
1706 1.87502e-08
1707 1.76324e-08
1708 1.65787e-08
1709 1.55854e-08
1710 1.46493e-08
1711 1.37671e-08
1712 1.2936e-08
1713 1.21531e-08
1714 1.14157e-08
1715 1.07214e-08
1716 1.00676e-08
1717 9.4522e-09
1718 8.87295e-09
1719 8.32785e-09
1720 7.81496e-09
1721 7.33247e-09
1722 6.87865e-09
1723 6.45186e-09
1724 6.05057e-09
1725 5.67331e-09
1726 5.3187e-09
1727 4.98545e-09
1728 4.67231e-09
1729 4.37812e-09
1730 4.10179e-09
1731 3.84226e-09
1732 3.59857e-09
1733 3.36978e-09
1734 3.15501e-09
1735 2.95345e-09
1736 2.76431e-09
1737 2.58686e-09
1738 2.4204e-09
1739 2.26428e-09
1740 2.11788e-09
1741 1.98062e-09
1742 1.85195e-09
1743 1.73135e-09
1744 1.61834e-09
1745 1.51245e-09
1746 1.41326e-09
1747 1.32035e-09
1748 1.23335e-09
1749 1.15189e-09
1750 1.07563e-09
1751 1.00425e-09
1752 9.37456e-10
1753 8.74957e-10
1754 8.16488e-10
1755 7.61799e-10
1756 7.10656e-10
1757 6.62835e-10
1758 6.18128e-10
1759 5.76341e-10
1760 5.37289e-10
1761 5.00799e-10
1762 4.6671e-10
1763 4.34867e-10
1764 4.0513e-10
1765 3.77363e-10
1766 3.51439e-10
1767 3.27242e-10
1768 3.04659e-10
1769 2.83587e-10
1770 2.63929e-10
1771 2.45591e-10
1772 2.28489e-10
1773 2.12542e-10
1774 1.97675e-10
1775 1.83817e-10
1776 1.70901e-10
1777 1.58866e-10
1778 1.47653e-10
1779 1.37209e-10
1780 1.27482e-10
1781 1.18424e-10
1782 1.09991e-10
1783 1.02141e-10
1784 9.48358e-11
1785 8.80377e-11
1786 8.17131e-11
1787 7.58299e-11
1788 7.03582e-11
1789 6.52703e-11
1790 6.054e-11
1791 5.61429e-11
1792 5.20563e-11
1793 4.82589e-11
1794 4.47309e-11
1795 4.14537e-11
1796 3.841e-11
1797 3.55837e-11
1798 3.29597e-11
1799 3.0524e-11
1800 2.82634e-11
1801 2.61658e-11
1802 2.42196e-11
1803 2.24144e-11
1804 2.07402e-11
1805 1.91877e-11
1806 1.77483e-11
1807 1.64141e-11
1808 1.51776e-11
1809 1.40318e-11
1810 1.29703e-11
1811 1.1987e-11
1812 1.10763e-11
1813 1.02331e-11
1814 9.45241e-12
1815 8.72977e-12
1816 8.06098e-12
1817 7.44213e-12
1818 6.86961e-12
1819 6.34002e-12
1820 5.85025e-12
1821 5.39738e-12
1822 4.97869e-12
1823 4.59169e-12
1824 4.23403e-12
1825 3.90355e-12
1826 3.59824e-12
1827 3.31623e-12
1828 3.05579e-12
1829 2.81531e-12
1830 2.59331e-12
1831 2.38839e-12
1832 2.19928e-12
1833 2.02479e-12
1834 1.86381e-12
1835 1.71534e-12
1836 1.57841e-12
1837 1.45216e-12
1838 1.33578e-12
1839 1.22851e-12
1840 1.12965e-12
1841 1.03856e-12
1842 9.54655e-13
1843 8.77372e-13
1844 8.06203e-13
1845 7.40676e-13
1846 6.80356e-13
1847 6.24838e-13
1848 5.73749e-13
1849 5.26744e-13
1850 4.83504e-13
1851 4.43736e-13
1852 4.07167e-13
1853 3.73545e-13
1854 3.42639e-13
1855 3.14235e-13
1856 2.88134e-13
1857 2.64154e-13
1858 2.42128e-13
1859 2.21898e-13
1860 2.03323e-13
1861 1.86269e-13
1862 1.70615e-13
1863 1.5625e-13
1864 1.43068e-13
1865 1.30975e-13
1866 1.19883e-13
1867 1.09711e-13
1868 1.00384e-13
1869 9.18333e-14
1870 8.39961e-14
1871 7.68141e-14
1872 7.02337e-14
1873 6.42055e-14
1874 5.86842e-14
1875 5.36281e-14
1876 4.89988e-14
1877 4.47612e-14
1878 4.08827e-14
1879 3.73336e-14
1880 3.40865e-14
1881 3.11162e-14
1882 2.83997e-14
1883 2.59157e-14
1884 2.36446e-14
1885 2.15688e-14
1886 1.96716e-14
1887 1.79381e-14
1888 1.63544e-14
1889 1.49078e-14
1890 1.35868e-14
1891 1.23805e-14
1892 1.12794e-14
1893 1.02743e-14
1894 9.35705e-15
1895 8.52018e-15
1896 7.75676e-15
1897 7.06046e-15
1898 6.42551e-15
1899 5.8466e-15
1900 5.31889e-15
1901 4.83793e-15
1902 4.39966e-15
1903 4.00037e-15
1904 3.63666e-15
1905 3.30542e-15
1906 3.0038e-15
1907 2.72921e-15
1908 2.47927e-15
1909 2.25181e-15
1910 2.04485e-15
1911 1.85657e-15
1912 1.68532e-15
1913 1.52959e-15
1914 1.38799e-15
1915 1.25928e-15
1916 1.14229e-15
1917 1.03598e-15
1918 9.39394e-16
1919 8.51657e-16
1920 7.71974e-16
1921 6.99618e-16
1922 6.33928e-16
1923 5.74301e-16
1924 5.20187e-16
1925 4.71086e-16
1926 4.26541e-16
1927 3.86138e-16
1928 3.49498e-16
1929 3.16277e-16
1930 2.8616e-16
1931 2.58865e-16
1932 2.34129e-16
1933 2.11719e-16
1934 1.91418e-16
1935 1.73032e-16
1936 1.56384e-16
1937 1.41311e-16
1938 1.27667e-16
1939 1.1532e-16
1940 1.04147e-16
1941 9.40399e-17
1942 8.48977e-17
1943 7.66302e-17
1944 6.91551e-17
1945 6.23976e-17
1946 5.629e-17
1947 5.07709e-17
1948 4.57844e-17
1949 4.12801e-17
1950 3.7212e-17
1951 3.35386e-17
1952 3.02223e-17
1953 2.72288e-17
1954 2.45273e-17
1955 2.20897e-17
1956 1.98907e-17
1957 1.79072e-17
1958 1.61186e-17
1959 1.45059e-17
1960 1.30522e-17
1961 1.1742e-17
1962 1.05613e-17
1963 9.49757e-18
1964 8.5394e-18
1965 7.67647e-18
1966 6.89946e-18
1967 6.19994e-18
1968 5.57031e-18
1969 5.00369e-18
1970 4.49387e-18
1971 4.03525e-18
1972 3.62275e-18
1973 3.25182e-18
1974 2.91832e-18
1975 2.61853e-18
1976 2.34911e-18
1977 2.10701e-18
1978 1.88951e-18
1979 1.69415e-18
1980 1.5187e-18
1981 1.36117e-18
1982 1.21975e-18
1983 1.09282e-18
1984 9.78922e-19
1985 8.76728e-19
1986 7.85057e-19
1987 7.0284e-19
1988 6.29117e-19
1989 5.63023e-19
1990 5.03779e-19
1991 4.50686e-19
1992 4.03114e-19
1993 3.60497e-19
1994 3.22326e-19
1995 2.88145e-19
1996 2.57541e-19
1997 2.30146e-19
1998 2.05627e-19
1999 1.83688e-19
2000 1.6406e-19
2001 1.46504e-19
2002 1.30803e-19
2003 1.16764e-19
2004 1.04214e-19
2005 9.29975e-20
2006 8.29739e-20
2007 7.40184e-20
2008 6.60187e-20
2009 5.88742e-20
2010 5.24947e-20
2011 4.67993e-20
2012 4.17157e-20
2013 3.71791e-20
2014 3.31313e-20
2015 2.95205e-20
2016 2.63e-20
2017 2.34282e-20
2018 2.08679e-20
2019 1.85857e-20
2020 1.65519e-20
2021 1.47396e-20
2022 1.31252e-20
2023 1.16873e-20
2024 1.04069e-20
2025 9.26689e-21
2026 8.25214e-21
2027 7.34905e-21
2028 6.54551e-21
2029 5.83069e-21
2030 5.19492e-21
2031 4.6296e-21
2032 4.12701e-21
2033 3.68031e-21
2034 3.28338e-21
2035 2.93074e-21
2036 2.61756e-21
2037 2.33948e-21
2038 2.09266e-21
2039 1.87364e-21
2040 1.67938e-21
2041 1.50715e-21
2042 1.35453e-21
2043 1.21936e-21
2044 1.09974e-21
2045 9.93952e-22
2046 9.00507e-22
2047 8.18065e-22
