0 1.19628e-64
1 2.2398e-65
2 9.89172e-65
3 3.54142e-64
4 8.07468e-64
5 1.4942e-63
6 2.46827e-63
7 3.80642e-63
8 5.61414e-63
9 8.03386e-63
10 1.12559e-62
11 1.55332e-62
12 2.12008e-62
13 2.87012e-62
14 3.86185e-62
15 5.17225e-62
16 6.90274e-62
17 9.18679e-62
18 1.22e-61
19 1.61732e-61
20 2.14097e-61
21 2.8308e-61
22 3.73912e-61
23 4.93454e-61
24 6.50708e-61
25 8.57472e-61
26 1.1292e-60
27 1.48614e-60
28 1.95477e-60
29 2.56977e-60
30 3.37645e-60
31 4.43405e-60
32 5.81994e-60
33 7.63517e-60
34 1.00116e-59
35 1.31213e-59
36 1.71884e-59
37 2.25053e-59
38 2.94527e-59
39 3.85263e-59
40 5.03712e-59
41 6.58264e-59
42 8.5983e-59
43 1.12258e-58
44 1.46494e-58
45 1.91082e-58
46 2.49123e-58
47 3.24642e-58
48 4.22857e-58
49 5.5053e-58
50 7.1642e-58
51 9.31866e-58
52 1.21155e-57
53 1.57444e-57
54 2.04511e-57
55 2.65527e-57
56 3.4459e-57
57 4.46994e-57
58 5.7957e-57
59 7.51131e-57
60 9.73043e-57
61 1.25996e-56
62 1.63076e-56
63 2.10975e-56
64 2.72825e-56
65 3.52653e-56
66 4.55643e-56
67 5.88457e-56
68 7.59662e-56
69 9.80261e-56
70 1.26439e-55
71 1.63019e-55
72 2.10094e-55
73 2.70652e-55
74 3.48523e-55
75 4.48616e-55
76 5.77223e-55
77 7.42401e-55
78 9.54467e-55
79 1.22663e-54
80 1.57578e-54
81 2.02353e-54
82 2.59752e-54
83 3.33306e-54
84 4.27527e-54
85 5.4818e-54
86 7.02623e-54
87 9.00252e-54
88 1.15305e-53
89 1.47631e-53
90 1.88954e-53
91 2.41758e-53
92 3.09212e-53
93 3.95353e-53
94 5.0532e-53
95 6.45659e-53
96 8.24703e-53
97 1.05305e-52
98 1.3442e-52
99 1.71531e-52
100 2.18818e-52
101 2.79055e-52
102 3.55766e-52
103 4.53429e-52
104 5.7773e-52
105 7.3589e-52
106 9.37078e-52
107 1.19293e-51
108 1.51821e-51
109 1.93164e-51
110 2.45699e-51
111 3.12437e-51
112 3.97196e-51
113 5.04816e-51
114 6.41427e-51
115 8.14797e-51
116 1.03476e-50
117 1.31378e-50
118 1.66761e-50
119 2.11622e-50
120 2.68485e-50
121 3.40544e-50
122 4.31839e-50
123 5.47478e-50
124 6.93919e-50
125 8.79324e-50
126 1.114e-49
127 1.41099e-49
128 1.78673e-49
129 2.26202e-49
130 2.86307e-49
131 3.623e-49
132 4.58358e-49
133 5.79751e-49
134 7.33127e-49
135 9.26868e-49
136 1.17154e-48
137 1.48046e-48
138 1.8704e-48
139 2.36251e-48
140 2.9834e-48
141 3.76658e-48
142 4.75426e-48
143 5.9995e-48
144 7.56912e-48
145 9.5471e-48
146 1.20391e-47
147 1.51779e-47
148 1.91303e-47
149 2.4106e-47
150 3.03685e-47
151 3.82482e-47
152 4.81604e-47
153 6.06259e-47
154 7.62983e-47
155 9.59974e-47
156 1.20751e-46
157 1.51847e-46
158 1.90901e-46
159 2.39934e-46
160 3.0148e-46
161 3.7871e-46
162 4.75592e-46
163 5.97093e-46
164 7.49425e-46
165 9.40353e-46
166 1.17959e-45
167 1.47926e-45
168 1.85453e-45
169 2.32433e-45
170 2.91228e-45
171 3.64788e-45
172 4.56793e-45
173 5.71833e-45
174 7.1563e-45
175 8.95317e-45
176 1.11978e-44
177 1.4001e-44
178 1.75006e-44
179 2.18682e-44
180 2.73174e-44
181 3.4114e-44
182 4.25885e-44
183 5.31519e-44
184 6.63148e-44
185 8.2712e-44
186 1.03132e-43
187 1.28553e-43
188 1.60191e-43
189 1.99553e-43
190 2.48512e-43
191 3.09387e-43
192 3.85056e-43
193 4.79085e-43
194 5.95895e-43
195 7.40961e-43
196 9.21063e-43
197 1.1446e-42
198 1.42196e-42
199 1.766e-42
200 2.19264e-42
201 2.72155e-42
202 3.37705e-42
203 4.18922e-42
204 5.19521e-42
205 6.44094e-42
206 7.98311e-42
207 9.89174e-42
208 1.22533e-41
209 1.51744e-41
210 1.87867e-41
211 2.32526e-41
212 2.87724e-41
213 3.5593e-41
214 4.40187e-41
215 5.44247e-41
216 6.72731e-41
217 8.31333e-41
218 1.02706e-40
219 1.26856e-40
220 1.56644e-40
221 1.93379e-40
222 2.38669e-40
223 2.94495e-40
224 3.6329e-40
225 4.48048e-40
226 5.52448e-40
227 6.81012e-40
228 8.39296e-40
229 1.03413e-39
230 1.27389e-39
231 1.56887e-39
232 1.93171e-39
233 2.37791e-39
234 2.92651e-39
235 3.60085e-39
236 4.42956e-39
237 5.44774e-39
238 6.69843e-39
239 8.23436e-39
240 1.01202e-38
241 1.2435e-38
242 1.52757e-38
243 1.87612e-38
244 2.30365e-38
245 2.82796e-38
246 3.47079e-38
247 4.25874e-38
248 5.22435e-38
249 6.40738e-38
250 7.85642e-38
251 9.63086e-38
252 1.18032e-37
253 1.4462e-37
254 1.77155e-37
255 2.16954e-37
256 2.65629e-37
257 3.25143e-37
258 3.97889e-37
259 4.86788e-37
260 5.95396e-37
261 7.28046e-37
262 8.90017e-37
263 1.08774e-36
264 1.32902e-36
265 1.6234e-36
266 1.98245e-36
267 2.42024e-36
268 2.95392e-36
269 3.60427e-36
270 4.39658e-36
271 5.36157e-36
272 6.53653e-36
273 7.96671e-36
274 9.70706e-36
275 1.18242e-35
276 1.4399e-35
277 1.75294e-35
278 2.13342e-35
279 2.59573e-35
280 3.1573e-35
281 3.83924e-35
282 4.66712e-35
283 5.67185e-35
284 6.89086e-35
285 8.36941e-35
286 1.01622e-34
287 1.23355e-34
288 1.49691e-34
289 1.81597e-34
290 2.2024e-34
291 2.67027e-34
292 3.2366e-34
293 3.92191e-34
294 4.75095e-34
295 5.75359e-34
296 6.96584e-34
297 8.4311e-34
298 1.02017e-33
299 1.23407e-33
300 1.49239e-33
301 1.80429e-33
302 2.18078e-33
303 2.6351e-33
304 3.18321e-33
305 3.84429e-33
306 4.64141e-33
307 5.60234e-33
308 6.76042e-33
309 8.15578e-33
310 9.83659e-33
311 1.18607e-32
312 1.42978e-32
313 1.72312e-32
314 2.07613e-32
315 2.50084e-32
316 3.0117e-32
317 3.62601e-32
318 4.36458e-32
319 5.25232e-32
320 6.31911e-32
321 7.60078e-32
322 9.14024e-32
323 1.09889e-31
324 1.32085e-31
325 1.58726e-31
326 1.90697e-31
327 2.29055e-31
328 2.75066e-31
329 3.30243e-31
330 3.96397e-31
331 4.75696e-31
332 5.70727e-31
333 6.84588e-31
334 8.20976e-31
335 9.8431e-31
336 1.17987e-30
337 1.41396e-30
338 1.6941e-30
339 2.02927e-30
340 2.43018e-30
341 2.90962e-30
342 3.48283e-30
343 4.16797e-30
344 4.98669e-30
345 5.9648e-30
346 7.13303e-30
347 8.52797e-30
348 1.01932e-29
349 1.21805e-29
350 1.45517e-29
351 1.738e-29
352 2.07527e-29
353 2.47735e-29
354 2.95657e-29
355 3.52755e-29
356 4.20768e-29
357 5.0176e-29
358 5.98181e-29
359 7.12934e-29
360 8.49469e-29
361 1.01187e-28
362 1.20498e-28
363 1.43454e-28
364 1.70735e-28
365 2.03146e-28
366 2.4164e-28
367 2.87345e-28
368 3.41595e-28
369 4.05969e-28
370 4.82332e-28
371 5.7289e-28
372 6.80248e-28
373 8.07485e-28
374 9.58234e-28
375 1.13679e-27
376 1.34821e-27
377 1.59847e-27
378 1.89461e-27
379 2.24495e-27
380 2.65928e-27
381 3.14912e-27
382 3.72809e-27
383 4.41218e-27
384 5.22024e-27
385 6.17447e-27
386 7.30097e-27
387 8.63045e-27
388 1.0199e-26
389 1.20492e-26
390 1.42309e-26
391 1.68028e-26
392 1.98339e-26
393 2.34051e-26
394 2.76116e-26
395 3.2565e-26
396 3.83964e-26
397 4.52596e-26
398 5.33352e-26
399 6.28347e-26
400 7.40066e-26
401 8.71419e-26
402 1.02582e-25
403 1.20726e-25
404 1.42044e-25
405 1.67083e-25
406 1.96487e-25
407 2.31009e-25
408 2.71529e-25
409 3.1908e-25
410 3.74868e-25
411 4.40305e-25
412 5.17043e-25
413 6.07013e-25
414 7.12473e-25
415 8.36063e-25
416 9.80867e-25
417 1.15049e-24
418 1.34914e-24
419 1.58174e-24
420 1.85402e-24
421 2.17268e-24
422 2.54555e-24
423 2.98174e-24
424 3.4919e-24
425 4.08844e-24
426 4.78581e-24
427 5.60088e-24
428 6.55329e-24
429 7.66592e-24
430 8.96542e-24
431 1.04828e-23
432 1.22542e-23
433 1.43216e-23
434 1.67339e-23
435 1.95478e-23
436 2.28295e-23
437 2.66557e-23
438 3.11156e-23
439 3.63127e-23
440 4.23672e-23
441 4.94188e-23
442 5.76293e-23
443 6.71865e-23
444 7.8308e-23
445 9.12463e-23
446 1.06294e-22
447 1.23789e-22
448 1.44123e-22
449 1.67752e-22
450 1.95198e-22
451 2.27071e-22
452 2.6407e-22
453 3.07009e-22
454 3.56824e-22
455 4.14597e-22
456 4.81579e-22
457 5.59211e-22
458 6.49158e-22
459 7.53337e-22
460 8.73962e-22
461 1.01358e-21
462 1.17513e-21
463 1.36199e-21
464 1.57806e-21
465 1.82781e-21
466 2.1164e-21
467 2.44976e-21
468 2.83469e-21
469 3.27904e-21
470 3.7918e-21
471 4.38329e-21
472 5.06539e-21
473 5.8517e-21
474 6.75786e-21
475 7.80179e-21
476 9.00404e-21
477 1.03882e-20
478 1.19812e-20
479 1.38141e-20
480 1.59222e-20
481 1.83463e-20
482 2.11327e-20
483 2.43347e-20
484 2.80132e-20
485 3.22377e-20
486 3.70881e-20
487 4.26555e-20
488 4.90439e-20
489 5.63726e-20
490 6.47776e-20
491 7.44145e-20
492 8.5461e-20
493 9.812e-20
494 1.12623e-19
495 1.29236e-19
496 1.48259e-19
497 1.70038e-19
498 1.94967e-19
499 2.23494e-19
500 2.56132e-19
501 2.93465e-19
502 3.36159e-19
503 3.84974e-19
504 4.40775e-19
505 5.04551e-19
506 5.77425e-19
507 6.60679e-19
508 7.55773e-19
509 8.64369e-19
510 9.88362e-19
511 1.12991e-18
512 1.29146e-18
513 1.4758e-18
514 1.68612e-18
515 1.92603e-18
516 2.19963e-18
517 2.51161e-18
518 2.86726e-18
519 3.27262e-18
520 3.73455e-18
521 4.26083e-18
522 4.86031e-18
523 5.54302e-18
524 6.32033e-18
525 7.20517e-18
526 8.21219e-18
527 9.35798e-18
528 1.06614e-17
529 1.21436e-17
530 1.38289e-17
531 1.57446e-17
532 1.79215e-17
533 2.03946e-17
534 2.32035e-17
535 2.63928e-17
536 3.0013e-17
537 3.41211e-17
538 3.87814e-17
539 4.40665e-17
540 5.00581e-17
541 5.68487e-17
542 6.4542e-17
543 7.32552e-17
544 8.31199e-17
545 9.42844e-17
546 1.06915e-16
547 1.212e-16
548 1.37349e-16
549 1.55599e-16
550 1.76215e-16
551 1.99494e-16
552 2.2577e-16
553 2.55417e-16
554 2.88853e-16
555 3.26549e-16
556 3.69027e-16
557 4.16875e-16
558 4.70749e-16
559 5.31382e-16
560 5.99592e-16
561 6.76294e-16
562 7.62507e-16
563 8.59368e-16
564 9.68145e-16
565 1.09025e-15
566 1.22726e-15
567 1.38092e-15
568 1.55319e-15
569 1.74622e-15
570 1.96245e-15
571 2.20453e-15
572 2.47547e-15
573 2.77855e-15
574 3.11747e-15
575 3.49629e-15
576 3.91955e-15
577 4.39227e-15
578 4.92003e-15
579 5.50899e-15
580 6.16601e-15
581 6.89868e-15
582 7.71543e-15
583 8.62556e-15
584 9.63941e-15
585 1.07684e-14
586 1.20253e-14
587 1.3424e-14
588 1.49801e-14
589 1.67109e-14
590 1.86353e-14
591 2.07745e-14
592 2.31519e-14
593 2.57933e-14
594 2.87273e-14
595 3.19857e-14
596 3.56036e-14
597 3.96198e-14
598 4.40775e-14
599 4.90243e-14
600 5.45131e-14
601 6.06022e-14
602 6.73567e-14
603 7.48481e-14
604 8.31561e-14
605 9.23687e-14
606 1.02584e-13
607 1.13909e-13
608 1.26464e-13
609 1.40382e-13
610 1.55811e-13
611 1.72912e-13
612 1.91866e-13
613 2.12875e-13
614 2.36158e-13
615 2.61962e-13
616 2.90559e-13
617 3.22249e-13
618 3.57366e-13
619 3.9628e-13
620 4.39399e-13
621 4.87175e-13
622 5.40108e-13
623 5.98752e-13
624 6.63719e-13
625 7.35685e-13
626 8.15398e-13
627 9.03683e-13
628 1.00145e-12
629 1.10971e-12
630 1.22957e-12
631 1.36225e-12
632 1.5091e-12
633 1.67161e-12
634 1.85141e-12
635 2.05029e-12
636 2.27025e-12
637 2.51345e-12
638 2.78227e-12
639 3.07933e-12
640 3.40751e-12
641 3.76995e-12
642 4.17009e-12
643 4.61171e-12
644 5.09891e-12
645 5.63621e-12
646 6.2285e-12
647 6.88115e-12
648 7.59999e-12
649 8.39136e-12
650 9.26218e-12
651 1.02199e-11
652 1.12728e-11
653 1.24295e-11
654 1.36998e-11
655 1.50938e-11
656 1.66229e-11
657 1.82991e-11
658 2.01354e-11
659 2.21459e-11
660 2.43457e-11
661 2.6751e-11
662 2.93794e-11
663 3.22494e-11
664 3.53812e-11
665 3.87962e-11
666 4.25173e-11
667 4.65691e-11
668 5.09775e-11
669 5.57703e-11
670 6.09772e-11
671 6.66292e-11
672 7.27598e-11
673 7.9404e-11
674 8.65991e-11
675 9.43842e-11
676 1.02801e-10
677 1.11892e-10
678 1.21704e-10
679 1.32285e-10
680 1.43685e-10
681 1.55956e-10
682 1.69153e-10
683 1.83334e-10
684 1.98559e-10
685 2.14888e-10
686 2.32387e-10
687 2.51121e-10
688 2.7116e-10
689 2.92575e-10
690 3.15438e-10
691 3.39825e-10
692 3.65813e-10
693 3.93482e-10
694 4.22912e-10
695 4.54187e-10
696 4.87391e-10
697 5.22612e-10
698 5.59938e-10
699 5.99459e-10
700 6.41268e-10
701 6.85457e-10
702 7.32123e-10
703 7.81365e-10
704 8.33281e-10
705 8.87976e-10
706 9.45556e-10
707 1.00613e-09
708 1.06981e-09
709 1.13672e-09
710 1.20698e-09
711 1.28073e-09
712 1.3581e-09
713 1.43925e-09
714 1.52434e-09
715 1.61355e-09
716 1.70707e-09
717 1.80512e-09
718 1.90793e-09
719 2.01579e-09
720 2.12897e-09
721 2.24783e-09
722 2.37273e-09
723 2.50411e-09
724 2.64245e-09
725 2.78831e-09
726 2.94231e-09
727 3.10516e-09
728 3.27766e-09
729 3.46073e-09
730 3.6554e-09
731 3.86285e-09
732 4.08439e-09
733 4.32152e-09
734 4.57594e-09
735 4.84953e-09
736 5.14444e-09
737 5.46305e-09
738 5.80806e-09
739 6.18245e-09
740 6.58958e-09
741 7.03319e-09
742 7.51743e-09
743 8.04691e-09
744 8.62674e-09
745 9.26258e-09
746 9.9607e-09
747 1.0728e-08
748 1.15721e-08
749 1.25012e-08
750 1.35247e-08
751 1.46525e-08
752 1.58956e-08
753 1.72661e-08
754 1.8777e-08
755 2.04426e-08
756 2.22783e-08
757 2.43011e-08
758 2.65292e-08
759 2.89822e-08
760 3.16816e-08
761 3.46503e-08
762 3.79132e-08
763 4.14969e-08
764 4.54302e-08
765 4.97438e-08
766 5.44707e-08
767 5.96462e-08
768 6.53079e-08
769 7.14961e-08
770 7.82536e-08
771 8.5626e-08
772 9.36618e-08
773 1.02412e-07
774 1.11932e-07
775 1.22279e-07
776 1.33513e-07
777 1.45699e-07
778 1.58905e-07
779 1.73202e-07
780 1.88665e-07
781 2.05372e-07
782 2.23407e-07
783 2.42854e-07
784 2.63805e-07
785 2.86354e-07
786 3.10598e-07
787 3.3664e-07
788 3.64586e-07
789 3.94547e-07
790 4.26636e-07
791 4.60972e-07
792 4.97678e-07
793 5.3688e-07
794 5.78708e-07
795 6.23296e-07
796 6.70784e-07
797 7.21312e-07
798 7.75026e-07
799 8.32076e-07
800 8.92613e-07
801 9.56794e-07
802 1.02478e-06
803 1.09673e-06
804 1.1728e-06
805 1.25318e-06
806 1.33803e-06
807 1.42751e-06
808 1.52182e-06
809 1.62112e-06
810 1.7256e-06
811 1.83544e-06
812 1.95082e-06
813 2.07193e-06
814 2.19897e-06
815 2.33212e-06
816 2.47157e-06
817 2.61753e-06
818 2.7702e-06
819 2.92977e-06
820 3.09645e-06
821 3.27045e-06
822 3.452e-06
823 3.6413e-06
824 3.83858e-06
825 4.04409e-06
826 4.25805e-06
827 4.48073e-06
828 4.71238e-06
829 4.95328e-06
830 5.20371e-06
831 5.46399e-06
832 5.73442e-06
833 6.01537e-06
834 6.30719e-06
835 6.61028e-06
836 6.92507e-06
837 7.25201e-06
838 7.59159e-06
839 7.94435e-06
840 8.31089e-06
841 8.69182e-06
842 9.08784e-06
843 9.49971e-06
844 9.92823e-06
845 1.03743e-05
846 1.0839e-05
847 1.13232e-05
848 1.18282e-05
849 1.23553e-05
850 1.29058e-05
851 1.34812e-05
852 1.40833e-05
853 1.47137e-05
854 1.53745e-05
855 1.60677e-05
856 1.67957e-05
857 1.7561e-05
858 1.83663e-05
859 1.92144e-05
860 2.01086e-05
861 2.10523e-05
862 2.20492e-05
863 2.31032e-05
864 2.42187e-05
865 2.54001e-05
866 2.66526e-05
867 2.79813e-05
868 2.9392e-05
869 3.08907e-05
870 3.24839e-05
871 3.41786e-05
872 3.59822e-05
873 3.79026e-05
874 3.99481e-05
875 4.21278e-05
876 4.44511e-05
877 4.69281e-05
878 4.95695e-05
879 5.23866e-05
880 5.53915e-05
881 5.85967e-05
882 6.20156e-05
883 6.56624e-05
884 6.95519e-05
885 7.36999e-05
886 7.81226e-05
887 8.28376e-05
888 8.78629e-05
889 9.32177e-05
890 9.8922e-05
891 0.000104997
892 0.000111464
893 0.000118346
894 0.000125667
895 0.000133452
896 0.000141728
897 0.000150521
898 0.000159859
899 0.000169772
900 0.000180291
901 0.000191446
902 0.000203272
903 0.000215801
904 0.000229069
905 0.000243113
906 0.000257971
907 0.000273681
908 0.000290283
909 0.00030782
910 0.000326333
911 0.000345867
912 0.000366467
913 0.00038818
914 0.000411054
915 0.000435137
916 0.00046048
917 0.000487134
918 0.000515152
919 0.000544589
920 0.000575499
921 0.000607939
922 0.000641966
923 0.000677638
924 0.000715016
925 0.00075416
926 0.000795132
927 0.000837994
928 0.00088281
929 0.000929644
930 0.000978562
931 0.00102963
932 0.00108291
933 0.00113848
934 0.0011964
935 0.00125674
936 0.00131957
937 0.00138496
938 0.00145297
939 0.00152368
940 0.00159716
941 0.00167348
942 0.00175271
943 0.00183491
944 0.00192016
945 0.00200852
946 0.00210007
947 0.00219487
948 0.002293
949 0.0023945
950 0.00249946
951 0.00260794
952 0.00271999
953 0.00283569
954 0.00295508
955 0.00307824
956 0.00320522
957 0.00333608
958 0.00347086
959 0.00360962
960 0.00375241
961 0.00389927
962 0.00405026
963 0.0042054
964 0.00436475
965 0.00452833
966 0.00469619
967 0.00486834
968 0.00504481
969 0.00522564
970 0.00541083
971 0.0056004
972 0.00579437
973 0.00599274
974 0.00619551
975 0.00640268
976 0.00661425
977 0.00683021
978 0.00705053
979 0.00727521
980 0.00750421
981 0.00773751
982 0.00797507
983 0.00821685
984 0.0084628
985 0.00871288
986 0.00896703
987 0.00922518
988 0.00948726
989 0.00975321
990 0.0100229
991 0.0102964
992 0.0105734
993 0.010854
994 0.0111379
995 0.0114252
996 0.0117156
997 0.0120092
998 0.0123056
999 0.0126049
1000 0.0129068
1001 0.0132113
1002 0.0135181
1003 0.0138271
1004 0.0141383
1005 0.0144513
1006 0.014766
1007 0.0150823
1008 0.0153999
1009 0.0157188
1010 0.0160386
1011 0.0163592
1012 0.0166804
1013 0.017002
1014 0.0173238
1015 0.0176455
1016 0.017967
1017 0.0182881
1018 0.0186084
1019 0.0189278
1020 0.0192461
1021 0.019563
1022 0.0198783
1023 0.0201917
1024 0.0205031
1025 0.0208121
1026 0.0211186
1027 0.0214223
1028 0.0217229
1029 0.0220202
1030 0.022314
1031 0.0226041
1032 0.0228901
1033 0.0231719
1034 0.0234492
1035 0.0237218
1036 0.0239894
1037 0.0242518
1038 0.0245088
1039 0.0247602
1040 0.0250057
1041 0.0252452
1042 0.0254783
1043 0.0257049
1044 0.0259248
1045 0.0261378
1046 0.0263437
1047 0.0265423
1048 0.0267334
1049 0.0269168
1050 0.0270924
1051 0.02726
1052 0.0274195
1053 0.0275706
1054 0.0277133
1055 0.0278474
1056 0.0279728
1057 0.0280894
1058 0.028197
1059 0.0282956
1060 0.0283851
1061 0.0284653
1062 0.0285362
1063 0.0285977
1064 0.0286499
1065 0.0286925
1066 0.0287256
1067 0.0287492
1068 0.0287632
1069 0.0287677
1070 0.0287626
1071 0.0287479
1072 0.0287236
1073 0.0286898
1074 0.0286465
1075 0.0285938
1076 0.0285317
1077 0.0284603
1078 0.0283796
1079 0.0282897
1080 0.0281908
1081 0.0280829
1082 0.0279661
1083 0.0278406
1084 0.0277064
1085 0.0275637
1086 0.0274127
1087 0.0272534
1088 0.0270861
1089 0.0269109
1090 0.026728
1091 0.0265375
1092 0.0263397
1093 0.0261347
1094 0.0259226
1095 0.0257038
1096 0.0254784
1097 0.0252467
1098 0.0250087
1099 0.0247648
1100 0.0245152
1101 0.02426
1102 0.0239996
1103 0.0237342
1104 0.0234639
1105 0.023189
1106 0.0229098
1107 0.0226264
1108 0.0223392
1109 0.0220484
1110 0.0217541
1111 0.0214567
1112 0.0211564
1113 0.0208534
1114 0.020548
1115 0.0202404
1116 0.0199308
1117 0.0196194
1118 0.0193066
1119 0.0189925
1120 0.0186773
1121 0.0183613
1122 0.0180448
1123 0.0177278
1124 0.0174107
1125 0.0170936
1126 0.0167768
1127 0.0164604
1128 0.0161447
1129 0.0158299
1130 0.015516
1131 0.0152034
1132 0.0148922
1133 0.0145826
1134 0.0142747
1135 0.0139688
1136 0.0136649
1137 0.0133632
1138 0.0130639
1139 0.0127671
1140 0.012473
1141 0.0121817
1142 0.0118932
1143 0.0116078
1144 0.0113255
1145 0.0110464
1146 0.0107708
1147 0.0104985
1148 0.0102298
1149 0.00996467
1150 0.00970326
1151 0.00944562
1152 0.00919181
1153 0.00894189
1154 0.00869593
1155 0.00845397
1156 0.00821606
1157 0.00798224
1158 0.00775253
1159 0.00752699
1160 0.00730561
1161 0.00708844
1162 0.00687548
1163 0.00666675
1164 0.00646224
1165 0.00626197
1166 0.00606593
1167 0.00587411
1168 0.00568651
1169 0.00550311
1170 0.00532389
1171 0.00514883
1172 0.00497791
1173 0.00481111
1174 0.00464838
1175 0.00448969
1176 0.00433502
1177 0.00418432
1178 0.00403755
1179 0.00389466
1180 0.00375562
1181 0.00362036
1182 0.00348885
1183 0.00336102
1184 0.00323683
1185 0.00311622
1186 0.00299914
1187 0.00288553
1188 0.00277532
1189 0.00266846
1190 0.00256488
1191 0.00246453
1192 0.00236735
1193 0.00227326
1194 0.00218222
1195 0.00209414
1196 0.00200897
1197 0.00192665
1198 0.00184711
1199 0.00177028
1200 0.0016961
1201 0.00162451
1202 0.00155544
1203 0.00148884
1204 0.00142463
1205 0.00136275
1206 0.00130314
1207 0.00124574
1208 0.00119049
1209 0.00113733
1210 0.00108619
1211 0.00103703
1212 0.000989768
1213 0.000944364
1214 0.000900756
1215 0.000858888
1216 0.000818707
1217 0.000780157
1218 0.000743187
1219 0.000707744
1220 0.000673778
1221 0.000641239
1222 0.000610078
1223 0.000580248
1224 0.000551702
1225 0.000524395
1226 0.000498283
1227 0.000473321
1228 0.000449468
1229 0.000426683
1230 0.000404926
1231 0.000384157
1232 0.000364339
1233 0.000345435
1234 0.000327409
1235 0.000310227
1236 0.000293854
1237 0.000278259
1238 0.000263408
1239 0.000249273
1240 0.000235822
1241 0.000223028
1242 0.000210862
1243 0.000199298
1244 0.000188309
1245 0.000177871
1246 0.000167959
1247 0.000158551
1248 0.000149623
1249 0.000141154
1250 0.000133123
1251 0.00012551
1252 0.000118296
1253 0.000111462
1254 0.000104991
1255 9.88649e-05
1256 9.30676e-05
1257 8.75832e-05
1258 8.23966e-05
1259 7.74934e-05
1260 7.28596e-05
1261 6.84818e-05
1262 6.43474e-05
1263 6.0444e-05
1264 5.676e-05
1265 5.32843e-05
1266 5.0006e-05
1267 4.69152e-05
1268 4.40019e-05
1269 4.1257e-05
1270 3.86715e-05
1271 3.6237e-05
1272 3.39454e-05
1273 3.1789e-05
1274 2.97606e-05
1275 2.78531e-05
1276 2.606e-05
1277 2.43749e-05
1278 2.27919e-05
1279 2.13052e-05
1280 1.99094e-05
1281 1.85995e-05
1282 1.73704e-05
1283 1.62177e-05
1284 1.51369e-05
1285 1.41239e-05
1286 1.31746e-05
1287 1.22855e-05
1288 1.14529e-05
1289 1.06735e-05
1290 9.94415e-06
1291 9.26184e-06
1292 8.62375e-06
1293 8.02721e-06
1294 7.46967e-06
1295 6.94877e-06
1296 6.46225e-06
1297 6.00799e-06
1298 5.58397e-06
1299 5.18832e-06
1300 4.81926e-06
1301 4.4751e-06
1302 4.15428e-06
1303 3.85529e-06
1304 3.57675e-06
1305 3.31734e-06
1306 3.07582e-06
1307 2.85102e-06
1308 2.64187e-06
1309 2.44732e-06
1310 2.26642e-06
1311 2.09826e-06
1312 1.942e-06
1313 1.79683e-06
1314 1.66202e-06
1315 1.53686e-06
1316 1.4207e-06
1317 1.31293e-06
1318 1.21297e-06
1319 1.12029e-06
1320 1.03437e-06
1321 9.54764e-07
1322 8.81017e-07
1323 8.12724e-07
1324 7.495e-07
1325 6.90987e-07
1326 6.36853e-07
1327 5.86784e-07
1328 5.40489e-07
1329 4.97699e-07
1330 4.58159e-07
1331 4.21634e-07
1332 3.87906e-07
1333 3.56769e-07
1334 3.28033e-07
1335 3.01522e-07
1336 2.77071e-07
1337 2.54526e-07
1338 2.33747e-07
1339 2.146e-07
1340 1.96962e-07
1341 1.80721e-07
1342 1.65769e-07
1343 1.52009e-07
1344 1.3935e-07
1345 1.27707e-07
1346 1.17002e-07
1347 1.07162e-07
1348 9.81213e-08
1349 8.98163e-08
1350 8.21899e-08
1351 7.51888e-08
1352 6.87636e-08
1353 6.28689e-08
1354 5.74626e-08
1355 5.25056e-08
1356 4.7962e-08
1357 4.37987e-08
1358 3.9985e-08
1359 3.64927e-08
1360 3.32955e-08
1361 3.03695e-08
1362 2.76925e-08
1363 2.5244e-08
1364 2.30053e-08
1365 2.0959e-08
1366 1.90891e-08
1367 1.73809e-08
1368 1.5821e-08
1369 1.43968e-08
1370 1.30971e-08
1371 1.19112e-08
1372 1.08295e-08
1373 9.8432e-09
1374 8.94412e-09
1375 8.1248e-09
1376 7.37839e-09
1377 6.69862e-09
1378 6.07971e-09
1379 5.51639e-09
1380 5.00382e-09
1381 4.53757e-09
1382 4.11358e-09
1383 3.72813e-09
1384 3.37783e-09
1385 3.05956e-09
1386 2.77049e-09
1387 2.50801e-09
1388 2.26975e-09
1389 2.05354e-09
1390 1.85739e-09
1391 1.6795e-09
1392 1.51822e-09
1393 1.37203e-09
1394 1.23956e-09
1395 1.11957e-09
1396 1.01091e-09
1397 9.12533e-10
1398 8.23498e-10
1399 7.4294e-10
1400 6.70073e-10
1401 6.04182e-10
1402 5.44618e-10
1403 4.90787e-10
1404 4.42153e-10
1405 3.98226e-10
1406 3.58562e-10
1407 3.22759e-10
1408 2.90449e-10
1409 2.613e-10
1410 2.35011e-10
1411 2.11308e-10
1412 1.89942e-10
1413 1.70689e-10
1414 1.53345e-10
1415 1.37725e-10
1416 1.23661e-10
1417 1.11003e-10
1418 9.96124e-11
1419 8.93659e-11
1420 8.01512e-11
1421 7.18666e-11
1422 6.44204e-11
1423 5.77297e-11
1424 5.17195e-11
1425 4.63222e-11
1426 4.14766e-11
1427 3.71276e-11
1428 3.32254e-11
1429 2.97251e-11
1430 2.65862e-11
1431 2.37721e-11
1432 2.12501e-11
1433 1.89903e-11
1434 1.69661e-11
1435 1.51535e-11
1436 1.35308e-11
1437 1.20785e-11
1438 1.07791e-11
1439 9.61685e-12
1440 8.57752e-12
1441 7.6484e-12
1442 6.81803e-12
1443 6.07613e-12
1444 5.41346e-12
1445 4.82172e-12
1446 4.29348e-12
1447 3.82204e-12
1448 3.40143e-12
1449 3.02627e-12
1450 2.69174e-12
1451 2.39353e-12
1452 2.12776e-12
1453 1.89098e-12
1454 1.68009e-12
1455 1.4923e-12
1456 1.32513e-12
1457 1.17636e-12
1458 1.04401e-12
1459 9.26288e-13
1460 8.21614e-13
1461 7.28567e-13
1462 6.45878e-13
1463 5.72416e-13
1464 5.07169e-13
1465 4.49234e-13
1466 3.97808e-13
1467 3.52171e-13
1468 3.11683e-13
1469 2.75774e-13
1470 2.43934e-13
1471 2.15711e-13
1472 1.90701e-13
1473 1.68544e-13
1474 1.4892e-13
1475 1.31545e-13
1476 1.16165e-13
1477 1.02555e-13
1478 9.05146e-14
1479 7.98659e-14
1480 7.04506e-14
1481 6.21282e-14
1482 5.47739e-14
1483 4.82769e-14
1484 4.25389e-14
1485 3.74726e-14
1486 3.30007e-14
1487 2.90545e-14
1488 2.55733e-14
1489 2.2503e-14
1490 1.97959e-14
1491 1.74098e-14
1492 1.53071e-14
1493 1.34547e-14
1494 1.18232e-14
1495 1.03868e-14
1496 9.12243e-15
1497 8.0098e-15
1498 7.03097e-15
1499 6.17009e-15
1500 5.41316e-15
1501 4.74781e-15
1502 4.16312e-15
1503 3.64945e-15
1504 3.1983e-15
1505 2.80218e-15
1506 2.45445e-15
1507 2.14931e-15
1508 1.88159e-15
1509 1.64678e-15
1510 1.44089e-15
1511 1.26041e-15
1512 1.10224e-15
1513 9.6366e-16
1514 8.4228e-16
1515 7.35993e-16
1516 6.42948e-16
1517 5.61517e-16
1518 4.90269e-16
1519 4.27949e-16
1520 3.73451e-16
1521 3.25807e-16
1522 2.84166e-16
1523 2.47782e-16
1524 2.15999e-16
1525 1.88243e-16
1526 1.64011e-16
1527 1.4286e-16
1528 1.24404e-16
1529 1.08304e-16
1530 9.42624e-17
1531 8.20198e-17
1532 7.13484e-17
1533 6.20491e-17
1534 5.39476e-17
1535 4.68915e-17
1536 4.07476e-17
1537 3.53994e-17
1538 3.0745e-17
1539 2.66955e-17
1540 2.31733e-17
1541 2.01105e-17
1542 1.74479e-17
1543 1.51339e-17
1544 1.31232e-17
1545 1.13767e-17
1546 9.86007e-18
1547 8.54333e-18
1548 7.40048e-18
1549 6.40882e-18
1550 5.54857e-18
1551 4.80252e-18
1552 4.15569e-18
1553 3.59502e-18
1554 3.10917e-18
1555 2.68827e-18
1556 2.32374e-18
1557 2.0081e-18
1558 1.73488e-18
1559 1.49844e-18
1560 1.29387e-18
1561 1.11694e-18
1562 9.6395e-19
1563 8.31693e-19
1564 7.17392e-19
1565 6.18635e-19
1566 5.33332e-19
1567 4.5967e-19
1568 3.96076e-19
1569 3.4119e-19
1570 2.93832e-19
1571 2.52981e-19
1572 2.17751e-19
1573 1.87378e-19
1574 1.61198e-19
1575 1.3864e-19
1576 1.19207e-19
1577 1.02471e-19
1578 8.80611e-20
1579 7.56577e-20
1580 6.49841e-20
1581 5.58016e-20
1582 4.7904e-20
1583 4.11134e-20
1584 3.5276e-20
1585 3.02595e-20
1586 2.59495e-20
1587 2.22476e-20
1588 1.90688e-20
1589 1.63399e-20
1590 1.39979e-20
1591 1.19884e-20
1592 1.02647e-20
1593 8.78652e-21
1594 7.51925e-21
1595 6.43309e-21
1596 5.50239e-21
1597 4.70511e-21
1598 4.0223e-21
1599 3.4377e-21
1600 2.93729e-21
1601 2.50908e-21
1602 2.14274e-21
1603 1.82941e-21
1604 1.5615e-21
1605 1.33247e-21
1606 1.13675e-21
1607 9.69519e-22
1608 8.2668e-22
1609 7.04704e-22
1610 6.00571e-22
1611 5.11693e-22
1612 4.35856e-22
1613 3.71164e-22
1614 3.15992e-22
1615 2.68952e-22
1616 2.28856e-22
1617 1.94688e-22
1618 1.65579e-22
1619 1.40785e-22
1620 1.19674e-22
1621 1.01702e-22
1622 8.64073e-23
1623 7.33937e-23
1624 6.23241e-23
1625 5.29105e-23
1626 4.49073e-23
1627 3.81049e-23
1628 3.23246e-23
1629 2.74141e-23
1630 2.32436e-23
1631 1.97025e-23
1632 1.66966e-23
1633 1.41457e-23
1634 1.19814e-23
1635 1.01457e-23
1636 8.58898e-24
1637 7.26928e-24
1638 6.15077e-24
1639 5.20302e-24
1640 4.40018e-24
1641 3.72025e-24
1642 3.14459e-24
1643 2.65731e-24
1644 2.24496e-24
1645 1.89611e-24
1646 1.60106e-24
1647 1.35157e-24
1648 1.14066e-24
1649 9.62414e-25
1650 8.11812e-25
1651 6.846e-25
1652 5.77172e-25
1653 4.86476e-25
1654 4.09926e-25
1655 3.45332e-25
1656 2.9084e-25
1657 2.44884e-25
1658 2.06136e-25
1659 1.73473e-25
1660 1.45949e-25
1661 1.22759e-25
1662 1.03228e-25
1663 8.6781e-26
1664 7.29357e-26
1665 6.12834e-26
1666 5.14793e-26
1667 4.32324e-26
1668 3.62972e-26
1669 3.04667e-26
1670 2.5566e-26
1671 2.14481e-26
1672 1.79888e-26
1673 1.50835e-26
1674 1.26441e-26
1675 1.05965e-26
1676 8.87821e-27
1677 7.43661e-27
1678 6.22747e-27
1679 5.21358e-27
1680 4.36364e-27
1681 3.65131e-27
1682 3.05447e-27
1683 2.55454e-27
1684 2.13588e-27
1685 1.78537e-27
1686 1.492e-27
1687 1.24651e-27
1688 1.04115e-27
1689 8.69396e-28
1690 7.2579e-28
1691 6.0575e-28
1692 5.05433e-28
1693 4.21622e-28
1694 3.51619e-28
1695 2.93163e-28
1696 2.44364e-28
1697 2.03635e-28
1698 1.69651e-28
1699 1.41303e-28
1700 1.17662e-28
1701 9.79511e-29
1702 8.15215e-29
1703 6.78304e-29
1704 5.64244e-29
1705 4.69244e-29
1706 3.9014e-29
1707 3.24289e-29
1708 2.69484e-29
1709 2.23885e-29
1710 1.85954e-29
1711 1.54411e-29
1712 1.28185e-29
1713 1.06387e-29
1714 8.82734e-30
1715 7.32252e-30
1716 6.07269e-30
1717 5.03491e-30
1718 4.17342e-30
1719 3.45846e-30
1720 2.86525e-30
1721 2.37319e-30
1722 1.96513e-30
1723 1.62682e-30
1724 1.34642e-30
1725 1.11406e-30
1726 9.21561e-31
1727 7.62132e-31
1728 6.30124e-31
1729 5.20848e-31
1730 4.30412e-31
1731 3.55588e-31
1732 2.93696e-31
1733 2.42515e-31
1734 2.00201e-31
1735 1.65228e-31
1736 1.36329e-31
1737 1.12456e-31
1738 9.27391e-32
1739 7.64596e-32
1740 6.30215e-32
1741 5.19318e-32
1742 4.27825e-32
1743 3.52359e-32
1744 2.9013e-32
1745 2.38829e-32
1746 1.96548e-32
1747 1.6171e-32
1748 1.33012e-32
1749 1.09379e-32
1750 8.99213e-33
1751 7.39057e-33
1752 6.07267e-33
1753 4.98848e-33
1754 4.09679e-33
1755 3.3636e-33
1756 2.76091e-33
1757 2.26561e-33
1758 1.85868e-33
1759 1.52444e-33
1760 1.24998e-33
1761 1.02467e-33
1762 8.39743e-34
1763 6.88014e-34
1764 5.63552e-34
1765 4.61484e-34
1766 3.77803e-34
1767 3.09215e-34
1768 2.53012e-34
1769 2.06971e-34
1770 1.69263e-34
1771 1.38389e-34
1772 1.13117e-34
1773 9.24362e-35
1774 7.55164e-35
1775 6.16776e-35
1776 5.03616e-35
1777 4.11111e-35
1778 3.3551e-35
1779 2.7374e-35
1780 2.23285e-35
1781 1.82082e-35
1782 1.48443e-35
1783 1.20988e-35
1784 9.85851e-36
1785 8.03097e-36
1786 6.54052e-36
1787 5.3253e-36
1788 4.33475e-36
1789 3.52754e-36
1790 2.8699e-36
1791 2.33427e-36
1792 1.89812e-36
1793 1.54306e-36
1794 1.2541e-36
1795 1.01899e-36
1796 8.27739e-37
1797 6.72214e-37
1798 5.4577e-37
1799 4.42997e-37
1800 3.59484e-37
1801 2.91641e-37
1802 2.3654e-37
1803 1.91801e-37
1804 1.55483e-37
1805 1.2601e-37
1806 1.02098e-37
1807 8.27023e-38
1808 6.6974e-38
1809 5.42229e-38
1810 4.38882e-38
1811 3.55142e-38
1812 2.87305e-38
1813 2.32366e-38
1814 1.87885e-38
1815 1.51879e-38
1816 1.22741e-38
1817 9.91681e-39
1818 8.01015e-39
1819 6.4684e-39
1820 5.22204e-39
1821 4.21473e-39
1822 3.40085e-39
1823 2.74341e-39
1824 2.21248e-39
1825 1.78384e-39
1826 1.43787e-39
1827 1.15869e-39
1828 9.33468e-40
1829 7.51827e-40
1830 6.0537e-40
1831 4.87315e-40
1832 3.92177e-40
1833 3.15529e-40
1834 2.53793e-40
1835 2.04082e-40
1836 1.64064e-40
1837 1.31857e-40
1838 1.05945e-40
1839 8.51014e-41
1840 6.83402e-41
1841 5.48654e-41
1842 4.40354e-41
1843 3.53336e-41
1844 2.83436e-41
1845 2.27302e-41
1846 1.82236e-41
1847 1.46064e-41
1848 1.1704e-41
1849 9.37576e-42
1850 7.50859e-42
1851 6.0116e-42
1852 4.81174e-42
1853 3.85029e-42
1854 3.0801e-42
1855 2.46329e-42
1856 1.96945e-42
1857 1.57418e-42
1858 1.25789e-42
1859 1.00487e-42
1860 8.02518e-43
1861 6.40737e-43
1862 5.11427e-43
1863 4.08099e-43
1864 3.25556e-43
1865 2.59636e-43
1866 2.07006e-43
1867 1.64999e-43
1868 1.31479e-43
1869 1.04739e-43
1870 8.34147e-44
1871 6.64131e-44
1872 5.2862e-44
1873 4.20642e-44
1874 3.34627e-44
1875 2.66126e-44
1876 2.11589e-44
1877 1.68182e-44
1878 1.33642e-44
1879 1.06166e-44
1880 8.43159e-45
1881 6.69441e-45
1882 5.31367e-45
1883 4.21655e-45
1884 3.34503e-45
1885 2.65291e-45
1886 2.10342e-45
1887 1.66728e-45
1888 1.32121e-45
1889 1.04669e-45
1890 8.28976e-46
1891 6.56369e-46
1892 5.19559e-46
1893 4.11153e-46
1894 3.25277e-46
1895 2.57267e-46
1896 2.03421e-46
1897 1.60802e-46
1898 1.27077e-46
1899 1.00398e-46
1900 7.9298e-47
1901 6.26157e-47
1902 4.94294e-47
1903 3.90095e-47
1904 3.07777e-47
1905 2.42764e-47
1906 1.91432e-47
1907 1.50912e-47
1908 1.18937e-47
1909 9.37112e-48
1910 7.38154e-48
1911 5.81278e-48
1912 4.57617e-48
1913 3.60164e-48
1914 2.83387e-48
1915 2.22915e-48
1916 1.75299e-48
1917 1.37816e-48
1918 1.08318e-48
1919 8.51095e-49
1920 6.68553e-49
1921 5.25015e-49
1922 4.1218e-49
1923 3.23503e-49
1924 2.53833e-49
1925 1.99111e-49
1926 1.56141e-49
1927 1.2241e-49
1928 9.59381e-50
1929 7.51692e-50
1930 5.88793e-50
1931 4.61062e-50
1932 3.60935e-50
1933 2.8247e-50
1934 2.20996e-50
1935 1.7285e-50
1936 1.35153e-50
1937 1.05645e-50
1938 8.2555e-51
1939 6.44919e-51
1940 5.03656e-51
1941 3.93214e-51
1942 3.06896e-51
1943 2.39451e-51
1944 1.8677e-51
1945 1.45633e-51
1946 1.13521e-51
1947 8.84613e-52
1948 6.89114e-52
1949 5.36647e-52
1950 4.17778e-52
1951 3.25132e-52
1952 2.52948e-52
1953 1.96724e-52
1954 1.52947e-52
1955 1.18872e-52
1956 9.23567e-53
1957 7.17317e-53
1958 5.56936e-53
1959 4.32265e-53
1960 3.35385e-53
1961 2.60128e-53
1962 2.01687e-53
1963 1.5632e-53
1964 1.21115e-53
1965 9.38049e-54
1966 7.26269e-54
1967 5.62099e-54
1968 4.3488e-54
1969 3.36332e-54
1970 2.6002e-54
1971 2.00948e-54
1972 1.55239e-54
1973 1.19882e-54
1974 9.25436e-55
1975 7.14124e-55
1976 5.50852e-55
1977 4.24748e-55
1978 3.27386e-55
1979 2.52245e-55
1980 1.94275e-55
1981 1.49569e-55
1982 1.15105e-55
1983 8.8548e-56
1984 6.80912e-56
1985 5.23396e-56
1986 4.02159e-56
1987 3.08881e-56
1988 2.37142e-56
1989 1.81992e-56
1990 1.39611e-56
1991 1.07056e-56
1992 8.20587e-57
1993 6.28724e-57
1994 4.81523e-57
1995 3.68633e-57
1996 2.82093e-57
1997 2.15779e-57
1998 1.64985e-57
1999 1.26095e-57
2000 9.63322e-58
2001 7.35631e-58
2002 5.61521e-58
2003 4.28437e-58
2004 3.26756e-58
2005 2.49101e-58
2006 1.8982e-58
2007 1.44584e-58
2008 1.10081e-58
2009 8.37758e-59
2010 6.37287e-59
2011 4.84578e-59
2012 3.683e-59
2013 2.79802e-59
2014 2.12475e-59
2015 1.61277e-59
2016 1.22361e-59
2017 9.27936e-60
2018 7.03389e-60
2019 5.32934e-60
2020 4.03596e-60
2021 3.05501e-60
2022 2.31134e-60
2023 1.74781e-60
2024 1.32097e-60
2025 9.97808e-61
2026 7.53247e-61
2027 5.68253e-61
2028 4.28379e-61
2029 3.22667e-61
2030 2.42809e-61
2031 1.82509e-61
2032 1.36997e-61
2033 1.02663e-61
2034 7.67728e-62
2035 5.72595e-62
2036 4.25601e-62
2037 3.14935e-62
2038 2.31677e-62
2039 1.69096e-62
2040 1.22114e-62
2041 8.69107e-63
2042 6.06123e-63
2043 4.10653e-63
2044 2.66639e-63
2045 1.62201e-63
2046 8.86898e-64
2047 3.99768e-64
