0 1.28553e-49
1 1.1319e-49
2 1.02959e-49
3 9.73186e-50
4 9.5959e-50
5 9.87882e-50
6 1.05925e-49
7 1.17702e-49
8 1.34685e-49
9 1.57694e-49
10 1.87846e-49
11 2.26607e-49
12 2.7586e-49
13 3.37999e-49
14 4.16039e-49
15 5.13759e-49
16 6.35886e-49
17 7.88314e-49
18 9.78386e-49
19 1.21524e-48
20 1.51024e-48
21 1.8775e-48
22 2.33456e-48
23 2.90321e-48
24 3.6105e-48
25 4.48997e-48
26 5.58326e-48
27 6.94202e-48
28 8.63028e-48
29 1.07274e-47
30 1.33318e-47
31 1.65653e-47
32 2.0579e-47
33 2.55598e-47
34 3.17393e-47
35 3.94039e-47
36 4.89084e-47
37 6.06913e-47
38 7.52952e-47
39 9.3391e-47
40 1.15808e-46
41 1.43571e-46
42 1.77947e-46
43 2.20499e-46
44 2.7316e-46
45 3.38314e-46
46 4.18904e-46
47 5.18564e-46
48 6.41774e-46
49 7.94061e-46
50 9.8224e-46
51 1.21471e-45
52 1.50182e-45
53 1.85634e-45
54 2.29397e-45
55 2.83407e-45
56 3.50045e-45
57 4.32245e-45
58 5.33615e-45
59 6.58594e-45
60 8.12644e-45
61 1.00248e-44
62 1.23636e-44
63 1.52442e-44
64 1.87914e-44
65 2.31583e-44
66 2.8533e-44
67 3.51466e-44
68 4.32825e-44
69 5.32889e-44
70 6.55928e-44
71 8.07179e-44
72 9.93068e-44
73 1.22147e-43
74 1.50205e-43
75 1.84664e-43
76 2.26973e-43
77 2.7891e-43
78 3.42651e-43
79 4.20857e-43
80 5.16792e-43
81 6.34444e-43
82 7.78698e-43
83 9.55526e-43
84 1.17223e-42
85 1.43774e-42
86 1.76298e-42
87 2.16129e-42
88 2.64896e-42
89 3.24589e-42
90 3.97642e-42
91 4.87022e-42
92 5.96351e-42
93 7.30051e-42
94 8.93516e-42
95 1.09332e-41
96 1.3375e-41
97 1.63581e-41
98 2.00019e-41
99 2.44516e-41
100 2.9884e-41
101 3.65146e-41
102 4.46057e-41
103 5.44767e-41
104 6.65161e-41
105 8.11967e-41
106 9.90935e-41
107 1.20906e-40
108 1.47484e-40
109 1.79861e-40
110 2.19292e-40
111 2.67303e-40
112 3.25745e-40
113 3.96869e-40
114 4.83403e-40
115 5.88662e-40
116 7.16664e-40
117 8.72285e-40
118 1.06144e-39
119 1.29129e-39
120 1.57054e-39
121 1.9097e-39
122 2.32153e-39
123 2.82148e-39
124 3.42825e-39
125 4.16448e-39
126 5.05759e-39
127 6.14072e-39
128 7.45399e-39
129 9.0459e-39
130 1.09751e-38
131 1.33125e-38
132 1.61437e-38
133 1.95724e-38
134 2.37234e-38
135 2.87479e-38
136 3.48281e-38
137 4.21841e-38
138 5.10814e-38
139 6.18405e-38
140 7.48478e-38
141 9.05692e-38
142 1.09567e-37
143 1.32518e-37
144 1.60239e-37
145 1.93712e-37
146 2.34122e-37
147 2.82896e-37
148 3.4175e-37
149 4.1275e-37
150 4.98385e-37
151 6.01646e-37
152 7.26131e-37
153 8.76167e-37
154 1.05696e-36
155 1.27476e-36
156 1.53708e-36
157 1.85294e-36
158 2.2332e-36
159 2.69086e-36
160 3.24155e-36
161 3.90404e-36
162 4.70081e-36
163 5.65887e-36
164 6.81061e-36
165 8.19482e-36
166 9.85804e-36
167 1.1856e-35
168 1.42556e-35
169 1.71368e-35
170 2.05954e-35
171 2.47462e-35
172 2.97264e-35
173 3.57004e-35
174 4.28647e-35
175 5.14544e-35
176 6.17506e-35
177 7.40892e-35
178 8.88718e-35
179 1.06578e-34
180 1.27781e-34
181 1.53166e-34
182 1.83548e-34
183 2.19903e-34
184 2.63395e-34
185 3.15412e-34
186 3.77609e-34
187 4.51961e-34
188 5.4082e-34
189 6.46991e-34
190 7.73815e-34
191 9.25273e-34
192 1.1061e-33
193 1.32195e-33
194 1.57954e-33
195 1.88685e-33
196 2.2534e-33
197 2.6905e-33
198 3.2116e-33
199 3.8327e-33
200 4.57281e-33
201 5.4545e-33
202 6.50462e-33
203 7.75504e-33
204 9.24361e-33
205 1.10152e-32
206 1.31233e-32
207 1.5631e-32
208 1.86135e-32
209 2.21597e-32
210 2.63753e-32
211 3.13854e-32
212 3.73384e-32
213 4.44099e-32
214 5.28083e-32
215 6.27802e-32
216 7.46175e-32
217 8.8666e-32
218 1.05335e-31
219 1.25108e-31
220 1.48558e-31
221 1.76363e-31
222 2.09323e-31
223 2.48384e-31
224 2.94667e-31
225 3.49492e-31
226 4.14421e-31
227 4.91299e-31
228 5.82302e-31
229 6.9e-31
230 8.17427e-31
231 9.6816e-31
232 1.14642e-30
233 1.35718e-30
234 1.60632e-30
235 1.90074e-30
236 2.24859e-30
237 2.65948e-30
238 3.1447e-30
239 3.71756e-30
240 4.39374e-30
241 5.19167e-30
242 6.13304e-30
243 7.24336e-30
244 8.55264e-30
245 1.00961e-29
246 1.19153e-29
247 1.40589e-29
248 1.6584e-29
249 1.9558e-29
250 2.30596e-29
251 2.71815e-29
252 3.20323e-29
253 3.77396e-29
254 4.44528e-29
255 5.23474e-29
256 6.16287e-29
257 7.25379e-29
258 8.53571e-29
259 1.00417e-28
260 1.18105e-28
261 1.38874e-28
262 1.63256e-28
263 1.9187e-28
264 2.25445e-28
265 2.6483e-28
266 3.11019e-28
267 3.65174e-28
268 4.28655e-28
269 5.03047e-28
270 5.90207e-28
271 6.92301e-28
272 8.11857e-28
273 9.5183e-28
274 1.11567e-27
275 1.30739e-27
276 1.5317e-27
277 1.79405e-27
278 2.10085e-27
279 2.45952e-27
280 2.87875e-27
281 3.36863e-27
282 3.94096e-27
283 4.60943e-27
284 5.39003e-27
285 6.30134e-27
286 7.365e-27
287 8.6062e-27
288 1.00542e-26
289 1.17432e-26
290 1.37126e-26
291 1.60086e-26
292 1.86848e-26
293 2.18032e-26
294 2.54362e-26
295 2.96676e-26
296 3.45948e-26
297 4.0331e-26
298 4.70074e-26
299 5.47762e-26
300 6.38139e-26
301 7.43255e-26
302 8.65481e-26
303 1.00757e-25
304 1.17271e-25
305 1.36459e-25
306 1.58749e-25
307 1.84636e-25
308 2.14693e-25
309 2.49584e-25
310 2.90074e-25
311 3.37052e-25
312 3.91544e-25
313 4.54734e-25
314 5.27994e-25
315 6.12906e-25
316 7.113e-25
317 8.25286e-25
318 9.57303e-25
319 1.11016e-24
320 1.28711e-24
321 1.49189e-24
322 1.72883e-24
323 2.00289e-24
324 2.31982e-24
325 2.68623e-24
326 3.10973e-24
327 3.59909e-24
328 4.16443e-24
329 4.81736e-24
330 5.57127e-24
331 6.44155e-24
332 7.44592e-24
333 8.60474e-24
334 9.94143e-24
335 1.14829e-23
336 1.32601e-23
337 1.53086e-23
338 1.76692e-23
339 2.03887e-23
340 2.35211e-23
341 2.7128e-23
342 3.12804e-23
343 3.60597e-23
344 4.15591e-23
345 4.78856e-23
346 5.51619e-23
347 6.35287e-23
348 7.3147e-23
349 8.42015e-23
350 9.69037e-23
351 1.11496e-22
352 1.28255e-22
353 1.47498e-22
354 1.69589e-22
355 1.94943e-22
356 2.24035e-22
357 2.57409e-22
358 2.95686e-22
359 3.39576e-22
360 3.8989e-22
361 4.47556e-22
362 5.13631e-22
363 5.89325e-22
364 6.76017e-22
365 7.75282e-22
366 8.88917e-22
367 1.01897e-21
368 1.16778e-21
369 1.33801e-21
370 1.53269e-21
371 1.75529e-21
372 2.00974e-21
373 2.30053e-21
374 2.63277e-21
375 3.01228e-21
376 3.44566e-21
377 3.94045e-21
378 4.50521e-21
379 5.14965e-21
380 5.88484e-21
381 6.72334e-21
382 7.67942e-21
383 8.7693e-21
384 1.00114e-20
385 1.14265e-20
386 1.30384e-20
387 1.48739e-20
388 1.69636e-20
389 1.93419e-20
390 2.20481e-20
391 2.51265e-20
392 2.86273e-20
393 3.26076e-20
394 3.71317e-20
395 4.22727e-20
396 4.8113e-20
397 5.47461e-20
398 6.22776e-20
399 7.0827e-20
400 8.05292e-20
401 9.15368e-20
402 1.04022e-19
403 1.18181e-19
404 1.34231e-19
405 1.52423e-19
406 1.73036e-19
407 1.96386e-19
408 2.22832e-19
409 2.52774e-19
410 2.86668e-19
411 3.25025e-19
412 3.68422e-19
413 4.1751e-19
414 4.73022e-19
415 5.35784e-19
416 6.06724e-19
417 6.86891e-19
418 7.77462e-19
419 8.79764e-19
420 9.9529e-19
421 1.12572e-18
422 1.27294e-18
423 1.43907e-18
424 1.62651e-18
425 1.83793e-18
426 2.07635e-18
427 2.34515e-18
428 2.64815e-18
429 2.9896e-18
430 3.37431e-18
431 3.80765e-18
432 4.29566e-18
433 4.8451e-18
434 5.46358e-18
435 6.1596e-18
436 6.9427e-18
437 7.82356e-18
438 8.81416e-18
439 9.9279e-18
440 1.11798e-17
441 1.25866e-17
442 1.41672e-17
443 1.59425e-17
444 1.79361e-17
445 2.01741e-17
446 2.26861e-17
447 2.55047e-17
448 2.86665e-17
449 3.22126e-17
450 3.61884e-17
451 4.06449e-17
452 4.56389e-17
453 5.12337e-17
454 5.74998e-17
455 6.45159e-17
456 7.23697e-17
457 8.11586e-17
458 9.09912e-17
459 1.01989e-16
460 1.14285e-16
461 1.2803e-16
462 1.4339e-16
463 1.60551e-16
464 1.79716e-16
465 2.01115e-16
466 2.25002e-16
467 2.51657e-16
468 2.81393e-16
469 3.14557e-16
470 3.51534e-16
471 3.92749e-16
472 4.38678e-16
473 4.89843e-16
474 5.46827e-16
475 6.10273e-16
476 6.80895e-16
477 7.59483e-16
478 8.46913e-16
479 9.44154e-16
480 1.05228e-15
481 1.17247e-15
482 1.30604e-15
483 1.45445e-15
484 1.6193e-15
485 1.80237e-15
486 2.00561e-15
487 2.23121e-15
488 2.48154e-15
489 2.75928e-15
490 3.06733e-15
491 3.40894e-15
492 3.78766e-15
493 4.20745e-15
494 4.67263e-15
495 5.18802e-15
496 5.75891e-15
497 6.39113e-15
498 7.09112e-15
499 7.86597e-15
500 8.72352e-15
501 9.67239e-15
502 1.07221e-14
503 1.1883e-14
504 1.31668e-14
505 1.45861e-14
506 1.61548e-14
507 1.78883e-14
508 1.98036e-14
509 2.19191e-14
510 2.42554e-14
511 2.68349e-14
512 2.96823e-14
513 3.28247e-14
514 3.62917e-14
515 4.01162e-14
516 4.43338e-14
517 4.8984e-14
518 5.41097e-14
519 5.97582e-14
520 6.59813e-14
521 7.28355e-14
522 8.0383e-14
523 8.86915e-14
524 9.78353e-14
525 1.07896e-13
526 1.18961e-13
527 1.31129e-13
528 1.44504e-13
529 1.59204e-13
530 1.75353e-13
531 1.93089e-13
532 2.12562e-13
533 2.33936e-13
534 2.57388e-13
535 2.83114e-13
536 3.11323e-13
537 3.42245e-13
538 3.76131e-13
539 4.13252e-13
540 4.53903e-13
541 4.98406e-13
542 5.47109e-13
543 6.00391e-13
544 6.58663e-13
545 7.22371e-13
546 7.91998e-13
547 8.68069e-13
548 9.51154e-13
549 1.04187e-12
550 1.14088e-12
551 1.24892e-12
552 1.36677e-12
553 1.49527e-12
554 1.63535e-12
555 1.78801e-12
556 1.95432e-12
557 2.13545e-12
558 2.33267e-12
559 2.54734e-12
560 2.78093e-12
561 3.03506e-12
562 3.31145e-12
563 3.61198e-12
564 3.93867e-12
565 4.2937e-12
566 4.67946e-12
567 5.0985e-12
568 5.55359e-12
569 6.04772e-12
570 6.58414e-12
571 7.16634e-12
572 7.79811e-12
573 8.48354e-12
574 9.22704e-12
575 1.00334e-11
576 1.09078e-11
577 1.18558e-11
578 1.28834e-11
579 1.39972e-11
580 1.52041e-11
581 1.65118e-11
582 1.79285e-11
583 1.9463e-11
584 2.11248e-11
585 2.29243e-11
586 2.48726e-11
587 2.69817e-11
588 2.92644e-11
589 3.17348e-11
590 3.44077e-11
591 3.72993e-11
592 4.04271e-11
593 4.38096e-11
594 4.7467e-11
595 5.14208e-11
596 5.56943e-11
597 6.03123e-11
598 6.53015e-11
599 7.06907e-11
600 7.65105e-11
601 8.27937e-11
602 8.95756e-11
603 9.68939e-11
604 1.04789e-10
605 1.13303e-10
606 1.22483e-10
607 1.32377e-10
608 1.43037e-10
609 1.5452e-10
610 1.66884e-10
611 1.80192e-10
612 1.94511e-10
613 2.09912e-10
614 2.26469e-10
615 2.44264e-10
616 2.6338e-10
617 2.83907e-10
618 3.05939e-10
619 3.29577e-10
620 3.54925e-10
621 3.82096e-10
622 4.11207e-10
623 4.42382e-10
624 4.7575e-10
625 5.11449e-10
626 5.49624e-10
627 5.90425e-10
628 6.34011e-10
629 6.8055e-10
630 7.30216e-10
631 7.83193e-10
632 8.39674e-10
633 8.99859e-10
634 9.63961e-10
635 1.0322e-09
636 1.1048e-09
637 1.18202e-09
638 1.2641e-09
639 1.35131e-09
640 1.44392e-09
641 1.54223e-09
642 1.64653e-09
643 1.75716e-09
644 1.87443e-09
645 1.99871e-09
646 2.13035e-09
647 2.26975e-09
648 2.4173e-09
649 2.57343e-09
650 2.73858e-09
651 2.91324e-09
652 3.09789e-09
653 3.29305e-09
654 3.49928e-09
655 3.71717e-09
656 3.94732e-09
657 4.1904e-09
658 4.44709e-09
659 4.71815e-09
660 5.00434e-09
661 5.30649e-09
662 5.62551e-09
663 5.96233e-09
664 6.31795e-09
665 6.69345e-09
666 7.08998e-09
667 7.50875e-09
668 7.95108e-09
669 8.41835e-09
670 8.91207e-09
671 9.43381e-09
672 9.98528e-09
673 1.05683e-08
674 1.11848e-08
675 1.18369e-08
676 1.25267e-08
677 1.32567e-08
678 1.40293e-08
679 1.48473e-08
680 1.57134e-08
681 1.66307e-08
682 1.76024e-08
683 1.86319e-08
684 1.97229e-08
685 2.08792e-08
686 2.21048e-08
687 2.34039e-08
688 2.47812e-08
689 2.62414e-08
690 2.77894e-08
691 2.94304e-08
692 3.11701e-08
693 3.30141e-08
694 3.49684e-08
695 3.70393e-08
696 3.92332e-08
697 4.1557e-08
698 4.40176e-08
699 4.66222e-08
700 4.93782e-08
701 5.22934e-08
702 5.53756e-08
703 5.86328e-08
704 6.20731e-08
705 6.5705e-08
706 6.95368e-08
707 7.3577e-08
708 7.78343e-08
709 8.23171e-08
710 8.7034e-08
711 9.19936e-08
712 9.72041e-08
713 1.02674e-07
714 1.0841e-07
715 1.14422e-07
716 1.20716e-07
717 1.27299e-07
718 1.34177e-07
719 1.41357e-07
720 1.48844e-07
721 1.56643e-07
722 1.64757e-07
723 1.7319e-07
724 1.81943e-07
725 1.91018e-07
726 2.00416e-07
727 2.10134e-07
728 2.2017e-07
729 2.30522e-07
730 2.41183e-07
731 2.52147e-07
732 2.63406e-07
733 2.74951e-07
734 2.86769e-07
735 2.98847e-07
736 3.11171e-07
737 3.23724e-07
738 3.36487e-07
739 3.49438e-07
740 3.62556e-07
741 3.75817e-07
742 3.89192e-07
743 4.02656e-07
744 4.16176e-07
745 4.29721e-07
746 4.43258e-07
747 4.56752e-07
748 4.70164e-07
749 4.83459e-07
750 4.96596e-07
751 5.09534e-07
752 5.22234e-07
753 5.34653e-07
754 5.46749e-07
755 5.58482e-07
756 5.69808e-07
757 5.80688e-07
758 5.91081e-07
759 6.0095e-07
760 6.10257e-07
761 6.1897e-07
762 6.27056e-07
763 6.34488e-07
764 6.41242e-07
765 6.47298e-07
766 6.52643e-07
767 6.57269e-07
768 6.61172e-07
769 6.64358e-07
770 6.66841e-07
771 6.68641e-07
772 6.69788e-07
773 6.70325e-07
774 6.70301e-07
775 6.69781e-07
776 6.68839e-07
777 6.67563e-07
778 6.66056e-07
779 6.64435e-07
780 6.62832e-07
781 6.61396e-07
782 6.60291e-07
783 6.59701e-07
784 6.59827e-07
785 6.6089e-07
786 6.63129e-07
787 6.66804e-07
788 6.72195e-07
789 6.79606e-07
790 6.8936e-07
791 7.01801e-07
792 7.17299e-07
793 7.36244e-07
794 7.59049e-07
795 7.8615e-07
796 8.18008e-07
797 8.55103e-07
798 8.97941e-07
799 9.47049e-07
800 1.00298e-06
801 1.06629e-06
802 1.13759e-06
803 1.21749e-06
804 1.30661e-06
805 1.40562e-06
806 1.51517e-06
807 1.63597e-06
808 1.7687e-06
809 1.91409e-06
810 2.07287e-06
811 2.24579e-06
812 2.43359e-06
813 2.63705e-06
814 2.85692e-06
815 3.09399e-06
816 3.34905e-06
817 3.62286e-06
818 3.91621e-06
819 4.22989e-06
820 4.56467e-06
821 4.92132e-06
822 5.30061e-06
823 5.7033e-06
824 6.13011e-06
825 6.58179e-06
826 7.05905e-06
827 7.56259e-06
828 8.09308e-06
829 8.65118e-06
830 9.23753e-06
831 9.85274e-06
832 1.04974e-05
833 1.11721e-05
834 1.18773e-05
835 1.26135e-05
836 1.33813e-05
837 1.41811e-05
838 1.50132e-05
839 1.58782e-05
840 1.67763e-05
841 1.77079e-05
842 1.86732e-05
843 1.96727e-05
844 2.07065e-05
845 2.17748e-05
846 2.2878e-05
847 2.40161e-05
848 2.51894e-05
849 2.63981e-05
850 2.76422e-05
851 2.8922e-05
852 3.02377e-05
853 3.15894e-05
854 3.29773e-05
855 3.44016e-05
856 3.58625e-05
857 3.73603e-05
858 3.88953e-05
859 4.04679e-05
860 4.20784e-05
861 4.37273e-05
862 4.54152e-05
863 4.71427e-05
864 4.89104e-05
865 5.07192e-05
866 5.25701e-05
867 5.4464e-05
868 5.64022e-05
869 5.83859e-05
870 6.04168e-05
871 6.24964e-05
872 6.46265e-05
873 6.68094e-05
874 6.90471e-05
875 7.13421e-05
876 7.36973e-05
877 7.61155e-05
878 7.86e-05
879 8.11542e-05
880 8.37821e-05
881 8.64877e-05
882 8.92754e-05
883 9.215e-05
884 9.51167e-05
885 9.81809e-05
886 0.000101348
887 0.000104626
888 0.000108019
889 0.000111536
890 0.000115184
891 0.000118971
892 0.000122905
893 0.000126996
894 0.000131252
895 0.000135684
896 0.000140301
897 0.000145116
898 0.000150139
899 0.000155382
900 0.000160859
901 0.000166581
902 0.000172563
903 0.00017882
904 0.000185365
905 0.000192215
906 0.000199385
907 0.000206892
908 0.000214754
909 0.000222989
910 0.000231614
911 0.00024065
912 0.000250115
913 0.000260031
914 0.000270419
915 0.000281299
916 0.000292695
917 0.00030463
918 0.000317126
919 0.000330209
920 0.000343903
921 0.000358234
922 0.000373227
923 0.000388909
924 0.000405309
925 0.000422452
926 0.000440369
927 0.000459088
928 0.000478638
929 0.00049905
930 0.000520355
931 0.000542583
932 0.000565767
933 0.000589938
934 0.000615129
935 0.000641375
936 0.000668707
937 0.00069716
938 0.00072677
939 0.000757569
940 0.000789595
941 0.000822882
942 0.000857467
943 0.000893385
944 0.000930673
945 0.000969368
946 0.00100951
947 0.00105113
948 0.00109426
949 0.00113896
950 0.00118525
951 0.00123317
952 0.00128275
953 0.00133405
954 0.00138709
955 0.00144191
956 0.00149855
957 0.00155705
958 0.00161745
959 0.00167978
960 0.00174407
961 0.00181038
962 0.00187872
963 0.00194915
964 0.00202169
965 0.00209637
966 0.00217325
967 0.00225234
968 0.00233368
969 0.00241731
970 0.00250325
971 0.00259155
972 0.00268222
973 0.00277531
974 0.00287084
975 0.00296883
976 0.00306932
977 0.00317234
978 0.0032779
979 0.00338603
980 0.00349676
981 0.00361011
982 0.00372609
983 0.00384474
984 0.00396606
985 0.00409007
986 0.00421678
987 0.00434622
988 0.00447839
989 0.00461331
990 0.00475098
991 0.0048914
992 0.0050346
993 0.00518055
994 0.00532928
995 0.00548078
996 0.00563504
997 0.00579207
998 0.00595185
999 0.00611438
1000 0.00627964
1001 0.00644762
1002 0.00661831
1003 0.00679169
1004 0.00696774
1005 0.00714644
1006 0.00732775
1007 0.00751166
1008 0.00769814
1009 0.00788714
1010 0.00807864
1011 0.0082726
1012 0.00846898
1013 0.00866773
1014 0.00886881
1015 0.00907217
1016 0.00927777
1017 0.00948553
1018 0.00969542
1019 0.00990737
1020 0.0101213
1021 0.0103372
1022 0.0105549
1023 0.0107745
1024 0.0109957
1025 0.0112187
1026 0.0114431
1027 0.0116691
1028 0.0118965
1029 0.0121252
1030 0.0123551
1031 0.0125861
1032 0.0128182
1033 0.0130513
1034 0.0132852
1035 0.0135198
1036 0.0137551
1037 0.0139909
1038 0.0142272
1039 0.0144637
1040 0.0147005
1041 0.0149374
1042 0.0151742
1043 0.0154109
1044 0.0156474
1045 0.0158834
1046 0.016119
1047 0.0163539
1048 0.0165881
1049 0.0168214
1050 0.0170536
1051 0.0172848
1052 0.0175146
1053 0.0177431
1054 0.01797
1055 0.0181953
1056 0.0184187
1057 0.0186403
1058 0.0188597
1059 0.019077
1060 0.0192919
1061 0.0195044
1062 0.0197143
1063 0.0199214
1064 0.0201257
1065 0.0203269
1066 0.0205251
1067 0.02072
1068 0.0209115
1069 0.0210995
1070 0.0212838
1071 0.0214644
1072 0.0216412
1073 0.0218139
1074 0.0219825
1075 0.0221468
1076 0.0223068
1077 0.0224624
1078 0.0226133
1079 0.0227596
1080 0.0229011
1081 0.0230378
1082 0.0231694
1083 0.0232959
1084 0.0234173
1085 0.0235335
1086 0.0236442
1087 0.0237496
1088 0.0238495
1089 0.0239437
1090 0.0240324
1091 0.0241153
1092 0.0241924
1093 0.0242637
1094 0.0243292
1095 0.0243886
1096 0.0244421
1097 0.0244896
1098 0.024531
1099 0.0245664
1100 0.0245956
1101 0.0246186
1102 0.0246355
1103 0.0246463
1104 0.0246508
1105 0.0246491
1106 0.0246413
1107 0.0246273
1108 0.0246071
1109 0.0245807
1110 0.0245482
1111 0.0245096
1112 0.0244649
1113 0.0244141
1114 0.0243574
1115 0.0242946
1116 0.0242259
1117 0.0241513
1118 0.0240709
1119 0.0239847
1120 0.0238928
1121 0.0237953
1122 0.0236922
1123 0.0235836
1124 0.0234696
1125 0.0233502
1126 0.0232256
1127 0.0230959
1128 0.022961
1129 0.0228213
1130 0.0226766
1131 0.0225272
1132 0.0223731
1133 0.0222145
1134 0.0220514
1135 0.021884
1136 0.0217124
1137 0.0215367
1138 0.0213571
1139 0.0211736
1140 0.0209863
1141 0.0207955
1142 0.0206012
1143 0.0204036
1144 0.0202027
1145 0.0199988
1146 0.019792
1147 0.0195823
1148 0.01937
1149 0.0191551
1150 0.0189378
1151 0.0187183
1152 0.0184966
1153 0.0182729
1154 0.0180474
1155 0.0178202
1156 0.0175914
1157 0.0173611
1158 0.0171295
1159 0.0168967
1160 0.0166629
1161 0.0164282
1162 0.0161927
1163 0.0159565
1164 0.0157198
1165 0.0154827
1166 0.0152453
1167 0.0150078
1168 0.0147702
1169 0.0145327
1170 0.0142955
1171 0.0140585
1172 0.013822
1173 0.013586
1174 0.0133507
1175 0.0131162
1176 0.0128825
1177 0.0126498
1178 0.0124182
1179 0.0121877
1180 0.0119585
1181 0.0117306
1182 0.0115042
1183 0.0112793
1184 0.011056
1185 0.0108344
1186 0.0106145
1187 0.0103965
1188 0.0101804
1189 0.00996628
1190 0.0097542
1191 0.00954422
1192 0.00933642
1193 0.00913083
1194 0.00892752
1195 0.00872654
1196 0.00852794
1197 0.00833175
1198 0.00813803
1199 0.0079468
1200 0.00775812
1201 0.00757201
1202 0.0073885
1203 0.00720763
1204 0.00702941
1205 0.00685388
1206 0.00668104
1207 0.00651092
1208 0.00634354
1209 0.00617891
1210 0.00601703
1211 0.00585792
1212 0.00570159
1213 0.00554803
1214 0.00539724
1215 0.00524924
1216 0.00510401
1217 0.00496155
1218 0.00482185
1219 0.00468491
1220 0.00455071
1221 0.00441924
1222 0.00429049
1223 0.00416445
1224 0.00404109
1225 0.0039204
1226 0.00380236
1227 0.00368695
1228 0.00357413
1229 0.0034639
1230 0.00335623
1231 0.00325108
1232 0.00314844
1233 0.00304827
1234 0.00295055
1235 0.00285524
1236 0.00276231
1237 0.00267174
1238 0.00258348
1239 0.00249751
1240 0.0024138
1241 0.0023323
1242 0.00225299
1243 0.00217583
1244 0.00210078
1245 0.00202781
1246 0.00195689
1247 0.00188796
1248 0.00182101
1249 0.00175599
1250 0.00169286
1251 0.0016316
1252 0.00157215
1253 0.00151449
1254 0.00145857
1255 0.00140437
1256 0.00135184
1257 0.00130095
1258 0.00125165
1259 0.00120393
1260 0.00115773
1261 0.00111302
1262 0.00106977
1263 0.00102794
1264 0.000987493
1265 0.000948402
1266 0.000910629
1267 0.000874139
1268 0.0008389
1269 0.000804879
1270 0.000772042
1271 0.000740359
1272 0.000709796
1273 0.000680324
1274 0.000651911
1275 0.000624527
1276 0.000598142
1277 0.000572727
1278 0.000548254
1279 0.000524695
1280 0.000502021
1281 0.000480206
1282 0.000459223
1283 0.000439046
1284 0.000419649
1285 0.000401009
1286 0.0003831
1287 0.000365898
1288 0.000349381
1289 0.000333525
1290 0.000318309
1291 0.00030371
1292 0.000289708
1293 0.000276282
1294 0.000263411
1295 0.000251077
1296 0.000239261
1297 0.000227943
1298 0.000217106
1299 0.000206732
1300 0.000196804
1301 0.000187306
1302 0.000178222
1303 0.000169535
1304 0.000161232
1305 0.000153296
1306 0.000145715
1307 0.000138474
1308 0.000131559
1309 0.000124959
1310 0.00011866
1311 0.00011265
1312 0.000106918
1313 0.000101453
1314 9.62421e-05
1315 9.12764e-05
1316 8.65453e-05
1317 8.2039e-05
1318 7.77478e-05
1319 7.36627e-05
1320 6.97749e-05
1321 6.60757e-05
1322 6.25571e-05
1323 5.92111e-05
1324 5.60301e-05
1325 5.30068e-05
1326 5.01342e-05
1327 4.74054e-05
1328 4.4814e-05
1329 4.23538e-05
1330 4.00187e-05
1331 3.78029e-05
1332 3.5701e-05
1333 3.37075e-05
1334 3.18175e-05
1335 3.0026e-05
1336 2.83284e-05
1337 2.67201e-05
1338 2.51969e-05
1339 2.37547e-05
1340 2.23894e-05
1341 2.10974e-05
1342 1.98751e-05
1343 1.87189e-05
1344 1.76257e-05
1345 1.65921e-05
1346 1.56154e-05
1347 1.46925e-05
1348 1.38207e-05
1349 1.29975e-05
1350 1.22203e-05
1351 1.14867e-05
1352 1.07945e-05
1353 1.01415e-05
1354 9.52563e-06
1355 8.94498e-06
1356 8.39765e-06
1357 7.88187e-06
1358 7.39595e-06
1359 6.93827e-06
1360 6.50731e-06
1361 6.10162e-06
1362 5.71981e-06
1363 5.36057e-06
1364 5.02265e-06
1365 4.70488e-06
1366 4.40612e-06
1367 4.12532e-06
1368 3.86147e-06
1369 3.61359e-06
1370 3.3808e-06
1371 3.16223e-06
1372 2.95705e-06
1373 2.76451e-06
1374 2.58387e-06
1375 2.41443e-06
1376 2.25555e-06
1377 2.10661e-06
1378 1.96701e-06
1379 1.83622e-06
1380 1.7137e-06
1381 1.59896e-06
1382 1.49153e-06
1383 1.39098e-06
1384 1.29689e-06
1385 1.20886e-06
1386 1.12653e-06
1387 1.04955e-06
1388 9.77587e-07
1389 9.10334e-07
1390 8.47499e-07
1391 7.88807e-07
1392 7.33998e-07
1393 6.8283e-07
1394 6.35071e-07
1395 5.90508e-07
1396 5.48936e-07
1397 5.10165e-07
1398 4.74015e-07
1399 4.40319e-07
1400 4.08917e-07
1401 3.79661e-07
1402 3.52411e-07
1403 3.27036e-07
1404 3.03414e-07
1405 2.81429e-07
1406 2.60973e-07
1407 2.41944e-07
1408 2.24247e-07
1409 2.07793e-07
1410 1.925e-07
1411 1.78288e-07
1412 1.65085e-07
1413 1.52822e-07
1414 1.41436e-07
1415 1.30865e-07
1416 1.21055e-07
1417 1.11953e-07
1418 1.0351e-07
1419 9.56799e-08
1420 8.84207e-08
1421 8.16923e-08
1422 7.54573e-08
1423 6.96812e-08
1424 6.43315e-08
1425 5.9378e-08
1426 5.47926e-08
1427 5.05489e-08
1428 4.66225e-08
1429 4.29905e-08
1430 3.96319e-08
1431 3.65267e-08
1432 3.36567e-08
1433 3.10046e-08
1434 2.85545e-08
1435 2.62916e-08
1436 2.42022e-08
1437 2.22734e-08
1438 2.04933e-08
1439 1.8851e-08
1440 1.7336e-08
1441 1.59389e-08
1442 1.46508e-08
1443 1.34636e-08
1444 1.23696e-08
1445 1.13617e-08
1446 1.04334e-08
1447 9.57863e-09
1448 8.79176e-09
1449 8.06757e-09
1450 7.40125e-09
1451 6.78831e-09
1452 6.22462e-09
1453 5.70636e-09
1454 5.22999e-09
1455 4.79222e-09
1456 4.39003e-09
1457 4.02062e-09
1458 3.68141e-09
1459 3.37e-09
1460 3.08419e-09
1461 2.82193e-09
1462 2.58135e-09
1463 2.3607e-09
1464 2.1584e-09
1465 1.97295e-09
1466 1.80301e-09
1467 1.6473e-09
1468 1.50467e-09
1469 1.37406e-09
1470 1.25449e-09
1471 1.14504e-09
1472 1.04489e-09
1473 9.53267e-10
1474 8.69469e-10
1475 7.92844e-10
1476 7.22798e-10
1477 6.58781e-10
1478 6.00288e-10
1479 5.46856e-10
1480 4.9806e-10
1481 4.53508e-10
1482 4.12842e-10
1483 3.75731e-10
1484 3.41873e-10
1485 3.10991e-10
1486 2.8283e-10
1487 2.57157e-10
1488 2.33758e-10
1489 2.12436e-10
1490 1.93013e-10
1491 1.75323e-10
1492 1.59216e-10
1493 1.44553e-10
1494 1.3121e-10
1495 1.19069e-10
1496 1.08025e-10
1497 9.79824e-11
1498 8.88517e-11
1499 8.05524e-11
1500 7.30107e-11
1501 6.61591e-11
1502 5.9936e-11
1503 5.42852e-11
1504 4.91553e-11
1505 4.44994e-11
1506 4.02749e-11
1507 3.64426e-11
1508 3.2967e-11
1509 2.98157e-11
1510 2.69592e-11
1511 2.43704e-11
1512 2.2025e-11
1513 1.99005e-11
1514 1.79766e-11
1515 1.62348e-11
1516 1.46582e-11
1517 1.32316e-11
1518 1.19409e-11
1519 1.07736e-11
1520 9.71805e-12
1521 8.76382e-12
1522 7.90139e-12
1523 7.12212e-12
1524 6.41817e-12
1525 5.78242e-12
1526 5.20839e-12
1527 4.69023e-12
1528 4.22261e-12
1529 3.8007e-12
1530 3.42012e-12
1531 3.07692e-12
1532 2.7675e-12
1533 2.4886e-12
1534 2.23727e-12
1535 2.01085e-12
1536 1.8069e-12
1537 1.62326e-12
1538 1.45793e-12
1539 1.30913e-12
1540 1.17523e-12
1541 1.05478e-12
1542 9.46444e-13
1543 8.49034e-13
1544 7.61469e-13
1545 6.82771e-13
1546 6.12061e-13
1547 5.48543e-13
1548 4.91499e-13
1549 4.40283e-13
1550 3.94309e-13
1551 3.53051e-13
1552 3.16035e-13
1553 2.82832e-13
1554 2.53058e-13
1555 2.26363e-13
1556 2.02437e-13
1557 1.80996e-13
1558 1.61787e-13
1559 1.44582e-13
1560 1.29177e-13
1561 1.15385e-13
1562 1.03041e-13
1563 9.19954e-14
1564 8.21144e-14
1565 7.32772e-14
1566 6.53755e-14
1567 5.83119e-14
1568 5.19991e-14
1569 4.63587e-14
1570 4.13202e-14
1571 3.68205e-14
1572 3.2803e-14
1573 2.92169e-14
1574 2.60166e-14
1575 2.31614e-14
1576 2.06145e-14
1577 1.83434e-14
1578 1.63186e-14
1579 1.45138e-14
1580 1.29056e-14
1581 1.14728e-14
1582 1.01966e-14
1583 9.06029e-15
1584 8.04867e-15
1585 7.14829e-15
1586 6.34713e-15
1587 5.63442e-15
1588 5.00054e-15
1589 4.43693e-15
1590 3.9359e-15
1591 3.49062e-15
1592 3.09498e-15
1593 2.74354e-15
1594 2.43142e-15
1595 2.1543e-15
1596 1.90831e-15
1597 1.69001e-15
1598 1.49633e-15
1599 1.32453e-15
1600 1.17218e-15
1601 1.0371e-15
1602 9.17374e-16
1603 8.11277e-16
1604 7.17281e-16
1605 6.34025e-16
1606 5.603e-16
1607 4.95031e-16
1608 4.37261e-16
1609 3.86142e-16
1610 3.40918e-16
1611 3.0092e-16
1612 2.65552e-16
1613 2.34285e-16
1614 2.06651e-16
1615 1.82233e-16
1616 1.60662e-16
1617 1.41612e-16
1618 1.2479e-16
1619 1.09941e-16
1620 9.68359e-17
1621 8.52728e-17
1622 7.50727e-17
1623 6.6077e-17
1624 5.81455e-17
1625 5.1154e-17
1626 4.49925e-17
1627 3.95638e-17
1628 3.47819e-17
1629 3.05707e-17
1630 2.68631e-17
1631 2.35995e-17
1632 2.07275e-17
1633 1.82007e-17
1634 1.59782e-17
1635 1.40238e-17
1636 1.23055e-17
1637 1.07951e-17
1638 9.46796e-18
1639 8.30198e-18
1640 7.27787e-18
1641 6.37858e-18
1642 5.58909e-18
1643 4.89615e-18
1644 4.28812e-18
1645 3.7547e-18
1646 3.28686e-18
1647 2.87663e-18
1648 2.51701e-18
1649 2.20183e-18
1650 1.92565e-18
1651 1.68372e-18
1652 1.47184e-18
1653 1.28631e-18
1654 1.12391e-18
1655 9.81779e-19
1656 8.57419e-19
1657 7.48634e-19
1658 6.53497e-19
1659 5.70316e-19
1660 4.97604e-19
1661 4.34061e-19
1662 3.78543e-19
1663 3.30048e-19
1664 2.87697e-19
1665 2.50722e-19
1666 2.18448e-19
1667 1.90283e-19
1668 1.6571e-19
1669 1.44277e-19
1670 1.25586e-19
1671 1.09291e-19
1672 9.5088e-20
1673 8.27111e-20
1674 7.19284e-20
1675 6.25366e-20
1676 5.43584e-20
1677 4.72385e-20
1678 4.10416e-20
1679 3.56492e-20
1680 3.0958e-20
1681 2.68779e-20
1682 2.333e-20
1683 2.02457e-20
1684 1.7565e-20
1685 1.52356e-20
1686 1.32121e-20
1687 1.14546e-20
1688 9.92859e-21
1689 8.60385e-21
1690 7.45411e-21
1691 6.45649e-21
1692 5.59108e-21
1693 4.84053e-21
1694 4.18974e-21
1695 3.6256e-21
1696 3.13668e-21
1697 2.71306e-21
1698 2.34609e-21
1699 2.02829e-21
1700 1.75312e-21
1701 1.51493e-21
1702 1.30879e-21
1703 1.13043e-21
1704 9.76155e-22
1705 8.42733e-22
1706 7.27376e-22
1707 6.27662e-22
1708 5.41491e-22
1709 4.67039e-22
1710 4.0273e-22
1711 3.47193e-22
1712 2.99245e-22
1713 2.57858e-22
1714 2.22143e-22
1715 1.91329e-22
1716 1.64751e-22
1717 1.41831e-22
1718 1.22072e-22
1719 1.0504e-22
1720 9.03634e-23
1721 7.77191e-23
1722 6.68284e-23
1723 5.74503e-23
1724 4.93766e-23
1725 4.24276e-23
1726 3.64479e-23
1727 3.13037e-23
1728 2.68791e-23
1729 2.30746e-23
1730 1.98038e-23
1731 1.69927e-23
1732 1.45772e-23
1733 1.25022e-23
1734 1.07199e-23
1735 9.18963e-24
1736 7.87593e-24
1737 6.74844e-24
1738 5.781e-24
1739 4.95109e-24
1740 4.23933e-24
1741 3.62903e-24
1742 3.10587e-24
1743 2.6575e-24
1744 2.27332e-24
1745 1.94423e-24
1746 1.66239e-24
1747 1.42107e-24
1748 1.2145e-24
1749 1.03771e-24
1750 8.86446e-25
1751 7.57056e-25
1752 6.46401e-25
1753 5.5179e-25
1754 4.70916e-25
1755 4.01802e-25
1756 3.42751e-25
1757 2.9231e-25
1758 2.49234e-25
1759 2.12455e-25
1760 1.81062e-25
1761 1.54271e-25
1762 1.31414e-25
1763 1.11916e-25
1764 9.52897e-26
1765 8.1114e-26
1766 6.9031e-26
1767 5.87341e-26
1768 4.99614e-26
1769 4.2489e-26
1770 3.61258e-26
1771 3.07083e-26
1772 2.60971e-26
1773 2.21731e-26
1774 1.88347e-26
1775 1.59952e-26
1776 1.35806e-26
1777 1.15277e-26
1778 9.7829e-27
1779 8.30022e-27
1780 7.04059e-27
1781 5.97072e-27
1782 5.06224e-27
1783 4.29097e-27
1784 3.63636e-27
1785 3.08089e-27
1786 2.60965e-27
1787 2.20997e-27
1788 1.87107e-27
1789 1.58376e-27
1790 1.34026e-27
1791 1.13392e-27
1792 9.5913e-28
1793 8.1109e-28
1794 6.85739e-28
1795 5.79623e-28
1796 4.89814e-28
1797 4.13822e-28
1798 3.49538e-28
1799 2.95171e-28
1800 2.49201e-28
1801 2.10341e-28
1802 1.77499e-28
1803 1.4975e-28
1804 1.26309e-28
1805 1.06513e-28
1806 8.9798e-29
1807 7.56883e-29
1808 6.37807e-29
1809 5.37338e-29
1810 4.52589e-29
1811 3.81117e-29
1812 3.20856e-29
1813 2.70061e-29
1814 2.27253e-29
1815 1.91186e-29
1816 1.60806e-29
1817 1.35221e-29
1818 1.1368e-29
1819 9.55486e-30
1820 8.029e-30
1821 6.74523e-30
1822 5.6654e-30
1823 4.75731e-30
1824 3.99385e-30
1825 3.35211e-30
1826 2.81284e-30
1827 2.35976e-30
1828 1.9792e-30
1829 1.65962e-30
1830 1.39132e-30
1831 1.16612e-30
1832 9.77138e-31
1833 8.18592e-31
1834 6.85609e-31
1835 5.74095e-31
1836 4.80606e-31
1837 4.02246e-31
1838 3.36583e-31
1839 2.81573e-31
1840 2.35498e-31
1841 1.96916e-31
1842 1.64616e-31
1843 1.37582e-31
1844 1.1496e-31
1845 9.60355e-32
1846 8.02073e-32
1847 6.6972e-32
1848 5.59075e-32
1849 4.666e-32
1850 3.89329e-32
1851 3.24778e-32
1852 2.70865e-32
1853 2.25849e-32
1854 1.88269e-32
1855 1.56906e-32
1856 1.30736e-32
1857 1.08905e-32
1858 9.06986e-33
1859 7.55178e-33
1860 6.28631e-33
1861 5.23166e-33
1862 4.35291e-33
1863 3.62092e-33
1864 3.0113e-33
1865 2.50373e-33
1866 2.08122e-33
1867 1.7296e-33
1868 1.43705e-33
1869 1.1937e-33
1870 9.91321e-34
1871 8.23061e-34
1872 6.83199e-34
1873 5.6697e-34
1874 4.70403e-34
1875 3.90191e-34
1876 3.23581e-34
1877 2.68278e-34
1878 2.22375e-34
1879 1.84282e-34
1880 1.52678e-34
1881 1.26465e-34
1882 1.04728e-34
1883 8.67059e-35
1884 7.17685e-35
1885 5.93904e-35
1886 4.91357e-35
1887 4.06419e-35
1888 3.36086e-35
1889 2.77858e-35
1890 2.29664e-35
1891 1.89784e-35
1892 1.56793e-35
1893 1.29506e-35
1894 1.06942e-35
1895 8.82889e-36
1896 7.2872e-36
1897 6.0133e-36
1898 4.96092e-36
1899 4.09175e-36
1900 3.37406e-36
1901 2.7816e-36
1902 2.29262e-36
1903 1.88916e-36
1904 1.55633e-36
1905 1.28183e-36
1906 1.0555e-36
1907 8.6892e-37
1908 7.15155e-37
1909 5.88461e-37
1910 4.84096e-37
1911 3.98146e-37
1912 3.27379e-37
1913 2.69126e-37
1914 2.21185e-37
1915 1.81741e-37
1916 1.49296e-37
1917 1.22614e-37
1918 1.00676e-37
1919 8.26439e-38
1920 6.78252e-38
1921 5.56504e-38
1922 4.56501e-38
1923 3.74379e-38
1924 3.06957e-38
1925 2.51617e-38
1926 2.06205e-38
1927 1.68948e-38
1928 1.3839e-38
1929 1.13332e-38
1930 9.27893e-39
1931 7.59518e-39
1932 6.21548e-39
1933 5.0852e-39
1934 4.15946e-39
1935 3.40144e-39
1936 2.7809e-39
1937 2.27302e-39
1938 1.85745e-39
1939 1.5175e-39
1940 1.23947e-39
1941 1.01214e-39
1942 8.26301e-40
1943 6.74426e-40
1944 5.50334e-40
1945 4.48968e-40
1946 3.66185e-40
1947 2.98594e-40
1948 2.43422e-40
1949 1.98396e-40
1950 1.6166e-40
1951 1.31695e-40
1952 1.07259e-40
1953 8.73358e-41
1954 7.10964e-41
1955 5.78628e-41
1956 4.70812e-41
1957 3.82994e-41
1958 3.11482e-41
1959 2.53262e-41
1960 2.05875e-41
1961 1.67314e-41
1962 1.35943e-41
1963 1.10428e-41
1964 8.96801e-42
1965 7.28131e-42
1966 5.91043e-42
1967 4.7965e-42
1968 3.89158e-42
1969 3.15662e-42
1970 2.55985e-42
1971 2.07541e-42
1972 1.68224e-42
1973 1.36323e-42
1974 1.10444e-42
1975 8.94568e-43
1976 7.24402e-43
1977 5.86463e-43
1978 4.74676e-43
1979 3.84105e-43
1980 3.1074e-43
1981 2.51327e-43
1982 2.03224e-43
1983 1.64289e-43
1984 1.32781e-43
1985 1.07289e-43
1986 8.66707e-44
1987 6.99977e-44
1988 5.65183e-44
1989 4.56236e-44
1990 3.68201e-44
1991 2.9708e-44
1992 2.39639e-44
1993 1.93257e-44
1994 1.55815e-44
1995 1.25596e-44
1996 1.01213e-44
1997 8.15441e-45
1998 6.56814e-45
1999 5.28916e-45
2000 4.25819e-45
2001 3.42734e-45
2002 2.75794e-45
2003 2.21873e-45
2004 1.78452e-45
2005 1.43493e-45
2006 1.15354e-45
2007 9.27112e-46
2008 7.44946e-46
2009 5.98429e-46
2010 4.80612e-46
2011 3.85897e-46
2012 3.09773e-46
2013 2.48605e-46
2014 1.99468e-46
2015 1.60004e-46
2016 1.28317e-46
2017 1.02881e-46
2018 8.2468e-47
2019 6.60895e-47
2020 5.29515e-47
2021 4.24156e-47
2022 3.39683e-47
2023 2.71974e-47
2024 2.17714e-47
2025 1.74243e-47
2026 1.39424e-47
2027 1.11542e-47
2028 8.92204e-48
2029 7.13547e-48
2030 5.70589e-48
2031 4.56226e-48
2032 3.64762e-48
2033 2.9163e-48
2034 2.33173e-48
2035 1.8646e-48
2036 1.49143e-48
2037 1.19344e-48
2038 9.55577e-49
2039 7.65826e-49
2040 6.14565e-49
2041 4.94113e-49
2042 3.98338e-49
2043 3.22355e-49
2044 2.62279e-49
2045 2.15033e-49
2046 1.78189e-49
2047 1.49851e-49
