0 2.33125e-77
1 2.38592e-77
2 3.14902e-77
3 4.71408e-77
4 7.27466e-77
5 1.11482e-76
6 1.68149e-76
7 2.49769e-76
8 3.66437e-76
9 5.32561e-76
10 7.68617e-76
11 1.10364e-75
12 1.57873e-75
13 2.25207e-75
14 3.20591e-75
15 4.55647e-75
16 6.46794e-75
17 9.17213e-75
18 1.29962e-74
19 1.84015e-74
20 2.60388e-74
21 3.68252e-74
22 5.20525e-74
23 7.35403e-74
24 1.03849e-73
25 1.46583e-73
26 2.06808e-73
27 2.91648e-73
28 4.11114e-73
29 5.79264e-73
30 8.15838e-73
31 1.14853e-72
32 1.61621e-72
33 2.27335e-72
34 3.19632e-72
35 4.49208e-72
36 6.31043e-72
37 8.86105e-72
38 1.24373e-71
39 1.74494e-71
40 2.4471e-71
41 3.43033e-71
42 4.80656e-71
43 6.73205e-71
44 9.42486e-71
45 1.31891e-70
46 1.8449e-70
47 2.57954e-70
48 3.60518e-70
49 5.03646e-70
50 7.03295e-70
51 9.81667e-70
52 1.36963e-69
53 1.91011e-69
54 2.66272e-69
55 3.71029e-69
56 5.16776e-69
57 7.19468e-69
58 1.00123e-68
59 1.39274e-68
60 1.9365e-68
61 2.69142e-68
62 3.73901e-68
63 5.19213e-68
64 7.20689e-68
65 9.99915e-68
66 1.38673e-67
67 1.92235e-67
68 2.66371e-67
69 3.68938e-67
70 5.1078e-67
71 7.06848e-67
72 9.77757e-67
73 1.35191e-66
74 1.86844e-66
75 2.5812e-66
76 3.56432e-66
77 4.91976e-66
78 6.78771e-66
79 9.36084e-66
80 1.29038e-65
81 1.77801e-65
82 2.44885e-65
83 3.37133e-65
84 4.6393e-65
85 6.38139e-65
86 8.77385e-65
87 1.2058e-64
88 1.65643e-64
89 2.27449e-64
90 3.12179e-64
91 4.28288e-64
92 5.87326e-64
93 8.05069e-64
94 1.10306e-63
95 1.51069e-63
96 2.06805e-63
97 2.82982e-63
98 3.87051e-63
99 5.2916e-63
100 7.23131e-63
101 9.87774e-63
102 1.34868e-62
103 1.84064e-62
104 2.51097e-62
105 3.42391e-62
106 4.66674e-62
107 6.35793e-62
108 8.65819e-62
109 1.17855e-61
110 1.60354e-61
111 2.18082e-61
112 2.96463e-61
113 4.02838e-61
114 5.47142e-61
115 7.42811e-61
116 1.00801e-60
117 1.3673e-60
118 1.85383e-60
119 2.51237e-60
120 3.40336e-60
121 4.60829e-60
122 6.23708e-60
123 8.43783e-60
124 1.14101e-59
125 1.54225e-59
126 2.08368e-59
127 2.81394e-59
128 3.79844e-59
129 5.12513e-59
130 6.91213e-59
131 9.31809e-59
132 1.2556e-58
133 1.69114e-58
134 2.27676e-58
135 3.06382e-58
136 4.12113e-58
137 5.54085e-58
138 7.44634e-58
139 1.00027e-57
140 1.34307e-57
141 1.80254e-57
142 2.41813e-57
143 3.24251e-57
144 4.34599e-57
145 5.82241e-57
146 7.79692e-57
147 1.04364e-56
148 1.39631e-56
149 1.86733e-56
150 2.49612e-56
151 3.33515e-56
152 4.45421e-56
153 5.9461e-56
154 7.93413e-56
155 1.05821e-55
156 1.41074e-55
157 1.87988e-55
158 2.50391e-55
159 3.33357e-55
160 4.43616e-55
161 5.90077e-55
162 7.84539e-55
163 1.04262e-54
164 1.38497e-54
165 1.8389e-54
166 2.44051e-54
167 3.23749e-54
168 4.29278e-54
169 5.68949e-54
170 7.53722e-54
171 9.9805e-54
172 1.32098e-53
173 1.74761e-53
174 2.31098e-53
175 3.05457e-53
176 4.03559e-53
177 5.32925e-53
178 7.03442e-53
179 9.28097e-53
180 1.22394e-52
181 1.61335e-52
182 2.12569e-52
183 2.79946e-52
184 3.6851e-52
185 4.84871e-52
186 6.37683e-52
187 8.38272e-52
188 1.10145e-51
189 1.4466e-51
190 1.89903e-51
191 2.49183e-51
192 3.26816e-51
193 4.2844e-51
194 5.61405e-51
195 7.35299e-51
196 9.62614e-51
197 1.25962e-50
198 1.64751e-50
199 2.15386e-50
200 2.81452e-50
201 3.67615e-50
202 4.79933e-50
203 6.26278e-50
204 8.16871e-50
205 1.06497e-49
206 1.38779e-49
207 1.80762e-49
208 2.35337e-49
209 3.06247e-49
210 3.98339e-49
211 5.17883e-49
212 6.7299e-49
213 8.74146e-49
214 1.1349e-48
215 1.47275e-48
216 1.91029e-48
217 2.47667e-48
218 3.20947e-48
219 4.15715e-48
220 5.38216e-48
221 6.9649e-48
222 9.00888e-48
223 1.16473e-47
224 1.50513e-47
225 1.94411e-47
226 2.50995e-47
227 3.23896e-47
228 4.17776e-47
229 5.38615e-47
230 6.9408e-47
231 8.93999e-47
232 1.15096e-46
233 1.48109e-46
234 1.90502e-46
235 2.44913e-46
236 3.14718e-46
237 4.04229e-46
238 5.18955e-46
239 6.65929e-46
240 8.54126e-46
241 1.09499e-45
242 1.40313e-45
243 1.79713e-45
244 2.30069e-45
245 2.94396e-45
246 3.76532e-45
247 4.81357e-45
248 6.15076e-45
249 7.85573e-45
250 1.00286e-44
251 1.27965e-44
252 1.63206e-44
253 2.08055e-44
254 2.65103e-44
255 3.37636e-44
256 4.29813e-44
257 5.46898e-44
258 6.95551e-44
259 8.84197e-44
260 1.12348e-43
261 1.42685e-43
262 1.81129e-43
263 2.29824e-43
264 2.91474e-43
265 3.69489e-43
266 4.68168e-43
267 5.92923e-43
268 7.50575e-43
269 9.49702e-43
270 1.2011e-42
271 1.51834e-42
272 1.91849e-42
273 2.42298e-42
274 3.05871e-42
275 3.85947e-42
276 4.86763e-42
277 6.13631e-42
278 7.73212e-42
279 9.73849e-42
280 1.22599e-41
281 1.54271e-41
282 1.94037e-41
283 2.43943e-41
284 3.06547e-41
285 3.85043e-41
286 4.83423e-41
287 6.06668e-41
288 7.60995e-41
289 9.54155e-41
290 1.19582e-40
291 1.49802e-40
292 1.87578e-40
293 2.34776e-40
294 2.93724e-40
295 3.67312e-40
296 4.59139e-40
297 5.73676e-40
298 7.16479e-40
299 8.94451e-40
300 1.11616e-39
301 1.39224e-39
302 1.73588e-39
303 2.16345e-39
304 2.69522e-39
305 3.35632e-39
306 4.1779e-39
307 5.19848e-39
308 6.46579e-39
309 8.03887e-39
310 9.99074e-39
311 1.24117e-38
312 1.54133e-38
313 1.91336e-38
314 2.37427e-38
315 2.94512e-38
316 3.65186e-38
317 4.52653e-38
318 5.60866e-38
319 6.947e-38
320 8.60164e-38
321 1.06467e-37
322 1.31733e-37
323 1.6294e-37
324 2.01473e-37
325 2.49034e-37
326 3.07724e-37
327 3.80121e-37
328 4.69403e-37
329 5.79473e-37
330 7.15135e-37
331 8.82289e-37
332 1.08819e-36
333 1.34175e-36
334 1.65392e-36
335 2.03815e-36
336 2.51094e-36
337 3.09256e-36
338 3.8079e-36
339 4.68748e-36
340 5.76876e-36
341 7.09768e-36
342 8.7306e-36
343 1.07366e-35
344 1.32005e-35
345 1.6226e-35
346 1.99404e-35
347 2.44998e-35
348 3.00951e-35
349 3.69605e-35
350 4.53827e-35
351 5.57128e-35
352 6.83807e-35
353 8.39126e-35
354 1.02953e-34
355 1.2629e-34
356 1.54888e-34
357 1.89928e-34
358 2.32854e-34
359 2.85432e-34
360 3.49821e-34
361 4.28663e-34
362 5.25186e-34
363 6.43336e-34
364 7.87936e-34
365 9.64881e-34
366 1.18137e-33
367 1.4462e-33
368 1.77011e-33
369 2.16621e-33
370 2.65053e-33
371 3.24261e-33
372 3.9663e-33
373 4.85072e-33
374 5.93137e-33
375 7.25157e-33
376 8.86412e-33
377 1.08334e-32
378 1.3238e-32
379 1.61734e-32
380 1.97561e-32
381 2.41282e-32
382 2.94625e-32
383 3.59692e-32
384 4.39046e-32
385 5.35801e-32
386 6.53749e-32
387 7.97499e-32
388 9.72654e-32
389 1.18603e-31
390 1.44589e-31
391 1.7623e-31
392 2.14746e-31
393 2.61619e-31
394 3.18647e-31
395 3.88012e-31
396 4.72359e-31
397 5.74895e-31
398 6.99506e-31
399 8.50902e-31
400 1.03478e-30
401 1.25806e-30
402 1.52907e-30
403 1.85793e-30
404 2.25686e-30
405 2.74063e-30
406 3.32708e-30
407 4.03777e-30
408 4.89872e-30
409 5.94134e-30
410 7.20351e-30
411 8.73094e-30
412 1.05787e-29
413 1.28131e-29
414 1.55141e-29
415 1.87778e-29
416 2.27201e-29
417 2.74801e-29
418 3.32253e-29
419 4.01568e-29
420 4.85163e-29
421 5.85938e-29
422 7.07377e-29
423 8.53657e-29
424 1.02979e-28
425 1.24177e-28
426 1.4968e-28
427 1.80349e-28
428 2.17215e-28
429 2.61512e-28
430 3.14715e-28
431 3.78586e-28
432 4.55234e-28
433 5.47175e-28
434 6.57412e-28
435 7.8953e-28
436 9.47804e-28
437 1.13733e-27
438 1.36419e-27
439 1.63561e-27
440 1.9602e-27
441 2.34823e-27
442 2.81188e-27
443 3.36566e-27
444 4.02682e-27
445 4.81583e-27
446 5.75702e-27
447 6.87928e-27
448 8.21688e-27
449 9.81047e-27
450 1.17083e-26
451 1.39674e-26
452 1.66557e-26
453 1.98532e-26
454 2.3655e-26
455 2.81734e-26
456 3.35415e-26
457 3.99166e-26
458 4.74846e-26
459 5.64654e-26
460 6.71189e-26
461 7.97519e-26
462 9.47268e-26
463 1.12471e-25
464 1.33491e-25
465 1.58381e-25
466 1.87845e-25
467 2.22711e-25
468 2.63957e-25
469 3.12735e-25
470 3.70403e-25
471 4.3856e-25
472 5.19091e-25
473 6.14214e-25
474 7.26544e-25
475 8.59158e-25
476 1.01568e-24
477 1.20036e-24
478 1.41823e-24
479 1.67519e-24
480 1.97818e-24
481 2.33536e-24
482 2.75634e-24
483 3.25242e-24
484 3.83689e-24
485 4.52536e-24
486 5.33618e-24
487 6.29096e-24
488 7.41505e-24
489 8.73828e-24
490 1.02957e-23
491 1.21285e-23
492 1.42851e-23
493 1.68223e-23
494 1.9807e-23
495 2.33177e-23
496 2.74465e-23
497 3.23019e-23
498 3.80111e-23
499 4.47236e-23
500 5.26148e-23
501 6.1891e-23
502 7.27942e-23
503 8.56087e-23
504 1.00668e-22
505 1.18364e-22
506 1.39157e-22
507 1.63585e-22
508 1.92284e-22
509 2.25995e-22
510 2.6559e-22
511 3.12092e-22
512 3.66702e-22
513 4.30824e-22
514 5.06109e-22
515 5.94489e-22
516 6.98231e-22
517 8.19988e-22
518 9.62872e-22
519 1.13052e-21
520 1.32721e-21
521 1.55792e-21
522 1.82851e-21
523 2.14579e-21
524 2.51779e-21
525 2.95383e-21
526 3.46485e-21
527 4.06363e-21
528 4.76507e-21
529 5.5866e-21
530 6.54856e-21
531 7.67465e-21
532 8.99257e-21
533 1.05346e-20
534 1.23383e-20
535 1.44474e-20
536 1.69131e-20
537 1.97946e-20
538 2.3161e-20
539 2.70927e-20
540 3.16829e-20
541 3.70401e-20
542 4.32903e-20
543 5.05795e-20
544 5.90771e-20
545 6.89799e-20
546 8.05153e-20
547 9.3947e-20
548 1.0958e-19
549 1.27768e-19
550 1.48919e-19
551 1.73503e-19
552 2.02067e-19
553 2.35238e-19
554 2.7374e-19
555 3.18411e-19
556 3.70211e-19
557 4.3025e-19
558 4.99801e-19
559 5.8033e-19
560 6.73522e-19
561 7.8131e-19
562 9.05914e-19
563 1.04988e-18
564 1.21612e-18
565 1.40797e-18
566 1.62926e-18
567 1.88436e-18
568 2.17826e-18
569 2.51667e-18
570 2.90609e-18
571 3.35395e-18
572 3.8687e-18
573 4.45999e-18
574 5.13876e-18
575 5.91748e-18
576 6.81031e-18
577 7.83333e-18
578 9.00477e-18
579 1.03453e-17
580 1.18784e-17
581 1.36305e-17
582 1.56316e-17
583 1.79156e-17
584 2.05209e-17
585 2.34904e-17
586 2.68731e-17
587 3.07236e-17
588 3.51039e-17
589 4.00833e-17
590 4.574e-17
591 5.21617e-17
592 5.94467e-17
593 6.77055e-17
594 7.70617e-17
595 8.76537e-17
596 9.96366e-17
597 1.13183e-16
598 1.28487e-16
599 1.45764e-16
600 1.65255e-16
601 1.87227e-16
602 2.11981e-16
603 2.39847e-16
604 2.71195e-16
605 3.06436e-16
606 3.46026e-16
607 3.90471e-16
608 4.4033e-16
609 4.96225e-16
610 5.58845e-16
611 6.28951e-16
612 7.07384e-16
613 7.95076e-16
614 8.93056e-16
615 1.00246e-15
616 1.12454e-15
617 1.26068e-15
618 1.41241e-15
619 1.58142e-15
620 1.76956e-15
621 1.97887e-15
622 2.21162e-15
623 2.4703e-15
624 2.75764e-15
625 3.07669e-15
626 3.43078e-15
627 3.8236e-15
628 4.25921e-15
629 4.74213e-15
630 5.27732e-15
631 5.87029e-15
632 6.52713e-15
633 7.25461e-15
634 8.06023e-15
635 8.95233e-15
636 9.94018e-15
637 1.10341e-14
638 1.22457e-14
639 1.35878e-14
640 1.50748e-14
641 1.6723e-14
642 1.85505e-14
643 2.05778e-14
644 2.28278e-14
645 2.53267e-14
646 2.81037e-14
647 3.11922e-14
648 3.46298e-14
649 3.84595e-14
650 4.273e-14
651 4.74968e-14
652 5.28231e-14
653 5.87811e-14
654 6.54533e-14
655 7.2934e-14
656 8.13311e-14
657 9.07683e-14
658 1.01387e-13
659 1.1335e-13
660 1.26843e-13
661 1.42079e-13
662 1.59304e-13
663 1.78799e-13
664 2.00885e-13
665 2.25935e-13
666 2.54371e-13
667 2.86681e-13
668 3.23423e-13
669 3.65238e-13
670 4.12859e-13
671 4.67126e-13
672 5.29002e-13
673 5.99587e-13
674 6.80141e-13
675 7.72102e-13
676 8.77115e-13
677 9.97057e-13
678 1.13407e-12
679 1.29059e-12
680 1.46941e-12
681 1.67368e-12
682 1.90702e-12
683 2.17352e-12
684 2.47783e-12
685 2.82523e-12
686 3.22171e-12
687 3.67406e-12
688 4.18996e-12
689 4.77812e-12
690 5.44837e-12
691 6.21182e-12
692 7.08101e-12
693 8.07008e-12
694 9.19499e-12
695 1.04737e-11
696 1.19263e-11
697 1.35757e-11
698 1.54473e-11
699 1.75697e-11
700 1.9975e-11
701 2.26994e-11
702 2.5783e-11
703 2.92709e-11
704 3.32137e-11
705 3.76675e-11
706 4.26954e-11
707 4.83674e-11
708 5.47616e-11
709 6.19652e-11
710 7.0075e-11
711 7.91987e-11
712 8.94559e-11
713 1.00979e-10
714 1.13917e-10
715 1.28431e-10
716 1.44704e-10
717 1.62935e-10
718 1.83346e-10
719 2.06182e-10
720 2.31714e-10
721 2.60239e-10
722 2.92088e-10
723 3.27622e-10
724 3.67241e-10
725 4.11386e-10
726 4.60539e-10
727 5.15232e-10
728 5.76049e-10
729 6.43629e-10
730 7.18675e-10
731 8.01957e-10
732 8.94317e-10
733 9.96678e-10
734 1.11005e-09
735 1.23553e-09
736 1.37433e-09
737 1.52777e-09
738 1.69727e-09
739 1.8844e-09
740 2.09087e-09
741 2.31853e-09
742 2.5694e-09
743 2.84568e-09
744 3.14976e-09
745 3.48422e-09
746 3.85189e-09
747 4.25583e-09
748 4.69934e-09
749 5.18601e-09
750 5.71975e-09
751 6.30477e-09
752 6.94563e-09
753 7.64726e-09
754 8.41499e-09
755 9.2546e-09
756 1.01723e-08
757 1.11749e-08
758 1.22695e-08
759 1.3464e-08
760 1.47669e-08
761 1.61873e-08
762 1.77349e-08
763 1.94204e-08
764 2.12551e-08
765 2.32512e-08
766 2.5422e-08
767 2.77816e-08
768 3.03452e-08
769 3.31293e-08
770 3.61515e-08
771 3.94307e-08
772 4.29873e-08
773 4.68431e-08
774 5.10216e-08
775 5.55481e-08
776 6.04496e-08
777 6.57551e-08
778 7.1496e-08
779 7.77057e-08
780 8.44201e-08
781 9.16779e-08
782 9.95206e-08
783 1.07993e-07
784 1.17142e-07
785 1.27019e-07
786 1.37679e-07
787 1.49182e-07
788 1.61591e-07
789 1.74973e-07
790 1.89402e-07
791 2.04956e-07
792 2.21719e-07
793 2.39783e-07
794 2.59243e-07
795 2.80205e-07
796 3.02781e-07
797 3.2709e-07
798 3.53263e-07
799 3.81439e-07
800 4.11767e-07
801 4.44409e-07
802 4.79536e-07
803 5.17336e-07
804 5.58008e-07
805 6.01766e-07
806 6.48844e-07
807 6.99489e-07
808 7.53969e-07
809 8.12573e-07
810 8.75611e-07
811 9.43415e-07
812 1.01635e-06
813 1.09479e-06
814 1.17916e-06
815 1.26991e-06
816 1.36751e-06
817 1.47249e-06
818 1.58541e-06
819 1.70685e-06
820 1.83747e-06
821 1.97797e-06
822 2.12908e-06
823 2.29161e-06
824 2.46642e-06
825 2.65444e-06
826 2.85667e-06
827 3.07418e-06
828 3.30811e-06
829 3.55972e-06
830 3.83031e-06
831 4.12132e-06
832 4.43427e-06
833 4.77081e-06
834 5.1327e-06
835 5.52181e-06
836 5.94018e-06
837 6.38996e-06
838 6.87348e-06
839 7.39321e-06
840 7.95183e-06
841 8.55215e-06
842 9.19724e-06
843 9.89032e-06
844 1.06349e-05
845 1.14346e-05
846 1.22935e-05
847 1.32157e-05
848 1.42058e-05
849 1.52685e-05
850 1.6409e-05
851 1.76326e-05
852 1.89453e-05
853 2.0353e-05
854 2.18625e-05
855 2.34806e-05
856 2.52147e-05
857 2.70726e-05
858 2.90627e-05
859 3.11938e-05
860 3.34752e-05
861 3.59168e-05
862 3.85291e-05
863 4.13231e-05
864 4.43106e-05
865 4.75039e-05
866 5.09161e-05
867 5.4561e-05
868 5.8453e-05
869 6.26075e-05
870 6.70407e-05
871 7.17695e-05
872 7.68117e-05
873 8.21863e-05
874 8.79128e-05
875 9.40121e-05
876 0.000100506
877 0.000107417
878 0.000114769
879 0.000122587
880 0.000130898
881 0.000139729
882 0.000149108
883 0.000159065
884 0.000169632
885 0.000180841
886 0.000192726
887 0.000205322
888 0.000218667
889 0.000232798
890 0.000247755
891 0.00026358
892 0.000280316
893 0.000298006
894 0.000316698
895 0.000336438
896 0.000357277
897 0.000379265
898 0.000402455
899 0.000426902
900 0.000452662
901 0.000479792
902 0.000508353
903 0.000538406
904 0.000570015
905 0.000603243
906 0.000638158
907 0.000674828
908 0.000713323
909 0.000753715
910 0.000796077
911 0.000840484
912 0.000887012
913 0.000935741
914 0.000986748
915 0.00104012
916 0.00109593
917 0.00115426
918 0.00121521
919 0.00127885
920 0.00134528
921 0.00141458
922 0.00148685
923 0.00156216
924 0.00164061
925 0.0017223
926 0.00180731
927 0.00189574
928 0.00198767
929 0.00208321
930 0.00218243
931 0.00228544
932 0.00239233
933 0.00250318
934 0.00261808
935 0.00273713
936 0.00286041
937 0.00298801
938 0.00312
939 0.00325649
940 0.00339754
941 0.00354324
942 0.00369366
943 0.00384888
944 0.00400897
945 0.00417399
946 0.00434401
947 0.0045191
948 0.00469931
949 0.00488469
950 0.00507529
951 0.00527117
952 0.00547235
953 0.00567888
954 0.00589078
955 0.00610809
956 0.00633081
957 0.00655897
958 0.00679256
959 0.0070316
960 0.00727608
961 0.00752598
962 0.00778128
963 0.00804197
964 0.008308
965 0.00857934
966 0.00885594
967 0.00913773
968 0.00942467
969 0.00971667
970 0.0100136
971 0.0103155
972 0.0106222
973 0.0109336
974 0.0112495
975 0.0115699
976 0.0118947
977 0.0122236
978 0.0125566
979 0.0128934
980 0.0132339
981 0.013578
982 0.0139255
983 0.0142761
984 0.0146297
985 0.014986
986 0.0153449
987 0.015706
988 0.0160693
989 0.0164344
990 0.0168011
991 0.0171692
992 0.0175383
993 0.0179083
994 0.0182788
995 0.0186495
996 0.0190202
997 0.0193906
998 0.0197604
999 0.0201293
1000 0.020497
1001 0.0208631
1002 0.0212274
1003 0.0215895
1004 0.0219492
1005 0.022306
1006 0.0226598
1007 0.0230101
1008 0.0233566
1009 0.0236991
1010 0.0240371
1011 0.0243704
1012 0.0246987
1013 0.0250215
1014 0.0253387
1015 0.0256499
1016 0.0259547
1017 0.0262529
1018 0.0265442
1019 0.0268283
1020 0.0271048
1021 0.0273735
1022 0.0276342
1023 0.0278864
1024 0.0281301
1025 0.0283648
1026 0.0285904
1027 0.0288067
1028 0.0290133
1029 0.0292101
1030 0.0293968
1031 0.0295733
1032 0.0297393
1033 0.0298947
1034 0.0300394
1035 0.030173
1036 0.0302956
1037 0.030407
1038 0.030507
1039 0.0305955
1040 0.0306725
1041 0.0307379
1042 0.0307915
1043 0.0308334
1044 0.0308635
1045 0.0308818
1046 0.0308882
1047 0.0308828
1048 0.0308655
1049 0.0308365
1050 0.0307956
1051 0.0307431
1052 0.0306789
1053 0.0306031
1054 0.0305159
1055 0.0304173
1056 0.0303074
1057 0.0301864
1058 0.0300544
1059 0.0299116
1060 0.0297581
1061 0.0295941
1062 0.0294199
1063 0.0292355
1064 0.0290412
1065 0.0288372
1066 0.0286238
1067 0.0284012
1068 0.0281696
1069 0.0279293
1070 0.0276805
1071 0.0274236
1072 0.0271587
1073 0.0268862
1074 0.0266063
1075 0.0263194
1076 0.0260258
1077 0.0257256
1078 0.0254193
1079 0.0251072
1080 0.0247895
1081 0.0244666
1082 0.0241387
1083 0.0238063
1084 0.0234696
1085 0.0231289
1086 0.0227846
1087 0.0224369
1088 0.0220862
1089 0.0217328
1090 0.021377
1091 0.0210192
1092 0.0206595
1093 0.0202983
1094 0.019936
1095 0.0195728
1096 0.0192089
1097 0.0188448
1098 0.0184806
1099 0.0181166
1100 0.0177531
1101 0.0173904
1102 0.0170288
1103 0.0166684
1104 0.0163095
1105 0.0159523
1106 0.0155971
1107 0.0152442
1108 0.0148936
1109 0.0145457
1110 0.0142005
1111 0.0138584
1112 0.0135195
1113 0.0131839
1114 0.0128518
1115 0.0125234
1116 0.0121989
1117 0.0118783
1118 0.0115619
1119 0.0112497
1120 0.0109418
1121 0.0106384
1122 0.0103395
1123 0.0100453
1124 0.00975581
1125 0.00947115
1126 0.00919137
1127 0.00891654
1128 0.0086467
1129 0.00838191
1130 0.00812221
1131 0.00786763
1132 0.0076182
1133 0.00737393
1134 0.00713484
1135 0.00690094
1136 0.00667223
1137 0.00644871
1138 0.00623036
1139 0.00601717
1140 0.00580912
1141 0.00560618
1142 0.00540833
1143 0.00521553
1144 0.00502774
1145 0.00484491
1146 0.004667
1147 0.00449396
1148 0.00432574
1149 0.00416227
1150 0.0040035
1151 0.00384936
1152 0.00369979
1153 0.00355471
1154 0.00341406
1155 0.00327776
1156 0.00314575
1157 0.00301793
1158 0.00289424
1159 0.0027746
1160 0.00265892
1161 0.00254712
1162 0.00243912
1163 0.00233484
1164 0.0022342
1165 0.0021371
1166 0.00204348
1167 0.00195323
1168 0.00186628
1169 0.00178255
1170 0.00170195
1171 0.00162439
1172 0.00154979
1173 0.00147808
1174 0.00140917
1175 0.00134298
1176 0.00127942
1177 0.00121843
1178 0.00115992
1179 0.00110381
1180 0.00105003
1181 0.000998501
1182 0.000949155
1183 0.000901916
1184 0.000856714
1185 0.000813478
1186 0.000772142
1187 0.000732637
1188 0.000694898
1189 0.000658862
1190 0.000624466
1191 0.000591649
1192 0.000560351
1193 0.000530514
1194 0.000502083
1195 0.000475001
1196 0.000449215
1197 0.000424674
1198 0.000401327
1199 0.000379125
1200 0.00035802
1201 0.000337967
1202 0.00031892
1203 0.000300837
1204 0.000283675
1205 0.000267395
1206 0.000251957
1207 0.000237324
1208 0.000223459
1209 0.000210328
1210 0.000197896
1211 0.000186131
1212 0.000175001
1213 0.000164478
1214 0.00015453
1215 0.000145132
1216 0.000136255
1217 0.000127875
1218 0.000119967
1219 0.000112507
1220 0.000105472
1221 9.88414e-05
1222 9.25939e-05
1223 8.67098e-05
1224 8.11702e-05
1225 7.59569e-05
1226 7.10526e-05
1227 6.64409e-05
1228 6.21061e-05
1229 5.8033e-05
1230 5.42073e-05
1231 5.06156e-05
1232 4.72447e-05
1233 4.40824e-05
1234 4.11168e-05
1235 3.83369e-05
1236 3.57321e-05
1237 3.32921e-05
1238 3.10076e-05
1239 2.88695e-05
1240 2.68691e-05
1241 2.49982e-05
1242 2.32493e-05
1243 2.16149e-05
1244 2.00882e-05
1245 1.86626e-05
1246 1.73319e-05
1247 1.60903e-05
1248 1.49323e-05
1249 1.38527e-05
1250 1.28465e-05
1251 1.19091e-05
1252 1.10362e-05
1253 1.02235e-05
1254 9.46735e-06
1255 8.76396e-06
1256 8.10993e-06
1257 7.50202e-06
1258 6.9372e-06
1259 6.41261e-06
1260 5.92558e-06
1261 5.47358e-06
1262 5.05426e-06
1263 4.66539e-06
1264 4.30492e-06
1265 3.97088e-06
1266 3.66146e-06
1267 3.37495e-06
1268 3.10976e-06
1269 2.86439e-06
1270 2.63744e-06
1271 2.42761e-06
1272 2.23369e-06
1273 2.05453e-06
1274 1.88907e-06
1275 1.73633e-06
1276 1.59537e-06
1277 1.46534e-06
1278 1.34543e-06
1279 1.2349e-06
1280 1.13305e-06
1281 1.03924e-06
1282 9.52855e-07
1283 8.73348e-07
1284 8.00194e-07
1285 7.32912e-07
1286 6.71052e-07
1287 6.14198e-07
1288 5.61965e-07
1289 5.13995e-07
1290 4.69956e-07
1291 4.29541e-07
1292 3.92465e-07
1293 3.58465e-07
1294 3.27296e-07
1295 2.98734e-07
1296 2.72571e-07
1297 2.48613e-07
1298 2.26682e-07
1299 2.06614e-07
1300 1.88259e-07
1301 1.71475e-07
1302 1.56133e-07
1303 1.42116e-07
1304 1.29312e-07
1305 1.17622e-07
1306 1.06952e-07
1307 9.72164e-08
1308 8.8337e-08
1309 8.02413e-08
1310 7.28627e-08
1311 6.61402e-08
1312 6.00174e-08
1313 5.4443e-08
1314 4.93696e-08
1315 4.47539e-08
1316 4.0556e-08
1317 3.67394e-08
1318 3.32708e-08
1319 3.01195e-08
1320 2.72576e-08
1321 2.46592e-08
1322 2.23011e-08
1323 2.01618e-08
1324 1.82216e-08
1325 1.64626e-08
1326 1.48684e-08
1327 1.34241e-08
1328 1.21161e-08
1329 1.09319e-08
1330 9.86019e-09
1331 8.89058e-09
1332 8.01367e-09
1333 7.22086e-09
1334 6.50434e-09
1335 5.85699e-09
1336 5.27233e-09
1337 4.74447e-09
1338 4.26805e-09
1339 3.83822e-09
1340 3.45054e-09
1341 3.101e-09
1342 2.78596e-09
1343 2.50211e-09
1344 2.24645e-09
1345 2.01625e-09
1346 1.80906e-09
1347 1.62262e-09
1348 1.45493e-09
1349 1.30415e-09
1350 1.16861e-09
1351 1.04682e-09
1352 9.37418e-10
1353 8.39179e-10
1354 7.50993e-10
1355 6.71858e-10
1356 6.00868e-10
1357 5.37205e-10
1358 4.80134e-10
1359 4.28988e-10
1360 3.83167e-10
1361 3.4213e-10
1362 3.05391e-10
1363 2.72509e-10
1364 2.4309e-10
1365 2.16778e-10
1366 1.93251e-10
1367 1.72224e-10
1368 1.53435e-10
1369 1.36652e-10
1370 1.21666e-10
1371 1.08289e-10
1372 9.63524e-11
1373 8.57041e-11
1374 7.62082e-11
1375 6.7743e-11
1376 6.01989e-11
1377 5.34779e-11
1378 4.74923e-11
1379 4.21631e-11
1380 3.74201e-11
1381 3.32001e-11
1382 2.94466e-11
1383 2.61092e-11
1384 2.31427e-11
1385 2.05067e-11
1386 1.81652e-11
1387 1.6086e-11
1388 1.42402e-11
1389 1.26022e-11
1390 1.11491e-11
1391 9.86041e-12
1392 8.71791e-12
1393 7.70534e-12
1394 6.80821e-12
1395 6.01363e-12
1396 5.31009e-12
1397 4.68737e-12
1398 4.13636e-12
1399 3.64897e-12
1400 3.21798e-12
1401 2.83699e-12
1402 2.50031e-12
1403 2.20289e-12
1404 1.94023e-12
1405 1.70834e-12
1406 1.50369e-12
1407 1.32313e-12
1408 1.16389e-12
1409 1.02348e-12
1410 8.99722e-13
1411 7.90677e-13
1412 6.94627e-13
1413 6.10049e-13
1414 5.35599e-13
1415 4.70084e-13
1416 4.12451e-13
1417 3.61768e-13
1418 3.17212e-13
1419 2.78054e-13
1420 2.43652e-13
1421 2.13438e-13
1422 1.86911e-13
1423 1.63628e-13
1424 1.432e-13
1425 1.25282e-13
1426 1.0957e-13
1427 9.57986e-14
1428 8.3731e-14
1429 7.316e-14
1430 6.3903e-14
1431 5.57995e-14
1432 4.87079e-14
1433 4.25039e-14
1434 3.70782e-14
1435 3.23347e-14
1436 2.8189e-14
1437 2.4567e-14
1438 2.14034e-14
1439 1.86413e-14
1440 1.62304e-14
1441 1.41268e-14
1442 1.22919e-14
1443 1.06918e-14
1444 9.29711e-15
1445 8.08173e-15
1446 7.02298e-15
1447 6.10098e-15
1448 5.29833e-15
1449 4.5998e-15
1450 3.99208e-15
1451 3.46355e-15
1452 3.00404e-15
1453 2.60465e-15
1454 2.25765e-15
1455 1.95625e-15
1456 1.69455e-15
1457 1.46739e-15
1458 1.27028e-15
1459 1.09929e-15
1460 9.51022e-16
1461 8.2249e-16
1462 7.11104e-16
1463 6.14608e-16
1464 5.31039e-16
1465 4.58688e-16
1466 3.9607e-16
1467 3.41893e-16
1468 2.95034e-16
1469 2.54517e-16
1470 2.19496e-16
1471 1.89234e-16
1472 1.63094e-16
1473 1.40521e-16
1474 1.21035e-16
1475 1.04218e-16
1476 8.97102e-17
1477 7.71981e-17
1478 6.64106e-17
1479 5.71129e-17
1480 4.91018e-17
1481 4.22015e-17
1482 3.62598e-17
1483 3.11451e-17
1484 2.67438e-17
1485 2.29574e-17
1486 1.97012e-17
1487 1.69017e-17
1488 1.44956e-17
1489 1.24283e-17
1490 1.06526e-17
1491 9.12789e-18
1492 7.81907e-18
1493 6.69592e-18
1494 5.73239e-18
1495 4.90606e-18
1496 4.1976e-18
1497 3.59038e-18
1498 3.0701e-18
1499 2.62444e-18
1500 2.24281e-18
1501 1.91612e-18
1502 1.63653e-18
1503 1.39734e-18
1504 1.19275e-18
1505 1.01783e-18
1506 8.68304e-19
1507 7.40533e-19
1508 6.31382e-19
1509 5.38164e-19
1510 4.58577e-19
1511 3.90649e-19
1512 3.32687e-19
1513 2.83244e-19
1514 2.41081e-19
1515 2.05136e-19
1516 1.74501e-19
1517 1.48399e-19
1518 1.26165e-19
1519 1.07233e-19
1520 9.11156e-20
1521 7.7399e-20
1522 6.57289e-20
1523 5.58027e-20
1524 4.73623e-20
1525 4.01873e-20
1526 3.40897e-20
1527 2.89092e-20
1528 2.45091e-20
1529 2.0773e-20
1530 1.76014e-20
1531 1.491e-20
1532 1.26266e-20
1533 1.06899e-20
1534 9.0477e-21
1535 7.65567e-21
1536 6.47602e-21
1537 5.47661e-21
1538 4.63015e-21
1539 3.91343e-21
1540 3.30673e-21
1541 2.79332e-21
1542 2.35896e-21
1543 1.99158e-21
1544 1.68096e-21
1545 1.41838e-21
1546 1.19649e-21
1547 1.00903e-21
1548 8.50698e-22
1549 7.17012e-22
1550 6.04165e-22
1551 5.08936e-22
1552 4.28597e-22
1553 3.60838e-22
1554 3.03706e-22
1555 2.55547e-22
1556 2.14965e-22
1557 1.80776e-22
1558 1.51981e-22
1559 1.27737e-22
1560 1.0733e-22
1561 9.01569e-23
1562 7.57102e-23
1563 6.35603e-23
1564 5.33449e-23
1565 4.47584e-23
1566 3.75433e-23
1567 3.14822e-23
1568 2.6392e-23
1569 2.21184e-23
1570 1.85314e-23
1571 1.55217e-23
1572 1.2997e-23
1573 1.08798e-23
1574 9.10477e-24
1575 7.61715e-24
1576 6.37072e-24
1577 5.32669e-24
1578 4.45244e-24
1579 3.72059e-24
1580 3.10811e-24
1581 2.59569e-24
1582 2.16711e-24
1583 1.80876e-24
1584 1.50922e-24
1585 1.25891e-24
1586 1.0498e-24
1587 8.75164e-25
1588 7.29362e-25
1589 6.07669e-25
1590 5.06128e-25
1591 4.21429e-25
1592 3.50799e-25
1593 2.91919e-25
1594 2.42848e-25
1595 2.01966e-25
1596 1.67915e-25
1597 1.39564e-25
1598 1.15964e-25
1599 9.6326e-26
1600 7.99895e-26
1601 6.64036e-26
1602 5.51087e-26
1603 4.57211e-26
1604 3.79213e-26
1605 3.14427e-26
1606 2.6063e-26
1607 2.15973e-26
1608 1.78913e-26
1609 1.48168e-26
1610 1.2267e-26
1611 1.01529e-26
1612 8.40066e-27
1613 6.94873e-27
1614 5.74603e-27
1615 4.75007e-27
1616 3.92557e-27
1617 3.24322e-27
1618 2.67868e-27
1619 2.21175e-27
1620 1.82567e-27
1621 1.50653e-27
1622 1.24282e-27
1623 1.02496e-27
1624 8.45047e-28
1625 6.96508e-28
1626 5.7391e-28
1627 4.72753e-28
1628 3.89312e-28
1629 3.20506e-28
1630 2.63783e-28
1631 2.17036e-28
1632 1.78522e-28
1633 1.468e-28
1634 1.2068e-28
1635 9.91787e-29
1636 8.14852e-29
1637 6.69291e-29
1638 5.49575e-29
1639 4.51145e-29
1640 3.70239e-29
1641 3.03757e-29
1642 2.49142e-29
1643 2.0429e-29
1644 1.67465e-29
1645 1.3724e-29
1646 1.12439e-29
1647 9.20943e-30
1648 7.54098e-30
1649 6.17309e-30
1650 5.05194e-30
1651 4.13327e-30
1652 3.38074e-30
1653 2.76446e-30
1654 2.2599e-30
1655 1.84694e-30
1656 1.50902e-30
1657 1.2326e-30
1658 1.00654e-30
1659 8.21719e-31
1660 6.70654e-31
1661 5.47214e-31
1662 4.46374e-31
1663 3.64019e-31
1664 2.96779e-31
1665 2.41895e-31
1666 1.97108e-31
1667 1.60571e-31
1668 1.30771e-31
1669 1.06474e-31
1670 8.66675e-32
1671 7.0527e-32
1672 5.73772e-32
1673 4.66667e-32
1674 3.79454e-32
1675 3.08458e-32
1676 2.50679e-32
1677 2.03668e-32
1678 1.65429e-32
1679 1.34334e-32
1680 1.09054e-32
1681 8.85083e-33
1682 7.18139e-33
1683 5.82527e-33
1684 4.72397e-33
1685 3.82984e-33
1686 3.1041e-33
1687 2.51521e-33
1688 2.03749e-33
1689 1.65005e-33
1690 1.33591e-33
1691 1.08129e-33
1692 8.74955e-34
1693 7.07798e-34
1694 5.72417e-34
1695 4.62801e-34
1696 3.74072e-34
1697 3.02269e-34
1698 2.4418e-34
1699 1.97198e-34
1700 1.59211e-34
1701 1.28505e-34
1702 1.03691e-34
1703 8.3644e-35
1704 6.74535e-35
1705 5.4381e-35
1706 4.38291e-35
1707 3.53143e-35
1708 2.84453e-35
1709 2.29055e-35
1710 1.84391e-35
1711 1.48392e-35
1712 1.19385e-35
1713 9.60186e-36
1714 7.7202e-36
1715 6.20539e-36
1716 4.98626e-36
1717 4.0054e-36
1718 3.21648e-36
1719 2.58214e-36
1720 2.07225e-36
1721 1.66252e-36
1722 1.33337e-36
1723 1.06905e-36
1724 8.56844e-37
1725 6.8654e-37
1726 5.49906e-37
1727 4.4032e-37
1728 3.52456e-37
1729 2.82031e-37
1730 2.25603e-37
1731 1.80404e-37
1732 1.44212e-37
1733 1.15242e-37
1734 9.20596e-38
1735 7.35157e-38
1736 5.8687e-38
1737 4.68332e-38
1738 3.73606e-38
1739 2.97936e-38
1740 2.37509e-38
1741 1.89271e-38
1742 1.50776e-38
1743 1.20068e-38
1744 9.55799e-39
1745 7.60589e-39
1746 6.0503e-39
1747 4.81112e-39
1748 3.82435e-39
1749 3.03885e-39
1750 2.41381e-39
1751 1.91662e-39
1752 1.52128e-39
1753 1.20703e-39
1754 9.57344e-40
1755 7.59022e-40
1756 6.01558e-40
1757 4.76581e-40
1758 3.77426e-40
1759 2.98787e-40
1760 2.36443e-40
1761 1.87036e-40
1762 1.47896e-40
1763 1.16902e-40
1764 9.2367e-41
1765 7.29534e-41
1766 5.75977e-41
1767 4.54564e-41
1768 3.58604e-41
1769 2.82791e-41
1770 2.22918e-41
1771 1.75652e-41
1772 1.38353e-41
1773 1.08931e-41
1774 8.57323e-42
1775 6.7447e-42
1776 5.30405e-42
1777 4.16945e-42
1778 3.27624e-42
1779 2.57334e-42
1780 2.02043e-42
1781 1.58568e-42
1782 1.24397e-42
1783 9.75508e-43
1784 7.64669e-43
1785 5.99156e-43
1786 4.69276e-43
1787 3.674e-43
1788 2.87523e-43
1789 2.2492e-43
1790 1.75875e-43
1791 1.37468e-43
1792 1.07404e-43
1793 8.38801e-44
1794 6.54815e-44
1795 5.10973e-44
1796 3.98563e-44
1797 3.10753e-44
1798 2.42189e-44
1799 1.88673e-44
1800 1.46922e-44
1801 1.14362e-44
1802 8.89803e-45
1803 6.92029e-45
1804 5.37989e-45
1805 4.18061e-45
1806 3.24731e-45
1807 2.5213e-45
1808 1.95678e-45
1809 1.51802e-45
1810 1.17715e-45
1811 9.12429e-46
1812 7.06943e-46
1813 5.47502e-46
1814 4.23841e-46
1815 3.27972e-46
1816 2.5368e-46
1817 1.96133e-46
1818 1.51576e-46
1819 1.17092e-46
1820 9.04144e-47
1821 6.97853e-47
1822 5.384e-47
1823 4.15204e-47
1824 3.20061e-47
1825 2.46614e-47
1826 1.89941e-47
1827 1.46229e-47
1828 1.12528e-47
1829 8.65578e-48
1830 6.65524e-48
1831 5.11488e-48
1832 3.92936e-48
1833 3.01732e-48
1834 2.31598e-48
1835 1.7769e-48
1836 1.36271e-48
1837 1.04462e-48
1838 8.0044e-49
1839 6.13071e-49
1840 4.69361e-49
1841 3.59184e-49
1842 2.74751e-49
1843 2.10076e-49
1844 1.60555e-49
1845 1.22656e-49
1846 9.36621e-50
1847 7.14913e-50
1848 5.45451e-50
1849 4.15979e-50
1850 3.17103e-50
1851 2.41625e-50
1852 1.84034e-50
1853 1.40109e-50
1854 1.06622e-50
1855 8.11035e-51
1856 6.16661e-51
1857 4.68669e-51
1858 3.5604e-51
1859 2.70362e-51
1860 2.05212e-51
1861 1.55695e-51
1862 1.18075e-51
1863 8.95069e-52
1864 6.78214e-52
1865 5.13677e-52
1866 3.88889e-52
1867 2.94289e-52
1868 2.22606e-52
1869 1.6831e-52
1870 1.27203e-52
1871 9.60944e-53
1872 7.25623e-53
1873 5.47693e-53
1874 4.13215e-53
1875 3.11622e-53
1876 2.34905e-53
1877 1.76999e-53
1878 1.33309e-53
1879 1.00361e-53
1880 7.55232e-54
1881 5.6808e-54
1882 4.27122e-54
1883 3.21002e-54
1884 2.41144e-54
1885 1.81075e-54
1886 1.3591e-54
1887 1.01967e-54
1888 7.6468e-55
1889 5.7321e-55
1890 4.29498e-55
1891 3.21678e-55
1892 2.40821e-55
1893 1.80211e-55
1894 1.34797e-55
1895 1.00784e-55
1896 7.53215e-56
1897 5.62676e-56
1898 4.20157e-56
1899 3.13601e-56
1900 2.33968e-56
1901 1.74482e-56
1902 1.30064e-56
1903 9.69118e-57
1904 7.21788e-57
1905 5.37349e-57
1906 3.99869e-57
1907 2.97434e-57
1908 2.21146e-57
1909 1.64354e-57
1910 1.22094e-57
1911 9.06617e-58
1912 6.72925e-58
1913 4.99255e-58
1914 3.70248e-58
1915 2.74458e-58
1916 2.03364e-58
1917 1.50621e-58
1918 1.11509e-58
1919 8.25185e-59
1920 6.10386e-59
1921 4.51307e-59
1922 3.33545e-59
1923 2.46405e-59
1924 1.81953e-59
1925 1.34303e-59
1926 9.90884e-60
1927 7.30761e-60
1928 5.38694e-60
1929 3.96939e-60
1930 2.92361e-60
1931 2.15243e-60
1932 1.58399e-60
1933 1.16518e-60
1934 8.56734e-61
1935 6.29672e-61
1936 4.62591e-61
1937 3.39699e-61
1938 2.49348e-61
1939 1.8295e-61
1940 1.34176e-61
1941 9.83625e-62
1942 7.20776e-62
1943 5.27942e-62
1944 3.86533e-62
1945 2.8288e-62
1946 2.06934e-62
1947 1.51314e-62
1948 1.10596e-62
1949 8.08005e-63
1950 5.90072e-63
1951 4.30736e-63
1952 3.14291e-63
1953 2.29228e-63
1954 1.67116e-63
1955 1.21783e-63
1956 8.8709e-64
1957 6.459e-64
1958 4.70087e-64
1959 3.41984e-64
1960 2.48685e-64
1961 1.80763e-64
1962 1.31336e-64
1963 9.53837e-65
1964 6.92437e-65
1965 5.0246e-65
1966 3.64451e-65
1967 2.64236e-65
1968 1.91497e-65
1969 1.38722e-65
1970 1.00449e-65
1971 7.27047e-66
1972 5.26011e-66
1973 3.80402e-66
1974 2.74984e-66
1975 1.98695e-66
1976 1.4351e-66
1977 1.03609e-66
1978 7.47695e-67
1979 5.39348e-67
1980 3.88893e-67
1981 2.8029e-67
1982 2.0193e-67
1983 1.45415e-67
1984 1.04673e-67
1985 7.53145e-68
1986 5.41674e-68
1987 3.89415e-68
1988 2.79837e-68
1989 2.01008e-68
1990 1.44324e-68
1991 1.03581e-68
1992 7.43084e-69
1993 5.32859e-69
1994 3.81948e-69
1995 2.73661e-69
1996 1.95991e-69
1997 1.40307e-69
1998 1.00401e-69
1999 7.18147e-70
2000 5.13459e-70
2001 3.66957e-70
2002 2.62145e-70
2003 1.87191e-70
2004 1.33612e-70
2005 9.53284e-71
2006 6.79856e-71
2007 4.8465e-71
2008 3.45348e-71
2009 2.45982e-71
2010 1.75132e-71
2011 1.24637e-71
2012 8.86633e-72
2013 6.30461e-72
2014 4.48116e-72
2015 3.18375e-72
2016 2.26102e-72
2017 1.60505e-72
2018 1.1389e-72
2019 8.07797e-73
2020 5.72708e-73
2021 4.05862e-73
2022 2.875e-73
2023 2.03568e-73
2024 1.44076e-73
2025 1.01924e-73
2026 7.20721e-74
2027 5.0939e-74
2028 3.59848e-74
2029 2.54073e-74
2030 1.79287e-74
2031 1.26434e-74
2032 8.90962e-75
2033 6.27309e-75
2034 4.41214e-75
2035 3.09917e-75
2036 2.17325e-75
2037 1.52058e-75
2038 1.06077e-75
2039 7.37046e-76
2040 5.09329e-76
2041 3.49369e-76
2042 2.37271e-76
2043 1.59061e-76
2044 1.04965e-76
2045 6.82032e-77
2046 4.41589e-77
2047 2.98015e-77
