0 2.19146e-24
1 1.79886e-24
2 1.46018e-24
3 1.16952e-24
4 9.21923e-25
5 7.12997e-25
6 5.38989e-25
7 3.96848e-25
8 2.83924e-25
9 1.98127e-25
10 1.37819e-25
11 1.01712e-25
12 8.89638e-26
13 9.90845e-26
14 1.31998e-25
15 1.87926e-25
16 2.67501e-25
17 3.7172e-25
18 5.01894e-25
19 6.59873e-25
20 8.47807e-25
21 1.06834e-24
22 1.32457e-24
23 1.62021e-24
24 1.95953e-24
25 2.34731e-24
26 2.78922e-24
27 3.29164e-24
28 3.86183e-24
29 4.50793e-24
30 5.23931e-24
31 6.06661e-24
32 7.00159e-24
33 8.0576e-24
34 9.25003e-24
35 1.05958e-23
36 1.21139e-23
37 1.38261e-23
38 1.57567e-23
39 1.79332e-23
40 2.0386e-23
41 2.31496e-23
42 2.62629e-23
43 2.97694e-23
44 3.37182e-23
45 3.8164e-23
46 4.3168e-23
47 4.87999e-23
48 5.51372e-23
49 6.22664e-23
50 7.0285e-23
51 7.93031e-23
52 8.94424e-23
53 1.0084e-22
54 1.13651e-22
55 1.28047e-22
56 1.4422e-22
57 1.62388e-22
58 1.8279e-22
59 2.05699e-22
60 2.31416e-22
61 2.60282e-22
62 2.92675e-22
63 3.29017e-22
64 3.69785e-22
65 4.15505e-22
66 4.66772e-22
67 5.24245e-22
68 5.88662e-22
69 6.6085e-22
70 7.4173e-22
71 8.32331e-22
72 9.33798e-22
73 1.04741e-21
74 1.17461e-21
75 1.31698e-21
76 1.4763e-21
77 1.65456e-21
78 1.85396e-21
79 2.07697e-21
80 2.32633e-21
81 2.60512e-21
82 2.91672e-21
83 3.26494e-21
84 3.65401e-21
85 4.08863e-21
86 4.57402e-21
87 5.11604e-21
88 5.72115e-21
89 6.39656e-21
90 7.15029e-21
91 7.99127e-21
92 8.92939e-21
93 9.97568e-21
94 1.11424e-20
95 1.24431e-20
96 1.38929e-20
97 1.55085e-20
98 1.73087e-20
99 1.9314e-20
100 2.15474e-20
101 2.40343e-20
102 2.68031e-20
103 2.98848e-20
104 3.33144e-20
105 3.71303e-20
106 4.1375e-20
107 4.6096e-20
108 5.13456e-20
109 5.71817e-20
110 6.36687e-20
111 7.08777e-20
112 7.88874e-20
113 8.77851e-20
114 9.76671e-20
115 1.0864e-19
116 1.20822e-19
117 1.34344e-19
118 1.4935e-19
119 1.66e-19
120 1.84469e-19
121 2.04954e-19
122 2.27668e-19
123 2.52851e-19
124 2.80764e-19
125 3.11698e-19
126 3.45972e-19
127 3.83941e-19
128 4.25994e-19
129 4.7256e-19
130 5.24115e-19
131 5.81183e-19
132 6.44338e-19
133 7.14218e-19
134 7.91524e-19
135 8.77027e-19
136 9.71578e-19
137 1.07612e-18
138 1.19167e-18
139 1.31938e-18
140 1.46049e-18
141 1.61638e-18
142 1.78856e-18
143 1.97871e-18
144 2.18865e-18
145 2.42039e-18
146 2.67616e-18
147 2.95837e-18
148 3.26972e-18
149 3.61314e-18
150 3.99186e-18
151 4.40942e-18
152 4.86971e-18
153 5.37701e-18
154 5.93601e-18
155 6.55186e-18
156 7.23019e-18
157 7.97721e-18
158 8.7997e-18
159 9.70511e-18
160 1.07016e-17
161 1.17981e-17
162 1.30045e-17
163 1.43314e-17
164 1.57907e-17
165 1.73951e-17
166 1.91589e-17
167 2.10974e-17
168 2.32276e-17
169 2.55679e-17
170 2.81385e-17
171 3.09616e-17
172 3.40614e-17
173 3.74643e-17
174 4.11992e-17
175 4.52977e-17
176 4.97944e-17
177 5.47269e-17
178 6.01365e-17
179 6.60682e-17
180 7.25711e-17
181 7.96987e-17
182 8.75098e-17
183 9.6068e-17
184 1.05443e-16
185 1.15711e-16
186 1.26955e-16
187 1.39264e-16
188 1.52739e-16
189 1.67485e-16
190 1.8362e-16
191 2.01271e-16
192 2.20577e-16
193 2.41689e-16
194 2.64772e-16
195 2.90004e-16
196 3.17581e-16
197 3.47714e-16
198 3.80634e-16
199 4.16591e-16
200 4.55859e-16
201 4.98734e-16
202 5.45537e-16
203 5.96619e-16
204 6.5236e-16
205 7.13172e-16
206 7.79505e-16
207 8.51845e-16
208 9.30721e-16
209 1.01671e-15
210 1.11042e-15
211 1.21255e-15
212 1.32381e-15
213 1.445e-15
214 1.57699e-15
215 1.7207e-15
216 1.87716e-15
217 2.04744e-15
218 2.23275e-15
219 2.43436e-15
220 2.65367e-15
221 2.89218e-15
222 3.15152e-15
223 3.43347e-15
224 3.73993e-15
225 4.07297e-15
226 4.43482e-15
227 4.82791e-15
228 5.25484e-15
229 5.71843e-15
230 6.22176e-15
231 6.76811e-15
232 7.36104e-15
233 8.00442e-15
234 8.7024e-15
235 9.45947e-15
236 1.02805e-14
237 1.11707e-14
238 1.21357e-14
239 1.31816e-14
240 1.43149e-14
241 1.55429e-14
242 1.6873e-14
243 1.83136e-14
244 1.98735e-14
245 2.15623e-14
246 2.33902e-14
247 2.53685e-14
248 2.75089e-14
249 2.98244e-14
250 3.23289e-14
251 3.50371e-14
252 3.79652e-14
253 4.11304e-14
254 4.45512e-14
255 4.82476e-14
256 5.22409e-14
257 5.65542e-14
258 6.12121e-14
259 6.62414e-14
260 7.16705e-14
261 7.753e-14
262 8.38529e-14
263 9.06744e-14
264 9.80324e-14
265 1.05968e-13
266 1.14523e-13
267 1.23747e-13
268 1.33688e-13
269 1.444e-13
270 1.55941e-13
271 1.68373e-13
272 1.81761e-13
273 1.96177e-13
274 2.11696e-13
275 2.284e-13
276 2.46375e-13
277 2.65715e-13
278 2.8652e-13
279 3.08895e-13
280 3.32955e-13
281 3.58821e-13
282 3.86625e-13
283 4.16506e-13
284 4.48612e-13
285 4.83104e-13
286 5.20152e-13
287 5.59937e-13
288 6.02654e-13
289 6.48511e-13
290 6.97729e-13
291 7.50546e-13
292 8.07214e-13
293 8.68003e-13
294 9.332e-13
295 1.00311e-12
296 1.07807e-12
297 1.15842e-12
298 1.24453e-12
299 1.33681e-12
300 1.43567e-12
301 1.54156e-12
302 1.65497e-12
303 1.77641e-12
304 1.90641e-12
305 2.04557e-12
306 2.19449e-12
307 2.35382e-12
308 2.52428e-12
309 2.70659e-12
310 2.90155e-12
311 3.10999e-12
312 3.3328e-12
313 3.57093e-12
314 3.82539e-12
315 4.09723e-12
316 4.38758e-12
317 4.69766e-12
318 5.02872e-12
319 5.38213e-12
320 5.75932e-12
321 6.1618e-12
322 6.59119e-12
323 7.0492e-12
324 7.53762e-12
325 8.05839e-12
326 8.61353e-12
327 9.20519e-12
328 9.83565e-12
329 1.05073e-11
330 1.12228e-11
331 1.19847e-11
332 1.27959e-11
333 1.36595e-11
334 1.45787e-11
335 1.55568e-11
336 1.65974e-11
337 1.77043e-11
338 1.88816e-11
339 2.01334e-11
340 2.14642e-11
341 2.28789e-11
342 2.43822e-11
343 2.59797e-11
344 2.76767e-11
345 2.94793e-11
346 3.13937e-11
347 3.34264e-11
348 3.55843e-11
349 3.78749e-11
350 4.03057e-11
351 4.28851e-11
352 4.56216e-11
353 4.85242e-11
354 5.16026e-11
355 5.48668e-11
356 5.83274e-11
357 6.19957e-11
358 6.58835e-11
359 7.00032e-11
360 7.43678e-11
361 7.89912e-11
362 8.38877e-11
363 8.90728e-11
364 9.45623e-11
365 1.00373e-10
366 1.06523e-10
367 1.1303e-10
368 1.19915e-10
369 1.27197e-10
370 1.34898e-10
371 1.43041e-10
372 1.51649e-10
373 1.60747e-10
374 1.70362e-10
375 1.8052e-10
376 1.9125e-10
377 2.02582e-10
378 2.14547e-10
379 2.27178e-10
380 2.4051e-10
381 2.54577e-10
382 2.69419e-10
383 2.85073e-10
384 3.01582e-10
385 3.18987e-10
386 3.37335e-10
387 3.56671e-10
388 3.77045e-10
389 3.98509e-10
390 4.21115e-10
391 4.44919e-10
392 4.69981e-10
393 4.9636e-10
394 5.24121e-10
395 5.53331e-10
396 5.84058e-10
397 6.16376e-10
398 6.5036e-10
399 6.8609e-10
400 7.23648e-10
401 7.63121e-10
402 8.04599e-10
403 8.48176e-10
404 8.93951e-10
405 9.42026e-10
406 9.92509e-10
407 1.04551e-09
408 1.10115e-09
409 1.15955e-09
410 1.22084e-09
411 1.28514e-09
412 1.3526e-09
413 1.42337e-09
414 1.49759e-09
415 1.57542e-09
416 1.65702e-09
417 1.74257e-09
418 1.83225e-09
419 1.92624e-09
420 2.02472e-09
421 2.12792e-09
422 2.23602e-09
423 2.34926e-09
424 2.46785e-09
425 2.59203e-09
426 2.72204e-09
427 2.85814e-09
428 3.00058e-09
429 3.14965e-09
430 3.30561e-09
431 3.46877e-09
432 3.63942e-09
433 3.81787e-09
434 4.00445e-09
435 4.19948e-09
436 4.40331e-09
437 4.6163e-09
438 4.8388e-09
439 5.0712e-09
440 5.31388e-09
441 5.56724e-09
442 5.83168e-09
443 6.10764e-09
444 6.39554e-09
445 6.69583e-09
446 7.00897e-09
447 7.33543e-09
448 7.67568e-09
449 8.03023e-09
450 8.39959e-09
451 8.78427e-09
452 9.18481e-09
453 9.60176e-09
454 1.00357e-08
455 1.04872e-08
456 1.09568e-08
457 1.14452e-08
458 1.1953e-08
459 1.24808e-08
460 1.30293e-08
461 1.35992e-08
462 1.41912e-08
463 1.4806e-08
464 1.54443e-08
465 1.6107e-08
466 1.67948e-08
467 1.75086e-08
468 1.82491e-08
469 1.90173e-08
470 1.98141e-08
471 2.06403e-08
472 2.14971e-08
473 2.23853e-08
474 2.3306e-08
475 2.42604e-08
476 2.52494e-08
477 2.62743e-08
478 2.73363e-08
479 2.84366e-08
480 2.95765e-08
481 3.07573e-08
482 3.19804e-08
483 3.32473e-08
484 3.45593e-08
485 3.59181e-08
486 3.73252e-08
487 3.87823e-08
488 4.0291e-08
489 4.18531e-08
490 4.34703e-08
491 4.51444e-08
492 4.68774e-08
493 4.86712e-08
494 5.05278e-08
495 5.24491e-08
496 5.44373e-08
497 5.64944e-08
498 5.86226e-08
499 6.0824e-08
500 6.31009e-08
501 6.54555e-08
502 6.789e-08
503 7.04066e-08
504 7.30078e-08
505 7.56957e-08
506 7.84726e-08
507 8.13409e-08
508 8.43027e-08
509 8.73604e-08
510 9.05162e-08
511 9.37723e-08
512 9.71308e-08
513 1.00594e-07
514 1.04164e-07
515 1.07843e-07
516 1.11632e-07
517 1.15534e-07
518 1.19551e-07
519 1.23683e-07
520 1.27934e-07
521 1.32305e-07
522 1.36797e-07
523 1.41412e-07
524 1.46152e-07
525 1.51016e-07
526 1.56008e-07
527 1.61128e-07
528 1.66378e-07
529 1.71758e-07
530 1.77269e-07
531 1.82913e-07
532 1.8869e-07
533 1.94603e-07
534 2.0065e-07
535 2.06834e-07
536 2.13156e-07
537 2.19616e-07
538 2.26216e-07
539 2.32956e-07
540 2.39839e-07
541 2.46864e-07
542 2.54035e-07
543 2.61352e-07
544 2.68818e-07
545 2.76434e-07
546 2.84203e-07
547 2.92126e-07
548 3.00208e-07
549 3.0845e-07
550 3.16857e-07
551 3.25432e-07
552 3.34178e-07
553 3.43101e-07
554 3.52206e-07
555 3.61496e-07
556 3.70979e-07
557 3.80659e-07
558 3.90544e-07
559 4.00639e-07
560 4.10954e-07
561 4.21494e-07
562 4.32268e-07
563 4.43285e-07
564 4.54554e-07
565 4.66084e-07
566 4.77883e-07
567 4.89963e-07
568 5.02334e-07
569 5.15005e-07
570 5.27987e-07
571 5.41292e-07
572 5.54929e-07
573 5.6891e-07
574 5.83246e-07
575 5.97947e-07
576 6.13023e-07
577 6.28485e-07
578 6.44344e-07
579 6.60607e-07
580 6.77285e-07
581 6.94386e-07
582 7.11917e-07
583 7.29886e-07
584 7.48299e-07
585 7.6716e-07
586 7.86474e-07
587 8.06244e-07
588 8.26471e-07
589 8.47157e-07
590 8.68299e-07
591 8.89896e-07
592 9.11943e-07
593 9.34435e-07
594 9.57364e-07
595 9.80721e-07
596 1.0045e-06
597 1.02867e-06
598 1.05324e-06
599 1.07818e-06
600 1.10348e-06
601 1.12911e-06
602 1.15506e-06
603 1.18129e-06
604 1.20778e-06
605 1.23451e-06
606 1.26145e-06
607 1.28856e-06
608 1.31581e-06
609 1.34317e-06
610 1.37061e-06
611 1.39808e-06
612 1.42555e-06
613 1.45299e-06
614 1.48035e-06
615 1.50759e-06
616 1.53468e-06
617 1.56158e-06
618 1.58825e-06
619 1.61465e-06
620 1.64074e-06
621 1.66649e-06
622 1.69186e-06
623 1.71682e-06
624 1.74133e-06
625 1.76537e-06
626 1.78892e-06
627 1.81194e-06
628 1.83442e-06
629 1.85633e-06
630 1.87767e-06
631 1.89841e-06
632 1.91857e-06
633 1.93813e-06
634 1.9571e-06
635 1.97548e-06
636 1.99328e-06
637 2.01053e-06
638 2.02725e-06
639 2.04346e-06
640 2.05919e-06
641 2.07449e-06
642 2.0894e-06
643 2.10398e-06
644 2.11827e-06
645 2.13234e-06
646 2.14625e-06
647 2.16008e-06
648 2.17391e-06
649 2.18782e-06
650 2.20189e-06
651 2.21622e-06
652 2.23091e-06
653 2.24605e-06
654 2.26175e-06
655 2.27811e-06
656 2.29525e-06
657 2.31328e-06
658 2.33232e-06
659 2.35247e-06
660 2.37385e-06
661 2.39659e-06
662 2.42079e-06
663 2.44657e-06
664 2.47404e-06
665 2.50331e-06
666 2.5345e-06
667 2.5677e-06
668 2.60301e-06
669 2.64052e-06
670 2.68033e-06
671 2.72251e-06
672 2.76714e-06
673 2.81428e-06
674 2.86399e-06
675 2.91632e-06
676 2.97129e-06
677 3.02895e-06
678 3.0893e-06
679 3.15235e-06
680 3.21809e-06
681 3.28649e-06
682 3.35752e-06
683 3.43114e-06
684 3.50728e-06
685 3.58585e-06
686 3.66678e-06
687 3.74995e-06
688 3.83524e-06
689 3.92252e-06
690 4.01164e-06
691 4.10242e-06
692 4.1947e-06
693 4.28827e-06
694 4.38293e-06
695 4.47845e-06
696 4.5746e-06
697 4.67114e-06
698 4.76779e-06
699 4.8643e-06
700 4.96037e-06
701 5.05572e-06
702 5.15004e-06
703 5.24302e-06
704 5.33435e-06
705 5.42371e-06
706 5.51077e-06
707 5.59519e-06
708 5.67664e-06
709 5.75479e-06
710 5.8293e-06
711 5.89984e-06
712 5.96608e-06
713 6.02769e-06
714 6.08434e-06
715 6.13573e-06
716 6.18155e-06
717 6.22149e-06
718 6.25529e-06
719 6.28265e-06
720 6.30334e-06
721 6.31709e-06
722 6.3237e-06
723 6.32294e-06
724 6.31464e-06
725 6.29863e-06
726 6.27476e-06
727 6.24292e-06
728 6.203e-06
729 6.15495e-06
730 6.0987e-06
731 6.03426e-06
732 5.96163e-06
733 5.88085e-06
734 5.79201e-06
735 5.69519e-06
736 5.59053e-06
737 5.47821e-06
738 5.35841e-06
739 5.23137e-06
740 5.09735e-06
741 4.95664e-06
742 4.80957e-06
743 4.6565e-06
744 4.49781e-06
745 4.33394e-06
746 4.16532e-06
747 3.99245e-06
748 3.81583e-06
749 3.636e-06
750 3.45354e-06
751 3.26903e-06
752 3.08309e-06
753 2.89638e-06
754 2.70956e-06
755 2.52331e-06
756 2.33835e-06
757 2.15541e-06
758 1.97522e-06
759 1.79855e-06
760 1.62618e-06
761 1.45889e-06
762 1.29747e-06
763 1.14274e-06
764 9.95499e-07
765 8.56565e-07
766 7.26757e-07
767 6.06893e-07
768 4.97789e-07
769 4.0026e-07
770 3.15111e-07
771 2.43145e-07
772 1.85153e-07
773 1.41914e-07
774 1.14194e-07
775 1.02746e-07
776 1.08305e-07
777 1.31586e-07
778 1.73286e-07
779 2.34079e-07
780 3.14616e-07
781 4.15521e-07
782 5.37396e-07
783 6.8081e-07
784 8.46307e-07
785 1.0344e-06
786 1.24557e-06
787 1.48027e-06
788 1.7389e-06
789 2.02187e-06
790 2.32951e-06
791 2.66214e-06
792 3.02003e-06
793 3.40344e-06
794 3.81256e-06
795 4.24757e-06
796 4.70861e-06
797 5.19578e-06
798 5.70914e-06
799 6.24873e-06
800 6.81455e-06
801 7.40655e-06
802 8.02467e-06
803 8.66882e-06
804 9.33886e-06
805 1.00346e-05
806 1.07559e-05
807 1.15026e-05
808 1.22743e-05
809 1.30709e-05
810 1.3892e-05
811 1.47373e-05
812 1.56066e-05
813 1.64994e-05
814 1.74155e-05
815 1.83544e-05
816 1.93157e-05
817 2.02991e-05
818 2.13042e-05
819 2.23306e-05
820 2.33779e-05
821 2.44457e-05
822 2.55335e-05
823 2.6641e-05
824 2.77679e-05
825 2.89137e-05
826 3.0078e-05
827 3.12606e-05
828 3.24611e-05
829 3.36792e-05
830 3.49145e-05
831 3.61669e-05
832 3.74362e-05
833 3.8722e-05
834 4.00242e-05
835 4.13427e-05
836 4.26774e-05
837 4.40282e-05
838 4.53951e-05
839 4.67781e-05
840 4.81773e-05
841 4.95927e-05
842 5.10245e-05
843 5.2473e-05
844 5.39384e-05
845 5.54209e-05
846 5.69211e-05
847 5.84392e-05
848 5.99758e-05
849 6.15314e-05
850 6.31066e-05
851 6.47021e-05
852 6.63186e-05
853 6.79569e-05
854 6.96179e-05
855 7.13024e-05
856 7.30115e-05
857 7.47462e-05
858 7.65076e-05
859 7.8297e-05
860 8.01156e-05
861 8.19647e-05
862 8.38457e-05
863 8.57601e-05
864 8.77095e-05
865 8.96955e-05
866 9.17196e-05
867 9.37838e-05
868 9.58898e-05
869 9.80394e-05
870 0.000100235
871 0.000102478
872 0.000104771
873 0.000107115
874 0.000109514
875 0.00011197
876 0.000114484
877 0.000117059
878 0.000119699
879 0.000122404
880 0.000125179
881 0.000128025
882 0.000130946
883 0.000133943
884 0.000137021
885 0.000140182
886 0.000143429
887 0.000146765
888 0.000150193
889 0.000153716
890 0.000157338
891 0.000161062
892 0.00016489
893 0.000168827
894 0.000172876
895 0.00017704
896 0.000181323
897 0.000185729
898 0.00019026
899 0.000194921
900 0.000199715
901 0.000204647
902 0.000209719
903 0.000214936
904 0.000220301
905 0.000225819
906 0.000231493
907 0.000237327
908 0.000243326
909 0.000249493
910 0.000255833
911 0.000262349
912 0.000269046
913 0.000275927
914 0.000282998
915 0.000290263
916 0.000297725
917 0.000305388
918 0.000313259
919 0.00032134
920 0.000329635
921 0.000338151
922 0.00034689
923 0.000355858
924 0.000365058
925 0.000374496
926 0.000384176
927 0.000394103
928 0.00040428
929 0.000414714
930 0.000425407
931 0.000436366
932 0.000447595
933 0.000459098
934 0.000470881
935 0.000482947
936 0.000495302
937 0.00050795
938 0.000520897
939 0.000534147
940 0.000547706
941 0.000561577
942 0.000575765
943 0.000590277
944 0.000605116
945 0.000620288
946 0.000635797
947 0.000651648
948 0.000667847
949 0.000684399
950 0.000701308
951 0.000718579
952 0.000736218
953 0.000754229
954 0.000772618
955 0.00079139
956 0.000810549
957 0.000830101
958 0.000850051
959 0.000870404
960 0.000891165
961 0.000912338
962 0.000933931
963 0.000955946
964 0.00097839
965 0.00100127
966 0.00102458
967 0.00104834
968 0.00107255
969 0.00109721
970 0.00112234
971 0.00114792
972 0.00117398
973 0.00120051
974 0.00122751
975 0.00125501
976 0.00128299
977 0.00131146
978 0.00134044
979 0.00136991
980 0.0013999
981 0.0014304
982 0.00146142
983 0.00149297
984 0.00152504
985 0.00155764
986 0.00159079
987 0.00162447
988 0.0016587
989 0.00169349
990 0.00172883
991 0.00176473
992 0.00180119
993 0.00183823
994 0.00187584
995 0.00191402
996 0.00195279
997 0.00199215
998 0.00203209
999 0.00207263
1000 0.00211377
1001 0.00215551
1002 0.00219786
1003 0.00224082
1004 0.00228439
1005 0.00232857
1006 0.00237338
1007 0.00241881
1008 0.00246487
1009 0.00251155
1010 0.00255887
1011 0.00260683
1012 0.00265542
1013 0.00270465
1014 0.00275453
1015 0.00280506
1016 0.00285623
1017 0.00290805
1018 0.00296052
1019 0.00301365
1020 0.00306744
1021 0.00312188
1022 0.00317698
1023 0.00323274
1024 0.00328916
1025 0.00334625
1026 0.003404
1027 0.00346241
1028 0.00352149
1029 0.00358123
1030 0.00364163
1031 0.00370271
1032 0.00376444
1033 0.00382684
1034 0.0038899
1035 0.00395363
1036 0.00401802
1037 0.00408306
1038 0.00414877
1039 0.00421513
1040 0.00428215
1041 0.00434983
1042 0.00441815
1043 0.00448713
1044 0.00455675
1045 0.00462701
1046 0.00469791
1047 0.00476945
1048 0.00484163
1049 0.00491443
1050 0.00498786
1051 0.00506191
1052 0.00513657
1053 0.00521185
1054 0.00528774
1055 0.00536422
1056 0.0054413
1057 0.00551897
1058 0.00559723
1059 0.00567606
1060 0.00575547
1061 0.00583543
1062 0.00591596
1063 0.00599703
1064 0.00607865
1065 0.0061608
1066 0.00624348
1067 0.00632668
1068 0.00641038
1069 0.00649458
1070 0.00657928
1071 0.00666445
1072 0.0067501
1073 0.00683621
1074 0.00692277
1075 0.00700977
1076 0.0070972
1077 0.00718504
1078 0.0072733
1079 0.00736195
1080 0.00745098
1081 0.00754038
1082 0.00763015
1083 0.00772025
1084 0.0078107
1085 0.00790146
1086 0.00799252
1087 0.00808388
1088 0.00817552
1089 0.00826741
1090 0.00835956
1091 0.00845195
1092 0.00854455
1093 0.00863735
1094 0.00873034
1095 0.00882351
1096 0.00891683
1097 0.00901029
1098 0.00910387
1099 0.00919756
1100 0.00929134
1101 0.00938519
1102 0.0094791
1103 0.00957304
1104 0.009667
1105 0.00976097
1106 0.00985491
1107 0.00994882
1108 0.0100427
1109 0.0101365
1110 0.0102301
1111 0.0103237
1112 0.0104172
1113 0.0105105
1114 0.0106036
1115 0.0106965
1116 0.0107892
1117 0.0108817
1118 0.010974
1119 0.011066
1120 0.0111576
1121 0.011249
1122 0.01134
1123 0.0114307
1124 0.011521
1125 0.0116109
1126 0.0117004
1127 0.0117895
1128 0.0118781
1129 0.0119662
1130 0.0120538
1131 0.0121409
1132 0.0122275
1133 0.0123135
1134 0.0123989
1135 0.0124836
1136 0.0125678
1137 0.0126513
1138 0.0127341
1139 0.0128163
1140 0.0128977
1141 0.0129784
1142 0.0130583
1143 0.0131375
1144 0.0132158
1145 0.0132934
1146 0.01337
1147 0.0134459
1148 0.0135208
1149 0.0135949
1150 0.013668
1151 0.0137401
1152 0.0138113
1153 0.0138816
1154 0.0139508
1155 0.014019
1156 0.0140861
1157 0.0141522
1158 0.0142172
1159 0.0142811
1160 0.0143439
1161 0.0144056
1162 0.0144661
1163 0.0145254
1164 0.0145836
1165 0.0146405
1166 0.0146962
1167 0.0147506
1168 0.0148039
1169 0.0148558
1170 0.0149064
1171 0.0149558
1172 0.0150038
1173 0.0150504
1174 0.0150958
1175 0.0151397
1176 0.0151823
1177 0.0152235
1178 0.0152633
1179 0.0153017
1180 0.0153386
1181 0.0153741
1182 0.0154081
1183 0.0154407
1184 0.0154718
1185 0.0155014
1186 0.0155295
1187 0.0155561
1188 0.0155812
1189 0.0156048
1190 0.0156268
1191 0.0156473
1192 0.0156663
1193 0.0156837
1194 0.0156995
1195 0.0157138
1196 0.0157265
1197 0.0157376
1198 0.0157471
1199 0.0157551
1200 0.0157614
1201 0.0157662
1202 0.0157693
1203 0.0157709
1204 0.0157709
1205 0.0157692
1206 0.015766
1207 0.0157611
1208 0.0157547
1209 0.0157466
1210 0.015737
1211 0.0157257
1212 0.0157128
1213 0.0156984
1214 0.0156823
1215 0.0156647
1216 0.0156455
1217 0.0156247
1218 0.0156023
1219 0.0155783
1220 0.0155528
1221 0.0155257
1222 0.0154971
1223 0.0154669
1224 0.0154352
1225 0.0154019
1226 0.0153672
1227 0.0153309
1228 0.0152931
1229 0.0152538
1230 0.015213
1231 0.0151708
1232 0.0151271
1233 0.015082
1234 0.0150354
1235 0.0149874
1236 0.0149379
1237 0.0148871
1238 0.0148349
1239 0.0147813
1240 0.0147264
1241 0.0146701
1242 0.0146125
1243 0.0145535
1244 0.0144933
1245 0.0144318
1246 0.0143691
1247 0.014305
1248 0.0142398
1249 0.0141733
1250 0.0141057
1251 0.0140369
1252 0.0139669
1253 0.0138958
1254 0.0138235
1255 0.0137502
1256 0.0136757
1257 0.0136003
1258 0.0135237
1259 0.0134462
1260 0.0133676
1261 0.0132881
1262 0.0132076
1263 0.0131262
1264 0.0130438
1265 0.0129606
1266 0.0128765
1267 0.0127915
1268 0.0127058
1269 0.0126192
1270 0.0125318
1271 0.0124436
1272 0.0123548
1273 0.0122652
1274 0.0121749
1275 0.0120839
1276 0.0119923
1277 0.0119001
1278 0.0118073
1279 0.0117139
1280 0.0116199
1281 0.0115254
1282 0.0114305
1283 0.011335
1284 0.0112391
1285 0.0111427
1286 0.0110459
1287 0.0109487
1288 0.0108512
1289 0.0107533
1290 0.0106551
1291 0.0105566
1292 0.0104579
1293 0.0103589
1294 0.0102596
1295 0.0101602
1296 0.0100606
1297 0.00996079
1298 0.00986088
1299 0.00976085
1300 0.00966074
1301 0.00956057
1302 0.00946034
1303 0.0093601
1304 0.00925985
1305 0.00915963
1306 0.00905945
1307 0.00895933
1308 0.00885929
1309 0.00875936
1310 0.00865956
1311 0.0085599
1312 0.00846041
1313 0.00836111
1314 0.00826201
1315 0.00816314
1316 0.00806451
1317 0.00796615
1318 0.00786806
1319 0.00777028
1320 0.00767282
1321 0.00757569
1322 0.00747892
1323 0.00738251
1324 0.0072865
1325 0.00719089
1326 0.00709569
1327 0.00700094
1328 0.00690663
1329 0.0068128
1330 0.00671944
1331 0.00662658
1332 0.00653423
1333 0.00644241
1334 0.00635112
1335 0.00626038
1336 0.00617021
1337 0.00608061
1338 0.0059916
1339 0.00590319
1340 0.0058154
1341 0.00572822
1342 0.00564168
1343 0.00555578
1344 0.00547053
1345 0.00538595
1346 0.00530204
1347 0.00521881
1348 0.00513627
1349 0.00505442
1350 0.00497329
1351 0.00489286
1352 0.00481316
1353 0.00473418
1354 0.00465593
1355 0.00457842
1356 0.00450166
1357 0.00442565
1358 0.00435039
1359 0.00427589
1360 0.00420216
1361 0.0041292
1362 0.004057
1363 0.00398559
1364 0.00391495
1365 0.00384509
1366 0.00377601
1367 0.00370772
1368 0.00364022
1369 0.00357351
1370 0.00350759
1371 0.00344246
1372 0.00337812
1373 0.00331457
1374 0.00325182
1375 0.00318986
1376 0.00312869
1377 0.00306831
1378 0.00300872
1379 0.00294992
1380 0.00289191
1381 0.00283469
1382 0.00277825
1383 0.00272259
1384 0.00266771
1385 0.00261361
1386 0.00256028
1387 0.00250773
1388 0.00245594
1389 0.00240492
1390 0.00235466
1391 0.00230516
1392 0.00225641
1393 0.00220841
1394 0.00216116
1395 0.00211465
1396 0.00206888
1397 0.00202383
1398 0.00197952
1399 0.00193592
1400 0.00189304
1401 0.00185088
1402 0.00180942
1403 0.00176866
1404 0.00172859
1405 0.00168921
1406 0.00165052
1407 0.0016125
1408 0.00157516
1409 0.00153848
1410 0.00150245
1411 0.00146708
1412 0.00143236
1413 0.00139827
1414 0.00136482
1415 0.00133199
1416 0.00129978
1417 0.00126818
1418 0.00123719
1419 0.00120679
1420 0.00117699
1421 0.00114777
1422 0.00111913
1423 0.00109106
1424 0.00106355
1425 0.0010366
1426 0.0010102
1427 0.000984339
1428 0.000959012
1429 0.000934212
1430 0.000909932
1431 0.000886165
1432 0.000862903
1433 0.000840139
1434 0.000817867
1435 0.000796078
1436 0.000774765
1437 0.000753922
1438 0.000733541
1439 0.000713614
1440 0.000694136
1441 0.000675098
1442 0.000656494
1443 0.000638316
1444 0.000620557
1445 0.000603211
1446 0.00058627
1447 0.000569728
1448 0.000553577
1449 0.000537811
1450 0.000522423
1451 0.000507406
1452 0.000492754
1453 0.000478459
1454 0.000464516
1455 0.000450917
1456 0.000437657
1457 0.000424728
1458 0.000412124
1459 0.00039984
1460 0.000387869
1461 0.000376204
1462 0.00036484
1463 0.00035377
1464 0.000342989
1465 0.00033249
1466 0.000322268
1467 0.000312317
1468 0.000302632
1469 0.000293206
1470 0.000284034
1471 0.00027511
1472 0.00026643
1473 0.000257988
1474 0.000249779
1475 0.000241796
1476 0.000234037
1477 0.000226494
1478 0.000219164
1479 0.000212041
1480 0.000205121
1481 0.000198398
1482 0.000191869
1483 0.000185529
1484 0.000179373
1485 0.000173396
1486 0.000167595
1487 0.000161965
1488 0.000156502
1489 0.000151201
1490 0.000146059
1491 0.000141072
1492 0.000136236
1493 0.000131547
1494 0.000127001
1495 0.000122595
1496 0.000118324
1497 0.000114186
1498 0.000110176
1499 0.000106293
1500 0.000102531
1501 9.8888e-05
1502 9.53607e-05
1503 9.1946e-05
1504 8.86407e-05
1505 8.54419e-05
1506 8.23465e-05
1507 7.93517e-05
1508 7.64548e-05
1509 7.36528e-05
1510 7.09433e-05
1511 6.83234e-05
1512 6.57907e-05
1513 6.33425e-05
1514 6.09766e-05
1515 5.86905e-05
1516 5.64817e-05
1517 5.43482e-05
1518 5.22875e-05
1519 5.02976e-05
1520 4.83763e-05
1521 4.65215e-05
1522 4.47312e-05
1523 4.30035e-05
1524 4.13365e-05
1525 3.97281e-05
1526 3.81767e-05
1527 3.66805e-05
1528 3.52377e-05
1529 3.38466e-05
1530 3.25056e-05
1531 3.12131e-05
1532 2.99675e-05
1533 2.87673e-05
1534 2.76111e-05
1535 2.64974e-05
1536 2.54249e-05
1537 2.43921e-05
1538 2.33978e-05
1539 2.24406e-05
1540 2.15194e-05
1541 2.06329e-05
1542 1.97799e-05
1543 1.89594e-05
1544 1.81702e-05
1545 1.74112e-05
1546 1.66814e-05
1547 1.59797e-05
1548 1.53053e-05
1549 1.46571e-05
1550 1.40343e-05
1551 1.34359e-05
1552 1.2861e-05
1553 1.23089e-05
1554 1.17787e-05
1555 1.12696e-05
1556 1.07809e-05
1557 1.03118e-05
1558 9.8616e-06
1559 9.42962e-06
1560 9.01519e-06
1561 8.61766e-06
1562 8.2364e-06
1563 7.87079e-06
1564 7.52027e-06
1565 7.18425e-06
1566 6.86218e-06
1567 6.55355e-06
1568 6.25784e-06
1569 5.97454e-06
1570 5.7032e-06
1571 5.44333e-06
1572 5.1945e-06
1573 4.95628e-06
1574 4.72825e-06
1575 4.51001e-06
1576 4.30118e-06
1577 4.10138e-06
1578 3.91025e-06
1579 3.72745e-06
1580 3.55264e-06
1581 3.38551e-06
1582 3.22573e-06
1583 3.07301e-06
1584 2.92706e-06
1585 2.78761e-06
1586 2.65439e-06
1587 2.52713e-06
1588 2.4056e-06
1589 2.28956e-06
1590 2.17877e-06
1591 2.07301e-06
1592 1.97208e-06
1593 1.87577e-06
1594 1.78388e-06
1595 1.69622e-06
1596 1.61261e-06
1597 1.53289e-06
1598 1.45687e-06
1599 1.38441e-06
1600 1.31534e-06
1601 1.24952e-06
1602 1.1868e-06
1603 1.12705e-06
1604 1.07015e-06
1605 1.01595e-06
1606 9.64342e-07
1607 9.15212e-07
1608 8.68446e-07
1609 8.23938e-07
1610 7.81586e-07
1611 7.41293e-07
1612 7.02965e-07
1613 6.66511e-07
1614 6.31847e-07
1615 5.9889e-07
1616 5.6756e-07
1617 5.37784e-07
1618 5.09487e-07
1619 4.82602e-07
1620 4.57062e-07
1621 4.32803e-07
1622 4.09767e-07
1623 3.87893e-07
1624 3.67128e-07
1625 3.47419e-07
1626 3.28714e-07
1627 3.10966e-07
1628 2.94129e-07
1629 2.78158e-07
1630 2.63012e-07
1631 2.4865e-07
1632 2.35034e-07
1633 2.22127e-07
1634 2.09896e-07
1635 1.98305e-07
1636 1.87324e-07
1637 1.76922e-07
1638 1.6707e-07
1639 1.57741e-07
1640 1.48909e-07
1641 1.40548e-07
1642 1.32634e-07
1643 1.25146e-07
1644 1.18061e-07
1645 1.11359e-07
1646 1.05021e-07
1647 9.90262e-08
1648 9.33587e-08
1649 8.8001e-08
1650 8.2937e-08
1651 7.81516e-08
1652 7.36301e-08
1653 6.93587e-08
1654 6.53243e-08
1655 6.15144e-08
1656 5.79171e-08
1657 5.45211e-08
1658 5.13157e-08
1659 4.82908e-08
1660 4.54366e-08
1661 4.2744e-08
1662 4.02042e-08
1663 3.78091e-08
1664 3.55508e-08
1665 3.34217e-08
1666 3.14149e-08
1667 2.95237e-08
1668 2.77417e-08
1669 2.60629e-08
1670 2.44816e-08
1671 2.29924e-08
1672 2.15901e-08
1673 2.027e-08
1674 1.90274e-08
1675 1.7858e-08
1676 1.67576e-08
1677 1.57224e-08
1678 1.47487e-08
1679 1.38329e-08
1680 1.29719e-08
1681 1.21623e-08
1682 1.14014e-08
1683 1.06863e-08
1684 1.00143e-08
1685 9.38298e-09
1686 8.79e-09
1687 8.23309e-09
1688 7.71016e-09
1689 7.21922e-09
1690 6.7584e-09
1691 6.32591e-09
1692 5.9201e-09
1693 5.53938e-09
1694 5.18226e-09
1695 4.84734e-09
1696 4.53329e-09
1697 4.23887e-09
1698 3.96289e-09
1699 3.70425e-09
1700 3.4619e-09
1701 3.23485e-09
1702 3.02217e-09
1703 2.82299e-09
1704 2.63649e-09
1705 2.46189e-09
1706 2.29846e-09
1707 2.14551e-09
1708 2.00239e-09
1709 1.8685e-09
1710 1.74326e-09
1711 1.62613e-09
1712 1.51662e-09
1713 1.41423e-09
1714 1.31853e-09
1715 1.2291e-09
1716 1.14553e-09
1717 1.06746e-09
1718 9.94537e-10
1719 9.26438e-10
1720 8.62851e-10
1721 8.0349e-10
1722 7.48083e-10
1723 6.96376e-10
1724 6.48131e-10
1725 6.03124e-10
1726 5.61144e-10
1727 5.21996e-10
1728 4.85494e-10
1729 4.51466e-10
1730 4.1975e-10
1731 3.90195e-10
1732 3.62657e-10
1733 3.37004e-10
1734 3.13111e-10
1735 2.90861e-10
1736 2.70145e-10
1737 2.50861e-10
1738 2.32912e-10
1739 2.1621e-10
1740 2.00671e-10
1741 1.86215e-10
1742 1.72771e-10
1743 1.60269e-10
1744 1.48646e-10
1745 1.37842e-10
1746 1.278e-10
1747 1.18469e-10
1748 1.098e-10
1749 1.01748e-10
1750 9.42693e-11
1751 8.73251e-11
1752 8.08782e-11
1753 7.4894e-11
1754 6.93403e-11
1755 6.41871e-11
1756 5.94064e-11
1757 5.49721e-11
1758 5.08597e-11
1759 4.70467e-11
1760 4.35118e-11
1761 4.02354e-11
1762 3.71991e-11
1763 3.43859e-11
1764 3.17797e-11
1765 2.93659e-11
1766 2.71306e-11
1767 2.50609e-11
1768 2.31451e-11
1769 2.13719e-11
1770 1.9731e-11
1771 1.82129e-11
1772 1.68086e-11
1773 1.55098e-11
1774 1.43088e-11
1775 1.31984e-11
1776 1.2172e-11
1777 1.12235e-11
1778 1.0347e-11
1779 9.53723e-12
1780 8.78928e-12
1781 8.09854e-12
1782 7.46074e-12
1783 6.87195e-12
1784 6.32848e-12
1785 5.82695e-12
1786 5.3642e-12
1787 4.93731e-12
1788 4.54358e-12
1789 4.1805e-12
1790 3.84574e-12
1791 3.53714e-12
1792 3.25273e-12
1793 2.99064e-12
1794 2.74918e-12
1795 2.52676e-12
1796 2.32191e-12
1797 2.13329e-12
1798 1.95963e-12
1799 1.79979e-12
1800 1.65268e-12
1801 1.51733e-12
1802 1.3928e-12
1803 1.27827e-12
1804 1.17294e-12
1805 1.0761e-12
1806 9.87069e-13
1807 9.05243e-13
1808 8.30049e-13
1809 7.60963e-13
1810 6.97501e-13
1811 6.39215e-13
1812 5.85693e-13
1813 5.36555e-13
1814 4.9145e-13
1815 4.50055e-13
1816 4.12071e-13
1817 3.77224e-13
1818 3.45262e-13
1819 3.15949e-13
1820 2.89073e-13
1821 2.64434e-13
1822 2.41852e-13
1823 2.21157e-13
1824 2.02196e-13
1825 1.84827e-13
1826 1.6892e-13
1827 1.54353e-13
1828 1.41016e-13
1829 1.28808e-13
1830 1.17635e-13
1831 1.07412e-13
1832 9.80594e-14
1833 8.95046e-14
1834 8.16811e-14
1835 7.45277e-14
1836 6.79883e-14
1837 6.20113e-14
1838 5.65493e-14
1839 5.15589e-14
1840 4.70003e-14
1841 4.28368e-14
1842 3.9035e-14
1843 3.5564e-14
1844 3.23956e-14
1845 2.95041e-14
1846 2.68657e-14
1847 2.44588e-14
1848 2.22633e-14
1849 2.02612e-14
1850 1.84357e-14
1851 1.67716e-14
1852 1.52549e-14
1853 1.38727e-14
1854 1.26135e-14
1855 1.14664e-14
1856 1.04218e-14
1857 9.47049e-15
1858 8.60446e-15
1859 7.81617e-15
1860 7.09878e-15
1861 6.44604e-15
1862 5.85223e-15
1863 5.31213e-15
1864 4.82098e-15
1865 4.37443e-15
1866 3.9685e-15
1867 3.59957e-15
1868 3.26433e-15
1869 2.95976e-15
1870 2.6831e-15
1871 2.43185e-15
1872 2.20372e-15
1873 1.99662e-15
1874 1.80864e-15
1875 1.63805e-15
1876 1.48328e-15
1877 1.34287e-15
1878 1.21553e-15
1879 1.10006e-15
1880 9.95376e-16
1881 9.00482e-16
1882 8.14482e-16
1883 7.36558e-16
1884 6.65964e-16
1885 6.02022e-16
1886 5.44118e-16
1887 4.91691e-16
1888 4.44232e-16
1889 4.01278e-16
1890 3.6241e-16
1891 3.27245e-16
1892 2.95436e-16
1893 2.66669e-16
1894 2.40658e-16
1895 2.17143e-16
1896 1.95889e-16
1897 1.76681e-16
1898 1.59328e-16
1899 1.43651e-16
1900 1.29493e-16
1901 1.16708e-16
1902 1.05165e-16
1903 9.47461e-17
1904 8.53433e-17
1905 7.68591e-17
1906 6.92053e-17
1907 6.23019e-17
1908 5.60765e-17
1909 5.04636e-17
1910 4.54039e-17
1911 4.08438e-17
1912 3.67347e-17
1913 3.30327e-17
1914 2.96982e-17
1915 2.66952e-17
1916 2.39913e-17
1917 2.15572e-17
1918 1.93664e-17
1919 1.73949e-17
1920 1.56212e-17
1921 1.40256e-17
1922 1.25906e-17
1923 1.13003e-17
1924 1.01403e-17
1925 9.09765e-18
1926 8.16065e-18
1927 7.31875e-18
1928 6.56246e-18
1929 5.8832e-18
1930 5.27324e-18
1931 4.72561e-18
1932 4.23405e-18
1933 3.7929e-18
1934 3.39707e-18
1935 3.04196e-18
1936 2.72345e-18
1937 2.43783e-18
1938 2.18174e-18
1939 1.95218e-18
1940 1.74644e-18
1941 1.56209e-18
1942 1.39692e-18
1943 1.24898e-18
1944 1.1165e-18
1945 9.97875e-19
1946 8.91684e-19
1947 7.96641e-19
1948 7.11591e-19
1949 6.355e-19
1950 5.67436e-19
1951 5.06564e-19
1952 4.52136e-19
1953 4.03478e-19
1954 3.59988e-19
1955 3.21123e-19
1956 2.86399e-19
1957 2.55381e-19
1958 2.27679e-19
1959 2.02942e-19
1960 1.80858e-19
1961 1.61146e-19
1962 1.43555e-19
1963 1.27859e-19
1964 1.13858e-19
1965 1.0137e-19
1966 9.02349e-20
1967 8.03071e-20
1968 7.14577e-20
1969 6.35712e-20
1970 5.65442e-20
1971 5.02842e-20
1972 4.47086e-20
1973 3.97435e-20
1974 3.53229e-20
1975 3.1388e-20
1976 2.7886e-20
1977 2.47699e-20
1978 2.19977e-20
1979 1.9532e-20
1980 1.73393e-20
1981 1.53898e-20
1982 1.36568e-20
1983 1.21165e-20
1984 1.07479e-20
1985 9.53202e-21
1986 8.45202e-21
1987 7.49291e-21
1988 6.64135e-21
1989 5.88539e-21
1990 5.21446e-21
1991 4.6191e-21
1992 4.0909e-21
1993 3.62238e-21
1994 3.20688e-21
1995 2.83847e-21
1996 2.51188e-21
1997 2.22241e-21
1998 1.9659e-21
1999 1.73865e-21
2000 1.53734e-21
2001 1.35907e-21
2002 1.20121e-21
2003 1.06147e-21
2004 9.37777e-22
2005 8.28323e-22
2006 7.31484e-22
2007 6.4582e-22
2008 5.7006e-22
2009 5.03071e-22
2010 4.4385e-22
2011 3.91505e-22
2012 3.45248e-22
2013 3.04377e-22
2014 2.68275e-22
2015 2.3639e-22
2016 2.08235e-22
2017 1.83378e-22
2018 1.61439e-22
2019 1.42077e-22
2020 1.24995e-22
2021 1.09926e-22
2022 9.66355e-23
2023 8.49161e-23
2024 7.45838e-23
2025 6.54776e-23
2026 5.74523e-23
2027 5.03818e-23
2028 4.41536e-23
2029 3.86682e-23
2030 3.38388e-23
2031 2.95872e-23
2032 2.58456e-23
2033 2.25536e-23
2034 1.96577e-23
2035 1.71112e-23
2036 1.48725e-23
2037 1.2905e-23
2038 1.11767e-23
2039 9.65889e-24
2040 8.32677e-24
2041 7.15824e-24
2042 6.13375e-24
2043 5.23655e-24
2044 4.45138e-24
2045 3.76513e-24
2046 3.16628e-24
2047 2.64469e-24
