0 1.68794e-23
1 1.40009e-23
2 1.15039e-23
3 9.34833e-24
4 7.49893e-24
5 5.92501e-24
6 4.60083e-24
7 3.50385e-24
8 2.61545e-24
9 1.91999e-24
10 1.40505e-24
11 1.0609e-24
12 8.80323e-25
13 8.58702e-25
14 9.93796e-25
15 1.2857e-24
16 1.73684e-24
17 2.35196e-24
18 3.13833e-24
19 4.10534e-24
20 5.26545e-24
21 6.63371e-24
22 8.2276e-24
23 1.00684e-23
24 1.21806e-23
25 1.45924e-23
26 1.73358e-23
27 2.0448e-23
28 2.39705e-23
29 2.79502e-23
30 3.24419e-23
31 3.75044e-23
32 4.32059e-23
33 4.96233e-23
34 5.68416e-23
35 6.49578e-23
36 7.40791e-23
37 8.4327e-23
38 9.58373e-23
39 1.08761e-22
40 1.2327e-22
41 1.39555e-22
42 1.57827e-22
43 1.78326e-22
44 2.0132e-22
45 2.27107e-22
46 2.5602e-22
47 2.88432e-22
48 3.24759e-22
49 3.65468e-22
50 4.11079e-22
51 4.62175e-22
52 5.194e-22
53 5.83479e-22
54 6.55223e-22
55 7.35528e-22
56 8.25404e-22
57 9.25971e-22
58 1.03848e-21
59 1.16432e-21
60 1.30505e-21
61 1.46239e-21
62 1.63828e-21
63 1.83487e-21
64 2.05455e-21
65 2.29998e-21
66 2.57412e-21
67 2.88029e-21
68 3.22214e-21
69 3.60377e-21
70 4.02971e-21
71 4.50502e-21
72 5.03533e-21
73 5.62688e-21
74 6.2866e-21
75 7.02222e-21
76 7.84229e-21
77 8.75635e-21
78 9.77497e-21
79 1.09099e-20
80 1.21741e-20
81 1.3582e-20
82 1.51498e-20
83 1.68952e-20
84 1.8838e-20
85 2.09999e-20
86 2.34054e-20
87 2.60814e-20
88 2.90575e-20
89 3.23669e-20
90 3.60461e-20
91 4.01358e-20
92 4.46807e-20
93 4.97307e-20
94 5.53406e-20
95 6.15714e-20
96 6.84904e-20
97 7.61722e-20
98 8.46992e-20
99 9.41625e-20
100 1.04663e-19
101 1.16312e-19
102 1.29232e-19
103 1.43559e-19
104 1.59445e-19
105 1.77054e-19
106 1.96569e-19
107 2.18194e-19
108 2.4215e-19
109 2.68685e-19
110 2.9807e-19
111 3.30605e-19
112 3.6662e-19
113 4.0648e-19
114 4.50586e-19
115 4.99381e-19
116 5.53354e-19
117 6.13041e-19
118 6.79036e-19
119 7.51988e-19
120 8.32618e-19
121 9.21714e-19
122 1.02015e-18
123 1.12887e-18
124 1.24895e-18
125 1.38153e-18
126 1.52788e-18
127 1.68942e-18
128 1.86768e-18
129 2.06434e-18
130 2.28127e-18
131 2.52052e-18
132 2.78432e-18
133 3.07514e-18
134 3.39569e-18
135 3.74893e-18
136 4.13812e-18
137 4.56685e-18
138 5.03903e-18
139 5.55896e-18
140 6.13137e-18
141 6.76144e-18
142 7.45483e-18
143 8.21777e-18
144 9.05706e-18
145 9.98018e-18
146 1.09953e-17
147 1.21113e-17
148 1.33382e-17
149 1.46865e-17
150 1.6168e-17
151 1.77956e-17
152 1.95833e-17
153 2.15465e-17
154 2.3702e-17
155 2.60683e-17
156 2.86653e-17
157 3.1515e-17
158 3.46415e-17
159 3.80709e-17
160 4.18319e-17
161 4.59556e-17
162 5.04763e-17
163 5.54311e-17
164 6.08607e-17
165 6.68093e-17
166 7.33255e-17
167 8.04619e-17
168 8.82759e-17
169 9.68304e-17
170 1.06194e-16
171 1.1644e-16
172 1.27651e-16
173 1.39914e-16
174 1.53326e-16
175 1.67992e-16
176 1.84026e-16
177 2.01551e-16
178 2.20704e-16
179 2.41631e-16
180 2.64492e-16
181 2.8946e-16
182 3.16726e-16
183 3.46495e-16
184 3.78989e-16
185 4.14453e-16
186 4.5315e-16
187 4.95367e-16
188 5.41414e-16
189 5.91631e-16
190 6.46385e-16
191 7.06073e-16
192 7.71129e-16
193 8.42021e-16
194 9.19259e-16
195 1.00339e-15
196 1.09503e-15
197 1.1948e-15
198 1.30343e-15
199 1.42167e-15
200 1.55035e-15
201 1.69035e-15
202 1.84266e-15
203 2.00833e-15
204 2.18847e-15
205 2.38434e-15
206 2.59725e-15
207 2.82865e-15
208 3.08009e-15
209 3.35326e-15
210 3.64997e-15
211 3.9722e-15
212 4.32208e-15
213 4.70189e-15
214 5.11412e-15
215 5.56146e-15
216 6.04679e-15
217 6.57325e-15
218 7.1442e-15
219 7.7633e-15
220 8.43446e-15
221 9.16192e-15
222 9.95026e-15
223 1.08044e-14
224 1.17297e-14
225 1.27318e-14
226 1.38169e-14
227 1.49917e-14
228 1.62633e-14
229 1.76394e-14
230 1.91285e-14
231 2.07393e-14
232 2.24816e-14
233 2.43657e-14
234 2.64027e-14
235 2.86047e-14
236 3.09846e-14
237 3.35563e-14
238 3.63347e-14
239 3.93358e-14
240 4.25769e-14
241 4.60766e-14
242 4.98548e-14
243 5.39328e-14
244 5.83337e-14
245 6.30822e-14
246 6.82048e-14
247 7.37299e-14
248 7.96881e-14
249 8.61121e-14
250 9.3037e-14
251 1.00501e-13
252 1.08543e-13
253 1.17209e-13
254 1.26543e-13
255 1.36595e-13
256 1.4742e-13
257 1.59074e-13
258 1.71618e-13
259 1.85117e-13
260 1.99643e-13
261 2.15269e-13
262 2.32077e-13
263 2.50152e-13
264 2.69585e-13
265 2.90475e-13
266 3.12928e-13
267 3.37054e-13
268 3.62974e-13
269 3.90817e-13
270 4.20718e-13
271 4.52823e-13
272 4.8729e-13
273 5.24283e-13
274 5.63981e-13
275 6.06573e-13
276 6.52261e-13
277 7.01261e-13
278 7.53803e-13
279 8.10131e-13
280 8.70508e-13
281 9.3521e-13
282 1.00454e-12
283 1.0788e-12
284 1.15834e-12
285 1.24352e-12
286 1.33471e-12
287 1.43232e-12
288 1.53679e-12
289 1.64858e-12
290 1.76817e-12
291 1.89609e-12
292 2.0329e-12
293 2.17917e-12
294 2.33555e-12
295 2.50269e-12
296 2.68132e-12
297 2.87217e-12
298 3.07605e-12
299 3.29382e-12
300 3.52637e-12
301 3.77467e-12
302 4.03974e-12
303 4.32265e-12
304 4.62457e-12
305 4.9467e-12
306 5.29034e-12
307 5.65687e-12
308 6.04774e-12
309 6.46448e-12
310 6.90874e-12
311 7.38225e-12
312 7.88685e-12
313 8.42447e-12
314 8.99719e-12
315 9.60717e-12
316 1.02567e-11
317 1.09483e-11
318 1.16845e-11
319 1.2468e-11
320 1.33017e-11
321 1.41887e-11
322 1.51322e-11
323 1.61356e-11
324 1.72025e-11
325 1.83367e-11
326 1.95422e-11
327 2.08233e-11
328 2.21844e-11
329 2.36303e-11
330 2.51658e-11
331 2.67963e-11
332 2.85273e-11
333 3.03646e-11
334 3.23144e-11
335 3.43831e-11
336 3.65776e-11
337 3.8905e-11
338 4.13729e-11
339 4.39892e-11
340 4.67625e-11
341 4.97014e-11
342 5.28154e-11
343 5.61141e-11
344 5.9608e-11
345 6.33077e-11
346 6.72248e-11
347 7.13712e-11
348 7.57596e-11
349 8.04032e-11
350 8.53159e-11
351 9.05126e-11
352 9.60085e-11
353 1.0182e-10
354 1.07964e-10
355 1.14458e-10
356 1.21322e-10
357 1.28575e-10
358 1.36238e-10
359 1.44333e-10
360 1.52882e-10
361 1.6191e-10
362 1.71442e-10
363 1.81505e-10
364 1.92126e-10
365 2.03334e-10
366 2.15161e-10
367 2.27638e-10
368 2.40799e-10
369 2.54679e-10
370 2.69315e-10
371 2.84746e-10
372 3.01012e-10
373 3.18156e-10
374 3.36221e-10
375 3.55255e-10
376 3.75305e-10
377 3.96423e-10
378 4.1866e-10
379 4.42073e-10
380 4.66719e-10
381 4.92658e-10
382 5.19953e-10
383 5.48668e-10
384 5.78874e-10
385 6.10639e-10
386 6.44039e-10
387 6.7915e-10
388 7.16053e-10
389 7.54831e-10
390 7.9557e-10
391 8.38362e-10
392 8.833e-10
393 9.30482e-10
394 9.80009e-10
395 1.03199e-09
396 1.08652e-09
397 1.14374e-09
398 1.20374e-09
399 1.26666e-09
400 1.33263e-09
401 1.40176e-09
402 1.47422e-09
403 1.55013e-09
404 1.62964e-09
405 1.71291e-09
406 1.8001e-09
407 1.89138e-09
408 1.98692e-09
409 2.08689e-09
410 2.19149e-09
411 2.30091e-09
412 2.41535e-09
413 2.53502e-09
414 2.66014e-09
415 2.79094e-09
416 2.92764e-09
417 3.07049e-09
418 3.21976e-09
419 3.3757e-09
420 3.53858e-09
421 3.7087e-09
422 3.88634e-09
423 4.07183e-09
424 4.26547e-09
425 4.4676e-09
426 4.67857e-09
427 4.89873e-09
428 5.12846e-09
429 5.36814e-09
430 5.61817e-09
431 5.87898e-09
432 6.15097e-09
433 6.43462e-09
434 6.73036e-09
435 7.03869e-09
436 7.36008e-09
437 7.69506e-09
438 8.04415e-09
439 8.40788e-09
440 8.78683e-09
441 9.18155e-09
442 9.59265e-09
443 1.00207e-08
444 1.04664e-08
445 1.09304e-08
446 1.14132e-08
447 1.19157e-08
448 1.24384e-08
449 1.29821e-08
450 1.35475e-08
451 1.41354e-08
452 1.47465e-08
453 1.53815e-08
454 1.60413e-08
455 1.67267e-08
456 1.74385e-08
457 1.81774e-08
458 1.89445e-08
459 1.97404e-08
460 2.05661e-08
461 2.14225e-08
462 2.23105e-08
463 2.32309e-08
464 2.41848e-08
465 2.5173e-08
466 2.61965e-08
467 2.72563e-08
468 2.83534e-08
469 2.94889e-08
470 3.06636e-08
471 3.18787e-08
472 3.31353e-08
473 3.44344e-08
474 3.57771e-08
475 3.71647e-08
476 3.85982e-08
477 4.00789e-08
478 4.1608e-08
479 4.31867e-08
480 4.48165e-08
481 4.64985e-08
482 4.82343e-08
483 5.00253e-08
484 5.18729e-08
485 5.37787e-08
486 5.57443e-08
487 5.77713e-08
488 5.98615e-08
489 6.20167e-08
490 6.42386e-08
491 6.65293e-08
492 6.88907e-08
493 7.1325e-08
494 7.38342e-08
495 7.64206e-08
496 7.90865e-08
497 8.18343e-08
498 8.46665e-08
499 8.75858e-08
500 9.05946e-08
501 9.36959e-08
502 9.68923e-08
503 1.00187e-07
504 1.03583e-07
505 1.07082e-07
506 1.10689e-07
507 1.14407e-07
508 1.18238e-07
509 1.22186e-07
510 1.26255e-07
511 1.30447e-07
512 1.34766e-07
513 1.39216e-07
514 1.438e-07
515 1.48521e-07
516 1.53383e-07
517 1.58389e-07
518 1.63542e-07
519 1.68846e-07
520 1.74304e-07
521 1.79919e-07
522 1.85694e-07
523 1.91632e-07
524 1.97736e-07
525 2.04008e-07
526 2.10451e-07
527 2.17067e-07
528 2.23858e-07
529 2.30826e-07
530 2.37973e-07
531 2.45301e-07
532 2.52809e-07
533 2.605e-07
534 2.68375e-07
535 2.76433e-07
536 2.84676e-07
537 2.93102e-07
538 3.01713e-07
539 3.10506e-07
540 3.19483e-07
541 3.28641e-07
542 3.3798e-07
543 3.47498e-07
544 3.57194e-07
545 3.67066e-07
546 3.77112e-07
547 3.87331e-07
548 3.97719e-07
549 4.08276e-07
550 4.18998e-07
551 4.29885e-07
552 4.40933e-07
553 4.52141e-07
554 4.63506e-07
555 4.75028e-07
556 4.86705e-07
557 4.98536e-07
558 5.1052e-07
559 5.22656e-07
560 5.34944e-07
561 5.47386e-07
562 5.59981e-07
563 5.72732e-07
564 5.8564e-07
565 5.98709e-07
566 6.11942e-07
567 6.25343e-07
568 6.38917e-07
569 6.52671e-07
570 6.66611e-07
571 6.80745e-07
572 6.9508e-07
573 7.09628e-07
574 7.24397e-07
575 7.39399e-07
576 7.54646e-07
577 7.70152e-07
578 7.85929e-07
579 8.01993e-07
580 8.1836e-07
581 8.35044e-07
582 8.52064e-07
583 8.69436e-07
584 8.87179e-07
585 9.0531e-07
586 9.2385e-07
587 9.42816e-07
588 9.62229e-07
589 9.82106e-07
590 1.00247e-06
591 1.02333e-06
592 1.04472e-06
593 1.06664e-06
594 1.08913e-06
595 1.11218e-06
596 1.13583e-06
597 1.16007e-06
598 1.18493e-06
599 1.21042e-06
600 1.23654e-06
601 1.26331e-06
602 1.29072e-06
603 1.31879e-06
604 1.3475e-06
605 1.37687e-06
606 1.40689e-06
607 1.43755e-06
608 1.46883e-06
609 1.50073e-06
610 1.53324e-06
611 1.56632e-06
612 1.59995e-06
613 1.63412e-06
614 1.66879e-06
615 1.70392e-06
616 1.73948e-06
617 1.77543e-06
618 1.81173e-06
619 1.84831e-06
620 1.88515e-06
621 1.92217e-06
622 1.95932e-06
623 1.99655e-06
624 2.03378e-06
625 2.07096e-06
626 2.10801e-06
627 2.14486e-06
628 2.18144e-06
629 2.21768e-06
630 2.25349e-06
631 2.28881e-06
632 2.32356e-06
633 2.35765e-06
634 2.39101e-06
635 2.42357e-06
636 2.45524e-06
637 2.48596e-06
638 2.51565e-06
639 2.54424e-06
640 2.57166e-06
641 2.59786e-06
642 2.62276e-06
643 2.64631e-06
644 2.66847e-06
645 2.68918e-06
646 2.70841e-06
647 2.72611e-06
648 2.74227e-06
649 2.75687e-06
650 2.76988e-06
651 2.7813e-06
652 2.79114e-06
653 2.79941e-06
654 2.80612e-06
655 2.8113e-06
656 2.815e-06
657 2.81726e-06
658 2.81813e-06
659 2.81768e-06
660 2.816e-06
661 2.81315e-06
662 2.80925e-06
663 2.8044e-06
664 2.79871e-06
665 2.7923e-06
666 2.78531e-06
667 2.77788e-06
668 2.77017e-06
669 2.76233e-06
670 2.75452e-06
671 2.74693e-06
672 2.73973e-06
673 2.73311e-06
674 2.72726e-06
675 2.72239e-06
676 2.71868e-06
677 2.71634e-06
678 2.71559e-06
679 2.71663e-06
680 2.71967e-06
681 2.72491e-06
682 2.73257e-06
683 2.74285e-06
684 2.75596e-06
685 2.77208e-06
686 2.79143e-06
687 2.81417e-06
688 2.8405e-06
689 2.87059e-06
690 2.90459e-06
691 2.94266e-06
692 2.98495e-06
693 3.03157e-06
694 3.08266e-06
695 3.1383e-06
696 3.1986e-06
697 3.26361e-06
698 3.33339e-06
699 3.40799e-06
700 3.48742e-06
701 3.57168e-06
702 3.66076e-06
703 3.75462e-06
704 3.8532e-06
705 3.95642e-06
706 4.06419e-06
707 4.17638e-06
708 4.29286e-06
709 4.41346e-06
710 4.53799e-06
711 4.66627e-06
712 4.79805e-06
713 4.9331e-06
714 5.07115e-06
715 5.21191e-06
716 5.35509e-06
717 5.50036e-06
718 5.64737e-06
719 5.79578e-06
720 5.94521e-06
721 6.09528e-06
722 6.24557e-06
723 6.39568e-06
724 6.54519e-06
725 6.69365e-06
726 6.84062e-06
727 6.98565e-06
728 7.12829e-06
729 7.26807e-06
730 7.40453e-06
731 7.53719e-06
732 7.66561e-06
733 7.78931e-06
734 7.90783e-06
735 8.02072e-06
736 8.12755e-06
737 8.22786e-06
738 8.32124e-06
739 8.40727e-06
740 8.48556e-06
741 8.55572e-06
742 8.6174e-06
743 8.67024e-06
744 8.71394e-06
745 8.74818e-06
746 8.7727e-06
747 8.78725e-06
748 8.79162e-06
749 8.7856e-06
750 8.76904e-06
751 8.74181e-06
752 8.70383e-06
753 8.65501e-06
754 8.59535e-06
755 8.52486e-06
756 8.44357e-06
757 8.35157e-06
758 8.249e-06
759 8.136e-06
760 8.01278e-06
761 7.87959e-06
762 7.7367e-06
763 7.58443e-06
764 7.42315e-06
765 7.25326e-06
766 7.07519e-06
767 6.88943e-06
768 6.6965e-06
769 6.49695e-06
770 6.29138e-06
771 6.08042e-06
772 5.86474e-06
773 5.64504e-06
774 5.42206e-06
775 5.19657e-06
776 4.96938e-06
777 4.74131e-06
778 4.51323e-06
779 4.28604e-06
780 4.06064e-06
781 3.83798e-06
782 3.61903e-06
783 3.40476e-06
784 3.19619e-06
785 2.99434e-06
786 2.80024e-06
787 2.61495e-06
788 2.43954e-06
789 2.27508e-06
790 2.12265e-06
791 1.98335e-06
792 1.85828e-06
793 1.74852e-06
794 1.65517e-06
795 1.57935e-06
796 1.52213e-06
797 1.48462e-06
798 1.46788e-06
799 1.473e-06
800 1.50105e-06
801 1.55306e-06
802 1.63009e-06
803 1.73316e-06
804 1.86327e-06
805 2.02141e-06
806 2.20856e-06
807 2.42566e-06
808 2.67365e-06
809 2.95343e-06
810 3.26588e-06
811 3.61185e-06
812 3.99219e-06
813 4.40769e-06
814 4.85914e-06
815 5.34728e-06
816 5.87285e-06
817 6.43653e-06
818 7.03899e-06
819 7.68087e-06
820 8.36279e-06
821 9.08533e-06
822 9.84903e-06
823 1.06544e-05
824 1.1502e-05
825 1.23923e-05
826 1.33257e-05
827 1.43026e-05
828 1.53234e-05
829 1.63885e-05
830 1.74983e-05
831 1.86531e-05
832 1.98531e-05
833 2.10987e-05
834 2.23902e-05
835 2.37277e-05
836 2.51115e-05
837 2.6542e-05
838 2.80191e-05
839 2.95432e-05
840 3.11145e-05
841 3.27331e-05
842 3.43993e-05
843 3.61131e-05
844 3.78748e-05
845 3.96845e-05
846 4.15425e-05
847 4.34489e-05
848 4.54039e-05
849 4.74076e-05
850 4.94604e-05
851 5.15624e-05
852 5.37139e-05
853 5.59151e-05
854 5.81663e-05
855 6.04678e-05
856 6.282e-05
857 6.5223e-05
858 6.76774e-05
859 7.01836e-05
860 7.27419e-05
861 7.53528e-05
862 7.80169e-05
863 8.07346e-05
864 8.35066e-05
865 8.63334e-05
866 8.92158e-05
867 9.21545e-05
868 9.51501e-05
869 9.82035e-05
870 0.000101316
871 0.000104487
872 0.000107719
873 0.000111013
874 0.000114369
875 0.000117789
876 0.000121274
877 0.000124824
878 0.000128443
879 0.00013213
880 0.000135887
881 0.000139716
882 0.000143618
883 0.000147595
884 0.000151648
885 0.000155779
886 0.000159991
887 0.000164285
888 0.000168662
889 0.000173125
890 0.000177677
891 0.000182318
892 0.000187052
893 0.00019188
894 0.000196805
895 0.00020183
896 0.000206957
897 0.000212188
898 0.000217526
899 0.000222974
900 0.000228535
901 0.000234211
902 0.000240005
903 0.000245921
904 0.000251961
905 0.000258128
906 0.000264426
907 0.000270858
908 0.000277427
909 0.000284137
910 0.00029099
911 0.000297991
912 0.000305144
913 0.00031245
914 0.000319915
915 0.000327542
916 0.000335335
917 0.000343298
918 0.000351435
919 0.000359748
920 0.000368244
921 0.000376925
922 0.000385797
923 0.000394862
924 0.000404125
925 0.000413591
926 0.000423264
927 0.000433148
928 0.000443248
929 0.000453568
930 0.000464112
931 0.000474886
932 0.000485894
933 0.00049714
934 0.000508629
935 0.000520367
936 0.000532356
937 0.000544604
938 0.000557113
939 0.00056989
940 0.000582939
941 0.000596264
942 0.000609872
943 0.000623766
944 0.000637952
945 0.000652435
946 0.00066722
947 0.000682312
948 0.000697716
949 0.000713438
950 0.000729482
951 0.000745853
952 0.000762557
953 0.000779599
954 0.000796984
955 0.000814717
956 0.000832804
957 0.00085125
958 0.000870059
959 0.000889238
960 0.000908791
961 0.000928724
962 0.000949042
963 0.00096975
964 0.000990854
965 0.00101236
966 0.00103427
967 0.00105659
968 0.00107933
969 0.00110249
970 0.00112607
971 0.00115009
972 0.00117454
973 0.00119944
974 0.00122478
975 0.00125058
976 0.00127684
977 0.00130355
978 0.00133074
979 0.00135839
980 0.00138653
981 0.00141515
982 0.00144425
983 0.00147385
984 0.00150394
985 0.00153453
986 0.00156564
987 0.00159725
988 0.00162938
989 0.00166203
990 0.0016952
991 0.00172891
992 0.00176314
993 0.00179792
994 0.00183324
995 0.0018691
996 0.00190552
997 0.00194249
998 0.00198002
999 0.00201811
1000 0.00205677
1001 0.002096
1002 0.00213581
1003 0.00217619
1004 0.00221715
1005 0.0022587
1006 0.00230084
1007 0.00234357
1008 0.00238689
1009 0.00243081
1010 0.00247534
1011 0.00252046
1012 0.00256619
1013 0.00261254
1014 0.00265949
1015 0.00270705
1016 0.00275524
1017 0.00280404
1018 0.00285346
1019 0.0029035
1020 0.00295417
1021 0.00300546
1022 0.00305738
1023 0.00310992
1024 0.0031631
1025 0.00321691
1026 0.00327135
1027 0.00332642
1028 0.00338212
1029 0.00343846
1030 0.00349543
1031 0.00355303
1032 0.00361127
1033 0.00367014
1034 0.00372964
1035 0.00378978
1036 0.00385054
1037 0.00391194
1038 0.00397397
1039 0.00403662
1040 0.0040999
1041 0.00416381
1042 0.00422834
1043 0.00429349
1044 0.00435926
1045 0.00442564
1046 0.00449264
1047 0.00456025
1048 0.00462847
1049 0.00469729
1050 0.00476671
1051 0.00483672
1052 0.00490733
1053 0.00497853
1054 0.00505031
1055 0.00512268
1056 0.00519561
1057 0.00526912
1058 0.00534319
1059 0.00541782
1060 0.005493
1061 0.00556873
1062 0.005645
1063 0.0057218
1064 0.00579914
1065 0.00587699
1066 0.00595535
1067 0.00603422
1068 0.00611359
1069 0.00619345
1070 0.00627379
1071 0.00635461
1072 0.00643589
1073 0.00651762
1074 0.00659981
1075 0.00668243
1076 0.00676547
1077 0.00684894
1078 0.00693282
1079 0.00701709
1080 0.00710175
1081 0.00718678
1082 0.00727218
1083 0.00735793
1084 0.00744403
1085 0.00753045
1086 0.0076172
1087 0.00770425
1088 0.00779159
1089 0.00787922
1090 0.00796711
1091 0.00805525
1092 0.00814364
1093 0.00823225
1094 0.00832108
1095 0.00841011
1096 0.00849932
1097 0.0085887
1098 0.00867824
1099 0.00876792
1100 0.00885773
1101 0.00894764
1102 0.00903765
1103 0.00912774
1104 0.00921789
1105 0.00930808
1106 0.00939831
1107 0.00948855
1108 0.00957879
1109 0.00966901
1110 0.00975919
1111 0.00984932
1112 0.00993938
1113 0.0100293
1114 0.0101192
1115 0.0102089
1116 0.0102985
1117 0.010388
1118 0.0104772
1119 0.0105663
1120 0.0106551
1121 0.0107437
1122 0.0108321
1123 0.0109202
1124 0.0110079
1125 0.0110954
1126 0.0111826
1127 0.0112694
1128 0.0113558
1129 0.0114419
1130 0.0115275
1131 0.0116127
1132 0.0116975
1133 0.0117818
1134 0.0118656
1135 0.011949
1136 0.0120318
1137 0.012114
1138 0.0121957
1139 0.0122768
1140 0.0123574
1141 0.0124372
1142 0.0125165
1143 0.0125951
1144 0.012673
1145 0.0127502
1146 0.0128267
1147 0.0129025
1148 0.0129775
1149 0.0130517
1150 0.0131252
1151 0.0131978
1152 0.0132696
1153 0.0133405
1154 0.0134106
1155 0.0134798
1156 0.013548
1157 0.0136154
1158 0.0136818
1159 0.0137472
1160 0.0138117
1161 0.0138752
1162 0.0139377
1163 0.0139991
1164 0.0140595
1165 0.0141188
1166 0.014177
1167 0.0142342
1168 0.0142902
1169 0.0143451
1170 0.0143989
1171 0.0144514
1172 0.0145029
1173 0.0145531
1174 0.0146021
1175 0.0146499
1176 0.0146965
1177 0.0147418
1178 0.0147859
1179 0.0148287
1180 0.0148702
1181 0.0149103
1182 0.0149492
1183 0.0149868
1184 0.015023
1185 0.0150579
1186 0.0150914
1187 0.0151235
1188 0.0151543
1189 0.0151837
1190 0.0152117
1191 0.0152382
1192 0.0152634
1193 0.0152871
1194 0.0153094
1195 0.0153302
1196 0.0153496
1197 0.0153676
1198 0.015384
1199 0.015399
1200 0.0154126
1201 0.0154246
1202 0.0154352
1203 0.0154442
1204 0.0154518
1205 0.0154579
1206 0.0154625
1207 0.0154655
1208 0.0154671
1209 0.0154671
1210 0.0154657
1211 0.0154627
1212 0.0154582
1213 0.0154522
1214 0.0154447
1215 0.0154356
1216 0.0154251
1217 0.015413
1218 0.0153995
1219 0.0153844
1220 0.0153678
1221 0.0153497
1222 0.0153301
1223 0.0153091
1224 0.0152865
1225 0.0152624
1226 0.0152369
1227 0.0152099
1228 0.0151814
1229 0.0151515
1230 0.0151201
1231 0.0150872
1232 0.015053
1233 0.0150173
1234 0.0149801
1235 0.0149416
1236 0.0149016
1237 0.0148603
1238 0.0148175
1239 0.0147734
1240 0.0147279
1241 0.0146811
1242 0.0146329
1243 0.0145835
1244 0.0145326
1245 0.0144805
1246 0.0144271
1247 0.0143725
1248 0.0143165
1249 0.0142594
1250 0.0142009
1251 0.0141413
1252 0.0140805
1253 0.0140185
1254 0.0139553
1255 0.013891
1256 0.0138255
1257 0.0137589
1258 0.0136912
1259 0.0136224
1260 0.0135526
1261 0.0134817
1262 0.0134098
1263 0.0133368
1264 0.0132629
1265 0.013188
1266 0.0131122
1267 0.0130354
1268 0.0129577
1269 0.0128791
1270 0.0127996
1271 0.0127193
1272 0.0126382
1273 0.0125562
1274 0.0124734
1275 0.0123899
1276 0.0123057
1277 0.0122207
1278 0.012135
1279 0.0120486
1280 0.0119615
1281 0.0118739
1282 0.0117856
1283 0.0116967
1284 0.0116072
1285 0.0115172
1286 0.0114266
1287 0.0113356
1288 0.011244
1289 0.011152
1290 0.0110596
1291 0.0109667
1292 0.0108734
1293 0.0107798
1294 0.0106858
1295 0.0105915
1296 0.0104969
1297 0.010402
1298 0.0103068
1299 0.0102114
1300 0.0101158
1301 0.01002
1302 0.00992398
1303 0.00982783
1304 0.00973154
1305 0.00963514
1306 0.00953866
1307 0.0094421
1308 0.00934549
1309 0.00924886
1310 0.00915222
1311 0.00905559
1312 0.00895899
1313 0.00886245
1314 0.00876598
1315 0.0086696
1316 0.00857333
1317 0.00847719
1318 0.0083812
1319 0.00828538
1320 0.00818974
1321 0.00809431
1322 0.0079991
1323 0.00790413
1324 0.00780941
1325 0.00771497
1326 0.00762082
1327 0.00752697
1328 0.00743345
1329 0.00734026
1330 0.00724743
1331 0.00715497
1332 0.0070629
1333 0.00697122
1334 0.00687996
1335 0.00678912
1336 0.00669873
1337 0.00660879
1338 0.00651933
1339 0.00643034
1340 0.00634185
1341 0.00625386
1342 0.00616639
1343 0.00607945
1344 0.00599305
1345 0.00590721
1346 0.00582193
1347 0.00573722
1348 0.00565309
1349 0.00556956
1350 0.00548663
1351 0.00540431
1352 0.00532261
1353 0.00524154
1354 0.00516111
1355 0.00508133
1356 0.00500219
1357 0.00492372
1358 0.00484591
1359 0.00476877
1360 0.00469232
1361 0.00461655
1362 0.00454147
1363 0.00446709
1364 0.00439341
1365 0.00432043
1366 0.00424817
1367 0.00417662
1368 0.0041058
1369 0.00403569
1370 0.00396631
1371 0.00389766
1372 0.00382975
1373 0.00376257
1374 0.00369612
1375 0.00363042
1376 0.00356546
1377 0.00350124
1378 0.00343776
1379 0.00337503
1380 0.00331304
1381 0.0032518
1382 0.00319131
1383 0.00313156
1384 0.00307256
1385 0.00301431
1386 0.0029568
1387 0.00290003
1388 0.00284401
1389 0.00278873
1390 0.00273419
1391 0.00268039
1392 0.00262733
1393 0.002575
1394 0.0025234
1395 0.00247253
1396 0.00242239
1397 0.00237298
1398 0.00232428
1399 0.00227631
1400 0.00222905
1401 0.00218249
1402 0.00213665
1403 0.00209151
1404 0.00204707
1405 0.00200332
1406 0.00196027
1407 0.0019179
1408 0.00187621
1409 0.0018352
1410 0.00179486
1411 0.00175518
1412 0.00171617
1413 0.00167782
1414 0.00164011
1415 0.00160305
1416 0.00156664
1417 0.00153085
1418 0.0014957
1419 0.00146116
1420 0.00142725
1421 0.00139394
1422 0.00136124
1423 0.00132914
1424 0.00129763
1425 0.00126671
1426 0.00123636
1427 0.00120659
1428 0.00117739
1429 0.00114874
1430 0.00112065
1431 0.00109311
1432 0.00106611
1433 0.00103964
1434 0.0010137
1435 0.000988274
1436 0.000963366
1437 0.000938966
1438 0.000915065
1439 0.000891657
1440 0.000868736
1441 0.000846295
1442 0.000824327
1443 0.000802825
1444 0.000781783
1445 0.000761193
1446 0.000741049
1447 0.000721344
1448 0.000702072
1449 0.000683225
1450 0.000664798
1451 0.000646783
1452 0.000629173
1453 0.000611963
1454 0.000595145
1455 0.000578714
1456 0.000562662
1457 0.000546983
1458 0.00053167
1459 0.000516718
1460 0.00050212
1461 0.00048787
1462 0.000473961
1463 0.000460388
1464 0.000447144
1465 0.000434223
1466 0.000421619
1467 0.000409326
1468 0.000397338
1469 0.00038565
1470 0.000374255
1471 0.000363149
1472 0.000352324
1473 0.000341776
1474 0.000331499
1475 0.000321488
1476 0.000311737
1477 0.000302241
1478 0.000292994
1479 0.000283991
1480 0.000275228
1481 0.000266699
1482 0.000258399
1483 0.000250323
1484 0.000242466
1485 0.000234824
1486 0.000227392
1487 0.000220164
1488 0.000213137
1489 0.000206306
1490 0.000199666
1491 0.000193214
1492 0.000186944
1493 0.000180853
1494 0.000174936
1495 0.000169189
1496 0.000163608
1497 0.00015819
1498 0.000152929
1499 0.000147823
1500 0.000142868
1501 0.000138059
1502 0.000133394
1503 0.000128868
1504 0.000124479
1505 0.000120222
1506 0.000116095
1507 0.000112093
1508 0.000108215
1509 0.000104456
1510 0.000100813
1511 9.72835e-05
1512 9.38645e-05
1513 9.05528e-05
1514 8.73457e-05
1515 8.42403e-05
1516 8.12338e-05
1517 7.83236e-05
1518 7.55069e-05
1519 7.27812e-05
1520 7.01439e-05
1521 6.75926e-05
1522 6.51248e-05
1523 6.27382e-05
1524 6.04305e-05
1525 5.81993e-05
1526 5.60426e-05
1527 5.3958e-05
1528 5.19436e-05
1529 4.99972e-05
1530 4.81168e-05
1531 4.63005e-05
1532 4.45464e-05
1533 4.28526e-05
1534 4.12173e-05
1535 3.96386e-05
1536 3.81149e-05
1537 3.66445e-05
1538 3.52258e-05
1539 3.3857e-05
1540 3.25367e-05
1541 3.12634e-05
1542 3.00356e-05
1543 2.88518e-05
1544 2.77106e-05
1545 2.66106e-05
1546 2.55506e-05
1547 2.45293e-05
1548 2.35453e-05
1549 2.25975e-05
1550 2.16847e-05
1551 2.08057e-05
1552 1.99594e-05
1553 1.91447e-05
1554 1.83605e-05
1555 1.76059e-05
1556 1.68798e-05
1557 1.61813e-05
1558 1.55094e-05
1559 1.48631e-05
1560 1.42417e-05
1561 1.36443e-05
1562 1.307e-05
1563 1.25179e-05
1564 1.19875e-05
1565 1.14778e-05
1566 1.09881e-05
1567 1.05177e-05
1568 1.0066e-05
1569 9.63225e-06
1570 9.2158e-06
1571 8.81603e-06
1572 8.43235e-06
1573 8.06415e-06
1574 7.71086e-06
1575 7.37195e-06
1576 7.04687e-06
1577 6.73512e-06
1578 6.43618e-06
1579 6.14959e-06
1580 5.87486e-06
1581 5.61157e-06
1582 5.35926e-06
1583 5.11752e-06
1584 4.88595e-06
1585 4.66414e-06
1586 4.45173e-06
1587 4.24835e-06
1588 4.05364e-06
1589 3.86727e-06
1590 3.6889e-06
1591 3.51823e-06
1592 3.35494e-06
1593 3.19874e-06
1594 3.04934e-06
1595 2.90648e-06
1596 2.76989e-06
1597 2.63931e-06
1598 2.5145e-06
1599 2.39523e-06
1600 2.28126e-06
1601 2.17238e-06
1602 2.06838e-06
1603 1.96905e-06
1604 1.87421e-06
1605 1.78366e-06
1606 1.69722e-06
1607 1.61472e-06
1608 1.53599e-06
1609 1.46088e-06
1610 1.38922e-06
1611 1.32088e-06
1612 1.2557e-06
1613 1.19355e-06
1614 1.1343e-06
1615 1.07782e-06
1616 1.024e-06
1617 9.72709e-07
1618 9.23846e-07
1619 8.773e-07
1620 8.32969e-07
1621 7.90754e-07
1622 7.5056e-07
1623 7.12298e-07
1624 6.75881e-07
1625 6.41224e-07
1626 6.08249e-07
1627 5.76878e-07
1628 5.47039e-07
1629 5.18662e-07
1630 4.91679e-07
1631 4.66026e-07
1632 4.41642e-07
1633 4.18467e-07
1634 3.96446e-07
1635 3.75524e-07
1636 3.55649e-07
1637 3.36773e-07
1638 3.18848e-07
1639 3.01829e-07
1640 2.85673e-07
1641 2.70338e-07
1642 2.55786e-07
1643 2.41978e-07
1644 2.2888e-07
1645 2.16455e-07
1646 2.04673e-07
1647 1.935e-07
1648 1.82909e-07
1649 1.72869e-07
1650 1.63354e-07
1651 1.54338e-07
1652 1.45796e-07
1653 1.37705e-07
1654 1.30042e-07
1655 1.22785e-07
1656 1.15915e-07
1657 1.09411e-07
1658 1.03256e-07
1659 9.74312e-08
1660 9.19201e-08
1661 8.67067e-08
1662 8.17758e-08
1663 7.71127e-08
1664 7.27038e-08
1665 6.85358e-08
1666 6.45962e-08
1667 6.08732e-08
1668 5.73555e-08
1669 5.40322e-08
1670 5.08932e-08
1671 4.79287e-08
1672 4.51295e-08
1673 4.24869e-08
1674 3.99925e-08
1675 3.76383e-08
1676 3.5417e-08
1677 3.33212e-08
1678 3.13444e-08
1679 2.948e-08
1680 2.77219e-08
1681 2.60644e-08
1682 2.4502e-08
1683 2.30294e-08
1684 2.16418e-08
1685 2.03344e-08
1686 1.91028e-08
1687 1.79429e-08
1688 1.68506e-08
1689 1.58222e-08
1690 1.48541e-08
1691 1.3943e-08
1692 1.30855e-08
1693 1.22787e-08
1694 1.15198e-08
1695 1.0806e-08
1696 1.01347e-08
1697 9.50355e-09
1698 8.91021e-09
1699 8.35253e-09
1700 7.82844e-09
1701 7.33602e-09
1702 6.87342e-09
1703 6.43892e-09
1704 6.03087e-09
1705 5.64774e-09
1706 5.28806e-09
1707 4.95045e-09
1708 4.63363e-09
1709 4.33635e-09
1710 4.05746e-09
1711 3.79587e-09
1712 3.55055e-09
1713 3.32053e-09
1714 3.10488e-09
1715 2.90275e-09
1716 2.71332e-09
1717 2.53583e-09
1718 2.36954e-09
1719 2.21379e-09
1720 2.06792e-09
1721 1.93134e-09
1722 1.80348e-09
1723 1.68379e-09
1724 1.57178e-09
1725 1.46697e-09
1726 1.36892e-09
1727 1.27721e-09
1728 1.19144e-09
1729 1.11124e-09
1730 1.03626e-09
1731 9.66175e-10
1732 9.00677e-10
1733 8.39477e-10
1734 7.82302e-10
1735 7.28896e-10
1736 6.7902e-10
1737 6.32449e-10
1738 5.88972e-10
1739 5.48389e-10
1740 5.10515e-10
1741 4.75176e-10
1742 4.42207e-10
1743 4.11455e-10
1744 3.82776e-10
1745 3.56034e-10
1746 3.31104e-10
1747 3.07867e-10
1748 2.86211e-10
1749 2.66032e-10
1750 2.47234e-10
1751 2.29724e-10
1752 2.13418e-10
1753 1.98235e-10
1754 1.841e-10
1755 1.70943e-10
1756 1.587e-10
1757 1.47307e-10
1758 1.36709e-10
1759 1.26851e-10
1760 1.17684e-10
1761 1.0916e-10
1762 1.01236e-10
1763 9.38713e-11
1764 8.7027e-11
1765 8.06676e-11
1766 7.47599e-11
1767 6.92728e-11
1768 6.41772e-11
1769 5.94461e-11
1770 5.50542e-11
1771 5.09779e-11
1772 4.71951e-11
1773 4.36854e-11
1774 4.04296e-11
1775 3.74099e-11
1776 3.46097e-11
1777 3.20135e-11
1778 2.96069e-11
1779 2.73764e-11
1780 2.53095e-11
1781 2.33945e-11
1782 2.16206e-11
1783 1.99777e-11
1784 1.84564e-11
1785 1.7048e-11
1786 1.57442e-11
1787 1.45377e-11
1788 1.34212e-11
1789 1.23882e-11
1790 1.14328e-11
1791 1.05492e-11
1792 9.73214e-12
1793 8.97679e-12
1794 8.2786e-12
1795 7.63337e-12
1796 7.03718e-12
1797 6.4864e-12
1798 5.97768e-12
1799 5.50787e-12
1800 5.07409e-12
1801 4.67365e-12
1802 4.30404e-12
1803 3.96296e-12
1804 3.64826e-12
1805 3.35795e-12
1806 3.09019e-12
1807 2.84328e-12
1808 2.61563e-12
1809 2.40578e-12
1810 2.21237e-12
1811 2.03415e-12
1812 1.86995e-12
1813 1.7187e-12
1814 1.5794e-12
1815 1.45113e-12
1816 1.33303e-12
1817 1.22433e-12
1818 1.1243e-12
1819 1.03225e-12
1820 9.47566e-13
1821 8.69674e-13
1822 7.98043e-13
1823 7.3218e-13
1824 6.71632e-13
1825 6.1598e-13
1826 5.64838e-13
1827 5.17849e-13
1828 4.74684e-13
1829 4.35038e-13
1830 3.98632e-13
1831 3.65206e-13
1832 3.34523e-13
1833 3.06363e-13
1834 2.80522e-13
1835 2.56815e-13
1836 2.35069e-13
1837 2.15125e-13
1838 1.96838e-13
1839 1.80072e-13
1840 1.64705e-13
1841 1.50622e-13
1842 1.37718e-13
1843 1.25897e-13
1844 1.1507e-13
1845 1.05155e-13
1846 9.60765e-14
1847 8.7766e-14
1848 8.01598e-14
1849 7.31994e-14
1850 6.68313e-14
1851 6.10061e-14
1852 5.56785e-14
1853 5.08069e-14
1854 4.63531e-14
1855 4.22821e-14
1856 3.85615e-14
1857 3.51619e-14
1858 3.20562e-14
1859 2.92194e-14
1860 2.66289e-14
1861 2.42635e-14
1862 2.21043e-14
1863 2.01335e-14
1864 1.8335e-14
1865 1.66942e-14
1866 1.51974e-14
1867 1.38322e-14
1868 1.25874e-14
1869 1.14526e-14
1870 1.04181e-14
1871 9.47531e-15
1872 8.61626e-15
1873 7.83367e-15
1874 7.12084e-15
1875 6.47168e-15
1876 5.88063e-15
1877 5.34257e-15
1878 4.85285e-15
1879 4.4072e-15
1880 4.00174e-15
1881 3.63292e-15
1882 3.29748e-15
1883 2.99245e-15
1884 2.71515e-15
1885 2.46308e-15
1886 2.23401e-15
1887 2.02586e-15
1888 1.83677e-15
1889 1.66502e-15
1890 1.50905e-15
1891 1.36743e-15
1892 1.23888e-15
1893 1.12221e-15
1894 1.01633e-15
1895 9.20273e-16
1896 8.3314e-16
1897 7.54116e-16
1898 6.82462e-16
1899 6.17501e-16
1900 5.5862e-16
1901 5.05259e-16
1902 4.56911e-16
1903 4.13112e-16
1904 3.73442e-16
1905 3.37518e-16
1906 3.04994e-16
1907 2.75552e-16
1908 2.48906e-16
1909 2.24795e-16
1910 2.02982e-16
1911 1.83251e-16
1912 1.65407e-16
1913 1.49272e-16
1914 1.34687e-16
1915 1.21504e-16
1916 1.0959e-16
1917 9.88266e-17
1918 8.91034e-17
1919 8.03218e-17
1920 7.23921e-17
1921 6.52331e-17
1922 5.8771e-17
1923 5.29391e-17
1924 4.76769e-17
1925 4.29298e-17
1926 3.86481e-17
1927 3.47869e-17
1928 3.13055e-17
1929 2.81673e-17
1930 2.53389e-17
1931 2.27902e-17
1932 2.04941e-17
1933 1.84258e-17
1934 1.65631e-17
1935 1.48859e-17
1936 1.3376e-17
1937 1.2017e-17
1938 1.07941e-17
1939 9.69374e-18
1940 8.70394e-18
1941 7.81373e-18
1942 7.01324e-18
1943 6.29357e-18
1944 5.64668e-18
1945 5.06533e-18
1946 4.54296e-18
1947 4.0737e-18
1948 3.65222e-18
1949 3.27373e-18
1950 2.9339e-18
1951 2.62885e-18
1952 2.35508e-18
1953 2.10941e-18
1954 1.88902e-18
1955 1.69132e-18
1956 1.51404e-18
1957 1.35507e-18
1958 1.21257e-18
1959 1.08485e-18
1960 9.70393e-19
1961 8.67849e-19
1962 7.75994e-19
1963 6.93728e-19
1964 6.20066e-19
1965 5.5412e-19
1966 4.95093e-19
1967 4.42269e-19
1968 3.95006e-19
1969 3.52727e-19
1970 3.14913e-19
1971 2.81099e-19
1972 2.50867e-19
1973 2.23845e-19
1974 1.99695e-19
1975 1.78116e-19
1976 1.58838e-19
1977 1.4162e-19
1978 1.26244e-19
1979 1.12516e-19
1980 1.00261e-19
1981 8.93244e-20
1982 7.95651e-20
1983 7.08583e-20
1984 6.30922e-20
1985 5.61664e-20
1986 4.99911e-20
1987 4.44862e-20
1988 3.95798e-20
1989 3.52076e-20
1990 3.13124e-20
1991 2.78426e-20
1992 2.47525e-20
1993 2.20009e-20
1994 1.95514e-20
1995 1.73712e-20
1996 1.5431e-20
1997 1.37048e-20
1998 1.21692e-20
1999 1.08035e-20
2000 9.5891e-21
2001 8.50946e-21
2002 7.5498e-21
2003 6.69697e-21
2004 5.93922e-21
2005 5.26607e-21
2006 4.66821e-21
2007 4.13729e-21
2008 3.66594e-21
2009 3.24754e-21
2010 2.87621e-21
2011 2.54673e-21
2012 2.25444e-21
2013 1.99518e-21
2014 1.76528e-21
2015 1.56144e-21
2016 1.38075e-21
2017 1.2206e-21
2018 1.0787e-21
2019 9.52984e-22
2020 8.41628e-22
2021 7.43012e-22
2022 6.55698e-22
2023 5.78404e-22
2024 5.09995e-22
2025 4.49461e-22
2026 3.95907e-22
2027 3.48536e-22
2028 3.06645e-22
2029 2.69606e-22
2030 2.36867e-22
2031 2.07933e-22
2032 1.82367e-22
2033 1.59785e-22
2034 1.39843e-22
2035 1.22236e-22
2036 1.06696e-22
2037 9.29846e-23
2038 8.08917e-23
2039 7.02304e-23
2040 6.08355e-23
2041 5.25605e-23
2042 4.52776e-23
2043 3.88721e-23
2044 3.32437e-23
2045 2.8304e-23
2046 2.39745e-23
2047 2.01866e-23
