0 7.28177e-38
1 5.22614e-38
2 3.61004e-38
3 2.38045e-38
4 1.49435e-38
5 9.18128e-39
6 6.30715e-39
7 6.20987e-39
8 8.85515e-39
9 1.43031e-38
10 2.27178e-38
11 3.43333e-38
12 4.95059e-38
13 6.86912e-38
14 9.2473e-38
15 1.21625e-37
16 1.57003e-37
17 1.99714e-37
18 2.51104e-37
19 3.12758e-37
20 3.86572e-37
21 4.74829e-37
22 5.80254e-37
23 7.06064e-37
24 8.56241e-37
25 1.0353e-36
26 1.24872e-36
27 1.50311e-36
28 1.80613e-36
29 2.16704e-36
30 2.59687e-36
31 3.10863e-36
32 3.71773e-36
33 4.44246e-36
34 5.30468e-36
35 6.33049e-36
36 7.55055e-36
37 9.00078e-36
38 1.07246e-35
39 1.27734e-35
40 1.52078e-35
41 1.80999e-35
42 2.15344e-35
43 2.56127e-35
44 3.04541e-35
45 3.61999e-35
46 4.30186e-35
47 5.11079e-35
48 6.07017e-35
49 7.20786e-35
50 8.5567e-35
51 1.01554e-34
52 1.205e-34
53 1.42944e-34
54 1.6953e-34
55 2.01019e-34
56 2.38291e-34
57 2.82414e-34
58 3.34643e-34
59 3.96435e-34
60 4.69515e-34
61 5.55925e-34
62 6.58144e-34
63 7.78962e-34
64 9.21721e-34
65 1.09045e-33
66 1.28978e-33
67 1.52519e-33
68 1.8031e-33
69 2.13124e-33
70 2.51854e-33
71 2.97558e-33
72 3.51467e-33
73 4.15049e-33
74 4.90061e-33
75 5.7846e-33
76 6.82649e-33
77 8.05464e-33
78 9.50135e-33
79 1.12053e-32
80 1.32124e-32
81 1.55752e-32
82 1.83561e-32
83 2.1629e-32
84 2.54799e-32
85 3.00089e-32
86 3.53347e-32
87 4.15994e-32
88 4.89623e-32
89 5.76139e-32
90 6.77804e-32
91 7.97227e-32
92 9.37493e-32
93 1.10216e-31
94 1.29547e-31
95 1.52237e-31
96 1.78859e-31
97 2.10089e-31
98 2.46719e-31
99 2.89673e-31
100 3.4002e-31
101 3.99032e-31
102 4.68191e-31
103 5.49205e-31
104 6.44096e-31
105 7.55217e-31
106 8.85303e-31
107 1.03757e-30
108 1.21576e-30
109 1.42423e-30
110 1.66808e-30
111 1.95325e-30
112 2.28666e-30
113 2.6764e-30
114 3.13188e-30
115 3.66403e-30
116 4.28567e-30
117 5.01167e-30
118 5.85938e-30
119 6.84899e-30
120 8.00395e-30
121 9.35153e-30
122 1.09236e-29
123 1.27573e-29
124 1.48952e-29
125 1.73879e-29
126 2.02931e-29
127 2.36784e-29
128 2.76226e-29
129 3.22162e-29
130 3.75657e-29
131 4.37939e-29
132 5.10434e-29
133 5.94792e-29
134 6.92937e-29
135 8.07108e-29
136 9.3988e-29
137 1.09424e-28
138 1.27367e-28
139 1.4822e-28
140 1.72446e-28
141 2.0059e-28
142 2.33274e-28
143 2.71223e-28
144 3.15275e-28
145 3.66401e-28
146 4.25722e-28
147 4.94533e-28
148 5.74346e-28
149 6.66882e-28
150 7.74158e-28
151 8.98489e-28
152 1.04255e-27
153 1.20945e-27
154 1.40275e-27
155 1.62659e-27
156 1.88571e-27
157 2.18563e-27
158 2.53269e-27
159 2.93419e-27
160 3.39862e-27
161 3.93567e-27
162 4.55657e-27
163 5.27426e-27
164 6.10363e-27
165 7.06187e-27
166 8.16871e-27
167 9.44695e-27
168 1.09228e-26
169 1.26265e-26
170 1.45927e-26
171 1.68613e-26
172 1.94783e-26
173 2.24966e-26
174 2.59768e-26
175 2.99888e-26
176 3.46129e-26
177 3.99412e-26
178 4.60796e-26
179 5.31497e-26
180 6.12911e-26
181 7.0664e-26
182 8.14524e-26
183 9.38672e-26
184 1.0815e-25
185 1.24579e-25
186 1.43472e-25
187 1.65194e-25
188 1.90163e-25
189 2.18857e-25
190 2.51825e-25
191 2.89695e-25
192 3.33185e-25
193 3.8312e-25
194 4.40441e-25
195 5.06225e-25
196 5.81705e-25
197 6.68291e-25
198 7.67592e-25
199 8.81452e-25
200 1.01198e-24
201 1.16157e-24
202 1.33298e-24
203 1.52934e-24
204 1.75423e-24
205 2.01174e-24
206 2.30654e-24
207 2.64395e-24
208 3.03004e-24
209 3.47173e-24
210 3.97691e-24
211 4.5546e-24
212 5.21503e-24
213 5.9699e-24
214 6.83252e-24
215 7.81804e-24
216 8.94372e-24
217 1.02292e-23
218 1.16969e-23
219 1.33722e-23
220 1.5284e-23
221 1.74653e-23
222 1.99536e-23
223 2.27913e-23
224 2.60268e-23
225 2.97152e-23
226 3.39187e-23
227 3.87085e-23
228 4.41649e-23
229 5.03794e-23
230 5.74558e-23
231 6.55118e-23
232 7.4681e-23
233 8.51149e-23
234 9.69854e-23
235 1.10487e-22
236 1.25841e-22
237 1.43297e-22
238 1.63139e-22
239 1.85688e-22
240 2.11307e-22
241 2.40408e-22
242 2.73456e-22
243 3.1098e-22
244 3.53574e-22
245 4.01914e-22
246 4.56762e-22
247 5.1898e-22
248 5.89543e-22
249 6.69551e-22
250 7.60249e-22
251 8.63042e-22
252 9.79515e-22
253 1.11146e-21
254 1.2609e-21
255 1.43011e-21
256 1.62166e-21
257 1.83846e-21
258 2.08378e-21
259 2.3613e-21
260 2.67519e-21
261 3.03012e-21
262 3.43138e-21
263 3.8849e-21
264 4.39737e-21
265 4.97633e-21
266 5.63025e-21
267 6.36868e-21
268 7.20234e-21
269 8.1433e-21
270 9.20515e-21
271 1.04031e-20
272 1.17544e-20
273 1.32782e-20
274 1.49963e-20
275 1.69328e-20
276 1.91153e-20
277 2.15742e-20
278 2.43441e-20
279 2.74635e-20
280 3.09758e-20
281 3.49297e-20
282 3.93796e-20
283 4.43866e-20
284 5.00194e-20
285 5.63546e-20
286 6.34784e-20
287 7.14871e-20
288 8.04886e-20
289 9.06039e-20
290 1.01968e-19
291 1.14733e-19
292 1.29068e-19
293 1.45162e-19
294 1.63228e-19
295 1.83502e-19
296 2.06249e-19
297 2.31765e-19
298 2.60382e-19
299 2.92468e-19
300 3.28437e-19
301 3.68748e-19
302 4.13917e-19
303 4.64516e-19
304 5.21186e-19
305 5.84642e-19
306 6.55678e-19
307 7.35183e-19
308 8.24147e-19
309 9.23671e-19
310 1.03498e-18
311 1.15945e-18
312 1.2986e-18
313 1.45412e-18
314 1.6279e-18
315 1.82205e-18
316 2.03888e-18
317 2.28102e-18
318 2.55133e-18
319 2.85303e-18
320 3.18969e-18
321 3.56527e-18
322 3.98418e-18
323 4.4513e-18
324 4.97206e-18
325 5.5525e-18
326 6.19931e-18
327 6.91989e-18
328 7.7225e-18
329 8.61626e-18
330 9.6113e-18
331 1.07189e-17
332 1.19514e-17
333 1.33226e-17
334 1.48479e-17
335 1.65441e-17
336 1.843e-17
337 2.05263e-17
338 2.2856e-17
339 2.54446e-17
340 2.83201e-17
341 3.15137e-17
342 3.50597e-17
343 3.89962e-17
344 4.33653e-17
345 4.82134e-17
346 5.35919e-17
347 5.95575e-17
348 6.61729e-17
349 7.35072e-17
350 8.16369e-17
351 9.06462e-17
352 1.00628e-16
353 1.11685e-16
354 1.23931e-16
355 1.37489e-16
356 1.52498e-16
357 1.69109e-16
358 1.8749e-16
359 2.07823e-16
360 2.30311e-16
361 2.55178e-16
362 2.82668e-16
363 3.13051e-16
364 3.46625e-16
365 3.83716e-16
366 4.24682e-16
367 4.69919e-16
368 5.1986e-16
369 5.7498e-16
370 6.35805e-16
371 7.02907e-16
372 7.76918e-16
373 8.58529e-16
374 9.48499e-16
375 1.04766e-15
376 1.15693e-15
377 1.27731e-15
378 1.40989e-15
379 1.55588e-15
380 1.71659e-15
381 1.89347e-15
382 2.08811e-15
383 2.30222e-15
384 2.5377e-15
385 2.79663e-15
386 3.08128e-15
387 3.39412e-15
388 3.73787e-15
389 4.11549e-15
390 4.53022e-15
391 4.98562e-15
392 5.48554e-15
393 6.03423e-15
394 6.6363e-15
395 7.29679e-15
396 8.02122e-15
397 8.81559e-15
398 9.68647e-15
399 1.0641e-14
400 1.16871e-14
401 1.28331e-14
402 1.40884e-14
403 1.54631e-14
404 1.69683e-14
405 1.86159e-14
406 2.04191e-14
407 2.23922e-14
408 2.45507e-14
409 2.69114e-14
410 2.94929e-14
411 3.23152e-14
412 3.54001e-14
413 3.87713e-14
414 4.24546e-14
415 4.6478e-14
416 5.0872e-14
417 5.56697e-14
418 6.09071e-14
419 6.66233e-14
420 7.28606e-14
421 7.96651e-14
422 8.70866e-14
423 9.51795e-14
424 1.04002e-13
425 1.13619e-13
426 1.24098e-13
427 1.35515e-13
428 1.4795e-13
429 1.61492e-13
430 1.76234e-13
431 1.9228e-13
432 2.09742e-13
433 2.28738e-13
434 2.494e-13
435 2.71867e-13
436 2.96292e-13
437 3.22838e-13
438 3.51683e-13
439 3.83018e-13
440 4.17048e-13
441 4.53998e-13
442 4.94107e-13
443 5.37635e-13
444 5.8486e-13
445 6.36085e-13
446 6.91634e-13
447 7.51857e-13
448 8.17131e-13
449 8.87862e-13
450 9.64487e-13
451 1.04748e-12
452 1.13734e-12
453 1.23462e-12
454 1.3399e-12
455 1.45382e-12
456 1.57705e-12
457 1.71033e-12
458 1.85444e-12
459 2.01022e-12
460 2.17859e-12
461 2.36051e-12
462 2.55704e-12
463 2.7693e-12
464 2.9985e-12
465 3.24594e-12
466 3.51302e-12
467 3.80123e-12
468 4.11218e-12
469 4.44761e-12
470 4.80935e-12
471 5.1994e-12
472 5.61989e-12
473 6.07311e-12
474 6.5615e-12
475 7.0877e-12
476 7.65452e-12
477 8.26497e-12
478 8.9223e-12
479 9.62995e-12
480 1.03916e-11
481 1.12113e-11
482 1.20933e-11
483 1.3042e-11
484 1.40624e-11
485 1.51596e-11
486 1.63391e-11
487 1.7607e-11
488 1.89695e-11
489 2.04333e-11
490 2.20057e-11
491 2.36944e-11
492 2.55075e-11
493 2.74537e-11
494 2.95425e-11
495 3.17836e-11
496 3.41876e-11
497 3.67658e-11
498 3.95301e-11
499 4.24931e-11
500 4.56683e-11
501 4.90701e-11
502 5.27136e-11
503 5.66151e-11
504 6.07916e-11
505 6.52613e-11
506 7.00435e-11
507 7.51585e-11
508 8.06282e-11
509 8.64752e-11
510 9.2724e-11
511 9.94002e-11
512 1.06531e-10
513 1.14145e-10
514 1.22273e-10
515 1.30947e-10
516 1.40201e-10
517 1.5007e-10
518 1.60594e-10
519 1.71812e-10
520 1.83766e-10
521 1.96501e-10
522 2.10065e-10
523 2.24508e-10
524 2.39882e-10
525 2.56243e-10
526 2.7365e-10
527 2.92166e-10
528 3.11856e-10
529 3.32789e-10
530 3.55039e-10
531 3.78683e-10
532 4.03803e-10
533 4.30485e-10
534 4.5882e-10
535 4.88905e-10
536 5.20841e-10
537 5.54737e-10
538 5.90704e-10
539 6.28864e-10
540 6.69343e-10
541 7.12274e-10
542 7.578e-10
543 8.06068e-10
544 8.57237e-10
545 9.11473e-10
546 9.6895e-10
547 1.02986e-09
548 1.09438e-09
549 1.16274e-09
550 1.23514e-09
551 1.31182e-09
552 1.39302e-09
553 1.47898e-09
554 1.56998e-09
555 1.66631e-09
556 1.76825e-09
557 1.87611e-09
558 1.99023e-09
559 2.11095e-09
560 2.23863e-09
561 2.37365e-09
562 2.51639e-09
563 2.66728e-09
564 2.82676e-09
565 2.99527e-09
566 3.17328e-09
567 3.3613e-09
568 3.55984e-09
569 3.76944e-09
570 3.99064e-09
571 4.22405e-09
572 4.47026e-09
573 4.7299e-09
574 5.00362e-09
575 5.2921e-09
576 5.59604e-09
577 5.91615e-09
578 6.25319e-09
579 6.60792e-09
580 6.98115e-09
581 7.37369e-09
582 7.78639e-09
583 8.22012e-09
584 8.67577e-09
585 9.15425e-09
586 9.65652e-09
587 1.01835e-08
588 1.07363e-08
589 1.13158e-08
590 1.19232e-08
591 1.25593e-08
592 1.32255e-08
593 1.39227e-08
594 1.46522e-08
595 1.54151e-08
596 1.62125e-08
597 1.70458e-08
598 1.79162e-08
599 1.8825e-08
600 1.97735e-08
601 2.0763e-08
602 2.17951e-08
603 2.2871e-08
604 2.39924e-08
605 2.51607e-08
606 2.63775e-08
607 2.76445e-08
608 2.89634e-08
609 3.03358e-08
610 3.17638e-08
611 3.32491e-08
612 3.47937e-08
613 3.63998e-08
614 3.80695e-08
615 3.98051e-08
616 4.1609e-08
617 4.34837e-08
618 4.54319e-08
619 4.74562e-08
620 4.95597e-08
621 5.17454e-08
622 5.40166e-08
623 5.63767e-08
624 5.88293e-08
625 6.13782e-08
626 6.40275e-08
627 6.67813e-08
628 6.96442e-08
629 7.26207e-08
630 7.5716e-08
631 7.8935e-08
632 8.22833e-08
633 8.57667e-08
634 8.93909e-08
635 9.31624e-08
636 9.70876e-08
637 1.01173e-07
638 1.05427e-07
639 1.09855e-07
640 1.14466e-07
641 1.19267e-07
642 1.24267e-07
643 1.29474e-07
644 1.34896e-07
645 1.40542e-07
646 1.46422e-07
647 1.52545e-07
648 1.58919e-07
649 1.65554e-07
650 1.72461e-07
651 1.79647e-07
652 1.87123e-07
653 1.94899e-07
654 2.02984e-07
655 2.11387e-07
656 2.20117e-07
657 2.29184e-07
658 2.38595e-07
659 2.4836e-07
660 2.58486e-07
661 2.68981e-07
662 2.79852e-07
663 2.91104e-07
664 3.02745e-07
665 3.14777e-07
666 3.27207e-07
667 3.40036e-07
668 3.53268e-07
669 3.66904e-07
670 3.80943e-07
671 3.95386e-07
672 4.10229e-07
673 4.2547e-07
674 4.41105e-07
675 4.57126e-07
676 4.73528e-07
677 4.903e-07
678 5.07434e-07
679 5.24917e-07
680 5.42736e-07
681 5.60877e-07
682 5.79323e-07
683 5.98058e-07
684 6.17063e-07
685 6.36316e-07
686 6.55797e-07
687 6.75483e-07
688 6.95351e-07
689 7.15374e-07
690 7.35528e-07
691 7.55786e-07
692 7.7612e-07
693 7.96503e-07
694 8.16907e-07
695 8.37303e-07
696 8.57664e-07
697 8.77961e-07
698 8.98168e-07
699 9.18257e-07
700 9.38204e-07
701 9.57985e-07
702 9.77577e-07
703 9.96959e-07
704 1.01611e-06
705 1.03502e-06
706 1.05368e-06
707 1.07207e-06
708 1.09018e-06
709 1.10802e-06
710 1.12559e-06
711 1.14289e-06
712 1.15994e-06
713 1.17675e-06
714 1.19333e-06
715 1.20973e-06
716 1.22598e-06
717 1.2421e-06
718 1.25816e-06
719 1.2742e-06
720 1.29029e-06
721 1.30648e-06
722 1.32286e-06
723 1.33951e-06
724 1.35652e-06
725 1.37398e-06
726 1.392e-06
727 1.41069e-06
728 1.43017e-06
729 1.45057e-06
730 1.47203e-06
731 1.49468e-06
732 1.51867e-06
733 1.54415e-06
734 1.57129e-06
735 1.60025e-06
736 1.63121e-06
737 1.66433e-06
738 1.69979e-06
739 1.73778e-06
740 1.77849e-06
741 1.82209e-06
742 1.86878e-06
743 1.91875e-06
744 1.97217e-06
745 2.02925e-06
746 2.09015e-06
747 2.15506e-06
748 2.22416e-06
749 2.2976e-06
750 2.37556e-06
751 2.45819e-06
752 2.54562e-06
753 2.638e-06
754 2.73545e-06
755 2.83808e-06
756 2.94598e-06
757 3.05923e-06
758 3.17791e-06
759 3.30205e-06
760 3.43168e-06
761 3.56682e-06
762 3.70746e-06
763 3.85356e-06
764 4.00506e-06
765 4.16189e-06
766 4.32396e-06
767 4.49112e-06
768 4.66324e-06
769 4.84013e-06
770 5.02159e-06
771 5.20738e-06
772 5.39727e-06
773 5.59095e-06
774 5.78812e-06
775 5.98844e-06
776 6.19155e-06
777 6.39706e-06
778 6.60456e-06
779 6.81359e-06
780 7.02371e-06
781 7.23442e-06
782 7.44522e-06
783 7.65557e-06
784 7.86493e-06
785 8.07272e-06
786 8.27837e-06
787 8.48128e-06
788 8.68084e-06
789 8.87642e-06
790 9.06741e-06
791 9.25317e-06
792 9.43305e-06
793 9.60643e-06
794 9.77266e-06
795 9.93112e-06
796 1.00812e-05
797 1.02222e-05
798 1.03537e-05
799 1.0475e-05
800 1.05855e-05
801 1.06847e-05
802 1.07721e-05
803 1.08473e-05
804 1.09098e-05
805 1.09591e-05
806 1.09949e-05
807 1.10169e-05
808 1.10248e-05
809 1.10184e-05
810 1.09975e-05
811 1.0962e-05
812 1.09118e-05
813 1.08469e-05
814 1.07675e-05
815 1.06737e-05
816 1.05656e-05
817 1.04437e-05
818 1.03082e-05
819 1.01596e-05
820 9.99839e-06
821 9.82527e-06
822 9.64092e-06
823 9.44613e-06
824 9.24178e-06
825 9.02885e-06
826 8.8084e-06
827 8.5816e-06
828 8.3497e-06
829 8.11406e-06
830 7.87613e-06
831 7.63745e-06
832 7.39965e-06
833 7.16449e-06
834 6.93378e-06
835 6.70947e-06
836 6.49356e-06
837 6.28818e-06
838 6.09554e-06
839 5.91794e-06
840 5.75776e-06
841 5.61748e-06
842 5.49968e-06
843 5.40699e-06
844 5.34214e-06
845 5.30796e-06
846 5.30733e-06
847 5.34321e-06
848 5.41863e-06
849 5.53672e-06
850 5.70063e-06
851 5.9136e-06
852 6.17895e-06
853 6.50002e-06
854 6.88023e-06
855 7.32304e-06
856 7.83198e-06
857 8.41061e-06
858 9.06253e-06
859 9.7914e-06
860 1.06009e-05
861 1.14947e-05
862 1.24767e-05
863 1.35505e-05
864 1.47201e-05
865 1.59892e-05
866 1.73618e-05
867 1.88416e-05
868 2.04326e-05
869 2.21388e-05
870 2.3964e-05
871 2.59122e-05
872 2.79875e-05
873 3.01937e-05
874 3.25349e-05
875 3.5015e-05
876 3.76382e-05
877 4.04084e-05
878 4.33296e-05
879 4.6406e-05
880 4.96415e-05
881 5.30404e-05
882 5.66066e-05
883 6.03443e-05
884 6.42576e-05
885 6.83507e-05
886 7.26278e-05
887 7.7093e-05
888 8.17507e-05
889 8.6605e-05
890 9.16603e-05
891 9.69209e-05
892 0.000102391
893 0.000108076
894 0.000113979
895 0.000120105
896 0.000126459
897 0.000133045
898 0.000139868
899 0.000146933
900 0.000154245
901 0.000161809
902 0.000169629
903 0.000177711
904 0.000186061
905 0.000194683
906 0.000203582
907 0.000212766
908 0.000222238
909 0.000232005
910 0.000242074
911 0.000252449
912 0.000263138
913 0.000274146
914 0.000285481
915 0.000297148
916 0.000309156
917 0.00032151
918 0.000334218
919 0.000347288
920 0.000360727
921 0.000374542
922 0.000388743
923 0.000403337
924 0.000418332
925 0.000433737
926 0.000449561
927 0.000465813
928 0.000482502
929 0.000499638
930 0.00051723
931 0.000535288
932 0.000553823
933 0.000572844
934 0.000592363
935 0.00061239
936 0.000632937
937 0.000654014
938 0.000675633
939 0.000697806
940 0.000720546
941 0.000743863
942 0.000767772
943 0.000792284
944 0.000817412
945 0.000843169
946 0.00086957
947 0.000896627
948 0.000924354
949 0.000952765
950 0.000981875
951 0.0010117
952 0.00104225
953 0.00107354
954 0.00110559
955 0.00113841
956 0.00117202
957 0.00120643
958 0.00124166
959 0.00127773
960 0.00131464
961 0.00135242
962 0.00139108
963 0.00143065
964 0.00147112
965 0.00151253
966 0.00155488
967 0.0015982
968 0.00164249
969 0.00168778
970 0.00173409
971 0.00178143
972 0.00182981
973 0.00187925
974 0.00192977
975 0.00198139
976 0.00203412
977 0.00208798
978 0.00214298
979 0.00219914
980 0.00225647
981 0.002315
982 0.00237474
983 0.00243569
984 0.00249789
985 0.00256133
986 0.00262604
987 0.00269204
988 0.00275932
989 0.00282792
990 0.00289784
991 0.00296909
992 0.0030417
993 0.00311566
994 0.003191
995 0.00326772
996 0.00334584
997 0.00342536
998 0.0035063
999 0.00358867
1000 0.00367247
1001 0.00375772
1002 0.00384442
1003 0.00393258
1004 0.0040222
1005 0.00411331
1006 0.00420589
1007 0.00429995
1008 0.00439551
1009 0.00449255
1010 0.0045911
1011 0.00469114
1012 0.00479268
1013 0.00489573
1014 0.00500027
1015 0.00510632
1016 0.00521387
1017 0.00532291
1018 0.00543344
1019 0.00554547
1020 0.00565898
1021 0.00577397
1022 0.00589044
1023 0.00600837
1024 0.00612775
1025 0.00624858
1026 0.00637085
1027 0.00649455
1028 0.00661966
1029 0.00674617
1030 0.00687406
1031 0.00700332
1032 0.00713394
1033 0.0072659
1034 0.00739917
1035 0.00753374
1036 0.00766959
1037 0.00780669
1038 0.00794503
1039 0.00808458
1040 0.00822531
1041 0.0083672
1042 0.00851023
1043 0.00865436
1044 0.00879956
1045 0.00894581
1046 0.00909307
1047 0.00924131
1048 0.00939051
1049 0.00954061
1050 0.00969159
1051 0.00984341
1052 0.00999604
1053 0.0101494
1054 0.0103035
1055 0.0104583
1056 0.0106138
1057 0.0107698
1058 0.0109264
1059 0.0110835
1060 0.0112411
1061 0.0113991
1062 0.0115575
1063 0.0117162
1064 0.0118751
1065 0.0120343
1066 0.0121937
1067 0.0123531
1068 0.0125127
1069 0.0126723
1070 0.0128318
1071 0.0129912
1072 0.0131505
1073 0.0133096
1074 0.0134684
1075 0.0136269
1076 0.013785
1077 0.0139426
1078 0.0140998
1079 0.0142564
1080 0.0144125
1081 0.0145678
1082 0.0147224
1083 0.0148762
1084 0.0150291
1085 0.0151811
1086 0.0153322
1087 0.0154822
1088 0.0156311
1089 0.0157788
1090 0.0159253
1091 0.0160705
1092 0.0162143
1093 0.0163567
1094 0.0164977
1095 0.0166371
1096 0.0167749
1097 0.016911
1098 0.0170454
1099 0.0171781
1100 0.0173088
1101 0.0174377
1102 0.0175646
1103 0.0176895
1104 0.0178123
1105 0.0179329
1106 0.0180514
1107 0.0181676
1108 0.0182814
1109 0.018393
1110 0.018502
1111 0.0186087
1112 0.0187128
1113 0.0188143
1114 0.0189131
1115 0.0190094
1116 0.0191028
1117 0.0191935
1118 0.0192814
1119 0.0193664
1120 0.0194485
1121 0.0195277
1122 0.0196038
1123 0.019677
1124 0.019747
1125 0.0198139
1126 0.0198777
1127 0.0199384
1128 0.0199958
1129 0.0200499
1130 0.0201008
1131 0.0201484
1132 0.0201926
1133 0.0202335
1134 0.0202711
1135 0.0203052
1136 0.0203359
1137 0.0203631
1138 0.020387
1139 0.0204073
1140 0.0204242
1141 0.0204375
1142 0.0204474
1143 0.0204538
1144 0.0204566
1145 0.0204559
1146 0.0204517
1147 0.020444
1148 0.0204328
1149 0.020418
1150 0.0203997
1151 0.0203779
1152 0.0203527
1153 0.0203239
1154 0.0202916
1155 0.0202559
1156 0.0202168
1157 0.0201742
1158 0.0201282
1159 0.0200788
1160 0.020026
1161 0.01997
1162 0.0199105
1163 0.0198478
1164 0.0197819
1165 0.0197127
1166 0.0196403
1167 0.0195648
1168 0.0194861
1169 0.0194044
1170 0.0193196
1171 0.0192318
1172 0.019141
1173 0.0190473
1174 0.0189507
1175 0.0188513
1176 0.0187491
1177 0.0186442
1178 0.0185365
1179 0.0184263
1180 0.0183134
1181 0.018198
1182 0.0180802
1183 0.0179599
1184 0.0178373
1185 0.0177123
1186 0.0175851
1187 0.0174557
1188 0.0173241
1189 0.0171905
1190 0.0170549
1191 0.0169173
1192 0.0167779
1193 0.0166366
1194 0.0164935
1195 0.0163488
1196 0.0162024
1197 0.0160545
1198 0.015905
1199 0.0157541
1200 0.0156019
1201 0.0154483
1202 0.0152935
1203 0.0151375
1204 0.0149804
1205 0.0148222
1206 0.0146631
1207 0.0145031
1208 0.0143422
1209 0.0141805
1210 0.0140181
1211 0.0138551
1212 0.0136915
1213 0.0135273
1214 0.0133627
1215 0.0131977
1216 0.0130324
1217 0.0128668
1218 0.012701
1219 0.012535
1220 0.012369
1221 0.0122029
1222 0.0120369
1223 0.0118709
1224 0.0117051
1225 0.0115395
1226 0.0113742
1227 0.0112092
1228 0.0110446
1229 0.0108803
1230 0.0107166
1231 0.0105534
1232 0.0103908
1233 0.0102288
1234 0.0100674
1235 0.00990683
1236 0.00974699
1237 0.00958797
1238 0.00942981
1239 0.00927255
1240 0.00911623
1241 0.00896089
1242 0.00880658
1243 0.00865332
1244 0.00850117
1245 0.00835015
1246 0.00820029
1247 0.00805164
1248 0.00790422
1249 0.00775806
1250 0.00761319
1251 0.00746965
1252 0.00732746
1253 0.00718664
1254 0.00704722
1255 0.00690922
1256 0.00677267
1257 0.00663759
1258 0.00650399
1259 0.0063719
1260 0.00624133
1261 0.0061123
1262 0.00598482
1263 0.00585891
1264 0.00573458
1265 0.00561185
1266 0.00549071
1267 0.00537119
1268 0.0052533
1269 0.00513703
1270 0.0050224
1271 0.00490941
1272 0.00479806
1273 0.00468836
1274 0.00458032
1275 0.00447393
1276 0.00436919
1277 0.0042661
1278 0.00416466
1279 0.00406488
1280 0.00396674
1281 0.00387024
1282 0.00377539
1283 0.00368216
1284 0.00359056
1285 0.00350059
1286 0.00341222
1287 0.00332546
1288 0.0032403
1289 0.00315672
1290 0.00307471
1291 0.00299428
1292 0.00291539
1293 0.00283805
1294 0.00276223
1295 0.00268794
1296 0.00261514
1297 0.00254384
1298 0.00247401
1299 0.00240564
1300 0.00233871
1301 0.00227322
1302 0.00220914
1303 0.00214646
1304 0.00208516
1305 0.00202522
1306 0.00196663
1307 0.00190938
1308 0.00185343
1309 0.00179878
1310 0.00174541
1311 0.0016933
1312 0.00164243
1313 0.00159278
1314 0.00154434
1315 0.00149708
1316 0.00145099
1317 0.00140605
1318 0.00136224
1319 0.00131954
1320 0.00127793
1321 0.00123739
1322 0.00119791
1323 0.00115947
1324 0.00112204
1325 0.00108561
1326 0.00105016
1327 0.00101568
1328 0.000982129
1329 0.000949507
1330 0.00091779
1331 0.000886961
1332 0.000857
1333 0.000827891
1334 0.000799615
1335 0.000772154
1336 0.000745492
1337 0.00071961
1338 0.00069449
1339 0.000670118
1340 0.000646474
1341 0.000623543
1342 0.000601307
1343 0.000579751
1344 0.000558859
1345 0.000538614
1346 0.000519001
1347 0.000500005
1348 0.000481609
1349 0.000463799
1350 0.00044656
1351 0.000429878
1352 0.000413737
1353 0.000398125
1354 0.000383026
1355 0.000368428
1356 0.000354316
1357 0.000340678
1358 0.000327501
1359 0.000314771
1360 0.000302477
1361 0.000290605
1362 0.000279145
1363 0.000268084
1364 0.00025741
1365 0.000247113
1366 0.00023718
1367 0.000227603
1368 0.000218368
1369 0.000209468
1370 0.00020089
1371 0.000192626
1372 0.000184665
1373 0.000176998
1374 0.000169616
1375 0.00016251
1376 0.000155671
1377 0.00014909
1378 0.000142759
1379 0.00013667
1380 0.000130815
1381 0.000125186
1382 0.000119776
1383 0.000114576
1384 0.000109581
1385 0.000104783
1386 0.000100175
1387 9.57505e-05
1388 9.15035e-05
1389 8.74275e-05
1390 8.35165e-05
1391 7.97646e-05
1392 7.61662e-05
1393 7.27157e-05
1394 6.94077e-05
1395 6.62371e-05
1396 6.31987e-05
1397 6.02878e-05
1398 5.74995e-05
1399 5.48292e-05
1400 5.22725e-05
1401 4.98252e-05
1402 4.7483e-05
1403 4.52418e-05
1404 4.30979e-05
1405 4.10473e-05
1406 3.90866e-05
1407 3.7212e-05
1408 3.54203e-05
1409 3.37081e-05
1410 3.20723e-05
1411 3.05097e-05
1412 2.90175e-05
1413 2.75927e-05
1414 2.62327e-05
1415 2.49347e-05
1416 2.36961e-05
1417 2.25146e-05
1418 2.13876e-05
1419 2.0313e-05
1420 1.92885e-05
1421 1.8312e-05
1422 1.73815e-05
1423 1.64949e-05
1424 1.56504e-05
1425 1.48461e-05
1426 1.40803e-05
1427 1.33514e-05
1428 1.26576e-05
1429 1.19974e-05
1430 1.13694e-05
1431 1.07721e-05
1432 1.02041e-05
1433 9.66405e-06
1434 9.15077e-06
1435 8.663e-06
1436 8.19956e-06
1437 7.75935e-06
1438 7.34128e-06
1439 6.94433e-06
1440 6.56751e-06
1441 6.20988e-06
1442 5.87053e-06
1443 5.5486e-06
1444 5.24326e-06
1445 4.95372e-06
1446 4.67921e-06
1447 4.41902e-06
1448 4.17245e-06
1449 3.93883e-06
1450 3.71754e-06
1451 3.50797e-06
1452 3.30954e-06
1453 3.1217e-06
1454 2.94392e-06
1455 2.7757e-06
1456 2.61656e-06
1457 2.46604e-06
1458 2.32371e-06
1459 2.18915e-06
1460 2.06195e-06
1461 1.94176e-06
1462 1.82819e-06
1463 1.72092e-06
1464 1.61961e-06
1465 1.52396e-06
1466 1.43366e-06
1467 1.34844e-06
1468 1.26802e-06
1469 1.19216e-06
1470 1.12061e-06
1471 1.05313e-06
1472 9.89522e-07
1473 9.29562e-07
1474 8.73057e-07
1475 8.19819e-07
1476 7.69671e-07
1477 7.22442e-07
1478 6.77973e-07
1479 6.36112e-07
1480 5.96713e-07
1481 5.59639e-07
1482 5.24762e-07
1483 4.91958e-07
1484 4.6111e-07
1485 4.32108e-07
1486 4.04847e-07
1487 3.79228e-07
1488 3.55157e-07
1489 3.32547e-07
1490 3.11311e-07
1491 2.91373e-07
1492 2.72655e-07
1493 2.55087e-07
1494 2.38602e-07
1495 2.23137e-07
1496 2.08631e-07
1497 1.95028e-07
1498 1.82275e-07
1499 1.7032e-07
1500 1.59117e-07
1501 1.4862e-07
1502 1.38787e-07
1503 1.29578e-07
1504 1.20955e-07
1505 1.12883e-07
1506 1.05327e-07
1507 9.82574e-08
1508 9.1643e-08
1509 8.54563e-08
1510 7.96708e-08
1511 7.42616e-08
1512 6.92054e-08
1513 6.44801e-08
1514 6.0065e-08
1515 5.59406e-08
1516 5.20887e-08
1517 4.8492e-08
1518 4.51342e-08
1519 4.20003e-08
1520 3.90759e-08
1521 3.63476e-08
1522 3.38027e-08
1523 3.14296e-08
1524 2.92169e-08
1525 2.71544e-08
1526 2.52323e-08
1527 2.34414e-08
1528 2.17731e-08
1529 2.02193e-08
1530 1.87724e-08
1531 1.74255e-08
1532 1.61719e-08
1533 1.50054e-08
1534 1.39201e-08
1535 1.29106e-08
1536 1.19718e-08
1537 1.1099e-08
1538 1.02877e-08
1539 9.53374e-09
1540 8.83318e-09
1541 8.18239e-09
1542 7.57797e-09
1543 7.01675e-09
1544 6.49573e-09
1545 6.01216e-09
1546 5.56342e-09
1547 5.14711e-09
1548 4.76096e-09
1549 4.40286e-09
1550 4.07085e-09
1551 3.7631e-09
1552 3.47788e-09
1553 3.21362e-09
1554 2.96881e-09
1555 2.74208e-09
1556 2.53214e-09
1557 2.33779e-09
1558 2.15791e-09
1559 1.99145e-09
1560 1.83745e-09
1561 1.695e-09
1562 1.56327e-09
1563 1.44148e-09
1564 1.3289e-09
1565 1.22486e-09
1566 1.12872e-09
1567 1.03992e-09
1568 9.57898e-10
1569 8.82164e-10
1570 8.12248e-10
1571 7.47717e-10
1572 6.88169e-10
1573 6.33231e-10
1574 5.82556e-10
1575 5.35825e-10
1576 4.9274e-10
1577 4.53024e-10
1578 4.16422e-10
1579 3.82697e-10
1580 3.51629e-10
1581 3.23016e-10
1582 2.9667e-10
1583 2.72415e-10
1584 2.5009e-10
1585 2.29547e-10
1586 2.10647e-10
1587 1.93263e-10
1588 1.77276e-10
1589 1.62578e-10
1590 1.49066e-10
1591 1.36649e-10
1592 1.2524e-10
1593 1.1476e-10
1594 1.05134e-10
1595 9.62957e-11
1596 8.81816e-11
1597 8.07344e-11
1598 7.39005e-11
1599 6.76308e-11
1600 6.18801e-11
1601 5.66064e-11
1602 5.17712e-11
1603 4.73392e-11
1604 4.32774e-11
1605 3.95558e-11
1606 3.61466e-11
1607 3.30243e-11
1608 3.01654e-11
1609 2.75481e-11
1610 2.51526e-11
1611 2.29606e-11
1612 2.09552e-11
1613 1.9121e-11
1614 1.74436e-11
1615 1.591e-11
1616 1.45082e-11
1617 1.32271e-11
1618 1.20566e-11
1619 1.09873e-11
1620 1.00108e-11
1621 9.11913e-12
1622 8.30514e-12
1623 7.56221e-12
1624 6.88429e-12
1625 6.26581e-12
1626 5.7017e-12
1627 5.18728e-12
1628 4.71828e-12
1629 4.29078e-12
1630 3.90118e-12
1631 3.54621e-12
1632 3.22286e-12
1633 2.92838e-12
1634 2.66024e-12
1635 2.41614e-12
1636 2.19398e-12
1637 1.99182e-12
1638 1.80791e-12
1639 1.64063e-12
1640 1.48852e-12
1641 1.35022e-12
1642 1.22451e-12
1643 1.11028e-12
1644 1.00648e-12
1645 9.12198e-13
1646 8.26571e-13
1647 7.48823e-13
1648 6.78244e-13
1649 6.14188e-13
1650 5.56063e-13
1651 5.03333e-13
1652 4.55506e-13
1653 4.12136e-13
1654 3.72816e-13
1655 3.37177e-13
1656 3.04879e-13
1657 2.75617e-13
1658 2.4911e-13
1659 2.25105e-13
1660 2.0337e-13
1661 1.83694e-13
1662 1.65887e-13
1663 1.49774e-13
1664 1.35198e-13
1665 1.22014e-13
1666 1.10093e-13
1667 9.93147e-14
1668 8.9573e-14
1669 8.07696e-14
1670 7.2816e-14
1671 6.56316e-14
1672 5.91435e-14
1673 5.32854e-14
1674 4.79974e-14
1675 4.3225e-14
1676 3.89188e-14
1677 3.50341e-14
1678 3.15305e-14
1679 2.83713e-14
1680 2.55231e-14
1681 2.2956e-14
1682 2.06427e-14
1683 1.85586e-14
1684 1.66813e-14
1685 1.49907e-14
1686 1.34686e-14
1687 1.20985e-14
1688 1.08654e-14
1689 9.75595e-15
1690 8.75791e-15
1691 7.86029e-15
1692 7.05317e-15
1693 6.32757e-15
1694 5.67542e-15
1695 5.08939e-15
1696 4.56291e-15
1697 4.09001e-15
1698 3.66535e-15
1699 3.28407e-15
1700 2.94183e-15
1701 2.6347e-15
1702 2.35912e-15
1703 2.11192e-15
1704 1.89022e-15
1705 1.69143e-15
1706 1.51323e-15
1707 1.35351e-15
1708 1.21039e-15
1709 1.08217e-15
1710 9.67327e-16
1711 8.64487e-16
1712 7.72416e-16
1713 6.90003e-16
1714 6.16252e-16
1715 5.50265e-16
1716 4.9124e-16
1717 4.38452e-16
1718 3.91253e-16
1719 3.4906e-16
1720 3.11351e-16
1721 2.77656e-16
1722 2.47554e-16
1723 2.20669e-16
1724 1.96661e-16
1725 1.75228e-16
1726 1.56097e-16
1727 1.39026e-16
1728 1.23794e-16
1729 1.10208e-16
1730 9.80919e-17
1731 8.72891e-17
1732 7.76594e-17
1733 6.90772e-17
1734 6.14302e-17
1735 5.46181e-17
1736 4.8551e-17
1737 4.31486e-17
1738 3.83391e-17
1739 3.40584e-17
1740 3.02492e-17
1741 2.68602e-17
1742 2.38459e-17
1743 2.11652e-17
1744 1.87819e-17
1745 1.66634e-17
1746 1.47807e-17
1747 1.31078e-17
1748 1.16219e-17
1749 1.03021e-17
1750 9.13029e-18
1751 8.09002e-18
1752 7.16673e-18
1753 6.34745e-18
1754 5.62063e-18
1755 4.97596e-18
1756 4.40429e-18
1757 3.89746e-18
1758 3.44821e-18
1759 3.05009e-18
1760 2.69736e-18
1761 2.3849e-18
1762 2.10819e-18
1763 1.86319e-18
1764 1.6463e-18
1765 1.45435e-18
1766 1.2845e-18
1767 1.13424e-18
1768 1.00135e-18
1769 8.83836e-19
1770 7.79945e-19
1771 6.88118e-19
1772 6.06972e-19
1773 5.35279e-19
1774 4.71953e-19
1775 4.1603e-19
1776 3.66653e-19
1777 3.23068e-19
1778 2.84602e-19
1779 2.50663e-19
1780 2.20723e-19
1781 1.94317e-19
1782 1.71034e-19
1783 1.50507e-19
1784 1.32416e-19
1785 1.16474e-19
1786 1.0243e-19
1787 9.00594e-20
1788 7.91658e-20
1789 6.95749e-20
1790 6.11328e-20
1791 5.37034e-20
1792 4.71668e-20
1793 4.14168e-20
1794 3.63599e-20
1795 3.19136e-20
1796 2.8005e-20
1797 2.45698e-20
1798 2.15513e-20
1799 1.88996e-20
1800 1.65705e-20
1801 1.45254e-20
1802 1.27299e-20
1803 1.11539e-20
1804 9.77097e-21
1805 8.55764e-21
1806 7.49335e-21
1807 6.56001e-21
1808 5.74168e-21
1809 5.02436e-21
1810 4.3957e-21
1811 3.84486e-21
1812 3.36233e-21
1813 2.93972e-21
1814 2.56968e-21
1815 2.24573e-21
1816 1.96219e-21
1817 1.71408e-21
1818 1.49702e-21
1819 1.30717e-21
1820 1.14114e-21
1821 9.95991e-22
1822 8.69113e-22
1823 7.58235e-22
1824 6.61359e-22
1825 5.76735e-22
1826 5.02831e-22
1827 4.38302e-22
1828 3.81971e-22
1829 3.32808e-22
1830 2.8991e-22
1831 2.52487e-22
1832 2.19847e-22
1833 1.91385e-22
1834 1.66571e-22
1835 1.44944e-22
1836 1.26097e-22
1837 1.09677e-22
1838 9.53745e-23
1839 8.29192e-23
1840 7.20748e-23
1841 6.26351e-23
1842 5.44199e-23
1843 4.7272e-23
1844 4.1054e-23
1845 3.56462e-23
1846 3.0944e-23
1847 2.68563e-23
1848 2.33035e-23
1849 2.02163e-23
1850 1.75343e-23
1851 1.52048e-23
1852 1.31819e-23
1853 1.14257e-23
1854 9.90129e-24
1855 8.57842e-24
1856 7.43068e-24
1857 6.4351e-24
1858 5.5717e-24
1859 4.82309e-24
1860 4.17416e-24
1861 3.61176e-24
1862 3.12445e-24
1863 2.70231e-24
1864 2.3367e-24
1865 2.02011e-24
1866 1.74603e-24
1867 1.50881e-24
1868 1.30354e-24
1869 1.12595e-24
1870 9.72345e-25
1871 8.39512e-25
1872 7.24667e-25
1873 6.25397e-25
1874 5.39609e-25
1875 4.65487e-25
1876 4.0146e-25
1877 3.46164e-25
1878 2.98419e-25
1879 2.57204e-25
1880 2.21633e-25
1881 1.90939e-25
1882 1.64461e-25
1883 1.41624e-25
1884 1.21931e-25
1885 1.04954e-25
1886 9.03205e-26
1887 7.77107e-26
1888 6.68468e-26
1889 5.74892e-26
1890 4.94307e-26
1891 4.24925e-26
1892 3.65203e-26
1893 3.13806e-26
1894 2.69583e-26
1895 2.31542e-26
1896 1.98826e-26
1897 1.70695e-26
1898 1.46512e-26
1899 1.25728e-26
1900 1.07869e-26
1901 9.25261e-27
1902 7.93485e-27
1903 6.80327e-27
1904 5.83179e-27
1905 4.99795e-27
1906 4.2824e-27
1907 3.66849e-27
1908 3.1419e-27
1909 2.69031e-27
1910 2.30313e-27
1911 1.97124e-27
1912 1.68681e-27
1913 1.4431e-27
1914 1.23433e-27
1915 1.05554e-27
1916 9.02446e-28
1917 7.71387e-28
1918 6.59219e-28
1919 5.63237e-28
1920 4.81126e-28
1921 4.10895e-28
1922 3.50839e-28
1923 2.99496e-28
1924 2.55609e-28
1925 2.18107e-28
1926 1.86066e-28
1927 1.58697e-28
1928 1.35325e-28
1929 1.15369e-28
1930 9.83348e-29
1931 8.37973e-29
1932 7.13933e-29
1933 6.0812e-29
1934 5.17878e-29
1935 4.40932e-29
1936 3.75334e-29
1937 3.19426e-29
1938 2.71786e-29
1939 2.312e-29
1940 1.96633e-29
1941 1.67197e-29
1942 1.42136e-29
1943 1.20805e-29
1944 1.02653e-29
1945 8.72094e-30
1946 7.40726e-30
1947 6.29014e-30
1948 5.3403e-30
1949 4.53287e-30
1950 3.84672e-30
1951 3.2637e-30
1952 2.76843e-30
1953 2.3478e-30
1954 1.99065e-30
1955 1.68746e-30
1956 1.43013e-30
1957 1.21178e-30
1958 1.02654e-30
1959 8.69427e-31
1960 7.36195e-31
1961 6.23246e-31
1962 5.2751e-31
1963 4.4638e-31
1964 3.77646e-31
1965 3.19425e-31
1966 2.70121e-31
1967 2.28376e-31
1968 1.93041e-31
1969 1.63136e-31
1970 1.37834e-31
1971 1.16431e-31
1972 9.83297e-32
1973 8.30244e-32
1974 7.00859e-32
1975 5.91506e-32
1976 4.99104e-32
1977 4.21047e-32
1978 3.55118e-32
1979 2.99447e-32
1980 2.52447e-32
1981 2.12779e-32
1982 1.79304e-32
1983 1.5106e-32
1984 1.27239e-32
1985 1.07151e-32
1986 9.02133e-33
1987 7.59362e-33
1988 6.3906e-33
1989 5.37693e-33
1990 4.523e-33
1991 3.80383e-33
1992 3.19832e-33
1993 2.68863e-33
1994 2.25966e-33
1995 1.8987e-33
1996 1.59506e-33
1997 1.33966e-33
1998 1.12491e-33
1999 9.44388e-34
2000 7.92652e-34
2001 6.65144e-34
2002 5.5802e-34
2003 4.68046e-34
2004 3.92491e-34
2005 3.2906e-34
2006 2.75819e-34
2007 2.31136e-34
2008 1.93647e-34
2009 1.62201e-34
2010 1.35829e-34
2011 1.13718e-34
2012 9.51822e-35
2013 7.96503e-35
2014 6.66354e-35
2015 5.57322e-35
2016 4.66013e-35
2017 3.89552e-35
2018 3.25547e-35
2019 2.7198e-35
2020 2.27153e-35
2021 1.89651e-35
2022 1.58285e-35
2023 1.32056e-35
2024 1.1013e-35
2025 9.18018e-36
2026 7.64854e-36
2027 6.36899e-36
2028 5.30016e-36
2029 4.40764e-36
2030 3.66246e-36
2031 3.04045e-36
2032 2.52141e-36
2033 2.0884e-36
2034 1.7272e-36
2035 1.42604e-36
2036 1.17504e-36
2037 9.65865e-37
2038 7.91648e-37
2039 6.46591e-37
2040 5.2595e-37
2041 4.25683e-37
2042 3.42373e-37
2043 2.73287e-37
2044 2.16136e-37
2045 1.6899e-37
2046 1.30213e-37
2047 9.84991e-38
