0 4.76395e-31
1 4.1137e-31
2 3.57579e-31
3 3.13661e-31
4 2.78533e-31
5 2.51258e-31
6 2.30974e-31
7 2.17288e-31
8 2.09829e-31
9 2.08223e-31
10 2.12553e-31
11 2.22829e-31
12 2.39181e-31
13 2.62038e-31
14 2.91873e-31
15 3.29383e-31
16 3.75305e-31
17 4.30905e-31
18 4.97314e-31
19 5.75905e-31
20 6.68778e-31
21 7.77861e-31
22 9.05767e-31
23 1.05523e-30
24 1.22986e-30
25 1.43346e-30
26 1.67056e-30
27 1.94684e-30
28 2.26783e-30
29 2.64187e-30
30 3.07678e-30
31 3.58157e-30
32 4.16839e-30
33 4.84962e-30
34 5.64109e-30
35 6.56003e-30
36 7.6255e-30
37 8.86372e-30
38 1.02995e-29
39 1.19633e-29
40 1.38956e-29
41 1.61324e-29
42 1.87252e-29
43 2.17316e-29
44 2.52134e-29
45 2.92476e-29
46 3.3917e-29
47 3.93262e-29
48 4.55857e-29
49 5.28315e-29
50 6.12172e-29
51 7.09138e-29
52 8.21289e-29
53 9.50923e-29
54 1.10088e-28
55 1.27419e-28
56 1.47439e-28
57 1.70579e-28
58 1.97298e-28
59 2.28149e-28
60 2.63784e-28
61 3.04914e-28
62 3.52383e-28
63 4.07158e-28
64 4.70333e-28
65 5.43205e-28
66 6.27237e-28
67 7.24109e-28
68 8.35749e-28
69 9.64412e-28
70 1.11264e-27
71 1.28338e-27
72 1.48004e-27
73 1.70644e-27
74 1.96705e-27
75 2.26697e-27
76 2.61206e-27
77 3.00911e-27
78 3.46574e-27
79 3.99077e-27
80 4.59439e-27
81 5.28816e-27
82 6.08545e-27
83 7.0015e-27
84 8.0536e-27
85 9.26181e-27
86 1.06491e-26
87 1.22416e-26
88 1.40692e-26
89 1.61664e-26
90 1.85718e-26
91 2.13308e-26
92 2.44946e-26
93 2.81211e-26
94 3.22787e-26
95 3.70426e-26
96 4.25001e-26
97 4.87518e-26
98 5.59114e-26
99 6.41086e-26
100 7.34916e-26
101 8.42303e-26
102 9.65175e-26
103 1.10575e-25
104 1.26653e-25
105 1.45036e-25
106 1.66056e-25
107 1.90078e-25
108 2.17531e-25
109 2.48898e-25
110 2.84725e-25
111 3.25643e-25
112 3.72359e-25
113 4.25691e-25
114 4.86561e-25
115 5.56016e-25
116 6.35249e-25
117 7.25616e-25
118 8.28675e-25
119 9.4617e-25
120 1.08009e-24
121 1.23271e-24
122 1.40659e-24
123 1.60466e-24
124 1.83026e-24
125 2.08711e-24
126 2.37951e-24
127 2.71231e-24
128 3.091e-24
129 3.52181e-24
130 4.01182e-24
131 4.56904e-24
132 5.20254e-24
133 5.92265e-24
134 6.741e-24
135 7.67078e-24
136 8.72699e-24
137 9.92649e-24
138 1.12885e-23
139 1.28346e-23
140 1.45894e-23
141 1.65807e-23
142 1.88397e-23
143 2.1402e-23
144 2.43076e-23
145 2.76018e-23
146 3.13358e-23
147 3.55675e-23
148 4.03621e-23
149 4.57934e-23
150 5.19445e-23
151 5.89094e-23
152 6.67941e-23
153 7.57182e-23
154 8.58167e-23
155 9.72416e-23
156 1.10164e-22
157 1.24778e-22
158 1.413e-22
159 1.59977e-22
160 1.81085e-22
161 2.04935e-22
162 2.31877e-22
163 2.62307e-22
164 2.96668e-22
165 3.3546e-22
166 3.79245e-22
167 4.28655e-22
168 4.84403e-22
169 5.47285e-22
170 6.18202e-22
171 6.98162e-22
172 7.88299e-22
173 8.89888e-22
174 1.00436e-21
175 1.13332e-21
176 1.27857e-21
177 1.44213e-21
178 1.62628e-21
179 1.83356e-21
180 2.06682e-21
181 2.32927e-21
182 2.62449e-21
183 2.95651e-21
184 3.32983e-21
185 3.74951e-21
186 4.22119e-21
187 4.7512e-21
188 5.34664e-21
189 6.01543e-21
190 6.76645e-21
191 7.60963e-21
192 8.55607e-21
193 9.6182e-21
194 1.08099e-20
195 1.21467e-20
196 1.36459e-20
197 1.53269e-20
198 1.72114e-20
199 1.93236e-20
200 2.16903e-20
201 2.43418e-20
202 2.73117e-20
203 3.06375e-20
204 3.43611e-20
205 3.85292e-20
206 4.31939e-20
207 4.84131e-20
208 5.42517e-20
209 6.07817e-20
210 6.80834e-20
211 7.62465e-20
212 8.53706e-20
213 9.55666e-20
214 1.06958e-19
215 1.19683e-19
216 1.33893e-19
217 1.4976e-19
218 1.67473e-19
219 1.87241e-19
220 2.093e-19
221 2.3391e-19
222 2.61358e-19
223 2.91968e-19
224 3.26095e-19
225 3.64135e-19
226 4.0653e-19
227 4.53765e-19
228 5.06385e-19
229 5.64989e-19
230 6.30246e-19
231 7.02893e-19
232 7.83752e-19
233 8.7373e-19
234 9.73836e-19
235 1.08519e-18
236 1.20902e-18
237 1.34669e-18
238 1.49974e-18
239 1.66982e-18
240 1.85881e-18
241 2.06876e-18
242 2.30193e-18
243 2.56085e-18
244 2.84829e-18
245 3.16733e-18
246 3.52137e-18
247 3.91416e-18
248 4.34985e-18
249 4.83302e-18
250 5.36873e-18
251 5.96256e-18
252 6.62069e-18
253 7.34992e-18
254 8.15776e-18
255 9.0525e-18
256 1.00433e-17
257 1.11401e-17
258 1.23542e-17
259 1.36977e-17
260 1.51842e-17
261 1.68285e-17
262 1.8647e-17
263 2.06577e-17
264 2.28805e-17
265 2.53371e-17
266 2.80518e-17
267 3.1051e-17
268 3.43637e-17
269 3.8022e-17
270 4.20611e-17
271 4.65198e-17
272 5.14406e-17
273 5.68702e-17
274 6.28601e-17
275 6.94668e-17
276 7.67521e-17
277 8.47841e-17
278 9.36376e-17
279 1.03395e-16
280 1.14145e-16
281 1.25987e-16
282 1.3903e-16
283 1.53391e-16
284 1.69202e-16
285 1.86604e-16
286 2.05753e-16
287 2.26821e-16
288 2.49995e-16
289 2.7548e-16
290 3.035e-16
291 3.34302e-16
292 3.68153e-16
293 4.05349e-16
294 4.46209e-16
295 4.91087e-16
296 5.40366e-16
297 5.94466e-16
298 6.53847e-16
299 7.19008e-16
300 7.90498e-16
301 8.68915e-16
302 9.5491e-16
303 1.0492e-15
304 1.15255e-15
305 1.26582e-15
306 1.38993e-15
307 1.52589e-15
308 1.67479e-15
309 1.83784e-15
310 2.01635e-15
311 2.21172e-15
312 2.42552e-15
313 2.65944e-15
314 2.9153e-15
315 3.19512e-15
316 3.50106e-15
317 3.8355e-15
318 4.20103e-15
319 4.60043e-15
320 5.03677e-15
321 5.51337e-15
322 6.03383e-15
323 6.60206e-15
324 7.22234e-15
325 7.89928e-15
326 8.63792e-15
327 9.44372e-15
328 1.03226e-14
329 1.1281e-14
330 1.23259e-14
331 1.34649e-14
332 1.47062e-14
333 1.60586e-14
334 1.7532e-14
335 1.91367e-14
336 2.08841e-14
337 2.27866e-14
338 2.48573e-14
339 2.71108e-14
340 2.95627e-14
341 3.22299e-14
342 3.51307e-14
343 3.82849e-14
344 4.17139e-14
345 4.54408e-14
346 4.94908e-14
347 5.38908e-14
348 5.867e-14
349 6.38601e-14
350 6.94952e-14
351 7.5612e-14
352 8.22504e-14
353 8.94532e-14
354 9.72666e-14
355 1.05741e-13
356 1.14929e-13
357 1.2489e-13
358 1.35686e-13
359 1.47385e-13
360 1.60058e-13
361 1.73785e-13
362 1.88649e-13
363 2.04742e-13
364 2.22161e-13
365 2.41011e-13
366 2.61405e-13
367 2.83466e-13
368 3.07323e-13
369 3.33118e-13
370 3.61002e-13
371 3.91138e-13
372 4.23701e-13
373 4.58879e-13
374 4.96874e-13
375 5.37903e-13
376 5.82198e-13
377 6.30012e-13
378 6.81611e-13
379 7.37285e-13
380 7.97343e-13
381 8.62118e-13
382 9.31967e-13
383 1.00727e-12
384 1.08844e-12
385 1.17592e-12
386 1.27017e-12
387 1.3717e-12
388 1.48106e-12
389 1.59882e-12
390 1.72561e-12
391 1.86208e-12
392 2.00896e-12
393 2.167e-12
394 2.33703e-12
395 2.5199e-12
396 2.71656e-12
397 2.928e-12
398 3.15529e-12
399 3.39957e-12
400 3.66206e-12
401 3.94405e-12
402 4.24693e-12
403 4.57219e-12
404 4.9214e-12
405 5.29625e-12
406 5.69854e-12
407 6.13018e-12
408 6.59322e-12
409 7.08983e-12
410 7.62234e-12
411 8.1932e-12
412 8.80505e-12
413 9.46069e-12
414 1.01631e-11
415 1.09154e-11
416 1.1721e-11
417 1.25834e-11
418 1.35066e-11
419 1.44944e-11
420 1.55512e-11
421 1.66815e-11
422 1.78903e-11
423 1.91825e-11
424 2.05637e-11
425 2.20397e-11
426 2.36165e-11
427 2.53008e-11
428 2.70993e-11
429 2.90194e-11
430 3.10689e-11
431 3.3256e-11
432 3.55894e-11
433 3.80783e-11
434 4.07325e-11
435 4.35625e-11
436 4.65791e-11
437 4.97941e-11
438 5.32197e-11
439 5.6869e-11
440 6.07558e-11
441 6.48948e-11
442 6.93014e-11
443 7.39921e-11
444 7.89842e-11
445 8.4296e-11
446 8.99471e-11
447 9.59578e-11
448 1.0235e-10
449 1.09147e-10
450 1.16372e-10
451 1.24053e-10
452 1.32214e-10
453 1.40886e-10
454 1.50099e-10
455 1.59885e-10
456 1.70277e-10
457 1.81311e-10
458 1.93025e-10
459 2.05459e-10
460 2.18654e-10
461 2.32655e-10
462 2.47508e-10
463 2.63262e-10
464 2.79969e-10
465 2.97683e-10
466 3.16461e-10
467 3.36364e-10
468 3.57454e-10
469 3.79798e-10
470 4.03465e-10
471 4.2853e-10
472 4.55067e-10
473 4.83159e-10
474 5.12889e-10
475 5.44346e-10
476 5.77622e-10
477 6.12815e-10
478 6.50025e-10
479 6.8936e-10
480 7.3093e-10
481 7.74851e-10
482 8.21244e-10
483 8.70235e-10
484 9.21958e-10
485 9.76549e-10
486 1.03415e-09
487 1.09492e-09
488 1.159e-09
489 1.22657e-09
490 1.29779e-09
491 1.37284e-09
492 1.4519e-09
493 1.53517e-09
494 1.62285e-09
495 1.71514e-09
496 1.81226e-09
497 1.91444e-09
498 2.02192e-09
499 2.13494e-09
500 2.25376e-09
501 2.37864e-09
502 2.50986e-09
503 2.64772e-09
504 2.79251e-09
505 2.94455e-09
506 3.10417e-09
507 3.27172e-09
508 3.44754e-09
509 3.63202e-09
510 3.82554e-09
511 4.02851e-09
512 4.24136e-09
513 4.46453e-09
514 4.69849e-09
515 4.94371e-09
516 5.20071e-09
517 5.47e-09
518 5.75215e-09
519 6.04773e-09
520 6.35734e-09
521 6.68161e-09
522 7.02119e-09
523 7.37677e-09
524 7.74906e-09
525 8.13881e-09
526 8.54678e-09
527 8.9738e-09
528 9.42069e-09
529 9.88833e-09
530 1.03776e-08
531 1.08896e-08
532 1.14251e-08
533 1.19852e-08
534 1.2571e-08
535 1.31835e-08
536 1.38239e-08
537 1.44934e-08
538 1.51932e-08
539 1.59245e-08
540 1.66886e-08
541 1.74868e-08
542 1.83205e-08
543 1.9191e-08
544 2.00999e-08
545 2.10485e-08
546 2.20384e-08
547 2.30711e-08
548 2.41482e-08
549 2.52713e-08
550 2.64419e-08
551 2.76617e-08
552 2.89325e-08
553 3.02558e-08
554 3.16334e-08
555 3.3067e-08
556 3.45584e-08
557 3.61094e-08
558 3.77217e-08
559 3.9397e-08
560 4.11373e-08
561 4.29442e-08
562 4.48197e-08
563 4.67654e-08
564 4.87833e-08
565 5.08752e-08
566 5.30427e-08
567 5.52879e-08
568 5.76125e-08
569 6.00184e-08
570 6.25074e-08
571 6.50813e-08
572 6.7742e-08
573 7.04914e-08
574 7.33313e-08
575 7.62638e-08
576 7.92907e-08
577 8.24141e-08
578 8.56359e-08
579 8.89583e-08
580 9.23834e-08
581 9.59134e-08
582 9.95506e-08
583 1.03297e-07
584 1.07156e-07
585 1.1113e-07
586 1.15221e-07
587 1.19432e-07
588 1.23767e-07
589 1.28228e-07
590 1.32819e-07
591 1.37544e-07
592 1.42406e-07
593 1.47409e-07
594 1.52558e-07
595 1.57858e-07
596 1.63312e-07
597 1.68926e-07
598 1.74706e-07
599 1.80658e-07
600 1.86787e-07
601 1.93099e-07
602 1.99602e-07
603 2.06302e-07
604 2.13208e-07
605 2.20326e-07
606 2.27665e-07
607 2.35233e-07
608 2.43039e-07
609 2.51092e-07
610 2.59401e-07
611 2.67977e-07
612 2.76828e-07
613 2.85966e-07
614 2.95401e-07
615 3.05143e-07
616 3.15202e-07
617 3.25591e-07
618 3.36319e-07
619 3.47398e-07
620 3.58838e-07
621 3.70651e-07
622 3.82846e-07
623 3.95434e-07
624 4.08425e-07
625 4.21829e-07
626 4.35656e-07
627 4.49912e-07
628 4.64608e-07
629 4.79749e-07
630 4.95344e-07
631 5.11397e-07
632 5.27914e-07
633 5.44897e-07
634 5.62351e-07
635 5.80276e-07
636 5.98673e-07
637 6.17541e-07
638 6.36876e-07
639 6.56676e-07
640 6.76935e-07
641 6.97644e-07
642 7.18797e-07
643 7.40381e-07
644 7.62385e-07
645 7.84795e-07
646 8.07595e-07
647 8.30766e-07
648 8.54291e-07
649 8.78147e-07
650 9.02312e-07
651 9.2676e-07
652 9.51467e-07
653 9.76403e-07
654 1.00154e-06
655 1.02685e-06
656 1.05229e-06
657 1.07784e-06
658 1.10346e-06
659 1.12911e-06
660 1.15477e-06
661 1.18039e-06
662 1.20594e-06
663 1.23138e-06
664 1.25667e-06
665 1.28178e-06
666 1.30668e-06
667 1.33133e-06
668 1.3557e-06
669 1.37976e-06
670 1.40348e-06
671 1.42682e-06
672 1.44978e-06
673 1.47232e-06
674 1.49443e-06
675 1.51609e-06
676 1.53729e-06
677 1.55803e-06
678 1.5783e-06
679 1.5981e-06
680 1.61745e-06
681 1.63634e-06
682 1.65481e-06
683 1.67287e-06
684 1.69056e-06
685 1.7079e-06
686 1.72495e-06
687 1.74174e-06
688 1.75834e-06
689 1.77481e-06
690 1.7912e-06
691 1.80761e-06
692 1.82411e-06
693 1.84078e-06
694 1.85773e-06
695 1.87505e-06
696 1.89286e-06
697 1.91126e-06
698 1.93037e-06
699 1.95032e-06
700 1.97124e-06
701 1.99325e-06
702 2.01651e-06
703 2.04115e-06
704 2.06731e-06
705 2.09514e-06
706 2.12479e-06
707 2.15642e-06
708 2.19016e-06
709 2.22618e-06
710 2.26461e-06
711 2.30561e-06
712 2.34933e-06
713 2.39589e-06
714 2.44545e-06
715 2.49812e-06
716 2.55404e-06
717 2.61333e-06
718 2.67608e-06
719 2.7424e-06
720 2.81239e-06
721 2.88611e-06
722 2.96364e-06
723 3.04504e-06
724 3.13033e-06
725 3.21956e-06
726 3.31272e-06
727 3.40981e-06
728 3.51082e-06
729 3.6157e-06
730 3.72439e-06
731 3.83682e-06
732 3.95289e-06
733 4.07248e-06
734 4.19546e-06
735 4.32168e-06
736 4.45095e-06
737 4.58309e-06
738 4.71786e-06
739 4.85504e-06
740 4.99437e-06
741 5.13556e-06
742 5.27832e-06
743 5.42233e-06
744 5.56726e-06
745 5.71274e-06
746 5.8584e-06
747 6.00387e-06
748 6.14872e-06
749 6.29255e-06
750 6.43491e-06
751 6.57537e-06
752 6.71348e-06
753 6.84875e-06
754 6.98073e-06
755 7.10894e-06
756 7.23289e-06
757 7.3521e-06
758 7.46608e-06
759 7.57435e-06
760 7.67643e-06
761 7.77183e-06
762 7.8601e-06
763 7.94077e-06
764 8.0134e-06
765 8.07755e-06
766 8.1328e-06
767 8.17876e-06
768 8.21504e-06
769 8.2413e-06
770 8.25719e-06
771 8.26242e-06
772 8.2567e-06
773 8.2398e-06
774 8.21151e-06
775 8.17165e-06
776 8.12009e-06
777 8.05672e-06
778 7.98148e-06
779 7.89437e-06
780 7.79542e-06
781 7.68469e-06
782 7.56232e-06
783 7.42847e-06
784 7.28337e-06
785 7.12728e-06
786 6.96053e-06
787 6.7835e-06
788 6.59661e-06
789 6.40035e-06
790 6.19525e-06
791 5.9819e-06
792 5.76095e-06
793 5.53309e-06
794 5.29909e-06
795 5.05973e-06
796 4.81588e-06
797 4.56845e-06
798 4.31841e-06
799 4.06675e-06
800 3.81455e-06
801 3.56292e-06
802 3.31299e-06
803 3.06599e-06
804 2.82314e-06
805 2.58573e-06
806 2.3551e-06
807 2.13258e-06
808 1.91959e-06
809 1.71756e-06
810 1.52793e-06
811 1.3522e-06
812 1.19189e-06
813 1.04853e-06
814 9.23686e-07
815 8.18926e-07
816 7.35846e-07
817 6.76053e-07
818 6.41163e-07
819 6.32799e-07
820 6.5259e-07
821 7.02167e-07
822 7.83163e-07
823 8.97204e-07
824 1.04591e-06
825 1.23091e-06
826 1.4538e-06
827 1.71616e-06
828 2.01959e-06
829 2.36564e-06
830 2.75586e-06
831 3.19176e-06
832 3.67485e-06
833 4.2066e-06
834 4.78846e-06
835 5.42185e-06
836 6.10817e-06
837 6.84877e-06
838 7.645e-06
839 8.49815e-06
840 9.40949e-06
841 1.03803e-05
842 1.14117e-05
843 1.25049e-05
844 1.3661e-05
845 1.48813e-05
846 1.61666e-05
847 1.75181e-05
848 1.89368e-05
849 2.04237e-05
850 2.19797e-05
851 2.36057e-05
852 2.53027e-05
853 2.70715e-05
854 2.8913e-05
855 3.08281e-05
856 3.28174e-05
857 3.48819e-05
858 3.70224e-05
859 3.92395e-05
860 4.15341e-05
861 4.3907e-05
862 4.63589e-05
863 4.88905e-05
864 5.15027e-05
865 5.41963e-05
866 5.69719e-05
867 5.98305e-05
868 6.27728e-05
869 6.57997e-05
870 6.89121e-05
871 7.21109e-05
872 7.53969e-05
873 7.87713e-05
874 8.2235e-05
875 8.57891e-05
876 8.94346e-05
877 9.31728e-05
878 9.7005e-05
879 0.000100932
880 0.000104956
881 0.000109078
882 0.000113299
883 0.000117622
884 0.000122047
885 0.000126576
886 0.000131212
887 0.000135956
888 0.000140811
889 0.000145777
890 0.000150859
891 0.000156057
892 0.000161375
893 0.000166815
894 0.00017238
895 0.000178072
896 0.000183895
897 0.000189851
898 0.000195944
899 0.000202177
900 0.000208553
901 0.000215076
902 0.000221751
903 0.000228579
904 0.000235567
905 0.000242717
906 0.000250035
907 0.000257524
908 0.000265188
909 0.000273034
910 0.000281066
911 0.000289288
912 0.000297706
913 0.000306326
914 0.000315152
915 0.000324191
916 0.000333448
917 0.000342928
918 0.00035264
919 0.000362587
920 0.000372777
921 0.000383217
922 0.000393912
923 0.000404871
924 0.000416099
925 0.000427604
926 0.000439393
927 0.000451474
928 0.000463854
929 0.000476541
930 0.000489543
931 0.000502867
932 0.000516521
933 0.000530515
934 0.000544855
935 0.000559552
936 0.000574612
937 0.000590046
938 0.000605861
939 0.000622067
940 0.000638672
941 0.000655687
942 0.000673119
943 0.000690979
944 0.000709276
945 0.00072802
946 0.000747219
947 0.000766885
948 0.000787026
949 0.000807652
950 0.000828774
951 0.000850401
952 0.000872544
953 0.000895213
954 0.000918418
955 0.000942168
956 0.000966476
957 0.00099135
958 0.0010168
959 0.00104284
960 0.00106948
961 0.00109672
962 0.00112459
963 0.00115308
964 0.00118222
965 0.001212
966 0.00124245
967 0.00127357
968 0.00130537
969 0.00133786
970 0.00137106
971 0.00140497
972 0.00143961
973 0.00147497
974 0.00151109
975 0.00154796
976 0.00158559
977 0.001624
978 0.0016632
979 0.00170319
980 0.00174398
981 0.00178559
982 0.00182803
983 0.0018713
984 0.00191542
985 0.00196039
986 0.00200622
987 0.00205292
988 0.0021005
989 0.00214898
990 0.00219835
991 0.00224863
992 0.00229982
993 0.00235194
994 0.00240499
995 0.00245898
996 0.00251391
997 0.0025698
998 0.00262666
999 0.00268448
1000 0.00274327
1001 0.00280305
1002 0.00286382
1003 0.00292558
1004 0.00298834
1005 0.0030521
1006 0.00311688
1007 0.00318267
1008 0.00324948
1009 0.00331732
1010 0.00338619
1011 0.00345608
1012 0.00352702
1013 0.00359899
1014 0.00367201
1015 0.00374606
1016 0.00382117
1017 0.00389732
1018 0.00397452
1019 0.00405277
1020 0.00413208
1021 0.00421243
1022 0.00429383
1023 0.00437628
1024 0.00445978
1025 0.00454433
1026 0.00462992
1027 0.00471656
1028 0.00480423
1029 0.00489295
1030 0.00498269
1031 0.00507346
1032 0.00516526
1033 0.00525808
1034 0.0053519
1035 0.00544674
1036 0.00554258
1037 0.0056394
1038 0.00573722
1039 0.00583601
1040 0.00593577
1041 0.00603649
1042 0.00613816
1043 0.00624077
1044 0.0063443
1045 0.00644876
1046 0.00655411
1047 0.00666037
1048 0.0067675
1049 0.00687549
1050 0.00698434
1051 0.00709403
1052 0.00720454
1053 0.00731585
1054 0.00742796
1055 0.00754083
1056 0.00765447
1057 0.00776884
1058 0.00788393
1059 0.00799972
1060 0.00811619
1061 0.00823331
1062 0.00835108
1063 0.00846946
1064 0.00858844
1065 0.00870799
1066 0.0088281
1067 0.00894872
1068 0.00906985
1069 0.00919146
1070 0.00931351
1071 0.00943599
1072 0.00955888
1073 0.00968213
1074 0.00980573
1075 0.00992965
1076 0.0100539
1077 0.0101783
1078 0.010303
1079 0.0104279
1080 0.010553
1081 0.0106782
1082 0.0108035
1083 0.0109289
1084 0.0110543
1085 0.0111798
1086 0.0113052
1087 0.0114306
1088 0.0115559
1089 0.0116811
1090 0.0118061
1091 0.0119309
1092 0.0120555
1093 0.0121798
1094 0.0123039
1095 0.0124276
1096 0.0125509
1097 0.0126739
1098 0.0127964
1099 0.0129184
1100 0.0130399
1101 0.0131608
1102 0.0132812
1103 0.0134009
1104 0.01352
1105 0.0136384
1106 0.013756
1107 0.0138728
1108 0.0139889
1109 0.014104
1110 0.0142183
1111 0.0143317
1112 0.0144441
1113 0.0145554
1114 0.0146658
1115 0.014775
1116 0.0148832
1117 0.0149901
1118 0.0150959
1119 0.0152005
1120 0.0153037
1121 0.0154057
1122 0.0155063
1123 0.0156056
1124 0.0157034
1125 0.0157998
1126 0.0158947
1127 0.0159881
1128 0.0160799
1129 0.0161701
1130 0.0162587
1131 0.0163457
1132 0.0164309
1133 0.0165144
1134 0.0165962
1135 0.0166762
1136 0.0167544
1137 0.0168307
1138 0.0169051
1139 0.0169776
1140 0.0170482
1141 0.0171168
1142 0.0171834
1143 0.017248
1144 0.0173106
1145 0.017371
1146 0.0174294
1147 0.0174857
1148 0.0175398
1149 0.0175917
1150 0.0176415
1151 0.017689
1152 0.0177343
1153 0.0177773
1154 0.0178181
1155 0.0178566
1156 0.0178928
1157 0.0179266
1158 0.0179581
1159 0.0179873
1160 0.0180141
1161 0.0180385
1162 0.0180606
1163 0.0180802
1164 0.0180974
1165 0.0181122
1166 0.0181246
1167 0.0181345
1168 0.018142
1169 0.018147
1170 0.0181496
1171 0.0181498
1172 0.0181474
1173 0.0181427
1174 0.0181354
1175 0.0181258
1176 0.0181136
1177 0.018099
1178 0.018082
1179 0.0180625
1180 0.0180406
1181 0.0180162
1182 0.0179894
1183 0.0179602
1184 0.0179286
1185 0.0178946
1186 0.0178583
1187 0.0178195
1188 0.0177784
1189 0.017735
1190 0.0176892
1191 0.0176411
1192 0.0175907
1193 0.017538
1194 0.0174831
1195 0.0174259
1196 0.0173665
1197 0.017305
1198 0.0172412
1199 0.0171753
1200 0.0171073
1201 0.0170371
1202 0.0169649
1203 0.0168907
1204 0.0168144
1205 0.0167361
1206 0.0166559
1207 0.0165737
1208 0.0164896
1209 0.0164036
1210 0.0163158
1211 0.0162262
1212 0.0161348
1213 0.0160416
1214 0.0159468
1215 0.0158502
1216 0.015752
1217 0.0156522
1218 0.0155508
1219 0.0154479
1220 0.0153435
1221 0.0152376
1222 0.0151304
1223 0.0150217
1224 0.0149116
1225 0.0148003
1226 0.0146877
1227 0.0145738
1228 0.0144588
1229 0.0143426
1230 0.0142253
1231 0.014107
1232 0.0139876
1233 0.0138672
1234 0.0137458
1235 0.0136236
1236 0.0135005
1237 0.0133766
1238 0.0132518
1239 0.0131264
1240 0.0130002
1241 0.0128734
1242 0.012746
1243 0.012618
1244 0.0124894
1245 0.0123604
1246 0.0122309
1247 0.0121009
1248 0.0119707
1249 0.01184
1250 0.0117091
1251 0.011578
1252 0.0114466
1253 0.011315
1254 0.0111833
1255 0.0110515
1256 0.0109197
1257 0.0107878
1258 0.010656
1259 0.0105242
1260 0.0103925
1261 0.0102609
1262 0.0101295
1263 0.00999826
1264 0.00986728
1265 0.00973656
1266 0.00960614
1267 0.00947606
1268 0.00934635
1269 0.00921703
1270 0.00908815
1271 0.00895973
1272 0.0088318
1273 0.0087044
1274 0.00857754
1275 0.00845127
1276 0.00832561
1277 0.00820059
1278 0.00807622
1279 0.00795255
1280 0.0078296
1281 0.00770738
1282 0.00758593
1283 0.00746526
1284 0.0073454
1285 0.00722638
1286 0.00710821
1287 0.00699092
1288 0.00687452
1289 0.00675903
1290 0.00664448
1291 0.00653087
1292 0.00641824
1293 0.00630658
1294 0.00619593
1295 0.0060863
1296 0.00597769
1297 0.00587012
1298 0.00576362
1299 0.00565818
1300 0.00555382
1301 0.00545055
1302 0.00534838
1303 0.00524733
1304 0.0051474
1305 0.00504859
1306 0.00495092
1307 0.0048544
1308 0.00475903
1309 0.00466481
1310 0.00457175
1311 0.00447986
1312 0.00438914
1313 0.00429959
1314 0.00421122
1315 0.00412403
1316 0.00403801
1317 0.00395318
1318 0.00386953
1319 0.00378707
1320 0.00370578
1321 0.00362568
1322 0.00354675
1323 0.00346901
1324 0.00339243
1325 0.00331703
1326 0.0032428
1327 0.00316974
1328 0.00309783
1329 0.00302709
1330 0.00295749
1331 0.00288904
1332 0.00282173
1333 0.00275556
1334 0.00269051
1335 0.00262658
1336 0.00256377
1337 0.00250207
1338 0.00244146
1339 0.00238194
1340 0.00232351
1341 0.00226615
1342 0.00220986
1343 0.00215462
1344 0.00210042
1345 0.00204727
1346 0.00199514
1347 0.00194402
1348 0.00189391
1349 0.0018448
1350 0.00179668
1351 0.00174953
1352 0.00170334
1353 0.0016581
1354 0.00161381
1355 0.00157045
1356 0.001528
1357 0.00148646
1358 0.00144582
1359 0.00140606
1360 0.00136717
1361 0.00132915
1362 0.00129197
1363 0.00125562
1364 0.0012201
1365 0.00118539
1366 0.00115148
1367 0.00111836
1368 0.00108602
1369 0.00105443
1370 0.0010236
1371 0.000993508
1372 0.000964141
1373 0.000935489
1374 0.000907539
1375 0.000880279
1376 0.000853698
1377 0.000827783
1378 0.000802523
1379 0.000777905
1380 0.000753918
1381 0.00073055
1382 0.000707789
1383 0.000685624
1384 0.000664043
1385 0.000643035
1386 0.000622588
1387 0.000602692
1388 0.000583334
1389 0.000564505
1390 0.000546192
1391 0.000528386
1392 0.000511075
1393 0.000494249
1394 0.000477897
1395 0.000462009
1396 0.000446575
1397 0.000431584
1398 0.000417027
1399 0.000402894
1400 0.000389174
1401 0.000375859
1402 0.000362939
1403 0.000350404
1404 0.000338245
1405 0.000326453
1406 0.00031502
1407 0.000303936
1408 0.000293193
1409 0.000282781
1410 0.000272694
1411 0.000262922
1412 0.000253458
1413 0.000244293
1414 0.00023542
1415 0.000226831
1416 0.000218518
1417 0.000210474
1418 0.000202693
1419 0.000195165
1420 0.000187886
1421 0.000180847
1422 0.000174043
1423 0.000167466
1424 0.00016111
1425 0.000154969
1426 0.000149037
1427 0.000143308
1428 0.000137775
1429 0.000132433
1430 0.000127277
1431 0.0001223
1432 0.000117498
1433 0.000112866
1434 0.000108397
1435 0.000104087
1436 9.99319e-05
1437 9.59259e-05
1438 9.20647e-05
1439 8.83437e-05
1440 8.47585e-05
1441 8.13047e-05
1442 7.79783e-05
1443 7.4775e-05
1444 7.1691e-05
1445 6.87222e-05
1446 6.5865e-05
1447 6.31157e-05
1448 6.04706e-05
1449 5.79263e-05
1450 5.54795e-05
1451 5.31267e-05
1452 5.08649e-05
1453 4.86909e-05
1454 4.66017e-05
1455 4.45944e-05
1456 4.2666e-05
1457 4.0814e-05
1458 3.90355e-05
1459 3.73279e-05
1460 3.56889e-05
1461 3.41158e-05
1462 3.26063e-05
1463 3.11581e-05
1464 2.97691e-05
1465 2.84369e-05
1466 2.71596e-05
1467 2.59351e-05
1468 2.47615e-05
1469 2.36368e-05
1470 2.25592e-05
1471 2.15269e-05
1472 2.05383e-05
1473 1.95916e-05
1474 1.86852e-05
1475 1.78176e-05
1476 1.69873e-05
1477 1.61928e-05
1478 1.54327e-05
1479 1.47057e-05
1480 1.40105e-05
1481 1.33458e-05
1482 1.27103e-05
1483 1.2103e-05
1484 1.15226e-05
1485 1.09681e-05
1486 1.04385e-05
1487 9.9326e-06
1488 9.44958e-06
1489 8.98844e-06
1490 8.54829e-06
1491 8.12824e-06
1492 7.72745e-06
1493 7.34511e-06
1494 6.98044e-06
1495 6.63269e-06
1496 6.30114e-06
1497 5.98509e-06
1498 5.68388e-06
1499 5.39686e-06
1500 5.12341e-06
1501 4.86295e-06
1502 4.6149e-06
1503 4.37872e-06
1504 4.15388e-06
1505 3.93987e-06
1506 3.73622e-06
1507 3.54246e-06
1508 3.35814e-06
1509 3.18284e-06
1510 3.01615e-06
1511 2.85767e-06
1512 2.70703e-06
1513 2.56387e-06
1514 2.42784e-06
1515 2.29862e-06
1516 2.17587e-06
1517 2.05931e-06
1518 1.94864e-06
1519 1.84359e-06
1520 1.74388e-06
1521 1.64926e-06
1522 1.55949e-06
1523 1.47435e-06
1524 1.39359e-06
1525 1.31703e-06
1526 1.24444e-06
1527 1.17563e-06
1528 1.11043e-06
1529 1.04866e-06
1530 9.90137e-07
1531 9.34712e-07
1532 8.82228e-07
1533 8.32539e-07
1534 7.85504e-07
1535 7.40991e-07
1536 6.98873e-07
1537 6.59027e-07
1538 6.21339e-07
1539 5.85699e-07
1540 5.52002e-07
1541 5.20148e-07
1542 4.90042e-07
1543 4.61593e-07
1544 4.34716e-07
1545 4.09329e-07
1546 3.85353e-07
1547 3.62714e-07
1548 3.41343e-07
1549 3.21171e-07
1550 3.02136e-07
1551 2.84176e-07
1552 2.67235e-07
1553 2.51257e-07
1554 2.36191e-07
1555 2.21986e-07
1556 2.08598e-07
1557 1.95981e-07
1558 1.84092e-07
1559 1.72893e-07
1560 1.62345e-07
1561 1.52412e-07
1562 1.43061e-07
1563 1.34258e-07
1564 1.25974e-07
1565 1.18178e-07
1566 1.10845e-07
1567 1.03947e-07
1568 9.74601e-08
1569 9.13612e-08
1570 8.5628e-08
1571 8.02396e-08
1572 7.51762e-08
1573 7.04193e-08
1574 6.5951e-08
1575 6.17547e-08
1576 5.78147e-08
1577 5.41159e-08
1578 5.06442e-08
1579 4.73864e-08
1580 4.43299e-08
1581 4.14628e-08
1582 3.87738e-08
1583 3.62525e-08
1584 3.38887e-08
1585 3.16731e-08
1586 2.95968e-08
1587 2.76515e-08
1588 2.58291e-08
1589 2.41223e-08
1590 2.25241e-08
1591 2.10278e-08
1592 1.96272e-08
1593 1.83164e-08
1594 1.709e-08
1595 1.59426e-08
1596 1.48695e-08
1597 1.3866e-08
1598 1.29278e-08
1599 1.20508e-08
1600 1.12312e-08
1601 1.04653e-08
1602 9.74981e-09
1603 9.08152e-09
1604 8.45743e-09
1605 7.87474e-09
1606 7.3308e-09
1607 6.82314e-09
1608 6.34944e-09
1609 5.90749e-09
1610 5.49527e-09
1611 5.11084e-09
1612 4.75239e-09
1613 4.41825e-09
1614 4.10682e-09
1615 3.81661e-09
1616 3.54624e-09
1617 3.29439e-09
1618 3.05984e-09
1619 2.84145e-09
1620 2.63815e-09
1621 2.44892e-09
1622 2.27283e-09
1623 2.109e-09
1624 1.95661e-09
1625 1.81488e-09
1626 1.6831e-09
1627 1.56058e-09
1628 1.44671e-09
1629 1.34089e-09
1630 1.24257e-09
1631 1.15124e-09
1632 1.06642e-09
1633 9.87659e-10
1634 9.1454e-10
1635 8.46671e-10
1636 7.83689e-10
1637 7.25252e-10
1638 6.71045e-10
1639 6.20769e-10
1640 5.7415e-10
1641 5.3093e-10
1642 4.90869e-10
1643 4.53743e-10
1644 4.19345e-10
1645 3.8748e-10
1646 3.57967e-10
1647 3.30639e-10
1648 3.05338e-10
1649 2.81918e-10
1650 2.60245e-10
1651 2.40192e-10
1652 2.21641e-10
1653 2.04483e-10
1654 1.88617e-10
1655 1.73949e-10
1656 1.6039e-10
1657 1.4786e-10
1658 1.36282e-10
1659 1.25586e-10
1660 1.15707e-10
1661 1.06585e-10
1662 9.81632e-11
1663 9.03891e-11
1664 8.32146e-11
1665 7.65946e-11
1666 7.04876e-11
1667 6.4855e-11
1668 5.96608e-11
1669 5.4872e-11
1670 5.04577e-11
1671 4.63896e-11
1672 4.26411e-11
1673 3.91879e-11
1674 3.60074e-11
1675 3.30785e-11
1676 3.03819e-11
1677 2.78998e-11
1678 2.56154e-11
1679 2.35135e-11
1680 2.15798e-11
1681 1.98013e-11
1682 1.81658e-11
1683 1.66622e-11
1684 1.528e-11
1685 1.40098e-11
1686 1.28426e-11
1687 1.17704e-11
1688 1.07855e-11
1689 9.88118e-12
1690 9.05088e-12
1691 8.28873e-12
1692 7.58927e-12
1693 6.94747e-12
1694 6.3587e-12
1695 5.81869e-12
1696 5.32349e-12
1697 4.86948e-12
1698 4.45332e-12
1699 4.07193e-12
1700 3.72247e-12
1701 3.40233e-12
1702 3.10911e-12
1703 2.8406e-12
1704 2.59478e-12
1705 2.36976e-12
1706 2.16383e-12
1707 1.9754e-12
1708 1.80303e-12
1709 1.64538e-12
1710 1.50121e-12
1711 1.36941e-12
1712 1.24893e-12
1713 1.13883e-12
1714 1.03823e-12
1715 9.4633e-13
1716 8.62394e-13
1717 7.85748e-13
1718 7.15772e-13
1719 6.519e-13
1720 5.9361e-13
1721 5.40425e-13
1722 4.91908e-13
1723 4.47658e-13
1724 4.07308e-13
1725 3.70522e-13
1726 3.36991e-13
1727 3.06434e-13
1728 2.78593e-13
1729 2.53231e-13
1730 2.30132e-13
1731 2.09099e-13
1732 1.89951e-13
1733 1.72521e-13
1734 1.5666e-13
1735 1.42229e-13
1736 1.29102e-13
1737 1.17163e-13
1738 1.06307e-13
1739 9.64375e-14
1740 8.74671e-14
1741 7.93152e-14
1742 7.19088e-14
1743 6.51811e-14
1744 5.9071e-14
1745 5.3523e-14
1746 4.84865e-14
1747 4.39151e-14
1748 3.97668e-14
1749 3.60032e-14
1750 3.25893e-14
1751 2.94932e-14
1752 2.6686e-14
1753 2.41411e-14
1754 2.18345e-14
1755 1.97444e-14
1756 1.78508e-14
1757 1.61356e-14
1758 1.45823e-14
1759 1.31759e-14
1760 1.19027e-14
1761 1.07505e-14
1762 9.7078e-15
1763 8.7645e-15
1764 7.91128e-15
1765 7.1397e-15
1766 6.44207e-15
1767 5.81145e-15
1768 5.24151e-15
1769 4.72652e-15
1770 4.26128e-15
1771 3.84106e-15
1772 3.46158e-15
1773 3.11897e-15
1774 2.80971e-15
1775 2.53061e-15
1776 2.27877e-15
1777 2.05158e-15
1778 1.84667e-15
1779 1.6619e-15
1780 1.49531e-15
1781 1.34515e-15
1782 1.20983e-15
1783 1.0879e-15
1784 9.78059e-16
1785 8.79135e-16
1786 7.90057e-16
1787 7.09862e-16
1788 6.37679e-16
1789 5.72721e-16
1790 5.14276e-16
1791 4.61702e-16
1792 4.14419e-16
1793 3.71904e-16
1794 3.33682e-16
1795 2.99329e-16
1796 2.68458e-16
1797 2.40723e-16
1798 2.15809e-16
1799 1.93435e-16
1800 1.73345e-16
1801 1.5531e-16
1802 1.39124e-16
1803 1.246e-16
1804 1.11569e-16
1805 9.98806e-17
1806 8.93988e-17
1807 8.00008e-17
1808 7.15763e-17
1809 6.4026e-17
1810 5.72605e-17
1811 5.11996e-17
1812 4.5771e-17
1813 4.09096e-17
1814 3.65572e-17
1815 3.26612e-17
1816 2.91745e-17
1817 2.60548e-17
1818 2.32639e-17
1819 2.07678e-17
1820 1.85357e-17
1821 1.65402e-17
1822 1.47565e-17
1823 1.31625e-17
1824 1.17383e-17
1825 1.04661e-17
1826 9.32985e-18
1827 8.31528e-18
1828 7.40954e-18
1829 6.60111e-18
1830 5.87969e-18
1831 5.23605e-18
1832 4.66192e-18
1833 4.1499e-18
1834 3.69336e-18
1835 3.28638e-18
1836 2.92365e-18
1837 2.60043e-18
1838 2.31246e-18
1839 2.05597e-18
1840 1.82756e-18
1841 1.62419e-18
1842 1.44316e-18
1843 1.28204e-18
1844 1.13868e-18
1845 1.01114e-18
1846 8.97707e-19
1847 7.96835e-19
1848 7.07153e-19
1849 6.27437e-19
1850 5.56593e-19
1851 4.93648e-19
1852 4.37731e-19
1853 3.88069e-19
1854 3.43971e-19
1855 3.04822e-19
1856 2.70073e-19
1857 2.39237e-19
1858 2.11878e-19
1859 1.87609e-19
1860 1.66087e-19
1861 1.47003e-19
1862 1.30085e-19
1863 1.15091e-19
1864 1.01804e-19
1865 9.00329e-20
1866 7.96064e-20
1867 7.03729e-20
1868 6.21976e-20
1869 5.49608e-20
1870 4.85561e-20
1871 4.28889e-20
1872 3.78754e-20
1873 3.34411e-20
1874 2.95199e-20
1875 2.60531e-20
1876 2.29888e-20
1877 2.02807e-20
1878 1.7888e-20
1879 1.57743e-20
1880 1.39075e-20
1881 1.22591e-20
1882 1.08039e-20
1883 9.51943e-21
1884 8.38597e-21
1885 7.38595e-21
1886 6.50385e-21
1887 5.72591e-21
1888 5.04e-21
1889 4.43533e-21
1890 3.9024e-21
1891 3.4328e-21
1892 3.01909e-21
1893 2.6547e-21
1894 2.3338e-21
1895 2.05127e-21
1896 1.80257e-21
1897 1.5837e-21
1898 1.39112e-21
1899 1.2217e-21
1900 1.07269e-21
1901 9.41668e-22
1902 8.26477e-22
1903 7.25226e-22
1904 6.36248e-22
1905 5.58071e-22
1906 4.894e-22
1907 4.29089e-22
1908 3.76133e-22
1909 3.29645e-22
1910 2.88843e-22
1911 2.53039e-22
1912 2.21627e-22
1913 1.94074e-22
1914 1.69912e-22
1915 1.48727e-22
1916 1.30156e-22
1917 1.13881e-22
1918 9.96204e-23
1919 8.71274e-23
1920 7.61853e-23
1921 6.66037e-23
1922 5.8215e-23
1923 5.08723e-23
1924 4.44466e-23
1925 3.88245e-23
1926 3.39064e-23
1927 2.96053e-23
1928 2.58444e-23
1929 2.25566e-23
1930 1.9683e-23
1931 1.71719e-23
1932 1.4978e-23
1933 1.30617e-23
1934 1.13883e-23
1935 9.92713e-24
1936 8.65167e-24
1937 7.53853e-24
1938 6.56724e-24
1939 5.7199e-24
1940 4.98085e-24
1941 4.3364e-24
1942 3.77454e-24
1943 3.2848e-24
1944 2.85801e-24
1945 2.48616e-24
1946 2.16223e-24
1947 1.88012e-24
1948 1.63448e-24
1949 1.42063e-24
1950 1.23451e-24
1951 1.07255e-24
1952 9.31643e-25
1953 8.0908e-25
1954 7.02491e-25
1955 6.0982e-25
1956 5.29264e-25
1957 4.59251e-25
1958 3.9842e-25
1959 3.45574e-25
1960 2.99671e-25
1961 2.59814e-25
1962 2.25211e-25
1963 1.95176e-25
1964 1.69112e-25
1965 1.46497e-25
1966 1.26879e-25
1967 1.09867e-25
1968 9.5114e-26
1969 8.2326e-26
1970 7.12431e-26
1971 6.16383e-26
1972 5.33179e-26
1973 4.61104e-26
1974 3.98693e-26
1975 3.4466e-26
1976 2.97883e-26
1977 2.57401e-26
1978 2.22376e-26
1979 1.92076e-26
1980 1.65868e-26
1981 1.43208e-26
1982 1.23618e-26
1983 1.06685e-26
1984 9.20514e-27
1985 7.94082e-27
1986 6.84888e-27
1987 5.90577e-27
1988 5.09145e-27
1989 4.38853e-27
1990 3.78185e-27
1991 3.25835e-27
1992 2.8067e-27
1993 2.41717e-27
1994 2.08126e-27
1995 1.79167e-27
1996 1.54204e-27
1997 1.3269e-27
1998 1.14154e-27
1999 9.81886e-28
2000 8.44362e-28
2001 7.25954e-28
2002 6.24024e-28
2003 5.36284e-28
2004 4.60789e-28
2005 3.95839e-28
2006 3.39968e-28
2007 2.9192e-28
2008 2.50615e-28
2009 2.15106e-28
2010 1.84586e-28
2011 1.58365e-28
2012 1.35838e-28
2013 1.16494e-28
2014 9.98796e-29
2015 8.56175e-29
2016 7.33774e-29
2017 6.28711e-29
2018 5.38588e-29
2019 4.61259e-29
2020 3.94946e-29
2021 3.38123e-29
2022 2.89378e-29
2023 2.47609e-29
2024 2.11829e-29
2025 1.81166e-29
2026 1.54908e-29
2027 1.32421e-29
2028 1.13173e-29
2029 9.66945e-30
2030 8.25977e-30
2031 7.05339e-30
2032 6.02146e-30
2033 5.13941e-30
2034 4.38504e-30
2035 3.74044e-30
2036 3.1897e-30
2037 2.71948e-30
2038 2.31765e-30
2039 1.9748e-30
2040 1.68265e-30
2041 1.43343e-30
2042 1.22126e-30
2043 1.04079e-30
2044 8.87304e-31
2045 7.57212e-31
2046 6.47149e-31
2047 5.54286e-31
