0 5.50879e-55
1 5.15125e-55
2 4.95907e-55
3 4.92019e-55
4 5.03181e-55
5 5.30015e-55
6 5.74078e-55
7 6.37945e-55
8 7.25356e-55
9 8.41423e-55
10 9.92921e-55
11 1.18867e-54
12 1.44004e-54
13 1.76159e-54
14 2.17188e-54
15 2.69451e-54
16 3.3595e-54
17 4.20489e-54
18 5.27892e-54
19 6.64272e-54
20 8.37368e-54
21 1.05698e-53
22 1.3355e-53
23 1.68862e-53
24 2.13617e-53
25 2.70322e-53
26 3.42146e-53
27 4.33094e-53
28 5.48223e-53
29 6.9392e-53
30 8.78249e-53
31 1.11139e-52
32 1.40618e-52
33 1.77882e-52
34 2.24975e-52
35 2.84472e-52
36 3.59621e-52
37 4.54513e-52
38 5.74304e-52
39 7.25487e-52
40 9.16238e-52
41 1.15685e-51
42 1.46028e-51
43 1.84284e-51
44 2.32502e-51
45 2.93261e-51
46 3.69806e-51
47 4.66213e-51
48 5.87605e-51
49 7.40419e-51
50 9.32742e-51
51 1.17473e-50
52 1.47913e-50
53 1.86195e-50
54 2.34328e-50
55 2.9483e-50
56 3.70865e-50
57 4.66394e-50
58 5.86388e-50
59 7.37076e-50
60 9.26264e-50
61 1.16373e-49
62 1.46173e-49
63 1.83559e-49
64 2.30452e-49
65 2.89254e-49
66 3.62974e-49
67 4.55373e-49
68 5.71156e-49
69 7.16205e-49
70 8.97873e-49
71 1.12535e-48
72 1.41012e-48
73 1.76651e-48
74 2.21245e-48
75 2.77028e-48
76 3.4679e-48
77 4.34013e-48
78 5.43041e-48
79 6.79288e-48
80 8.49508e-48
81 1.06212e-47
82 1.3276e-47
83 1.65903e-47
84 2.07267e-47
85 2.58879e-47
86 3.2326e-47
87 4.03549e-47
88 5.03649e-47
89 6.28417e-47
90 7.8389e-47
91 9.77574e-47
92 1.21879e-46
93 1.51914e-46
94 1.893e-46
95 2.35824e-46
96 2.93705e-46
97 3.65696e-46
98 4.55212e-46
99 5.66488e-46
100 7.04779e-46
101 8.76595e-46
102 1.09001e-45
103 1.35501e-45
104 1.684e-45
105 2.0923e-45
106 2.5989e-45
107 3.2273e-45
108 4.00657e-45
109 4.97269e-45
110 6.17012e-45
111 7.65387e-45
112 9.4919e-45
113 1.17682e-44
114 1.45866e-44
115 1.80751e-44
116 2.23921e-44
117 2.7733e-44
118 3.43387e-44
119 4.25069e-44
120 5.26044e-44
121 6.50838e-44
122 8.0503e-44
123 9.95499e-44
124 1.23072e-43
125 1.52113e-43
126 1.8796e-43
127 2.32197e-43
128 2.86772e-43
129 3.54087e-43
130 4.37095e-43
131 5.3943e-43
132 6.6556e-43
133 8.20981e-43
134 1.01245e-42
135 1.24827e-42
136 1.53865e-42
137 1.89611e-42
138 2.33607e-42
139 2.87741e-42
140 3.54336e-42
141 4.3624e-42
142 5.36947e-42
143 6.60747e-42
144 8.12897e-42
145 9.99845e-42
146 1.2295e-41
147 1.51154e-41
148 1.85784e-41
149 2.28294e-41
150 2.80464e-41
151 3.44475e-41
152 4.22994e-41
153 5.19287e-41
154 6.37349e-41
155 7.82065e-41
156 9.59412e-41
157 1.17669e-40
158 1.44283e-40
159 1.76874e-40
160 2.16773e-40
161 2.65608e-40
162 3.25366e-40
163 3.9847e-40
164 4.8788e-40
165 5.97204e-40
166 7.30844e-40
167 8.94166e-40
168 1.09371e-39
169 1.33746e-39
170 1.63511e-39
171 1.99849e-39
172 2.44202e-39
173 2.98322e-39
174 3.64343e-39
175 4.44862e-39
176 5.43035e-39
177 6.62703e-39
178 8.08533e-39
179 9.86198e-39
180 1.20259e-38
181 1.46609e-38
182 1.78685e-38
183 2.17723e-38
184 2.65221e-38
185 3.22996e-38
186 3.93256e-38
187 4.78673e-38
188 5.82493e-38
189 7.08646e-38
190 8.61896e-38
191 1.04802e-37
192 1.274e-37
193 1.54831e-37
194 1.88121e-37
195 2.28508e-37
196 2.77496e-37
197 3.369e-37
198 4.08916e-37
199 4.962e-37
200 6.01964e-37
201 7.30086e-37
202 8.85256e-37
203 1.07314e-36
204 1.30057e-36
205 1.57581e-36
206 1.90883e-36
207 2.31166e-36
208 2.79881e-36
209 3.3878e-36
210 4.09974e-36
211 4.96009e-36
212 5.99954e-36
213 7.25508e-36
214 8.77127e-36
215 1.06018e-35
216 1.28112e-35
217 1.54775e-35
218 1.86942e-35
219 2.25741e-35
220 2.72528e-35
221 3.28935e-35
222 3.96923e-35
223 4.78851e-35
224 5.77553e-35
225 6.96436e-35
226 8.39593e-35
227 1.01194e-34
228 1.21937e-34
229 1.46898e-34
230 1.76927e-34
231 2.13043e-34
232 2.56471e-34
233 3.08678e-34
234 3.71424e-34
235 4.46817e-34
236 5.37384e-34
237 6.46153e-34
238 7.7675e-34
239 9.33515e-34
240 1.12164e-33
241 1.34736e-33
242 1.6181e-33
243 1.94276e-33
244 2.33198e-33
245 2.79848e-33
246 3.35747e-33
247 4.0271e-33
248 4.82908e-33
249 5.7893e-33
250 6.93869e-33
251 8.31416e-33
252 9.95975e-33
253 1.1928e-32
254 1.42815e-32
255 1.70951e-32
256 2.04576e-32
257 2.44752e-32
258 2.92742e-32
259 3.50051e-32
260 4.18471e-32
261 5.00134e-32
262 5.97578e-32
263 7.13822e-32
264 8.52457e-32
265 1.01775e-31
266 1.21479e-31
267 1.44959e-31
268 1.72933e-31
269 2.06251e-31
270 2.45926e-31
271 2.93158e-31
272 3.49371e-31
273 4.16257e-31
274 4.95821e-31
275 5.90444e-31
276 7.02946e-31
277 8.36673e-31
278 9.9559e-31
279 1.1844e-30
280 1.40865e-30
281 1.67496e-30
282 1.99112e-30
283 2.36638e-30
284 2.81166e-30
285 3.33993e-30
286 3.96648e-30
287 4.70943e-30
288 5.59019e-30
289 6.63408e-30
290 7.87102e-30
291 9.33636e-30
292 1.10719e-29
293 1.31269e-29
294 1.55596e-29
295 1.84389e-29
296 2.18457e-29
297 2.5876e-29
298 3.06426e-29
299 3.62787e-29
300 4.29414e-29
301 5.08158e-29
302 6.01201e-29
303 7.11112e-29
304 8.40919e-29
305 9.94186e-29
306 1.17511e-28
307 1.38863e-28
308 1.64056e-28
309 1.93773e-28
310 2.28819e-28
311 2.70137e-28
312 3.18841e-28
313 3.76234e-28
314 4.4385e-28
315 5.2349e-28
316 6.17269e-28
317 7.27668e-28
318 8.576e-28
319 1.01048e-27
320 1.19032e-27
321 1.40181e-27
322 1.65046e-27
323 1.94272e-27
324 2.28616e-27
325 2.68962e-27
326 3.16347e-27
327 3.71985e-27
328 4.37294e-27
329 5.13936e-27
330 6.03853e-27
331 7.09316e-27
332 8.3298e-27
333 9.77947e-27
334 1.14784e-26
335 1.34689e-26
336 1.58005e-26
337 1.85307e-26
338 2.1727e-26
339 2.54678e-26
340 2.98448e-26
341 3.49648e-26
342 4.09523e-26
343 4.79525e-26
344 5.61345e-26
345 6.56953e-26
346 7.68644e-26
347 8.99088e-26
348 1.0514e-25
349 1.22918e-25
350 1.43667e-25
351 1.67874e-25
352 1.96109e-25
353 2.29035e-25
354 2.67421e-25
355 3.12162e-25
356 3.64296e-25
357 4.25031e-25
358 4.95768e-25
359 5.78133e-25
360 6.74017e-25
361 7.85611e-25
362 9.15456e-25
363 1.0665e-24
364 1.24217e-24
365 1.44643e-24
366 1.68387e-24
367 1.95983e-24
368 2.28046e-24
369 2.65292e-24
370 3.08549e-24
371 3.58775e-24
372 4.17078e-24
373 4.84743e-24
374 5.63253e-24
375 6.54326e-24
376 7.59948e-24
377 8.82412e-24
378 1.02437e-23
379 1.18889e-23
380 1.37951e-23
381 1.60032e-23
382 1.85603e-23
383 2.15209e-23
384 2.49479e-23
385 2.89137e-23
386 3.3502e-23
387 3.88089e-23
388 4.49457e-23
389 5.20403e-23
390 6.024e-23
391 6.97145e-23
392 8.06592e-23
393 9.3299e-23
394 1.07892e-22
395 1.24737e-22
396 1.44175e-22
397 1.66599e-22
398 1.92462e-22
399 2.22282e-22
400 2.56655e-22
401 2.96267e-22
402 3.41901e-22
403 3.9446e-22
404 4.54977e-22
405 5.24638e-22
406 6.04802e-22
407 6.97026e-22
408 8.03095e-22
409 9.25052e-22
410 1.06524e-21
411 1.22633e-21
412 1.4114e-21
413 1.62395e-21
414 1.86799e-21
415 2.14812e-21
416 2.46956e-21
417 2.83833e-21
418 3.26126e-21
419 3.74618e-21
420 4.30202e-21
421 4.93897e-21
422 5.66867e-21
423 6.50441e-21
424 7.46133e-21
425 8.55672e-21
426 9.81027e-21
427 1.12444e-20
428 1.28848e-20
429 1.47606e-20
430 1.69051e-20
431 1.93559e-20
432 2.21564e-20
433 2.53555e-20
434 2.9009e-20
435 3.31805e-20
436 3.79424e-20
437 4.33767e-20
438 4.95771e-20
439 5.66497e-20
440 6.47155e-20
441 7.39118e-20
442 8.43944e-20
443 9.63408e-20
444 1.09952e-19
445 1.25457e-19
446 1.43114e-19
447 1.63218e-19
448 1.86104e-19
449 2.12149e-19
450 2.41783e-19
451 2.75493e-19
452 3.13832e-19
453 3.57424e-19
454 4.06979e-19
455 4.63297e-19
456 5.27289e-19
457 5.99983e-19
458 6.82541e-19
459 7.76282e-19
460 8.82692e-19
461 1.00346e-18
462 1.14048e-18
463 1.29591e-18
464 1.47217e-18
465 1.67201e-18
466 1.89852e-18
467 2.15519e-18
468 2.44597e-18
469 2.77531e-18
470 3.1482e-18
471 3.5703e-18
472 4.04796e-18
473 4.58836e-18
474 5.19956e-18
475 5.89063e-18
476 6.67179e-18
477 7.55453e-18
478 8.55176e-18
479 9.67799e-18
480 1.09495e-17
481 1.23847e-17
482 1.40041e-17
483 1.58307e-17
484 1.78904e-17
485 2.02124e-17
486 2.28292e-17
487 2.57771e-17
488 2.90973e-17
489 3.28354e-17
490 3.70427e-17
491 4.17768e-17
492 4.71017e-17
493 5.30895e-17
494 5.98204e-17
495 6.73845e-17
496 7.58821e-17
497 8.54256e-17
498 9.61404e-17
499 1.08167e-16
500 1.2166e-16
501 1.36797e-16
502 1.5377e-16
503 1.72799e-16
504 1.94124e-16
505 2.18018e-16
506 2.44781e-16
507 2.74749e-16
508 3.08298e-16
509 3.45844e-16
510 3.87854e-16
511 4.34845e-16
512 4.87395e-16
513 5.46146e-16
514 6.11814e-16
515 6.85194e-16
516 7.67174e-16
517 8.58739e-16
518 9.60986e-16
519 1.07514e-15
520 1.20254e-15
521 1.34472e-15
522 1.50335e-15
523 1.68028e-15
524 1.87759e-15
525 2.09759e-15
526 2.34283e-15
527 2.61616e-15
528 2.92071e-15
529 3.26001e-15
530 3.63792e-15
531 4.05877e-15
532 4.52735e-15
533 5.04894e-15
534 5.62944e-15
535 6.27538e-15
536 6.99398e-15
537 7.79324e-15
538 8.68204e-15
539 9.6702e-15
540 1.07686e-14
541 1.19892e-14
542 1.33455e-14
543 1.4852e-14
544 1.6525e-14
545 1.83826e-14
546 2.04445e-14
547 2.27328e-14
548 2.52715e-14
549 2.80874e-14
550 3.12098e-14
551 3.46713e-14
552 3.85076e-14
553 4.27581e-14
554 4.7466e-14
555 5.2679e-14
556 5.84496e-14
557 6.48355e-14
558 7.18999e-14
559 7.97124e-14
560 8.83494e-14
561 9.78947e-14
562 1.0844e-13
563 1.20086e-13
564 1.32943e-13
565 1.47133e-13
566 1.62786e-13
567 1.80048e-13
568 1.99077e-13
569 2.20046e-13
570 2.43144e-13
571 2.68577e-13
572 2.96569e-13
573 3.27368e-13
574 3.6124e-13
575 3.98478e-13
576 4.39399e-13
577 4.8435e-13
578 5.33708e-13
579 5.87885e-13
580 6.47326e-13
581 7.12518e-13
582 7.83989e-13
583 8.62313e-13
584 9.48114e-13
585 1.04207e-12
586 1.14492e-12
587 1.25746e-12
588 1.38056e-12
589 1.51516e-12
590 1.66229e-12
591 1.82305e-12
592 1.99865e-12
593 2.1904e-12
594 2.39971e-12
595 2.62812e-12
596 2.87731e-12
597 3.14907e-12
598 3.44537e-12
599 3.76835e-12
600 4.12031e-12
601 4.50375e-12
602 4.9214e-12
603 5.37621e-12
604 5.87137e-12
605 6.41036e-12
606 6.99695e-12
607 7.63521e-12
608 8.3296e-12
609 9.08493e-12
610 9.90642e-12
611 1.07998e-11
612 1.17711e-11
613 1.28271e-11
614 1.39751e-11
615 1.52228e-11
616 1.6579e-11
617 1.80528e-11
618 1.96544e-11
619 2.13946e-11
620 2.32853e-11
621 2.53395e-11
622 2.7571e-11
623 2.9995e-11
624 3.2628e-11
625 3.54877e-11
626 3.85934e-11
627 4.19661e-11
628 4.56283e-11
629 4.96046e-11
630 5.39214e-11
631 5.86075e-11
632 6.36938e-11
633 6.92138e-11
634 7.52036e-11
635 8.17024e-11
636 8.87521e-11
637 9.63981e-11
638 1.04689e-10
639 1.13678e-10
640 1.23422e-10
641 1.3398e-10
642 1.45419e-10
643 1.57808e-10
644 1.71223e-10
645 1.85744e-10
646 2.01457e-10
647 2.18453e-10
648 2.36832e-10
649 2.56698e-10
650 2.78163e-10
651 3.01346e-10
652 3.26373e-10
653 3.5338e-10
654 3.82508e-10
655 4.13909e-10
656 4.47744e-10
657 4.84182e-10
658 5.23401e-10
659 5.65592e-10
660 6.10954e-10
661 6.59695e-10
662 7.12036e-10
663 7.68209e-10
664 8.28457e-10
665 8.93032e-10
666 9.62202e-10
667 1.03624e-09
668 1.11544e-09
669 1.20011e-09
670 1.29054e-09
671 1.38708e-09
672 1.49006e-09
673 1.59982e-09
674 1.71673e-09
675 1.84117e-09
676 1.97351e-09
677 2.11415e-09
678 2.26351e-09
679 2.422e-09
680 2.59005e-09
681 2.7681e-09
682 2.95661e-09
683 3.15604e-09
684 3.36686e-09
685 3.58955e-09
686 3.82461e-09
687 4.07253e-09
688 4.33385e-09
689 4.60907e-09
690 4.89874e-09
691 5.2034e-09
692 5.52362e-09
693 5.85997e-09
694 6.21304e-09
695 6.58343e-09
696 6.97177e-09
697 7.37872e-09
698 7.80493e-09
699 8.25112e-09
700 8.71801e-09
701 9.20638e-09
702 9.71703e-09
703 1.02508e-08
704 1.08087e-08
705 1.13916e-08
706 1.20006e-08
707 1.26368e-08
708 1.33015e-08
709 1.39961e-08
710 1.47218e-08
711 1.54804e-08
712 1.62737e-08
713 1.71034e-08
714 1.79718e-08
715 1.8881e-08
716 1.98338e-08
717 2.08328e-08
718 2.18813e-08
719 2.29825e-08
720 2.41402e-08
721 2.53586e-08
722 2.66421e-08
723 2.79958e-08
724 2.94252e-08
725 3.09362e-08
726 3.25353e-08
727 3.42298e-08
728 3.60274e-08
729 3.79366e-08
730 3.99668e-08
731 4.2128e-08
732 4.44312e-08
733 4.6888e-08
734 4.95114e-08
735 5.23151e-08
736 5.53139e-08
737 5.85238e-08
738 6.1962e-08
739 6.56468e-08
740 6.95978e-08
741 7.38359e-08
742 7.83835e-08
743 8.32643e-08
744 8.85034e-08
745 9.41275e-08
746 1.00165e-07
747 1.06645e-07
748 1.13599e-07
749 1.21061e-07
750 1.29063e-07
751 1.37644e-07
752 1.4684e-07
753 1.5669e-07
754 1.67235e-07
755 1.78517e-07
756 1.90581e-07
757 2.03471e-07
758 2.17233e-07
759 2.31915e-07
760 2.47566e-07
761 2.64235e-07
762 2.81973e-07
763 3.00831e-07
764 3.2086e-07
765 3.42114e-07
766 3.64642e-07
767 3.88499e-07
768 4.13734e-07
769 4.404e-07
770 4.68545e-07
771 4.9822e-07
772 5.29471e-07
773 5.62343e-07
774 5.96879e-07
775 6.3312e-07
776 6.71103e-07
777 7.10862e-07
778 7.52426e-07
779 7.95822e-07
780 8.41069e-07
781 8.88184e-07
782 9.37176e-07
783 9.88048e-07
784 1.0408e-06
785 1.09542e-06
786 1.15188e-06
787 1.21017e-06
788 1.27025e-06
789 1.33207e-06
790 1.39558e-06
791 1.46072e-06
792 1.52741e-06
793 1.59558e-06
794 1.66511e-06
795 1.73592e-06
796 1.80787e-06
797 1.88085e-06
798 1.95471e-06
799 2.02929e-06
800 2.10443e-06
801 2.17996e-06
802 2.25568e-06
803 2.3314e-06
804 2.4069e-06
805 2.48197e-06
806 2.55637e-06
807 2.62986e-06
808 2.70219e-06
809 2.77311e-06
810 2.84236e-06
811 2.90966e-06
812 2.97474e-06
813 3.03734e-06
814 3.09717e-06
815 3.15395e-06
816 3.20743e-06
817 3.25733e-06
818 3.3034e-06
819 3.34539e-06
820 3.38306e-06
821 3.4162e-06
822 3.4446e-06
823 3.4681e-06
824 3.48654e-06
825 3.4998e-06
826 3.5078e-06
827 3.51047e-06
828 3.50783e-06
829 3.49991e-06
830 3.4868e-06
831 3.46865e-06
832 3.44568e-06
833 3.41815e-06
834 3.38642e-06
835 3.35092e-06
836 3.31216e-06
837 3.27075e-06
838 3.22738e-06
839 3.18287e-06
840 3.13812e-06
841 3.09416e-06
842 3.05214e-06
843 3.01336e-06
844 2.97922e-06
845 2.95129e-06
846 2.93129e-06
847 2.9211e-06
848 2.92274e-06
849 2.93844e-06
850 2.9706e-06
851 3.02179e-06
852 3.09479e-06
853 3.1926e-06
854 3.31839e-06
855 3.47559e-06
856 3.66784e-06
857 3.899e-06
858 4.1732e-06
859 4.49478e-06
860 4.86837e-06
861 5.29884e-06
862 5.79134e-06
863 6.3513e-06
864 6.98441e-06
865 7.69667e-06
866 8.49438e-06
867 9.38412e-06
868 1.03728e-05
869 1.14676e-05
870 1.26761e-05
871 1.40062e-05
872 1.5466e-05
873 1.7064e-05
874 1.88092e-05
875 2.07108e-05
876 2.27782e-05
877 2.50215e-05
878 2.7451e-05
879 3.00772e-05
880 3.29111e-05
881 3.59643e-05
882 3.92485e-05
883 4.27757e-05
884 4.65587e-05
885 5.06101e-05
886 5.49435e-05
887 5.95725e-05
888 6.45112e-05
889 6.97742e-05
890 7.53763e-05
891 8.13329e-05
892 8.76597e-05
893 9.4373e-05
894 0.000101489
895 0.000109025
896 0.000116999
897 0.000125428
898 0.00013433
899 0.000143724
900 0.00015363
901 0.000164067
902 0.000175055
903 0.000186614
904 0.000198766
905 0.000211532
906 0.000224933
907 0.000238993
908 0.000253733
909 0.000269177
910 0.000285348
911 0.000302272
912 0.000319972
913 0.000338474
914 0.000357804
915 0.000377987
916 0.00039905
917 0.00042102
918 0.000443925
919 0.000467794
920 0.000492654
921 0.000518534
922 0.000545465
923 0.000573477
924 0.000602599
925 0.000632865
926 0.000664304
927 0.000696949
928 0.000730833
929 0.00076599
930 0.000802452
931 0.000840254
932 0.000879431
933 0.000920018
934 0.00096205
935 0.00100556
936 0.0010506
937 0.00109718
938 0.00114536
939 0.00119517
940 0.00124665
941 0.00129984
942 0.00135478
943 0.0014115
944 0.00147004
945 0.00153045
946 0.00159277
947 0.00165704
948 0.00172329
949 0.00179157
950 0.00186193
951 0.00193439
952 0.00200901
953 0.00208582
954 0.00216487
955 0.00224619
956 0.00232983
957 0.00241584
958 0.00250424
959 0.00259508
960 0.00268841
961 0.00278426
962 0.00288267
963 0.00298369
964 0.00308734
965 0.00319367
966 0.00330271
967 0.00341451
968 0.0035291
969 0.0036465
970 0.00376677
971 0.00388992
972 0.004016
973 0.00414502
974 0.00427703
975 0.00441204
976 0.00455009
977 0.0046912
978 0.00483539
979 0.00498268
980 0.0051331
981 0.00528666
982 0.00544337
983 0.00560325
984 0.0057663
985 0.00593255
986 0.00610199
987 0.00627463
988 0.00645047
989 0.00662951
990 0.00681174
991 0.00699715
992 0.00718575
993 0.0073775
994 0.0075724
995 0.00777043
996 0.00797157
997 0.00817578
998 0.00838305
999 0.00859332
1000 0.00880658
1001 0.00902278
1002 0.00924188
1003 0.00946382
1004 0.00968856
1005 0.00991604
1006 0.0101462
1007 0.010379
1008 0.0106143
1009 0.0108522
1010 0.0110924
1011 0.011335
1012 0.0115798
1013 0.0118267
1014 0.0120758
1015 0.0123268
1016 0.0125797
1017 0.0128344
1018 0.0130907
1019 0.0133486
1020 0.013608
1021 0.0138687
1022 0.0141306
1023 0.0143935
1024 0.0146575
1025 0.0149222
1026 0.0151876
1027 0.0154536
1028 0.01572
1029 0.0159867
1030 0.0162534
1031 0.0165202
1032 0.0167867
1033 0.0170529
1034 0.0173186
1035 0.0175836
1036 0.0178478
1037 0.0181111
1038 0.0183731
1039 0.0186338
1040 0.0188931
1041 0.0191506
1042 0.0194064
1043 0.0196601
1044 0.0199116
1045 0.0201608
1046 0.0204074
1047 0.0206513
1048 0.0208923
1049 0.0211303
1050 0.021365
1051 0.0215964
1052 0.0218241
1053 0.0220481
1054 0.0222682
1055 0.0224842
1056 0.0226959
1057 0.0229032
1058 0.0231059
1059 0.0233039
1060 0.0234969
1061 0.0236849
1062 0.0238678
1063 0.0240452
1064 0.0242171
1065 0.0243834
1066 0.024544
1067 0.0246986
1068 0.0248471
1069 0.0249895
1070 0.0251256
1071 0.0252553
1072 0.0253785
1073 0.025495
1074 0.0256049
1075 0.0257079
1076 0.025804
1077 0.0258931
1078 0.0259752
1079 0.0260501
1080 0.0261178
1081 0.0261782
1082 0.0262313
1083 0.0262771
1084 0.0263154
1085 0.0263463
1086 0.0263697
1087 0.0263857
1088 0.0263941
1089 0.0263949
1090 0.0263883
1091 0.0263741
1092 0.0263525
1093 0.0263233
1094 0.0262867
1095 0.0262426
1096 0.0261911
1097 0.0261323
1098 0.0260661
1099 0.0259927
1100 0.0259121
1101 0.0258243
1102 0.0257295
1103 0.0256277
1104 0.0255191
1105 0.0254036
1106 0.0252814
1107 0.0251526
1108 0.0250173
1109 0.0248756
1110 0.0247277
1111 0.0245736
1112 0.0244135
1113 0.0242474
1114 0.0240757
1115 0.0238983
1116 0.0237154
1117 0.0235272
1118 0.0233338
1119 0.0231353
1120 0.022932
1121 0.022724
1122 0.0225114
1123 0.0222944
1124 0.0220732
1125 0.021848
1126 0.0216188
1127 0.021386
1128 0.0211496
1129 0.0209098
1130 0.0206668
1131 0.0204208
1132 0.020172
1133 0.0199205
1134 0.0196665
1135 0.0194102
1136 0.0191517
1137 0.0188913
1138 0.0186291
1139 0.0183653
1140 0.0181
1141 0.0178335
1142 0.0175659
1143 0.0172973
1144 0.017028
1145 0.0167581
1146 0.0164877
1147 0.0162171
1148 0.0159463
1149 0.0156756
1150 0.0154051
1151 0.0151349
1152 0.0148652
1153 0.0145962
1154 0.0143279
1155 0.0140605
1156 0.0137942
1157 0.0135291
1158 0.0132652
1159 0.0130028
1160 0.012742
1161 0.0124828
1162 0.0122254
1163 0.0119699
1164 0.0117164
1165 0.0114649
1166 0.0112157
1167 0.0109688
1168 0.0107242
1169 0.0104821
1170 0.0102425
1171 0.0100056
1172 0.00977132
1173 0.00953983
1174 0.00931117
1175 0.0090854
1176 0.00886257
1177 0.00864275
1178 0.00842597
1179 0.00821229
1180 0.00800175
1181 0.00779438
1182 0.00759023
1183 0.00738932
1184 0.00719167
1185 0.00699732
1186 0.00680628
1187 0.00661857
1188 0.00643421
1189 0.0062532
1190 0.00607556
1191 0.00590128
1192 0.00573037
1193 0.00556283
1194 0.00539865
1195 0.00523782
1196 0.00508034
1197 0.0049262
1198 0.00477537
1199 0.00462785
1200 0.00448361
1201 0.00434264
1202 0.0042049
1203 0.00407037
1204 0.00393903
1205 0.00381085
1206 0.00368579
1207 0.00356382
1208 0.00344492
1209 0.00332903
1210 0.00321614
1211 0.00310619
1212 0.00299915
1213 0.00289498
1214 0.00279364
1215 0.00269508
1216 0.00259926
1217 0.00250614
1218 0.00241568
1219 0.00232782
1220 0.00224252
1221 0.00215974
1222 0.00207943
1223 0.00200154
1224 0.00192602
1225 0.00185283
1226 0.00178192
1227 0.00171325
1228 0.00164675
1229 0.00158239
1230 0.00152012
1231 0.00145988
1232 0.00140164
1233 0.00134535
1234 0.00129095
1235 0.00123841
1236 0.00118767
1237 0.00113869
1238 0.00109142
1239 0.00104583
1240 0.00100186
1241 0.000959464
1242 0.000918609
1243 0.000879248
1244 0.000841338
1245 0.000804839
1246 0.000769708
1247 0.000735905
1248 0.000703391
1249 0.000672126
1250 0.000642072
1251 0.000613191
1252 0.000585447
1253 0.000558802
1254 0.000533222
1255 0.000508672
1256 0.000485118
1257 0.000462526
1258 0.000440864
1259 0.000420101
1260 0.000400204
1261 0.000381145
1262 0.000362892
1263 0.000345419
1264 0.000328696
1265 0.000312697
1266 0.000297394
1267 0.000282762
1268 0.000268776
1269 0.000255412
1270 0.000242646
1271 0.000230454
1272 0.000218814
1273 0.000207706
1274 0.000197107
1275 0.000186998
1276 0.000177359
1277 0.000168171
1278 0.000159415
1279 0.000151073
1280 0.000143129
1281 0.000135566
1282 0.000128367
1283 0.000121517
1284 0.000115001
1285 0.000108805
1286 0.000102915
1287 9.73172e-05
1288 9.19988e-05
1289 8.69473e-05
1290 8.21509e-05
1291 7.75979e-05
1292 7.32773e-05
1293 6.91785e-05
1294 6.52912e-05
1295 6.16056e-05
1296 5.81122e-05
1297 5.48021e-05
1298 5.16665e-05
1299 4.86971e-05
1300 4.58858e-05
1301 4.32252e-05
1302 4.07078e-05
1303 3.83266e-05
1304 3.60749e-05
1305 3.39463e-05
1306 3.19347e-05
1307 3.00341e-05
1308 2.8239e-05
1309 2.6544e-05
1310 2.49439e-05
1311 2.3434e-05
1312 2.20095e-05
1313 2.06661e-05
1314 1.93993e-05
1315 1.82053e-05
1316 1.70802e-05
1317 1.60203e-05
1318 1.5022e-05
1319 1.40822e-05
1320 1.31976e-05
1321 1.23652e-05
1322 1.15822e-05
1323 1.08458e-05
1324 1.01536e-05
1325 9.50288e-06
1326 8.8915e-06
1327 8.31721e-06
1328 7.77791e-06
1329 7.27161e-06
1330 6.79643e-06
1331 6.35059e-06
1332 5.93239e-06
1333 5.54024e-06
1334 5.17261e-06
1335 4.82807e-06
1336 4.50526e-06
1337 4.2029e-06
1338 3.91978e-06
1339 3.65474e-06
1340 3.4067e-06
1341 3.17464e-06
1342 2.95759e-06
1343 2.75463e-06
1344 2.56491e-06
1345 2.38762e-06
1346 2.22198e-06
1347 2.06727e-06
1348 1.92282e-06
1349 1.78798e-06
1350 1.66215e-06
1351 1.54476e-06
1352 1.43527e-06
1353 1.33318e-06
1354 1.23803e-06
1355 1.14935e-06
1356 1.06674e-06
1357 9.89805e-07
1358 9.1817e-07
1359 8.5149e-07
1360 7.89442e-07
1361 7.31719e-07
1362 6.78035e-07
1363 6.28121e-07
1364 5.81726e-07
1365 5.38614e-07
1366 4.98564e-07
1367 4.61369e-07
1368 4.26835e-07
1369 3.9478e-07
1370 3.65035e-07
1371 3.37442e-07
1372 3.11851e-07
1373 2.88124e-07
1374 2.66132e-07
1375 2.45753e-07
1376 2.26875e-07
1377 2.09391e-07
1378 1.93203e-07
1379 1.78219e-07
1380 1.64354e-07
1381 1.51528e-07
1382 1.39666e-07
1383 1.28698e-07
1384 1.1856e-07
1385 1.09192e-07
1386 1.00538e-07
1387 9.25453e-08
1388 8.51656e-08
1389 7.83538e-08
1390 7.20678e-08
1391 6.62687e-08
1392 6.09203e-08
1393 5.59889e-08
1394 5.14431e-08
1395 4.72541e-08
1396 4.33948e-08
1397 3.98403e-08
1398 3.65674e-08
1399 3.35546e-08
1400 3.0782e-08
1401 2.82311e-08
1402 2.58848e-08
1403 2.37274e-08
1404 2.17441e-08
1405 1.99214e-08
1406 1.82467e-08
1407 1.67085e-08
1408 1.5296e-08
1409 1.39992e-08
1410 1.28091e-08
1411 1.1717e-08
1412 1.07153e-08
1413 9.79674e-09
1414 8.95456e-09
1415 8.18266e-09
1416 7.47536e-09
1417 6.82742e-09
1418 6.23403e-09
1419 5.69074e-09
1420 5.19345e-09
1421 4.73839e-09
1422 4.32208e-09
1423 3.94133e-09
1424 3.59318e-09
1425 3.27495e-09
1426 2.98412e-09
1427 2.71842e-09
1428 2.47573e-09
1429 2.25413e-09
1430 2.05183e-09
1431 1.8672e-09
1432 1.69875e-09
1433 1.54509e-09
1434 1.40497e-09
1435 1.27723e-09
1436 1.1608e-09
1437 1.05471e-09
1438 9.58065e-10
1439 8.70054e-10
1440 7.89923e-10
1441 7.16986e-10
1442 6.50616e-10
1443 5.90237e-10
1444 5.35322e-10
1445 4.85392e-10
1446 4.40004e-10
1447 3.98758e-10
1448 3.61284e-10
1449 3.27248e-10
1450 2.96341e-10
1451 2.68284e-10
1452 2.42821e-10
1453 2.19717e-10
1454 1.98761e-10
1455 1.79757e-10
1456 1.62528e-10
1457 1.46912e-10
1458 1.32763e-10
1459 1.19945e-10
1460 1.08337e-10
1461 9.78269e-11
1462 8.83138e-11
1463 7.97053e-11
1464 7.19174e-11
1465 6.48737e-11
1466 5.85049e-11
1467 5.27477e-11
1468 4.75449e-11
1469 4.28442e-11
1470 3.85984e-11
1471 3.47644e-11
1472 3.13032e-11
1473 2.81794e-11
1474 2.53609e-11
1475 2.28184e-11
1476 2.05255e-11
1477 1.84584e-11
1478 1.65951e-11
1479 1.49162e-11
1480 1.34037e-11
1481 1.20415e-11
1482 1.08149e-11
1483 9.71086e-12
1484 8.71728e-12
1485 7.82337e-12
1486 7.01935e-12
1487 6.29636e-12
1488 5.6464e-12
1489 5.06225e-12
1490 4.53738e-12
1491 4.0659e-12
1492 3.64249e-12
1493 3.26235e-12
1494 2.92114e-12
1495 2.61496e-12
1496 2.34028e-12
1497 2.09392e-12
1498 1.87303e-12
1499 1.67501e-12
1500 1.49755e-12
1501 1.33855e-12
1502 1.19614e-12
1503 1.0686e-12
1504 9.54427e-13
1505 8.52235e-13
1506 7.60794e-13
1507 6.78993e-13
1508 6.05835e-13
1509 5.40423e-13
1510 4.81953e-13
1511 4.29701e-13
1512 3.83017e-13
1513 3.41319e-13
1514 3.04085e-13
1515 2.70844e-13
1516 2.41177e-13
1517 2.14705e-13
1518 1.9109e-13
1519 1.70031e-13
1520 1.51254e-13
1521 1.34517e-13
1522 1.19602e-13
1523 1.06313e-13
1524 9.44781e-14
1525 8.39391e-14
1526 7.45571e-14
1527 6.6207e-14
1528 5.87774e-14
1529 5.21683e-14
1530 4.62908e-14
1531 4.10652e-14
1532 3.64203e-14
1533 3.22926e-14
1534 2.86256e-14
1535 2.53686e-14
1536 2.24766e-14
1537 1.99092e-14
1538 1.76307e-14
1539 1.5609e-14
1540 1.38156e-14
1541 1.22253e-14
1542 1.08153e-14
1543 9.56548e-15
1544 8.45799e-15
1545 7.47684e-15
1546 6.60786e-15
1547 5.8384e-15
1548 5.15725e-15
1549 4.55443e-15
1550 4.02106e-15
1551 3.54926e-15
1552 3.13204e-15
1553 2.76317e-15
1554 2.43713e-15
1555 2.14902e-15
1556 1.8945e-15
1557 1.66971e-15
1558 1.47122e-15
1559 1.296e-15
1560 1.14137e-15
1561 1.00493e-15
1562 8.84584e-16
1563 7.78456e-16
1564 6.84889e-16
1565 6.02419e-16
1566 5.29747e-16
1567 4.65726e-16
1568 4.0934e-16
1569 3.59691e-16
1570 3.15986e-16
1571 2.77522e-16
1572 2.4368e-16
1573 2.13912e-16
1574 1.87733e-16
1575 1.64718e-16
1576 1.44488e-16
1577 1.26712e-16
1578 1.11095e-16
1579 9.73782e-17
1580 8.53343e-17
1581 7.47615e-17
1582 6.54824e-17
1583 5.73409e-17
1584 5.01992e-17
1585 4.39361e-17
1586 3.8445e-17
1587 3.36319e-17
1588 2.9414e-17
1589 2.57188e-17
1590 2.24823e-17
1591 1.96482e-17
1592 1.71672e-17
1593 1.49957e-17
1594 1.30957e-17
1595 1.14336e-17
1596 9.98e-18
1597 8.70906e-18
1598 7.59809e-18
1599 6.62722e-18
1600 5.77897e-18
1601 5.03806e-18
1602 4.39106e-18
1603 3.8262e-18
1604 3.33318e-18
1605 2.90298e-18
1606 2.52768e-18
1607 2.20035e-18
1608 1.91494e-18
1609 1.66614e-18
1610 1.44931e-18
1611 1.26039e-18
1612 1.09582e-18
1613 9.52506e-19
1614 8.2773e-19
1615 7.19122e-19
1616 6.24611e-19
1617 5.42387e-19
1618 4.70871e-19
1619 4.08684e-19
1620 3.54622e-19
1621 3.07636e-19
1622 2.6681e-19
1623 2.31344e-19
1624 2.00544e-19
1625 1.73801e-19
1626 1.50587e-19
1627 1.30441e-19
1628 1.12963e-19
1629 9.78028e-20
1630 8.46562e-20
1631 7.32586e-20
1632 6.338e-20
1633 5.48199e-20
1634 4.74043e-20
1635 4.09817e-20
1636 3.54205e-20
1637 3.06065e-20
1638 2.64402e-20
1639 2.28355e-20
1640 1.97173e-20
1641 1.70208e-20
1642 1.46894e-20
1643 1.26742e-20
1644 1.09328e-20
1645 9.42838e-21
1646 8.12897e-21
1647 7.00692e-21
1648 6.03827e-21
1649 5.20225e-21
1650 4.48088e-21
1651 3.8586e-21
1652 3.32192e-21
1653 2.85919e-21
1654 2.46032e-21
1655 2.11657e-21
1656 1.8204e-21
1657 1.5653e-21
1658 1.34561e-21
1659 1.15648e-21
1660 9.93684e-22
1661 8.53599e-22
1662 7.33083e-22
1663 6.29429e-22
1664 5.403e-22
1665 4.63679e-22
1666 3.97826e-22
1667 3.41243e-22
1668 2.92637e-22
1669 2.50892e-22
1670 2.15051e-22
1671 1.84284e-22
1672 1.57881e-22
1673 1.35228e-22
1674 1.15797e-22
1675 9.91339e-23
1676 8.48479e-23
1677 7.2603e-23
1678 6.21101e-23
1679 5.31207e-23
1680 4.54214e-23
1681 3.88285e-23
1682 3.31845e-23
1683 2.8354e-23
1684 2.42207e-23
1685 2.06849e-23
1686 1.7661e-23
1687 1.50755e-23
1688 1.28653e-23
1689 1.09765e-23
1690 9.36271e-24
1691 7.98423e-24
1692 6.80705e-24
1693 5.80201e-24
1694 4.94415e-24
1695 4.21211e-24
1696 3.58757e-24
1697 3.05489e-24
1698 2.60067e-24
1699 2.21344e-24
1700 1.88341e-24
1701 1.6022e-24
1702 1.36264e-24
1703 1.15862e-24
1704 9.849e-25
1705 8.37025e-25
1706 7.11178e-25
1707 6.04105e-25
1708 5.13027e-25
1709 4.35574e-25
1710 3.69724e-25
1711 3.13752e-25
1712 2.66189e-25
1713 2.25781e-25
1714 1.9146e-25
1715 1.62317e-25
1716 1.37576e-25
1717 1.16578e-25
1718 9.87605e-26
1719 8.36459e-26
1720 7.08272e-26
1721 5.99583e-26
1722 5.0745e-26
1723 4.2937e-26
1724 3.63215e-26
1725 3.07178e-26
1726 2.59723e-26
1727 2.19546e-26
1728 1.85539e-26
1729 1.56762e-26
1730 1.32415e-26
1731 1.11823e-26
1732 9.44102e-27
1733 7.96895e-27
1734 6.72478e-27
1735 5.67348e-27
1736 4.78537e-27
1737 4.0353e-27
1738 3.40198e-27
1739 2.86736e-27
1740 2.41617e-27
1741 2.03548e-27
1742 1.71436e-27
1743 1.44355e-27
1744 1.21522e-27
1745 1.02276e-27
1746 8.60573e-28
1747 7.23929e-28
1748 6.08835e-28
1749 5.11915e-28
1750 4.30319e-28
1751 3.61642e-28
1752 3.03851e-28
1753 2.55234e-28
1754 2.14343e-28
1755 1.7996e-28
1756 1.51056e-28
1757 1.26763e-28
1758 1.06352e-28
1759 8.9205e-29
1760 7.48047e-29
1761 6.27138e-29
1762 5.25644e-29
1763 4.40468e-29
1764 3.69005e-29
1765 3.0906e-29
1766 2.58791e-29
1767 2.16646e-29
1768 1.81319e-29
1769 1.51717e-29
1770 1.26916e-29
1771 1.06143e-29
1772 8.87491e-30
1773 7.41872e-30
1774 6.19995e-30
1775 5.18014e-30
1776 4.32702e-30
1777 3.61352e-30
1778 3.01693e-30
1779 2.51822e-30
1780 2.10144e-30
1781 1.75321e-30
1782 1.46232e-30
1783 1.21941e-30
1784 1.01659e-30
1785 8.47302e-31
1786 7.06032e-31
1787 5.88172e-31
1788 4.89866e-31
1789 4.07892e-31
1790 3.39552e-31
1791 2.82593e-31
1792 2.35131e-31
1793 1.95593e-31
1794 1.62664e-31
1795 1.35245e-31
1796 1.12421e-31
1797 9.34254e-32
1798 7.76207e-32
1799 6.4474e-32
1800 5.35409e-32
1801 4.44509e-32
1802 3.68952e-32
1803 3.06164e-32
1804 2.53999e-32
1805 2.1067e-32
1806 1.74691e-32
1807 1.44821e-32
1808 1.20029e-32
1809 9.94568e-33
1810 8.23907e-33
1811 6.82364e-33
1812 5.65e-33
1813 4.67709e-33
1814 3.87077e-33
1815 3.20268e-33
1816 2.64925e-33
1817 2.19093e-33
1818 1.81146e-33
1819 1.49734e-33
1820 1.2374e-33
1821 1.02233e-33
1822 8.44443e-34
1823 6.97336e-34
1824 5.75716e-34
1825 4.75192e-34
1826 3.92124e-34
1827 3.23499e-34
1828 2.66819e-34
1829 2.20016e-34
1830 1.81379e-34
1831 1.49491e-34
1832 1.23178e-34
1833 1.01473e-34
1834 8.35715e-35
1835 6.88115e-35
1836 5.66445e-35
1837 4.66174e-35
1838 3.83559e-35
1839 3.15508e-35
1840 2.59467e-35
1841 2.13328e-35
1842 1.75351e-35
1843 1.44099e-35
1844 1.18388e-35
1845 9.72401e-36
1846 7.98506e-36
1847 6.55547e-36
1848 5.38051e-36
1849 4.41505e-36
1850 3.62194e-36
1851 2.97057e-36
1852 2.43574e-36
1853 1.99671e-36
1854 1.63641e-36
1855 1.34079e-36
1856 1.09831e-36
1857 8.99456e-37
1858 7.36424e-37
1859 6.02794e-37
1860 4.9329e-37
1861 4.03579e-37
1862 3.30101e-37
1863 2.69934e-37
1864 2.2068e-37
1865 1.80368e-37
1866 1.47383e-37
1867 1.20401e-37
1868 9.83339e-38
1869 8.02915e-38
1870 6.55434e-38
1871 5.3491e-38
1872 4.36441e-38
1873 3.5601e-38
1874 2.9033e-38
1875 2.36709e-38
1876 1.92943e-38
1877 1.57231e-38
1878 1.28097e-38
1879 1.04335e-38
1880 8.49606e-39
1881 6.91667e-39
1882 5.62949e-39
1883 4.58072e-39
1884 3.72641e-39
1885 3.03069e-39
1886 2.46425e-39
1887 2.00319e-39
1888 1.62799e-39
1889 1.32274e-39
1890 1.07446e-39
1891 8.72566e-40
1892 7.08435e-40
1893 5.75036e-40
1894 4.66641e-40
1895 3.78585e-40
1896 3.0707e-40
1897 2.49003e-40
1898 2.01867e-40
1899 1.63613e-40
1900 1.32575e-40
1901 1.07399e-40
1902 8.69827e-41
1903 7.04299e-41
1904 5.7013e-41
1905 4.61407e-41
1906 3.73324e-41
1907 3.01982e-41
1908 2.44213e-41
1909 1.97446e-41
1910 1.59595e-41
1911 1.28969e-41
1912 1.04193e-41
1913 8.41567e-42
1914 6.79562e-42
1915 5.48607e-42
1916 4.42777e-42
1917 3.57273e-42
1918 2.88209e-42
1919 2.32437e-42
1920 1.87411e-42
1921 1.51069e-42
1922 1.21744e-42
1923 9.80868e-43
1924 7.90067e-43
1925 6.36221e-43
1926 5.12204e-43
1927 4.12257e-43
1928 3.31729e-43
1929 2.66863e-43
1930 2.14627e-43
1931 1.72572e-43
1932 1.38722e-43
1933 1.11484e-43
1934 8.9571e-44
1935 7.1947e-44
1936 5.7776e-44
1937 4.63843e-44
1938 3.72293e-44
1939 2.98736e-44
1940 2.39652e-44
1941 1.92204e-44
1942 1.54111e-44
1943 1.23536e-44
1944 9.90014e-45
1945 7.93194e-45
1946 6.3534e-45
1947 5.08771e-45
1948 4.07312e-45
1949 3.26003e-45
1950 2.60859e-45
1951 2.08678e-45
1952 1.66893e-45
1953 1.33441e-45
1954 1.06667e-45
1955 8.52425e-46
1956 6.81042e-46
1957 5.43977e-46
1958 4.34386e-46
1959 3.46785e-46
1960 2.7678e-46
1961 2.2085e-46
1962 1.76177e-46
1963 1.40505e-46
1964 1.12027e-46
1965 8.92983e-47
1966 7.11628e-47
1967 5.66959e-47
1968 4.51586e-47
1969 3.59598e-47
1970 2.86276e-47
1971 2.27846e-47
1972 1.81296e-47
1973 1.44219e-47
1974 1.14696e-47
1975 9.11931e-48
1976 7.24879e-48
1977 5.76048e-48
1978 4.57658e-48
1979 3.63507e-48
1980 2.88651e-48
1981 2.29152e-48
1982 1.8187e-48
1983 1.44308e-48
1984 1.14474e-48
1985 9.07847e-49
1986 7.19792e-49
1987 5.70545e-49
1988 4.52128e-49
1989 3.58197e-49
1990 2.83707e-49
1991 2.2465e-49
1992 1.7784e-49
1993 1.40748e-49
1994 1.11363e-49
1995 8.80902e-50
1996 6.96629e-50
1997 5.5076e-50
1998 4.35321e-50
1999 3.43989e-50
2000 2.71747e-50
2001 2.14621e-50
2002 1.69459e-50
2003 1.33765e-50
2004 1.05562e-50
2005 8.32835e-51
2006 6.56893e-51
2007 5.17983e-51
2008 4.08341e-51
2009 3.21821e-51
2010 2.53567e-51
2011 1.99736e-51
2012 1.57292e-51
2013 1.23835e-51
2014 9.74692e-52
2015 7.66973e-52
2016 6.0337e-52
2017 4.74547e-52
2018 3.73137e-52
2019 2.9333e-52
2020 2.30541e-52
2021 1.81153e-52
2022 1.42318e-52
2023 1.11789e-52
2024 8.77959e-53
2025 6.89449e-53
2026 5.41381e-53
2027 4.2511e-53
2028 3.33834e-53
2029 2.622e-53
2030 2.05997e-53
2031 1.61913e-53
2032 1.27346e-53
2033 1.00248e-53
2034 7.90134e-54
2035 6.2378e-54
2036 4.93507e-54
2037 3.9153e-54
2038 3.11743e-54
2039 2.49356e-54
2040 2.00616e-54
2041 1.62585e-54
2042 1.32964e-54
2043 1.09959e-54
2044 9.21758e-55
2045 7.85318e-55
2046 6.8196e-55
2047 6.05375e-55
