0 1.04637e-82
1 1.05765e-82
2 1.14574e-82
3 1.32314e-82
4 1.615e-82
5 2.06263e-82
6 2.72927e-82
7 3.7089e-82
8 5.13927e-82
9 7.22104e-82
10 1.02455e-81
11 1.46349e-81
12 2.10005e-81
13 3.02265e-81
14 4.35919e-81
15 6.29448e-81
16 9.09549e-81
17 1.31478e-80
18 1.90078e-80
19 2.74785e-80
20 3.97177e-80
21 5.73947e-80
22 8.29149e-80
23 1.19743e-79
24 1.72867e-79
25 2.49467e-79
26 3.59871e-79
27 5.18931e-79
28 7.47995e-79
29 1.07774e-78
30 1.55221e-78
31 2.23466e-78
32 3.21584e-78
33 4.62593e-78
34 6.65159e-78
35 9.56034e-78
36 1.37354e-77
37 1.97257e-77
38 2.83169e-77
39 4.06329e-77
40 5.82816e-77
41 8.35615e-77
42 1.19757e-76
43 1.71561e-76
44 2.45672e-76
45 3.51653e-76
46 5.03146e-76
47 7.19605e-76
48 1.02876e-75
49 1.47013e-75
50 2.1e-75
51 2.99849e-75
52 4.27963e-75
53 6.10564e-75
54 8.70716e-75
55 1.2412e-74
56 1.7686e-74
57 2.51904e-74
58 3.58644e-74
59 5.10401e-74
60 7.26073e-74
61 1.03245e-73
62 1.4675e-73
63 2.08501e-73
64 2.96114e-73
65 4.20369e-73
66 5.96515e-73
67 8.46122e-73
68 1.19968e-72
69 1.70027e-72
70 2.40874e-72
71 3.411e-72
72 4.82831e-72
73 6.83168e-72
74 9.66231e-72
75 1.36601e-71
76 1.9304e-71
77 2.72685e-71
78 3.8503e-71
79 5.43435e-71
80 7.66693e-71
81 1.08122e-70
82 1.52415e-70
83 2.14764e-70
84 3.02492e-70
85 4.2588e-70
86 5.9935e-70
87 8.43126e-70
88 1.18556e-69
89 1.66639e-69
90 2.34126e-69
91 3.28806e-69
92 4.61585e-69
93 6.47712e-69
94 9.08515e-69
95 1.2738e-68
96 1.78522e-68
97 2.50092e-68
98 3.5021e-68
99 4.90203e-68
100 6.85871e-68
101 9.59244e-68
102 1.34102e-67
103 1.87396e-67
104 2.6176e-67
105 3.65483e-67
106 5.10094e-67
107 7.11626e-67
108 9.92368e-67
109 1.38329e-66
110 1.9274e-66
111 2.68442e-66
112 3.73721e-66
113 5.20072e-66
114 7.23433e-66
115 1.00589e-65
116 1.39806e-65
117 1.9423e-65
118 2.69729e-65
119 3.74417e-65
120 5.19522e-65
121 7.2056e-65
122 9.98977e-65
123 1.38439e-64
124 1.9177e-64
125 2.65535e-64
126 3.6752e-64
127 5.08463e-64
128 7.03162e-64
129 9.72008e-64
130 1.34308e-63
131 1.85504e-63
132 2.56108e-63
133 3.53436e-63
134 4.87547e-63
135 6.72266e-63
136 9.2658e-63
137 1.27657e-62
138 1.75801e-62
139 2.42001e-62
140 3.3299e-62
141 4.57998e-62
142 6.2967e-62
143 8.65328e-62
144 1.18868e-61
145 1.63218e-61
146 2.24022e-61
147 3.07347e-61
148 4.21487e-61
149 5.77774e-61
150 7.91679e-61
151 1.08432e-60
152 1.48451e-60
153 2.03155e-60
154 2.77899e-60
155 3.79984e-60
156 5.1935e-60
157 7.09533e-60
158 9.68952e-60
159 1.32266e-59
160 1.80473e-59
161 2.46146e-59
162 3.35576e-59
163 4.57304e-59
164 6.22926e-59
165 8.48173e-59
166 1.15438e-58
167 1.57047e-58
168 2.13564e-58
169 2.90298e-58
170 3.94435e-58
171 5.35702e-58
172 7.27256e-58
173 9.86888e-58
174 1.33864e-57
175 1.81501e-57
176 2.45985e-57
177 3.33237e-57
178 4.51248e-57
179 6.10792e-57
180 8.26395e-57
181 1.11763e-56
182 1.51086e-56
183 2.04157e-56
184 2.75754e-56
185 3.72302e-56
186 5.0244e-56
187 6.7778e-56
188 9.13922e-56
189 1.23181e-55
190 1.65957e-55
191 2.23492e-55
192 3.00846e-55
193 4.048e-55
194 5.44444e-55
195 7.31948e-55
196 9.83609e-55
197 1.32124e-54
198 1.774e-54
199 2.38089e-54
200 3.19405e-54
201 4.2831e-54
202 5.74104e-54
203 7.69195e-54
204 1.03014e-53
205 1.37903e-53
206 1.84528e-53
207 2.46812e-53
208 3.29978e-53
209 4.40978e-53
210 5.89066e-53
211 7.86547e-53
212 1.04978e-52
213 1.40052e-52
214 1.86763e-52
215 2.48947e-52
216 3.31694e-52
217 4.41755e-52
218 5.88083e-52
219 7.82546e-52
220 1.04086e-51
221 1.38386e-51
222 1.83909e-51
223 2.44302e-51
224 3.24388e-51
225 4.30541e-51
226 5.71187e-51
227 7.57451e-51
228 1.00402e-50
229 1.33029e-50
230 1.76182e-50
231 2.33232e-50
232 3.08622e-50
233 4.08206e-50
234 5.39689e-50
235 7.13214e-50
236 9.42126e-50
237 1.24397e-49
238 1.64181e-49
239 2.16594e-49
240 2.85617e-49
241 3.76471e-49
242 4.96012e-49
243 6.53226e-49
244 8.59897e-49
245 1.13146e-48
246 1.48815e-48
247 1.95642e-48
248 2.57093e-48
249 3.37699e-48
250 4.43384e-48
251 5.81889e-48
252 7.63329e-48
253 1.00091e-47
254 1.31186e-47
255 1.71866e-47
256 2.25062e-47
257 2.94595e-47
258 3.85442e-47
259 5.04083e-47
260 6.58955e-47
261 8.61032e-47
262 1.12458e-46
263 1.46816e-46
264 1.91587e-46
265 2.49901e-46
266 3.25821e-46
267 4.24619e-46
268 5.53132e-46
269 7.20222e-46
270 9.37375e-46
271 1.21946e-45
272 1.58574e-45
273 2.06113e-45
274 2.67786e-45
275 3.47758e-45
276 4.51413e-45
277 5.85707e-45
278 7.59616e-45
279 9.84726e-45
280 1.27598e-44
281 1.65265e-44
282 2.13957e-44
283 2.76871e-44
284 3.58126e-44
285 4.63023e-44
286 5.98377e-44
287 7.72956e-44
288 9.98025e-44
289 1.28806e-43
290 1.66163e-43
291 2.1426e-43
292 2.76155e-43
293 3.55771e-43
294 4.58136e-43
295 5.89691e-43
296 7.58683e-43
297 9.75667e-43
298 1.25415e-42
299 1.61139e-42
300 2.06946e-42
301 2.65656e-42
302 3.40868e-42
303 4.37178e-42
304 5.60448e-42
305 7.18151e-42
306 9.19816e-42
307 1.17758e-41
308 1.5069e-41
309 1.92744e-41
310 2.46424e-41
311 3.1491e-41
312 4.02249e-41
313 5.13578e-41
314 6.55422e-41
315 8.36062e-41
316 1.066e-40
317 1.35857e-40
318 1.73065e-40
319 2.20362e-40
320 2.80457e-40
321 3.56779e-40
322 4.53664e-40
323 5.76595e-40
324 7.32502e-40
325 9.3014e-40
326 1.18056e-39
327 1.49772e-39
328 1.89922e-39
329 2.40724e-39
330 3.04975e-39
331 3.86198e-39
332 4.88828e-39
333 6.18446e-39
334 7.82075e-39
335 9.88542e-39
336 1.24894e-38
337 1.5772e-38
338 1.99083e-38
339 2.51176e-38
340 3.16754e-38
341 3.99269e-38
342 5.03046e-38
343 6.33503e-38
344 7.97423e-38
345 1.00329e-37
346 1.26172e-37
347 1.58598e-37
348 1.99265e-37
349 2.50243e-37
350 3.14116e-37
351 3.94109e-37
352 4.94242e-37
353 6.19528e-37
354 7.7621e-37
355 9.72064e-37
356 1.21677e-36
357 1.52236e-36
358 1.90381e-36
359 2.37972e-36
360 2.9732e-36
361 3.71296e-36
362 4.6346e-36
363 5.7823e-36
364 7.21082e-36
365 8.98804e-36
366 1.1198e-35
367 1.39448e-35
368 1.73573e-35
369 2.15946e-35
370 2.68537e-35
371 3.33779e-35
372 4.14676e-35
373 5.14937e-35
374 6.3914e-35
375 7.92925e-35
376 9.83251e-35
377 1.21869e-34
378 1.50978e-34
379 1.86953e-34
380 2.31391e-34
381 2.86256e-34
382 3.53964e-34
383 4.37481e-34
384 5.40449e-34
385 6.67339e-34
386 8.23632e-34
387 1.01605e-33
388 1.25284e-33
389 1.54408e-33
390 1.90214e-33
391 2.34212e-33
392 2.88253e-33
393 3.54597e-33
394 4.36007e-33
395 5.35858e-33
396 6.58269e-33
397 8.08267e-33
398 9.91984e-33
399 1.21689e-32
400 1.49211e-32
401 1.82872e-32
402 2.24024e-32
403 2.74309e-32
404 3.35729e-32
405 4.10712e-32
406 5.02214e-32
407 6.13821e-32
408 7.49891e-32
409 9.15711e-32
410 1.11769e-31
411 1.36362e-31
412 1.66291e-31
413 2.02699e-31
414 2.46969e-31
415 3.00775e-31
416 3.66142e-31
417 4.45522e-31
418 5.41877e-31
419 6.58786e-31
420 8.00576e-31
421 9.72469e-31
422 1.18077e-30
423 1.43309e-30
424 1.7386e-30
425 2.10838e-30
426 2.55576e-30
427 3.09681e-30
428 3.7509e-30
429 4.54133e-30
430 5.49618e-30
431 6.64921e-30
432 8.04104e-30
433 9.72053e-30
434 1.17464e-29
435 1.41893e-29
436 1.7134e-29
437 2.06823e-29
438 2.49567e-29
439 3.01041e-29
440 3.63008e-29
441 4.37584e-29
442 5.27309e-29
443 6.35227e-29
444 7.6499e-29
445 9.20979e-29
446 1.10844e-28
447 1.33368e-28
448 1.60422e-28
449 1.92911e-28
450 2.31917e-28
451 2.78737e-28
452 3.34924e-28
453 4.0234e-28
454 4.83211e-28
455 5.80205e-28
456 6.96517e-28
457 8.35969e-28
458 1.00314e-27
459 1.20351e-27
460 1.44363e-27
461 1.73137e-27
462 2.07611e-27
463 2.4891e-27
464 2.98381e-27
465 3.57635e-27
466 4.28599e-27
467 5.13582e-27
468 6.15347e-27
469 7.37198e-27
470 8.83094e-27
471 1.05777e-26
472 1.26689e-26
473 1.51725e-26
474 1.81696e-26
475 2.17574e-26
476 2.60522e-26
477 3.11934e-26
478 3.73476e-26
479 4.47143e-26
480 5.35324e-26
481 6.40878e-26
482 7.67225e-26
483 9.18463e-26
484 1.09949e-25
485 1.31619e-25
486 1.57556e-25
487 1.88603e-25
488 2.25764e-25
489 2.70245e-25
490 3.23485e-25
491 3.87208e-25
492 4.63476e-25
493 5.54757e-25
494 6.64001e-25
495 7.94739e-25
496 9.51192e-25
497 1.13841e-24
498 1.36242e-24
499 1.63044e-24
500 1.95109e-24
501 2.33468e-24
502 2.7935e-24
503 3.34226e-24
504 3.99852e-24
505 4.78323e-24
506 5.72141e-24
507 6.84291e-24
508 8.18334e-24
509 9.78518e-24
510 1.16991e-23
511 1.39854e-23
512 1.6716e-23
513 1.99767e-23
514 2.38694e-23
515 2.85156e-23
516 3.40599e-23
517 4.06741e-23
518 4.85627e-23
519 5.79688e-23
520 6.91809e-23
521 8.25422e-23
522 9.84596e-23
523 1.17416e-22
524 1.39986e-22
525 1.66847e-22
526 1.98806e-22
527 2.36817e-22
528 2.82009e-22
529 3.3572e-22
530 3.99531e-22
531 4.75313e-22
532 5.65277e-22
533 6.72034e-22
534 7.98667e-22
535 9.48813e-22
536 1.12677e-21
537 1.33758e-21
538 1.58722e-21
539 1.88271e-21
540 2.23229e-21
541 2.64571e-21
542 3.13436e-21
543 3.71169e-21
544 4.39346e-21
545 5.19816e-21
546 6.14752e-21
547 7.26696e-21
548 8.58632e-21
549 1.01405e-20
550 1.19704e-20
551 1.41237e-20
552 1.66564e-20
553 1.96337e-20
554 2.31318e-20
555 2.72395e-20
556 3.20606e-20
557 3.77158e-20
558 4.43458e-20
559 5.21143e-20
560 6.12117e-20
561 7.18593e-20
562 8.43143e-20
563 9.8875e-20
564 1.15888e-19
565 1.35754e-19
566 1.58938e-19
567 1.85979e-19
568 2.17499e-19
569 2.54218e-19
570 2.96969e-19
571 3.46712e-19
572 4.04554e-19
573 4.71774e-19
574 5.49843e-19
575 6.40455e-19
576 7.45561e-19
577 8.674e-19
578 1.00855e-18
579 1.17196e-18
580 1.36102e-18
581 1.57962e-18
582 1.83221e-18
583 2.12387e-18
584 2.46043e-18
585 2.84854e-18
586 3.29579e-18
587 3.81085e-18
588 4.40358e-18
589 5.08523e-18
590 5.86859e-18
591 6.7682e-18
592 7.80058e-18
593 8.98448e-18
594 1.03412e-17
595 1.18947e-17
596 1.36724e-17
597 1.5705e-17
598 1.80273e-17
599 2.06787e-17
600 2.37035e-17
601 2.71516e-17
602 3.10792e-17
603 3.55493e-17
604 4.06329e-17
605 4.64095e-17
606 5.29682e-17
607 6.04088e-17
608 6.88427e-17
609 7.83944e-17
610 8.92028e-17
611 1.01422e-16
612 1.15226e-16
613 1.30803e-16
614 1.48368e-16
615 1.68154e-16
616 1.90422e-16
617 2.15458e-16
618 2.43581e-16
619 2.75139e-16
620 3.10515e-16
621 3.50132e-16
622 3.9445e-16
623 4.43975e-16
624 4.99257e-16
625 5.60897e-16
626 6.29548e-16
627 7.05917e-16
628 7.90771e-16
629 8.84934e-16
630 9.89298e-16
631 1.10482e-15
632 1.23251e-15
633 1.37347e-15
634 1.52886e-15
635 1.69989e-15
636 1.88786e-15
637 2.09412e-15
638 2.32009e-15
639 2.56723e-15
640 2.83705e-15
641 3.1311e-15
642 3.45094e-15
643 3.79814e-15
644 4.17426e-15
645 4.58081e-15
646 5.01924e-15
647 5.49092e-15
648 5.99705e-15
649 6.53868e-15
650 7.1166e-15
651 7.73136e-15
652 8.38313e-15
653 9.07167e-15
654 9.79625e-15
655 1.05556e-14
656 1.13477e-14
657 1.21698e-14
658 1.30183e-14
659 1.38887e-14
660 1.47754e-14
661 1.56713e-14
662 1.65685e-14
663 1.74574e-14
664 1.8327e-14
665 1.91648e-14
666 1.99566e-14
667 2.06868e-14
668 2.13382e-14
669 2.18922e-14
670 2.23292e-14
671 2.26287e-14
672 2.27697e-14
673 2.27318e-14
674 2.24955e-14
675 2.20438e-14
676 2.13634e-14
677 2.04465e-14
678 1.92934e-14
679 1.7915e-14
680 1.63367e-14
681 1.46025e-14
682 1.27803e-14
683 1.09684e-14
684 9.30301e-15
685 7.96788e-15
686 7.20496e-15
687 7.32778e-15
688 8.73705e-15
689 1.19392e-14
690 1.75683e-14
691 2.64116e-14
692 3.94401e-14
693 5.78436e-14
694 8.30725e-14
695 1.16886e-13
696 1.61407e-13
697 2.19191e-13
698 2.93298e-13
699 3.87382e-13
700 5.05792e-13
701 6.53692e-13
702 8.37189e-13
703 1.0635e-12
704 1.34111e-12
705 1.68e-12
706 2.09188e-12
707 2.59043e-12
708 3.19163e-12
709 3.91412e-12
710 4.77956e-12
711 5.81313e-12
712 7.04402e-12
713 8.50602e-12
714 1.02382e-11
715 1.22856e-11
716 1.47003e-11
717 1.75421e-11
718 2.08796e-11
719 2.47919e-11
720 2.93695e-11
721 3.47161e-11
722 4.09502e-11
723 4.82072e-11
724 5.66419e-11
725 6.64305e-11
726 7.77737e-11
727 9.08999e-11
728 1.06069e-10
729 1.23574e-10
730 1.43751e-10
731 1.66978e-10
732 1.93683e-10
733 2.24351e-10
734 2.5953e-10
735 2.99838e-10
736 3.45973e-10
737 3.98721e-10
738 4.58966e-10
739 5.27704e-10
740 6.06054e-10
741 6.95275e-10
742 7.96775e-10
743 9.12139e-10
744 1.04314e-09
745 1.19176e-09
746 1.36022e-09
747 1.55101e-09
748 1.76689e-09
749 2.01097e-09
750 2.2867e-09
751 2.59793e-09
752 2.94895e-09
753 3.34453e-09
754 3.78999e-09
755 4.29122e-09
756 4.85479e-09
757 5.48797e-09
758 6.19884e-09
759 6.99635e-09
760 7.89043e-09
761 8.89204e-09
762 1.00133e-08
763 1.12677e-08
764 1.26701e-08
765 1.42369e-08
766 1.5986e-08
767 1.79376e-08
768 2.01135e-08
769 2.25381e-08
770 2.52379e-08
771 2.82423e-08
772 3.15836e-08
773 3.52972e-08
774 3.9422e-08
775 4.40008e-08
776 4.90804e-08
777 5.47122e-08
778 6.09525e-08
779 6.78629e-08
780 7.55109e-08
781 8.39703e-08
782 9.33216e-08
783 1.03653e-07
784 1.15061e-07
785 1.2765e-07
786 1.41535e-07
787 1.5684e-07
788 1.73702e-07
789 1.92268e-07
790 2.127e-07
791 2.35173e-07
792 2.59877e-07
793 2.8702e-07
794 3.16825e-07
795 3.49537e-07
796 3.8542e-07
797 4.24761e-07
798 4.6787e-07
799 5.15084e-07
800 5.66768e-07
801 6.23314e-07
802 6.85148e-07
803 7.52732e-07
804 8.26561e-07
805 9.07173e-07
806 9.95146e-07
807 1.0911e-06
808 1.19572e-06
809 1.30972e-06
810 1.43388e-06
811 1.56905e-06
812 1.71612e-06
813 1.87606e-06
814 2.04993e-06
815 2.23883e-06
816 2.44398e-06
817 2.66666e-06
818 2.90825e-06
819 3.17024e-06
820 3.45421e-06
821 3.76186e-06
822 4.09501e-06
823 4.45561e-06
824 4.84573e-06
825 5.26759e-06
826 5.72357e-06
827 6.2162e-06
828 6.74816e-06
829 7.32236e-06
830 7.94184e-06
831 8.60987e-06
832 9.32994e-06
833 1.01057e-05
834 1.09412e-05
835 1.18405e-05
836 1.28082e-05
837 1.38488e-05
838 1.49674e-05
839 1.61694e-05
840 1.74603e-05
841 1.88462e-05
842 2.03333e-05
843 2.19283e-05
844 2.36383e-05
845 2.54708e-05
846 2.74337e-05
847 2.95354e-05
848 3.17846e-05
849 3.41907e-05
850 3.67634e-05
851 3.95132e-05
852 4.24509e-05
853 4.5588e-05
854 4.89366e-05
855 5.25094e-05
856 5.63197e-05
857 6.03815e-05
858 6.47097e-05
859 6.93196e-05
860 7.42274e-05
861 7.94503e-05
862 8.5006e-05
863 9.09132e-05
864 9.71913e-05
865 0.000103861
866 0.000110943
867 0.000118461
868 0.000126437
869 0.000134896
870 0.000143862
871 0.000153364
872 0.000163428
873 0.000174082
874 0.000185358
875 0.000197285
876 0.000209896
877 0.000223225
878 0.000237306
879 0.000252176
880 0.000267872
881 0.000284433
882 0.000301899
883 0.000320311
884 0.000339714
885 0.00036015
886 0.000381666
887 0.00040431
888 0.00042813
889 0.000453177
890 0.000479502
891 0.000507159
892 0.000536203
893 0.000566691
894 0.000598679
895 0.000632229
896 0.0006674
897 0.000704256
898 0.00074286
899 0.000783277
900 0.000825576
901 0.000869823
902 0.000916089
903 0.000964445
904 0.00101496
905 0.00106772
906 0.00112278
907 0.00118024
908 0.00124015
909 0.00130261
910 0.0013677
911 0.00143548
912 0.00150605
913 0.00157948
914 0.00165586
915 0.00173528
916 0.0018178
917 0.00190353
918 0.00199254
919 0.00208491
920 0.00218074
921 0.0022801
922 0.00238308
923 0.00248977
924 0.00260024
925 0.00271458
926 0.00283287
927 0.00295519
928 0.00308163
929 0.00321225
930 0.00334713
931 0.00348635
932 0.00362999
933 0.0037781
934 0.00393077
935 0.00408806
936 0.00425002
937 0.00441672
938 0.00458822
939 0.00476457
940 0.00494581
941 0.00513201
942 0.00532319
943 0.0055194
944 0.00572067
945 0.00592703
946 0.0061385
947 0.0063551
948 0.00657685
949 0.00680375
950 0.00703581
951 0.00727301
952 0.00751537
953 0.00776285
954 0.00801543
955 0.00827308
956 0.00853578
957 0.00880347
958 0.00907611
959 0.00935363
960 0.00963598
961 0.00992307
962 0.0102148
963 0.0105112
964 0.010812
965 0.0111172
966 0.0114267
967 0.0117403
968 0.0120579
969 0.0123794
970 0.0127047
971 0.0130335
972 0.0133658
973 0.0137013
974 0.0140398
975 0.0143813
976 0.0147254
977 0.015072
978 0.0154209
979 0.0157719
980 0.0161247
981 0.0164791
982 0.0168348
983 0.0171917
984 0.0175494
985 0.0179077
986 0.0182664
987 0.0186251
988 0.0189836
989 0.0193416
990 0.0196988
991 0.020055
992 0.0204098
993 0.0207629
994 0.021114
995 0.0214629
996 0.0218092
997 0.0221525
998 0.0224927
999 0.0228293
1000 0.0231621
1001 0.0234907
1002 0.0238149
1003 0.0241343
1004 0.0244485
1005 0.0247574
1006 0.0250605
1007 0.0253577
1008 0.0256485
1009 0.0259326
1010 0.0262099
1011 0.0264799
1012 0.0267425
1013 0.0269972
1014 0.027244
1015 0.0274824
1016 0.0277122
1017 0.0279332
1018 0.0281452
1019 0.0283478
1020 0.0285409
1021 0.0287243
1022 0.0288977
1023 0.029061
1024 0.029214
1025 0.0293564
1026 0.0294882
1027 0.0296091
1028 0.0297191
1029 0.0298181
1030 0.0299058
1031 0.0299822
1032 0.0300472
1033 0.0301007
1034 0.0301428
1035 0.0301732
1036 0.030192
1037 0.0301992
1038 0.0301947
1039 0.0301785
1040 0.0301508
1041 0.0301114
1042 0.0300605
1043 0.029998
1044 0.0299242
1045 0.0298389
1046 0.0297425
1047 0.0296349
1048 0.0295163
1049 0.0293868
1050 0.0292466
1051 0.0290957
1052 0.0289345
1053 0.0287631
1054 0.0285816
1055 0.0283903
1056 0.0281893
1057 0.027979
1058 0.0277595
1059 0.027531
1060 0.0272939
1061 0.0270484
1062 0.0267947
1063 0.0265331
1064 0.0262639
1065 0.0259874
1066 0.0257038
1067 0.0254135
1068 0.0251168
1069 0.0248139
1070 0.0245052
1071 0.024191
1072 0.0238715
1073 0.0235472
1074 0.0232183
1075 0.0228851
1076 0.0225479
1077 0.0222072
1078 0.0218631
1079 0.021516
1080 0.0211662
1081 0.0208141
1082 0.0204599
1083 0.0201039
1084 0.0197465
1085 0.0193879
1086 0.0190285
1087 0.0186685
1088 0.0183083
1089 0.017948
1090 0.017588
1091 0.0172286
1092 0.01687
1093 0.0165124
1094 0.0161562
1095 0.0158015
1096 0.0154487
1097 0.0150979
1098 0.0147493
1099 0.0144032
1100 0.0140598
1101 0.0137193
1102 0.0133818
1103 0.0130476
1104 0.0127168
1105 0.0123896
1106 0.0120662
1107 0.0117466
1108 0.0114311
1109 0.0111198
1110 0.0108127
1111 0.0105101
1112 0.010212
1113 0.00991851
1114 0.00962973
1115 0.00934575
1116 0.00906663
1117 0.00879245
1118 0.00852327
1119 0.00825914
1120 0.0080001
1121 0.00774618
1122 0.00749744
1123 0.00725387
1124 0.00701551
1125 0.00678236
1126 0.00655442
1127 0.00633171
1128 0.00611419
1129 0.00590187
1130 0.00569473
1131 0.00549273
1132 0.00529586
1133 0.00510407
1134 0.00491733
1135 0.00473559
1136 0.00455881
1137 0.00438694
1138 0.00421992
1139 0.0040577
1140 0.00390021
1141 0.00374738
1142 0.00359916
1143 0.00345547
1144 0.00331623
1145 0.00318138
1146 0.00305084
1147 0.00292453
1148 0.00280237
1149 0.00268428
1150 0.00257018
1151 0.00245998
1152 0.0023536
1153 0.00225095
1154 0.00215195
1155 0.00205652
1156 0.00196456
1157 0.001876
1158 0.00179073
1159 0.00170869
1160 0.00162978
1161 0.00155392
1162 0.00148102
1163 0.001411
1164 0.00134377
1165 0.00127925
1166 0.00121737
1167 0.00115803
1168 0.00110117
1169 0.0010467
1170 0.000994536
1171 0.000944613
1172 0.000896853
1173 0.000851182
1174 0.000807527
1175 0.000765819
1176 0.000725986
1177 0.000687963
1178 0.000651682
1179 0.000617078
1180 0.000584089
1181 0.000552652
1182 0.000522707
1183 0.000494197
1184 0.000467063
1185 0.00044125
1186 0.000416706
1187 0.000393376
1188 0.000371212
1189 0.000350162
1190 0.000330181
1191 0.000311221
1192 0.000293239
1193 0.00027619
1194 0.000260034
1195 0.000244729
1196 0.000230238
1197 0.000216523
1198 0.000203548
1199 0.000191277
1200 0.000179678
1201 0.000168719
1202 0.000158368
1203 0.000148595
1204 0.000139373
1205 0.000130674
1206 0.000122471
1207 0.00011474
1208 0.000107456
1209 0.000100597
1210 9.41397e-05
1211 8.80639e-05
1212 8.23491e-05
1213 7.69761e-05
1214 7.19265e-05
1215 6.71829e-05
1216 6.27285e-05
1217 5.85474e-05
1218 5.46245e-05
1219 5.09452e-05
1220 4.74959e-05
1221 4.42635e-05
1222 4.12356e-05
1223 3.84004e-05
1224 3.57467e-05
1225 3.3264e-05
1226 3.0942e-05
1227 2.87714e-05
1228 2.67431e-05
1229 2.48484e-05
1230 2.30794e-05
1231 2.14283e-05
1232 1.98878e-05
1233 1.84513e-05
1234 1.71121e-05
1235 1.58642e-05
1236 1.47018e-05
1237 1.36195e-05
1238 1.26122e-05
1239 1.16751e-05
1240 1.08035e-05
1241 9.99336e-06
1242 9.2405e-06
1243 8.5412e-06
1244 7.89189e-06
1245 7.28924e-06
1246 6.73012e-06
1247 6.21158e-06
1248 5.73088e-06
1249 5.28543e-06
1250 4.8728e-06
1251 4.49073e-06
1252 4.13709e-06
1253 3.80989e-06
1254 3.50728e-06
1255 3.22752e-06
1256 2.96898e-06
1257 2.73015e-06
1258 2.5096e-06
1259 2.30603e-06
1260 2.11819e-06
1261 1.94494e-06
1262 1.78521e-06
1263 1.638e-06
1264 1.50237e-06
1265 1.37748e-06
1266 1.2625e-06
1267 1.1567e-06
1268 1.05938e-06
1269 9.69892e-07
1270 8.87641e-07
1271 8.12071e-07
1272 7.42663e-07
1273 6.78942e-07
1274 6.20462e-07
1275 5.66814e-07
1276 5.17617e-07
1277 4.72519e-07
1278 4.31194e-07
1279 3.93341e-07
1280 3.58681e-07
1281 3.26957e-07
1282 2.97931e-07
1283 2.71385e-07
1284 2.47114e-07
1285 2.24934e-07
1286 2.0467e-07
1287 1.86165e-07
1288 1.69272e-07
1289 1.53857e-07
1290 1.39796e-07
1291 1.26974e-07
1292 1.15287e-07
1293 1.04638e-07
1294 9.49383e-08
1295 8.61073e-08
1296 7.80699e-08
1297 7.07574e-08
1298 6.4107e-08
1299 5.80609e-08
1300 5.25664e-08
1301 4.75748e-08
1302 4.3042e-08
1303 3.89272e-08
1304 3.51932e-08
1305 3.18061e-08
1306 2.87348e-08
1307 2.59509e-08
1308 2.34284e-08
1309 2.11436e-08
1310 1.90749e-08
1311 1.72024e-08
1312 1.55084e-08
1313 1.39762e-08
1314 1.25909e-08
1315 1.13389e-08
1316 1.02079e-08
1317 9.18636e-09
1318 8.26418e-09
1319 7.43196e-09
1320 6.68119e-09
1321 6.00416e-09
1322 5.39383e-09
1323 4.84384e-09
1324 4.34841e-09
1325 3.90228e-09
1326 3.50069e-09
1327 3.13933e-09
1328 2.81429e-09
1329 2.52201e-09
1330 2.2593e-09
1331 2.02325e-09
1332 1.81123e-09
1333 1.62085e-09
1334 1.44998e-09
1335 1.29667e-09
1336 1.15917e-09
1337 1.03588e-09
1338 9.25388e-10
1339 8.26389e-10
1340 7.37725e-10
1341 6.58344e-10
1342 5.87299e-10
1343 5.23739e-10
1344 4.66895e-10
1345 4.16075e-10
1346 3.70658e-10
1347 3.30083e-10
1348 2.93848e-10
1349 2.61499e-10
1350 2.32631e-10
1351 2.06877e-10
1352 1.83911e-10
1353 1.63437e-10
1354 1.45192e-10
1355 1.28939e-10
1356 1.14465e-10
1357 1.01581e-10
1358 9.01159e-11
1359 7.99169e-11
1360 7.08475e-11
1361 6.27855e-11
1362 5.56216e-11
1363 4.9258e-11
1364 4.36073e-11
1365 3.85913e-11
1366 3.41405e-11
1367 3.01925e-11
1368 2.66917e-11
1369 2.35887e-11
1370 2.08391e-11
1371 1.84036e-11
1372 1.62472e-11
1373 1.43384e-11
1374 1.26494e-11
1375 1.11555e-11
1376 9.83467e-12
1377 8.66717e-12
1378 7.63561e-12
1379 6.72449e-12
1380 5.92002e-12
1381 5.20997e-12
1382 4.58349e-12
1383 4.03094e-12
1384 3.54376e-12
1385 3.11438e-12
1386 2.73607e-12
1387 2.40287e-12
1388 2.10952e-12
1389 1.85133e-12
1390 1.62418e-12
1391 1.4244e-12
1392 1.24875e-12
1393 1.09439e-12
1394 9.58767e-13
1395 8.39661e-13
1396 7.35093e-13
1397 6.43323e-13
1398 5.62813e-13
1399 4.92206e-13
1400 4.30307e-13
1401 3.7606e-13
1402 3.28537e-13
1403 2.86918e-13
1404 2.50485e-13
1405 2.18601e-13
1406 1.90708e-13
1407 1.66317e-13
1408 1.44994e-13
1409 1.26361e-13
1410 1.10083e-13
1411 9.58689e-14
1412 8.34608e-14
1413 7.26331e-14
1414 6.3188e-14
1415 5.49518e-14
1416 4.77724e-14
1417 4.15164e-14
1418 3.6067e-14
1419 3.13219e-14
1420 2.71915e-14
1421 2.35975e-14
1422 2.04713e-14
1423 1.77531e-14
1424 1.53904e-14
1425 1.33375e-14
1426 1.15543e-14
1427 1.0006e-14
1428 8.66219e-15
1429 7.4962e-15
1430 6.48489e-15
1431 5.60804e-15
1432 4.84806e-15
1433 4.1896e-15
1434 3.6193e-15
1435 3.12553e-15
1436 2.69819e-15
1437 2.32845e-15
1438 2.00868e-15
1439 1.73222e-15
1440 1.49329e-15
1441 1.28686e-15
1442 1.10858e-15
1443 9.5467e-16
1444 8.21839e-16
1445 7.07243e-16
1446 6.08414e-16
1447 5.23213e-16
1448 4.49787e-16
1449 3.86531e-16
1450 3.32055e-16
1451 2.85158e-16
1452 2.448e-16
1453 2.1008e-16
1454 1.80223e-16
1455 1.54555e-16
1456 1.32497e-16
1457 1.13548e-16
1458 9.72758e-17
1459 8.33066e-17
1460 7.1319e-17
1461 6.10353e-17
1462 5.22166e-17
1463 4.46567e-17
1464 3.81783e-17
1465 3.26286e-17
1466 2.78761e-17
1467 2.38077e-17
1468 2.03261e-17
1469 1.73478e-17
1470 1.48009e-17
1471 1.26236e-17
1472 1.0763e-17
1473 9.17354e-18
1474 7.81617e-18
1475 6.65741e-18
1476 5.66854e-18
1477 4.82493e-18
1478 4.10551e-18
1479 3.49219e-18
1480 2.9695e-18
1481 2.52421e-18
1482 2.14499e-18
1483 1.82213e-18
1484 1.54736e-18
1485 1.3136e-18
1486 1.11478e-18
1487 9.45746e-19
1488 8.02081e-19
1489 6.80018e-19
1490 5.76344e-19
1491 4.88318e-19
1492 4.13603e-19
1493 3.50207e-19
1494 2.96433e-19
1495 2.50835e-19
1496 2.12184e-19
1497 1.79431e-19
1498 1.51686e-19
1499 1.28191e-19
1500 1.08301e-19
1501 9.14678e-20
1502 7.7227e-20
1503 6.5183e-20
1504 5.50003e-20
1505 4.63938e-20
1506 3.9122e-20
1507 3.29798e-20
1508 2.77933e-20
1509 2.34154e-20
1510 1.9721e-20
1511 1.66044e-20
1512 1.39761e-20
1513 1.17603e-20
1514 9.89279e-21
1515 8.31934e-21
1516 6.99405e-21
1517 5.87812e-21
1518 4.93878e-21
1519 4.14831e-21
1520 3.48333e-21
1521 2.92408e-21
1522 2.4539e-21
1523 2.05872e-21
1524 1.72667e-21
1525 1.44776e-21
1526 1.21355e-21
1527 1.01693e-21
1528 8.51923e-22
1529 7.13484e-22
1530 5.9737e-22
1531 5.00009e-22
1532 4.18397e-22
1533 3.50006e-22
1534 2.92711e-22
1535 2.44726e-22
1536 2.04549e-22
1537 1.70919e-22
1538 1.42779e-22
1539 1.19238e-22
1540 9.95504e-23
1541 8.30902e-23
1542 6.93323e-23
1543 5.78363e-23
1544 4.82329e-23
1545 4.0213e-23
1546 3.35173e-23
1547 2.79287e-23
1548 2.32655e-23
1549 1.93755e-23
1550 1.61315e-23
1551 1.34269e-23
1552 1.11726e-23
1553 9.29431e-24
1554 7.72963e-24
1555 6.42658e-24
1556 5.34173e-24
1557 4.43879e-24
1558 3.68745e-24
1559 3.06245e-24
1560 2.54268e-24
1561 2.11054e-24
1562 1.75137e-24
1563 1.45291e-24
1564 1.20499e-24
1565 9.99089e-25
1566 8.28143e-25
1567 6.86256e-25
1568 5.68521e-25
1569 4.70853e-25
1570 3.89855e-25
1571 3.227e-25
1572 2.67038e-25
1573 2.20916e-25
1574 1.82708e-25
1575 1.51065e-25
1576 1.24867e-25
1577 1.03184e-25
1578 8.52411e-26
1579 7.03985e-26
1580 5.81238e-26
1581 4.79755e-26
1582 3.95877e-26
1583 3.2657e-26
1584 2.69318e-26
1585 2.22039e-26
1586 1.83007e-26
1587 1.50791e-26
1588 1.24211e-26
1589 1.02285e-26
1590 8.42055e-27
1591 6.93007e-27
1592 5.70172e-27
1593 4.68969e-27
1594 3.85613e-27
1595 3.16978e-27
1596 2.6048e-27
1597 2.13987e-27
1598 1.7574e-27
1599 1.44284e-27
1600 1.18422e-27
1601 9.71657e-28
1602 7.97001e-28
1603 6.53536e-28
1604 5.35729e-28
1605 4.39019e-28
1606 3.59654e-28
1607 2.94544e-28
1608 2.41144e-28
1609 1.97362e-28
1610 1.61477e-28
1611 1.32075e-28
1612 1.07991e-28
1613 8.82706e-29
1614 7.21276e-29
1615 5.89176e-29
1616 4.81112e-29
1617 3.92739e-29
1618 3.20492e-29
1619 2.61449e-29
1620 2.13212e-29
1621 1.73816e-29
1622 1.41652e-29
1623 1.15401e-29
1624 9.39824e-30
1625 7.65134e-30
1626 6.22701e-30
1627 5.06609e-30
1628 4.12018e-30
1629 3.34973e-30
1630 2.7224e-30
1631 2.21179e-30
1632 1.79632e-30
1633 1.45838e-30
1634 1.1836e-30
1635 9.60257e-31
1636 7.7878e-31
1637 6.31376e-31
1638 5.11689e-31
1639 4.14542e-31
1640 3.35719e-31
1641 2.71786e-31
1642 2.19948e-31
1643 1.77933e-31
1644 1.43891e-31
1645 1.1632e-31
1646 9.39975e-32
1647 7.59309e-32
1648 6.13142e-32
1649 4.94929e-32
1650 3.9936e-32
1651 3.22126e-32
1652 2.59732e-32
1653 2.09345e-32
1654 1.6867e-32
1655 1.35847e-32
1656 1.0937e-32
1657 8.80206e-33
1658 7.08119e-33
1659 5.69461e-33
1660 4.5778e-33
1661 3.67862e-33
1662 2.95493e-33
1663 2.3727e-33
1664 1.90447e-33
1665 1.52805e-33
1666 1.22556e-33
1667 9.82574e-34
1668 7.87459e-34
1669 6.30845e-34
1670 5.05184e-34
1671 4.04397e-34
1672 3.23592e-34
1673 2.58832e-34
1674 2.06952e-34
1675 1.65406e-34
1676 1.32148e-34
1677 1.05537e-34
1678 8.42508e-35
1679 6.72317e-35
1680 5.36294e-35
1681 4.27623e-35
1682 3.40837e-35
1683 2.71557e-35
1684 2.16274e-35
1685 1.72177e-35
1686 1.37016e-35
1687 1.08993e-35
1688 8.66661e-36
1689 6.88855e-36
1690 5.4731e-36
1691 4.34676e-36
1692 3.45083e-36
1693 2.73847e-36
1694 2.17229e-36
1695 1.72248e-36
1696 1.36526e-36
1697 1.08169e-36
1698 8.56669e-37
1699 6.78187e-37
1700 5.36674e-37
1701 4.24519e-37
1702 3.35666e-37
1703 2.65303e-37
1704 2.09604e-37
1705 1.65532e-37
1706 1.30674e-37
1707 1.03114e-37
1708 8.1334e-38
1709 6.41282e-38
1710 5.05416e-38
1711 3.98174e-38
1712 3.13559e-38
1713 2.46824e-38
1714 1.94214e-38
1715 1.52755e-38
1716 1.20097e-38
1717 9.43824e-39
1718 7.41435e-39
1719 5.82206e-39
1720 4.56986e-39
1721 3.58551e-39
1722 2.81204e-39
1723 2.20451e-39
1724 1.72753e-39
1725 1.3532e-39
1726 1.05954e-39
1727 8.29271e-40
1728 6.48778e-40
1729 5.0736e-40
1730 3.96605e-40
1731 3.099e-40
1732 2.4205e-40
1733 1.88978e-40
1734 1.47481e-40
1735 1.15049e-40
1736 8.97123e-41
1737 6.99263e-41
1738 5.44816e-41
1739 4.24307e-41
1740 3.30316e-41
1741 2.5704e-41
1742 1.99937e-41
1743 1.55455e-41
1744 1.20819e-41
1745 9.38617e-42
1746 7.28889e-42
1747 5.65789e-42
1748 4.39003e-42
1749 3.40487e-42
1750 2.63969e-42
1751 2.04563e-42
1752 1.5846e-42
1753 1.22697e-42
1754 9.49658e-43
1755 7.34717e-43
1756 5.6819e-43
1757 4.39224e-43
1758 3.3939e-43
1759 2.62139e-43
1760 2.02388e-43
1761 1.56191e-43
1762 1.20489e-43
1763 9.29093e-44
1764 7.16127e-44
1765 5.51748e-44
1766 4.24924e-44
1767 3.27116e-44
1768 2.51716e-44
1769 1.93616e-44
1770 1.48864e-44
1771 1.14408e-44
1772 8.78912e-45
1773 6.74921e-45
1774 5.1806e-45
1775 3.9749e-45
1776 3.04854e-45
1777 2.3371e-45
1778 1.79094e-45
1779 1.37185e-45
1780 1.05039e-45
1781 8.03921e-46
1782 6.1503e-46
1783 4.70325e-46
1784 3.59517e-46
1785 2.74701e-46
1786 2.09807e-46
1787 1.60177e-46
1788 1.22236e-46
1789 9.32434e-47
1790 7.10978e-47
1791 5.41893e-47
1792 4.12848e-47
1793 3.14403e-47
1794 2.39333e-47
1795 1.82112e-47
1796 1.38514e-47
1797 1.05309e-47
1798 8.00312e-48
1799 6.07956e-48
1800 4.61641e-48
1801 3.50394e-48
1802 2.65844e-48
1803 2.01613e-48
1804 1.52837e-48
1805 1.15813e-48
1806 8.77215e-49
1807 6.64163e-49
1808 5.02646e-49
1809 3.80251e-49
1810 2.87539e-49
1811 2.17342e-49
1812 1.64214e-49
1813 1.24021e-49
1814 9.36266e-50
1815 7.06519e-50
1816 5.32927e-50
1817 4.0182e-50
1818 3.02841e-50
1819 2.28148e-50
1820 1.71807e-50
1821 1.29325e-50
1822 9.73068e-51
1823 7.31854e-51
1824 5.50206e-51
1825 4.13472e-51
1826 3.10589e-51
1827 2.33209e-51
1828 1.75035e-51
1829 1.31318e-51
1830 9.8479e-52
1831 7.38214e-52
1832 5.53147e-52
1833 4.14304e-52
1834 3.10182e-52
1835 2.32132e-52
1836 1.73649e-52
1837 1.29846e-52
1838 9.70525e-53
1839 7.2511e-53
1840 5.41528e-53
1841 4.04257e-53
1842 3.01658e-53
1843 2.25004e-53
1844 1.6776e-53
1845 1.25027e-53
1846 9.31408e-54
1847 6.93579e-54
1848 5.16265e-54
1849 3.84122e-54
1850 2.85683e-54
1851 2.12384e-54
1852 1.57826e-54
1853 1.17234e-54
1854 8.70463e-55
1855 6.46052e-55
1856 4.79296e-55
1857 3.55435e-55
1858 2.63474e-55
1859 1.95225e-55
1860 1.44595e-55
1861 1.07051e-55
1862 7.92222e-56
1863 5.86037e-56
1864 4.33334e-56
1865 3.20289e-56
1866 2.36636e-56
1867 1.74759e-56
1868 1.29009e-56
1869 9.51958e-57
1870 7.02163e-57
1871 5.177e-57
1872 3.81539e-57
1873 2.81073e-57
1874 2.06977e-57
1875 1.5235e-57
1876 1.12095e-57
1877 8.24419e-58
1878 6.06082e-58
1879 4.45385e-58
1880 3.27159e-58
1881 2.40217e-58
1882 1.76307e-58
1883 1.29347e-58
1884 9.48554e-59
1885 6.95327e-59
1886 5.09491e-59
1887 3.73169e-59
1888 2.73208e-59
1889 1.99942e-59
1890 1.46263e-59
1891 1.06951e-59
1892 7.8173e-60
1893 5.71149e-60
1894 4.17121e-60
1895 3.04506e-60
1896 2.22204e-60
1897 1.62079e-60
1898 1.18174e-60
1899 8.61272e-61
1900 6.27449e-61
1901 4.56917e-61
1902 3.32596e-61
1903 2.42002e-61
1904 1.76011e-61
1905 1.27962e-61
1906 9.29921e-62
1907 6.75508e-62
1908 4.90497e-62
1909 3.5601e-62
1910 2.58291e-62
1911 1.87318e-62
1912 1.3579e-62
1913 9.83964e-63
1914 7.12707e-63
1915 5.16017e-63
1916 3.73455e-63
1917 2.70167e-63
1918 1.95366e-63
1919 1.41217e-63
1920 1.02034e-63
1921 7.36929e-64
1922 5.32018e-64
1923 3.83927e-64
1924 2.76944e-64
1925 1.99691e-64
1926 1.43927e-64
1927 1.03693e-64
1928 7.46758e-65
1929 5.37564e-65
1930 3.86813e-65
1931 2.78224e-65
1932 2.00036e-65
1933 1.43762e-65
1934 1.03276e-65
1935 7.41617e-66
1936 5.32329e-66
1937 3.81945e-66
1938 2.73933e-66
1939 1.96385e-66
1940 1.40732e-66
1941 1.0081e-66
1942 7.21823e-67
1943 5.16632e-67
1944 3.69618e-67
1945 2.6433e-67
1946 1.88957e-67
1947 1.3502e-67
1948 9.64401e-68
1949 6.88553e-68
1950 4.91405e-68
1951 3.50561e-68
1952 2.49982e-68
1953 1.78187e-68
1954 1.26959e-68
1955 9.0422e-69
1956 6.43734e-69
1957 4.581e-69
1958 3.25864e-69
1959 2.31704e-69
1960 1.64684e-69
1961 1.17002e-69
1962 8.30915e-70
1963 5.8985e-70
1964 4.18551e-70
1965 2.96877e-70
1966 2.10488e-70
1967 1.49176e-70
1968 1.0568e-70
1969 7.48359e-71
1970 5.29723e-71
1971 3.74808e-71
1972 2.65088e-71
1973 1.87411e-71
1974 1.32441e-71
1975 9.35555e-72
1976 6.60602e-72
1977 4.66264e-72
1978 3.28963e-72
1979 2.31997e-72
1980 1.63547e-72
1981 1.15245e-72
1982 8.11755e-73
1983 5.71544e-73
1984 4.02251e-73
1985 2.82987e-73
1986 1.99002e-73
1987 1.39885e-73
1988 9.82896e-74
1989 6.90344e-74
1990 4.8467e-74
1991 3.40133e-74
1992 2.38601e-74
1993 1.67309e-74
1994 1.17271e-74
1995 8.21639e-75
1996 5.75434e-75
1997 4.02839e-75
1998 2.81897e-75
1999 1.97184e-75
2000 1.37872e-75
2001 9.63608e-76
2002 6.73207e-76
2003 4.70131e-76
2004 3.2818e-76
2005 2.28996e-76
2006 1.59722e-76
2007 1.11359e-76
2008 7.76083e-77
2009 5.40647e-77
2010 3.7648e-77
2011 2.62055e-77
2012 1.82333e-77
2013 1.26812e-77
2014 8.81615e-78
2015 6.12661e-78
2016 4.25583e-78
2017 2.9551e-78
2018 2.05108e-78
2019 1.42304e-78
2020 9.86909e-79
2021 6.84167e-79
2022 4.74104e-79
2023 3.28408e-79
2024 2.27398e-79
2025 1.57396e-79
2026 1.08904e-79
2027 7.53253e-80
2028 5.20837e-80
2029 3.60035e-80
2030 2.48825e-80
2031 1.71945e-80
2032 1.18819e-80
2033 8.21239e-81
2034 5.67879e-81
2035 3.93023e-81
2036 2.72401e-81
2037 1.89228e-81
2038 1.31909e-81
2039 9.24289e-82
2040 6.52585e-82
2041 4.65821e-82
2042 3.37706e-82
2043 2.50166e-82
2044 1.90823e-82
2045 1.51264e-82
2046 1.25873e-82
2047 1.11035e-82
