0 6.73607e-46
1 5.46124e-46
2 4.54806e-46
3 3.95381e-46
4 3.65008e-46
5 3.62155e-46
6 3.86511e-46
7 4.38971e-46
8 5.21672e-46
9 6.38067e-46
10 7.93081e-46
11 9.93305e-46
12 1.24727e-45
13 1.56582e-45
14 1.96251e-45
15 2.45427e-45
16 3.06204e-45
17 3.8116e-45
18 4.73475e-45
19 5.8706e-45
20 7.26714e-45
21 8.98313e-45
22 1.10908e-44
23 1.36786e-44
24 1.6855e-44
25 2.07526e-44
26 2.55336e-44
27 3.13969e-44
28 3.8586e-44
29 4.73986e-44
30 5.81979e-44
31 7.14286e-44
32 8.76355e-44
33 1.07483e-43
34 1.31781e-43
35 1.61522e-43
36 1.97918e-43
37 2.42448e-43
38 2.96913e-43
39 3.63515e-43
40 4.44942e-43
41 5.44472e-43
42 6.66097e-43
43 8.14682e-43
44 9.96172e-43
45 1.21781e-42
46 1.48838e-42
47 1.81863e-42
48 2.22164e-42
49 2.71332e-42
50 3.31303e-42
51 4.04433e-42
52 4.93588e-42
53 6.02258e-42
54 7.34687e-42
55 8.96019e-42
56 1.09252e-41
57 1.33181e-41
58 1.62315e-41
59 1.97774e-41
60 2.40923e-41
61 2.93419e-41
62 3.57271e-41
63 4.34916e-41
64 5.2931e-41
65 6.44044e-41
66 7.83468e-41
67 9.52848e-41
68 1.15857e-40
69 1.40839e-40
70 1.71168e-40
71 2.07978e-40
72 2.52645e-40
73 3.06833e-40
74 3.72556e-40
75 4.52251e-40
76 5.48862e-40
77 6.65955e-40
78 8.07837e-40
79 9.79715e-40
80 1.18788e-39
81 1.43993e-39
82 1.74506e-39
83 2.11433e-39
84 2.56113e-39
85 3.10162e-39
86 3.75528e-39
87 4.54561e-39
88 5.50095e-39
89 6.65551e-39
90 8.05047e-39
91 9.73544e-39
92 1.17703e-38
93 1.42272e-38
94 1.71928e-38
95 2.07715e-38
96 2.50892e-38
97 3.02974e-38
98 3.6578e-38
99 4.415e-38
100 5.32771e-38
101 6.42758e-38
102 7.75272e-38
103 9.34883e-38
104 1.12708e-37
105 1.35849e-37
106 1.63702e-37
107 1.9722e-37
108 2.37544e-37
109 2.86047e-37
110 3.44376e-37
111 4.145e-37
112 4.98786e-37
113 6.00075e-37
114 7.21769e-37
115 8.67935e-37
116 1.04346e-36
117 1.2542e-36
118 1.50715e-36
119 1.81069e-36
120 2.17487e-36
121 2.61169e-36
122 3.13554e-36
123 3.76358e-36
124 4.51636e-36
125 5.41846e-36
126 6.49926e-36
127 7.79388e-36
128 9.34417e-36
129 1.12002e-35
130 1.34218e-35
131 1.60805e-35
132 1.92612e-35
133 2.30656e-35
134 2.76151e-35
135 3.30544e-35
136 3.95556e-35
137 4.73244e-35
138 5.66057e-35
139 6.76916e-35
140 8.09296e-35
141 9.67333e-35
142 1.15596e-34
143 1.38105e-34
144 1.64957e-34
145 1.96983e-34
146 2.35172e-34
147 2.80699e-34
148 3.34959e-34
149 3.99613e-34
150 4.76633e-34
151 5.68364e-34
152 6.77587e-34
153 8.07608e-34
154 9.6235e-34
155 1.14647e-33
156 1.36549e-33
157 1.62597e-33
158 1.93568e-33
159 2.30383e-33
160 2.74136e-33
161 3.26122e-33
162 3.87873e-33
163 4.6121e-33
164 5.48282e-33
165 6.51641e-33
166 7.74302e-33
167 9.19837e-33
168 1.09247e-32
169 1.2972e-32
170 1.53994e-32
171 1.82768e-32
172 2.16868e-32
173 2.5727e-32
174 3.05128e-32
175 3.61806e-32
176 4.28912e-32
177 5.08347e-32
178 6.02356e-32
179 7.13585e-32
180 8.45159e-32
181 1.00076e-31
182 1.18474e-31
183 1.40223e-31
184 1.65925e-31
185 1.96293e-31
186 2.32166e-31
187 2.74532e-31
188 3.24554e-31
189 3.83602e-31
190 4.53289e-31
191 5.35512e-31
192 6.32504e-31
193 7.46891e-31
194 8.81759e-31
195 1.04074e-30
196 1.2281e-30
197 1.44885e-30
198 1.70889e-30
199 2.01513e-30
200 2.37569e-30
201 2.8001e-30
202 3.29957e-30
203 3.88722e-30
204 4.57844e-30
205 5.39131e-30
206 6.34701e-30
207 7.47035e-30
208 8.79043e-30
209 1.03413e-29
210 1.21629e-29
211 1.43021e-29
212 1.68134e-29
213 1.9761e-29
214 2.32199e-29
215 2.72777e-29
216 3.20369e-29
217 3.76176e-29
218 4.41599e-29
219 5.18277e-29
220 6.08125e-29
221 7.1338e-29
222 8.36653e-29
223 9.80995e-29
224 1.14997e-28
225 1.34773e-28
226 1.57912e-28
227 1.84981e-28
228 2.16639e-28
229 2.53655e-28
230 2.96927e-28
231 3.47498e-28
232 4.06589e-28
233 4.75616e-28
234 5.56232e-28
235 6.50362e-28
236 7.60245e-28
237 8.88487e-28
238 1.03812e-27
239 1.21268e-27
240 1.41626e-27
241 1.65363e-27
242 1.93035e-27
243 2.25286e-27
244 2.62865e-27
245 3.06641e-27
246 3.57626e-27
247 4.16992e-27
248 4.86101e-27
249 5.66535e-27
250 6.60126e-27
251 7.69002e-27
252 8.9563e-27
253 1.04287e-26
254 1.21403e-26
255 1.41297e-26
256 1.64412e-26
257 1.91264e-26
258 2.2245e-26
259 2.58661e-26
260 3.00698e-26
261 3.49484e-26
262 4.0609e-26
263 4.71756e-26
264 5.4791e-26
265 6.36209e-26
266 7.38563e-26
267 8.57183e-26
268 9.94618e-26
269 1.15382e-25
270 1.33818e-25
271 1.55163e-25
272 1.7987e-25
273 2.08461e-25
274 2.41539e-25
275 2.798e-25
276 3.24043e-25
277 3.75192e-25
278 4.34311e-25
279 5.02625e-25
280 5.81545e-25
281 6.72694e-25
282 7.77944e-25
283 8.99446e-25
284 1.03967e-24
285 1.20148e-24
286 1.38813e-24
287 1.6034e-24
288 1.85161e-24
289 2.13774e-24
290 2.46749e-24
291 2.84743e-24
292 3.2851e-24
293 3.78914e-24
294 4.3695e-24
295 5.03756e-24
296 5.80639e-24
297 6.691e-24
298 7.70858e-24
299 8.87885e-24
300 1.02244e-23
301 1.17711e-23
302 1.35487e-23
303 1.55912e-23
304 1.79373e-23
305 2.06318e-23
306 2.37256e-23
307 2.72771e-23
308 3.1353e-23
309 3.60297e-23
310 4.13945e-23
311 4.75473e-23
312 5.46021e-23
313 6.26892e-23
314 7.19578e-23
315 8.25778e-23
316 9.47434e-23
317 1.08676e-22
318 1.2463e-22
319 1.42892e-22
320 1.63793e-22
321 1.87707e-22
322 2.15063e-22
323 2.46349e-22
324 2.82121e-22
325 3.23011e-22
326 3.69742e-22
327 4.23134e-22
328 4.84122e-22
329 5.53769e-22
330 6.33287e-22
331 7.24051e-22
332 8.27626e-22
333 9.45792e-22
334 1.08057e-21
335 1.23426e-21
336 1.40947e-21
337 1.60916e-21
338 1.8367e-21
339 2.09591e-21
340 2.39111e-21
341 2.72724e-21
342 3.10986e-21
343 3.54529e-21
344 4.04072e-21
345 4.60424e-21
346 5.24508e-21
347 5.97366e-21
348 6.80179e-21
349 7.74284e-21
350 8.81194e-21
351 1.00262e-20
352 1.14051e-20
353 1.29704e-20
354 1.4747e-20
355 1.67629e-20
356 1.90499e-20
357 2.16436e-20
358 2.45846e-20
359 2.79186e-20
360 3.16972e-20
361 3.59787e-20
362 4.08288e-20
363 4.63219e-20
364 5.25418e-20
365 5.95828e-20
366 6.75518e-20
367 7.65687e-20
368 8.67692e-20
369 9.83059e-20
370 1.11351e-19
371 1.26098e-19
372 1.42766e-19
373 1.61599e-19
374 1.82876e-19
375 2.06906e-19
376 2.34042e-19
377 2.64675e-19
378 2.99251e-19
379 3.38266e-19
380 3.82281e-19
381 4.31924e-19
382 4.87904e-19
383 5.51013e-19
384 6.22142e-19
385 7.02293e-19
386 7.92588e-19
387 8.94286e-19
388 1.0088e-18
389 1.13771e-18
390 1.2828e-18
391 1.44606e-18
392 1.6297e-18
393 1.83624e-18
394 2.06847e-18
395 2.32951e-18
396 2.62286e-18
397 2.95245e-18
398 3.32266e-18
399 3.73839e-18
400 4.2051e-18
401 4.72893e-18
402 5.31671e-18
403 5.97608e-18
404 6.71557e-18
405 7.54469e-18
406 8.47408e-18
407 9.51558e-18
408 1.06824e-17
409 1.19893e-17
410 1.34528e-17
411 1.50911e-17
412 1.69247e-17
413 1.89762e-17
414 2.12712e-17
415 2.38377e-17
416 2.67071e-17
417 2.99145e-17
418 3.34987e-17
419 3.75029e-17
420 4.19754e-17
421 4.69695e-17
422 5.25449e-17
423 5.87675e-17
424 6.5711e-17
425 7.34569e-17
426 8.20958e-17
427 9.17286e-17
428 1.02467e-16
429 1.14435e-16
430 1.2777e-16
431 1.42626e-16
432 1.59171e-16
433 1.77593e-16
434 1.98102e-16
435 2.20928e-16
436 2.46327e-16
437 2.74583e-16
438 3.0601e-16
439 3.40957e-16
440 3.79808e-16
441 4.22991e-16
442 4.70978e-16
443 5.24291e-16
444 5.83508e-16
445 6.49268e-16
446 7.22279e-16
447 8.03321e-16
448 8.93256e-16
449 9.9304e-16
450 1.10372e-15
451 1.22647e-15
452 1.36256e-15
453 1.51341e-15
454 1.68059e-15
455 1.86581e-15
456 2.07097e-15
457 2.29817e-15
458 2.5497e-15
459 2.82812e-15
460 3.1362e-15
461 3.47703e-15
462 3.854e-15
463 4.27082e-15
464 4.73158e-15
465 5.2408e-15
466 5.80341e-15
467 6.42484e-15
468 7.11106e-15
469 7.86863e-15
470 8.70472e-15
471 9.62723e-15
472 1.06448e-14
473 1.17669e-14
474 1.3004e-14
475 1.43674e-14
476 1.58697e-14
477 1.75244e-14
478 1.93466e-14
479 2.13527e-14
480 2.35605e-14
481 2.59898e-14
482 2.86619e-14
483 3.16004e-14
484 3.48308e-14
485 3.83813e-14
486 4.22824e-14
487 4.65677e-14
488 5.12736e-14
489 5.64402e-14
490 6.2111e-14
491 6.83337e-14
492 7.51601e-14
493 8.26469e-14
494 9.08559e-14
495 9.98547e-14
496 1.09717e-13
497 1.20522e-13
498 1.32358e-13
499 1.45321e-13
500 1.59514e-13
501 1.7505e-13
502 1.92052e-13
503 2.10655e-13
504 2.31006e-13
505 2.53263e-13
506 2.77599e-13
507 3.04205e-13
508 3.33284e-13
509 3.6506e-13
510 3.99778e-13
511 4.37699e-13
512 4.79114e-13
513 5.24332e-13
514 5.73696e-13
515 6.27572e-13
516 6.86362e-13
517 7.50501e-13
518 8.20462e-13
519 8.96756e-13
520 9.79941e-13
521 1.07062e-12
522 1.16944e-12
523 1.27713e-12
524 1.39443e-12
525 1.52219e-12
526 1.66131e-12
527 1.81276e-12
528 1.9776e-12
529 2.15696e-12
530 2.35208e-12
531 2.56429e-12
532 2.79504e-12
533 3.04586e-12
534 3.31844e-12
535 3.61459e-12
536 3.93625e-12
537 4.28552e-12
538 4.66468e-12
539 5.07615e-12
540 5.52256e-12
541 6.00673e-12
542 6.53169e-12
543 7.1007e-12
544 7.71727e-12
545 8.38517e-12
546 9.10842e-12
547 9.89137e-12
548 1.07387e-11
549 1.16553e-11
550 1.26466e-11
551 1.37183e-11
552 1.48766e-11
553 1.61279e-11
554 1.74794e-11
555 1.89385e-11
556 2.05134e-11
557 2.22125e-11
558 2.40452e-11
559 2.60212e-11
560 2.8151e-11
561 3.0446e-11
562 3.2918e-11
563 3.558e-11
564 3.84456e-11
565 4.15294e-11
566 4.4847e-11
567 4.84152e-11
568 5.22518e-11
569 5.63757e-11
570 6.08073e-11
571 6.55682e-11
572 7.06816e-11
573 7.61722e-11
574 8.20663e-11
575 8.83923e-11
576 9.518e-11
577 1.02462e-10
578 1.10272e-10
579 1.18647e-10
580 1.27625e-10
581 1.3725e-10
582 1.47565e-10
583 1.58619e-10
584 1.70461e-10
585 1.83146e-10
586 1.96733e-10
587 2.11283e-10
588 2.26863e-10
589 2.43543e-10
590 2.61398e-10
591 2.8051e-10
592 3.00963e-10
593 3.2285e-10
594 3.46267e-10
595 3.7132e-10
596 3.98119e-10
597 4.26782e-10
598 4.57435e-10
599 4.90213e-10
600 5.25257e-10
601 5.62719e-10
602 6.02761e-10
603 6.45554e-10
604 6.91278e-10
605 7.40128e-10
606 7.92307e-10
607 8.48033e-10
608 9.07533e-10
609 9.71051e-10
610 1.03884e-09
611 1.11118e-09
612 1.18835e-09
613 1.27065e-09
614 1.35839e-09
615 1.45192e-09
616 1.55159e-09
617 1.65776e-09
618 1.77082e-09
619 1.89117e-09
620 2.01925e-09
621 2.15549e-09
622 2.30036e-09
623 2.45434e-09
624 2.61795e-09
625 2.79171e-09
626 2.97616e-09
627 3.17188e-09
628 3.37946e-09
629 3.59952e-09
630 3.83268e-09
631 4.07962e-09
632 4.34101e-09
633 4.61755e-09
634 4.90998e-09
635 5.21903e-09
636 5.54549e-09
637 5.89015e-09
638 6.25383e-09
639 6.63736e-09
640 7.04161e-09
641 7.46747e-09
642 7.91584e-09
643 8.38766e-09
644 8.88388e-09
645 9.40549e-09
646 9.95349e-09
647 1.05289e-08
648 1.11328e-08
649 1.17663e-08
650 1.24304e-08
651 1.31264e-08
652 1.38554e-08
653 1.46186e-08
654 1.54174e-08
655 1.62529e-08
656 1.71265e-08
657 1.80396e-08
658 1.89937e-08
659 1.99904e-08
660 2.1031e-08
661 2.21174e-08
662 2.32512e-08
663 2.44343e-08
664 2.56685e-08
665 2.6956e-08
666 2.82988e-08
667 2.96992e-08
668 3.11596e-08
669 3.26827e-08
670 3.42711e-08
671 3.59277e-08
672 3.76557e-08
673 3.94585e-08
674 4.13395e-08
675 4.33025e-08
676 4.53518e-08
677 4.74916e-08
678 4.97266e-08
679 5.20618e-08
680 5.45026e-08
681 5.70546e-08
682 5.97241e-08
683 6.25174e-08
684 6.54416e-08
685 6.85041e-08
686 7.17127e-08
687 7.50757e-08
688 7.8602e-08
689 8.2301e-08
690 8.61827e-08
691 9.02574e-08
692 9.45361e-08
693 9.90306e-08
694 1.03753e-07
695 1.08716e-07
696 1.13932e-07
697 1.19417e-07
698 1.25183e-07
699 1.31247e-07
700 1.37624e-07
701 1.44329e-07
702 1.51379e-07
703 1.58792e-07
704 1.66584e-07
705 1.74774e-07
706 1.83379e-07
707 1.92417e-07
708 2.01908e-07
709 2.11869e-07
710 2.22319e-07
711 2.33278e-07
712 2.44762e-07
713 2.56791e-07
714 2.69382e-07
715 2.82552e-07
716 2.96318e-07
717 3.10696e-07
718 3.257e-07
719 3.41346e-07
720 3.57645e-07
721 3.74608e-07
722 3.92247e-07
723 4.10568e-07
724 4.29579e-07
725 4.49283e-07
726 4.69682e-07
727 4.90776e-07
728 5.12562e-07
729 5.35034e-07
730 5.58184e-07
731 5.81999e-07
732 6.06464e-07
733 6.3156e-07
734 6.57266e-07
735 6.83555e-07
736 7.10397e-07
737 7.37758e-07
738 7.656e-07
739 7.9388e-07
740 8.22552e-07
741 8.51564e-07
742 8.8086e-07
743 9.10382e-07
744 9.40064e-07
745 9.69837e-07
746 9.99629e-07
747 1.02936e-06
748 1.05896e-06
749 1.08832e-06
750 1.11738e-06
751 1.14603e-06
752 1.17417e-06
753 1.20172e-06
754 1.22857e-06
755 1.25461e-06
756 1.27975e-06
757 1.30388e-06
758 1.32689e-06
759 1.34867e-06
760 1.36914e-06
761 1.38817e-06
762 1.40567e-06
763 1.42154e-06
764 1.43569e-06
765 1.44802e-06
766 1.45846e-06
767 1.46693e-06
768 1.47335e-06
769 1.47767e-06
770 1.47983e-06
771 1.47979e-06
772 1.47752e-06
773 1.47301e-06
774 1.46625e-06
775 1.45725e-06
776 1.44604e-06
777 1.43267e-06
778 1.4172e-06
779 1.39972e-06
780 1.38032e-06
781 1.35914e-06
782 1.33632e-06
783 1.31204e-06
784 1.28649e-06
785 1.2599e-06
786 1.23252e-06
787 1.20462e-06
788 1.17652e-06
789 1.14855e-06
790 1.12108e-06
791 1.0945e-06
792 1.06924e-06
793 1.04576e-06
794 1.02456e-06
795 1.00614e-06
796 9.91077e-07
797 9.79947e-07
798 9.73369e-07
799 9.71995e-07
800 9.76506e-07
801 9.87614e-07
802 1.00606e-06
803 1.03262e-06
804 1.06809e-06
805 1.1133e-06
806 1.1691e-06
807 1.23637e-06
808 1.31602e-06
809 1.40897e-06
810 1.51617e-06
811 1.63858e-06
812 1.77718e-06
813 1.93297e-06
814 2.10696e-06
815 2.30017e-06
816 2.51363e-06
817 2.74838e-06
818 3.00546e-06
819 3.2859e-06
820 3.59076e-06
821 3.92106e-06
822 4.27784e-06
823 4.66212e-06
824 5.07492e-06
825 5.51723e-06
826 5.99003e-06
827 6.4943e-06
828 7.03098e-06
829 7.60099e-06
830 8.20523e-06
831 8.84456e-06
832 9.51984e-06
833 1.02319e-05
834 1.09814e-05
835 1.17693e-05
836 1.25961e-05
837 1.34626e-05
838 1.43693e-05
839 1.5317e-05
840 1.63062e-05
841 1.73373e-05
842 1.84109e-05
843 1.95275e-05
844 2.06874e-05
845 2.18911e-05
846 2.31388e-05
847 2.4431e-05
848 2.57678e-05
849 2.71496e-05
850 2.85767e-05
851 3.00491e-05
852 3.15672e-05
853 3.31311e-05
854 3.47411e-05
855 3.63972e-05
856 3.80998e-05
857 3.98489e-05
858 4.16448e-05
859 4.34878e-05
860 4.53781e-05
861 4.73159e-05
862 4.93017e-05
863 5.13359e-05
864 5.34188e-05
865 5.5551e-05
866 5.77331e-05
867 5.99658e-05
868 6.22499e-05
869 6.45862e-05
870 6.69757e-05
871 6.94197e-05
872 7.19192e-05
873 7.44758e-05
874 7.7091e-05
875 7.97665e-05
876 8.25044e-05
877 8.53066e-05
878 8.81755e-05
879 9.11136e-05
880 9.41238e-05
881 9.72089e-05
882 0.000100372
883 0.000103617
884 0.000106948
885 0.000110369
886 0.000113883
887 0.000117496
888 0.000121212
889 0.000125038
890 0.000128978
891 0.000133039
892 0.000137227
893 0.000141549
894 0.000146012
895 0.000150624
896 0.000155391
897 0.000160324
898 0.00016543
899 0.000170719
900 0.0001762
901 0.000181883
902 0.00018778
903 0.0001939
904 0.000200256
905 0.000206859
906 0.000213721
907 0.000220856
908 0.000228276
909 0.000235996
910 0.00024403
911 0.000252392
912 0.000261098
913 0.000270164
914 0.000279606
915 0.00028944
916 0.000299684
917 0.000310355
918 0.000321472
919 0.000333053
920 0.000345118
921 0.000357686
922 0.000370778
923 0.000384413
924 0.000398613
925 0.0004134
926 0.000428796
927 0.000444822
928 0.000461502
929 0.00047886
930 0.000496918
931 0.000515701
932 0.000535234
933 0.000555541
934 0.000576648
935 0.000598581
936 0.000621366
937 0.000645028
938 0.000669595
939 0.000695094
940 0.000721553
941 0.000748998
942 0.000777459
943 0.000806962
944 0.000837538
945 0.000869214
946 0.000902019
947 0.000935982
948 0.000971134
949 0.0010075
950 0.00104512
951 0.00108401
952 0.00112421
953 0.00116575
954 0.00120865
955 0.00125295
956 0.00129867
957 0.00134585
958 0.00139452
959 0.0014447
960 0.00149643
961 0.00154974
962 0.00160465
963 0.0016612
964 0.00171941
965 0.00177932
966 0.00184094
967 0.00190432
968 0.00196948
969 0.00203645
970 0.00210525
971 0.00217591
972 0.00224846
973 0.00232292
974 0.00239933
975 0.0024777
976 0.00255806
977 0.00264044
978 0.00272486
979 0.00281134
980 0.0028999
981 0.00299056
982 0.00308336
983 0.00317829
984 0.0032754
985 0.00337468
986 0.00347617
987 0.00357988
988 0.00368581
989 0.003794
990 0.00390444
991 0.00401716
992 0.00413216
993 0.00424945
994 0.00436904
995 0.00449095
996 0.00461517
997 0.00474171
998 0.00487058
999 0.00500177
1000 0.00513529
1001 0.00527114
1002 0.00540931
1003 0.0055498
1004 0.0056926
1005 0.00583772
1006 0.00598513
1007 0.00613483
1008 0.00628681
1009 0.00644105
1010 0.00659754
1011 0.00675627
1012 0.0069172
1013 0.00708032
1014 0.00724561
1015 0.00741305
1016 0.0075826
1017 0.00775424
1018 0.00792793
1019 0.00810365
1020 0.00828136
1021 0.00846102
1022 0.0086426
1023 0.00882605
1024 0.00901134
1025 0.00919841
1026 0.00938722
1027 0.00957772
1028 0.00976986
1029 0.00996358
1030 0.0101588
1031 0.0103556
1032 0.0105537
1033 0.0107532
1034 0.010954
1035 0.011156
1036 0.0113592
1037 0.0115635
1038 0.0117688
1039 0.011975
1040 0.0121821
1041 0.01239
1042 0.0125986
1043 0.0128078
1044 0.0130176
1045 0.0132279
1046 0.0134385
1047 0.0136494
1048 0.0138606
1049 0.0140718
1050 0.0142831
1051 0.0144943
1052 0.0147053
1053 0.0149161
1054 0.0151265
1055 0.0153364
1056 0.0155458
1057 0.0157546
1058 0.0159625
1059 0.0161696
1060 0.0163758
1061 0.0165808
1062 0.0167847
1063 0.0169873
1064 0.0171886
1065 0.0173883
1066 0.0175864
1067 0.0177828
1068 0.0179775
1069 0.0181701
1070 0.0183608
1071 0.0185493
1072 0.0187356
1073 0.0189196
1074 0.019101
1075 0.01928
1076 0.0194562
1077 0.0196297
1078 0.0198004
1079 0.019968
1080 0.0201326
1081 0.020294
1082 0.0204522
1083 0.020607
1084 0.0207583
1085 0.0209061
1086 0.0210502
1087 0.0211906
1088 0.0213271
1089 0.0214597
1090 0.0215884
1091 0.0217129
1092 0.0218333
1093 0.0219495
1094 0.0220613
1095 0.0221688
1096 0.0222717
1097 0.0223702
1098 0.022464
1099 0.0225532
1100 0.0226377
1101 0.0227174
1102 0.0227923
1103 0.0228623
1104 0.0229273
1105 0.0229874
1106 0.0230425
1107 0.0230925
1108 0.0231374
1109 0.0231773
1110 0.0232119
1111 0.0232414
1112 0.0232657
1113 0.0232848
1114 0.0232986
1115 0.0233072
1116 0.0233106
1117 0.0233087
1118 0.0233016
1119 0.0232892
1120 0.0232716
1121 0.0232488
1122 0.0232207
1123 0.0231874
1124 0.023149
1125 0.0231054
1126 0.0230567
1127 0.0230029
1128 0.022944
1129 0.0228801
1130 0.0228112
1131 0.0227374
1132 0.0226587
1133 0.0225751
1134 0.0224868
1135 0.0223938
1136 0.022296
1137 0.0221937
1138 0.0220869
1139 0.0219755
1140 0.0218598
1141 0.0217398
1142 0.0216155
1143 0.0214871
1144 0.0213545
1145 0.021218
1146 0.0210775
1147 0.0209333
1148 0.0207852
1149 0.0206336
1150 0.0204784
1151 0.0203197
1152 0.0201577
1153 0.0199925
1154 0.019824
1155 0.0196526
1156 0.0194781
1157 0.0193009
1158 0.0191209
1159 0.0189382
1160 0.018753
1161 0.0185655
1162 0.0183756
1163 0.0181835
1164 0.0179893
1165 0.0177931
1166 0.017595
1167 0.0173952
1168 0.0171938
1169 0.0169907
1170 0.0167863
1171 0.0165805
1172 0.0163736
1173 0.0161655
1174 0.0159564
1175 0.0157464
1176 0.0155356
1177 0.0153242
1178 0.0151122
1179 0.0148997
1180 0.0146868
1181 0.0144737
1182 0.0142604
1183 0.0140471
1184 0.0138337
1185 0.0136205
1186 0.0134075
1187 0.0131949
1188 0.0129826
1189 0.0127708
1190 0.0125596
1191 0.0123491
1192 0.0121393
1193 0.0119303
1194 0.0117223
1195 0.0115153
1196 0.0113093
1197 0.0111044
1198 0.0109008
1199 0.0106985
1200 0.0104975
1201 0.0102979
1202 0.0100998
1203 0.00990321
1204 0.00970825
1205 0.00951493
1206 0.00932333
1207 0.00913349
1208 0.00894547
1209 0.0087593
1210 0.00857504
1211 0.00839272
1212 0.0082124
1213 0.0080341
1214 0.00785787
1215 0.00768373
1216 0.00751173
1217 0.00734189
1218 0.00717424
1219 0.0070088
1220 0.0068456
1221 0.00668467
1222 0.00652601
1223 0.00636965
1224 0.00621561
1225 0.00606389
1226 0.00591451
1227 0.00576749
1228 0.00562282
1229 0.00548051
1230 0.00534057
1231 0.00520301
1232 0.00506782
1233 0.004935
1234 0.00480455
1235 0.00467647
1236 0.00455075
1237 0.00442738
1238 0.00430637
1239 0.00418769
1240 0.00407134
1241 0.00395731
1242 0.00384558
1243 0.00373613
1244 0.00362896
1245 0.00352405
1246 0.00342138
1247 0.00332093
1248 0.00322268
1249 0.00312661
1250 0.0030327
1251 0.00294093
1252 0.00285127
1253 0.0027637
1254 0.0026782
1255 0.00259474
1256 0.0025133
1257 0.00243385
1258 0.00235636
1259 0.00228081
1260 0.00220716
1261 0.0021354
1262 0.00206548
1263 0.0019974
1264 0.0019311
1265 0.00186657
1266 0.00180378
1267 0.00174269
1268 0.00168328
1269 0.00162552
1270 0.00156937
1271 0.0015148
1272 0.0014618
1273 0.00141031
1274 0.00136033
1275 0.00131181
1276 0.00126472
1277 0.00121904
1278 0.00117474
1279 0.00113178
1280 0.00109014
1281 0.00104978
1282 0.00101068
1283 0.000972815
1284 0.000936147
1285 0.00090065
1286 0.000866297
1287 0.000833059
1288 0.00080091
1289 0.000769821
1290 0.000739767
1291 0.00071072
1292 0.000682654
1293 0.000655543
1294 0.000629362
1295 0.000604086
1296 0.00057969
1297 0.000556148
1298 0.000533439
1299 0.000511537
1300 0.000490421
1301 0.000470066
1302 0.000450451
1303 0.000431554
1304 0.000413354
1305 0.000395828
1306 0.000378958
1307 0.000362722
1308 0.000347101
1309 0.000332075
1310 0.000317626
1311 0.000303735
1312 0.000290383
1313 0.000277554
1314 0.000265231
1315 0.000253395
1316 0.000242031
1317 0.000231123
1318 0.000220656
1319 0.000210613
1320 0.000200981
1321 0.000191745
1322 0.000182891
1323 0.000174406
1324 0.000166275
1325 0.000158487
1326 0.000151028
1327 0.000143887
1328 0.000137052
1329 0.000130511
1330 0.000124254
1331 0.000118269
1332 0.000112546
1333 0.000107076
1334 0.000101848
1335 9.68522e-05
1336 9.20804e-05
1337 8.75235e-05
1338 8.31728e-05
1339 7.902e-05
1340 7.50572e-05
1341 7.12766e-05
1342 6.76708e-05
1343 6.42325e-05
1344 6.09547e-05
1345 5.78308e-05
1346 5.48543e-05
1347 5.20189e-05
1348 4.93187e-05
1349 4.67478e-05
1350 4.43006e-05
1351 4.19718e-05
1352 3.97562e-05
1353 3.76488e-05
1354 3.56448e-05
1355 3.37397e-05
1356 3.1929e-05
1357 3.02085e-05
1358 2.8574e-05
1359 2.70217e-05
1360 2.55478e-05
1361 2.41487e-05
1362 2.28209e-05
1363 2.15611e-05
1364 2.03661e-05
1365 1.92328e-05
1366 1.81584e-05
1367 1.71401e-05
1368 1.6175e-05
1369 1.52608e-05
1370 1.43949e-05
1371 1.35749e-05
1372 1.27987e-05
1373 1.20641e-05
1374 1.1369e-05
1375 1.07114e-05
1376 1.00895e-05
1377 9.50151e-06
1378 8.9457e-06
1379 8.42044e-06
1380 7.92417e-06
1381 7.45541e-06
1382 7.01275e-06
1383 6.59483e-06
1384 6.20037e-06
1385 5.82814e-06
1386 5.47699e-06
1387 5.14579e-06
1388 4.83349e-06
1389 4.53908e-06
1390 4.26162e-06
1391 4.00018e-06
1392 3.7539e-06
1393 3.52197e-06
1394 3.30359e-06
1395 3.09803e-06
1396 2.90459e-06
1397 2.72259e-06
1398 2.5514e-06
1399 2.39041e-06
1400 2.23906e-06
1401 2.09681e-06
1402 1.96313e-06
1403 1.83755e-06
1404 1.7196e-06
1405 1.60885e-06
1406 1.50488e-06
1407 1.40731e-06
1408 1.31575e-06
1409 1.22986e-06
1410 1.14931e-06
1411 1.07379e-06
1412 1.003e-06
1413 9.36655e-07
1414 8.74497e-07
1415 8.16274e-07
1416 7.61751e-07
1417 7.10704e-07
1418 6.62924e-07
1419 6.18213e-07
1420 5.76384e-07
1421 5.3726e-07
1422 5.00676e-07
1423 4.66475e-07
1424 4.3451e-07
1425 4.04641e-07
1426 3.76738e-07
1427 3.50678e-07
1428 3.26345e-07
1429 3.0363e-07
1430 2.8243e-07
1431 2.62651e-07
1432 2.44199e-07
1433 2.26992e-07
1434 2.10948e-07
1435 1.95993e-07
1436 1.82056e-07
1437 1.69071e-07
1438 1.56976e-07
1439 1.45712e-07
1440 1.35225e-07
1441 1.25464e-07
1442 1.16381e-07
1443 1.0793e-07
1444 1.0007e-07
1445 9.27607e-08
1446 8.59655e-08
1447 7.96496e-08
1448 7.37807e-08
1449 6.83284e-08
1450 6.32644e-08
1451 5.85622e-08
1452 5.41969e-08
1453 5.01454e-08
1454 4.63861e-08
1455 4.28986e-08
1456 3.96642e-08
1457 3.66652e-08
1458 3.3885e-08
1459 3.13084e-08
1460 2.89211e-08
1461 2.67096e-08
1462 2.46615e-08
1463 2.27651e-08
1464 2.10097e-08
1465 1.93852e-08
1466 1.78822e-08
1467 1.64918e-08
1468 1.52061e-08
1469 1.40173e-08
1470 1.29185e-08
1471 1.1903e-08
1472 1.09649e-08
1473 1.00983e-08
1474 9.29804e-09
1475 8.55923e-09
1476 7.8773e-09
1477 7.24802e-09
1478 6.66746e-09
1479 6.13198e-09
1480 5.6382e-09
1481 5.18298e-09
1482 4.76341e-09
1483 4.37679e-09
1484 4.02062e-09
1485 3.69257e-09
1486 3.39051e-09
1487 3.11243e-09
1488 2.8565e-09
1489 2.62101e-09
1490 2.40437e-09
1491 2.20513e-09
1492 2.02193e-09
1493 1.85352e-09
1494 1.69875e-09
1495 1.55654e-09
1496 1.4259e-09
1497 1.30593e-09
1498 1.19577e-09
1499 1.09465e-09
1500 1.00185e-09
1501 9.16711e-10
1502 8.3861e-10
1503 7.66986e-10
1504 7.01317e-10
1505 6.41122e-10
1506 5.85959e-10
1507 5.35419e-10
1508 4.89124e-10
1509 4.4673e-10
1510 4.07916e-10
1511 3.72388e-10
1512 3.39877e-10
1513 3.10132e-10
1514 2.82925e-10
1515 2.58046e-10
1516 2.353e-10
1517 2.14509e-10
1518 1.95511e-10
1519 1.78154e-10
1520 1.62301e-10
1521 1.47824e-10
1522 1.34608e-10
1523 1.22545e-10
1524 1.11537e-10
1525 1.01495e-10
1526 9.23354e-11
1527 8.39833e-11
1528 7.63691e-11
1529 6.94292e-11
1530 6.31054e-11
1531 5.73445e-11
1532 5.20974e-11
1533 4.73196e-11
1534 4.297e-11
1535 3.90112e-11
1536 3.54091e-11
1537 3.21321e-11
1538 2.91517e-11
1539 2.64416e-11
1540 2.39779e-11
1541 2.17388e-11
1542 1.97043e-11
1543 1.7856e-11
1544 1.61774e-11
1545 1.46532e-11
1546 1.32695e-11
1547 1.20138e-11
1548 1.08743e-11
1549 9.8407e-12
1550 8.90327e-12
1551 8.05327e-12
1552 7.28275e-12
1553 6.58442e-12
1554 5.95169e-12
1555 5.37852e-12
1556 4.85943e-12
1557 4.38942e-12
1558 3.96396e-12
1559 3.57891e-12
1560 3.23052e-12
1561 2.91537e-12
1562 2.63036e-12
1563 2.37266e-12
1564 2.13972e-12
1565 1.9292e-12
1566 1.739e-12
1567 1.56718e-12
1568 1.41202e-12
1569 1.27192e-12
1570 1.14546e-12
1571 1.03134e-12
1572 9.28373e-13
1573 8.35493e-13
1574 7.51733e-13
1575 6.76214e-13
1576 6.08142e-13
1577 5.46796e-13
1578 4.91526e-13
1579 4.41741e-13
1580 3.96907e-13
1581 3.56541e-13
1582 3.20207e-13
1583 2.8751e-13
1584 2.58092e-13
1585 2.31631e-13
1586 2.07835e-13
1587 1.86441e-13
1588 1.67211e-13
1589 1.4993e-13
1590 1.34404e-13
1591 1.20458e-13
1592 1.07934e-13
1593 9.66903e-14
1594 8.65979e-14
1595 7.75412e-14
1596 6.94157e-14
1597 6.21275e-14
1598 5.55917e-14
1599 4.97321e-14
1600 4.44798e-14
1601 3.97732e-14
1602 3.55564e-14
1603 3.17794e-14
1604 2.83971e-14
1605 2.5369e-14
1606 2.26586e-14
1607 2.02331e-14
1608 1.80631e-14
1609 1.61221e-14
1610 1.43864e-14
1611 1.28346e-14
1612 1.14476e-14
1613 1.02081e-14
1614 9.10076e-15
1615 8.11166e-15
1616 7.2284e-15
1617 6.43984e-15
1618 5.73598e-15
1619 5.10788e-15
1620 4.54752e-15
1621 4.0477e-15
1622 3.60199e-15
1623 3.20462e-15
1624 2.85043e-15
1625 2.53481e-15
1626 2.25362e-15
1627 2.00316e-15
1628 1.78013e-15
1629 1.58157e-15
1630 1.40483e-15
1631 1.24755e-15
1632 1.10763e-15
1633 9.83178e-16
1634 8.72507e-16
1635 7.74116e-16
1636 6.86663e-16
1637 6.08949e-16
1638 5.39907e-16
1639 4.78583e-16
1640 4.24127e-16
1641 3.75781e-16
1642 3.32869e-16
1643 2.9479e-16
1644 2.61007e-16
1645 2.31043e-16
1646 2.04472e-16
1647 1.80915e-16
1648 1.60035e-16
1649 1.41533e-16
1650 1.25141e-16
1651 1.10622e-16
1652 9.77654e-17
1653 8.63831e-17
1654 7.63085e-17
1655 6.73934e-17
1656 5.95062e-17
1657 5.25301e-17
1658 4.63612e-17
1659 4.09073e-17
1660 3.60868e-17
1661 3.1827e-17
1662 2.80637e-17
1663 2.47396e-17
1664 2.18043e-17
1665 1.92129e-17
1666 1.69256e-17
1667 1.49072e-17
1668 1.31265e-17
1669 1.15558e-17
1670 1.01708e-17
1671 8.94967e-18
1672 7.87339e-18
1673 6.92495e-18
1674 6.08937e-18
1675 5.35339e-18
1676 4.70528e-18
1677 4.13469e-18
1678 3.63246e-18
1679 3.19051e-18
1680 2.80168e-18
1681 2.45968e-18
1682 2.15893e-18
1683 1.89452e-18
1684 1.66212e-18
1685 1.45789e-18
1686 1.27846e-18
1687 1.12085e-18
1688 9.82455e-19
1689 8.60947e-19
1690 7.54294e-19
1691 6.60702e-19
1692 5.7859e-19
1693 5.06567e-19
1694 4.43408e-19
1695 3.88034e-19
1696 3.39498e-19
1697 2.96965e-19
1698 2.59701e-19
1699 2.2706e-19
1700 1.98477e-19
1701 1.73452e-19
1702 1.51548e-19
1703 1.32379e-19
1704 1.15609e-19
1705 1.0094e-19
1706 8.81117e-20
1707 7.68964e-20
1708 6.70932e-20
1709 5.85264e-20
1710 5.10417e-20
1711 4.4504e-20
1712 3.87949e-20
1713 3.38103e-20
1714 2.94595e-20
1715 2.56626e-20
1716 2.235e-20
1717 1.94606e-20
1718 1.69408e-20
1719 1.47439e-20
1720 1.2829e-20
1721 1.11602e-20
1722 9.70625e-21
1723 8.43981e-21
1724 7.33693e-21
1725 6.37671e-21
1726 5.54089e-21
1727 4.81353e-21
1728 4.18069e-21
1729 3.63022e-21
1730 3.15151e-21
1731 2.7353e-21
1732 2.37352e-21
1733 2.05911e-21
1734 1.78595e-21
1735 1.54867e-21
1736 1.3426e-21
1737 1.16369e-21
1738 1.00839e-21
1739 8.73619e-22
1740 7.56685e-22
1741 6.55252e-22
1742 5.67286e-22
1743 4.91018e-22
1744 4.24906e-22
1745 3.67611e-22
1746 3.17969e-22
1747 2.74968e-22
1748 2.37728e-22
1749 2.05484e-22
1750 1.77573e-22
1751 1.53418e-22
1752 1.32519e-22
1753 1.1444e-22
1754 9.88052e-23
1755 8.52868e-23
1756 7.36011e-23
1757 6.35019e-23
1758 5.4776e-23
1759 4.72383e-23
1760 4.07285e-23
1761 3.51078e-23
1762 3.02558e-23
1763 2.60684e-23
1764 2.24554e-23
1765 1.93387e-23
1766 1.66508e-23
1767 1.43332e-23
1768 1.23353e-23
1769 1.06135e-23
1770 9.12993e-24
1771 7.85194e-24
1772 6.75129e-24
1773 5.8036e-24
1774 4.98779e-24
1775 4.28568e-24
1776 3.68155e-24
1777 3.16187e-24
1778 2.71491e-24
1779 2.33061e-24
1780 2.00024e-24
1781 1.71632e-24
1782 1.47235e-24
1783 1.26278e-24
1784 1.08279e-24
1785 9.28239e-25
1786 7.95567e-25
1787 6.81702e-25
1788 5.84e-25
1789 5.00186e-25
1790 4.28303e-25
1791 3.66666e-25
1792 3.13828e-25
1793 2.68542e-25
1794 2.29739e-25
1795 1.96497e-25
1796 1.68027e-25
1797 1.43649e-25
1798 1.2278e-25
1799 1.04918e-25
1800 8.96348e-26
1801 7.65602e-26
1802 6.53776e-26
1803 5.58157e-26
1804 4.76413e-26
1805 4.06548e-26
1806 3.46849e-26
1807 2.95849e-26
1808 2.5229e-26
1809 2.15095e-26
1810 1.83342e-26
1811 1.5624e-26
1812 1.33114e-26
1813 1.13385e-26
1814 9.65582e-27
1815 8.22096e-27
1816 6.99771e-27
1817 5.95511e-27
1818 5.06669e-27
1819 4.30982e-27
1820 3.66517e-27
1821 3.11623e-27
1822 2.6489e-27
1823 2.25113e-27
1824 1.91266e-27
1825 1.6247e-27
1826 1.37978e-27
1827 1.17152e-27
1828 9.94456e-28
1829 8.43962e-28
1830 7.16079e-28
1831 6.07434e-28
1832 5.15155e-28
1833 4.36793e-28
1834 3.70267e-28
1835 3.13801e-28
1836 2.65885e-28
1837 2.25234e-28
1838 1.90754e-28
1839 1.61515e-28
1840 1.36727e-28
1841 1.15716e-28
1842 9.79116e-29
1843 8.28276e-29
1844 7.00514e-29
1845 5.92322e-29
1846 5.00726e-29
1847 4.23196e-29
1848 3.57589e-29
1849 3.02083e-29
1850 2.55135e-29
1851 2.15433e-29
1852 1.81868e-29
1853 1.53497e-29
1854 1.29522e-29
1855 1.09267e-29
1856 9.21579e-30
1857 7.77101e-30
1858 6.55123e-30
1859 5.52164e-30
1860 4.6528e-30
1861 3.91977e-30
1862 3.30146e-30
1863 2.78005e-30
1864 2.34045e-30
1865 1.96991e-30
1866 1.65766e-30
1867 1.39458e-30
1868 1.17298e-30
1869 9.86366e-31
1870 8.29251e-31
1871 6.97003e-31
1872 5.85711e-31
1873 4.92076e-31
1874 4.13315e-31
1875 3.4708e-31
1876 2.91393e-31
1877 2.44584e-31
1878 2.05247e-31
1879 1.72197e-31
1880 1.44436e-31
1881 1.21122e-31
1882 1.01548e-31
1883 8.51181e-32
1884 7.13298e-32
1885 5.97613e-32
1886 5.00574e-32
1887 4.19196e-32
1888 3.50966e-32
1889 2.93774e-32
1890 2.45845e-32
1891 2.05688e-32
1892 1.72051e-32
1893 1.43881e-32
1894 1.20296e-32
1895 1.00554e-32
1896 8.40322e-33
1897 7.02089e-33
1898 5.8646e-33
1899 4.89761e-33
1900 4.08911e-33
1901 3.4133e-33
1902 2.84852e-33
1903 2.37665e-33
1904 1.98248e-33
1905 1.6533e-33
1906 1.37847e-33
1907 1.14905e-33
1908 9.57598e-34
1909 7.97859e-34
1910 6.64614e-34
1911 5.53492e-34
1912 4.60843e-34
1913 3.83615e-34
1914 3.19255e-34
1915 2.65631e-34
1916 2.20963e-34
1917 1.83764e-34
1918 1.52792e-34
1919 1.27011e-34
1920 1.05555e-34
1921 8.77041e-35
1922 7.28549e-35
1923 6.05059e-35
1924 5.02385e-35
1925 4.17037e-35
1926 3.46109e-35
1927 2.87177e-35
1928 2.38225e-35
1929 1.97572e-35
1930 1.63818e-35
1931 1.35799e-35
1932 1.12547e-35
1933 9.32541e-36
1934 7.72507e-36
1935 6.39789e-36
1936 5.29749e-36
1937 4.38534e-36
1938 3.62941e-36
1939 3.00309e-36
1940 2.48427e-36
1941 2.05461e-36
1942 1.69887e-36
1943 1.40439e-36
1944 1.16069e-36
1945 9.59059e-37
1946 7.92268e-37
1947 6.54332e-37
1948 5.40285e-37
1949 4.46013e-37
1950 3.68104e-37
1951 3.03734e-37
1952 2.50561e-37
1953 2.0665e-37
1954 1.70394e-37
1955 1.40467e-37
1956 1.15768e-37
1957 9.53907e-38
1958 7.85818e-38
1959 6.47196e-38
1960 5.32903e-38
1961 4.38692e-38
1962 3.61053e-38
1963 2.97085e-38
1964 2.44392e-38
1965 2.01e-38
1966 1.65273e-38
1967 1.35865e-38
1968 1.11663e-38
1969 9.17511e-39
1970 7.53726e-39
1971 6.19032e-39
1972 5.08289e-39
1973 4.17261e-39
1974 3.42456e-39
1975 2.80996e-39
1976 2.30512e-39
1977 1.89054e-39
1978 1.55016e-39
1979 1.27077e-39
1980 1.04149e-39
1981 8.5338e-40
1982 6.99083e-40
1983 5.72551e-40
1984 4.68811e-40
1985 3.83778e-40
1986 3.14095e-40
1987 2.57005e-40
1988 2.10242e-40
1989 1.71947e-40
1990 1.40595e-40
1991 1.14933e-40
1992 9.39331e-41
1993 7.6752e-41
1994 6.26989e-41
1995 5.12069e-41
1996 4.18114e-41
1997 3.41319e-41
1998 2.78563e-41
1999 2.27292e-41
2000 1.85415e-41
2001 1.51218e-41
2002 1.23299e-41
2003 1.00511e-41
2004 8.19151e-42
2005 6.67441e-42
2006 5.437e-42
2007 4.42796e-42
2008 3.60532e-42
2009 2.93482e-42
2010 2.38845e-42
2011 1.94333e-42
2012 1.58078e-42
2013 1.28556e-42
2014 1.04522e-42
2015 8.49603e-43
2016 6.90424e-43
2017 5.60928e-43
2018 4.55606e-43
2019 3.69962e-43
2020 3.00338e-43
2021 2.43751e-43
2022 1.9777e-43
2023 1.60417e-43
2024 1.30078e-43
2025 1.05444e-43
2026 8.54467e-44
2027 6.92167e-44
2028 5.60475e-44
2029 4.53644e-44
2030 3.67005e-44
2031 2.96757e-44
2032 2.39814e-44
2033 1.93667e-44
2034 1.56281e-44
2035 1.26002e-44
2036 1.01485e-44
2037 8.16424e-45
2038 6.55897e-45
2039 5.26102e-45
2040 4.21229e-45
2041 3.36573e-45
2042 2.6833e-45
2043 2.13425e-45
2044 1.69374e-45
2045 1.34183e-45
2046 1.06255e-45
2047 8.43151e-46
