0 2.36018e-54
1 1.81654e-54
2 1.51045e-54
3 1.42254e-54
4 1.54606e-54
5 1.88641e-54
6 2.46138e-54
7 3.30207e-54
8 4.45457e-54
9 5.98243e-54
10 7.97015e-54
11 1.05277e-53
12 1.37968e-53
13 1.79581e-53
14 2.32415e-53
15 2.99385e-53
16 3.84179e-53
17 4.91459e-53
18 6.27111e-53
19 7.98565e-53
20 1.01519e-52
21 1.28881e-52
22 1.6343e-52
23 2.07045e-52
24 2.6209e-52
25 3.31543e-52
26 4.19152e-52
27 5.29639e-52
28 6.68943e-52
29 8.44538e-52
30 1.06582e-51
31 1.34463e-51
32 1.69581e-51
33 2.13805e-51
34 2.69484e-51
35 3.39566e-51
36 4.27758e-51
37 5.38711e-51
38 6.78267e-51
39 8.53756e-51
40 1.07438e-50
41 1.35167e-50
42 1.70011e-50
43 2.13784e-50
44 2.68761e-50
45 3.37793e-50
46 4.24451e-50
47 5.33209e-50
48 6.6967e-50
49 8.40847e-50
50 1.05552e-49
51 1.32467e-49
52 1.66204e-49
53 2.08481e-49
54 2.61447e-49
55 3.27786e-49
56 4.10856e-49
57 5.14848e-49
58 6.44997e-49
59 8.07842e-49
60 1.01154e-48
61 1.26628e-48
62 1.58477e-48
63 1.98284e-48
64 2.48027e-48
65 3.10168e-48
66 3.87776e-48
67 4.84677e-48
68 6.05633e-48
69 7.56577e-48
70 9.44892e-48
71 1.17977e-47
72 1.47264e-47
73 1.83773e-47
74 2.29273e-47
75 2.85961e-47
76 3.56572e-47
77 4.445e-47
78 5.53964e-47
79 6.90201e-47
80 8.59715e-47
81 1.07058e-46
82 1.33281e-46
83 1.65883e-46
84 2.06406e-46
85 2.5676e-46
86 3.19315e-46
87 3.97005e-46
88 4.9347e-46
89 6.13213e-46
90 7.61815e-46
91 9.46182e-46
92 1.17487e-45
93 1.45844e-45
94 1.81001e-45
95 2.24574e-45
96 2.78567e-45
97 3.45453e-45
98 4.2829e-45
99 5.30859e-45
100 6.57826e-45
101 8.14958e-45
102 1.00937e-44
103 1.24986e-44
104 1.54726e-44
105 1.91496e-44
106 2.36946e-44
107 2.93112e-44
108 3.62503e-44
109 4.48215e-44
110 5.54059e-44
111 6.84733e-44
112 8.46023e-44
113 1.04506e-43
114 1.2906e-43
115 1.59347e-43
116 1.96694e-43
117 2.42736e-43
118 2.99485e-43
119 3.69414e-43
120 4.55562e-43
121 5.61668e-43
122 6.92322e-43
123 8.53167e-43
124 1.05113e-42
125 1.29472e-42
126 1.59438e-42
127 1.96292e-42
128 2.41607e-42
129 2.97312e-42
130 3.65773e-42
131 4.4989e-42
132 5.53216e-42
133 6.80109e-42
134 8.35904e-42
135 1.02714e-41
136 1.26181e-41
137 1.54972e-41
138 1.90284e-41
139 2.33586e-41
140 2.8667e-41
141 3.51731e-41
142 4.31449e-41
143 5.29102e-41
144 6.48694e-41
145 7.95117e-41
146 9.74344e-41
147 1.19367e-40
148 1.46199e-40
149 1.79017e-40
150 2.19145e-40
151 2.68201e-40
152 3.28153e-40
153 4.01403e-40
154 4.90879e-40
155 6.00144e-40
156 7.33543e-40
157 8.96362e-40
158 1.09504e-39
159 1.33741e-39
160 1.633e-39
161 1.99342e-39
162 2.43275e-39
163 2.96816e-39
164 3.62046e-39
165 4.415e-39
166 5.38254e-39
167 6.56043e-39
168 7.99407e-39
169 9.73853e-39
170 1.18607e-38
171 1.44416e-38
172 1.75798e-38
173 2.13946e-38
174 2.60307e-38
175 3.16636e-38
176 3.85058e-38
177 4.68151e-38
178 5.69035e-38
179 6.9149e-38
180 8.40092e-38
181 1.02038e-37
182 1.23906e-37
183 1.50425e-37
184 1.82575e-37
185 2.21543e-37
186 2.68765e-37
187 3.25974e-37
188 3.95266e-37
189 4.79174e-37
190 5.80757e-37
191 7.03709e-37
192 8.52489e-37
193 1.03248e-36
194 1.25018e-36
195 1.51343e-36
196 1.83168e-36
197 2.21633e-36
198 2.68112e-36
199 3.24262e-36
200 3.92078e-36
201 4.73966e-36
202 5.72821e-36
203 6.9213e-36
204 8.3609e-36
205 1.00975e-35
206 1.21919e-35
207 1.47173e-35
208 1.77614e-35
209 2.143e-35
210 2.58501e-35
211 3.11743e-35
212 3.7586e-35
213 4.53053e-35
214 5.45965e-35
215 6.57771e-35
216 7.92277e-35
217 9.54051e-35
218 1.14857e-34
219 1.38241e-34
220 1.66344e-34
221 2.00109e-34
222 2.40668e-34
223 2.89375e-34
224 3.47851e-34
225 4.18037e-34
226 5.02258e-34
227 6.03292e-34
228 7.24466e-34
229 8.69755e-34
230 1.04392e-33
231 1.25263e-33
232 1.50269e-33
233 1.80221e-33
234 2.16087e-33
235 2.59025e-33
236 3.10415e-33
237 3.71907e-33
238 4.45465e-33
239 5.33437e-33
240 6.3862e-33
241 7.64349e-33
242 9.14599e-33
243 1.09411e-32
244 1.30852e-32
245 1.56456e-32
246 1.87022e-32
247 2.23505e-32
248 2.67038e-32
249 3.18971e-32
250 3.8091e-32
251 4.54764e-32
252 5.42805e-32
253 6.47732e-32
254 7.72754e-32
255 9.21683e-32
256 1.09905e-31
257 1.31023e-31
258 1.56162e-31
259 1.86079e-31
260 2.21675e-31
261 2.64018e-31
262 3.14374e-31
263 3.74245e-31
264 4.45414e-31
265 5.29992e-31
266 6.30481e-31
267 7.49848e-31
268 8.91604e-31
269 1.05991e-30
270 1.25969e-30
271 1.49677e-30
272 1.77806e-30
273 2.11172e-30
274 2.50739e-30
275 2.9765e-30
276 3.53255e-30
277 4.19147e-30
278 4.97212e-30
279 5.89677e-30
280 6.9917e-30
281 8.28795e-30
282 9.82217e-30
283 1.16376e-29
284 1.37852e-29
285 1.63252e-29
286 1.93285e-29
287 2.28786e-29
288 2.70742e-29
289 3.20313e-29
290 3.78865e-29
291 4.4801e-29
292 5.29641e-29
293 6.2599e-29
294 7.39679e-29
295 8.73795e-29
296 1.03197e-28
297 1.21846e-28
298 1.43829e-28
299 1.69734e-28
300 2.00254e-28
301 2.36201e-28
302 2.78529e-28
303 3.28358e-28
304 3.87001e-28
305 4.56e-28
306 5.37161e-28
307 6.32604e-28
308 7.44812e-28
309 8.76696e-28
310 1.03167e-27
311 1.21372e-27
312 1.42752e-27
313 1.67856e-27
314 1.97324e-27
315 2.31905e-27
316 2.72477e-27
317 3.20066e-27
318 3.7587e-27
319 4.41292e-27
320 5.1797e-27
321 6.07819e-27
322 7.13074e-27
323 8.36347e-27
324 9.80687e-27
325 1.14965e-26
326 1.3474e-26
327 1.57877e-26
328 1.84942e-26
329 2.16594e-26
330 2.53601e-26
331 2.9686e-26
332 3.47415e-26
333 4.06481e-26
334 4.75477e-26
335 5.56051e-26
336 6.50125e-26
337 7.59935e-26
338 8.88084e-26
339 1.0376e-25
340 1.212e-25
341 1.41538e-25
342 1.6525e-25
343 1.9289e-25
344 2.251e-25
345 2.62628e-25
346 3.0634e-25
347 3.57243e-25
348 4.16507e-25
349 4.85488e-25
350 5.6576e-25
351 6.59149e-25
352 7.67771e-25
353 8.94079e-25
354 1.04092e-24
355 1.21158e-24
356 1.40989e-24
357 1.64026e-24
358 1.9078e-24
359 2.21844e-24
360 2.57902e-24
361 2.99747e-24
362 3.48295e-24
363 4.04605e-24
364 4.69901e-24
365 5.45597e-24
366 6.33326e-24
367 7.34973e-24
368 8.52716e-24
369 9.89066e-24
370 1.14692e-23
371 1.32963e-23
372 1.54103e-23
373 1.78559e-23
374 2.0684e-23
375 2.39538e-23
376 2.77332e-23
377 3.21004e-23
378 3.71453e-23
379 4.29718e-23
380 4.96988e-23
381 5.74637e-23
382 6.6424e-23
383 7.67609e-23
384 8.86829e-23
385 1.02429e-22
386 1.18275e-22
387 1.36535e-22
388 1.57573e-22
389 1.81805e-22
390 2.09708e-22
391 2.41829e-22
392 2.78798e-22
393 3.21334e-22
394 3.70264e-22
395 4.26535e-22
396 4.9123e-22
397 5.65594e-22
398 6.5105e-22
399 7.49228e-22
400 8.61994e-22
401 9.91485e-22
402 1.14014e-21
403 1.31077e-21
404 1.50656e-21
405 1.73117e-21
406 1.98879e-21
407 2.2842e-21
408 2.62285e-21
409 3.01099e-21
410 3.45575e-21
411 3.96527e-21
412 4.54884e-21
413 5.21707e-21
414 5.98207e-21
415 6.85765e-21
416 7.85955e-21
417 9.00575e-21
418 1.03167e-20
419 1.18158e-20
420 1.35295e-20
421 1.54882e-20
422 1.77264e-20
423 2.02833e-20
424 2.32035e-20
425 2.65381e-20
426 3.03447e-20
427 3.46892e-20
428 3.96463e-20
429 4.5301e-20
430 5.17498e-20
431 5.91025e-20
432 6.74834e-20
433 7.70341e-20
434 8.79148e-20
435 1.00308e-19
436 1.14419e-19
437 1.30482e-19
438 1.48763e-19
439 1.69562e-19
440 1.93219e-19
441 2.2012e-19
442 2.507e-19
443 2.85454e-19
444 3.24939e-19
445 3.69787e-19
446 4.20712e-19
447 4.7852e-19
448 5.44123e-19
449 6.1855e-19
450 7.02964e-19
451 7.98676e-19
452 9.07168e-19
453 1.03011e-18
454 1.16938e-18
455 1.32711e-18
456 1.50569e-18
457 1.70782e-18
458 1.93653e-18
459 2.19525e-18
460 2.48783e-18
461 2.8186e-18
462 3.19245e-18
463 3.61486e-18
464 4.09201e-18
465 4.63084e-18
466 5.23916e-18
467 5.92573e-18
468 6.70041e-18
469 7.57428e-18
470 8.55977e-18
471 9.67084e-18
472 1.09232e-17
473 1.23344e-17
474 1.39241e-17
475 1.57147e-17
476 1.77308e-17
477 2.00004e-17
478 2.25547e-17
479 2.54287e-17
480 2.86618e-17
481 3.22977e-17
482 3.6386e-17
483 4.09817e-17
484 4.61466e-17
485 5.195e-17
486 5.84693e-17
487 6.57912e-17
488 7.40128e-17
489 8.32424e-17
490 9.36015e-17
491 1.05226e-16
492 1.18267e-16
493 1.32894e-16
494 1.49297e-16
495 1.67688e-16
496 1.88302e-16
497 2.11403e-16
498 2.37286e-16
499 2.66278e-16
500 2.98747e-16
501 3.35102e-16
502 3.75796e-16
503 4.21339e-16
504 4.72295e-16
505 5.29294e-16
506 5.93038e-16
507 6.64307e-16
508 7.43969e-16
509 8.32991e-16
510 9.32445e-16
511 1.04352e-15
512 1.16756e-15
513 1.30601e-15
514 1.46053e-15
515 1.63292e-15
516 1.82519e-15
517 2.03958e-15
518 2.27856e-15
519 2.54487e-15
520 2.84155e-15
521 3.17195e-15
522 3.5398e-15
523 3.94921e-15
524 4.40473e-15
525 4.91138e-15
526 5.47474e-15
527 6.10092e-15
528 6.79672e-15
529 7.56961e-15
530 8.42784e-15
531 9.38052e-15
532 1.04377e-14
533 1.16104e-14
534 1.29108e-14
535 1.43523e-14
536 1.59498e-14
537 1.77194e-14
538 1.96791e-14
539 2.18485e-14
540 2.42493e-14
541 2.69052e-14
542 2.98424e-14
543 3.30896e-14
544 3.66784e-14
545 4.06434e-14
546 4.50225e-14
547 4.98577e-14
548 5.51947e-14
549 6.10838e-14
550 6.75801e-14
551 7.47442e-14
552 8.26424e-14
553 9.13474e-14
554 1.00939e-13
555 1.11505e-13
556 1.23141e-13
557 1.35951e-13
558 1.50052e-13
559 1.65569e-13
560 1.82641e-13
561 2.01418e-13
562 2.22067e-13
563 2.4477e-13
564 2.69725e-13
565 2.97149e-13
566 3.27283e-13
567 3.60386e-13
568 3.96745e-13
569 4.36673e-13
570 4.80512e-13
571 5.28636e-13
572 5.81456e-13
573 6.3942e-13
574 7.03019e-13
575 7.72789e-13
576 8.49316e-13
577 9.33243e-13
578 1.02527e-12
579 1.12616e-12
580 1.23675e-12
581 1.35795e-12
582 1.49077e-12
583 1.63628e-12
584 1.79567e-12
585 1.97025e-12
586 2.16141e-12
587 2.37069e-12
588 2.59978e-12
589 2.85048e-12
590 3.1248e-12
591 3.42487e-12
592 3.75306e-12
593 4.1119e-12
594 4.50417e-12
595 4.93288e-12
596 5.40128e-12
597 5.91292e-12
598 6.47162e-12
599 7.08154e-12
600 7.74716e-12
601 8.47336e-12
602 9.26538e-12
603 1.01289e-11
604 1.10701e-11
605 1.20954e-11
606 1.32122e-11
607 1.4428e-11
608 1.57512e-11
609 1.71905e-11
610 1.87557e-11
611 2.04569e-11
612 2.23053e-11
613 2.43126e-11
614 2.64915e-11
615 2.88558e-11
616 3.14199e-11
617 3.41994e-11
618 3.7211e-11
619 4.04726e-11
620 4.40032e-11
621 4.7823e-11
622 5.19538e-11
623 5.64187e-11
624 6.12422e-11
625 6.64506e-11
626 7.20718e-11
627 7.81354e-11
628 8.4673e-11
629 9.17182e-11
630 9.93065e-11
631 1.07476e-10
632 1.16266e-10
633 1.25721e-10
634 1.35885e-10
635 1.46805e-10
636 1.58535e-10
637 1.71126e-10
638 1.84637e-10
639 1.99129e-10
640 2.14666e-10
641 2.31317e-10
642 2.49154e-10
643 2.68256e-10
644 2.88704e-10
645 3.10585e-10
646 3.33994e-10
647 3.59027e-10
648 3.85791e-10
649 4.14397e-10
650 4.44964e-10
651 4.77621e-10
652 5.12502e-10
653 5.49753e-10
654 5.89528e-10
655 6.31993e-10
656 6.77325e-10
657 7.25714e-10
658 7.77362e-10
659 8.32488e-10
660 8.91324e-10
661 9.54122e-10
662 1.02115e-09
663 1.0927e-09
664 1.16908e-09
665 1.25062e-09
666 1.33768e-09
667 1.43065e-09
668 1.52995e-09
669 1.63602e-09
670 1.74934e-09
671 1.87042e-09
672 1.99983e-09
673 2.13816e-09
674 2.28606e-09
675 2.44421e-09
676 2.61335e-09
677 2.79428e-09
678 2.98786e-09
679 3.19501e-09
680 3.41669e-09
681 3.65397e-09
682 3.90797e-09
683 4.17988e-09
684 4.47101e-09
685 4.7827e-09
686 5.11644e-09
687 5.47376e-09
688 5.85632e-09
689 6.26589e-09
690 6.70432e-09
691 7.17358e-09
692 7.67578e-09
693 8.21311e-09
694 8.7879e-09
695 9.4026e-09
696 1.00598e-08
697 1.07622e-08
698 1.15127e-08
699 1.23142e-08
700 1.31698e-08
701 1.40827e-08
702 1.50564e-08
703 1.60944e-08
704 1.72001e-08
705 1.83775e-08
706 1.96303e-08
707 2.09626e-08
708 2.23783e-08
709 2.38817e-08
710 2.5477e-08
711 2.71686e-08
712 2.89608e-08
713 3.0858e-08
714 3.28647e-08
715 3.49853e-08
716 3.72243e-08
717 3.95861e-08
718 4.20749e-08
719 4.46952e-08
720 4.74508e-08
721 5.0346e-08
722 5.33844e-08
723 5.65696e-08
724 5.99049e-08
725 6.33934e-08
726 6.70378e-08
727 7.08404e-08
728 7.48031e-08
729 7.89273e-08
730 8.3214e-08
731 8.76636e-08
732 9.22758e-08
733 9.70499e-08
734 1.01984e-07
735 1.07076e-07
736 1.12323e-07
737 1.17721e-07
738 1.23266e-07
739 1.2895e-07
740 1.34769e-07
741 1.40713e-07
742 1.46776e-07
743 1.52946e-07
744 1.59214e-07
745 1.65567e-07
746 1.71993e-07
747 1.78477e-07
748 1.85006e-07
749 1.91562e-07
750 1.9813e-07
751 2.0469e-07
752 2.11225e-07
753 2.17716e-07
754 2.2414e-07
755 2.30479e-07
756 2.3671e-07
757 2.42811e-07
758 2.48762e-07
759 2.54539e-07
760 2.60121e-07
761 2.65488e-07
762 2.70617e-07
763 2.75489e-07
764 2.80086e-07
765 2.8439e-07
766 2.88387e-07
767 2.92063e-07
768 2.95407e-07
769 2.98412e-07
770 3.01075e-07
771 3.03394e-07
772 3.05375e-07
773 3.07026e-07
774 3.08362e-07
775 3.09405e-07
776 3.1018e-07
777 3.10724e-07
778 3.11079e-07
779 3.11295e-07
780 3.11433e-07
781 3.11564e-07
782 3.11769e-07
783 3.12139e-07
784 3.1278e-07
785 3.13809e-07
786 3.15358e-07
787 3.17571e-07
788 3.2061e-07
789 3.24651e-07
790 3.29889e-07
791 3.36533e-07
792 3.44813e-07
793 3.54978e-07
794 3.67295e-07
795 3.82052e-07
796 3.99559e-07
797 4.20147e-07
798 4.44168e-07
799 4.72e-07
800 5.0404e-07
801 5.40712e-07
802 5.82464e-07
803 6.29766e-07
804 6.83117e-07
805 7.43037e-07
806 8.10074e-07
807 8.848e-07
808 9.67813e-07
809 1.05974e-06
810 1.16122e-06
811 1.27293e-06
812 1.39558e-06
813 1.52988e-06
814 1.67658e-06
815 1.83645e-06
816 2.01028e-06
817 2.19889e-06
818 2.40312e-06
819 2.62383e-06
820 2.86189e-06
821 3.11819e-06
822 3.39366e-06
823 3.68922e-06
824 4.00582e-06
825 4.34441e-06
826 4.70598e-06
827 5.09151e-06
828 5.50199e-06
829 5.93843e-06
830 6.40184e-06
831 6.89324e-06
832 7.41365e-06
833 7.96411e-06
834 8.54565e-06
835 9.1593e-06
836 9.80609e-06
837 1.04871e-05
838 1.12032e-05
839 1.19557e-05
840 1.27454e-05
841 1.35733e-05
842 1.44407e-05
843 1.53483e-05
844 1.62973e-05
845 1.72887e-05
846 1.83235e-05
847 1.94027e-05
848 2.05273e-05
849 2.16983e-05
850 2.29168e-05
851 2.41837e-05
852 2.55002e-05
853 2.68672e-05
854 2.82859e-05
855 2.97572e-05
856 3.12824e-05
857 3.28625e-05
858 3.44987e-05
859 3.61923e-05
860 3.79445e-05
861 3.97565e-05
862 4.16298e-05
863 4.35658e-05
864 4.55661e-05
865 4.76321e-05
866 4.97657e-05
867 5.19686e-05
868 5.42428e-05
869 5.65902e-05
870 5.90131e-05
871 6.15138e-05
872 6.40949e-05
873 6.6759e-05
874 6.95089e-05
875 7.23478e-05
876 7.5279e-05
877 7.8306e-05
878 8.14327e-05
879 8.4663e-05
880 8.80014e-05
881 9.14526e-05
882 9.50214e-05
883 9.87134e-05
884 0.000102534
885 0.00010649
886 0.000110586
887 0.000114831
888 0.000119232
889 0.000123796
890 0.000128531
891 0.000133447
892 0.000138552
893 0.000143857
894 0.000149372
895 0.000155108
896 0.000161076
897 0.000167288
898 0.000173758
899 0.000180499
900 0.000187525
901 0.000194851
902 0.000202492
903 0.000210465
904 0.000218786
905 0.000227475
906 0.000236548
907 0.000246026
908 0.000255928
909 0.000266277
910 0.000277093
911 0.000288399
912 0.000300218
913 0.000312576
914 0.000325498
915 0.000339009
916 0.000353137
917 0.000367909
918 0.000383355
919 0.000399504
920 0.000416386
921 0.000434035
922 0.00045248
923 0.000471757
924 0.0004919
925 0.000512942
926 0.000534921
927 0.000557874
928 0.000581837
929 0.000606849
930 0.000632951
931 0.000660181
932 0.000688581
933 0.000718193
934 0.000749059
935 0.000781222
936 0.000814726
937 0.000849616
938 0.000885937
939 0.000923735
940 0.000963056
941 0.00100395
942 0.00104646
943 0.00109063
944 0.00113652
945 0.00118417
946 0.00123363
947 0.00128495
948 0.00133819
949 0.00139338
950 0.00145059
951 0.00150986
952 0.00157123
953 0.00163477
954 0.00170052
955 0.00176853
956 0.00183884
957 0.00191152
958 0.00198661
959 0.00206416
960 0.00214421
961 0.00222681
962 0.00231201
963 0.00239987
964 0.00249041
965 0.00258369
966 0.00267975
967 0.00277864
968 0.00288039
969 0.00298505
970 0.00309265
971 0.00320324
972 0.00331685
973 0.00343352
974 0.00355328
975 0.00367616
976 0.00380219
977 0.00393141
978 0.00406383
979 0.00419949
980 0.00433841
981 0.0044806
982 0.00462609
983 0.00477489
984 0.00492701
985 0.00508248
986 0.00524129
987 0.00540345
988 0.00556896
989 0.00573784
990 0.00591007
991 0.00608564
992 0.00626456
993 0.00644681
994 0.00663238
995 0.00682125
996 0.00701339
997 0.00720879
998 0.00740742
999 0.00760925
1000 0.00781424
1001 0.00802235
1002 0.00823355
1003 0.00844779
1004 0.00866502
1005 0.00888519
1006 0.00910825
1007 0.00933413
1008 0.00956277
1009 0.00979411
1010 0.0100281
1011 0.0102646
1012 0.0105036
1013 0.0107449
1014 0.0109886
1015 0.0112345
1016 0.0114825
1017 0.0117325
1018 0.0119845
1019 0.0122383
1020 0.0124938
1021 0.0127509
1022 0.0130095
1023 0.0132694
1024 0.0135306
1025 0.0137929
1026 0.0140562
1027 0.0143204
1028 0.0145853
1029 0.0148508
1030 0.0151167
1031 0.015383
1032 0.0156494
1033 0.0159158
1034 0.0161821
1035 0.0164481
1036 0.0167136
1037 0.0169786
1038 0.0172428
1039 0.017506
1040 0.0177682
1041 0.0180292
1042 0.0182887
1043 0.0185466
1044 0.0188028
1045 0.0190571
1046 0.0193093
1047 0.0195593
1048 0.0198068
1049 0.0200518
1050 0.020294
1051 0.0205332
1052 0.0207694
1053 0.0210023
1054 0.0212318
1055 0.0214577
1056 0.0216798
1057 0.021898
1058 0.0221121
1059 0.022322
1060 0.0225275
1061 0.0227284
1062 0.0229247
1063 0.0231161
1064 0.0233024
1065 0.0234837
1066 0.0236596
1067 0.0238301
1068 0.0239951
1069 0.0241544
1070 0.0243078
1071 0.0244554
1072 0.0245968
1073 0.0247321
1074 0.0248612
1075 0.0249838
1076 0.0251
1077 0.0252096
1078 0.0253126
1079 0.0254088
1080 0.0254982
1081 0.0255806
1082 0.0256562
1083 0.0257246
1084 0.025786
1085 0.0258403
1086 0.0258874
1087 0.0259273
1088 0.0259599
1089 0.0259853
1090 0.0260033
1091 0.0260141
1092 0.0260175
1093 0.0260136
1094 0.0260024
1095 0.0259839
1096 0.0259581
1097 0.025925
1098 0.0258847
1099 0.0258372
1100 0.0257825
1101 0.0257207
1102 0.0256518
1103 0.0255759
1104 0.0254931
1105 0.0254034
1106 0.0253069
1107 0.0252037
1108 0.0250939
1109 0.0249775
1110 0.0248547
1111 0.0247255
1112 0.0245901
1113 0.0244485
1114 0.024301
1115 0.0241475
1116 0.0239883
1117 0.0238235
1118 0.0236531
1119 0.0234774
1120 0.0232964
1121 0.0231103
1122 0.0229193
1123 0.0227235
1124 0.022523
1125 0.022318
1126 0.0221087
1127 0.0218952
1128 0.0216777
1129 0.0214564
1130 0.0212313
1131 0.0210027
1132 0.0207707
1133 0.0205356
1134 0.0202974
1135 0.0200564
1136 0.0198126
1137 0.0195664
1138 0.0193178
1139 0.019067
1140 0.0188141
1141 0.0185595
1142 0.0183032
1143 0.0180453
1144 0.0177861
1145 0.0175257
1146 0.0172643
1147 0.0170021
1148 0.0167391
1149 0.0164756
1150 0.0162117
1151 0.0159476
1152 0.0156834
1153 0.0154193
1154 0.0151554
1155 0.0148918
1156 0.0146288
1157 0.0143663
1158 0.0141047
1159 0.0138439
1160 0.0135842
1161 0.0133256
1162 0.0130683
1163 0.0128124
1164 0.0125581
1165 0.0123053
1166 0.0120543
1167 0.0118051
1168 0.0115578
1169 0.0113125
1170 0.0110694
1171 0.0108285
1172 0.0105899
1173 0.0103537
1174 0.0101199
1175 0.00988868
1176 0.00966004
1177 0.00943406
1178 0.00921082
1179 0.00899036
1180 0.00877274
1181 0.00855802
1182 0.00834624
1183 0.00813745
1184 0.00793168
1185 0.00772897
1186 0.00752936
1187 0.00733287
1188 0.00713953
1189 0.00694937
1190 0.00676241
1191 0.00657865
1192 0.00639812
1193 0.00622083
1194 0.00604678
1195 0.00587597
1196 0.00570842
1197 0.00554411
1198 0.00538304
1199 0.00522522
1200 0.00507062
1201 0.00491925
1202 0.00477107
1203 0.00462609
1204 0.00448428
1205 0.00434562
1206 0.00421008
1207 0.00407766
1208 0.00394831
1209 0.00382201
1210 0.00369874
1211 0.00357846
1212 0.00346114
1213 0.00334675
1214 0.00323525
1215 0.00312661
1216 0.00302078
1217 0.00291774
1218 0.00281744
1219 0.00271984
1220 0.00262491
1221 0.00253259
1222 0.00244285
1223 0.00235565
1224 0.00227093
1225 0.00218866
1226 0.0021088
1227 0.00203129
1228 0.0019561
1229 0.00188318
1230 0.00181248
1231 0.00174395
1232 0.00167756
1233 0.00161325
1234 0.00155099
1235 0.00149072
1236 0.0014324
1237 0.00137599
1238 0.00132143
1239 0.0012687
1240 0.00121773
1241 0.0011685
1242 0.00112094
1243 0.00107503
1244 0.00103072
1245 0.000987968
1246 0.000946728
1247 0.000906962
1248 0.00086863
1249 0.00083169
1250 0.000796104
1251 0.000761833
1252 0.000728839
1253 0.000697083
1254 0.000666529
1255 0.00063714
1256 0.000608881
1257 0.000581717
1258 0.000555613
1259 0.000530536
1260 0.000506453
1261 0.000483331
1262 0.000461139
1263 0.000439846
1264 0.000419422
1265 0.000399837
1266 0.000381063
1267 0.000363071
1268 0.000345835
1269 0.000329328
1270 0.000313522
1271 0.000298395
1272 0.000283919
1273 0.000270073
1274 0.000256832
1275 0.000244173
1276 0.000232075
1277 0.000220517
1278 0.000209477
1279 0.000198936
1280 0.000188874
1281 0.000179272
1282 0.000170113
1283 0.000161377
1284 0.000153048
1285 0.00014511
1286 0.000137546
1287 0.000130341
1288 0.00012348
1289 0.000116948
1290 0.000110732
1291 0.000104818
1292 9.91927e-05
1293 9.3844e-05
1294 8.87597e-05
1295 8.39281e-05
1296 7.93381e-05
1297 7.49788e-05
1298 7.08399e-05
1299 6.69114e-05
1300 6.31837e-05
1301 5.96475e-05
1302 5.62941e-05
1303 5.31149e-05
1304 5.01017e-05
1305 4.72468e-05
1306 4.45425e-05
1307 4.19817e-05
1308 3.95575e-05
1309 3.72633e-05
1310 3.50927e-05
1311 3.30397e-05
1312 3.10984e-05
1313 2.92634e-05
1314 2.75292e-05
1315 2.58909e-05
1316 2.43436e-05
1317 2.28826e-05
1318 2.15036e-05
1319 2.02023e-05
1320 1.89746e-05
1321 1.78169e-05
1322 1.67253e-05
1323 1.56964e-05
1324 1.47268e-05
1325 1.38135e-05
1326 1.29534e-05
1327 1.21436e-05
1328 1.13814e-05
1329 1.06643e-05
1330 9.98963e-06
1331 9.3552e-06
1332 8.75874e-06
1333 8.19814e-06
1334 7.6714e-06
1335 7.1766e-06
1336 6.71194e-06
1337 6.27571e-06
1338 5.86629e-06
1339 5.48213e-06
1340 5.12178e-06
1341 4.78386e-06
1342 4.46705e-06
1343 4.17013e-06
1344 3.89193e-06
1345 3.63132e-06
1346 3.38728e-06
1347 3.15881e-06
1348 2.94498e-06
1349 2.74491e-06
1350 2.55775e-06
1351 2.38274e-06
1352 2.21911e-06
1353 2.06618e-06
1354 1.92329e-06
1355 1.78981e-06
1356 1.66516e-06
1357 1.54879e-06
1358 1.44017e-06
1359 1.33882e-06
1360 1.24428e-06
1361 1.15611e-06
1362 1.07391e-06
1363 9.97295e-07
1364 9.25903e-07
1365 8.59398e-07
1366 7.97461e-07
1367 7.39795e-07
1368 6.8612e-07
1369 6.36173e-07
1370 5.89709e-07
1371 5.46496e-07
1372 5.06317e-07
1373 4.68971e-07
1374 4.34265e-07
1375 4.02024e-07
1376 3.72079e-07
1377 3.44274e-07
1378 3.18465e-07
1379 2.94514e-07
1380 2.72293e-07
1381 2.51683e-07
1382 2.32572e-07
1383 2.14857e-07
1384 1.98439e-07
1385 1.83228e-07
1386 1.69139e-07
1387 1.56093e-07
1388 1.44015e-07
1389 1.32838e-07
1390 1.22496e-07
1391 1.1293e-07
1392 1.04083e-07
1393 9.5905e-08
1394 8.83464e-08
1395 8.13623e-08
1396 7.49108e-08
1397 6.89529e-08
1398 6.34524e-08
1399 5.83754e-08
1400 5.36908e-08
1401 4.93692e-08
1402 4.53837e-08
1403 4.17091e-08
1404 3.8322e-08
1405 3.52009e-08
1406 3.23255e-08
1407 2.96774e-08
1408 2.72391e-08
1409 2.49946e-08
1410 2.29292e-08
1411 2.10289e-08
1412 1.92812e-08
1413 1.76741e-08
1414 1.61968e-08
1415 1.48391e-08
1416 1.35918e-08
1417 1.2446e-08
1418 1.13939e-08
1419 1.04281e-08
1420 9.54161e-09
1421 8.72826e-09
1422 7.98219e-09
1423 7.29801e-09
1424 6.67075e-09
1425 6.09584e-09
1426 5.56904e-09
1427 5.08647e-09
1428 4.64451e-09
1429 4.23987e-09
1430 3.86949e-09
1431 3.53056e-09
1432 3.22049e-09
1433 2.9369e-09
1434 2.67759e-09
1435 2.44056e-09
1436 2.22394e-09
1437 2.02603e-09
1438 1.84526e-09
1439 1.6802e-09
1440 1.5295e-09
1441 1.39197e-09
1442 1.26649e-09
1443 1.15202e-09
1444 1.04763e-09
1445 9.52457e-10
1446 8.65711e-10
1447 7.86666e-10
1448 7.14657e-10
1449 6.49075e-10
1450 5.89361e-10
1451 5.35006e-10
1452 4.8554e-10
1453 4.40537e-10
1454 3.99603e-10
1455 3.62381e-10
1456 3.28544e-10
1457 2.9779e-10
1458 2.69847e-10
1459 2.44464e-10
1460 2.21413e-10
1461 2.00485e-10
1462 1.81489e-10
1463 1.64252e-10
1464 1.48614e-10
1465 1.34431e-10
1466 1.21571e-10
1467 1.09913e-10
1468 9.93482e-11
1469 8.97763e-11
1470 8.11061e-11
1471 7.32547e-11
1472 6.61467e-11
1473 5.97134e-11
1474 5.38921e-11
1475 4.86261e-11
1476 4.38636e-11
1477 3.95576e-11
1478 3.56652e-11
1479 3.21478e-11
1480 2.897e-11
1481 2.60997e-11
1482 2.35078e-11
1483 2.1168e-11
1484 1.90563e-11
1485 1.7151e-11
1486 1.54322e-11
1487 1.38822e-11
1488 1.24847e-11
1489 1.12251e-11
1490 1.009e-11
1491 9.06741e-12
1492 8.1464e-12
1493 7.3171e-12
1494 6.57056e-12
1495 5.89871e-12
1496 5.29422e-12
1497 4.75048e-12
1498 4.26151e-12
1499 3.82191e-12
1500 3.42679e-12
1501 3.07175e-12
1502 2.7528e-12
1503 2.46635e-12
1504 2.20915e-12
1505 1.97827e-12
1506 1.77108e-12
1507 1.58519e-12
1508 1.41845e-12
1509 1.26894e-12
1510 1.1349e-12
1511 1.01476e-12
1512 9.07114e-13
1513 8.10683e-13
1514 7.24322e-13
1515 6.46999e-13
1516 5.77786e-13
1517 5.15848e-13
1518 4.60434e-13
1519 4.10871e-13
1520 3.66551e-13
1521 3.2693e-13
1522 2.91519e-13
1523 2.59879e-13
1524 2.31616e-13
1525 2.06374e-13
1526 1.83838e-13
1527 1.63722e-13
1528 1.45771e-13
1529 1.29756e-13
1530 1.15471e-13
1531 1.02734e-13
1532 9.13789e-14
1533 8.12588e-14
1534 7.22416e-14
1535 6.42091e-14
1536 5.70556e-14
1537 5.06865e-14
1538 4.50172e-14
1539 3.99722e-14
1540 3.54838e-14
1541 3.14916e-14
1542 2.79416e-14
1543 2.47857e-14
1544 2.19808e-14
1545 1.94885e-14
1546 1.72745e-14
1547 1.53083e-14
1548 1.35625e-14
1549 1.20129e-14
1550 1.06377e-14
1551 9.41755e-15
1552 8.33533e-15
1553 7.37565e-15
1554 6.52486e-15
1555 5.77078e-15
1556 5.10259e-15
1557 4.51066e-15
1558 3.98641e-15
1559 3.52223e-15
1560 3.11133e-15
1561 2.74768e-15
1562 2.42594e-15
1563 2.14135e-15
1564 1.88967e-15
1565 1.66717e-15
1566 1.4705e-15
1567 1.29671e-15
1568 1.14318e-15
1569 1.00757e-15
1570 8.87838e-16
1571 7.82138e-16
1572 6.88852e-16
1573 6.06543e-16
1574 5.33936e-16
1575 4.69905e-16
1576 4.13451e-16
1577 3.6369e-16
1578 3.19838e-16
1579 2.81205e-16
1580 2.47177e-16
1581 2.17213e-16
1582 1.90835e-16
1583 1.67618e-16
1584 1.4719e-16
1585 1.29219e-16
1586 1.13415e-16
1587 9.95191e-17
1588 8.73042e-17
1589 7.65697e-17
1590 6.71386e-17
1591 5.88546e-17
1592 5.158e-17
1593 4.51935e-17
1594 3.9588e-17
1595 3.46692e-17
1596 3.03541e-17
1597 2.65696e-17
1598 2.32512e-17
1599 2.03423e-17
1600 1.77929e-17
1601 1.55592e-17
1602 1.36026e-17
1603 1.18892e-17
1604 1.0389e-17
1605 9.07587e-18
1606 7.92679e-18
1607 6.9215e-18
1608 6.04222e-18
1609 5.27336e-18
1610 4.60121e-18
1611 4.01375e-18
1612 3.50044e-18
1613 3.05203e-18
1614 2.66041e-18
1615 2.31848e-18
1616 2.02001e-18
1617 1.75953e-18
1618 1.53226e-18
1619 1.33402e-18
1620 1.16115e-18
1621 1.01044e-18
1622 8.7907e-19
1623 7.64596e-19
1624 6.64867e-19
1625 5.78006e-19
1626 5.0237e-19
1627 4.36526e-19
1628 3.7922e-19
1629 3.29356e-19
1630 2.8598e-19
1631 2.48256e-19
1632 2.15455e-19
1633 1.86943e-19
1634 1.62165e-19
1635 1.40637e-19
1636 1.21937e-19
1637 1.05698e-19
1638 9.1599e-20
1639 7.93615e-20
1640 6.87423e-20
1641 5.95295e-20
1642 5.15388e-20
1643 4.46099e-20
1644 3.86032e-20
1645 3.33971e-20
1646 2.88861e-20
1647 2.49783e-20
1648 2.15939e-20
1649 1.86636e-20
1650 1.61269e-20
1651 1.39317e-20
1652 1.20323e-20
1653 1.03894e-20
1654 8.96858e-21
1655 7.7402e-21
1656 6.67844e-21
1657 5.76092e-21
1658 4.96825e-21
1659 4.2836e-21
1660 3.6924e-21
1661 3.18202e-21
1662 2.74152e-21
1663 2.36142e-21
1664 2.03353e-21
1665 1.75074e-21
1666 1.50691e-21
1667 1.29672e-21
1668 1.11558e-21
1669 9.59511e-22
1670 8.25074e-22
1671 7.093e-22
1672 6.09623e-22
1673 5.23827e-22
1674 4.49996e-22
1675 3.86477e-22
1676 3.31844e-22
1677 2.84864e-22
1678 2.44477e-22
1679 2.09764e-22
1680 1.79937e-22
1681 1.54313e-22
1682 1.32306e-22
1683 1.1341e-22
1684 9.71898e-23
1685 8.3269e-23
1686 7.13248e-23
1687 6.10792e-23
1688 5.22926e-23
1689 4.47593e-23
1690 3.83019e-23
1691 3.27682e-23
1692 2.80273e-23
1693 2.39664e-23
1694 2.0489e-23
1695 1.7512e-23
1696 1.49638e-23
1697 1.27834e-23
1698 1.09181e-23
1699 9.32267e-24
1700 7.95847e-24
1701 6.79226e-24
1702 5.79555e-24
1703 4.9439e-24
1704 4.21639e-24
1705 3.59506e-24
1706 3.06456e-24
1707 2.61171e-24
1708 2.22524e-24
1709 1.8955e-24
1710 1.61423e-24
1711 1.37437e-24
1712 1.16987e-24
1713 9.95556e-25
1714 8.47011e-25
1715 7.20457e-25
1716 6.12663e-25
1717 5.20872e-25
1718 4.42726e-25
1719 3.76213e-25
1720 3.19616e-25
1721 2.71468e-25
1722 2.30517e-25
1723 1.95696e-25
1724 1.66095e-25
1725 1.40937e-25
1726 1.19561e-25
1727 1.01403e-25
1728 8.59813e-26
1729 7.28875e-26
1730 6.17728e-26
1731 5.23403e-26
1732 4.43374e-26
1733 3.7549e-26
1734 3.17923e-26
1735 2.69116e-26
1736 2.27747e-26
1737 1.92691e-26
1738 1.62991e-26
1739 1.37836e-26
1740 1.16534e-26
1741 9.8501e-27
1742 8.32382e-27
1743 7.03233e-27
1744 5.93979e-27
1745 5.01577e-27
1746 4.23447e-27
1747 3.57401e-27
1748 3.01583e-27
1749 2.54421e-27
1750 2.14582e-27
1751 1.80938e-27
1752 1.52532e-27
1753 1.28554e-27
1754 1.0832e-27
1755 9.12483e-28
1756 7.68486e-28
1757 6.47057e-28
1758 5.44684e-28
1759 4.58397e-28
1760 3.85686e-28
1761 3.2443e-28
1762 2.72838e-28
1763 2.29394e-28
1764 1.92822e-28
1765 1.62041e-28
1766 1.36141e-28
1767 1.14353e-28
1768 9.60295e-29
1769 8.06223e-29
1770 6.76708e-29
1771 5.67863e-29
1772 4.7641e-29
1773 3.99589e-29
1774 3.35075e-29
1775 2.80909e-29
1776 2.35442e-29
1777 1.97287e-29
1778 1.65276e-29
1779 1.38425e-29
1780 1.15909e-29
1781 9.70317e-30
1782 8.12093e-30
1783 6.79506e-30
1784 5.6843e-30
1785 4.75396e-30
1786 3.97493e-30
1787 3.32275e-30
1788 2.77692e-30
1789 2.32018e-30
1790 1.9381e-30
1791 1.61855e-30
1792 1.35137e-30
1793 1.12801e-30
1794 9.41345e-31
1795 7.85379e-31
1796 6.55096e-31
1797 5.46293e-31
1798 4.5545e-31
1799 3.79622e-31
1800 3.16342e-31
1801 2.63546e-31
1802 2.19508e-31
1803 1.82785e-31
1804 1.52169e-31
1805 1.2665e-31
1806 1.05385e-31
1807 8.76689e-32
1808 7.29136e-32
1809 6.0627e-32
1810 5.03985e-32
1811 4.18855e-32
1812 3.48021e-32
1813 2.89095e-32
1814 2.40088e-32
1815 1.9934e-32
1816 1.65468e-32
1817 1.37318e-32
1818 1.13929e-32
1819 9.45014e-33
1820 7.83674e-33
1821 6.49721e-33
1822 5.38534e-33
1823 4.46266e-33
1824 3.69716e-33
1825 3.06224e-33
1826 2.53573e-33
1827 2.09924e-33
1828 1.73746e-33
1829 1.43769e-33
1830 1.18934e-33
1831 9.83659e-34
1832 8.1335e-34
1833 6.72364e-34
1834 5.55682e-34
1835 4.59138e-34
1836 3.79276e-34
1837 3.13229e-34
1838 2.58621e-34
1839 2.13481e-34
1840 1.76178e-34
1841 1.45357e-34
1842 1.199e-34
1843 9.88767e-35
1844 8.15202e-35
1845 6.71941e-35
1846 5.53723e-35
1847 4.56193e-35
1848 3.7575e-35
1849 3.09418e-35
1850 2.54733e-35
1851 2.09663e-35
1852 1.72525e-35
1853 1.41931e-35
1854 1.16734e-35
1855 9.59873e-36
1856 7.89085e-36
1857 6.48528e-36
1858 5.32878e-36
1859 4.37746e-36
1860 3.5951e-36
1861 2.95185e-36
1862 2.42311e-36
1863 1.98859e-36
1864 1.63159e-36
1865 1.33836e-36
1866 1.09756e-36
1867 8.99867e-37
1868 7.37602e-37
1869 6.0445e-37
1870 4.95213e-37
1871 4.05619e-37
1872 3.32153e-37
1873 2.71927e-37
1874 2.22567e-37
1875 1.82122e-37
1876 1.4899e-37
1877 1.21856e-37
1878 9.96385e-38
1879 8.14522e-38
1880 6.6569e-38
1881 5.4392e-38
1882 4.44315e-38
1883 3.6286e-38
1884 2.96266e-38
1885 2.41834e-38
1886 1.97354e-38
1887 1.61016e-38
1888 1.31336e-38
1889 1.071e-38
1890 8.73156e-39
1891 7.11682e-39
1892 5.79927e-39
1893 4.72447e-39
1894 3.84792e-39
1895 3.13323e-39
1896 2.55065e-39
1897 2.07589e-39
1898 1.68907e-39
1899 1.374e-39
1900 1.11742e-39
1901 9.08535e-40
1902 7.38514e-40
1903 6.00162e-40
1904 4.87609e-40
1905 3.96066e-40
1906 3.21631e-40
1907 2.6112e-40
1908 2.11941e-40
1909 1.71983e-40
1910 1.39523e-40
1911 1.13162e-40
1912 9.17593e-41
1913 7.43861e-41
1914 6.02874e-41
1915 4.88489e-41
1916 3.9571e-41
1917 3.20473e-41
1918 2.59477e-41
1919 2.1004e-41
1920 1.69979e-41
1921 1.37526e-41
1922 1.11241e-41
1923 8.9958e-42
1924 7.2729e-42
1925 5.87853e-42
1926 4.75033e-42
1927 3.8377e-42
1928 3.09964e-42
1929 2.50291e-42
1930 2.02056e-42
1931 1.63077e-42
1932 1.31584e-42
1933 1.06148e-42
1934 8.56068e-43
1935 6.90239e-43
1936 5.56395e-43
1937 4.48393e-43
1938 3.61267e-43
1939 2.90997e-43
1940 2.34338e-43
1941 1.88663e-43
1942 1.51854e-43
1943 1.22195e-43
1944 9.83052e-44
1945 7.9066e-44
1946 6.35762e-44
1947 5.11082e-44
1948 4.10751e-44
1949 3.30033e-44
1950 2.65111e-44
1951 2.12906e-44
1952 1.70939e-44
1953 1.37209e-44
1954 1.10108e-44
1955 8.83368e-45
1956 7.08527e-45
1957 5.68148e-45
1958 4.55467e-45
1959 3.65042e-45
1960 2.92495e-45
1961 2.34307e-45
1962 1.87646e-45
1963 1.5024e-45
1964 1.2026e-45
1965 9.62378e-46
1966 7.69946e-46
1967 6.15835e-46
1968 4.92445e-46
1969 3.93677e-46
1970 3.14639e-46
1971 2.51405e-46
1972 2.00829e-46
1973 1.60386e-46
1974 1.28055e-46
1975 1.02215e-46
1976 8.15684e-47
1977 6.50758e-47
1978 5.19046e-47
1979 4.13886e-47
1980 3.29948e-47
1981 2.62966e-47
1982 2.09529e-47
1983 1.66907e-47
1984 1.32922e-47
1985 1.0583e-47
1986 8.42381e-48
1987 6.70345e-48
1988 5.33307e-48
1989 4.24175e-48
1990 3.3729e-48
1991 2.68133e-48
1992 2.13101e-48
1993 1.69321e-48
1994 1.34502e-48
1995 1.06815e-48
1996 8.48059e-49
1997 6.73146e-49
1998 5.34173e-49
1999 4.23784e-49
2000 3.36121e-49
2001 2.66524e-49
2002 2.11284e-49
2003 1.6745e-49
2004 1.32676e-49
2005 1.05097e-49
2006 8.32292e-50
2007 6.58946e-50
2008 5.2157e-50
2009 4.12727e-50
2010 3.26513e-50
2011 2.58241e-50
2012 2.04191e-50
2013 1.61412e-50
2014 1.27561e-50
2015 1.00782e-50
2016 7.96038e-51
2017 6.28585e-51
2018 4.96219e-51
2019 3.91615e-51
2020 3.08972e-51
2021 2.43695e-51
2022 1.9215e-51
2023 1.51457e-51
2024 1.19341e-51
2025 9.40004e-52
2026 7.40109e-52
2027 5.82468e-52
2028 4.58182e-52
2029 3.60219e-52
2030 2.83025e-52
2031 2.22214e-52
2032 1.74322e-52
2033 1.36615e-52
2034 1.06937e-52
2035 8.3585e-53
2036 6.52176e-53
2037 5.0777e-53
2038 3.94294e-53
2039 3.05183e-53
2040 2.35267e-53
2041 1.80482e-53
2042 1.37634e-53
2043 1.04221e-53
2044 7.82837e-54
2045 5.82982e-54
2046 4.30858e-54
2047 3.17455e-54
