0 1.15695e-36
1 1.04156e-36
2 9.49974e-37
3 8.79112e-37
4 8.26656e-37
5 7.90844e-37
6 7.70414e-37
7 7.64664e-37
8 7.73361e-37
9 7.96708e-37
10 8.35399e-37
11 8.90588e-37
12 9.63957e-37
13 1.05779e-36
14 1.17486e-36
15 1.31886e-36
16 1.4942e-36
17 1.70614e-36
18 1.96126e-36
19 2.26727e-36
20 2.63353e-36
21 3.07097e-36
22 3.59285e-36
23 4.2151e-36
24 4.95613e-36
25 5.83829e-36
26 6.88763e-36
27 8.13574e-36
28 9.61968e-36
29 1.13825e-35
30 1.34769e-35
31 1.59649e-35
32 1.89191e-35
33 2.24264e-35
34 2.65885e-35
35 3.15262e-35
36 3.73832e-35
37 4.43302e-35
38 5.25675e-35
39 6.23291e-35
40 7.38989e-35
41 8.76099e-35
42 1.03844e-34
43 1.23074e-34
44 1.45854e-34
45 1.72813e-34
46 2.04704e-34
47 2.42429e-34
48 2.87095e-34
49 3.3991e-34
50 4.02327e-34
51 4.76158e-34
52 5.63416e-34
53 6.66505e-34
54 7.88253e-34
55 9.32067e-34
56 1.10191e-33
57 1.30244e-33
58 1.53905e-33
59 1.81828e-33
60 2.14787e-33
61 2.53639e-33
62 2.99451e-33
63 3.53486e-33
64 4.17163e-33
65 4.92195e-33
66 5.80624e-33
67 6.84761e-33
68 8.07385e-33
69 9.51772e-33
70 1.12174e-32
71 1.32173e-32
72 1.55701e-32
73 1.8339e-32
74 2.15949e-32
75 2.54225e-32
76 2.99224e-32
77 3.52104e-32
78 4.14247e-32
79 4.87238e-32
80 5.72964e-32
81 6.73642e-32
82 7.91814e-32
83 9.30518e-32
84 1.09328e-31
85 1.28422e-31
86 1.50818e-31
87 1.77079e-31
88 2.07869e-31
89 2.43959e-31
90 2.86249e-31
91 3.35798e-31
92 3.93838e-31
93 4.61806e-31
94 5.41385e-31
95 6.34534e-31
96 7.43554e-31
97 8.71117e-31
98 1.02032e-30
99 1.19484e-30
100 1.39889e-30
101 1.63739e-30
102 1.91618e-30
103 2.24192e-30
104 2.62249e-30
105 3.06701e-30
106 3.58602e-30
107 4.19189e-30
108 4.89913e-30
109 5.72441e-30
110 6.68708e-30
111 7.81023e-30
112 9.11981e-30
113 1.06465e-29
114 1.24263e-29
115 1.45001e-29
116 1.69164e-29
117 1.97311e-29
118 2.3009e-29
119 2.68251e-29
120 3.12671e-29
121 3.64373e-29
122 4.24529e-29
123 4.94498e-29
124 5.75881e-29
125 6.70501e-29
126 7.80482e-29
127 9.08324e-29
128 1.05686e-28
129 1.22942e-28
130 1.42983e-28
131 1.66255e-28
132 1.93271e-28
133 2.24626e-28
134 2.61014e-28
135 3.03224e-28
136 3.52186e-28
137 4.08962e-28
138 4.74785e-28
139 5.51082e-28
140 6.395e-28
141 7.41942e-28
142 8.60596e-28
143 9.98016e-28
144 1.15712e-27
145 1.34129e-27
146 1.55444e-27
147 1.80107e-27
148 2.08636e-27
149 2.41631e-27
150 2.79784e-27
151 3.2389e-27
152 3.74866e-27
153 4.3377e-27
154 5.01821e-27
155 5.8042e-27
156 6.71181e-27
157 7.75966e-27
158 8.96914e-27
159 1.03648e-26
160 1.19751e-26
161 1.38325e-26
162 1.59745e-26
163 1.84441e-26
164 2.12909e-26
165 2.45716e-26
166 2.83515e-26
167 3.27057e-26
168 3.77202e-26
169 4.3494e-26
170 5.01406e-26
171 5.77898e-26
172 6.65913e-26
173 7.67164e-26
174 8.83613e-26
175 1.01751e-25
176 1.17145e-25
177 1.34836e-25
178 1.55165e-25
179 1.7852e-25
180 2.05343e-25
181 2.36145e-25
182 2.71508e-25
183 3.12096e-25
184 3.5867e-25
185 4.12106e-25
186 4.73397e-25
187 5.43683e-25
188 6.24264e-25
189 7.16633e-25
190 8.22487e-25
191 9.43764e-25
192 1.08269e-24
193 1.24179e-24
194 1.42395e-24
195 1.63248e-24
196 1.87113e-24
197 2.1442e-24
198 2.45659e-24
199 2.81387e-24
200 3.2224e-24
201 3.68944e-24
202 4.22324e-24
203 4.83323e-24
204 5.5301e-24
205 6.32608e-24
206 7.23504e-24
207 8.27281e-24
208 9.45736e-24
209 1.08092e-23
210 1.23515e-23
211 1.41108e-23
212 1.61173e-23
213 1.8405e-23
214 2.10128e-23
215 2.39848e-23
216 2.73713e-23
217 3.12291e-23
218 3.56228e-23
219 4.06257e-23
220 4.63211e-23
221 5.28033e-23
222 6.01795e-23
223 6.8571e-23
224 7.81153e-23
225 8.89684e-23
226 1.01307e-22
227 1.15331e-22
228 1.31268e-22
229 1.49374e-22
230 1.69939e-22
231 1.93293e-22
232 2.19808e-22
233 2.49904e-22
234 2.84058e-22
235 3.22807e-22
236 3.66761e-22
237 4.16608e-22
238 4.73123e-22
239 5.37185e-22
240 6.09787e-22
241 6.92046e-22
242 7.85228e-22
243 8.90759e-22
244 1.01025e-21
245 1.14551e-21
246 1.2986e-21
247 1.47182e-21
248 1.66778e-21
249 1.88941e-21
250 2.14002e-21
251 2.42334e-21
252 2.74357e-21
253 3.10542e-21
254 3.51424e-21
255 3.97601e-21
256 4.49747e-21
257 5.0862e-21
258 5.75076e-21
259 6.50072e-21
260 7.3469e-21
261 8.30141e-21
262 9.37789e-21
263 1.05917e-20
264 1.196e-20
265 1.35021e-20
266 1.52397e-20
267 1.71973e-20
268 1.94021e-20
269 2.18848e-20
270 2.46799e-20
271 2.78259e-20
272 3.13661e-20
273 3.5349e-20
274 3.98291e-20
275 4.48671e-20
276 5.05314e-20
277 5.68984e-20
278 6.40536e-20
279 7.20927e-20
280 8.11231e-20
281 9.12645e-20
282 1.02651e-19
283 1.15433e-19
284 1.29778e-19
285 1.45873e-19
286 1.63928e-19
287 1.84176e-19
288 2.0688e-19
289 2.32331e-19
290 2.60855e-19
291 2.92816e-19
292 3.28619e-19
293 3.68718e-19
294 4.13617e-19
295 4.6388e-19
296 5.20135e-19
297 5.83082e-19
298 6.53501e-19
299 7.32261e-19
300 8.20329e-19
301 9.18786e-19
302 1.02883e-18
303 1.1518e-18
304 1.28918e-18
305 1.44262e-18
306 1.61397e-18
307 1.80528e-18
308 2.01881e-18
309 2.2571e-18
310 2.52297e-18
311 2.81954e-18
312 3.15028e-18
313 3.51904e-18
314 3.93012e-18
315 4.38826e-18
316 4.89874e-18
317 5.46743e-18
318 6.10081e-18
319 6.80609e-18
320 7.59127e-18
321 8.46521e-18
322 9.43773e-18
323 1.05197e-17
324 1.17232e-17
325 1.30616e-17
326 1.45497e-17
327 1.62038e-17
328 1.80421e-17
329 2.00847e-17
330 2.23536e-17
331 2.48735e-17
332 2.76716e-17
333 3.07777e-17
334 3.42252e-17
335 3.80505e-17
336 4.22942e-17
337 4.7001e-17
338 5.22202e-17
339 5.80062e-17
340 6.44193e-17
341 7.15257e-17
342 7.93986e-17
343 8.81186e-17
344 9.77746e-17
345 1.08465e-16
346 1.20297e-16
347 1.3339e-16
348 1.47875e-16
349 1.63897e-16
350 1.81614e-16
351 2.01201e-16
352 2.2285e-16
353 2.46773e-16
354 2.73202e-16
355 3.02394e-16
356 3.3463e-16
357 3.70219e-16
358 4.095e-16
359 4.52847e-16
360 5.0067e-16
361 5.53419e-16
362 6.11588e-16
363 6.75719e-16
364 7.46408e-16
365 8.24307e-16
366 9.10134e-16
367 1.00467e-15
368 1.10879e-15
369 1.22342e-15
370 1.34961e-15
371 1.48848e-15
372 1.64128e-15
373 1.80938e-15
374 1.99426e-15
375 2.19755e-15
376 2.42104e-15
377 2.66669e-15
378 2.93663e-15
379 3.2332e-15
380 3.55896e-15
381 3.91671e-15
382 4.3095e-15
383 4.74068e-15
384 5.2139e-15
385 5.73314e-15
386 6.30276e-15
387 6.92751e-15
388 7.61258e-15
389 8.36364e-15
390 9.18686e-15
391 1.0089e-14
392 1.10773e-14
393 1.21599e-14
394 1.33455e-14
395 1.46436e-14
396 1.60645e-14
397 1.76195e-14
398 1.93208e-14
399 2.11819e-14
400 2.32173e-14
401 2.54427e-14
402 2.78754e-14
403 3.05339e-14
404 3.34387e-14
405 3.66118e-14
406 4.0077e-14
407 4.38605e-14
408 4.79905e-14
409 5.24976e-14
410 5.7415e-14
411 6.27788e-14
412 6.86282e-14
413 7.50056e-14
414 8.19569e-14
415 8.95319e-14
416 9.77846e-14
417 1.06773e-13
418 1.16562e-13
419 1.27218e-13
420 1.38817e-13
421 1.51438e-13
422 1.65169e-13
423 1.80103e-13
424 1.96343e-13
425 2.13997e-13
426 2.33186e-13
427 2.54037e-13
428 2.7669e-13
429 3.01294e-13
430 3.28012e-13
431 3.57019e-13
432 3.88503e-13
433 4.2267e-13
434 4.5974e-13
435 4.99951e-13
436 5.4356e-13
437 5.90843e-13
438 6.421e-13
439 6.97654e-13
440 7.57851e-13
441 8.23068e-13
442 8.93707e-13
443 9.70205e-13
444 1.05303e-12
445 1.14269e-12
446 1.23972e-12
447 1.34472e-12
448 1.45831e-12
449 1.58117e-12
450 1.71404e-12
451 1.85769e-12
452 2.01297e-12
453 2.18078e-12
454 2.36211e-12
455 2.558e-12
456 2.76957e-12
457 2.99803e-12
458 3.24467e-12
459 3.51089e-12
460 3.79818e-12
461 4.10812e-12
462 4.44244e-12
463 4.80296e-12
464 5.19166e-12
465 5.61063e-12
466 6.06213e-12
467 6.54856e-12
468 7.0725e-12
469 7.6367e-12
470 8.24411e-12
471 8.89787e-12
472 9.60134e-12
473 1.03581e-11
474 1.1172e-11
475 1.20471e-11
476 1.29878e-11
477 1.39986e-11
478 1.50847e-11
479 1.62512e-11
480 1.75037e-11
481 1.88483e-11
482 2.02914e-11
483 2.18398e-11
484 2.35006e-11
485 2.52816e-11
486 2.7191e-11
487 2.92375e-11
488 3.14305e-11
489 3.37797e-11
490 3.62956e-11
491 3.89895e-11
492 4.18732e-11
493 4.49593e-11
494 4.82612e-11
495 5.17932e-11
496 5.55705e-11
497 5.96091e-11
498 6.39261e-11
499 6.85398e-11
500 7.34695e-11
501 7.87356e-11
502 8.436e-11
503 9.03658e-11
504 9.67776e-11
505 1.03622e-10
506 1.10925e-10
507 1.18718e-10
508 1.27032e-10
509 1.359e-10
510 1.45356e-10
511 1.55438e-10
512 1.66187e-10
513 1.77643e-10
514 1.89852e-10
515 2.0286e-10
516 2.16718e-10
517 2.31479e-10
518 2.47199e-10
519 2.63937e-10
520 2.81756e-10
521 3.00724e-10
522 3.20909e-10
523 3.42387e-10
524 3.65237e-10
525 3.89541e-10
526 4.15387e-10
527 4.42867e-10
528 4.7208e-10
529 5.03128e-10
530 5.3612e-10
531 5.71168e-10
532 6.08395e-10
533 6.47925e-10
534 6.89891e-10
535 7.34434e-10
536 7.81698e-10
537 8.31838e-10
538 8.85015e-10
539 9.41397e-10
540 1.00116e-09
541 1.06449e-09
542 1.13158e-09
543 1.20264e-09
544 1.27786e-09
545 1.35749e-09
546 1.44173e-09
547 1.53084e-09
548 1.62507e-09
549 1.72468e-09
550 1.82993e-09
551 1.94111e-09
552 2.05852e-09
553 2.18247e-09
554 2.31326e-09
555 2.45125e-09
556 2.59676e-09
557 2.75017e-09
558 2.91183e-09
559 3.08215e-09
560 3.26153e-09
561 3.45038e-09
562 3.64915e-09
563 3.85828e-09
564 4.07826e-09
565 4.30956e-09
566 4.55271e-09
567 4.80824e-09
568 5.07669e-09
569 5.35866e-09
570 5.65475e-09
571 5.96558e-09
572 6.29181e-09
573 6.63413e-09
574 6.99325e-09
575 7.36992e-09
576 7.76494e-09
577 8.1791e-09
578 8.61329e-09
579 9.06838e-09
580 9.54532e-09
581 1.00451e-08
582 1.05688e-08
583 1.11174e-08
584 1.16921e-08
585 1.2294e-08
586 1.29246e-08
587 1.35849e-08
588 1.42765e-08
589 1.50007e-08
590 1.5759e-08
591 1.65531e-08
592 1.73847e-08
593 1.82553e-08
594 1.91669e-08
595 2.01213e-08
596 2.11205e-08
597 2.21666e-08
598 2.32617e-08
599 2.44081e-08
600 2.56081e-08
601 2.68641e-08
602 2.81787e-08
603 2.95544e-08
604 3.09941e-08
605 3.25004e-08
606 3.40763e-08
607 3.57247e-08
608 3.74487e-08
609 3.92515e-08
610 4.11363e-08
611 4.31063e-08
612 4.51651e-08
613 4.7316e-08
614 4.95625e-08
615 5.19082e-08
616 5.43567e-08
617 5.69117e-08
618 5.95767e-08
619 6.23556e-08
620 6.5252e-08
621 6.82696e-08
622 7.1412e-08
623 7.4683e-08
624 7.80862e-08
625 8.16251e-08
626 8.53032e-08
627 8.9124e-08
628 9.30907e-08
629 9.72067e-08
630 1.01475e-07
631 1.05899e-07
632 1.10481e-07
633 1.15223e-07
634 1.2013e-07
635 1.25202e-07
636 1.30442e-07
637 1.35851e-07
638 1.41433e-07
639 1.47188e-07
640 1.53118e-07
641 1.59223e-07
642 1.65506e-07
643 1.71966e-07
644 1.78605e-07
645 1.85422e-07
646 1.92418e-07
647 1.99594e-07
648 2.06948e-07
649 2.14482e-07
650 2.22194e-07
651 2.30085e-07
652 2.38154e-07
653 2.46401e-07
654 2.54827e-07
655 2.6343e-07
656 2.72211e-07
657 2.8117e-07
658 2.90309e-07
659 2.99627e-07
660 3.09126e-07
661 3.18809e-07
662 3.28676e-07
663 3.38732e-07
664 3.4898e-07
665 3.59425e-07
666 3.7007e-07
667 3.80924e-07
668 3.91993e-07
669 4.03284e-07
670 4.14808e-07
671 4.26575e-07
672 4.38598e-07
673 4.50888e-07
674 4.63462e-07
675 4.76335e-07
676 4.89526e-07
677 5.03053e-07
678 5.16938e-07
679 5.31203e-07
680 5.45874e-07
681 5.60976e-07
682 5.76538e-07
683 5.92589e-07
684 6.09161e-07
685 6.26288e-07
686 6.44003e-07
687 6.62344e-07
688 6.81348e-07
689 7.01056e-07
690 7.21507e-07
691 7.42745e-07
692 7.64811e-07
693 7.87751e-07
694 8.11607e-07
695 8.36427e-07
696 8.62256e-07
697 8.89138e-07
698 9.1712e-07
699 9.46246e-07
700 9.7656e-07
701 1.00811e-06
702 1.04093e-06
703 1.07506e-06
704 1.11055e-06
705 1.14742e-06
706 1.18571e-06
707 1.22546e-06
708 1.26668e-06
709 1.30939e-06
710 1.35363e-06
711 1.39939e-06
712 1.44668e-06
713 1.49552e-06
714 1.54589e-06
715 1.59779e-06
716 1.65119e-06
717 1.70607e-06
718 1.76241e-06
719 1.82015e-06
720 1.87926e-06
721 1.93968e-06
722 2.00133e-06
723 2.06416e-06
724 2.12807e-06
725 2.19297e-06
726 2.25876e-06
727 2.32533e-06
728 2.39255e-06
729 2.4603e-06
730 2.52844e-06
731 2.59681e-06
732 2.66526e-06
733 2.73361e-06
734 2.8017e-06
735 2.86934e-06
736 2.93633e-06
737 3.00247e-06
738 3.06756e-06
739 3.13139e-06
740 3.19372e-06
741 3.25435e-06
742 3.31304e-06
743 3.36956e-06
744 3.42367e-06
745 3.47514e-06
746 3.52374e-06
747 3.56922e-06
748 3.61137e-06
749 3.64994e-06
750 3.68471e-06
751 3.71547e-06
752 3.74199e-06
753 3.76408e-06
754 3.78154e-06
755 3.79419e-06
756 3.80186e-06
757 3.80439e-06
758 3.80165e-06
759 3.7935e-06
760 3.77985e-06
761 3.7606e-06
762 3.7357e-06
763 3.70511e-06
764 3.6688e-06
765 3.6268e-06
766 3.57913e-06
767 3.52587e-06
768 3.4671e-06
769 3.40295e-06
770 3.33357e-06
771 3.25917e-06
772 3.17995e-06
773 3.09617e-06
774 3.00813e-06
775 2.91616e-06
776 2.82061e-06
777 2.72188e-06
778 2.62042e-06
779 2.51669e-06
780 2.4112e-06
781 2.3045e-06
782 2.19716e-06
783 2.08982e-06
784 1.98312e-06
785 1.87774e-06
786 1.77441e-06
787 1.67388e-06
788 1.57694e-06
789 1.4844e-06
790 1.39711e-06
791 1.31594e-06
792 1.24179e-06
793 1.17557e-06
794 1.11824e-06
795 1.07076e-06
796 1.03411e-06
797 1.00928e-06
798 9.97298e-07
799 9.99176e-07
800 1.01595e-06
801 1.04865e-06
802 1.09833e-06
803 1.16603e-06
804 1.25277e-06
805 1.35961e-06
806 1.48757e-06
807 1.63767e-06
808 1.81092e-06
809 2.0083e-06
810 2.23078e-06
811 2.47933e-06
812 2.75487e-06
813 3.05829e-06
814 3.39049e-06
815 3.7523e-06
816 4.14453e-06
817 4.56796e-06
818 5.02333e-06
819 5.51135e-06
820 6.03267e-06
821 6.58791e-06
822 7.17766e-06
823 7.80243e-06
824 8.46273e-06
825 9.15898e-06
826 9.89159e-06
827 1.06609e-05
828 1.14672e-05
829 1.23108e-05
830 1.31918e-05
831 1.41104e-05
832 1.50668e-05
833 1.6061e-05
834 1.7093e-05
835 1.81629e-05
836 1.92705e-05
837 2.04158e-05
838 2.15986e-05
839 2.28188e-05
840 2.40762e-05
841 2.53706e-05
842 2.67018e-05
843 2.80694e-05
844 2.94732e-05
845 3.0913e-05
846 3.23884e-05
847 3.38992e-05
848 3.54449e-05
849 3.70254e-05
850 3.86404e-05
851 4.02895e-05
852 4.19726e-05
853 4.36894e-05
854 4.54398e-05
855 4.72235e-05
856 4.90405e-05
857 5.08908e-05
858 5.27742e-05
859 5.4691e-05
860 5.66411e-05
861 5.86249e-05
862 6.06425e-05
863 6.26944e-05
864 6.4781e-05
865 6.69029e-05
866 6.90607e-05
867 7.12552e-05
868 7.34873e-05
869 7.57579e-05
870 7.80683e-05
871 8.04197e-05
872 8.28136e-05
873 8.52513e-05
874 8.77348e-05
875 9.02658e-05
876 9.28464e-05
877 9.54787e-05
878 9.81652e-05
879 0.000100908
880 0.000103711
881 0.000106576
882 0.000109506
883 0.000112505
884 0.000115575
885 0.000118722
886 0.000121949
887 0.000125259
888 0.000128658
889 0.000132149
890 0.000135737
891 0.000139428
892 0.000143226
893 0.000147137
894 0.000151166
895 0.00015532
896 0.000159604
897 0.000164025
898 0.000168589
899 0.000173302
900 0.000178173
901 0.000183207
902 0.000188413
903 0.000193798
904 0.00019937
905 0.000205136
906 0.000211106
907 0.000217288
908 0.00022369
909 0.000230322
910 0.000237192
911 0.00024431
912 0.000251686
913 0.00025933
914 0.000267251
915 0.00027546
916 0.000283967
917 0.000292782
918 0.000301918
919 0.000311384
920 0.000321192
921 0.000331353
922 0.000341879
923 0.000352781
924 0.000364072
925 0.000375764
926 0.000387869
927 0.000400399
928 0.000413368
929 0.000426787
930 0.00044067
931 0.00045503
932 0.00046988
933 0.000485234
934 0.000501104
935 0.000517506
936 0.000534451
937 0.000551955
938 0.000570032
939 0.000588695
940 0.000607959
941 0.000627838
942 0.000648346
943 0.000669499
944 0.000691311
945 0.000713796
946 0.000736969
947 0.000760846
948 0.000785442
949 0.00081077
950 0.000836847
951 0.000863688
952 0.000891307
953 0.00091972
954 0.000948943
955 0.00097899
956 0.00100988
957 0.00104162
958 0.00107423
959 0.00110773
960 0.00114213
961 0.00117745
962 0.0012137
963 0.0012509
964 0.00128906
965 0.00132819
966 0.00136832
967 0.00140946
968 0.00145163
969 0.00149483
970 0.00153908
971 0.0015844
972 0.00163081
973 0.00167831
974 0.00172692
975 0.00177666
976 0.00182754
977 0.00187958
978 0.00193278
979 0.00198717
980 0.00204275
981 0.00209954
982 0.00215755
983 0.0022168
984 0.00227729
985 0.00233905
986 0.00240207
987 0.00246638
988 0.00253199
989 0.00259891
990 0.00266714
991 0.0027367
992 0.0028076
993 0.00287985
994 0.00295346
995 0.00302844
996 0.00310479
997 0.00318254
998 0.00326167
999 0.0033422
1000 0.00342415
1001 0.00350751
1002 0.00359229
1003 0.0036785
1004 0.00376614
1005 0.00385521
1006 0.00394573
1007 0.00403769
1008 0.0041311
1009 0.00422596
1010 0.00432227
1011 0.00442004
1012 0.00451926
1013 0.00461993
1014 0.00472205
1015 0.00482562
1016 0.00493065
1017 0.00503712
1018 0.00514503
1019 0.00525438
1020 0.00536516
1021 0.00547737
1022 0.005591
1023 0.00570604
1024 0.00582249
1025 0.00594033
1026 0.00605956
1027 0.00618016
1028 0.00630213
1029 0.00642545
1030 0.0065501
1031 0.00667607
1032 0.00680336
1033 0.00693193
1034 0.00706178
1035 0.00719289
1036 0.00732523
1037 0.0074588
1038 0.00759356
1039 0.00772949
1040 0.00786658
1041 0.0080048
1042 0.00814412
1043 0.00828452
1044 0.00842597
1045 0.00856845
1046 0.00871192
1047 0.00885636
1048 0.00900174
1049 0.00914802
1050 0.00929517
1051 0.00944317
1052 0.00959196
1053 0.00974153
1054 0.00989183
1055 0.0100428
1056 0.0101945
1057 0.0103468
1058 0.0104996
1059 0.010653
1060 0.0108069
1061 0.0109612
1062 0.011116
1063 0.0112711
1064 0.0114265
1065 0.0115822
1066 0.0117382
1067 0.0118943
1068 0.0120506
1069 0.0122069
1070 0.0123633
1071 0.0125196
1072 0.0126759
1073 0.012832
1074 0.012988
1075 0.0131438
1076 0.0132992
1077 0.0134544
1078 0.0136091
1079 0.0137634
1080 0.0139172
1081 0.0140704
1082 0.0142231
1083 0.014375
1084 0.0145262
1085 0.0146767
1086 0.0148262
1087 0.0149749
1088 0.0151226
1089 0.0152693
1090 0.015415
1091 0.0155594
1092 0.0157027
1093 0.0158447
1094 0.0159854
1095 0.0161248
1096 0.0162627
1097 0.0163991
1098 0.0165339
1099 0.0166672
1100 0.0167987
1101 0.0169286
1102 0.0170566
1103 0.0171829
1104 0.0173072
1105 0.0174296
1106 0.0175499
1107 0.0176682
1108 0.0177844
1109 0.0178984
1110 0.0180102
1111 0.0181197
1112 0.0182269
1113 0.0183317
1114 0.018434
1115 0.0185339
1116 0.0186313
1117 0.018726
1118 0.0188182
1119 0.0189077
1120 0.0189945
1121 0.0190785
1122 0.0191597
1123 0.0192381
1124 0.0193136
1125 0.0193862
1126 0.0194558
1127 0.0195225
1128 0.0195861
1129 0.0196467
1130 0.0197042
1131 0.0197585
1132 0.0198097
1133 0.0198578
1134 0.0199026
1135 0.0199442
1136 0.0199826
1137 0.0200177
1138 0.0200495
1139 0.020078
1140 0.0201032
1141 0.020125
1142 0.0201435
1143 0.0201586
1144 0.0201704
1145 0.0201788
1146 0.0201838
1147 0.0201853
1148 0.0201835
1149 0.0201783
1150 0.0201698
1151 0.0201578
1152 0.0201424
1153 0.0201236
1154 0.0201015
1155 0.020076
1156 0.0200471
1157 0.0200149
1158 0.0199794
1159 0.0199405
1160 0.0198984
1161 0.019853
1162 0.0198043
1163 0.0197524
1164 0.0196973
1165 0.0196389
1166 0.0195775
1167 0.0195129
1168 0.0194452
1169 0.0193744
1170 0.0193006
1171 0.0192238
1172 0.0191441
1173 0.0190614
1174 0.0189758
1175 0.0188874
1176 0.0187962
1177 0.0187022
1178 0.0186055
1179 0.0185061
1180 0.0184041
1181 0.0182995
1182 0.0181924
1183 0.0180828
1184 0.0179708
1185 0.0178563
1186 0.0177396
1187 0.0176206
1188 0.0174994
1189 0.017376
1190 0.0172504
1191 0.0171229
1192 0.0169933
1193 0.0168618
1194 0.0167285
1195 0.0165933
1196 0.0164563
1197 0.0163177
1198 0.0161774
1199 0.0160355
1200 0.0158921
1201 0.0157473
1202 0.015601
1203 0.0154535
1204 0.0153046
1205 0.0151545
1206 0.0150033
1207 0.014851
1208 0.0146977
1209 0.0145435
1210 0.0143883
1211 0.0142323
1212 0.0140755
1213 0.013918
1214 0.0137598
1215 0.013601
1216 0.0134418
1217 0.013282
1218 0.0131218
1219 0.0129613
1220 0.0128005
1221 0.0126394
1222 0.0124782
1223 0.0123168
1224 0.0121554
1225 0.011994
1226 0.0118326
1227 0.0116713
1228 0.0115102
1229 0.0113493
1230 0.0111886
1231 0.0110283
1232 0.0108683
1233 0.0107087
1234 0.0105496
1235 0.010391
1236 0.010233
1237 0.0100755
1238 0.00991873
1239 0.00976262
1240 0.00960725
1241 0.00945265
1242 0.00929886
1243 0.00914594
1244 0.00899391
1245 0.00884282
1246 0.00869269
1247 0.00854358
1248 0.0083955
1249 0.00824851
1250 0.00810262
1251 0.00795787
1252 0.00781429
1253 0.0076719
1254 0.00753075
1255 0.00739085
1256 0.00725223
1257 0.00711492
1258 0.00697893
1259 0.0068443
1260 0.00671104
1261 0.00657918
1262 0.00644872
1263 0.0063197
1264 0.00619213
1265 0.00606602
1266 0.00594139
1267 0.00581825
1268 0.00569662
1269 0.00557651
1270 0.00545793
1271 0.00534089
1272 0.00522539
1273 0.00511145
1274 0.00499908
1275 0.00488827
1276 0.00477904
1277 0.00467138
1278 0.00456531
1279 0.00446082
1280 0.00435792
1281 0.0042566
1282 0.00415687
1283 0.00405872
1284 0.00396215
1285 0.00386717
1286 0.00377376
1287 0.00368192
1288 0.00359165
1289 0.00350294
1290 0.00341579
1291 0.00333018
1292 0.00324612
1293 0.00316359
1294 0.00308258
1295 0.00300309
1296 0.0029251
1297 0.0028486
1298 0.00277359
1299 0.00270005
1300 0.00262796
1301 0.00255733
1302 0.00248812
1303 0.00242034
1304 0.00235396
1305 0.00228897
1306 0.00222537
1307 0.00216312
1308 0.00210222
1309 0.00204265
1310 0.0019844
1311 0.00192744
1312 0.00187178
1313 0.00181737
1314 0.00176422
1315 0.0017123
1316 0.00166159
1317 0.00161209
1318 0.00156376
1319 0.0015166
1320 0.00147058
1321 0.00142569
1322 0.00138191
1323 0.00133922
1324 0.00129761
1325 0.00125705
1326 0.00121753
1327 0.00117903
1328 0.00114153
1329 0.00110502
1330 0.00106947
1331 0.00103487
1332 0.0010012
1333 0.000968443
1334 0.000936579
1335 0.000905592
1336 0.000875465
1337 0.000846179
1338 0.000817718
1339 0.000790064
1340 0.000763201
1341 0.00073711
1342 0.000711777
1343 0.000687183
1344 0.000663313
1345 0.00064015
1346 0.000617679
1347 0.000595882
1348 0.000574745
1349 0.000554252
1350 0.000534388
1351 0.000515137
1352 0.000496485
1353 0.000478416
1354 0.000460917
1355 0.000443973
1356 0.00042757
1357 0.000411694
1358 0.000396331
1359 0.000381468
1360 0.000367092
1361 0.00035319
1362 0.000339749
1363 0.000326757
1364 0.0003142
1365 0.000302068
1366 0.000290349
1367 0.00027903
1368 0.000268101
1369 0.00025755
1370 0.000247366
1371 0.000237539
1372 0.000228058
1373 0.000218913
1374 0.000210094
1375 0.000201591
1376 0.000193395
1377 0.000185496
1378 0.000177884
1379 0.000170552
1380 0.000163491
1381 0.000156691
1382 0.000150145
1383 0.000143844
1384 0.00013778
1385 0.000131947
1386 0.000126336
1387 0.000120939
1388 0.000115751
1389 0.000110764
1390 0.00010597
1391 0.000101364
1392 9.69398e-05
1393 9.26902e-05
1394 8.86095e-05
1395 8.46918e-05
1396 8.09314e-05
1397 7.73228e-05
1398 7.38606e-05
1399 7.05396e-05
1400 6.73547e-05
1401 6.43009e-05
1402 6.13734e-05
1403 5.85678e-05
1404 5.58794e-05
1405 5.33039e-05
1406 5.08371e-05
1407 4.84749e-05
1408 4.62134e-05
1409 4.40486e-05
1410 4.19771e-05
1411 3.9995e-05
1412 3.8099e-05
1413 3.62858e-05
1414 3.4552e-05
1415 3.28946e-05
1416 3.13105e-05
1417 2.97968e-05
1418 2.83506e-05
1419 2.69694e-05
1420 2.56503e-05
1421 2.4391e-05
1422 2.31889e-05
1423 2.20417e-05
1424 2.09471e-05
1425 1.99029e-05
1426 1.8907e-05
1427 1.79574e-05
1428 1.70521e-05
1429 1.61893e-05
1430 1.53671e-05
1431 1.45837e-05
1432 1.38375e-05
1433 1.31269e-05
1434 1.24503e-05
1435 1.18063e-05
1436 1.11933e-05
1437 1.06101e-05
1438 1.00552e-05
1439 9.52753e-06
1440 9.0257e-06
1441 8.54861e-06
1442 8.09513e-06
1443 7.66418e-06
1444 7.25472e-06
1445 6.86577e-06
1446 6.49638e-06
1447 6.14564e-06
1448 5.81268e-06
1449 5.49665e-06
1450 5.19678e-06
1451 4.91228e-06
1452 4.64242e-06
1453 4.38652e-06
1454 4.14389e-06
1455 3.9139e-06
1456 3.69593e-06
1457 3.48941e-06
1458 3.29376e-06
1459 3.10846e-06
1460 2.93299e-06
1461 2.76688e-06
1462 2.60965e-06
1463 2.46086e-06
1464 2.32008e-06
1465 2.18692e-06
1466 2.06099e-06
1467 1.94192e-06
1468 1.82936e-06
1469 1.72297e-06
1470 1.62245e-06
1471 1.52748e-06
1472 1.43778e-06
1473 1.35308e-06
1474 1.27311e-06
1475 1.19762e-06
1476 1.12638e-06
1477 1.05917e-06
1478 9.95764e-07
1479 9.35965e-07
1480 8.79579e-07
1481 8.26423e-07
1482 7.76322e-07
1483 7.29111e-07
1484 6.84632e-07
1485 6.42737e-07
1486 6.03283e-07
1487 5.66136e-07
1488 5.31168e-07
1489 4.9826e-07
1490 4.67295e-07
1491 4.38166e-07
1492 4.10769e-07
1493 3.85007e-07
1494 3.60788e-07
1495 3.38023e-07
1496 3.16631e-07
1497 2.96532e-07
1498 2.77653e-07
1499 2.59923e-07
1500 2.43275e-07
1501 2.27648e-07
1502 2.12981e-07
1503 1.99219e-07
1504 1.86308e-07
1505 1.74198e-07
1506 1.62842e-07
1507 1.52196e-07
1508 1.42216e-07
1509 1.32864e-07
1510 1.24102e-07
1511 1.15894e-07
1512 1.08207e-07
1513 1.01009e-07
1514 9.42708e-08
1515 8.79641e-08
1516 8.20626e-08
1517 7.65414e-08
1518 7.13771e-08
1519 6.65477e-08
1520 6.20324e-08
1521 5.78117e-08
1522 5.38671e-08
1523 5.01814e-08
1524 4.67384e-08
1525 4.35227e-08
1526 4.052e-08
1527 3.77167e-08
1528 3.51002e-08
1529 3.26585e-08
1530 3.03804e-08
1531 2.82555e-08
1532 2.62738e-08
1533 2.44261e-08
1534 2.27036e-08
1535 2.10984e-08
1536 1.96025e-08
1537 1.8209e-08
1538 1.69111e-08
1539 1.57025e-08
1540 1.45773e-08
1541 1.35299e-08
1542 1.25552e-08
1543 1.16483e-08
1544 1.08047e-08
1545 1.00201e-08
1546 9.29062e-09
1547 8.61245e-09
1548 7.98214e-09
1549 7.39643e-09
1550 6.85229e-09
1551 6.34687e-09
1552 5.87752e-09
1553 5.44176e-09
1554 5.03726e-09
1555 4.66187e-09
1556 4.31356e-09
1557 3.99046e-09
1558 3.69079e-09
1559 3.41292e-09
1560 3.15532e-09
1561 2.91656e-09
1562 2.69531e-09
1563 2.49033e-09
1564 2.30047e-09
1565 2.12464e-09
1566 1.96184e-09
1567 1.81114e-09
1568 1.67167e-09
1569 1.54263e-09
1570 1.42325e-09
1571 1.31283e-09
1572 1.21074e-09
1573 1.11635e-09
1574 1.0291e-09
1575 9.48482e-10
1576 8.73995e-10
1577 8.05192e-10
1578 7.41651e-10
1579 6.82983e-10
1580 6.28825e-10
1581 5.78842e-10
1582 5.32722e-10
1583 4.90175e-10
1584 4.50932e-10
1585 4.14745e-10
1586 3.81383e-10
1587 3.50632e-10
1588 3.22293e-10
1589 2.96184e-10
1590 2.72133e-10
1591 2.49983e-10
1592 2.29589e-10
1593 2.10814e-10
1594 1.93535e-10
1595 1.77635e-10
1596 1.63007e-10
1597 1.49553e-10
1598 1.37181e-10
1599 1.25806e-10
1600 1.1535e-10
1601 1.05741e-10
1602 9.6913e-11
1603 8.88031e-11
1604 8.1355e-11
1605 7.4516e-11
1606 6.82377e-11
1607 6.24754e-11
1608 5.71878e-11
1609 5.23367e-11
1610 4.78872e-11
1611 4.38068e-11
1612 4.00658e-11
1613 3.66365e-11
1614 3.34938e-11
1615 3.06143e-11
1616 2.79765e-11
1617 2.55606e-11
1618 2.33485e-11
1619 2.13234e-11
1620 1.94698e-11
1621 1.77737e-11
1622 1.62219e-11
1623 1.48025e-11
1624 1.35045e-11
1625 1.23177e-11
1626 1.12328e-11
1627 1.02414e-11
1628 9.33551e-12
1629 8.50797e-12
1630 7.75217e-12
1631 7.06202e-12
1632 6.43197e-12
1633 5.85691e-12
1634 5.33214e-12
1635 4.85337e-12
1636 4.41667e-12
1637 4.01841e-12
1638 3.6553e-12
1639 3.32431e-12
1640 3.02265e-12
1641 2.74779e-12
1642 2.4974e-12
1643 2.26935e-12
1644 2.0617e-12
1645 1.87265e-12
1646 1.70058e-12
1647 1.54399e-12
1648 1.40153e-12
1649 1.27195e-12
1650 1.15411e-12
1651 1.04696e-12
1652 9.49562e-13
1653 8.61044e-13
1654 7.80613e-13
1655 7.07548e-13
1656 6.41186e-13
1657 5.80926e-13
1658 5.2622e-13
1659 4.76564e-13
1660 4.31504e-13
1661 3.90622e-13
1662 3.53539e-13
1663 3.19909e-13
1664 2.89417e-13
1665 2.61777e-13
1666 2.36726e-13
1667 2.14028e-13
1668 1.93465e-13
1669 1.74841e-13
1670 1.57976e-13
1671 1.42709e-13
1672 1.28889e-13
1673 1.16383e-13
1674 1.05069e-13
1675 9.48344e-14
1676 8.55787e-14
1677 7.72101e-14
1678 6.96452e-14
1679 6.28082e-14
1680 5.66304e-14
1681 5.10495e-14
1682 4.60088e-14
1683 4.14572e-14
1684 3.73479e-14
1685 3.36388e-14
1686 3.02917e-14
1687 2.72719e-14
1688 2.45479e-14
1689 2.20913e-14
1690 1.98764e-14
1691 1.78797e-14
1692 1.60803e-14
1693 1.44588e-14
1694 1.29982e-14
1695 1.16826e-14
1696 1.04979e-14
1697 9.43138e-15
1698 8.47141e-15
1699 7.60754e-15
1700 6.83032e-15
1701 6.13121e-15
1702 5.50248e-15
1703 4.93719e-15
1704 4.42903e-15
1705 3.97233e-15
1706 3.56197e-15
1707 3.19333e-15
1708 2.86223e-15
1709 2.56491e-15
1710 2.298e-15
1711 2.05842e-15
1712 1.84343e-15
1713 1.65055e-15
1714 1.47753e-15
1715 1.32237e-15
1716 1.18325e-15
1717 1.05855e-15
1718 9.46784e-16
1719 8.4664e-16
1720 7.56929e-16
1721 6.7658e-16
1722 6.04632e-16
1723 5.4022e-16
1724 4.82567e-16
1725 4.30976e-16
1726 3.84819e-16
1727 3.43532e-16
1728 3.0661e-16
1729 2.73597e-16
1730 2.44088e-16
1731 2.17715e-16
1732 1.9415e-16
1733 1.73099e-16
1734 1.54298e-16
1735 1.37509e-16
1736 1.22521e-16
1737 1.09144e-16
1738 9.72064e-17
1739 8.65561e-17
1740 7.70563e-17
1741 6.85845e-17
1742 6.10311e-17
1743 5.42981e-17
1744 4.82975e-17
1745 4.2951e-17
1746 3.81881e-17
1747 3.39462e-17
1748 3.01691e-17
1749 2.68065e-17
1750 2.38136e-17
1751 2.11503e-17
1752 1.87809e-17
1753 1.66734e-17
1754 1.47992e-17
1755 1.31329e-17
1756 1.16517e-17
1757 1.03354e-17
1758 9.16584e-18
1759 8.12688e-18
1760 7.20414e-18
1761 6.38482e-18
1762 5.65747e-18
1763 5.0119e-18
1764 4.43906e-18
1765 3.93085e-18
1766 3.48007e-18
1767 3.08034e-18
1768 2.72593e-18
1769 2.41179e-18
1770 2.1334e-18
1771 1.88673e-18
1772 1.66823e-18
1773 1.47472e-18
1774 1.30338e-18
1775 1.1517e-18
1776 1.01745e-18
1777 8.98659e-19
1778 7.93568e-19
1779 7.00617e-19
1780 6.18421e-19
1781 5.45751e-19
1782 4.81518e-19
1783 4.24754e-19
1784 3.74602e-19
1785 3.303e-19
1786 2.91176e-19
1787 2.56631e-19
1788 2.26136e-19
1789 1.99222e-19
1790 1.75473e-19
1791 1.54523e-19
1792 1.36044e-19
1793 1.1975e-19
1794 1.05385e-19
1795 9.27231e-20
1796 8.15651e-20
1797 7.17344e-20
1798 6.30751e-20
1799 5.54491e-20
1800 4.87347e-20
1801 4.28242e-20
1802 3.76224e-20
1803 3.30454e-20
1804 2.9019e-20
1805 2.54777e-20
1806 2.23638e-20
1807 1.96262e-20
1808 1.72201e-20
1809 1.51057e-20
1810 1.32481e-20
1811 1.16164e-20
1812 1.01835e-20
1813 8.92541e-21
1814 7.82109e-21
1815 6.85192e-21
1816 6.00157e-21
1817 5.25562e-21
1818 4.60139e-21
1819 4.02774e-21
1820 3.52485e-21
1821 3.08408e-21
1822 2.69785e-21
1823 2.35948e-21
1824 2.06311e-21
1825 1.80357e-21
1826 1.57635e-21
1827 1.37746e-21
1828 1.2034e-21
1829 1.05111e-21
1830 9.17895e-22
1831 8.01391e-22
1832 6.99524e-22
1833 6.10475e-22
1834 5.32646e-22
1835 4.6464e-22
1836 4.0523e-22
1837 3.53339e-22
1838 3.08028e-22
1839 2.68469e-22
1840 2.3394e-22
1841 2.03808e-22
1842 1.77519e-22
1843 1.54587e-22
1844 1.34589e-22
1845 1.17153e-22
1846 1.01954e-22
1847 8.8707e-23
1848 7.7165e-23
1849 6.71102e-23
1850 5.8353e-23
1851 5.07276e-23
1852 4.40891e-23
1853 3.83112e-23
1854 3.32832e-23
1855 2.89089e-23
1856 2.51041e-23
1857 2.17953e-23
1858 1.89186e-23
1859 1.6418e-23
1860 1.42448e-23
1861 1.23567e-23
1862 1.07165e-23
1863 9.29196e-24
1864 8.05507e-24
1865 6.98133e-24
1866 6.04941e-24
1867 5.24075e-24
1868 4.53921e-24
1869 3.93073e-24
1870 3.40308e-24
1871 2.94563e-24
1872 2.54911e-24
1873 2.2055e-24
1874 1.90779e-24
1875 1.64991e-24
1876 1.42658e-24
1877 1.23321e-24
1878 1.06582e-24
1879 9.20955e-25
1880 7.95606e-25
1881 6.8717e-25
1882 5.93384e-25
1883 5.12288e-25
1884 4.42178e-25
1885 3.81581e-25
1886 3.29218e-25
1887 2.83978e-25
1888 2.44902e-25
1889 2.11157e-25
1890 1.82023e-25
1891 1.56874e-25
1892 1.35171e-25
1893 1.16445e-25
1894 1.00291e-25
1895 8.63602e-26
1896 7.43478e-26
1897 6.39926e-26
1898 5.50677e-26
1899 4.73772e-26
1900 4.07519e-26
1901 3.50455e-26
1902 3.01316e-26
1903 2.59012e-26
1904 2.22598e-26
1905 1.91262e-26
1906 1.64302e-26
1907 1.41111e-26
1908 1.21168e-26
1909 1.0402e-26
1910 8.92799e-27
1911 7.66118e-27
1912 6.57269e-27
1913 5.63763e-27
1914 4.83454e-27
1915 4.14496e-27
1916 3.55296e-27
1917 3.04485e-27
1918 2.60884e-27
1919 2.23478e-27
1920 1.91394e-27
1921 1.6388e-27
1922 1.40291e-27
1923 1.20071e-27
1924 1.02743e-27
1925 8.78971e-28
1926 7.51796e-28
1927 6.42883e-28
1928 5.49627e-28
1929 4.69797e-28
1930 4.01475e-28
1931 3.43014e-28
1932 2.93002e-28
1933 2.50227e-28
1934 2.13651e-28
1935 1.82381e-28
1936 1.55654e-28
1937 1.32815e-28
1938 1.13301e-28
1939 9.66347e-29
1940 8.24017e-29
1941 7.02492e-29
1942 5.98764e-29
1943 5.1024e-29
1944 4.34706e-29
1945 3.70275e-29
1946 3.15325e-29
1947 2.68471e-29
1948 2.2853e-29
1949 1.94489e-29
1950 1.65481e-29
1951 1.4077e-29
1952 1.19722e-29
1953 1.01799e-29
1954 8.65413e-30
1955 7.35538e-30
1956 6.25016e-30
1957 5.30984e-30
1958 4.51004e-30
1959 3.82987e-30
1960 3.25154e-30
1961 2.75998e-30
1962 2.3422e-30
1963 1.9872e-30
1964 1.68568e-30
1965 1.42958e-30
1966 1.21212e-30
1967 1.02751e-30
1968 8.70837e-31
1969 7.37887e-31
1970 6.25096e-31
1971 5.29433e-31
1972 4.4831e-31
1973 3.79537e-31
1974 3.2124e-31
1975 2.71841e-31
1976 2.29989e-31
1977 1.94534e-31
1978 1.64511e-31
1979 1.39091e-31
1980 1.17572e-31
1981 9.9361e-32
1982 8.39529e-32
1983 7.09183e-32
1984 5.98941e-32
1985 5.05728e-32
1986 4.26929e-32
1987 3.60327e-32
1988 3.04049e-32
1989 2.56505e-32
1990 2.16347e-32
1991 1.82438e-32
1992 1.53808e-32
1993 1.29644e-32
1994 1.09251e-32
1995 9.20473e-33
1996 7.75354e-33
1997 6.5296e-33
1998 5.49775e-33
1999 4.62798e-33
2000 3.89489e-33
2001 3.27723e-33
2002 2.75697e-33
2003 2.31879e-33
2004 1.94981e-33
2005 1.63918e-33
2006 1.37775e-33
2007 1.15778e-33
2008 9.72723e-34
2009 8.17073e-34
2010 6.86189e-34
2011 5.76142e-34
2012 4.8365e-34
2013 4.05932e-34
2014 3.40633e-34
2015 2.85781e-34
2016 2.39717e-34
2017 2.01043e-34
2018 1.68579e-34
2019 1.41338e-34
2020 1.18482e-34
2021 9.9306e-35
2022 8.32249e-35
2023 6.9741e-35
2024 5.84376e-35
2025 4.89641e-35
2026 4.10257e-35
2027 3.43773e-35
2028 2.88086e-35
2029 2.41451e-35
2030 2.02413e-35
2031 1.69737e-35
2032 1.42402e-35
2033 1.19536e-35
2034 1.00407e-35
2035 8.44142e-36
2036 7.10501e-36
2037 5.98815e-36
2038 5.05535e-36
2039 4.27673e-36
2040 3.627e-36
2041 3.08529e-36
2042 2.63394e-36
2043 2.25854e-36
2044 1.94681e-36
2045 1.68847e-36
2046 1.47517e-36
2047 1.29992e-36
