0 3.9627e-83
1 4.00705e-83
2 4.34667e-83
3 5.03011e-83
4 6.15508e-83
5 7.8821e-83
6 1.04571e-82
7 1.4246e-82
8 1.97858e-82
9 2.78597e-82
10 3.96064e-82
11 5.66788e-82
12 8.14731e-82
13 1.17461e-81
14 1.69671e-81
15 2.45378e-81
16 3.55112e-81
17 5.14095e-81
18 7.44335e-81
19 1.07763e-80
20 1.5599e-80
21 2.25746e-80
22 3.26597e-80
23 4.72348e-80
24 6.82897e-80
25 9.8693e-80
26 1.42577e-79
27 2.05894e-79
28 2.97209e-79
29 4.28851e-79
30 6.1855e-79
31 8.91797e-79
32 1.28523e-78
33 1.85147e-78
34 2.66608e-78
35 3.83755e-78
36 5.52148e-78
37 7.94106e-78
38 1.14162e-77
39 1.64055e-77
40 2.35655e-77
41 3.38364e-77
42 4.8564e-77
43 6.96732e-77
44 9.99167e-77
45 1.43229e-76
46 2.05233e-76
47 2.93956e-76
48 4.20862e-76
49 6.02307e-76
50 8.61623e-76
51 1.23208e-75
52 1.76108e-75
53 2.51618e-75
54 3.59356e-75
55 5.13015e-75
56 7.32075e-75
57 1.04424e-74
58 1.48891e-74
59 2.12206e-74
60 3.0232e-74
61 4.30523e-74
62 6.1284e-74
63 8.72005e-74
64 1.24026e-73
65 1.76329e-73
66 2.50587e-73
67 3.5597e-73
68 5.05462e-73
69 7.17438e-73
70 1.01789e-72
71 1.44357e-72
72 2.04643e-72
73 2.89984e-72
74 4.10746e-72
75 5.81558e-72
76 8.23063e-72
77 1.16438e-71
78 1.64655e-71
79 2.32742e-71
80 3.28849e-71
81 4.6445e-71
82 6.55694e-71
83 9.25303e-71
84 1.30523e-70
85 1.84039e-70
86 2.5939e-70
87 3.65441e-70
88 5.14637e-70
89 7.24444e-70
90 1.01936e-69
91 1.43375e-69
92 2.01575e-69
93 2.83284e-69
94 3.97948e-69
95 5.58792e-69
96 7.84322e-69
97 1.10042e-68
98 1.54327e-68
99 2.16345e-68
100 3.03159e-68
101 4.24633e-68
102 5.94535e-68
103 8.32071e-68
104 1.16403e-67
105 1.62774e-67
106 2.27524e-67
107 3.17899e-67
108 4.43988e-67
109 6.19829e-67
110 8.64952e-67
111 1.20651e-66
112 1.68225e-66
113 2.34461e-66
114 3.26639e-66
115 4.54869e-66
116 6.33174e-66
117 8.81007e-66
118 1.22534e-65
119 1.70353e-65
120 2.36736e-65
121 3.28849e-65
122 4.56614e-65
123 6.33754e-65
124 8.79248e-65
125 1.21933e-64
126 1.69024e-64
127 2.34205e-64
128 3.24387e-64
129 4.49106e-64
130 6.21517e-64
131 8.59757e-64
132 1.18882e-63
133 1.64315e-63
134 2.27017e-63
135 3.13513e-63
136 4.32785e-63
137 5.97183e-63
138 8.23685e-63
139 1.13562e-62
140 1.56503e-62
141 2.15592e-62
142 2.96866e-62
143 4.08608e-62
144 5.62175e-62
145 7.73133e-62
146 1.06281e-61
147 1.46041e-61
148 2.00591e-61
149 2.75402e-61
150 3.77955e-61
151 5.1848e-61
152 7.10954e-61
153 9.74471e-61
154 1.3351e-60
155 1.82843e-60
156 2.50299e-60
157 3.42498e-60
158 4.68463e-60
159 6.40486e-60
160 8.75309e-60
161 1.19572e-59
162 1.63275e-59
163 2.22856e-59
164 3.04051e-59
165 4.14654e-59
166 5.65253e-59
167 7.70225e-59
168 1.04908e-58
169 1.4283e-58
170 1.94377e-58
171 2.64416e-58
172 3.59541e-58
173 4.88682e-58
174 6.63928e-58
175 9.01639e-58
176 1.22394e-57
177 1.66076e-57
178 2.25252e-57
179 3.05385e-57
180 4.13851e-57
181 5.60604e-57
182 7.59076e-57
183 1.02738e-56
184 1.38993e-56
185 1.87963e-56
186 2.54077e-56
187 3.43303e-56
188 4.63666e-56
189 6.25963e-56
190 8.44712e-56
191 1.13942e-55
192 1.5363e-55
193 2.07055e-55
194 2.78939e-55
195 3.75621e-55
196 5.05598e-55
197 6.80264e-55
198 9.14882e-55
199 1.2299e-54
200 1.65267e-54
201 2.21984e-54
202 2.98038e-54
203 3.99978e-54
204 5.36558e-54
205 7.1947e-54
206 9.64326e-54
207 1.29196e-53
208 1.73018e-53
209 2.31605e-53
210 3.09899e-53
211 4.14483e-53
212 5.54125e-53
213 7.40498e-53
214 9.89133e-53
215 1.32069e-52
216 1.76263e-52
217 2.35145e-52
218 3.13563e-52
219 4.17954e-52
220 5.5686e-52
221 7.41614e-52
222 9.87244e-52
223 1.31367e-51
224 1.74727e-51
225 2.32299e-51
226 3.0871e-51
227 4.10078e-51
228 5.44498e-51
229 7.2267e-51
230 9.58733e-51
231 1.27136e-50
232 1.6852e-50
233 2.2328e-50
234 2.95707e-50
235 3.91458e-50
236 5.17992e-50
237 6.8513e-50
238 9.05809e-50
239 1.19705e-49
240 1.58125e-49
241 2.08787e-49
242 2.75561e-49
243 3.63534e-49
244 4.79386e-49
245 6.31883e-49
246 8.32533e-49
247 1.09642e-48
248 1.44333e-48
249 1.89919e-48
250 2.49793e-48
251 3.28401e-48
252 4.3156e-48
253 5.66878e-48
254 7.44302e-48
255 9.76834e-48
256 1.28146e-47
257 1.68034e-47
258 2.20243e-47
259 2.88549e-47
260 3.77874e-47
261 4.94636e-47
262 6.47195e-47
263 8.46438e-47
264 1.10654e-46
265 1.44593e-46
266 1.8886e-46
267 2.46571e-46
268 3.21776e-46
269 4.19737e-46
270 5.4728e-46
271 7.13268e-46
272 9.29191e-46
273 1.20995e-45
274 1.57485e-45
275 2.0489e-45
276 2.66448e-45
277 3.46348e-45
278 4.5001e-45
279 5.84441e-45
280 7.58696e-45
281 9.84475e-45
282 1.27688e-44
283 1.6554e-44
284 2.14519e-44
285 2.77867e-44
286 3.59763e-44
287 4.6559e-44
288 6.0228e-44
289 7.78757e-44
290 1.0065e-43
291 1.30026e-43
292 1.67903e-43
293 2.16717e-43
294 2.79597e-43
295 3.60563e-43
296 4.64769e-43
297 5.98824e-43
298 7.71203e-43
299 9.92761e-43
300 1.2774e-42
301 1.64292e-42
302 2.11208e-42
303 2.71402e-42
304 3.48594e-42
305 4.47541e-42
306 5.74318e-42
307 7.36676e-42
308 9.44511e-42
309 1.21044e-41
310 1.55054e-41
311 1.98531e-41
312 2.54085e-41
313 3.25039e-41
314 4.15619e-41
315 5.31202e-41
316 6.78623e-41
317 8.66566e-41
318 1.10606e-40
319 1.41111e-40
320 1.79947e-40
321 2.29368e-40
322 2.9223e-40
323 3.72152e-40
324 4.73717e-40
325 6.02726e-40
326 7.66521e-40
327 9.74386e-40
328 1.23806e-39
329 1.57236e-39
330 1.99603e-39
331 2.53269e-39
332 3.21219e-39
333 4.07212e-39
334 5.15991e-39
335 6.53529e-39
336 8.27349e-39
337 1.04692e-38
338 1.32416e-38
339 1.67405e-38
340 2.11541e-38
341 2.67192e-38
342 3.37327e-38
343 4.25677e-38
344 5.36919e-38
345 6.7692e-38
346 8.53032e-38
347 1.07447e-37
348 1.35276e-37
349 1.70234e-37
350 2.14127e-37
351 2.69212e-37
352 3.38312e-37
353 4.24951e-37
354 5.3353e-37
355 6.6954e-37
356 8.39832e-37
357 1.05295e-36
358 1.31953e-36
359 1.65283e-36
360 2.06935e-36
361 2.58963e-36
362 3.23921e-36
363 4.04983e-36
364 5.06095e-36
365 6.32155e-36
366 7.89245e-36
367 9.84911e-36
368 1.22851e-35
369 1.53163e-35
370 1.90866e-35
371 2.37737e-35
372 2.9598e-35
373 3.68318e-35
374 4.5812e-35
375 5.69549e-35
376 7.07747e-35
377 8.79063e-35
378 1.09133e-34
379 1.35422e-34
380 1.67964e-34
381 2.08228e-34
382 2.58022e-34
383 3.19572e-34
384 3.95617e-34
385 4.89527e-34
386 6.05442e-34
387 7.4845e-34
388 9.248e-34
389 1.14216e-33
390 1.40994e-33
391 1.73968e-33
392 2.14552e-33
393 2.64479e-33
394 3.25869e-33
395 4.0132e-33
396 4.94006e-33
397 6.07812e-33
398 7.47482e-33
399 9.18814e-33
400 1.12888e-32
401 1.38633e-32
402 1.70169e-32
403 2.0878e-32
404 2.56031e-32
405 3.13829e-32
406 3.84495e-32
407 4.70852e-32
408 5.76336e-32
409 7.05121e-32
410 8.62282e-32
411 1.05398e-31
412 1.2877e-31
413 1.57252e-31
414 1.91945e-31
415 2.34184e-31
416 2.85587e-31
417 3.48113e-31
418 4.24135e-31
419 5.16524e-31
420 6.28752e-31
421 7.65018e-31
422 9.30398e-31
423 1.13102e-30
424 1.3743e-30
425 1.66915e-30
426 2.02638e-30
427 2.45897e-30
428 2.98261e-30
429 3.61619e-30
430 4.38247e-30
431 5.30884e-30
432 6.4283e-30
433 7.78053e-30
434 9.41327e-30
435 1.13839e-29
436 1.37614e-29
437 1.66287e-29
438 2.00853e-29
439 2.42507e-29
440 2.92684e-29
441 3.53104e-29
442 4.25834e-29
443 5.13349e-29
444 6.18616e-29
445 7.45194e-29
446 8.97345e-29
447 1.08017e-28
448 1.29979e-28
449 1.56352e-28
450 1.88013e-28
451 2.26008e-28
452 2.71594e-28
453 3.26271e-28
454 3.91832e-28
455 4.70424e-28
456 5.64612e-28
457 6.77462e-28
458 8.1264e-28
459 9.74525e-28
460 1.16835e-27
461 1.40037e-27
462 1.67805e-27
463 2.01032e-27
464 2.40783e-27
465 2.88331e-27
466 3.45196e-27
467 4.13194e-27
468 4.94492e-27
469 5.9168e-27
470 7.07848e-27
471 8.46688e-27
472 1.01261e-26
473 1.21087e-26
474 1.44777e-26
475 1.7308e-26
476 2.06893e-26
477 2.47286e-26
478 2.95539e-26
479 3.53177e-26
480 4.22026e-26
481 5.04262e-26
482 6.02489e-26
483 7.19814e-26
484 8.59951e-26
485 1.02734e-25
486 1.22727e-25
487 1.46608e-25
488 1.75134e-25
489 2.09209e-25
490 2.49913e-25
491 2.98537e-25
492 3.56624e-25
493 4.26017e-25
494 5.08919e-25
495 6.07964e-25
496 7.26296e-25
497 8.67677e-25
498 1.0366e-24
499 1.23843e-24
500 1.47958e-24
501 1.76773e-24
502 2.11202e-24
503 2.52339e-24
504 3.01493e-24
505 3.60222e-24
506 4.30392e-24
507 5.14228e-24
508 6.14389e-24
509 7.34048e-24
510 8.76991e-24
511 1.04774e-23
512 1.25168e-23
513 1.49526e-23
514 1.78614e-23
515 2.13348e-23
516 2.54817e-23
517 3.04323e-23
518 3.63414e-23
519 4.33935e-23
520 5.18084e-23
521 6.18476e-23
522 7.38225e-23
523 8.81036e-23
524 1.05131e-22
525 1.25429e-22
526 1.49621e-22
527 1.78445e-22
528 2.1278e-22
529 2.5367e-22
530 3.02352e-22
531 3.60294e-22
532 4.29239e-22
533 5.11249e-22
534 6.08771e-22
535 7.247e-22
536 8.62465e-22
537 1.02612e-21
538 1.22047e-21
539 1.45118e-21
540 1.72495e-21
541 2.0497e-21
542 2.43478e-21
543 2.8912e-21
544 3.43196e-21
545 4.0724e-21
546 4.83056e-21
547 5.7277e-21
548 6.78883e-21
549 8.04339e-21
550 9.52597e-21
551 1.12772e-20
552 1.33449e-20
553 1.5785e-20
554 1.86632e-20
555 2.20567e-20
556 2.60556e-20
557 3.07659e-20
558 3.63111e-20
559 4.28362e-20
560 5.05102e-20
561 5.95311e-20
562 7.01297e-20
563 8.25755e-20
564 9.71828e-20
565 1.14318e-19
566 1.34408e-19
567 1.57949e-19
568 1.8552e-19
569 2.17792e-19
570 2.55548e-19
571 2.99693e-19
572 3.51282e-19
573 4.11534e-19
574 4.81865e-19
575 5.63915e-19
576 6.59583e-19
577 7.71063e-19
578 9.00895e-19
579 1.05201e-18
580 1.2278e-18
581 1.43217e-18
582 1.66962e-18
583 1.94535e-18
584 2.26533e-18
585 2.63645e-18
586 3.06662e-18
587 3.56492e-18
588 4.1418e-18
589 4.80925e-18
590 5.58098e-18
591 6.47276e-18
592 7.5026e-18
593 8.69113e-18
594 1.00619e-17
595 1.1642e-17
596 1.3462e-17
597 1.55571e-17
598 1.79673e-17
599 2.07383e-17
600 2.39218e-17
601 2.75769e-17
602 3.17706e-17
603 3.65793e-17
604 4.20892e-17
605 4.83984e-17
606 5.56179e-17
607 6.38733e-17
608 7.33069e-17
609 8.40791e-17
610 9.63714e-17
611 1.10388e-16
612 1.26361e-16
613 1.44548e-16
614 1.65242e-16
615 1.88771e-16
616 2.15505e-16
617 2.45858e-16
618 2.80292e-16
619 3.19329e-16
620 3.63548e-16
621 4.136e-16
622 4.7021e-16
623 5.34188e-16
624 6.06435e-16
625 6.87954e-16
626 7.79862e-16
627 8.83398e-16
628 9.99937e-16
629 1.131e-15
630 1.27828e-15
631 1.44364e-15
632 1.62913e-15
633 1.83703e-15
634 2.06983e-15
635 2.33029e-15
636 2.62143e-15
637 2.94656e-15
638 3.30931e-15
639 3.71365e-15
640 4.16392e-15
641 4.66484e-15
642 5.22156e-15
643 5.83968e-15
644 6.52526e-15
645 7.28489e-15
646 8.12566e-15
647 9.05527e-15
648 1.0082e-14
649 1.12146e-14
650 1.24628e-14
651 1.38367e-14
652 1.53472e-14
653 1.70059e-14
654 1.88251e-14
655 2.08181e-14
656 2.29985e-14
657 2.5381e-14
658 2.79809e-14
659 3.08144e-14
660 3.38983e-14
661 3.72501e-14
662 4.08881e-14
663 4.48313e-14
664 4.9099e-14
665 5.37115e-14
666 5.86893e-14
667 6.40535e-14
668 6.98258e-14
669 7.60281e-14
670 8.26827e-14
671 8.98124e-14
672 9.74405e-14
673 1.05591e-13
674 1.14287e-13
675 1.23556e-13
676 1.33422e-13
677 1.43916e-13
678 1.55067e-13
679 1.6691e-13
680 1.79482e-13
681 1.92829e-13
682 2.07002e-13
683 2.22065e-13
684 2.38092e-13
685 2.55177e-13
686 2.73434e-13
687 2.93004e-13
688 3.14065e-13
689 3.36835e-13
690 3.61587e-13
691 3.88659e-13
692 4.18469e-13
693 4.51533e-13
694 4.88487e-13
695 5.30113e-13
696 5.77366e-13
697 6.31411e-13
698 6.93665e-13
699 7.65846e-13
700 8.50031e-13
701 9.48722e-13
702 1.06493e-12
703 1.20225e-12
704 1.36499e-12
705 1.55829e-12
706 1.78826e-12
707 2.06214e-12
708 2.38851e-12
709 2.77751e-12
710 3.24108e-12
711 3.79327e-12
712 4.45058e-12
713 5.23235e-12
714 6.1612e-12
715 7.26353e-12
716 8.57014e-12
717 1.01168e-11
718 1.19453e-11
719 1.41038e-11
720 1.66482e-11
721 1.96434e-11
722 2.3164e-11
723 2.72964e-11
724 3.21397e-11
725 3.78084e-11
726 4.44336e-11
727 5.21661e-11
728 6.11786e-11
729 7.16687e-11
730 8.38626e-11
731 9.80183e-11
732 1.14431e-10
733 1.33435e-10
734 1.55414e-10
735 1.80802e-10
736 2.10094e-10
737 2.43848e-10
738 2.82702e-10
739 3.27375e-10
740 3.78682e-10
741 4.37544e-10
742 5.05001e-10
743 5.82228e-10
744 6.70549e-10
745 7.71455e-10
746 8.86626e-10
747 1.01795e-09
748 1.16755e-09
749 1.3378e-09
750 1.53139e-09
751 1.7513e-09
752 2.00089e-09
753 2.28391e-09
754 2.60457e-09
755 2.96756e-09
756 3.37811e-09
757 3.84207e-09
758 4.36595e-09
759 4.95703e-09
760 5.62336e-09
761 6.37396e-09
762 7.2188e-09
763 8.169e-09
764 9.23687e-09
765 1.04361e-08
766 1.17818e-08
767 1.32908e-08
768 1.49817e-08
769 1.68749e-08
770 1.89934e-08
771 2.1362e-08
772 2.40086e-08
773 2.69638e-08
774 3.02613e-08
775 3.39381e-08
776 3.80353e-08
777 4.25978e-08
778 4.76751e-08
779 5.33217e-08
780 5.95974e-08
781 6.65677e-08
782 7.43046e-08
783 8.28871e-08
784 9.24015e-08
785 1.02943e-07
786 1.14614e-07
787 1.27529e-07
788 1.41811e-07
789 1.57596e-07
790 1.75032e-07
791 1.94278e-07
792 2.15513e-07
793 2.38925e-07
794 2.64725e-07
795 2.93139e-07
796 3.24415e-07
797 3.5882e-07
798 3.96646e-07
799 4.38211e-07
800 4.83858e-07
801 5.33959e-07
802 5.8892e-07
803 6.49179e-07
804 7.1521e-07
805 7.87527e-07
806 8.66684e-07
807 9.53283e-07
808 1.04797e-06
809 1.15145e-06
810 1.26448e-06
811 1.38787e-06
812 1.5225e-06
813 1.66932e-06
814 1.82934e-06
815 2.00368e-06
816 2.1935e-06
817 2.40008e-06
818 2.62478e-06
819 2.86906e-06
820 3.13451e-06
821 3.4228e-06
822 3.73574e-06
823 4.07527e-06
824 4.44346e-06
825 4.84254e-06
826 5.27488e-06
827 5.74302e-06
828 6.24968e-06
829 6.79775e-06
830 7.39033e-06
831 8.03072e-06
832 8.72244e-06
833 9.46924e-06
834 1.02751e-05
835 1.11443e-05
836 1.20814e-05
837 1.30911e-05
838 1.41786e-05
839 1.53493e-05
840 1.6609e-05
841 1.79637e-05
842 1.94201e-05
843 2.09849e-05
844 2.26654e-05
845 2.44694e-05
846 2.6405e-05
847 2.84808e-05
848 3.0706e-05
849 3.30902e-05
850 3.56435e-05
851 3.83767e-05
852 4.1301e-05
853 4.44285e-05
854 4.77717e-05
855 5.13438e-05
856 5.51586e-05
857 5.92309e-05
858 6.35761e-05
859 6.82102e-05
860 7.31502e-05
861 7.84139e-05
862 8.40199e-05
863 8.99879e-05
864 9.63382e-05
865 0.000103092
866 0.000110273
867 0.000117902
868 0.000126006
869 0.00013461
870 0.00014374
871 0.000153424
872 0.000163691
873 0.000174572
874 0.000186097
875 0.000198299
876 0.000211214
877 0.000224874
878 0.000239319
879 0.000254584
880 0.000270711
881 0.000287739
882 0.000305712
883 0.000324673
884 0.000344667
885 0.000365741
886 0.000387944
887 0.000411325
888 0.000435936
889 0.00046183
890 0.000489062
891 0.000517687
892 0.000547765
893 0.000579353
894 0.000612514
895 0.00064731
896 0.000683804
897 0.000722063
898 0.000762153
899 0.000804145
900 0.000848107
901 0.000894112
902 0.000942232
903 0.000992543
904 0.00104512
905 0.00110004
906 0.00115738
907 0.00121722
908 0.00127965
909 0.00134474
910 0.00141257
911 0.00148324
912 0.00155682
913 0.0016334
914 0.00171306
915 0.0017959
916 0.00188199
917 0.00197143
918 0.00206431
919 0.0021607
920 0.0022607
921 0.00236439
922 0.00247186
923 0.00258319
924 0.00269848
925 0.0028178
926 0.00294123
927 0.00306887
928 0.00320079
929 0.00333706
930 0.00347777
931 0.00362299
932 0.0037728
933 0.00392726
934 0.00408644
935 0.00425041
936 0.00441923
937 0.00459295
938 0.00477164
939 0.00495535
940 0.00514411
941 0.00533799
942 0.00553701
943 0.00574121
944 0.00595062
945 0.00616527
946 0.00638517
947 0.00661034
948 0.00684078
949 0.00707651
950 0.00731751
951 0.00756378
952 0.0078153
953 0.00807205
954 0.00833399
955 0.0086011
956 0.00887331
957 0.00915059
958 0.00943288
959 0.0097201
960 0.0100122
961 0.0103091
962 0.0106106
963 0.0109167
964 0.0112274
965 0.0115424
966 0.0118616
967 0.0121849
968 0.0125123
969 0.0128434
970 0.0131782
971 0.0135165
972 0.0138581
973 0.0142028
974 0.0145505
975 0.014901
976 0.015254
977 0.0156093
978 0.0159667
979 0.016326
980 0.0166869
981 0.0170492
982 0.0174127
983 0.017777
984 0.0181419
985 0.0185072
986 0.0188725
987 0.0192376
988 0.0196022
989 0.019966
990 0.0203287
991 0.02069
992 0.0210496
993 0.0214072
994 0.0217624
995 0.022115
996 0.0224646
997 0.0228109
998 0.0231536
999 0.0234924
1000 0.023827
1001 0.024157
1002 0.0244821
1003 0.024802
1004 0.0251163
1005 0.0254249
1006 0.0257273
1007 0.0260232
1008 0.0263124
1009 0.0265945
1010 0.0268693
1011 0.0271364
1012 0.0273956
1013 0.0276465
1014 0.027889
1015 0.0281228
1016 0.0283476
1017 0.0285631
1018 0.0287692
1019 0.0289655
1020 0.029152
1021 0.0293283
1022 0.0294942
1023 0.0296497
1024 0.0297945
1025 0.0299283
1026 0.0300512
1027 0.030163
1028 0.0302634
1029 0.0303525
1030 0.03043
1031 0.030496
1032 0.0305503
1033 0.0305928
1034 0.0306236
1035 0.0306426
1036 0.0306497
1037 0.030645
1038 0.0306285
1039 0.0306001
1040 0.0305599
1041 0.030508
1042 0.0304444
1043 0.0303692
1044 0.0302825
1045 0.0301843
1046 0.0300748
1047 0.0299542
1048 0.0298225
1049 0.0296799
1050 0.0295265
1051 0.0293626
1052 0.0291883
1053 0.0290038
1054 0.0288094
1055 0.0286052
1056 0.0283914
1057 0.0281683
1058 0.0279362
1059 0.0276953
1060 0.0274459
1061 0.0271882
1062 0.0269224
1063 0.026649
1064 0.0263681
1065 0.0260802
1066 0.0257853
1067 0.025484
1068 0.0251764
1069 0.024863
1070 0.0245439
1071 0.0242195
1072 0.0238902
1073 0.0235563
1074 0.0232181
1075 0.0228758
1076 0.0225299
1077 0.0221806
1078 0.0218283
1079 0.0214733
1080 0.0211159
1081 0.0207564
1082 0.0203952
1083 0.0200324
1084 0.0196686
1085 0.0193038
1086 0.0189385
1087 0.018573
1088 0.0182074
1089 0.0178422
1090 0.0174775
1091 0.0171136
1092 0.0167509
1093 0.0163894
1094 0.0160296
1095 0.0156717
1096 0.0153158
1097 0.0149622
1098 0.0146111
1099 0.0142627
1100 0.0139173
1101 0.013575
1102 0.013236
1103 0.0129004
1104 0.0125685
1105 0.0122405
1106 0.0119163
1107 0.0115963
1108 0.0112806
1109 0.0109691
1110 0.0106622
1111 0.0103598
1112 0.0100622
1113 0.0097693
1114 0.00948128
1115 0.0091982
1116 0.00892013
1117 0.00864712
1118 0.00837924
1119 0.00811653
1120 0.00785902
1121 0.00760674
1122 0.00735972
1123 0.00711798
1124 0.00688153
1125 0.00665036
1126 0.00642449
1127 0.00620389
1128 0.00598856
1129 0.00577847
1130 0.00557361
1131 0.00537394
1132 0.00517943
1133 0.00499004
1134 0.00480572
1135 0.00462643
1136 0.00445211
1137 0.00428271
1138 0.00411817
1139 0.00395843
1140 0.00380343
1141 0.00365308
1142 0.00350733
1143 0.00336611
1144 0.00322932
1145 0.00309691
1146 0.00296878
1147 0.00284486
1148 0.00272507
1149 0.00260932
1150 0.00249753
1151 0.00238961
1152 0.00228547
1153 0.00218504
1154 0.00208821
1155 0.00199492
1156 0.00190506
1157 0.00181855
1158 0.0017353
1159 0.00165523
1160 0.00157825
1161 0.00150428
1162 0.00143322
1163 0.001365
1164 0.00129952
1165 0.00123672
1166 0.0011765
1167 0.00111878
1168 0.00106349
1169 0.00101055
1170 0.000959871
1171 0.000911389
1172 0.000865025
1173 0.000820706
1174 0.000778361
1175 0.00073792
1176 0.000699313
1177 0.000662473
1178 0.000627335
1179 0.000593834
1180 0.000561908
1181 0.000531497
1182 0.00050254
1183 0.00047498
1184 0.00044876
1185 0.000423827
1186 0.000400127
1187 0.000377609
1188 0.000356223
1189 0.00033592
1190 0.000316655
1191 0.000298381
1192 0.000281055
1193 0.000264635
1194 0.00024908
1195 0.00023435
1196 0.000220408
1197 0.000207217
1198 0.000194742
1199 0.000182949
1200 0.000171804
1201 0.000161278
1202 0.00015134
1203 0.00014196
1204 0.000133112
1205 0.000124768
1206 0.000116902
1207 0.000109492
1208 0.000102512
1209 9.59418e-05
1210 8.97586e-05
1211 8.39422e-05
1212 7.84733e-05
1213 7.3333e-05
1214 6.85038e-05
1215 6.39686e-05
1216 5.97112e-05
1217 5.57162e-05
1218 5.1969e-05
1219 4.84557e-05
1220 4.5163e-05
1221 4.20783e-05
1222 3.91896e-05
1223 3.64856e-05
1224 3.39555e-05
1225 3.1589e-05
1226 2.93765e-05
1227 2.73087e-05
1228 2.5377e-05
1229 2.35732e-05
1230 2.18894e-05
1231 2.03184e-05
1232 1.8853e-05
1233 1.74869e-05
1234 1.62137e-05
1235 1.50276e-05
1236 1.39231e-05
1237 1.28951e-05
1238 1.19384e-05
1239 1.10487e-05
1240 1.02215e-05
1241 9.45271e-06
1242 8.73851e-06
1243 8.07529e-06
1244 7.45964e-06
1245 6.88838e-06
1246 6.35853e-06
1247 5.86726e-06
1248 5.41195e-06
1249 4.99014e-06
1250 4.5995e-06
1251 4.23789e-06
1252 3.90327e-06
1253 3.59374e-06
1254 3.30755e-06
1255 3.04303e-06
1256 2.79864e-06
1257 2.57293e-06
1258 2.36455e-06
1259 2.17226e-06
1260 1.99487e-06
1261 1.8313e-06
1262 1.68053e-06
1263 1.5416e-06
1264 1.41364e-06
1265 1.29583e-06
1266 1.18741e-06
1267 1.08766e-06
1268 9.95925e-07
1269 9.11596e-07
1270 8.34104e-07
1271 7.62921e-07
1272 6.97559e-07
1273 6.37565e-07
1274 5.8252e-07
1275 5.32033e-07
1276 4.85746e-07
1277 4.43325e-07
1278 4.04462e-07
1279 3.68872e-07
1280 3.36292e-07
1281 3.06478e-07
1282 2.79207e-07
1283 2.5427e-07
1284 2.31477e-07
1285 2.10651e-07
1286 1.9163e-07
1287 1.74263e-07
1288 1.58413e-07
1289 1.43952e-07
1290 1.30765e-07
1291 1.18743e-07
1292 1.07787e-07
1293 9.78071e-08
1294 8.87192e-08
1295 8.04469e-08
1296 7.29196e-08
1297 6.60729e-08
1298 5.98476e-08
1299 5.41894e-08
1300 4.90486e-08
1301 4.43795e-08
1302 4.01405e-08
1303 3.62934e-08
1304 3.28033e-08
1305 2.96382e-08
1306 2.67689e-08
1307 2.41687e-08
1308 2.18133e-08
1309 1.96805e-08
1310 1.77498e-08
1311 1.60028e-08
1312 1.44226e-08
1313 1.29938e-08
1314 1.17024e-08
1315 1.05356e-08
1316 9.48171e-09
1317 8.53022e-09
1318 7.67148e-09
1319 6.89673e-09
1320 6.19802e-09
1321 5.56811e-09
1322 5.00044e-09
1323 4.48905e-09
1324 4.02852e-09
1325 3.61396e-09
1326 3.2409e-09
1327 2.90532e-09
1328 2.60356e-09
1329 2.33231e-09
1330 2.08859e-09
1331 1.86966e-09
1332 1.67309e-09
1333 1.49666e-09
1334 1.33835e-09
1335 1.19637e-09
1336 1.06907e-09
1337 9.54973e-10
1338 8.52752e-10
1339 7.61203e-10
1340 6.79241e-10
1341 6.05889e-10
1342 5.40267e-10
1343 4.81581e-10
1344 4.29118e-10
1345 3.82235e-10
1346 3.40353e-10
1347 3.02952e-10
1348 2.69566e-10
1349 2.39774e-10
1350 2.13199e-10
1351 1.89502e-10
1352 1.68379e-10
1353 1.49558e-10
1354 1.32793e-10
1355 1.17866e-10
1356 1.04579e-10
1357 9.27577e-11
1358 8.22432e-11
1359 7.28947e-11
1360 6.45859e-11
1361 5.72039e-11
1362 5.06476e-11
1363 4.48269e-11
1364 3.9661e-11
1365 3.5078e-11
1366 3.10135e-11
1367 2.74103e-11
1368 2.42171e-11
1369 2.13883e-11
1370 1.88832e-11
1371 1.66656e-11
1372 1.47032e-11
1373 1.29673e-11
1374 1.14322e-11
1375 1.00753e-11
1376 8.87629e-12
1377 7.81719e-12
1378 6.88201e-12
1379 6.05655e-12
1380 5.3282e-12
1381 4.68578e-12
1382 4.11934e-12
1383 3.62009e-12
1384 3.18022e-12
1385 2.7928e-12
1386 2.4517e-12
1387 2.1515e-12
1388 1.88738e-12
1389 1.6551e-12
1390 1.45089e-12
1391 1.27142e-12
1392 1.11375e-12
1393 9.7529e-13
1394 8.53737e-13
1395 7.47068e-13
1396 6.53494e-13
1397 5.71436e-13
1398 4.99504e-13
1399 4.36472e-13
1400 3.81258e-13
1401 3.32909e-13
1402 2.90589e-13
1403 2.53558e-13
1404 2.21167e-13
1405 1.92845e-13
1406 1.6809e-13
1407 1.46461e-13
1408 1.27569e-13
1409 1.11075e-13
1410 9.66786e-14
1411 8.41184e-14
1412 7.31639e-14
1413 6.36134e-14
1414 5.52899e-14
1415 4.80383e-14
1416 4.1723e-14
1417 3.62251e-14
1418 3.14405e-14
1419 2.72781e-14
1420 2.36584e-14
1421 2.05117e-14
1422 1.77772e-14
1423 1.54018e-14
1424 1.33391e-14
1425 1.15485e-14
1426 9.9948e-15
1427 8.64703e-15
1428 7.47836e-15
1429 6.46536e-15
1430 5.58759e-15
1431 4.82729e-15
1432 4.16898e-15
1433 3.59917e-15
1434 3.10615e-15
1435 2.67971e-15
1436 2.31101e-15
1437 1.99234e-15
1438 1.71701e-15
1439 1.47921e-15
1440 1.27389e-15
1441 1.09669e-15
1442 9.43812e-16
1443 8.11958e-16
1444 6.98282e-16
1445 6.00311e-16
1446 5.15905e-16
1447 4.43214e-16
1448 3.80632e-16
1449 3.26774e-16
1450 2.80439e-16
1451 2.40591e-16
1452 2.06334e-16
1453 1.76893e-16
1454 1.51601e-16
1455 1.29881e-16
1456 1.11234e-16
1457 9.52319e-17
1458 8.15038e-17
1459 6.97309e-17
1460 5.96381e-17
1461 5.09889e-17
1462 4.35792e-17
1463 3.72336e-17
1464 3.18013e-17
1465 2.71524e-17
1466 2.31752e-17
1467 1.9774e-17
1468 1.68663e-17
1469 1.43813e-17
1470 1.22584e-17
1471 1.04453e-17
1472 8.89746e-18
1473 7.57646e-18
1474 6.44946e-18
1475 5.48828e-18
1476 4.66881e-18
1477 3.9704e-18
1478 3.37535e-18
1479 2.86855e-18
1480 2.43704e-18
1481 2.06978e-18
1482 1.75729e-18
1483 1.4915e-18
1484 1.2655e-18
1485 1.07339e-18
1486 9.10163e-19
1487 7.71507e-19
1488 6.53766e-19
1489 5.53817e-19
1490 4.69e-19
1491 3.97047e-19
1492 3.36027e-19
1493 2.84296e-19
1494 2.40453e-19
1495 2.03308e-19
1496 1.71848e-19
1497 1.45211e-19
1498 1.22664e-19
1499 1.03587e-19
1500 8.74493e-20
1501 7.38033e-20
1502 6.22677e-20
1503 5.25191e-20
1504 4.42832e-20
1505 3.73276e-20
1506 3.14551e-20
1507 2.64984e-20
1508 2.23161e-20
1509 1.87884e-20
1510 1.58135e-20
1511 1.33058e-20
1512 1.11924e-20
1513 9.41187e-21
1514 7.91229e-21
1515 6.64968e-21
1516 5.58692e-21
1517 4.69264e-21
1518 3.94035e-21
1519 3.30771e-21
1520 2.77584e-21
1521 2.32882e-21
1522 1.95322e-21
1523 1.63773e-21
1524 1.37281e-21
1525 1.15041e-21
1526 9.63763e-22
1527 8.0717e-22
1528 6.75829e-22
1529 5.65699e-22
1530 4.73381e-22
1531 3.96017e-22
1532 3.31203e-22
1533 2.76919e-22
1534 2.31467e-22
1535 1.93421e-22
1536 1.61583e-22
1537 1.34948e-22
1538 1.12672e-22
1539 9.40471e-23
1540 7.84789e-23
1541 6.54695e-23
1542 5.46015e-23
1543 4.55249e-23
1544 3.79465e-23
1545 3.16209e-23
1546 2.63425e-23
1547 2.1939e-23
1548 1.82666e-23
1549 1.52047e-23
1550 1.26525e-23
1551 1.05257e-23
1552 8.75404e-24
1553 7.27854e-24
1554 6.05004e-24
1555 5.02749e-24
1556 4.17659e-24
1557 3.46874e-24
1558 2.88005e-24
1559 2.39059e-24
1560 1.98376e-24
1561 1.6457e-24
1562 1.36487e-24
1563 1.13163e-24
1564 9.37992e-25
1565 7.77265e-25
1566 6.43895e-25
1567 5.33258e-25
1568 4.41505e-25
1569 3.65434e-25
1570 3.02383e-25
1571 2.50139e-25
1572 2.06861e-25
1573 1.71022e-25
1574 1.4135e-25
1575 1.16793e-25
1576 9.64734e-26
1577 7.96658e-26
1578 6.57671e-26
1579 5.42771e-26
1580 4.47812e-26
1581 3.69357e-26
1582 3.04555e-26
1583 2.51048e-26
1584 2.06879e-26
1585 1.70429e-26
1586 1.40359e-26
1587 1.15559e-26
1588 9.51125e-27
1589 7.82594e-27
1590 6.43727e-27
1591 5.29337e-27
1592 4.35139e-27
1593 3.57593e-27
1594 2.93775e-27
1595 2.4127e-27
1596 1.98087e-27
1597 1.62581e-27
1598 1.33397e-27
1599 1.09417e-27
1600 8.97188e-28
1601 7.35432e-28
1602 6.02645e-28
1603 4.93674e-28
1604 4.04275e-28
1605 3.30958e-28
1606 2.70848e-28
1607 2.21582e-28
1608 1.81218e-28
1609 1.48158e-28
1610 1.21088e-28
1611 9.89313e-29
1612 8.08017e-29
1613 6.59722e-29
1614 5.38461e-29
1615 4.3934e-29
1616 3.58343e-29
1617 2.92179e-29
1618 2.38149e-29
1619 1.94044e-29
1620 1.58052e-29
1621 1.28692e-29
1622 1.04749e-29
1623 8.52312e-30
1624 6.93257e-30
1625 5.63685e-30
1626 4.5817e-30
1627 3.72274e-30
1628 3.02374e-30
1629 2.45511e-30
1630 1.99271e-30
1631 1.61681e-30
1632 1.31135e-30
1633 1.06322e-30
1634 8.61726e-31
1635 6.98166e-31
1636 5.65444e-31
1637 4.57785e-31
1638 3.70489e-31
1639 2.9973e-31
1640 2.42395e-31
1641 1.95956e-31
1642 1.58355e-31
1643 1.27922e-31
1644 1.03299e-31
1645 8.33847e-32
1646 6.72843e-32
1647 5.42723e-32
1648 4.37603e-32
1649 3.52711e-32
1650 2.8418e-32
1651 2.28878e-32
1652 1.84268e-32
1653 1.48296e-32
1654 1.19302e-32
1655 9.59393e-33
1656 7.71224e-33
1657 6.19725e-33
1658 4.97795e-33
1659 3.99701e-33
1660 3.20814e-33
1661 2.57397e-33
1662 2.06436e-33
1663 1.655e-33
1664 1.32631e-33
1665 1.06248e-33
1666 8.50804e-34
1667 6.81033e-34
1668 5.44926e-34
1669 4.35849e-34
1670 3.4847e-34
1671 2.785e-34
1672 2.22491e-34
1673 1.77677e-34
1674 1.41833e-34
1675 1.13175e-34
1676 9.02725e-35
1677 7.19759e-35
1678 5.73649e-35
1679 4.57019e-35
1680 3.63956e-35
1681 2.89729e-35
1682 2.30548e-35
1683 1.83382e-35
1684 1.45808e-35
1685 1.15886e-35
1686 9.20674e-36
1687 7.31153e-36
1688 5.80412e-36
1689 4.60564e-36
1690 3.65317e-36
1691 2.89651e-36
1692 2.29565e-36
1693 1.8187e-36
1694 1.44026e-36
1695 1.14011e-36
1696 9.02145e-37
1697 7.13561e-37
1698 5.6417e-37
1699 4.45875e-37
1700 3.52241e-37
1701 2.78158e-37
1702 2.19567e-37
1703 1.73247e-37
1704 1.36643e-37
1705 1.07729e-37
1706 8.48989e-38
1707 6.68797e-38
1708 5.26635e-38
1709 4.14523e-38
1710 3.26144e-38
1711 2.56504e-38
1712 2.01651e-38
1713 1.58464e-38
1714 1.24475e-38
1715 9.77364e-39
1716 7.67102e-39
1717 6.01827e-39
1718 4.71969e-39
1719 3.69978e-39
1720 2.89909e-39
1721 2.27074e-39
1722 1.77786e-39
1723 1.39139e-39
1724 1.08848e-39
1725 8.51165e-40
1726 6.65317e-40
1727 5.19835e-40
1728 4.05998e-40
1729 3.16959e-40
1730 2.47346e-40
1731 1.92942e-40
1732 1.50442e-40
1733 1.17256e-40
1734 9.13522e-41
1735 7.11419e-41
1736 5.538e-41
1737 4.30924e-41
1738 3.35174e-41
1739 2.60591e-41
1740 2.02521e-41
1741 1.57327e-41
1742 1.22167e-41
1743 9.48259e-42
1744 7.35733e-42
1745 5.70603e-42
1746 4.42352e-42
1747 3.42786e-42
1748 2.65521e-42
1749 2.05586e-42
1750 1.59115e-42
1751 1.23097e-42
1752 9.51927e-43
1753 7.35836e-43
1754 5.68563e-43
1755 4.39133e-43
1756 3.39027e-43
1757 2.61633e-43
1758 2.01823e-43
1759 1.55621e-43
1760 1.19947e-43
1761 9.24117e-44
1762 7.11682e-44
1763 5.47854e-44
1764 4.21565e-44
1765 3.24253e-44
1766 2.493e-44
1767 1.91594e-44
1768 1.47184e-44
1769 1.13021e-44
1770 8.67521e-45
1771 6.6561e-45
1772 5.1048e-45
1773 3.91344e-45
1774 2.99887e-45
1775 2.29708e-45
1776 1.7588e-45
1777 1.34609e-45
1778 1.0298e-45
1779 7.87505e-46
1780 6.01967e-46
1781 4.59951e-46
1782 3.51294e-46
1783 2.68194e-46
1784 2.04667e-46
1785 1.56123e-46
1786 1.19043e-46
1787 9.07327e-47
1788 6.91261e-47
1789 5.2643e-47
1790 4.00736e-47
1791 3.04928e-47
1792 2.31929e-47
1793 1.76333e-47
1794 1.34008e-47
1795 1.018e-47
1796 7.73013e-48
1797 5.86738e-48
1798 4.45166e-48
1799 3.37614e-48
1800 2.5594e-48
1801 1.93943e-48
1802 1.46904e-48
1803 1.11227e-48
1804 8.41798e-49
1805 6.36832e-49
1806 4.81574e-49
1807 3.64016e-49
1808 2.75041e-49
1809 2.07728e-49
1810 1.56824e-49
1811 1.18345e-49
1812 8.92705e-50
1813 6.73109e-50
1814 5.07322e-50
1815 3.82209e-50
1816 2.87832e-50
1817 2.16669e-50
1818 1.63033e-50
1819 1.22623e-50
1820 9.21917e-51
1821 6.92836e-51
1822 5.20462e-51
1823 3.90812e-51
1824 2.93337e-51
1825 2.20083e-51
1826 1.65054e-51
1827 1.23733e-51
1828 9.2718e-52
1829 6.94487e-52
1830 5.19977e-52
1831 3.89157e-52
1832 2.91129e-52
1833 2.17704e-52
1834 1.6273e-52
1835 1.21588e-52
1836 9.08095e-53
1837 6.77943e-53
1838 5.05913e-53
1839 3.7738e-53
1840 2.81386e-53
1841 2.09723e-53
1842 1.56246e-53
1843 1.16358e-53
1844 8.66163e-54
1845 6.44503e-54
1846 4.7937e-54
1847 3.56399e-54
1848 2.64865e-54
1849 1.96757e-54
1850 1.46103e-54
1851 1.08444e-54
1852 8.04593e-55
1853 5.96713e-55
1854 4.4236e-55
1855 3.27798e-55
1856 2.42805e-55
1857 1.79775e-55
1858 1.33052e-55
1859 9.84316e-56
1860 7.27895e-56
1861 5.3805e-56
1862 3.97556e-56
1863 2.93626e-56
1864 2.16776e-56
1865 1.59973e-56
1866 1.18007e-56
1867 8.70131e-57
1868 6.41334e-57
1869 4.72503e-57
1870 3.47973e-57
1871 2.56158e-57
1872 1.88491e-57
1873 1.38642e-57
1874 1.01934e-57
1875 7.49144e-58
1876 5.50341e-58
1877 4.04128e-58
1878 2.96639e-58
1879 2.17649e-58
1880 1.59627e-58
1881 1.17025e-58
1882 8.57572e-59
1883 6.2818e-59
1884 4.59958e-59
1885 3.36646e-59
1886 2.46292e-59
1887 1.80114e-59
1888 1.31664e-59
1889 9.62069e-60
1890 7.02696e-60
1891 5.13038e-60
1892 3.74414e-60
1893 2.73135e-60
1894 1.99169e-60
1895 1.45174e-60
1896 1.05774e-60
1897 7.70347e-61
1898 5.60812e-61
1899 4.08102e-61
1900 2.96853e-61
1901 2.15842e-61
1902 1.56874e-61
1903 1.1397e-61
1904 8.27651e-62
1905 6.00796e-62
1906 4.35942e-62
1907 3.16192e-62
1908 2.29242e-62
1909 1.66135e-62
1910 1.2035e-62
1911 8.71475e-63
1912 6.3079e-63
1913 4.5639e-63
1914 3.30072e-63
1915 2.38618e-63
1916 1.72432e-63
1917 1.24553e-63
1918 8.99321e-64
1919 6.49075e-64
1920 4.68271e-64
1921 3.37692e-64
1922 2.43425e-64
1923 1.75401e-64
1924 1.26334e-64
1925 9.09561e-65
1926 6.54581e-65
1927 4.70887e-65
1928 3.38604e-65
1929 2.43382e-65
1930 1.74867e-65
1931 1.25588e-65
1932 9.01594e-66
1933 6.46986e-66
1934 4.64088e-66
1935 3.32758e-66
1936 2.38494e-66
1937 1.70863e-66
1938 1.22361e-66
1939 8.75906e-67
1940 6.2675e-67
1941 4.48284e-67
1942 3.20504e-67
1943 2.29053e-67
1944 1.63629e-67
1945 1.16844e-67
1946 8.34019e-68
1947 5.95068e-68
1948 4.24403e-68
1949 3.02561e-68
1950 2.15611e-68
1951 1.53585e-68
1952 1.09358e-68
1953 7.78344e-69
1954 5.53753e-69
1955 3.93807e-69
1956 2.79945e-69
1957 1.98922e-69
1958 1.41292e-69
1959 1.00316e-69
1960 7.1195e-70
1961 5.05067e-70
1962 3.58155e-70
1963 2.53872e-70
1964 1.79879e-70
1965 1.274e-70
1966 9.01945e-71
1967 6.38283e-71
1968 4.51511e-71
1969 3.19261e-71
1970 2.25655e-71
1971 1.59429e-71
1972 1.12593e-71
1973 7.94838e-72
1974 5.60877e-72
1975 3.95621e-72
1976 2.78941e-72
1977 1.96594e-72
1978 1.38499e-72
1979 9.75324e-73
1980 6.8655e-73
1981 4.83079e-73
1982 3.39771e-73
1983 2.38878e-73
1984 1.67877e-73
1985 1.1793e-73
1986 8.28102e-74
1987 5.81252e-74
1988 4.07819e-74
1989 2.86018e-74
1990 2.00513e-74
1991 1.40512e-74
1992 9.84251e-75
1993 6.89163e-75
1994 4.82348e-75
1995 3.37459e-75
1996 2.35996e-75
1997 1.64972e-75
1998 1.15276e-75
1999 8.05178e-76
2000 5.62168e-76
2001 3.92341e-76
2002 2.73705e-76
2003 1.90864e-76
2004 1.33042e-76
2005 9.26996e-77
2006 6.45637e-77
2007 4.49492e-77
2008 3.12808e-77
2009 2.17599e-77
2010 1.51307e-77
2011 1.05168e-77
2012 7.30685e-78
2013 5.07458e-78
2014 3.52285e-78
2015 2.44461e-78
2016 1.6957e-78
2017 1.17574e-78
2018 8.14891e-79
2019 5.64561e-79
2020 3.90973e-79
2021 2.7065e-79
2022 1.87282e-79
2023 1.29543e-79
2024 8.95698e-80
2025 6.19078e-80
2026 4.2773e-80
2027 2.95423e-80
2028 2.03977e-80
2029 1.40798e-80
2030 9.71663e-81
2031 6.7047e-81
2032 4.62637e-81
2033 3.19287e-81
2034 2.20453e-81
2035 1.52341e-81
2036 1.05421e-81
2037 7.3115e-82
2038 5.0882e-82
2039 3.55905e-82
2040 2.50815e-82
2041 1.78677e-82
2042 1.29261e-82
2043 9.55393e-83
2044 7.27083e-83
2045 5.75072e-83
2046 4.77612e-83
2047 4.20733e-83
