0 1.2032e-28
1 1.01139e-28
2 8.50419e-29
3 7.16437e-29
4 6.06375e-29
5 5.17913e-29
6 4.48774e-29
7 3.97425e-29
8 3.62673e-29
9 3.43531e-29
10 3.39498e-29
11 3.50381e-29
12 3.76243e-29
13 4.1751e-29
14 4.74852e-29
15 5.49351e-29
16 6.42451e-29
17 7.5603e-29
18 8.92099e-29
19 1.05343e-28
20 1.24335e-28
21 1.46518e-28
22 1.72378e-28
23 2.02393e-28
24 2.37134e-28
25 2.77354e-28
26 3.23779e-28
27 3.77323e-28
28 4.39067e-28
29 5.10146e-28
30 5.92025e-28
31 6.86246e-28
32 7.94596e-28
33 9.19277e-28
34 1.0626e-27
35 1.22733e-27
36 1.41661e-27
37 1.63411e-27
38 1.88383e-27
39 2.17054e-27
40 2.4999e-27
41 2.87784e-27
42 3.31147e-27
43 3.80911e-27
44 4.37995e-27
45 5.03448e-27
46 5.78522e-27
47 6.64563e-27
48 7.63165e-27
49 8.76205e-27
50 1.00567e-26
51 1.15398e-26
52 1.32379e-26
53 1.51821e-26
54 1.74085e-26
55 1.99559e-26
56 2.28712e-26
57 2.62054e-26
58 3.00185e-26
59 3.43803e-26
60 3.93667e-26
61 4.50674e-26
62 5.15794e-26
63 5.90199e-26
64 6.75226e-26
65 7.72304e-26
66 8.83167e-26
67 1.00974e-25
68 1.15418e-25
69 1.319e-25
70 1.50707e-25
71 1.72158e-25
72 1.96621e-25
73 2.24513e-25
74 2.56306e-25
75 2.92545e-25
76 3.33837e-25
77 3.80874e-25
78 4.34455e-25
79 4.95465e-25
80 5.64918e-25
81 6.43991e-25
82 7.33971e-25
83 8.36346e-25
84 9.52805e-25
85 1.08524e-24
86 1.23586e-24
87 1.40707e-24
88 1.60165e-24
89 1.82279e-24
90 2.07402e-24
91 2.35938e-24
92 2.68345e-24
93 3.0514e-24
94 3.46908e-24
95 3.94311e-24
96 4.48098e-24
97 5.09117e-24
98 5.78321e-24
99 6.56798e-24
100 7.45775e-24
101 8.46626e-24
102 9.60911e-24
103 1.0904e-23
104 1.23709e-23
105 1.40321e-23
106 1.59131e-23
107 1.80426e-23
108 2.04528e-23
109 2.31802e-23
110 2.62658e-23
111 2.97561e-23
112 3.3703e-23
113 3.81659e-23
114 4.32107e-23
115 4.89122e-23
116 5.53549e-23
117 6.26329e-23
118 7.08535e-23
119 8.01365e-23
120 9.06171e-23
121 1.02447e-22
122 1.15798e-22
123 1.30863e-22
124 1.47856e-22
125 1.67022e-22
126 1.88634e-22
127 2.12998e-22
128 2.4046e-22
129 2.71407e-22
130 3.06273e-22
131 3.45548e-22
132 3.89779e-22
133 4.39582e-22
134 4.95646e-22
135 5.58745e-22
136 6.29748e-22
137 7.09628e-22
138 7.99475e-22
139 9.00513e-22
140 1.01411e-21
141 1.1418e-21
142 1.28531e-21
143 1.44655e-21
144 1.62769e-21
145 1.83112e-21
146 2.05956e-21
147 2.31603e-21
148 2.60389e-21
149 2.92692e-21
150 3.28935e-21
151 3.6959e-21
152 4.15184e-21
153 4.66306e-21
154 5.23615e-21
155 5.87847e-21
156 6.59822e-21
157 7.40458e-21
158 8.30777e-21
159 9.31921e-21
160 1.04517e-20
161 1.17193e-20
162 1.3138e-20
163 1.47255e-20
164 1.65014e-20
165 1.84876e-20
166 2.07088e-20
167 2.3192e-20
168 2.59678e-20
169 2.90699e-20
170 3.25359e-20
171 3.64077e-20
172 4.0732e-20
173 4.55607e-20
174 5.09515e-20
175 5.69685e-20
176 6.36832e-20
177 7.11749e-20
178 7.95318e-20
179 8.88518e-20
180 9.92439e-20
181 1.10829e-19
182 1.23741e-19
183 1.38129e-19
184 1.5416e-19
185 1.72015e-19
186 1.919e-19
187 2.14039e-19
188 2.38684e-19
189 2.66113e-19
190 2.96633e-19
191 3.30586e-19
192 3.6835e-19
193 4.10344e-19
194 4.57031e-19
195 5.08927e-19
196 5.66599e-19
197 6.30678e-19
198 7.0186e-19
199 7.80916e-19
200 8.68698e-19
201 9.66151e-19
202 1.07432e-18
203 1.19434e-18
204 1.32751e-18
205 1.47523e-18
206 1.63904e-18
207 1.82067e-18
208 2.02202e-18
209 2.24518e-18
210 2.49245e-18
211 2.7664e-18
212 3.06983e-18
213 3.40585e-18
214 3.77789e-18
215 4.18971e-18
216 4.64548e-18
217 5.1498e-18
218 5.70771e-18
219 6.32478e-18
220 7.00715e-18
221 7.76158e-18
222 8.59551e-18
223 9.51712e-18
224 1.05354e-17
225 1.16604e-17
226 1.29028e-17
227 1.42748e-17
228 1.57895e-17
229 1.74615e-17
230 1.93066e-17
231 2.13424e-17
232 2.35881e-17
233 2.6065e-17
234 2.87962e-17
235 3.18071e-17
236 3.51259e-17
237 3.87831e-17
238 4.28125e-17
239 4.72511e-17
240 5.21393e-17
241 5.75217e-17
242 6.34469e-17
243 6.99684e-17
244 7.71445e-17
245 8.50395e-17
246 9.37235e-17
247 1.03273e-16
248 1.13773e-16
249 1.25315e-16
250 1.38e-16
251 1.51938e-16
252 1.67249e-16
253 1.84067e-16
254 2.02534e-16
255 2.22808e-16
256 2.45062e-16
257 2.69484e-16
258 2.96279e-16
259 3.25673e-16
260 3.57909e-16
261 3.93257e-16
262 4.32008e-16
263 4.74482e-16
264 5.21025e-16
265 5.72019e-16
266 6.27877e-16
267 6.8905e-16
268 7.56031e-16
269 8.29357e-16
270 9.09611e-16
271 9.97432e-16
272 1.09351e-15
273 1.19861e-15
274 1.31355e-15
275 1.43922e-15
276 1.5766e-15
277 1.72676e-15
278 1.89084e-15
279 2.0701e-15
280 2.26591e-15
281 2.47975e-15
282 2.71325e-15
283 2.96814e-15
284 3.24634e-15
285 3.54992e-15
286 3.88112e-15
287 4.24239e-15
288 4.63638e-15
289 5.06596e-15
290 5.53425e-15
291 6.04465e-15
292 6.60081e-15
293 7.20673e-15
294 7.86671e-15
295 8.58543e-15
296 9.36796e-15
297 1.02198e-14
298 1.11469e-14
299 1.21556e-14
300 1.3253e-14
301 1.44466e-14
302 1.57445e-14
303 1.71556e-14
304 1.86894e-14
305 2.03562e-14
306 2.21672e-14
307 2.41345e-14
308 2.6271e-14
309 2.85909e-14
310 3.11094e-14
311 3.38429e-14
312 3.68091e-14
313 4.00271e-14
314 4.35177e-14
315 4.7303e-14
316 5.14073e-14
317 5.58563e-14
318 6.06781e-14
319 6.59028e-14
320 7.1563e-14
321 7.76937e-14
322 8.43326e-14
323 9.15205e-14
324 9.93012e-14
325 1.07722e-13
326 1.16833e-13
327 1.2669e-13
328 1.37352e-13
329 1.48881e-13
330 1.61346e-13
331 1.74821e-13
332 1.89384e-13
333 2.0512e-13
334 2.22121e-13
335 2.40484e-13
336 2.60315e-13
337 2.81726e-13
338 3.0484e-13
339 3.29788e-13
340 3.56708e-13
341 3.85752e-13
342 4.17081e-13
343 4.50869e-13
344 4.873e-13
345 5.26574e-13
346 5.68906e-13
347 6.14522e-13
348 6.6367e-13
349 7.16611e-13
350 7.73627e-13
351 8.35018e-13
352 9.01108e-13
353 9.72241e-13
354 1.04879e-12
355 1.13114e-12
356 1.21972e-12
357 1.31498e-12
358 1.41741e-12
359 1.52751e-12
360 1.64584e-12
361 1.77298e-12
362 1.90957e-12
363 2.05627e-12
364 2.2138e-12
365 2.38292e-12
366 2.56445e-12
367 2.75924e-12
368 2.96824e-12
369 3.19242e-12
370 3.43283e-12
371 3.6906e-12
372 3.96692e-12
373 4.26306e-12
374 4.58038e-12
375 4.92032e-12
376 5.28441e-12
377 5.67429e-12
378 6.09171e-12
379 6.53851e-12
380 7.01666e-12
381 7.52826e-12
382 8.07555e-12
383 8.66089e-12
384 9.2868e-12
385 9.95598e-12
386 1.06713e-11
387 1.14357e-11
388 1.22525e-11
389 1.31251e-11
390 1.40571e-11
391 1.50523e-11
392 1.6115e-11
393 1.72494e-11
394 1.84602e-11
395 1.97522e-11
396 2.11307e-11
397 2.26012e-11
398 2.41695e-11
399 2.58419e-11
400 2.76249e-11
401 2.95255e-11
402 3.15511e-11
403 3.37095e-11
404 3.6009e-11
405 3.84584e-11
406 4.1067e-11
407 4.38445e-11
408 4.68014e-11
409 4.99486e-11
410 5.32978e-11
411 5.68611e-11
412 6.06515e-11
413 6.46828e-11
414 6.89692e-11
415 7.35261e-11
416 7.83695e-11
417 8.35162e-11
418 8.89843e-11
419 9.47923e-11
420 1.0096e-10
421 1.07509e-10
422 1.1446e-10
423 1.21837e-10
424 1.29664e-10
425 1.37966e-10
426 1.46771e-10
427 1.56107e-10
428 1.66003e-10
429 1.76491e-10
430 1.87603e-10
431 1.99374e-10
432 2.1184e-10
433 2.2504e-10
434 2.39012e-10
435 2.53799e-10
436 2.69444e-10
437 2.85995e-10
438 3.03499e-10
439 3.22007e-10
440 3.41573e-10
441 3.62252e-10
442 3.84103e-10
443 4.07188e-10
444 4.31572e-10
445 4.57321e-10
446 4.84508e-10
447 5.13207e-10
448 5.43496e-10
449 5.75457e-10
450 6.09176e-10
451 6.44745e-10
452 6.82257e-10
453 7.21812e-10
454 7.63514e-10
455 8.07473e-10
456 8.53802e-10
457 9.02623e-10
458 9.5406e-10
459 1.00825e-09
460 1.06532e-09
461 1.12542e-09
462 1.18871e-09
463 1.25534e-09
464 1.32548e-09
465 1.3993e-09
466 1.47698e-09
467 1.55871e-09
468 1.6447e-09
469 1.73514e-09
470 1.83026e-09
471 1.93028e-09
472 2.03543e-09
473 2.14596e-09
474 2.26213e-09
475 2.3842e-09
476 2.51245e-09
477 2.64716e-09
478 2.78864e-09
479 2.9372e-09
480 3.09315e-09
481 3.25683e-09
482 3.4286e-09
483 3.6088e-09
484 3.79781e-09
485 3.99602e-09
486 4.20381e-09
487 4.42161e-09
488 4.64984e-09
489 4.88894e-09
490 5.13935e-09
491 5.40155e-09
492 5.67602e-09
493 5.96324e-09
494 6.26374e-09
495 6.57803e-09
496 6.90666e-09
497 7.25018e-09
498 7.60917e-09
499 7.98422e-09
500 8.37592e-09
501 8.78491e-09
502 9.21182e-09
503 9.65732e-09
504 1.01221e-08
505 1.06068e-08
506 1.11122e-08
507 1.1639e-08
508 1.2188e-08
509 1.276e-08
510 1.33557e-08
511 1.39761e-08
512 1.4622e-08
513 1.52942e-08
514 1.59937e-08
515 1.67215e-08
516 1.74785e-08
517 1.82658e-08
518 1.90844e-08
519 1.99354e-08
520 2.08201e-08
521 2.17394e-08
522 2.26948e-08
523 2.36875e-08
524 2.47187e-08
525 2.579e-08
526 2.69027e-08
527 2.80583e-08
528 2.92584e-08
529 3.05046e-08
530 3.17987e-08
531 3.31423e-08
532 3.45372e-08
533 3.59854e-08
534 3.74889e-08
535 3.90496e-08
536 4.06698e-08
537 4.23514e-08
538 4.4097e-08
539 4.59087e-08
540 4.7789e-08
541 4.97403e-08
542 5.17654e-08
543 5.38667e-08
544 5.6047e-08
545 5.83091e-08
546 6.06559e-08
547 6.30901e-08
548 6.56149e-08
549 6.82331e-08
550 7.09479e-08
551 7.37624e-08
552 7.66798e-08
553 7.97031e-08
554 8.28356e-08
555 8.60804e-08
556 8.94408e-08
557 9.292e-08
558 9.65212e-08
559 1.00247e-07
560 1.04102e-07
561 1.08088e-07
562 1.12208e-07
563 1.16466e-07
564 1.20863e-07
565 1.25404e-07
566 1.3009e-07
567 1.34925e-07
568 1.3991e-07
569 1.45049e-07
570 1.50343e-07
571 1.55794e-07
572 1.61405e-07
573 1.67177e-07
574 1.73111e-07
575 1.7921e-07
576 1.85475e-07
577 1.91906e-07
578 1.98505e-07
579 2.05273e-07
580 2.1221e-07
581 2.19317e-07
582 2.26595e-07
583 2.34044e-07
584 2.41663e-07
585 2.49454e-07
586 2.57416e-07
587 2.6555e-07
588 2.73856e-07
589 2.82333e-07
590 2.90983e-07
591 2.99805e-07
592 3.08799e-07
593 3.17966e-07
594 3.27308e-07
595 3.36824e-07
596 3.46517e-07
597 3.56387e-07
598 3.66436e-07
599 3.76668e-07
600 3.87084e-07
601 3.97688e-07
602 4.08484e-07
603 4.19475e-07
604 4.30668e-07
605 4.42067e-07
606 4.53679e-07
607 4.65512e-07
608 4.77572e-07
609 4.89868e-07
610 5.02411e-07
611 5.1521e-07
612 5.28276e-07
613 5.41622e-07
614 5.5526e-07
615 5.69204e-07
616 5.83469e-07
617 5.98069e-07
618 6.13022e-07
619 6.28345e-07
620 6.44054e-07
621 6.60169e-07
622 6.76709e-07
623 6.93693e-07
624 7.11142e-07
625 7.29075e-07
626 7.47515e-07
627 7.66481e-07
628 7.85995e-07
629 8.06078e-07
630 8.26751e-07
631 8.48034e-07
632 8.69947e-07
633 8.9251e-07
634 9.15741e-07
635 9.39658e-07
636 9.64278e-07
637 9.89615e-07
638 1.01568e-06
639 1.04249e-06
640 1.07006e-06
641 1.09838e-06
642 1.12748e-06
643 1.15734e-06
644 1.18797e-06
645 1.21937e-06
646 1.25154e-06
647 1.28445e-06
648 1.31811e-06
649 1.3525e-06
650 1.38759e-06
651 1.42338e-06
652 1.45981e-06
653 1.49688e-06
654 1.53455e-06
655 1.57276e-06
656 1.61149e-06
657 1.65069e-06
658 1.6903e-06
659 1.73027e-06
660 1.77055e-06
661 1.81106e-06
662 1.85174e-06
663 1.89253e-06
664 1.93334e-06
665 1.9741e-06
666 2.01474e-06
667 2.05516e-06
668 2.09528e-06
669 2.13502e-06
670 2.17428e-06
671 2.21298e-06
672 2.25102e-06
673 2.28831e-06
674 2.32476e-06
675 2.36027e-06
676 2.39476e-06
677 2.42812e-06
678 2.46029e-06
679 2.49116e-06
680 2.52065e-06
681 2.5487e-06
682 2.57521e-06
683 2.60013e-06
684 2.62338e-06
685 2.6449e-06
686 2.66465e-06
687 2.68258e-06
688 2.69865e-06
689 2.71284e-06
690 2.72511e-06
691 2.73546e-06
692 2.7439e-06
693 2.75042e-06
694 2.75505e-06
695 2.75782e-06
696 2.75877e-06
697 2.75796e-06
698 2.75546e-06
699 2.75134e-06
700 2.7457e-06
701 2.73864e-06
702 2.73028e-06
703 2.72076e-06
704 2.71021e-06
705 2.69879e-06
706 2.68668e-06
707 2.67405e-06
708 2.6611e-06
709 2.64803e-06
710 2.63507e-06
711 2.62244e-06
712 2.61037e-06
713 2.59913e-06
714 2.58895e-06
715 2.58012e-06
716 2.5729e-06
717 2.56757e-06
718 2.56441e-06
719 2.56372e-06
720 2.56579e-06
721 2.57091e-06
722 2.57937e-06
723 2.59149e-06
724 2.60754e-06
725 2.62782e-06
726 2.65262e-06
727 2.68223e-06
728 2.71692e-06
729 2.75695e-06
730 2.80259e-06
731 2.85409e-06
732 2.91168e-06
733 2.97559e-06
734 3.04603e-06
735 3.12318e-06
736 3.20722e-06
737 3.29832e-06
738 3.3966e-06
739 3.50218e-06
740 3.61516e-06
741 3.73561e-06
742 3.86356e-06
743 3.99906e-06
744 4.14208e-06
745 4.2926e-06
746 4.45056e-06
747 4.61587e-06
748 4.78842e-06
749 4.96807e-06
750 5.15465e-06
751 5.34795e-06
752 5.54774e-06
753 5.75376e-06
754 5.96574e-06
755 6.18334e-06
756 6.40623e-06
757 6.63403e-06
758 6.86635e-06
759 7.10277e-06
760 7.34282e-06
761 7.58605e-06
762 7.83195e-06
763 8.08001e-06
764 8.32969e-06
765 8.58043e-06
766 8.83167e-06
767 9.08281e-06
768 9.33326e-06
769 9.5824e-06
770 9.82961e-06
771 1.00743e-05
772 1.03157e-05
773 1.05534e-05
774 1.07865e-05
775 1.10146e-05
776 1.1237e-05
777 1.1453e-05
778 1.1662e-05
779 1.18635e-05
780 1.20568e-05
781 1.22414e-05
782 1.24167e-05
783 1.25822e-05
784 1.27374e-05
785 1.28818e-05
786 1.30151e-05
787 1.31366e-05
788 1.32462e-05
789 1.33434e-05
790 1.34279e-05
791 1.34995e-05
792 1.3558e-05
793 1.36032e-05
794 1.36349e-05
795 1.36531e-05
796 1.36579e-05
797 1.36491e-05
798 1.36269e-05
799 1.35915e-05
800 1.3543e-05
801 1.34817e-05
802 1.34079e-05
803 1.33221e-05
804 1.32245e-05
805 1.31159e-05
806 1.29967e-05
807 1.28675e-05
808 1.2729e-05
809 1.25821e-05
810 1.24275e-05
811 1.22662e-05
812 1.20989e-05
813 1.19269e-05
814 1.17511e-05
815 1.15727e-05
816 1.13929e-05
817 1.12129e-05
818 1.10341e-05
819 1.08577e-05
820 1.06853e-05
821 1.05184e-05
822 1.03583e-05
823 1.02068e-05
824 1.00655e-05
825 9.93602e-06
826 9.8201e-06
827 9.71952e-06
828 9.63609e-06
829 9.57165e-06
830 9.52809e-06
831 9.50733e-06
832 9.51134e-06
833 9.54209e-06
834 9.6016e-06
835 9.69191e-06
836 9.81507e-06
837 9.97319e-06
838 1.01684e-05
839 1.04027e-05
840 1.06784e-05
841 1.09975e-05
842 1.13623e-05
843 1.17748e-05
844 1.22374e-05
845 1.27521e-05
846 1.33211e-05
847 1.39467e-05
848 1.4631e-05
849 1.53762e-05
850 1.61845e-05
851 1.70581e-05
852 1.79991e-05
853 1.90098e-05
854 2.00922e-05
855 2.12485e-05
856 2.24809e-05
857 2.37915e-05
858 2.51823e-05
859 2.66556e-05
860 2.82134e-05
861 2.98578e-05
862 3.15909e-05
863 3.34147e-05
864 3.53312e-05
865 3.73426e-05
866 3.94508e-05
867 4.16578e-05
868 4.39658e-05
869 4.63765e-05
870 4.88922e-05
871 5.15147e-05
872 5.4246e-05
873 5.70881e-05
874 6.0043e-05
875 6.31126e-05
876 6.62989e-05
877 6.9604e-05
878 7.30297e-05
879 7.65782e-05
880 8.02513e-05
881 8.40511e-05
882 8.79795e-05
883 9.20388e-05
884 9.62308e-05
885 0.000100558
886 0.000105022
887 0.000109625
888 0.000114369
889 0.000119257
890 0.00012429
891 0.000129471
892 0.000134803
893 0.000140287
894 0.000145926
895 0.000151722
896 0.000157678
897 0.000163796
898 0.000170079
899 0.00017653
900 0.000183151
901 0.000189945
902 0.000196915
903 0.000204063
904 0.000211393
905 0.000218908
906 0.000226611
907 0.000234504
908 0.000242592
909 0.000250878
910 0.000259364
911 0.000268055
912 0.000276954
913 0.000286065
914 0.000295391
915 0.000304937
916 0.000314707
917 0.000324704
918 0.000334933
919 0.000345397
920 0.000356102
921 0.000367052
922 0.000378251
923 0.000389704
924 0.000401416
925 0.000413392
926 0.000425636
927 0.000438154
928 0.000450951
929 0.000464033
930 0.000477403
931 0.000491069
932 0.000505036
933 0.00051931
934 0.000533895
935 0.000548799
936 0.000564027
937 0.000579586
938 0.000595481
939 0.000611719
940 0.000628307
941 0.00064525
942 0.000662556
943 0.000680231
944 0.000698283
945 0.000716717
946 0.000735542
947 0.000754763
948 0.000774389
949 0.000794426
950 0.000814882
951 0.000835764
952 0.00085708
953 0.000878837
954 0.000901043
955 0.000923705
956 0.000946832
957 0.000970431
958 0.00099451
959 0.00101908
960 0.00104414
961 0.00106971
962 0.00109578
963 0.00112238
964 0.00114951
965 0.00117717
966 0.00120538
967 0.00123414
968 0.00126346
969 0.00129335
970 0.00132382
971 0.00135487
972 0.00138652
973 0.00141877
974 0.00145163
975 0.00148511
976 0.00151921
977 0.00155396
978 0.00158934
979 0.00162538
980 0.00166207
981 0.00169943
982 0.00173747
983 0.0017762
984 0.00181561
985 0.00185572
986 0.00189654
987 0.00193808
988 0.00198033
989 0.00202332
990 0.00206704
991 0.00211151
992 0.00215673
993 0.00220271
994 0.00224945
995 0.00229697
996 0.00234527
997 0.00239435
998 0.00244422
999 0.0024949
1000 0.00254637
1001 0.00259866
1002 0.00265177
1003 0.0027057
1004 0.00276045
1005 0.00281604
1006 0.00287246
1007 0.00292973
1008 0.00298785
1009 0.00304682
1010 0.00310664
1011 0.00316733
1012 0.00322887
1013 0.00329129
1014 0.00335458
1015 0.00341874
1016 0.00348378
1017 0.00354969
1018 0.00361649
1019 0.00368418
1020 0.00375274
1021 0.0038222
1022 0.00389254
1023 0.00396377
1024 0.00403589
1025 0.0041089
1026 0.0041828
1027 0.00425759
1028 0.00433327
1029 0.00440983
1030 0.00448728
1031 0.00456562
1032 0.00464483
1033 0.00472493
1034 0.0048059
1035 0.00488775
1036 0.00497046
1037 0.00505404
1038 0.00513849
1039 0.00522379
1040 0.00530994
1041 0.00539694
1042 0.00548478
1043 0.00557346
1044 0.00566296
1045 0.00575329
1046 0.00584443
1047 0.00593637
1048 0.00602911
1049 0.00612264
1050 0.00621695
1051 0.00631202
1052 0.00640786
1053 0.00650445
1054 0.00660177
1055 0.00669983
1056 0.0067986
1057 0.00689807
1058 0.00699823
1059 0.00709907
1060 0.00720057
1061 0.00730273
1062 0.00740552
1063 0.00750893
1064 0.00761294
1065 0.00771755
1066 0.00782273
1067 0.00792847
1068 0.00803475
1069 0.00814155
1070 0.00824886
1071 0.00835665
1072 0.00846492
1073 0.00857363
1074 0.00868277
1075 0.00879232
1076 0.00890226
1077 0.00901257
1078 0.00912322
1079 0.0092342
1080 0.00934549
1081 0.00945705
1082 0.00956887
1083 0.00968093
1084 0.0097932
1085 0.00990566
1086 0.0100183
1087 0.010131
1088 0.0102439
1089 0.0103569
1090 0.0104699
1091 0.010583
1092 0.010696
1093 0.0108091
1094 0.0109221
1095 0.011035
1096 0.0111479
1097 0.0112606
1098 0.0113731
1099 0.0114855
1100 0.0115977
1101 0.0117096
1102 0.0118213
1103 0.0119326
1104 0.0120436
1105 0.0121543
1106 0.0122646
1107 0.0123745
1108 0.0124839
1109 0.0125928
1110 0.0127013
1111 0.0128091
1112 0.0129165
1113 0.0130232
1114 0.0131293
1115 0.0132347
1116 0.0133395
1117 0.0134435
1118 0.0135467
1119 0.0136492
1120 0.0137509
1121 0.0138517
1122 0.0139516
1123 0.0140506
1124 0.0141487
1125 0.0142458
1126 0.0143419
1127 0.014437
1128 0.014531
1129 0.0146239
1130 0.0147157
1131 0.0148063
1132 0.0148957
1133 0.014984
1134 0.015071
1135 0.0151567
1136 0.0152411
1137 0.0153242
1138 0.0154059
1139 0.0154863
1140 0.0155652
1141 0.0156427
1142 0.0157187
1143 0.0157933
1144 0.0158663
1145 0.0159377
1146 0.0160076
1147 0.0160759
1148 0.0161426
1149 0.0162076
1150 0.0162709
1151 0.0163326
1152 0.0163925
1153 0.0164507
1154 0.0165071
1155 0.0165618
1156 0.0166146
1157 0.0166656
1158 0.0167148
1159 0.0167621
1160 0.0168076
1161 0.0168511
1162 0.0168927
1163 0.0169324
1164 0.0169701
1165 0.0170058
1166 0.0170396
1167 0.0170714
1168 0.0171012
1169 0.0171289
1170 0.0171546
1171 0.0171783
1172 0.0171999
1173 0.0172195
1174 0.017237
1175 0.0172523
1176 0.0172656
1177 0.0172768
1178 0.0172859
1179 0.0172929
1180 0.0172978
1181 0.0173005
1182 0.0173012
1183 0.0172997
1184 0.017296
1185 0.0172903
1186 0.0172824
1187 0.0172724
1188 0.0172602
1189 0.017246
1190 0.0172296
1191 0.0172111
1192 0.0171905
1193 0.0171677
1194 0.0171429
1195 0.017116
1196 0.017087
1197 0.0170559
1198 0.0170227
1199 0.0169875
1200 0.0169502
1201 0.0169109
1202 0.0168696
1203 0.0168263
1204 0.0167809
1205 0.0167336
1206 0.0166843
1207 0.016633
1208 0.0165798
1209 0.0165247
1210 0.0164677
1211 0.0164088
1212 0.0163481
1213 0.0162855
1214 0.016221
1215 0.0161548
1216 0.0160868
1217 0.0160171
1218 0.0159456
1219 0.0158724
1220 0.0157975
1221 0.0157209
1222 0.0156427
1223 0.0155629
1224 0.0154816
1225 0.0153986
1226 0.0153142
1227 0.0152282
1228 0.0151408
1229 0.0150519
1230 0.0149616
1231 0.01487
1232 0.0147769
1233 0.0146826
1234 0.014587
1235 0.0144901
1236 0.0143919
1237 0.0142926
1238 0.0141921
1239 0.0140905
1240 0.0139878
1241 0.013884
1242 0.0137792
1243 0.0136734
1244 0.0135667
1245 0.013459
1246 0.0133504
1247 0.0132409
1248 0.0131306
1249 0.0130195
1250 0.0129077
1251 0.0127951
1252 0.0126818
1253 0.0125679
1254 0.0124534
1255 0.0123382
1256 0.0122226
1257 0.0121064
1258 0.0119897
1259 0.0118725
1260 0.011755
1261 0.011637
1262 0.0115187
1263 0.0114001
1264 0.0112812
1265 0.0111621
1266 0.0110427
1267 0.0109232
1268 0.0108035
1269 0.0106837
1270 0.0105638
1271 0.0104439
1272 0.0103239
1273 0.0102039
1274 0.010084
1275 0.00996412
1276 0.00984436
1277 0.00972473
1278 0.00960526
1279 0.00948597
1280 0.0093669
1281 0.00924807
1282 0.00912951
1283 0.00901125
1284 0.00889332
1285 0.00877573
1286 0.00865853
1287 0.00854173
1288 0.00842535
1289 0.00830943
1290 0.00819399
1291 0.00807904
1292 0.00796462
1293 0.00785075
1294 0.00773744
1295 0.00762473
1296 0.00751262
1297 0.00740114
1298 0.00729032
1299 0.00718017
1300 0.0070707
1301 0.00696194
1302 0.00685391
1303 0.00674662
1304 0.00664009
1305 0.00653434
1306 0.00642938
1307 0.00632522
1308 0.00622189
1309 0.00611939
1310 0.00601774
1311 0.00591695
1312 0.00581704
1313 0.00571801
1314 0.00561988
1315 0.00552266
1316 0.00542636
1317 0.00533099
1318 0.00523656
1319 0.00514307
1320 0.00505054
1321 0.00495897
1322 0.00486837
1323 0.00477875
1324 0.00469012
1325 0.00460247
1326 0.00451582
1327 0.00443017
1328 0.00434552
1329 0.00426188
1330 0.00417925
1331 0.00409764
1332 0.00401705
1333 0.00393747
1334 0.00385891
1335 0.00378138
1336 0.00370487
1337 0.00362939
1338 0.00355493
1339 0.00348149
1340 0.00340908
1341 0.00333769
1342 0.00326732
1343 0.00319796
1344 0.00312963
1345 0.0030623
1346 0.00299599
1347 0.00293069
1348 0.00286639
1349 0.00280309
1350 0.00274078
1351 0.00267947
1352 0.00261914
1353 0.0025598
1354 0.00250143
1355 0.00244403
1356 0.0023876
1357 0.00233212
1358 0.0022776
1359 0.00222402
1360 0.00217139
1361 0.00211968
1362 0.0020689
1363 0.00201903
1364 0.00197007
1365 0.00192201
1366 0.00187485
1367 0.00182857
1368 0.00178317
1369 0.00173863
1370 0.00169496
1371 0.00165213
1372 0.00161014
1373 0.00156899
1374 0.00152866
1375 0.00148914
1376 0.00145043
1377 0.00141251
1378 0.00137537
1379 0.00133901
1380 0.00130341
1381 0.00126857
1382 0.00123447
1383 0.00120111
1384 0.00116847
1385 0.00113655
1386 0.00110533
1387 0.00107481
1388 0.00104497
1389 0.00101581
1390 0.000987307
1391 0.00095946
1392 0.000932257
1393 0.000905687
1394 0.000879741
1395 0.000854407
1396 0.000829676
1397 0.000805538
1398 0.000781983
1399 0.000759
1400 0.00073658
1401 0.000714713
1402 0.000693388
1403 0.000672597
1404 0.000652328
1405 0.000632574
1406 0.000613322
1407 0.000594566
1408 0.000576293
1409 0.000558497
1410 0.000541166
1411 0.000524291
1412 0.000507865
1413 0.000491876
1414 0.000476318
1415 0.000461179
1416 0.000446453
1417 0.000432129
1418 0.0004182
1419 0.000404656
1420 0.00039149
1421 0.000378694
1422 0.000366258
1423 0.000354175
1424 0.000342437
1425 0.000331036
1426 0.000319965
1427 0.000309215
1428 0.000298779
1429 0.00028865
1430 0.00027882
1431 0.000269283
1432 0.00026003
1433 0.000251056
1434 0.000242353
1435 0.000233915
1436 0.000225734
1437 0.000217806
1438 0.000210122
1439 0.000202677
1440 0.000195464
1441 0.000188478
1442 0.000181713
1443 0.000175162
1444 0.000168821
1445 0.000162683
1446 0.000156743
1447 0.000150996
1448 0.000145436
1449 0.000140059
1450 0.000134858
1451 0.00012983
1452 0.000124968
1453 0.00012027
1454 0.000115729
1455 0.000111342
1456 0.000107104
1457 0.000103011
1458 9.90574e-05
1459 9.52405e-05
1460 9.15558e-05
1461 8.79994e-05
1462 8.45673e-05
1463 8.12559e-05
1464 7.80614e-05
1465 7.49803e-05
1466 7.2009e-05
1467 6.91442e-05
1468 6.63825e-05
1469 6.37207e-05
1470 6.11557e-05
1471 5.86842e-05
1472 5.63035e-05
1473 5.40104e-05
1474 5.18023e-05
1475 4.96762e-05
1476 4.76296e-05
1477 4.56598e-05
1478 4.37643e-05
1479 4.19406e-05
1480 4.01862e-05
1481 3.84989e-05
1482 3.68763e-05
1483 3.53163e-05
1484 3.38167e-05
1485 3.23754e-05
1486 3.09904e-05
1487 2.96598e-05
1488 2.83816e-05
1489 2.7154e-05
1490 2.59751e-05
1491 2.48433e-05
1492 2.37569e-05
1493 2.27142e-05
1494 2.17137e-05
1495 2.07538e-05
1496 1.9833e-05
1497 1.89499e-05
1498 1.81031e-05
1499 1.72913e-05
1500 1.65131e-05
1501 1.57673e-05
1502 1.50526e-05
1503 1.4368e-05
1504 1.37121e-05
1505 1.30841e-05
1506 1.24826e-05
1507 1.19069e-05
1508 1.13557e-05
1509 1.08283e-05
1510 1.03236e-05
1511 9.84081e-06
1512 9.37899e-06
1513 8.93733e-06
1514 8.51503e-06
1515 8.11131e-06
1516 7.72542e-06
1517 7.35664e-06
1518 7.00428e-06
1519 6.66766e-06
1520 6.34614e-06
1521 6.0391e-06
1522 5.74593e-06
1523 5.46607e-06
1524 5.19894e-06
1525 4.94403e-06
1526 4.70082e-06
1527 4.4688e-06
1528 4.24751e-06
1529 4.03649e-06
1530 3.83529e-06
1531 3.6435e-06
1532 3.4607e-06
1533 3.28651e-06
1534 3.12055e-06
1535 2.96246e-06
1536 2.8119e-06
1537 2.66853e-06
1538 2.53203e-06
1539 2.4021e-06
1540 2.27845e-06
1541 2.16079e-06
1542 2.04885e-06
1543 1.94237e-06
1544 1.84111e-06
1545 1.74482e-06
1546 1.65329e-06
1547 1.56628e-06
1548 1.4836e-06
1549 1.40503e-06
1550 1.3304e-06
1551 1.25951e-06
1552 1.19219e-06
1553 1.12828e-06
1554 1.0676e-06
1555 1.01001e-06
1556 9.55364e-07
1557 9.03515e-07
1558 8.54331e-07
1559 8.07683e-07
1560 7.63449e-07
1561 7.21512e-07
1562 6.81759e-07
1563 6.44083e-07
1564 6.08383e-07
1565 5.74562e-07
1566 5.42525e-07
1567 5.12185e-07
1568 4.83457e-07
1569 4.5626e-07
1570 4.30517e-07
1571 4.06156e-07
1572 3.83105e-07
1573 3.61299e-07
1574 3.40675e-07
1575 3.21171e-07
1576 3.0273e-07
1577 2.85298e-07
1578 2.68822e-07
1579 2.53253e-07
1580 2.38543e-07
1581 2.24648e-07
1582 2.11525e-07
1583 1.99134e-07
1584 1.87434e-07
1585 1.76391e-07
1586 1.6597e-07
1587 1.56136e-07
1588 1.46858e-07
1589 1.38108e-07
1590 1.29856e-07
1591 1.22075e-07
1592 1.14739e-07
1593 1.07826e-07
1594 1.01311e-07
1595 9.51721e-08
1596 8.93896e-08
1597 8.39434e-08
1598 7.88149e-08
1599 7.39865e-08
1600 6.94414e-08
1601 6.51639e-08
1602 6.11389e-08
1603 5.73522e-08
1604 5.37904e-08
1605 5.04407e-08
1606 4.72911e-08
1607 4.43302e-08
1608 4.15472e-08
1609 3.8932e-08
1610 3.64747e-08
1611 3.41664e-08
1612 3.19984e-08
1613 2.99626e-08
1614 2.80512e-08
1615 2.6257e-08
1616 2.45731e-08
1617 2.29931e-08
1618 2.15107e-08
1619 2.01203e-08
1620 1.88164e-08
1621 1.75937e-08
1622 1.64476e-08
1623 1.53733e-08
1624 1.43666e-08
1625 1.34233e-08
1626 1.25397e-08
1627 1.17122e-08
1628 1.09372e-08
1629 1.02117e-08
1630 9.5326e-09
1631 8.89702e-09
1632 8.30231e-09
1633 7.74594e-09
1634 7.22553e-09
1635 6.73886e-09
1636 6.28382e-09
1637 5.85844e-09
1638 5.46086e-09
1639 5.08932e-09
1640 4.7422e-09
1641 4.41795e-09
1642 4.11511e-09
1643 3.83233e-09
1644 3.56833e-09
1645 3.3219e-09
1646 3.09193e-09
1647 2.87735e-09
1648 2.67717e-09
1649 2.49046e-09
1650 2.31634e-09
1651 2.154e-09
1652 2.00267e-09
1653 1.86163e-09
1654 1.7302e-09
1655 1.60776e-09
1656 1.4937e-09
1657 1.38748e-09
1658 1.28858e-09
1659 1.1965e-09
1660 1.1108e-09
1661 1.03105e-09
1662 9.56841e-10
1663 8.87813e-10
1664 8.23612e-10
1665 7.63912e-10
1666 7.08408e-10
1667 6.56815e-10
1668 6.08866e-10
1669 5.64313e-10
1670 5.22923e-10
1671 4.84478e-10
1672 4.48777e-10
1673 4.15629e-10
1674 3.84858e-10
1675 3.56299e-10
1676 3.29797e-10
1677 3.0521e-10
1678 2.82403e-10
1679 2.61252e-10
1680 2.4164e-10
1681 2.23458e-10
1682 2.06606e-10
1683 1.90989e-10
1684 1.76519e-10
1685 1.63115e-10
1686 1.50701e-10
1687 1.39206e-10
1688 1.28563e-10
1689 1.18712e-10
1690 1.09595e-10
1691 1.01159e-10
1692 9.33556e-11
1693 8.61376e-11
1694 7.94627e-11
1695 7.32913e-11
1696 6.75866e-11
1697 6.23141e-11
1698 5.74422e-11
1699 5.29412e-11
1700 4.87837e-11
1701 4.49443e-11
1702 4.13992e-11
1703 3.81266e-11
1704 3.5106e-11
1705 3.23187e-11
1706 2.97471e-11
1707 2.73749e-11
1708 2.51871e-11
1709 2.31698e-11
1710 2.13101e-11
1711 1.95959e-11
1712 1.80162e-11
1713 1.65607e-11
1714 1.522e-11
1715 1.39851e-11
1716 1.2848e-11
1717 1.18011e-11
1718 1.08374e-11
1719 9.95057e-12
1720 9.13456e-12
1721 8.38388e-12
1722 7.69343e-12
1723 7.0585e-12
1724 6.47474e-12
1725 5.93813e-12
1726 5.44495e-12
1727 4.99179e-12
1728 4.57546e-12
1729 4.19307e-12
1730 3.8419e-12
1731 3.51946e-12
1732 3.22348e-12
1733 2.95182e-12
1734 2.70254e-12
1735 2.47384e-12
1736 2.26406e-12
1737 2.07168e-12
1738 1.89528e-12
1739 1.73357e-12
1740 1.58535e-12
1741 1.44953e-12
1742 1.32509e-12
1743 1.2111e-12
1744 1.1067e-12
1745 1.01111e-12
1746 9.23604e-13
1747 8.43506e-13
1748 7.70206e-13
1749 7.03141e-13
1750 6.41793e-13
1751 5.85685e-13
1752 5.34379e-13
1753 4.87474e-13
1754 4.44601e-13
1755 4.0542e-13
1756 3.69621e-13
1757 3.36919e-13
1758 3.0705e-13
1759 2.79776e-13
1760 2.54875e-13
1761 2.32146e-13
1762 2.11403e-13
1763 1.92476e-13
1764 1.7521e-13
1765 1.59463e-13
1766 1.45102e-13
1767 1.32009e-13
1768 1.20075e-13
1769 1.09198e-13
1770 9.92875e-14
1771 9.02588e-14
1772 8.20354e-14
1773 7.45467e-14
1774 6.77286e-14
1775 6.15221e-14
1776 5.58735e-14
1777 5.07338e-14
1778 4.60579e-14
1779 4.18048e-14
1780 3.79372e-14
1781 3.44206e-14
1782 3.1224e-14
1783 2.83188e-14
1784 2.56788e-14
1785 2.32805e-14
1786 2.1102e-14
1787 1.91237e-14
1788 1.73275e-14
1789 1.56969e-14
1790 1.4217e-14
1791 1.28741e-14
1792 1.16558e-14
1793 1.05508e-14
1794 9.54861e-15
1795 8.63995e-15
1796 7.81624e-15
1797 7.06968e-15
1798 6.39318e-15
1799 5.78029e-15
1800 5.22513e-15
1801 4.72237e-15
1802 4.26715e-15
1803 3.85506e-15
1804 3.48208e-15
1805 3.14458e-15
1806 2.83923e-15
1807 2.56303e-15
1808 2.31325e-15
1809 2.0874e-15
1810 1.88323e-15
1811 1.6987e-15
1812 1.53195e-15
1813 1.3813e-15
1814 1.24522e-15
1815 1.12233e-15
1816 1.01136e-15
1817 9.11192e-16
1818 8.20781e-16
1819 7.39195e-16
1820 6.65589e-16
1821 5.99194e-16
1822 5.39316e-16
1823 4.85327e-16
1824 4.36656e-16
1825 3.92789e-16
1826 3.53259e-16
1827 3.17646e-16
1828 2.85566e-16
1829 2.56675e-16
1830 2.30662e-16
1831 2.07245e-16
1832 1.86168e-16
1833 1.67202e-16
1834 1.50138e-16
1835 1.34789e-16
1836 1.20986e-16
1837 1.08574e-16
1838 9.74168e-17
1839 8.73886e-17
1840 7.83773e-17
1841 7.02814e-17
1842 6.30092e-17
1843 5.64784e-17
1844 5.06144e-17
1845 4.53503e-17
1846 4.06257e-17
1847 3.6386e-17
1848 3.25824e-17
1849 2.91706e-17
1850 2.61109e-17
1851 2.33674e-17
1852 2.09081e-17
1853 1.87039e-17
1854 1.67288e-17
1855 1.49593e-17
1856 1.33743e-17
1857 1.19548e-17
1858 1.06839e-17
1859 9.5462e-18
1860 8.52796e-18
1861 7.61681e-18
1862 6.80166e-18
1863 6.07254e-18
1864 5.42051e-18
1865 4.83752e-18
1866 4.31637e-18
1867 3.85061e-18
1868 3.43441e-18
1869 3.0626e-18
1870 2.73049e-18
1871 2.43391e-18
1872 2.16911e-18
1873 1.93274e-18
1874 1.72178e-18
1875 1.53354e-18
1876 1.36561e-18
1877 1.21583e-18
1878 1.08226e-18
1879 9.63166e-19
1880 8.57009e-19
1881 7.62401e-19
1882 6.78101e-19
1883 6.03002e-19
1884 5.36113e-19
1885 4.76549e-19
1886 4.23517e-19
1887 3.76312e-19
1888 3.34301e-19
1889 2.96921e-19
1890 2.63668e-19
1891 2.34092e-19
1892 2.07792e-19
1893 1.8441e-19
1894 1.63626e-19
1895 1.45156e-19
1896 1.28744e-19
1897 1.14166e-19
1898 1.01217e-19
1899 8.97197e-20
1900 7.95122e-20
1901 7.04518e-20
1902 6.24113e-20
1903 5.52774e-20
1904 4.8949e-20
1905 4.33365e-20
1906 3.83598e-20
1907 3.39477e-20
1908 3.00371e-20
1909 2.65717e-20
1910 2.35013e-20
1911 2.07815e-20
1912 1.83728e-20
1913 1.624e-20
1914 1.43519e-20
1915 1.26808e-20
1916 1.12019e-20
1917 9.8936e-21
1918 8.7363e-21
1919 7.71283e-21
1920 6.80788e-21
1921 6.0079e-21
1922 5.30085e-21
1923 4.67607e-21
1924 4.1241e-21
1925 3.63655e-21
1926 3.20599e-21
1927 2.82584e-21
1928 2.49026e-21
1929 2.19409e-21
1930 1.93275e-21
1931 1.70219e-21
1932 1.49884e-21
1933 1.31951e-21
1934 1.16141e-21
1935 1.02204e-21
1936 8.99211e-22
1937 7.90986e-22
1938 6.95645e-22
1939 6.11672e-22
1940 5.37727e-22
1941 4.72625e-22
1942 4.15321e-22
1943 3.64891e-22
1944 3.20519e-22
1945 2.81486e-22
1946 2.47156e-22
1947 2.1697e-22
1948 1.90431e-22
1949 1.67105e-22
1950 1.46605e-22
1951 1.28595e-22
1952 1.12774e-22
1953 9.88799e-23
1954 8.66798e-23
1955 7.59694e-23
1956 6.6569e-23
1957 5.832e-23
1958 5.10827e-23
1959 4.47344e-23
1960 3.91671e-23
1961 3.42857e-23
1962 3.00064e-23
1963 2.62561e-23
1964 2.29697e-23
1965 2.00906e-23
1966 1.75688e-23
1967 1.53604e-23
1968 1.34269e-23
1969 1.17344e-23
1970 1.02531e-23
1971 8.95699e-24
1972 7.82311e-24
1973 6.83139e-24
1974 5.96418e-24
1975 5.20597e-24
1976 4.54324e-24
1977 3.96407e-24
1978 3.45802e-24
1979 3.01596e-24
1980 2.62986e-24
1981 2.29273e-24
1982 1.99841e-24
1983 1.74151e-24
1984 1.51732e-24
1985 1.32173e-24
1986 1.15112e-24
1987 1.00232e-24
1988 8.72569e-25
1989 7.59466e-25
1990 6.60889e-25
1991 5.74987e-25
1992 5.00149e-25
1993 4.34959e-25
1994 3.78186e-25
1995 3.28759e-25
1996 2.85734e-25
1997 2.48285e-25
1998 2.157e-25
1999 1.87355e-25
2000 1.62698e-25
2001 1.41257e-25
2002 1.22617e-25
2003 1.06413e-25
2004 9.23317e-26
2005 8.00969e-26
2006 6.94673e-26
2007 6.02358e-26
2008 5.22199e-26
2009 4.52605e-26
2010 3.92201e-26
2011 3.39786e-26
2012 2.94305e-26
2013 2.54854e-26
2014 2.20638e-26
2015 1.90972e-26
2016 1.65256e-26
2017 1.42965e-26
2018 1.2365e-26
2019 1.06914e-26
2020 9.24185e-27
2021 7.98669e-27
2022 6.89985e-27
2023 5.95902e-27
2024 5.14494e-27
2025 4.44032e-27
2026 3.83083e-27
2027 3.30375e-27
2028 2.84791e-27
2029 2.45387e-27
2030 2.11323e-27
2031 1.81894e-27
2032 1.56464e-27
2033 1.34502e-27
2034 1.15539e-27
2035 9.91682e-28
2036 8.50414e-28
2037 7.28532e-28
2038 6.23445e-28
2039 5.32838e-28
2040 4.54813e-28
2041 3.87626e-28
2042 3.29806e-28
2043 2.80131e-28
2044 2.37479e-28
2045 2.00927e-28
2046 1.69656e-28
2047 1.42983e-28
