0 4.12022e-33
1 3.34516e-33
2 2.71373e-33
3 2.20784e-33
4 1.81291e-33
5 1.51714e-33
6 1.31242e-33
7 1.19252e-33
8 1.15322e-33
9 1.19262e-33
10 1.31239e-33
11 1.5139e-33
12 1.8009e-33
13 2.18204e-33
14 2.6662e-33
15 3.26456e-33
16 3.99332e-33
17 4.8702e-33
18 5.91636e-33
19 7.15878e-33
20 8.62887e-33
21 1.03632e-32
22 1.24059e-32
23 1.4807e-32
24 1.7627e-32
25 2.09386e-32
26 2.48206e-32
27 2.93707e-32
28 3.47013e-32
29 4.09415e-32
30 4.82532e-32
31 5.68164e-32
32 6.68328e-32
33 7.85474e-32
34 9.22644e-32
35 1.08286e-31
36 1.2702e-31
37 1.48943e-31
38 1.74532e-31
39 2.04462e-31
40 2.39411e-31
41 2.80206e-31
42 3.27864e-31
43 3.83518e-31
44 4.48495e-31
45 5.24238e-31
46 6.12612e-31
47 7.15793e-31
48 8.36029e-31
49 9.76224e-31
50 1.13983e-30
51 1.33026e-30
52 1.55215e-30
53 1.81073e-30
54 2.11181e-30
55 2.4624e-30
56 2.87053e-30
57 3.34585e-30
58 3.89842e-30
59 4.54162e-30
60 5.28982e-30
61 6.15963e-30
62 7.17128e-30
63 8.3468e-30
64 9.71293e-30
65 1.12999e-29
66 1.31444e-29
67 1.52858e-29
68 1.7772e-29
69 2.06596e-29
70 2.40088e-29
71 2.78957e-29
72 3.24057e-29
73 3.76366e-29
74 4.37025e-29
75 5.0734e-29
76 5.88863e-29
77 6.83328e-29
78 7.92761e-29
79 9.19535e-29
80 1.06635e-28
81 1.23634e-28
82 1.43312e-28
83 1.66088e-28
84 1.92439e-28
85 2.22925e-28
86 2.58184e-28
87 2.98955e-28
88 3.46095e-28
89 4.00575e-28
90 4.63537e-28
91 5.36277e-28
92 6.20299e-28
93 7.17328e-28
94 8.29346e-28
95 9.58675e-28
96 1.10792e-27
97 1.28011e-27
98 1.47875e-27
99 1.70785e-27
100 1.97197e-27
101 2.27652e-27
102 2.62754e-27
103 3.03198e-27
104 3.49795e-27
105 4.03463e-27
106 4.65262e-27
107 5.36413e-27
108 6.18324e-27
109 7.12576e-27
110 8.21002e-27
111 9.45747e-27
112 1.08922e-26
113 1.25416e-26
114 1.44376e-26
115 1.66171e-26
116 1.91212e-26
117 2.19979e-26
118 2.53021e-26
119 2.90959e-26
120 3.3452e-26
121 3.84521e-26
122 4.41893e-26
123 5.07721e-26
124 5.83228e-26
125 6.69823e-26
126 7.69118e-26
127 8.82933e-26
128 1.01338e-25
129 1.16285e-25
130 1.33408e-25
131 1.5302e-25
132 1.75477e-25
133 2.01187e-25
134 2.30614e-25
135 2.6429e-25
136 3.02819e-25
137 3.4689e-25
138 3.9729e-25
139 4.54917e-25
140 5.20789e-25
141 5.96073e-25
142 6.82096e-25
143 7.80363e-25
144 8.92595e-25
145 1.02075e-24
146 1.16706e-24
147 1.33404e-24
148 1.5246e-24
149 1.742e-24
150 1.98998e-24
151 2.27276e-24
152 2.59516e-24
153 2.96267e-24
154 3.38149e-24
155 3.8587e-24
156 4.40228e-24
157 5.02136e-24
158 5.72627e-24
159 6.52874e-24
160 7.44206e-24
161 8.4813e-24
162 9.66361e-24
163 1.10084e-23
164 1.25375e-23
165 1.42761e-23
166 1.62522e-23
167 1.84979e-23
168 2.10494e-23
169 2.39476e-23
170 2.72391e-23
171 3.09764e-23
172 3.52189e-23
173 4.0034e-23
174 4.54976e-23
175 5.16957e-23
176 5.87259e-23
177 6.66979e-23
178 7.57358e-23
179 8.59803e-23
180 9.75896e-23
181 1.10743e-22
182 1.25643e-22
183 1.42517e-22
184 1.61623e-22
185 1.83251e-22
186 2.0773e-22
187 2.35429e-22
188 2.66765e-22
189 3.02207e-22
190 3.42285e-22
191 3.87597e-22
192 4.38813e-22
193 4.96692e-22
194 5.62085e-22
195 6.35953e-22
196 7.19375e-22
197 8.13566e-22
198 9.19895e-22
199 1.0399e-21
200 1.1753e-21
201 1.32806e-21
202 1.50035e-21
203 1.69462e-21
204 1.91364e-21
205 2.16051e-21
206 2.4387e-21
207 2.75212e-21
208 3.10515e-21
209 3.50271e-21
210 3.95033e-21
211 4.4542e-21
212 5.02125e-21
213 5.65927e-21
214 6.377e-21
215 7.18421e-21
216 8.09185e-21
217 9.11221e-21
218 1.0259e-20
219 1.15477e-20
220 1.29955e-20
221 1.46217e-20
222 1.64478e-20
223 1.84981e-20
224 2.07995e-20
225 2.33822e-20
226 2.628e-20
227 2.95307e-20
228 3.31764e-20
229 3.72643e-20
230 4.18471e-20
231 4.69835e-20
232 5.27392e-20
233 5.91875e-20
234 6.64102e-20
235 7.44985e-20
236 8.35544e-20
237 9.36914e-20
238 1.05036e-19
239 1.1773e-19
240 1.3193e-19
241 1.47811e-19
242 1.6557e-19
243 1.85423e-19
244 2.07613e-19
245 2.3241e-19
246 2.60114e-19
247 2.91059e-19
248 3.25617e-19
249 3.64201e-19
250 4.07271e-19
251 4.55338e-19
252 5.0897e-19
253 5.68799e-19
254 6.35527e-19
255 7.09932e-19
256 7.92879e-19
257 8.85329e-19
258 9.88348e-19
259 1.10312e-18
260 1.23096e-18
261 1.37331e-18
262 1.53181e-18
263 1.70823e-18
264 1.90456e-18
265 2.123e-18
266 2.36598e-18
267 2.63621e-18
268 2.93667e-18
269 3.27068e-18
270 3.6419e-18
271 4.05437e-18
272 4.5126e-18
273 5.02153e-18
274 5.58667e-18
275 6.21408e-18
276 6.91047e-18
277 7.68327e-18
278 8.54066e-18
279 9.49172e-18
280 1.05464e-17
281 1.17159e-17
282 1.30122e-17
283 1.44489e-17
284 1.60409e-17
285 1.78045e-17
286 1.97578e-17
287 2.19209e-17
288 2.43156e-17
289 2.69663e-17
290 2.98997e-17
291 3.31453e-17
292 3.67355e-17
293 4.07061e-17
294 4.50966e-17
295 4.99501e-17
296 5.53145e-17
297 6.12424e-17
298 6.77914e-17
299 7.50252e-17
300 8.30136e-17
301 9.18335e-17
302 1.01569e-16
303 1.12314e-16
304 1.2417e-16
305 1.37248e-16
306 1.51672e-16
307 1.67577e-16
308 1.85112e-16
309 2.04438e-16
310 2.25734e-16
311 2.49197e-16
312 2.7504e-16
313 3.03499e-16
314 3.34832e-16
315 3.69322e-16
316 4.07278e-16
317 4.49039e-16
318 4.94977e-16
319 5.45498e-16
320 6.01047e-16
321 6.62111e-16
322 7.29222e-16
323 8.02964e-16
324 8.83972e-16
325 9.72944e-16
326 1.07064e-15
327 1.17789e-15
328 1.29561e-15
329 1.42479e-15
330 1.56651e-15
331 1.72196e-15
332 1.89242e-15
333 2.07932e-15
334 2.28418e-15
335 2.50869e-15
336 2.75469e-15
337 3.02415e-15
338 3.31928e-15
339 3.64243e-15
340 3.99619e-15
341 4.3834e-15
342 4.8071e-15
343 5.27066e-15
344 5.77771e-15
345 6.33222e-15
346 6.93851e-15
347 7.60127e-15
348 8.32562e-15
349 9.1171e-15
350 9.98178e-15
351 1.09262e-14
352 1.19576e-14
353 1.30836e-14
354 1.43127e-14
355 1.56541e-14
356 1.71178e-14
357 1.87144e-14
358 2.04559e-14
359 2.23548e-14
360 2.44251e-14
361 2.66816e-14
362 2.91407e-14
363 3.18198e-14
364 3.47383e-14
365 3.79166e-14
366 4.13772e-14
367 4.51444e-14
368 4.92444e-14
369 5.37057e-14
370 5.85589e-14
371 6.38375e-14
372 6.95773e-14
373 7.58174e-14
374 8.25997e-14
375 8.99698e-14
376 9.79768e-14
377 1.06674e-13
378 1.16118e-13
379 1.26371e-13
380 1.375e-13
381 1.49577e-13
382 1.6268e-13
383 1.76893e-13
384 1.92305e-13
385 2.09015e-13
386 2.27128e-13
387 2.46757e-13
388 2.68024e-13
389 2.9106e-13
390 3.16008e-13
391 3.4302e-13
392 3.7226e-13
393 4.03904e-13
394 4.38144e-13
395 4.75184e-13
396 5.15245e-13
397 5.58562e-13
398 6.05392e-13
399 6.56008e-13
400 7.10705e-13
401 7.69799e-13
402 8.33632e-13
403 9.02568e-13
404 9.77e-13
405 1.05735e-12
406 1.14407e-12
407 1.23766e-12
408 1.33862e-12
409 1.44752e-12
410 1.56497e-12
411 1.6916e-12
412 1.82811e-12
413 1.97525e-12
414 2.1338e-12
415 2.30462e-12
416 2.48862e-12
417 2.68679e-12
418 2.90016e-12
419 3.12986e-12
420 3.37709e-12
421 3.64314e-12
422 3.92938e-12
423 4.23728e-12
424 4.5684e-12
425 4.92444e-12
426 5.30717e-12
427 5.71852e-12
428 6.16053e-12
429 6.63539e-12
430 7.14542e-12
431 7.69311e-12
432 8.28111e-12
433 8.91225e-12
434 9.58953e-12
435 1.03162e-11
436 1.10956e-11
437 1.19314e-11
438 1.28274e-11
439 1.37879e-11
440 1.48171e-11
441 1.59198e-11
442 1.71009e-11
443 1.83656e-11
444 1.97196e-11
445 2.11687e-11
446 2.27194e-11
447 2.43783e-11
448 2.61525e-11
449 2.80497e-11
450 3.00777e-11
451 3.22451e-11
452 3.4561e-11
453 3.7035e-11
454 3.96771e-11
455 4.24981e-11
456 4.55095e-11
457 4.87234e-11
458 5.21526e-11
459 5.58107e-11
460 5.97121e-11
461 6.38721e-11
462 6.83069e-11
463 7.30335e-11
464 7.80703e-11
465 8.34363e-11
466 8.9152e-11
467 9.5239e-11
468 1.0172e-10
469 1.08619e-10
470 1.15963e-10
471 1.23777e-10
472 1.32091e-10
473 1.40935e-10
474 1.50341e-10
475 1.60344e-10
476 1.70978e-10
477 1.82282e-10
478 1.94297e-10
479 2.07064e-10
480 2.20629e-10
481 2.35039e-10
482 2.50343e-10
483 2.66595e-10
484 2.8385e-10
485 3.02168e-10
486 3.21609e-10
487 3.4224e-10
488 3.64129e-10
489 3.87349e-10
490 4.11975e-10
491 4.38089e-10
492 4.65774e-10
493 4.95119e-10
494 5.26218e-10
495 5.59168e-10
496 5.94072e-10
497 6.31039e-10
498 6.7018e-10
499 7.11614e-10
500 7.55467e-10
501 8.01866e-10
502 8.50949e-10
503 9.02858e-10
504 9.57741e-10
505 1.01575e-09
506 1.07706e-09
507 1.14182e-09
508 1.21022e-09
509 1.28245e-09
510 1.35869e-09
511 1.43914e-09
512 1.52401e-09
513 1.61353e-09
514 1.70791e-09
515 1.80739e-09
516 1.91221e-09
517 2.02264e-09
518 2.13894e-09
519 2.26137e-09
520 2.39024e-09
521 2.52583e-09
522 2.66846e-09
523 2.81845e-09
524 2.97613e-09
525 3.14186e-09
526 3.31601e-09
527 3.49893e-09
528 3.69104e-09
529 3.89274e-09
530 4.10446e-09
531 4.32665e-09
532 4.55976e-09
533 4.80428e-09
534 5.06072e-09
535 5.3296e-09
536 5.61147e-09
537 5.90691e-09
538 6.2165e-09
539 6.54088e-09
540 6.8807e-09
541 7.23664e-09
542 7.60941e-09
543 7.99976e-09
544 8.40846e-09
545 8.83633e-09
546 9.28421e-09
547 9.753e-09
548 1.02436e-08
549 1.0757e-08
550 1.12943e-08
551 1.18564e-08
552 1.24445e-08
553 1.30597e-08
554 1.37032e-08
555 1.43763e-08
556 1.50803e-08
557 1.58165e-08
558 1.65863e-08
559 1.73913e-08
560 1.82328e-08
561 1.91125e-08
562 2.00321e-08
563 2.09932e-08
564 2.19975e-08
565 2.30468e-08
566 2.41431e-08
567 2.52881e-08
568 2.6484e-08
569 2.77326e-08
570 2.9036e-08
571 3.03964e-08
572 3.1816e-08
573 3.32968e-08
574 3.48413e-08
575 3.64516e-08
576 3.813e-08
577 3.9879e-08
578 4.17009e-08
579 4.3598e-08
580 4.55728e-08
581 4.76278e-08
582 4.97653e-08
583 5.19878e-08
584 5.42978e-08
585 5.66975e-08
586 5.91896e-08
587 6.17764e-08
588 6.44602e-08
589 6.72434e-08
590 7.01283e-08
591 7.31173e-08
592 7.62126e-08
593 7.94163e-08
594 8.27308e-08
595 8.6158e-08
596 8.97002e-08
597 9.33593e-08
598 9.71373e-08
599 1.01036e-07
600 1.05058e-07
601 1.09204e-07
602 1.13478e-07
603 1.17879e-07
604 1.22411e-07
605 1.27075e-07
606 1.31873e-07
607 1.36806e-07
608 1.41878e-07
609 1.47089e-07
610 1.52442e-07
611 1.57938e-07
612 1.63581e-07
613 1.69373e-07
614 1.75315e-07
615 1.81411e-07
616 1.87664e-07
617 1.94077e-07
618 2.00653e-07
619 2.07397e-07
620 2.14311e-07
621 2.21401e-07
622 2.28672e-07
623 2.36128e-07
624 2.43776e-07
625 2.51621e-07
626 2.5967e-07
627 2.67931e-07
628 2.76411e-07
629 2.85119e-07
630 2.94064e-07
631 3.03254e-07
632 3.12701e-07
633 3.22416e-07
634 3.32409e-07
635 3.42694e-07
636 3.53282e-07
637 3.64189e-07
638 3.75427e-07
639 3.87012e-07
640 3.98959e-07
641 4.11285e-07
642 4.24005e-07
643 4.37138e-07
644 4.507e-07
645 4.6471e-07
646 4.79186e-07
647 4.94146e-07
648 5.09609e-07
649 5.25595e-07
650 5.42121e-07
651 5.59207e-07
652 5.7687e-07
653 5.9513e-07
654 6.14003e-07
655 6.33508e-07
656 6.53659e-07
657 6.74473e-07
658 6.95963e-07
659 7.18143e-07
660 7.41025e-07
661 7.64618e-07
662 7.88932e-07
663 8.13973e-07
664 8.39745e-07
665 8.66252e-07
666 8.93493e-07
667 9.21465e-07
668 9.50164e-07
669 9.79581e-07
670 1.00971e-06
671 1.04053e-06
672 1.07202e-06
673 1.10417e-06
674 1.13695e-06
675 1.17034e-06
676 1.2043e-06
677 1.2388e-06
678 1.27379e-06
679 1.30925e-06
680 1.34511e-06
681 1.38134e-06
682 1.41788e-06
683 1.45466e-06
684 1.49164e-06
685 1.52875e-06
686 1.56591e-06
687 1.60307e-06
688 1.64014e-06
689 1.67706e-06
690 1.71374e-06
691 1.75011e-06
692 1.78609e-06
693 1.82159e-06
694 1.85652e-06
695 1.89082e-06
696 1.92438e-06
697 1.95713e-06
698 1.98899e-06
699 2.01988e-06
700 2.04971e-06
701 2.0784e-06
702 2.1059e-06
703 2.13211e-06
704 2.15699e-06
705 2.18046e-06
706 2.20248e-06
707 2.22298e-06
708 2.24194e-06
709 2.25931e-06
710 2.27506e-06
711 2.28918e-06
712 2.30166e-06
713 2.31248e-06
714 2.32168e-06
715 2.32925e-06
716 2.33524e-06
717 2.33969e-06
718 2.34264e-06
719 2.34418e-06
720 2.34438e-06
721 2.34332e-06
722 2.34113e-06
723 2.33791e-06
724 2.33381e-06
725 2.32896e-06
726 2.32354e-06
727 2.31771e-06
728 2.31166e-06
729 2.3056e-06
730 2.29974e-06
731 2.2943e-06
732 2.28953e-06
733 2.28568e-06
734 2.28302e-06
735 2.28181e-06
736 2.28234e-06
737 2.28491e-06
738 2.28981e-06
739 2.29735e-06
740 2.30786e-06
741 2.32165e-06
742 2.33904e-06
743 2.36037e-06
744 2.38596e-06
745 2.41615e-06
746 2.45127e-06
747 2.49164e-06
748 2.53759e-06
749 2.58943e-06
750 2.64748e-06
751 2.71204e-06
752 2.78341e-06
753 2.86187e-06
754 2.94769e-06
755 3.04112e-06
756 3.14241e-06
757 3.25177e-06
758 3.36942e-06
759 3.49553e-06
760 3.63026e-06
761 3.77375e-06
762 3.92611e-06
763 4.08744e-06
764 4.25779e-06
765 4.43719e-06
766 4.62565e-06
767 4.82313e-06
768 5.02959e-06
769 5.24492e-06
770 5.46901e-06
771 5.70171e-06
772 5.94281e-06
773 6.19211e-06
774 6.44934e-06
775 6.71422e-06
776 6.98642e-06
777 7.26559e-06
778 7.55134e-06
779 7.84324e-06
780 8.14086e-06
781 8.4437e-06
782 8.75125e-06
783 9.06298e-06
784 9.37831e-06
785 9.69666e-06
786 1.00174e-05
787 1.03399e-05
788 1.06635e-05
789 1.09876e-05
790 1.13114e-05
791 1.16342e-05
792 1.19554e-05
793 1.22742e-05
794 1.25898e-05
795 1.29016e-05
796 1.32088e-05
797 1.35106e-05
798 1.38065e-05
799 1.40956e-05
800 1.43772e-05
801 1.46508e-05
802 1.49155e-05
803 1.51708e-05
804 1.54161e-05
805 1.56507e-05
806 1.58742e-05
807 1.60859e-05
808 1.62855e-05
809 1.64724e-05
810 1.66464e-05
811 1.6807e-05
812 1.6954e-05
813 1.70871e-05
814 1.72061e-05
815 1.73111e-05
816 1.74018e-05
817 1.74783e-05
818 1.75408e-05
819 1.75893e-05
820 1.76242e-05
821 1.76457e-05
822 1.76542e-05
823 1.76501e-05
824 1.76342e-05
825 1.76069e-05
826 1.7569e-05
827 1.75213e-05
828 1.74648e-05
829 1.74004e-05
830 1.73291e-05
831 1.72523e-05
832 1.7171e-05
833 1.70868e-05
834 1.7001e-05
835 1.69151e-05
836 1.68308e-05
837 1.67499e-05
838 1.66741e-05
839 1.66053e-05
840 1.65455e-05
841 1.64968e-05
842 1.64613e-05
843 1.64413e-05
844 1.64392e-05
845 1.64573e-05
846 1.64981e-05
847 1.65642e-05
848 1.66582e-05
849 1.67829e-05
850 1.69411e-05
851 1.71356e-05
852 1.73693e-05
853 1.76453e-05
854 1.79666e-05
855 1.83364e-05
856 1.87577e-05
857 1.92339e-05
858 1.97682e-05
859 2.0364e-05
860 2.10247e-05
861 2.17536e-05
862 2.25543e-05
863 2.34304e-05
864 2.43852e-05
865 2.54226e-05
866 2.6546e-05
867 2.77591e-05
868 2.90657e-05
869 3.04695e-05
870 3.19742e-05
871 3.35835e-05
872 3.53014e-05
873 3.71316e-05
874 3.90779e-05
875 4.11442e-05
876 4.33344e-05
877 4.56524e-05
878 4.81021e-05
879 5.06875e-05
880 5.34124e-05
881 5.62809e-05
882 5.9297e-05
883 6.24645e-05
884 6.57876e-05
885 6.92703e-05
886 7.29166e-05
887 7.67305e-05
888 8.07162e-05
889 8.48778e-05
890 8.92193e-05
891 9.3745e-05
892 9.84589e-05
893 0.000103365
894 0.000108468
895 0.000113772
896 0.000119281
897 0.000125
898 0.000130932
899 0.000137083
900 0.000143456
901 0.000150057
902 0.000156889
903 0.000163957
904 0.000171266
905 0.00017882
906 0.000186624
907 0.000194684
908 0.000203002
909 0.000211586
910 0.000220439
911 0.000229567
912 0.000238974
913 0.000248666
914 0.000258648
915 0.000268926
916 0.000279505
917 0.00029039
918 0.000301588
919 0.000313103
920 0.000324941
921 0.00033711
922 0.000349614
923 0.000362459
924 0.000375653
925 0.0003892
926 0.000403109
927 0.000417385
928 0.000432034
929 0.000447065
930 0.000462484
931 0.000478297
932 0.000494513
933 0.000511137
934 0.000528179
935 0.000545645
936 0.000563544
937 0.000581882
938 0.000600668
939 0.00061991
940 0.000639617
941 0.000659796
942 0.000680456
943 0.000701607
944 0.000723255
945 0.000745412
946 0.000768084
947 0.000791282
948 0.000815015
949 0.000839293
950 0.000864124
951 0.000889518
952 0.000915486
953 0.000942036
954 0.00096918
955 0.000996926
956 0.00102529
957 0.00105427
958 0.00108389
959 0.00111415
960 0.00114506
961 0.00117664
962 0.0012089
963 0.00124185
964 0.00127549
965 0.00130984
966 0.00134491
967 0.00138071
968 0.00141725
969 0.00145454
970 0.0014926
971 0.00153143
972 0.00157105
973 0.00161147
974 0.00165269
975 0.00169474
976 0.00173761
977 0.00178132
978 0.00182589
979 0.00187132
980 0.00191762
981 0.00196481
982 0.0020129
983 0.00206189
984 0.0021118
985 0.00216264
986 0.00221441
987 0.00226713
988 0.00232082
989 0.00237547
990 0.00243109
991 0.00248771
992 0.00254533
993 0.00260395
994 0.00266358
995 0.00272425
996 0.00278594
997 0.00284868
998 0.00291247
999 0.00297732
1000 0.00304323
1001 0.00311022
1002 0.00317829
1003 0.00324744
1004 0.00331769
1005 0.00338905
1006 0.0034615
1007 0.00353507
1008 0.00360976
1009 0.00368557
1010 0.00376251
1011 0.00384058
1012 0.00391978
1013 0.00400012
1014 0.0040816
1015 0.00416422
1016 0.00424799
1017 0.00433291
1018 0.00441897
1019 0.00450618
1020 0.00459454
1021 0.00468405
1022 0.00477471
1023 0.00486651
1024 0.00495946
1025 0.00505355
1026 0.00514877
1027 0.00524514
1028 0.00534263
1029 0.00544125
1030 0.00554099
1031 0.00564184
1032 0.0057438
1033 0.00584687
1034 0.00595102
1035 0.00605627
1036 0.00616259
1037 0.00626997
1038 0.00637842
1039 0.0064879
1040 0.00659843
1041 0.00670997
1042 0.00682253
1043 0.00693607
1044 0.0070506
1045 0.0071661
1046 0.00728255
1047 0.00739993
1048 0.00751823
1049 0.00763743
1050 0.00775751
1051 0.00787845
1052 0.00800024
1053 0.00812285
1054 0.00824626
1055 0.00837045
1056 0.0084954
1057 0.00862108
1058 0.00874747
1059 0.00887454
1060 0.00900228
1061 0.00913065
1062 0.00925963
1063 0.00938919
1064 0.0095193
1065 0.00964993
1066 0.00978106
1067 0.00991266
1068 0.0100447
1069 0.0101771
1070 0.0103099
1071 0.0104431
1072 0.0105765
1073 0.0107102
1074 0.0108442
1075 0.0109783
1076 0.0111127
1077 0.0112471
1078 0.0113817
1079 0.0115163
1080 0.0116509
1081 0.0117855
1082 0.0119201
1083 0.0120546
1084 0.0121889
1085 0.0123231
1086 0.012457
1087 0.0125907
1088 0.0127241
1089 0.0128571
1090 0.0129898
1091 0.0131221
1092 0.0132539
1093 0.0133852
1094 0.0135159
1095 0.0136461
1096 0.0137756
1097 0.0139044
1098 0.0140326
1099 0.0141599
1100 0.0142864
1101 0.0144121
1102 0.0145369
1103 0.0146608
1104 0.0147836
1105 0.0149055
1106 0.0150262
1107 0.0151459
1108 0.0152644
1109 0.0153816
1110 0.0154976
1111 0.0156124
1112 0.0157257
1113 0.0158378
1114 0.0159483
1115 0.0160574
1116 0.016165
1117 0.0162711
1118 0.0163755
1119 0.0164784
1120 0.0165795
1121 0.0166789
1122 0.0167766
1123 0.0168724
1124 0.0169664
1125 0.0170586
1126 0.0171488
1127 0.0172371
1128 0.0173234
1129 0.0174076
1130 0.0174898
1131 0.0175699
1132 0.0176479
1133 0.0177236
1134 0.0177972
1135 0.0178686
1136 0.0179377
1137 0.0180045
1138 0.0180689
1139 0.018131
1140 0.0181908
1141 0.0182481
1142 0.0183029
1143 0.0183554
1144 0.0184053
1145 0.0184527
1146 0.0184976
1147 0.0185399
1148 0.0185796
1149 0.0186168
1150 0.0186513
1151 0.0186832
1152 0.0187125
1153 0.0187391
1154 0.018763
1155 0.0187842
1156 0.0188028
1157 0.0188186
1158 0.0188316
1159 0.018842
1160 0.0188496
1161 0.0188545
1162 0.0188566
1163 0.018856
1164 0.0188526
1165 0.0188465
1166 0.0188376
1167 0.0188259
1168 0.0188115
1169 0.0187944
1170 0.0187745
1171 0.0187518
1172 0.0187264
1173 0.0186984
1174 0.0186676
1175 0.018634
1176 0.0185979
1177 0.018559
1178 0.0185174
1179 0.0184733
1180 0.0184264
1181 0.018377
1182 0.018325
1183 0.0182704
1184 0.0182133
1185 0.0181536
1186 0.0180914
1187 0.0180268
1188 0.0179596
1189 0.0178901
1190 0.0178182
1191 0.0177438
1192 0.0176672
1193 0.0175882
1194 0.0175069
1195 0.0174234
1196 0.0173377
1197 0.0172498
1198 0.0171598
1199 0.0170676
1200 0.0169734
1201 0.0168771
1202 0.0167789
1203 0.0166787
1204 0.0165765
1205 0.0164725
1206 0.0163667
1207 0.016259
1208 0.0161496
1209 0.0160385
1210 0.0159258
1211 0.0158114
1212 0.0156954
1213 0.0155779
1214 0.0154589
1215 0.0153385
1216 0.0152167
1217 0.0150935
1218 0.014969
1219 0.0148433
1220 0.0147164
1221 0.0145883
1222 0.0144591
1223 0.0143288
1224 0.0141975
1225 0.0140652
1226 0.013932
1227 0.013798
1228 0.0136631
1229 0.0135275
1230 0.0133911
1231 0.013254
1232 0.0131163
1233 0.012978
1234 0.0128392
1235 0.0126999
1236 0.0125601
1237 0.01242
1238 0.0122795
1239 0.0121387
1240 0.0119976
1241 0.0118564
1242 0.0117149
1243 0.0115733
1244 0.0114317
1245 0.01129
1246 0.0111483
1247 0.0110067
1248 0.0108652
1249 0.0107238
1250 0.0105826
1251 0.0104416
1252 0.0103009
1253 0.0101604
1254 0.0100203
1255 0.00988057
1256 0.00974125
1257 0.00960237
1258 0.00946398
1259 0.0093261
1260 0.00918878
1261 0.00905205
1262 0.00891594
1263 0.00878048
1264 0.00864571
1265 0.00851165
1266 0.00837834
1267 0.0082458
1268 0.00811407
1269 0.00798317
1270 0.00785313
1271 0.00772397
1272 0.00759572
1273 0.00746841
1274 0.00734206
1275 0.00721669
1276 0.00709232
1277 0.00696897
1278 0.00684668
1279 0.00672544
1280 0.00660529
1281 0.00648624
1282 0.00636831
1283 0.00625152
1284 0.00613587
1285 0.0060214
1286 0.0059081
1287 0.00579599
1288 0.00568509
1289 0.00557541
1290 0.00546695
1291 0.00535973
1292 0.00525376
1293 0.00514905
1294 0.0050456
1295 0.00494342
1296 0.00484252
1297 0.0047429
1298 0.00464457
1299 0.00454754
1300 0.0044518
1301 0.00435736
1302 0.00426422
1303 0.00417238
1304 0.00408186
1305 0.00399263
1306 0.00390471
1307 0.0038181
1308 0.00373279
1309 0.00364878
1310 0.00356607
1311 0.00348466
1312 0.00340454
1313 0.00332571
1314 0.00324816
1315 0.00317189
1316 0.0030969
1317 0.00302317
1318 0.0029507
1319 0.0028795
1320 0.00280953
1321 0.00274081
1322 0.00267332
1323 0.00260706
1324 0.00254201
1325 0.00247816
1326 0.00241551
1327 0.00235405
1328 0.00229377
1329 0.00223465
1330 0.00217668
1331 0.00211986
1332 0.00206418
1333 0.00200962
1334 0.00195616
1335 0.00190381
1336 0.00185254
1337 0.00180234
1338 0.00175321
1339 0.00170513
1340 0.00165808
1341 0.00161205
1342 0.00156704
1343 0.00152302
1344 0.00147999
1345 0.00143792
1346 0.00139681
1347 0.00135665
1348 0.00131741
1349 0.00127909
1350 0.00124167
1351 0.00120514
1352 0.00116948
1353 0.00113468
1354 0.00110073
1355 0.00106761
1356 0.00103531
1357 0.00100381
1358 0.000973103
1359 0.000943172
1360 0.000914004
1361 0.000885585
1362 0.000857902
1363 0.00083094
1364 0.000804687
1365 0.000779128
1366 0.00075425
1367 0.00073004
1368 0.000706484
1369 0.00068357
1370 0.000661285
1371 0.000639615
1372 0.000618547
1373 0.00059807
1374 0.00057817
1375 0.000558834
1376 0.000540052
1377 0.000521809
1378 0.000504096
1379 0.000486898
1380 0.000470205
1381 0.000454005
1382 0.000438287
1383 0.000423039
1384 0.00040825
1385 0.000393909
1386 0.000380005
1387 0.000366528
1388 0.000353466
1389 0.000340811
1390 0.00032855
1391 0.000316675
1392 0.000305176
1393 0.000294043
1394 0.000283265
1395 0.000272835
1396 0.000262742
1397 0.000252978
1398 0.000243534
1399 0.000234401
1400 0.000225571
1401 0.000217035
1402 0.000208785
1403 0.000200812
1404 0.00019311
1405 0.000185671
1406 0.000178486
1407 0.000171549
1408 0.000164852
1409 0.000158388
1410 0.000152151
1411 0.000146133
1412 0.000140328
1413 0.000134729
1414 0.000129331
1415 0.000124127
1416 0.000119111
1417 0.000114277
1418 0.00010962
1419 0.000105133
1420 0.000100812
1421 9.66512e-05
1422 9.26455e-05
1423 8.87897e-05
1424 8.50791e-05
1425 8.15088e-05
1426 7.80743e-05
1427 7.47709e-05
1428 7.15944e-05
1429 6.85404e-05
1430 6.56048e-05
1431 6.27836e-05
1432 6.00727e-05
1433 5.74685e-05
1434 5.49672e-05
1435 5.25652e-05
1436 5.0259e-05
1437 4.80453e-05
1438 4.59207e-05
1439 4.38821e-05
1440 4.19263e-05
1441 4.00504e-05
1442 3.82514e-05
1443 3.65266e-05
1444 3.48732e-05
1445 3.32885e-05
1446 3.17701e-05
1447 3.03153e-05
1448 2.89219e-05
1449 2.75874e-05
1450 2.63098e-05
1451 2.50867e-05
1452 2.3916e-05
1453 2.27958e-05
1454 2.17241e-05
1455 2.0699e-05
1456 1.97186e-05
1457 1.87812e-05
1458 1.78851e-05
1459 1.70286e-05
1460 1.62102e-05
1461 1.54282e-05
1462 1.46812e-05
1463 1.39679e-05
1464 1.32867e-05
1465 1.26365e-05
1466 1.20158e-05
1467 1.14236e-05
1468 1.08585e-05
1469 1.03194e-05
1470 9.80534e-06
1471 9.31514e-06
1472 8.8478e-06
1473 8.40236e-06
1474 7.97786e-06
1475 7.57341e-06
1476 7.18813e-06
1477 6.82119e-06
1478 6.47177e-06
1479 6.13912e-06
1480 5.82248e-06
1481 5.52115e-06
1482 5.23444e-06
1483 4.96169e-06
1484 4.70229e-06
1485 4.45561e-06
1486 4.22109e-06
1487 3.99816e-06
1488 3.78631e-06
1489 3.58501e-06
1490 3.39377e-06
1491 3.21214e-06
1492 3.03966e-06
1493 2.87591e-06
1494 2.72046e-06
1495 2.57294e-06
1496 2.43296e-06
1497 2.30016e-06
1498 2.17421e-06
1499 2.05476e-06
1500 1.94151e-06
1501 1.83416e-06
1502 1.73242e-06
1503 1.63601e-06
1504 1.54468e-06
1505 1.45817e-06
1506 1.37625e-06
1507 1.29869e-06
1508 1.22526e-06
1509 1.15577e-06
1510 1.09001e-06
1511 1.0278e-06
1512 9.68956e-07
1513 9.13309e-07
1514 8.60695e-07
1515 8.10957e-07
1516 7.63949e-07
1517 7.1953e-07
1518 6.77564e-07
1519 6.37925e-07
1520 6.00491e-07
1521 5.65146e-07
1522 5.3178e-07
1523 5.00289e-07
1524 4.70574e-07
1525 4.42539e-07
1526 4.16095e-07
1527 3.91156e-07
1528 3.67643e-07
1529 3.45476e-07
1530 3.24585e-07
1531 3.04898e-07
1532 2.86351e-07
1533 2.68881e-07
1534 2.52428e-07
1535 2.36937e-07
1536 2.22354e-07
1537 2.08629e-07
1538 1.95713e-07
1539 1.83562e-07
1540 1.72132e-07
1541 1.61383e-07
1542 1.51277e-07
1543 1.41776e-07
1544 1.32846e-07
1545 1.24455e-07
1546 1.16572e-07
1547 1.09167e-07
1548 1.02212e-07
1549 9.56828e-08
1550 8.95532e-08
1551 8.38e-08
1552 7.84014e-08
1553 7.33365e-08
1554 6.85856e-08
1555 6.41302e-08
1556 5.99526e-08
1557 5.60363e-08
1558 5.23658e-08
1559 4.89263e-08
1560 4.57039e-08
1561 4.26855e-08
1562 3.98587e-08
1563 3.72119e-08
1564 3.47342e-08
1565 3.24152e-08
1566 3.02452e-08
1567 2.8215e-08
1568 2.63159e-08
1569 2.454e-08
1570 2.28794e-08
1571 2.13271e-08
1572 1.98762e-08
1573 1.85205e-08
1574 1.72539e-08
1575 1.60707e-08
1576 1.49658e-08
1577 1.39342e-08
1578 1.29711e-08
1579 1.20723e-08
1580 1.12335e-08
1581 1.0451e-08
1582 9.72115e-09
1583 9.04047e-09
1584 8.40581e-09
1585 7.81418e-09
1586 7.26278e-09
1587 6.74897e-09
1588 6.27028e-09
1589 5.82441e-09
1590 5.40918e-09
1591 5.02258e-09
1592 4.66269e-09
1593 4.32774e-09
1594 4.01607e-09
1595 3.72612e-09
1596 3.45642e-09
1597 3.20561e-09
1598 2.97242e-09
1599 2.75566e-09
1600 2.5542e-09
1601 2.367e-09
1602 2.1931e-09
1603 2.03157e-09
1604 1.88157e-09
1605 1.7423e-09
1606 1.61303e-09
1607 1.49305e-09
1608 1.38172e-09
1609 1.27845e-09
1610 1.18266e-09
1611 1.09383e-09
1612 1.01148e-09
1613 9.35137e-10
1614 8.6439e-10
1615 7.98838e-10
1616 7.38112e-10
1617 6.81868e-10
1618 6.29785e-10
1619 5.81566e-10
1620 5.36933e-10
1621 4.95628e-10
1622 4.57409e-10
1623 4.22055e-10
1624 3.89356e-10
1625 3.5912e-10
1626 3.31166e-10
1627 3.05328e-10
1628 2.8145e-10
1629 2.59388e-10
1630 2.39008e-10
1631 2.20186e-10
1632 2.02806e-10
1633 1.86761e-10
1634 1.71951e-10
1635 1.58284e-10
1636 1.45675e-10
1637 1.34043e-10
1638 1.23316e-10
1639 1.13425e-10
1640 1.04306e-10
1641 9.59015e-11
1642 8.81566e-11
1643 8.1021e-11
1644 7.44482e-11
1645 6.8395e-11
1646 6.28215e-11
1647 5.76907e-11
1648 5.29683e-11
1649 4.86229e-11
1650 4.4625e-11
1651 4.09477e-11
1652 3.75659e-11
1653 3.44566e-11
1654 3.15983e-11
1655 2.89713e-11
1656 2.65574e-11
1657 2.43398e-11
1658 2.23029e-11
1659 2.04324e-11
1660 1.8715e-11
1661 1.71385e-11
1662 1.56917e-11
1663 1.43642e-11
1664 1.31463e-11
1665 1.20293e-11
1666 1.1005e-11
1667 1.00659e-11
1668 9.20507e-12
1669 8.41619e-12
1670 7.69337e-12
1671 7.03122e-12
1672 6.42478e-12
1673 5.86946e-12
1674 5.36107e-12
1675 4.89573e-12
1676 4.46988e-12
1677 4.08026e-12
1678 3.72385e-12
1679 3.39789e-12
1680 3.09984e-12
1681 2.82737e-12
1682 2.57832e-12
1683 2.35075e-12
1684 2.14282e-12
1685 1.9529e-12
1686 1.77945e-12
1687 1.62108e-12
1688 1.47651e-12
1689 1.34456e-12
1690 1.22416e-12
1691 1.11431e-12
1692 1.01412e-12
1693 9.22746e-13
1694 8.39438e-13
1695 7.63497e-13
1696 6.94287e-13
1697 6.31223e-13
1698 5.73771e-13
1699 5.21443e-13
1700 4.73792e-13
1701 4.30409e-13
1702 3.90918e-13
1703 3.5498e-13
1704 3.2228e-13
1705 2.92533e-13
1706 2.65478e-13
1707 2.40877e-13
1708 2.18511e-13
1709 1.98182e-13
1710 1.79707e-13
1711 1.62922e-13
1712 1.47675e-13
1713 1.33827e-13
1714 1.21254e-13
1715 1.09839e-13
1716 9.94791e-14
1717 9.00778e-14
1718 8.15484e-14
1719 7.38117e-14
1720 6.67954e-14
1721 6.04338e-14
1722 5.4667e-14
1723 4.94404e-14
1724 4.47044e-14
1725 4.04139e-14
1726 3.65277e-14
1727 3.30085e-14
1728 2.98223e-14
1729 2.69382e-14
1730 2.4328e-14
1731 2.19663e-14
1732 1.98298e-14
1733 1.78975e-14
1734 1.61502e-14
1735 1.45705e-14
1736 1.31426e-14
1737 1.18523e-14
1738 1.06864e-14
1739 9.63331e-15
1740 8.6822e-15
1741 7.82339e-15
1742 7.0481e-15
1743 6.34834e-15
1744 5.71689e-15
1745 5.1472e-15
1746 4.63333e-15
1747 4.16992e-15
1748 3.75208e-15
1749 3.37543e-15
1750 3.03596e-15
1751 2.73008e-15
1752 2.45452e-15
1753 2.20631e-15
1754 1.9828e-15
1755 1.78157e-15
1756 1.60044e-15
1757 1.43742e-15
1758 1.29075e-15
1759 1.1588e-15
1760 1.04013e-15
1761 9.33426e-16
1762 8.37493e-16
1763 7.51266e-16
1764 6.73778e-16
1765 6.04159e-16
1766 5.41622e-16
1767 4.85459e-16
1768 4.35031e-16
1769 3.89761e-16
1770 3.4913e-16
1771 3.1267e-16
1772 2.7996e-16
1773 2.50621e-16
1774 2.24311e-16
1775 2.00721e-16
1776 1.79575e-16
1777 1.60624e-16
1778 1.43643e-16
1779 1.28431e-16
1780 1.14807e-16
1781 1.02606e-16
1782 9.16835e-17
1783 8.19067e-17
1784 7.31574e-17
1785 6.53292e-17
1786 5.83267e-17
1787 5.2064e-17
1788 4.64642e-17
1789 4.14582e-17
1790 3.69838e-17
1791 3.29856e-17
1792 2.94135e-17
1793 2.62229e-17
1794 2.33735e-17
1795 2.08295e-17
1796 1.85585e-17
1797 1.65317e-17
1798 1.47232e-17
1799 1.31099e-17
1800 1.16709e-17
1801 1.03878e-17
1802 9.24377e-18
1803 8.22406e-18
1804 7.31532e-18
1805 6.50566e-18
1806 5.78441e-18
1807 5.14206e-18
1808 4.5701e-18
1809 4.06092e-18
1810 3.60772e-18
1811 3.20444e-18
1812 2.84565e-18
1813 2.52651e-18
1814 2.2427e-18
1815 1.99035e-18
1816 1.76603e-18
1817 1.56668e-18
1818 1.38953e-18
1819 1.23216e-18
1820 1.09239e-18
1821 9.68273e-19
1822 8.58079e-19
1823 7.60268e-19
1824 6.73467e-19
1825 5.96452e-19
1826 5.28135e-19
1827 4.67546e-19
1828 4.13822e-19
1829 3.66195e-19
1830 3.23982e-19
1831 2.86576e-19
1832 2.53436e-19
1833 2.24081e-19
1834 1.98086e-19
1835 1.7507e-19
1836 1.54696e-19
1837 1.36664e-19
1838 1.20709e-19
1839 1.06595e-19
1840 9.41117e-20
1841 8.30728e-20
1842 7.33135e-20
1843 6.46873e-20
1844 5.70641e-20
1845 5.03289e-20
1846 4.43793e-20
1847 3.9125e-20
1848 3.44855e-20
1849 3.03899e-20
1850 2.67751e-20
1851 2.35853e-20
1852 2.07712e-20
1853 1.82891e-20
1854 1.61002e-20
1855 1.41704e-20
1856 1.24692e-20
1857 1.097e-20
1858 9.64907e-21
1859 8.4854e-21
1860 7.46051e-21
1861 6.55804e-21
1862 5.76354e-21
1863 5.06423e-21
1864 4.44884e-21
1865 3.90742e-21
1866 3.43117e-21
1867 3.01234e-21
1868 2.64408e-21
1869 2.32036e-21
1870 2.03584e-21
1871 1.78584e-21
1872 1.56621e-21
1873 1.3733e-21
1874 1.20391e-21
1875 1.05518e-21
1876 9.24638e-22
1877 8.10075e-22
1878 7.09558e-22
1879 6.21383e-22
1880 5.44051e-22
1881 4.76244e-22
1882 4.168e-22
1883 3.647e-22
1884 3.19045e-22
1885 2.79047e-22
1886 2.44013e-22
1887 2.13332e-22
1888 1.8647e-22
1889 1.62956e-22
1890 1.42377e-22
1891 1.24371e-22
1892 1.08619e-22
1893 9.48425e-23
1894 8.27959e-23
1895 7.22642e-23
1896 6.30589e-23
1897 5.50147e-23
1898 4.79865e-23
1899 4.18474e-23
1900 3.64861e-23
1901 3.18049e-23
1902 2.77185e-23
1903 2.41521e-23
1904 2.10401e-23
1905 1.83252e-23
1906 1.59573e-23
1907 1.38925e-23
1908 1.20923e-23
1909 1.05231e-23
1910 9.15567e-24
1911 7.96424e-24
1912 6.92639e-24
1913 6.02252e-24
1914 5.23549e-24
1915 4.55036e-24
1916 3.95406e-24
1917 3.43517e-24
1918 2.98375e-24
1919 2.5911e-24
1920 2.24966e-24
1921 1.95279e-24
1922 1.69474e-24
1923 1.47048e-24
1924 1.27563e-24
1925 1.10636e-24
1926 9.59356e-25
1927 8.31706e-25
1928 7.2089e-25
1929 6.24705e-25
1930 5.4124e-25
1931 4.68828e-25
1932 4.06018e-25
1933 3.51549e-25
1934 3.04322e-25
1935 2.63385e-25
1936 2.27906e-25
1937 1.97164e-25
1938 1.70534e-25
1939 1.47469e-25
1940 1.27497e-25
1941 1.10205e-25
1942 9.52397e-26
1943 8.22887e-26
1944 7.10837e-26
1945 6.13915e-26
1946 5.30095e-26
1947 4.57624e-26
1948 3.94976e-26
1949 3.40833e-26
1950 2.94051e-26
1951 2.53634e-26
1952 2.18728e-26
1953 1.88585e-26
1954 1.6256e-26
1955 1.401e-26
1956 1.20716e-26
1957 1.03991e-26
1958 8.95652e-27
1959 7.71239e-27
1960 6.63974e-27
1961 5.71498e-27
1962 4.91802e-27
1963 4.2313e-27
1964 3.63968e-27
1965 3.13013e-27
1966 2.69132e-27
1967 2.31357e-27
1968 1.9884e-27
1969 1.70857e-27
1970 1.4678e-27
1971 1.2607e-27
1972 1.0826e-27
1973 9.29452e-28
1974 7.97802e-28
1975 6.84658e-28
1976 5.87431e-28
1977 5.03907e-28
1978 4.32162e-28
1979 3.70552e-28
1980 3.17665e-28
1981 2.72264e-28
1982 2.33302e-28
1983 1.99873e-28
1984 1.71199e-28
1985 1.46607e-28
1986 1.25519e-28
1987 1.07443e-28
1988 9.19501e-29
1989 7.86746e-29
1990 6.73013e-29
1991 5.75599e-29
1992 4.92176e-29
1993 4.20761e-29
1994 3.59629e-29
1995 3.07309e-29
1996 2.62547e-29
1997 2.24256e-29
1998 1.91511e-29
1999 1.63509e-29
2000 1.39572e-29
2001 1.19114e-29
2002 1.01632e-29
2003 8.66969e-30
2004 7.39419e-30
2005 6.30488e-30
2006 5.37483e-30
2007 4.58102e-30
2008 3.90348e-30
2009 3.32549e-30
2010 2.8324e-30
2011 2.41191e-30
2012 2.0533e-30
2013 1.74765e-30
2014 1.48721e-30
2015 1.26514e-30
2016 1.07602e-30
2017 9.14965e-31
2018 7.77747e-31
2019 6.60963e-31
2020 5.61578e-31
2021 4.76974e-31
2022 4.04994e-31
2023 3.43776e-31
2024 2.91691e-31
2025 2.47405e-31
2026 2.09768e-31
2027 1.7777e-31
2028 1.50592e-31
2029 1.27502e-31
2030 1.07884e-31
2031 9.12275e-32
2032 7.70897e-32
2033 6.50914e-32
2034 5.49049e-32
2035 4.62682e-32
2036 3.89452e-32
2037 3.27326e-32
2038 2.74721e-32
2039 2.30164e-32
2040 1.92426e-32
2041 1.60511e-32
2042 1.33543e-32
2043 1.10779e-32
2044 9.15865e-33
2045 7.54459e-33
2046 6.1908e-33
2047 5.06013e-33
