0 6.77132e-67
1 6.68051e-67
2 6.93459e-67
3 7.5569e-67
4 8.60579e-67
5 1.01799e-66
6 1.24274e-66
7 1.55591e-66
8 1.98683e-66
9 2.57574e-66
10 3.37743e-66
11 4.46626e-66
12 5.9429e-66
13 7.94339e-66
14 1.06514e-65
15 1.43149e-65
16 1.92679e-65
17 2.59609e-65
18 3.50002e-65
19 4.72025e-65
20 6.36663e-65
21 8.5869e-65
22 1.15797e-64
23 1.56117e-64
24 2.10414e-64
25 2.83497e-64
26 3.81818e-64
27 5.14028e-64
28 6.91726e-64
29 9.30446e-64
30 1.25099e-63
31 1.6812e-63
32 2.25831e-63
33 3.03213e-63
34 4.0692e-63
35 5.4584e-63
36 7.31842e-63
37 9.80762e-63
38 1.31372e-62
39 1.75889e-62
40 2.35378e-62
41 3.14838e-62
42 4.20922e-62
43 5.62482e-62
44 7.51291e-62
45 1.003e-61
46 1.3384e-61
47 1.78509e-61
48 2.37974e-61
49 3.17096e-61
50 4.22321e-61
51 5.62195e-61
52 7.48037e-61
53 9.94834e-61
54 1.32242e-60
55 1.75703e-60
56 2.33336e-60
57 3.09724e-60
58 4.10921e-60
59 5.44921e-60
60 7.2227e-60
61 9.56878e-60
62 1.26708e-59
63 1.67704e-59
64 2.21857e-59
65 2.93354e-59
66 3.87706e-59
67 5.12158e-59
68 6.76232e-59
69 8.92438e-59
70 1.1772e-58
71 1.55208e-58
72 2.04535e-58
73 2.69409e-58
74 3.54688e-58
75 4.66736e-58
76 6.13885e-58
77 8.07036e-58
78 1.06045e-57
79 1.39276e-57
80 1.82833e-57
81 2.39895e-57
82 3.14616e-57
83 4.12411e-57
84 5.40344e-57
85 7.07622e-57
86 9.26239e-57
87 1.21181e-56
88 1.58468e-56
89 2.07127e-56
90 2.70597e-56
91 3.53347e-56
92 4.61182e-56
93 6.01636e-56
94 7.84492e-56
95 1.02243e-55
96 1.33191e-55
97 1.73423e-55
98 2.25699e-55
99 2.93595e-55
100 3.81733e-55
101 4.96095e-55
102 6.44412e-55
103 8.36676e-55
104 1.08579e-54
105 1.40841e-54
106 1.82603e-54
107 2.36636e-54
108 3.06515e-54
109 3.96844e-54
110 5.13551e-54
111 6.64271e-54
112 8.58826e-54
113 1.10985e-53
114 1.43358e-53
115 1.85088e-53
116 2.38856e-53
117 3.08102e-53
118 3.97241e-53
119 5.11936e-53
120 6.59447e-53
121 8.49079e-53
122 1.09275e-52
123 1.40572e-52
124 1.80751e-52
125 2.32311e-52
126 2.98447e-52
127 3.83242e-52
128 4.91912e-52
129 6.31121e-52
130 8.09372e-52
131 1.03752e-51
132 1.32941e-51
133 1.70268e-51
134 2.17984e-51
135 2.78953e-51
136 3.56825e-51
137 4.56246e-51
138 5.83126e-51
139 7.44985e-51
140 9.51382e-51
141 1.21447e-50
142 1.54968e-50
143 1.97663e-50
144 2.52021e-50
145 3.212e-50
146 4.09211e-50
147 5.21136e-50
148 6.6342e-50
149 8.44231e-50
150 1.07392e-49
151 1.36559e-49
152 1.73584e-49
153 2.20567e-49
154 2.80166e-49
155 3.55742e-49
156 4.51546e-49
157 5.72952e-49
158 7.26751e-49
159 9.2152e-49
160 1.16809e-48
161 1.48016e-48
162 1.87497e-48
163 2.37433e-48
164 3.00573e-48
165 3.80384e-48
166 4.81237e-48
167 6.08644e-48
168 7.69548e-48
169 9.727e-48
170 1.22912e-47
171 1.55269e-47
172 1.96088e-47
173 2.47568e-47
174 3.12477e-47
175 3.94296e-47
176 4.97404e-47
177 6.27308e-47
178 7.9093e-47
179 9.96972e-47
180 1.25637e-46
181 1.58286e-46
182 1.99369e-46
183 2.51055e-46
184 3.16063e-46
185 3.97808e-46
186 5.00577e-46
187 6.29748e-46
188 7.92067e-46
189 9.95994e-46
190 1.25214e-45
191 1.5738e-45
192 1.97766e-45
193 2.48459e-45
194 3.12078e-45
195 3.91901e-45
196 4.92032e-45
197 6.17612e-45
198 7.75075e-45
199 9.72474e-45
200 1.21988e-44
201 1.5299e-44
202 1.91829e-44
203 2.40476e-44
204 3.01394e-44
205 3.77661e-44
206 4.73124e-44
207 5.92586e-44
208 7.42049e-44
209 9.29002e-44
210 1.1628e-43
211 1.4551e-43
212 1.82046e-43
213 2.27704e-43
214 2.84748e-43
215 3.55999e-43
216 4.44973e-43
217 5.56052e-43
218 6.94692e-43
219 8.67687e-43
220 1.08349e-42
221 1.35264e-42
222 1.68822e-42
223 2.10651e-42
224 2.62777e-42
225 3.27716e-42
226 4.08596e-42
227 5.09301e-42
228 6.34655e-42
229 7.90646e-42
230 9.84707e-42
231 1.22606e-41
232 1.52614e-41
233 1.89912e-41
234 2.36257e-41
235 2.93828e-41
236 3.65321e-41
237 4.54075e-41
238 5.64223e-41
239 7.00881e-41
240 8.70375e-41
241 1.08053e-40
242 1.34101e-40
243 1.66378e-40
244 2.06358e-40
245 2.55867e-40
246 3.17153e-40
247 3.92995e-40
248 4.86819e-40
249 6.0285e-40
250 7.46299e-40
251 9.23585e-40
252 1.14262e-39
253 1.41314e-39
254 1.74715e-39
255 2.15941e-39
256 2.66808e-39
257 3.29551e-39
258 4.06918e-39
259 5.02285e-39
260 6.19803e-39
261 7.6457e-39
262 9.42848e-39
263 1.16232e-38
264 1.43243e-38
265 1.76475e-38
266 2.17347e-38
267 2.67601e-38
268 3.29371e-38
269 4.05273e-38
270 4.98512e-38
271 6.13014e-38
272 7.53584e-38
273 9.26107e-38
274 1.13778e-37
275 1.39742e-37
276 1.71581e-37
277 2.10611e-37
278 2.58444e-37
279 3.1705e-37
280 3.88834e-37
281 4.76736e-37
282 5.84346e-37
283 7.16048e-37
284 8.77194e-37
285 1.07431e-36
286 1.31538e-36
287 1.6101e-36
288 1.97035e-36
289 2.41058e-36
290 2.94841e-36
291 3.60532e-36
292 4.40749e-36
293 5.3868e-36
294 6.5821e-36
295 8.04068e-36
296 9.82011e-36
297 1.19905e-35
298 1.46371e-35
299 1.78637e-35
300 2.17966e-35
301 2.65893e-35
302 3.24283e-35
303 3.95408e-35
304 4.82023e-35
305 5.8748e-35
306 7.15851e-35
307 8.72079e-35
308 1.06217e-34
309 1.29341e-34
310 1.57464e-34
311 1.91661e-34
312 2.33233e-34
313 2.83759e-34
314 3.45156e-34
315 4.19745e-34
316 5.10339e-34
317 6.20349e-34
318 7.53905e-34
319 9.16008e-34
320 1.11272e-33
321 1.35136e-33
322 1.6408e-33
323 1.99179e-33
324 2.41729e-33
325 2.93299e-33
326 3.55788e-33
327 4.31486e-33
328 5.23163e-33
329 6.34163e-33
330 7.68523e-33
331 9.31117e-33
332 1.12783e-32
333 1.36574e-32
334 1.65342e-32
335 2.00116e-32
336 2.4214e-32
337 2.92911e-32
338 3.5423e-32
339 4.2827e-32
340 5.17641e-32
341 6.25487e-32
342 7.55588e-32
343 9.12489e-32
344 1.10165e-31
345 1.32965e-31
346 1.60435e-31
347 1.93524e-31
348 2.33367e-31
349 2.81329e-31
350 3.39044e-31
351 4.08476e-31
352 4.91975e-31
353 5.9236e-31
354 7.13006e-31
355 8.57957e-31
356 1.03205e-30
357 1.24108e-30
358 1.49198e-30
359 1.79303e-30
360 2.15415e-30
361 2.58717e-30
362 3.10625e-30
363 3.72828e-30
364 4.47347e-30
365 5.36588e-30
366 6.43429e-30
367 7.71299e-30
368 9.24288e-30
369 1.10728e-29
370 1.32607e-29
371 1.58761e-29
372 1.90014e-29
373 2.27348e-29
374 2.71935e-29
375 3.25166e-29
376 3.887e-29
377 4.64508e-29
378 5.54934e-29
379 6.62768e-29
380 7.91323e-29
381 9.44539e-29
382 1.1271e-28
383 1.34456e-28
384 1.60352e-28
385 1.91182e-28
386 2.27878e-28
387 2.71542e-28
388 3.23487e-28
389 3.85266e-28
390 4.58722e-28
391 5.46042e-28
392 6.49818e-28
393 7.73121e-28
394 9.19591e-28
395 1.09354e-27
396 1.30008e-27
397 1.54525e-27
398 1.83622e-27
399 2.18148e-27
400 2.59104e-27
401 3.07679e-27
402 3.65278e-27
403 4.33561e-27
404 5.14495e-27
405 6.10401e-27
406 7.24026e-27
407 8.58615e-27
408 1.018e-26
409 1.20672e-26
410 1.4301e-26
411 1.69448e-26
412 2.00731e-26
413 2.37738e-26
414 2.81507e-26
415 3.33263e-26
416 3.9445e-26
417 4.66771e-26
418 5.52231e-26
419 6.53195e-26
420 7.7245e-26
421 9.13275e-26
422 1.07953e-25
423 1.27577e-25
424 1.50734e-25
425 1.78052e-25
426 2.10273e-25
427 2.48267e-25
428 2.93055e-25
429 3.4584e-25
430 4.08032e-25
431 4.81288e-25
432 5.67553e-25
433 6.69108e-25
434 7.8863e-25
435 9.29256e-25
436 1.09467e-24
437 1.28917e-24
438 1.51781e-24
439 1.78651e-24
440 2.10217e-24
441 2.4729e-24
442 2.90815e-24
443 3.41901e-24
444 4.0184e-24
445 4.72143e-24
446 5.54575e-24
447 6.51197e-24
448 7.64412e-24
449 8.97025e-24
450 1.05231e-23
451 1.23407e-23
452 1.44675e-23
453 1.69552e-23
454 1.98641e-23
455 2.32643e-23
456 2.72372e-23
457 3.18778e-23
458 3.72963e-23
459 4.36208e-23
460 5.10001e-23
461 5.96073e-23
462 6.96428e-23
463 8.13396e-23
464 9.49678e-23
465 1.10841e-22
466 1.29322e-22
467 1.50831e-22
468 1.75858e-22
469 2.04965e-22
470 2.38808e-22
471 2.78142e-22
472 3.23845e-22
473 3.76928e-22
474 4.38564e-22
475 5.10106e-22
476 5.93121e-22
477 6.89418e-22
478 8.01085e-22
479 9.30536e-22
480 1.08056e-21
481 1.25437e-21
482 1.45568e-21
483 1.68877e-21
484 1.95859e-21
485 2.27083e-21
486 2.63207e-21
487 3.04988e-21
488 3.533e-21
489 4.09148e-21
490 4.73694e-21
491 5.48272e-21
492 6.34423e-21
493 7.33917e-21
494 8.48796e-21
495 9.81409e-21
496 1.13446e-20
497 1.31107e-20
498 1.5148e-20
499 1.74979e-20
500 2.02078e-20
501 2.33321e-20
502 2.69336e-20
503 3.10844e-20
504 3.58673e-20
505 4.13776e-20
506 4.77249e-20
507 5.50349e-20
508 6.34522e-20
509 7.31427e-20
510 8.42972e-20
511 9.71345e-20
512 1.11906e-19
513 1.289e-19
514 1.48447e-19
515 1.70928e-19
516 1.96777e-19
517 2.26494e-19
518 2.60651e-19
519 2.99904e-19
520 3.45005e-19
521 3.96815e-19
522 4.56319e-19
523 5.24646e-19
524 6.03087e-19
525 6.9312e-19
526 7.96435e-19
527 9.14963e-19
528 1.05091e-18
529 1.2068e-18
530 1.38552e-18
531 1.59035e-18
532 1.82504e-18
533 2.09387e-18
534 2.40173e-18
535 2.75418e-18
536 3.15754e-18
537 3.61905e-18
538 4.14691e-18
539 4.75046e-18
540 5.44033e-18
541 6.22859e-18
542 7.12897e-18
543 8.15705e-18
544 9.33051e-18
545 1.06694e-17
546 1.21965e-17
547 1.39375e-17
548 1.59217e-17
549 1.81821e-17
550 2.0756e-17
551 2.36859e-17
552 2.70194e-17
553 3.08107e-17
554 3.51205e-17
555 4.00179e-17
556 4.55802e-17
557 5.18951e-17
558 5.90611e-17
559 6.71891e-17
560 7.64041e-17
561 8.68466e-17
562 9.86745e-17
563 1.12065e-16
564 1.27218e-16
565 1.44358e-16
566 1.63734e-16
567 1.85629e-16
568 2.10358e-16
569 2.38276e-16
570 2.69777e-16
571 3.05305e-16
572 3.45355e-16
573 3.90483e-16
574 4.41308e-16
575 4.98521e-16
576 5.62898e-16
577 6.353e-16
578 7.16691e-16
579 8.08148e-16
580 9.10867e-16
581 1.02619e-15
582 1.1556e-15
583 1.30076e-15
584 1.46352e-15
585 1.64593e-15
586 1.8503e-15
587 2.07918e-15
588 2.3354e-15
589 2.62213e-15
590 2.94289e-15
591 3.30159e-15
592 3.70259e-15
593 4.15073e-15
594 4.65141e-15
595 5.21061e-15
596 5.83502e-15
597 6.53204e-15
598 7.30994e-15
599 8.17788e-15
600 9.1461e-15
601 1.0226e-14
602 1.14301e-14
603 1.27726e-14
604 1.42691e-14
605 1.59371e-14
606 1.77961e-14
607 1.98675e-14
608 2.21756e-14
609 2.47471e-14
610 2.76119e-14
611 3.08035e-14
612 3.43588e-14
613 3.83192e-14
614 4.2731e-14
615 4.76455e-14
616 5.31201e-14
617 5.92187e-14
618 6.60126e-14
619 7.35815e-14
620 8.2014e-14
621 9.14091e-14
622 1.01877e-13
623 1.13541e-13
624 1.26539e-13
625 1.41023e-13
626 1.57165e-13
627 1.75155e-13
628 1.95205e-13
629 2.17552e-13
630 2.4246e-13
631 2.70222e-13
632 3.01167e-13
633 3.35658e-13
634 3.74101e-13
635 4.16949e-13
636 4.64703e-13
637 5.17922e-13
638 5.77228e-13
639 6.4331e-13
640 7.16933e-13
641 7.98949e-13
642 8.90301e-13
643 9.92033e-13
644 1.1053e-12
645 1.2314e-12
646 1.37173e-12
647 1.52788e-12
648 1.70158e-12
649 1.89473e-12
650 2.10946e-12
651 2.3481e-12
652 2.61322e-12
653 2.90764e-12
654 3.23447e-12
655 3.59714e-12
656 3.9994e-12
657 4.44536e-12
658 4.93955e-12
659 5.48691e-12
660 6.09285e-12
661 6.76329e-12
662 7.50469e-12
663 8.32409e-12
664 9.22918e-12
665 1.02283e-11
666 1.13306e-11
667 1.25459e-11
668 1.38849e-11
669 1.53593e-11
670 1.69816e-11
671 1.87654e-11
672 2.07255e-11
673 2.28776e-11
674 2.52388e-11
675 2.78275e-11
676 3.06633e-11
677 3.37676e-11
678 3.71628e-11
679 4.08734e-11
680 4.49251e-11
681 4.93456e-11
682 5.41644e-11
683 5.94128e-11
684 6.51239e-11
685 7.1333e-11
686 7.80772e-11
687 8.5396e-11
688 9.33306e-11
689 1.01925e-10
690 1.11224e-10
691 1.21276e-10
692 1.32131e-10
693 1.43841e-10
694 1.56461e-10
695 1.70046e-10
696 1.84654e-10
697 2.00346e-10
698 2.17183e-10
699 2.35227e-10
700 2.54543e-10
701 2.75197e-10
702 2.97255e-10
703 3.20782e-10
704 3.45846e-10
705 3.72513e-10
706 4.00849e-10
707 4.30918e-10
708 4.62784e-10
709 4.96506e-10
710 5.32143e-10
711 5.6975e-10
712 6.09375e-10
713 6.51065e-10
714 6.9486e-10
715 7.40792e-10
716 7.88887e-10
717 8.39165e-10
718 8.91633e-10
719 9.46292e-10
720 1.00313e-09
721 1.06213e-09
722 1.12325e-09
723 1.18644e-09
724 1.25166e-09
725 1.31882e-09
726 1.38783e-09
727 1.45861e-09
728 1.53102e-09
729 1.60496e-09
730 1.68027e-09
731 1.75681e-09
732 1.83442e-09
733 1.91294e-09
734 1.99218e-09
735 2.072e-09
736 2.1522e-09
737 2.23264e-09
738 2.31318e-09
739 2.39369e-09
740 2.47408e-09
741 2.5543e-09
742 2.63435e-09
743 2.71429e-09
744 2.79428e-09
745 2.87456e-09
746 2.95548e-09
747 3.03754e-09
748 3.12139e-09
749 3.20789e-09
750 3.29809e-09
751 3.39332e-09
752 3.49519e-09
753 3.60563e-09
754 3.72698e-09
755 3.86196e-09
756 4.01383e-09
757 4.18636e-09
758 4.38393e-09
759 4.61163e-09
760 4.8753e-09
761 5.18162e-09
762 5.53824e-09
763 5.95384e-09
764 6.43827e-09
765 7.00265e-09
766 7.6595e-09
767 8.4229e-09
768 9.30861e-09
769 1.03342e-08
770 1.15195e-08
771 1.28861e-08
772 1.44584e-08
773 1.62633e-08
774 1.83304e-08
775 2.06927e-08
776 2.3386e-08
777 2.64503e-08
778 2.99291e-08
779 3.38701e-08
780 3.83257e-08
781 4.3353e-08
782 4.90143e-08
783 5.53775e-08
784 6.25164e-08
785 7.05112e-08
786 7.94491e-08
787 8.94243e-08
788 1.00539e-07
789 1.12903e-07
790 1.26636e-07
791 1.41866e-07
792 1.58731e-07
793 1.77381e-07
794 1.97974e-07
795 2.20683e-07
796 2.45691e-07
797 2.73196e-07
798 3.03408e-07
799 3.36553e-07
800 3.72872e-07
801 4.12622e-07
802 4.56076e-07
803 5.03527e-07
804 5.55284e-07
805 6.11678e-07
806 6.7306e-07
807 7.39802e-07
808 8.12298e-07
809 8.90968e-07
810 9.76253e-07
811 1.06862e-06
812 1.16858e-06
813 1.27663e-06
814 1.39335e-06
815 1.5193e-06
816 1.65511e-06
817 1.80143e-06
818 1.95894e-06
819 2.12836e-06
820 2.31045e-06
821 2.50599e-06
822 2.71584e-06
823 2.94087e-06
824 3.18199e-06
825 3.44019e-06
826 3.71647e-06
827 4.01191e-06
828 4.32762e-06
829 4.66477e-06
830 5.02459e-06
831 5.40836e-06
832 5.81744e-06
833 6.25323e-06
834 6.71721e-06
835 7.21093e-06
836 7.73599e-06
837 8.2941e-06
838 8.88702e-06
839 9.5166e-06
840 1.01848e-05
841 1.08936e-05
842 1.16451e-05
843 1.24417e-05
844 1.32855e-05
845 1.4179e-05
846 1.51247e-05
847 1.61254e-05
848 1.71837e-05
849 1.83027e-05
850 1.94853e-05
851 2.07347e-05
852 2.20543e-05
853 2.34476e-05
854 2.49182e-05
855 2.647e-05
856 2.8107e-05
857 2.98334e-05
858 3.16536e-05
859 3.35723e-05
860 3.55944e-05
861 3.77249e-05
862 3.99691e-05
863 4.23327e-05
864 4.48216e-05
865 4.74419e-05
866 5.02001e-05
867 5.3103e-05
868 5.61578e-05
869 5.93718e-05
870 6.2753e-05
871 6.63097e-05
872 7.00504e-05
873 7.39842e-05
874 7.81208e-05
875 8.247e-05
876 8.70423e-05
877 9.18488e-05
878 9.69011e-05
879 0.000102211
880 0.000107792
881 0.000113656
882 0.000119818
883 0.000126293
884 0.000133095
885 0.00014024
886 0.000147747
887 0.000155631
888 0.000163911
889 0.000172607
890 0.000181739
891 0.000191327
892 0.000201394
893 0.000211961
894 0.000223054
895 0.000234697
896 0.000246915
897 0.000259737
898 0.000273189
899 0.000287301
900 0.000302104
901 0.000317629
902 0.000333909
903 0.000350977
904 0.00036887
905 0.000387624
906 0.000407276
907 0.000427867
908 0.000449437
909 0.000472027
910 0.000495682
911 0.000520446
912 0.000546365
913 0.000573487
914 0.000601862
915 0.00063154
916 0.000662572
917 0.000695014
918 0.000728918
919 0.000764343
920 0.000801345
921 0.000839984
922 0.000880321
923 0.000922417
924 0.000966336
925 0.00101214
926 0.0010599
927 0.00110968
928 0.00116155
929 0.00121558
930 0.00127184
931 0.00133039
932 0.00139133
933 0.0014547
934 0.0015206
935 0.0015891
936 0.00166027
937 0.00173418
938 0.00181092
939 0.00189057
940 0.00197319
941 0.00205887
942 0.00214769
943 0.00223972
944 0.00233504
945 0.00243372
946 0.00253585
947 0.0026415
948 0.00275075
949 0.00286366
950 0.00298032
951 0.00310079
952 0.00322515
953 0.00335346
954 0.0034858
955 0.00362222
956 0.00376279
957 0.00390758
958 0.00405663
959 0.00421001
960 0.00436777
961 0.00452996
962 0.00469663
963 0.00486781
964 0.00504356
965 0.0052239
966 0.00540887
967 0.0055985
968 0.00579281
969 0.00599182
970 0.00619554
971 0.00640399
972 0.00661716
973 0.00683506
974 0.00705769
975 0.00728502
976 0.00751705
977 0.00775375
978 0.00799508
979 0.00824102
980 0.00849153
981 0.00874655
982 0.00900602
983 0.0092699
984 0.00953811
985 0.00981057
986 0.0100872
987 0.0103679
988 0.0106526
989 0.0109412
990 0.0112336
991 0.0115297
992 0.0118292
993 0.0121322
994 0.0124384
995 0.0127478
996 0.0130601
997 0.0133753
998 0.013693
999 0.0140133
1000 0.0143358
1001 0.0146605
1002 0.014987
1003 0.0153153
1004 0.0156451
1005 0.0159762
1006 0.0163083
1007 0.0166413
1008 0.016975
1009 0.017309
1010 0.0176432
1011 0.0179773
1012 0.0183111
1013 0.0186443
1014 0.0189767
1015 0.019308
1016 0.0196379
1017 0.0199663
1018 0.0202927
1019 0.020617
1020 0.0209389
1021 0.0212581
1022 0.0215743
1023 0.0218873
1024 0.0221968
1025 0.0225025
1026 0.0228042
1027 0.0231016
1028 0.0233943
1029 0.0236822
1030 0.023965
1031 0.0242424
1032 0.0245141
1033 0.0247799
1034 0.0250396
1035 0.0252929
1036 0.0255395
1037 0.0257792
1038 0.0260119
1039 0.0262371
1040 0.0264548
1041 0.0266647
1042 0.0268666
1043 0.0270603
1044 0.0272456
1045 0.0274223
1046 0.0275902
1047 0.0277493
1048 0.0278992
1049 0.0280399
1050 0.0281712
1051 0.028293
1052 0.0284052
1053 0.0285076
1054 0.0286001
1055 0.0286827
1056 0.0287553
1057 0.0288178
1058 0.0288701
1059 0.0289121
1060 0.028944
1061 0.0289655
1062 0.0289767
1063 0.0289776
1064 0.0289682
1065 0.0289485
1066 0.0289186
1067 0.0288784
1068 0.028828
1069 0.0287675
1070 0.028697
1071 0.0286165
1072 0.0285261
1073 0.0284259
1074 0.028316
1075 0.0281965
1076 0.0280677
1077 0.0279295
1078 0.0277822
1079 0.027626
1080 0.0274609
1081 0.0272871
1082 0.0271049
1083 0.0269144
1084 0.0267158
1085 0.0265094
1086 0.0262953
1087 0.0260737
1088 0.0258449
1089 0.0256091
1090 0.0253665
1091 0.0251174
1092 0.024862
1093 0.0246005
1094 0.0243333
1095 0.0240605
1096 0.0237824
1097 0.0234993
1098 0.0232115
1099 0.0229191
1100 0.0226225
1101 0.0223219
1102 0.0220176
1103 0.0217098
1104 0.0213989
1105 0.0210851
1106 0.0207686
1107 0.0204497
1108 0.0201286
1109 0.0198057
1110 0.0194812
1111 0.0191553
1112 0.0188284
1113 0.0185005
1114 0.018172
1115 0.0178432
1116 0.0175142
1117 0.0171852
1118 0.0168566
1119 0.0165286
1120 0.0162013
1121 0.0158749
1122 0.0155497
1123 0.015226
1124 0.0149037
1125 0.0145833
1126 0.0142648
1127 0.0139484
1128 0.0136343
1129 0.0133226
1130 0.0130136
1131 0.0127074
1132 0.012404
1133 0.0121038
1134 0.0118067
1135 0.0115129
1136 0.0112226
1137 0.0109358
1138 0.0106527
1139 0.0103733
1140 0.0100978
1141 0.00982617
1142 0.00955858
1143 0.00929509
1144 0.00903575
1145 0.00878063
1146 0.00852978
1147 0.00828324
1148 0.00804108
1149 0.00780331
1150 0.00756998
1151 0.00734111
1152 0.00711672
1153 0.00689682
1154 0.00668143
1155 0.00647056
1156 0.00626419
1157 0.00606234
1158 0.00586498
1159 0.00567212
1160 0.00548372
1161 0.00529977
1162 0.00512025
1163 0.00494512
1164 0.00477435
1165 0.00460792
1166 0.00444577
1167 0.00428787
1168 0.00413417
1169 0.00398463
1170 0.00383919
1171 0.00369781
1172 0.00356043
1173 0.00342699
1174 0.00329743
1175 0.0031717
1176 0.00304973
1177 0.00293145
1178 0.00281682
1179 0.00270575
1180 0.00259818
1181 0.00249405
1182 0.00239329
1183 0.00229582
1184 0.00220158
1185 0.0021105
1186 0.00202251
1187 0.00193754
1188 0.00185551
1189 0.00177636
1190 0.00170001
1191 0.0016264
1192 0.00155546
1193 0.00148711
1194 0.0014213
1195 0.00135794
1196 0.00129697
1197 0.00123832
1198 0.00118194
1199 0.00112774
1200 0.00107567
1201 0.00102567
1202 0.000977662
1203 0.000931592
1204 0.000887399
1205 0.000845022
1206 0.000804402
1207 0.000765481
1208 0.000728202
1209 0.000692509
1210 0.000658348
1211 0.000625665
1212 0.000594408
1213 0.000564527
1214 0.000535971
1215 0.000508692
1216 0.000482642
1217 0.000457776
1218 0.000434048
1219 0.000411415
1220 0.000389834
1221 0.000369264
1222 0.000349665
1223 0.000330998
1224 0.000313224
1225 0.000296309
1226 0.000280215
1227 0.000264908
1228 0.000250356
1229 0.000236527
1230 0.000223388
1231 0.000210911
1232 0.000199065
1233 0.000187824
1234 0.00017716
1235 0.000167048
1236 0.000157461
1237 0.000148377
1238 0.000139771
1239 0.000131622
1240 0.000123907
1241 0.000116608
1242 0.000109703
1243 0.000103173
1244 9.70007e-05
1245 9.11682e-05
1246 8.56589e-05
1247 8.04565e-05
1248 7.55458e-05
1249 7.0912e-05
1250 6.6541e-05
1251 6.24194e-05
1252 5.85343e-05
1253 5.48733e-05
1254 5.14249e-05
1255 4.81777e-05
1256 4.5121e-05
1257 4.22448e-05
1258 3.95393e-05
1259 3.69952e-05
1260 3.46037e-05
1261 3.23564e-05
1262 3.02455e-05
1263 2.82632e-05
1264 2.64024e-05
1265 2.46563e-05
1266 2.30183e-05
1267 2.14822e-05
1268 2.00423e-05
1269 1.8693e-05
1270 1.74289e-05
1271 1.62451e-05
1272 1.51369e-05
1273 1.40999e-05
1274 1.31297e-05
1275 1.22224e-05
1276 1.13741e-05
1277 1.05814e-05
1278 9.84081e-06
1279 9.14913e-06
1280 8.50338e-06
1281 7.90069e-06
1282 7.33839e-06
1283 6.81395e-06
1284 6.32499e-06
1285 5.86925e-06
1286 5.44462e-06
1287 5.04912e-06
1288 4.68086e-06
1289 4.33809e-06
1290 4.01914e-06
1291 3.72247e-06
1292 3.4466e-06
1293 3.19017e-06
1294 2.95189e-06
1295 2.73054e-06
1296 2.52499e-06
1297 2.33417e-06
1298 2.1571e-06
1299 1.99282e-06
1300 1.84048e-06
1301 1.69925e-06
1302 1.56835e-06
1303 1.44709e-06
1304 1.33478e-06
1305 1.2308e-06
1306 1.13456e-06
1307 1.04551e-06
1308 9.63151e-07
1309 8.87e-07
1310 8.16612e-07
1311 7.51574e-07
1312 6.91497e-07
1313 6.36022e-07
1314 5.84814e-07
1315 5.37559e-07
1316 4.93968e-07
1317 4.53768e-07
1318 4.16709e-07
1319 3.82557e-07
1320 3.51093e-07
1321 3.22116e-07
1322 2.95438e-07
1323 2.70884e-07
1324 2.48293e-07
1325 2.27515e-07
1326 2.0841e-07
1327 1.9085e-07
1328 1.74715e-07
1329 1.59893e-07
1330 1.46284e-07
1331 1.33791e-07
1332 1.22327e-07
1333 1.1181e-07
1334 1.02165e-07
1335 9.33235e-08
1336 8.52205e-08
1337 7.77968e-08
1338 7.09978e-08
1339 6.47728e-08
1340 5.90752e-08
1341 5.38621e-08
1342 4.90938e-08
1343 4.47338e-08
1344 4.07484e-08
1345 3.71066e-08
1346 3.37798e-08
1347 3.07418e-08
1348 2.79684e-08
1349 2.54374e-08
1350 2.31283e-08
1351 2.10223e-08
1352 1.91023e-08
1353 1.73522e-08
1354 1.57577e-08
1355 1.43053e-08
1356 1.29829e-08
1357 1.1779e-08
1358 1.06836e-08
1359 9.68704e-09
1360 8.78079e-09
1361 7.9569e-09
1362 7.20813e-09
1363 6.52784e-09
1364 5.90997e-09
1365 5.34896e-09
1366 4.83974e-09
1367 4.37768e-09
1368 3.95854e-09
1369 3.57846e-09
1370 3.23389e-09
1371 2.92163e-09
1372 2.63873e-09
1373 2.38251e-09
1374 2.15052e-09
1375 1.94055e-09
1376 1.75055e-09
1377 1.57869e-09
1378 1.42328e-09
1379 1.28278e-09
1380 1.15581e-09
1381 1.0411e-09
1382 9.375e-10
1383 8.43958e-10
1384 7.59525e-10
1385 6.83338e-10
1386 6.14612e-10
1387 5.52636e-10
1388 4.96764e-10
1389 4.46409e-10
1390 4.01042e-10
1391 3.60179e-10
1392 3.23386e-10
1393 2.90267e-10
1394 2.60463e-10
1395 2.33652e-10
1396 2.09539e-10
1397 1.87861e-10
1398 1.68376e-10
1399 1.50869e-10
1400 1.35142e-10
1401 1.2102e-10
1402 1.08343e-10
1403 9.69651e-11
1404 8.67573e-11
1405 7.76017e-11
1406 6.93924e-11
1407 6.20336e-11
1408 5.54392e-11
1409 4.95316e-11
1410 4.42407e-11
1411 3.95037e-11
1412 3.52638e-11
1413 3.14699e-11
1414 2.80761e-11
1415 2.50411e-11
1416 2.23278e-11
1417 1.99028e-11
1418 1.77361e-11
1419 1.58007e-11
1420 1.40725e-11
1421 1.25298e-11
1422 1.11529e-11
1423 9.92456e-12
1424 8.82895e-12
1425 7.85204e-12
1426 6.98123e-12
1427 6.20522e-12
1428 5.51389e-12
1429 4.89818e-12
1430 4.34997e-12
1431 3.86202e-12
1432 3.42782e-12
1433 3.04157e-12
1434 2.69807e-12
1435 2.39268e-12
1436 2.12125e-12
1437 1.88007e-12
1438 1.66583e-12
1439 1.47559e-12
1440 1.30669e-12
1441 1.1568e-12
1442 1.02381e-12
1443 9.05848e-13
1444 8.01248e-13
1445 7.08523e-13
1446 6.26349e-13
1447 5.53547e-13
1448 4.89067e-13
1449 4.31973e-13
1450 3.81436e-13
1451 3.36714e-13
1452 2.97151e-13
1453 2.62161e-13
1454 2.31225e-13
1455 2.03881e-13
1456 1.79719e-13
1457 1.58375e-13
1458 1.39526e-13
1459 1.22885e-13
1460 1.08198e-13
1461 9.52385e-14
1462 8.38075e-14
1463 7.37274e-14
1464 6.48412e-14
1465 5.70097e-14
1466 5.01097e-14
1467 4.40322e-14
1468 3.86808e-14
1469 3.39701e-14
1470 2.98245e-14
1471 2.61774e-14
1472 2.29697e-14
1473 2.01494e-14
1474 1.76703e-14
1475 1.54918e-14
1476 1.3578e-14
1477 1.18973e-14
1478 1.04216e-14
1479 9.12644e-15
1480 7.98994e-15
1481 6.99298e-15
1482 6.11869e-15
1483 5.3522e-15
1484 4.68041e-15
1485 4.09178e-15
1486 3.57618e-15
1487 3.12466e-15
1488 2.72939e-15
1489 2.38345e-15
1490 2.08078e-15
1491 1.81603e-15
1492 1.58453e-15
1493 1.38215e-15
1494 1.20528e-15
1495 1.05075e-15
1496 9.15785e-16
1497 7.97931e-16
1498 6.95052e-16
1499 6.05269e-16
1500 5.26938e-16
1501 4.58618e-16
1502 3.99045e-16
1503 3.47116e-16
1504 3.01861e-16
1505 2.62434e-16
1506 2.28094e-16
1507 1.98194e-16
1508 1.72166e-16
1509 1.49515e-16
1510 1.29809e-16
1511 1.12669e-16
1512 9.77657e-17
1513 8.48108e-17
1514 7.35525e-17
1515 6.37714e-17
1516 5.52761e-17
1517 4.78994e-17
1518 4.1496e-17
1519 3.59389e-17
1520 3.11175e-17
1521 2.69357e-17
1522 2.33096e-17
1523 2.01662e-17
1524 1.7442e-17
1525 1.50818e-17
1526 1.30374e-17
1527 1.12671e-17
1528 9.73458e-18
1529 8.40824e-18
1530 7.26067e-18
1531 6.26803e-18
1532 5.40965e-18
1533 4.66757e-18
1534 4.0262e-18
1535 3.47203e-18
1536 2.99333e-18
1537 2.57994e-18
1538 2.22304e-18
1539 1.915e-18
1540 1.6492e-18
1541 1.41991e-18
1542 1.22217e-18
1543 1.05169e-18
1544 9.04741e-19
1545 7.78117e-19
1546 6.69035e-19
1547 5.75089e-19
1548 4.94203e-19
1549 4.24578e-19
1550 3.64664e-19
1551 3.13121e-19
1552 2.6879e-19
1553 2.30673e-19
1554 1.97908e-19
1555 1.69751e-19
1556 1.4556e-19
1557 1.24783e-19
1558 1.06943e-19
1559 9.16288e-20
1560 7.84861e-20
1561 6.72103e-20
1562 5.75388e-20
1563 4.92457e-20
1564 4.21365e-20
1565 3.60437e-20
1566 3.08236e-20
1567 2.63523e-20
1568 2.25235e-20
1569 1.92458e-20
1570 1.64405e-20
1571 1.40404e-20
1572 1.19874e-20
1573 1.02318e-20
1574 8.73091e-21
1575 7.44817e-21
1576 6.35217e-21
1577 5.41597e-21
1578 4.61649e-21
1579 3.93396e-21
1580 3.35143e-21
1581 2.85438e-21
1582 2.43039e-21
1583 2.06882e-21
1584 1.76056e-21
1585 1.49782e-21
1586 1.27395e-21
1587 1.08325e-21
1588 9.20845e-22
1589 7.82576e-22
1590 6.64889e-22
1591 5.64748e-22
1592 4.79561e-22
1593 4.07113e-22
1594 3.45517e-22
1595 2.93162e-22
1596 2.48673e-22
1597 2.10879e-22
1598 1.78781e-22
1599 1.51528e-22
1600 1.28395e-22
1601 1.08765e-22
1602 9.2111e-23
1603 7.79865e-23
1604 6.60104e-23
1605 5.58585e-23
1606 4.72553e-23
1607 3.99666e-23
1608 3.37931e-23
1609 2.85657e-23
1610 2.41405e-23
1611 2.03955e-23
1612 1.72269e-23
1613 1.45467e-23
1614 1.22803e-23
1615 1.03643e-23
1616 8.74492e-24
1617 7.37663e-24
1618 6.22081e-24
1619 5.24471e-24
1620 4.42062e-24
1621 3.72504e-24
1622 3.13809e-24
1623 2.64294e-24
1624 2.22533e-24
1625 1.87322e-24
1626 1.57642e-24
1627 1.3263e-24
1628 1.11557e-24
1629 9.3808e-25
1630 7.88624e-25
1631 6.62807e-25
1632 5.56919e-25
1633 4.67825e-25
1634 3.92882e-25
1635 3.29859e-25
1636 2.76873e-25
1637 2.32339e-25
1638 1.94917e-25
1639 1.63479e-25
1640 1.37077e-25
1641 1.14909e-25
1642 9.63004e-26
1643 8.06846e-26
1644 6.75833e-26
1645 5.65946e-26
1646 4.73802e-26
1647 3.96557e-26
1648 3.31819e-26
1649 2.77576e-26
1650 2.3214e-26
1651 1.9409e-26
1652 1.62234e-26
1653 1.35572e-26
1654 1.13261e-26
1655 9.45969e-27
1656 7.89877e-27
1657 6.59368e-27
1658 5.50276e-27
1659 4.59113e-27
1660 3.8295e-27
1661 3.19338e-27
1662 2.66222e-27
1663 2.21882e-27
1664 1.84878e-27
1665 1.54004e-27
1666 1.28251e-27
1667 1.06777e-27
1668 8.88745e-28
1669 7.39538e-28
1670 6.15217e-28
1671 5.11657e-28
1672 4.25417e-28
1673 3.53617e-28
1674 2.93857e-28
1675 2.4413e-28
1676 2.02764e-28
1677 1.68362e-28
1678 1.39759e-28
1679 1.15985e-28
1680 9.62284e-29
1681 7.9816e-29
1682 6.6185e-29
1683 5.48672e-29
1684 4.54725e-29
1685 3.76764e-29
1686 3.12085e-29
1687 2.58439e-29
1688 2.13958e-29
1689 1.77085e-29
1690 1.46528e-29
1691 1.21211e-29
1692 1.00241e-29
1693 8.28768e-30
1694 6.85023e-30
1695 5.66058e-30
1696 4.67629e-30
1697 3.86212e-30
1698 3.18885e-30
1699 2.63225e-30
1700 2.17222e-30
1701 1.79212e-30
1702 1.47813e-30
1703 1.21883e-30
1704 1.00476e-30
1705 8.28062e-31
1706 6.8226e-31
1707 5.61982e-31
1708 4.62786e-31
1709 3.80999e-31
1710 3.13584e-31
1711 2.5803e-31
1712 2.12262e-31
1713 1.74566e-31
1714 1.43527e-31
1715 1.17976e-31
1716 9.69489e-32
1717 7.96485e-32
1718 6.54182e-32
1719 5.37164e-32
1720 4.40964e-32
1721 3.61898e-32
1722 2.96931e-32
1723 2.43564e-32
1724 1.99737e-32
1725 1.63754e-32
1726 1.34218e-32
1727 1.09981e-32
1728 9.00979e-33
1729 7.37901e-33
1730 6.04183e-33
1731 4.9457e-33
1732 4.04738e-33
1733 3.31137e-33
1734 2.70851e-33
1735 2.21483e-33
1736 1.81066e-33
1737 1.47986e-33
1738 1.20919e-33
1739 9.87764e-34
1740 8.06678e-34
1741 6.58619e-34
1742 5.37595e-34
1743 4.38696e-34
1744 3.57897e-34
1745 2.91904e-34
1746 2.38017e-34
1747 1.94027e-34
1748 1.58126e-34
1749 1.28834e-34
1750 1.0494e-34
1751 8.54555e-35
1752 6.95702e-35
1753 5.66228e-35
1754 4.60728e-35
1755 3.74785e-35
1756 3.04793e-35
1757 2.47806e-35
1758 2.0142e-35
1759 1.63673e-35
1760 1.32964e-35
1761 1.07988e-35
1762 8.76797e-36
1763 7.11714e-36
1764 5.77556e-36
1765 4.6856e-36
1766 3.8003e-36
1767 3.08143e-36
1768 2.49787e-36
1769 2.02426e-36
1770 1.64e-36
1771 1.32832e-36
1772 1.07558e-36
1773 8.70686e-37
1774 7.0463e-37
1775 5.70086e-37
1776 4.61104e-37
1777 3.72852e-37
1778 3.01408e-37
1779 2.43585e-37
1780 1.968e-37
1781 1.58957e-37
1782 1.28355e-37
1783 1.03615e-37
1784 8.36202e-38
1785 6.74649e-38
1786 5.44155e-38
1787 4.38779e-38
1788 3.5371e-38
1789 2.85053e-38
1790 2.29658e-38
1791 1.84976e-38
1792 1.48945e-38
1793 1.19899e-38
1794 9.64903e-39
1795 7.76298e-39
1796 6.24382e-39
1797 5.02054e-39
1798 4.03579e-39
1799 3.24327e-39
1800 2.60566e-39
1801 2.0928e-39
1802 1.68042e-39
1803 1.34892e-39
1804 1.08251e-39
1805 8.68472e-40
1806 6.9656e-40
1807 5.58521e-40
1808 4.47713e-40
1809 3.58789e-40
1810 2.87447e-40
1811 2.30226e-40
1812 1.84345e-40
1813 1.47567e-40
1814 1.18093e-40
1815 9.44803e-41
1816 7.5568e-41
1817 6.04248e-41
1818 4.83028e-41
1819 3.86021e-41
1820 3.08411e-41
1821 2.46337e-41
1822 1.96703e-41
1823 1.57027e-41
1824 1.25319e-41
1825 9.99873e-42
1826 7.97541e-42
1827 6.35979e-42
1828 5.07009e-42
1829 4.04082e-42
1830 3.21964e-42
1831 2.56464e-42
1832 2.04234e-42
1833 1.62597e-42
1834 1.29414e-42
1835 1.02975e-42
1836 8.19151e-43
1837 6.51448e-43
1838 5.17939e-43
1839 4.1168e-43
1840 3.27133e-43
1841 2.59879e-43
1842 2.06396e-43
1843 1.63875e-43
1844 1.30079e-43
1845 1.03225e-43
1846 8.18921e-44
1847 6.49505e-44
1848 5.14997e-44
1849 4.08233e-44
1850 3.23514e-44
1851 2.56306e-44
1852 2.03004e-44
1853 1.60742e-44
1854 1.27244e-44
1855 1.00698e-44
1856 7.96685e-45
1857 6.3013e-45
1858 4.98255e-45
1859 3.93869e-45
1860 3.11263e-45
1861 2.45913e-45
1862 1.94228e-45
1863 1.53362e-45
1864 1.21059e-45
1865 9.55326e-46
1866 7.53668e-46
1867 5.94404e-46
1868 4.68658e-46
1869 3.69405e-46
1870 2.91085e-46
1871 2.29302e-46
1872 1.80578e-46
1873 1.42165e-46
1874 1.11889e-46
1875 8.80338e-47
1876 6.92434e-47
1877 5.44469e-47
1878 4.27989e-47
1879 3.36323e-47
1880 2.64207e-47
1881 2.07489e-47
1882 1.62894e-47
1883 1.27843e-47
1884 1.00302e-47
1885 7.86687e-48
1886 6.1681e-48
1887 4.83457e-48
1888 3.7881e-48
1889 2.96715e-48
1890 2.32334e-48
1891 1.81861e-48
1892 1.42305e-48
1893 1.11314e-48
1894 8.7043e-49
1895 6.80404e-49
1896 5.31678e-49
1897 4.15316e-49
1898 3.24307e-49
1899 2.53151e-49
1900 1.97538e-49
1901 1.54086e-49
1902 1.20149e-49
1903 9.36533e-50
1904 7.29736e-50
1905 5.68395e-50
1906 4.42563e-50
1907 3.4446e-50
1908 2.68005e-50
1909 2.08441e-50
1910 1.62054e-50
1911 1.25943e-50
1912 9.78418e-51
1913 7.59816e-51
1914 5.8983e-51
1915 4.57697e-51
1916 3.55027e-51
1917 2.75281e-51
1918 2.13364e-51
1919 1.65309e-51
1920 1.28027e-51
1921 9.91143e-52
1922 7.67005e-52
1923 5.93318e-52
1924 4.58778e-52
1925 3.54605e-52
1926 2.73975e-52
1927 2.11594e-52
1928 1.6335e-52
1929 1.26054e-52
1930 9.72342e-53
1931 7.49727e-53
1932 5.77841e-53
1933 4.45179e-53
1934 3.42833e-53
1935 2.63906e-53
1936 2.03065e-53
1937 1.56186e-53
1938 1.20079e-53
1939 9.22799e-54
1940 7.0887e-54
1941 5.44306e-54
1942 4.17768e-54
1943 3.20512e-54
1944 2.45793e-54
1945 1.88412e-54
1946 1.44365e-54
1947 1.10569e-54
1948 8.46475e-55
1949 6.47754e-55
1950 4.95473e-55
1951 3.78828e-55
1952 2.89519e-55
1953 2.21169e-55
1954 1.68882e-55
1955 1.289e-55
1956 9.83409e-56
1957 7.49939e-56
1958 5.71648e-56
1959 4.35554e-56
1960 3.31715e-56
1961 2.52521e-56
1962 1.9215e-56
1963 1.46147e-56
1964 1.1111e-56
1965 8.44346e-57
1966 6.41354e-57
1967 4.86949e-57
1968 3.69554e-57
1969 2.80336e-57
1970 2.12563e-57
1971 1.61104e-57
1972 1.22048e-57
1973 9.24187e-58
1974 6.99517e-58
1975 5.29228e-58
1976 4.00216e-58
1977 3.02518e-58
1978 2.28568e-58
1979 1.72618e-58
1980 1.30305e-58
1981 9.83205e-59
1982 7.41535e-59
1983 5.59017e-59
1984 4.21235e-59
1985 3.1727e-59
1986 2.38857e-59
1987 1.79743e-59
1988 1.35199e-59
1989 1.01648e-59
1990 7.63885e-60
1991 5.73803e-60
1992 4.30827e-60
1993 3.23331e-60
1994 2.42547e-60
1995 1.81865e-60
1996 1.36304e-60
1997 1.02111e-60
1998 7.64607e-61
1999 5.72282e-61
2000 4.2814e-61
2001 3.2016e-61
2002 2.39305e-61
2003 1.78789e-61
2004 1.33516e-61
2005 9.96623e-62
2006 7.43589e-62
2007 5.54548e-62
2008 4.1338e-62
2009 3.08009e-62
2010 2.29395e-62
2011 1.70768e-62
2012 1.27068e-62
2013 9.45079e-63
2014 7.02597e-63
2015 5.22096e-63
2016 3.87793e-63
2017 2.8791e-63
2018 2.13659e-63
2019 1.58488e-63
2020 1.17511e-63
2021 8.70919e-64
2022 6.45198e-64
2023 4.77782e-64
2024 3.53667e-64
2025 2.61695e-64
2026 1.93574e-64
2027 1.43141e-64
2028 1.0582e-64
2029 7.82147e-65
2030 5.78057e-65
2031 4.27238e-65
2032 3.15838e-65
2033 2.33592e-65
2034 1.72901e-65
2035 1.28138e-65
2036 9.51408e-66
2037 7.08304e-66
2038 5.29324e-66
2039 3.97667e-66
2040 3.00936e-66
2041 2.2999e-66
2042 1.78107e-66
2043 1.40354e-66
2044 1.1313e-66
2045 9.38292e-67
2046 8.05996e-67
2047 7.21663e-67
