0 1.61906e-46
1 1.47583e-46
2 1.37418e-46
3 1.30927e-46
4 1.278e-46
5 1.2788e-46
6 1.31159e-46
7 1.37778e-46
8 1.48027e-46
9 1.62363e-46
10 1.81424e-46
11 2.0606e-46
12 2.37371e-46
13 2.7675e-46
14 3.25946e-46
15 3.87138e-46
16 4.63032e-46
17 5.56973e-46
18 6.73092e-46
19 8.16482e-46
20 9.93416e-46
21 1.21161e-45
22 1.48058e-45
23 1.81198e-45
24 2.22016e-45
25 2.72277e-45
26 3.34146e-45
27 4.10284e-45
28 5.03954e-45
29 6.19162e-45
30 7.60828e-45
31 9.34983e-45
32 1.14902e-44
33 1.412e-44
34 1.73506e-44
35 2.1318e-44
36 2.61892e-44
37 3.21684e-44
38 3.95061e-44
39 4.85087e-44
40 5.95511e-44
41 7.30921e-44
42 8.9693e-44
43 1.10041e-43
44 1.34975e-43
45 1.65521e-43
46 2.02932e-43
47 2.48743e-43
48 3.04825e-43
49 3.73462e-43
50 4.57445e-43
51 5.60182e-43
52 6.85832e-43
53 8.39462e-43
54 1.02726e-42
55 1.25677e-42
56 1.5372e-42
57 1.87975e-42
58 2.29807e-42
59 2.80883e-42
60 3.4323e-42
61 4.19314e-42
62 5.1214e-42
63 6.25371e-42
64 7.63458e-42
65 9.31813e-42
66 1.13702e-41
67 1.38709e-41
68 1.69177e-41
69 2.06289e-41
70 2.51483e-41
71 3.06505e-41
72 3.73478e-41
73 4.54982e-41
74 5.54141e-41
75 6.74749e-41
76 8.21421e-41
77 9.99747e-41
78 1.2165e-40
79 1.47989e-40
80 1.7999e-40
81 2.18861e-40
82 2.66064e-40
83 3.23372e-40
84 3.92932e-40
85 4.77346e-40
86 5.79759e-40
87 7.03978e-40
88 8.54615e-40
89 1.03724e-39
90 1.25861e-39
91 1.52685e-39
92 1.85184e-39
93 2.24546e-39
94 2.72213e-39
95 3.2992e-39
96 3.99766e-39
97 4.84285e-39
98 5.86535e-39
99 7.10206e-39
100 8.59747e-39
101 1.04053e-38
102 1.25903e-38
103 1.52305e-38
104 1.84199e-38
105 2.2272e-38
106 2.69231e-38
107 3.25379e-38
108 3.93141e-38
109 4.74902e-38
110 5.73529e-38
111 6.92473e-38
112 8.35885e-38
113 1.00876e-37
114 1.21709e-37
115 1.46809e-37
116 1.77043e-37
117 2.13454e-37
118 2.57291e-37
119 3.10055e-37
120 3.73552e-37
121 4.49945e-37
122 5.41832e-37
123 6.52328e-37
124 7.85172e-37
125 9.44845e-37
126 1.13672e-36
127 1.36723e-36
128 1.64411e-36
129 1.97659e-36
130 2.37574e-36
131 2.85482e-36
132 3.42971e-36
133 4.11942e-36
134 4.94665e-36
135 5.93862e-36
136 7.12785e-36
137 8.55326e-36
138 1.02613e-35
139 1.23076e-35
140 1.47585e-35
141 1.76934e-35
142 2.12071e-35
143 2.54127e-35
144 3.04451e-35
145 3.64657e-35
146 4.36669e-35
147 5.2278e-35
148 6.25726e-35
149 7.48773e-35
150 8.95812e-35
151 1.07148e-34
152 1.28129e-34
153 1.53183e-34
154 1.83094e-34
155 2.18794e-34
156 2.61394e-34
157 3.12216e-34
158 3.72833e-34
159 4.45114e-34
160 5.31283e-34
161 6.33986e-34
162 7.56366e-34
163 9.02155e-34
164 1.07579e-33
165 1.28254e-33
166 1.52867e-33
167 1.8216e-33
168 2.17014e-33
169 2.58476e-33
170 3.07787e-33
171 3.66418e-33
172 4.36113e-33
173 5.18941e-33
174 6.17352e-33
175 7.3425e-33
176 8.73075e-33
177 1.0379e-32
178 1.23355e-32
179 1.46572e-32
180 1.74118e-32
181 2.06791e-32
182 2.45537e-32
183 2.91473e-32
184 3.45919e-32
185 4.10439e-32
186 4.86877e-32
187 5.77413e-32
188 6.84622e-32
189 8.11543e-32
190 9.61768e-32
191 1.13953e-31
192 1.34983e-31
193 1.59856e-31
194 1.89269e-31
195 2.2404e-31
196 2.65137e-31
197 3.137e-31
198 3.71071e-31
199 4.38832e-31
200 5.18846e-31
201 6.13306e-31
202 7.24796e-31
203 8.56355e-31
204 1.01156e-30
205 1.19462e-30
206 1.41047e-30
207 1.66495e-30
208 1.96489e-30
209 2.31833e-30
210 2.73471e-30
211 3.22513e-30
212 3.80263e-30
213 4.48249e-30
214 5.2827e-30
215 6.22432e-30
216 7.33208e-30
217 8.63499e-30
218 1.01671e-29
219 1.19682e-29
220 1.40852e-29
221 1.65727e-29
222 1.94951e-29
223 2.29274e-29
224 2.69577e-29
225 3.1689e-29
226 3.72419e-29
227 4.37577e-29
228 5.14012e-29
229 6.03658e-29
230 7.08769e-29
231 8.31986e-29
232 9.76391e-29
233 1.14559e-28
234 1.34379e-28
235 1.5759e-28
236 1.84766e-28
237 2.16576e-28
238 2.53803e-28
239 2.97357e-28
240 3.48302e-28
241 4.07877e-28
242 4.77527e-28
243 5.58936e-28
244 6.54067e-28
245 7.65206e-28
246 8.95014e-28
247 1.04659e-27
248 1.22355e-27
249 1.43008e-27
250 1.67107e-27
251 1.95221e-27
252 2.2801e-27
253 2.66243e-27
254 3.10814e-27
255 3.62759e-27
256 4.23286e-27
257 4.93795e-27
258 5.75913e-27
259 6.71529e-27
260 7.82836e-27
261 9.12378e-27
262 1.06311e-26
263 1.23845e-26
264 1.44238e-26
265 1.67949e-26
266 1.95513e-26
267 2.27548e-26
268 2.64771e-26
269 3.08012e-26
270 3.58232e-26
271 4.16544e-26
272 4.84237e-26
273 5.62801e-26
274 6.5396e-26
275 7.59711e-26
276 8.82359e-26
277 1.02457e-25
278 1.18943e-25
279 1.3805e-25
280 1.60189e-25
281 1.85836e-25
282 2.15539e-25
283 2.49932e-25
284 2.89746e-25
285 3.35824e-25
286 3.89139e-25
287 4.50813e-25
288 5.22139e-25
289 6.04608e-25
290 6.99939e-25
291 8.1011e-25
292 9.374e-25
293 1.08443e-24
294 1.25423e-24
295 1.45027e-24
296 1.67655e-24
297 1.93768e-24
298 2.23893e-24
299 2.58641e-24
300 2.98708e-24
301 3.449e-24
302 3.98139e-24
303 4.59484e-24
304 5.30153e-24
305 6.11542e-24
306 7.05255e-24
307 8.13131e-24
308 9.3728e-24
309 1.08012e-23
310 1.24443e-23
311 1.43338e-23
312 1.65063e-23
313 1.90034e-23
314 2.18729e-23
315 2.51697e-23
316 2.89564e-23
317 3.33047e-23
318 3.82968e-23
319 4.40266e-23
320 5.06015e-23
321 5.81445e-23
322 6.67959e-23
323 7.67164e-23
324 8.80893e-23
325 1.01124e-22
326 1.16061e-22
327 1.33172e-22
328 1.52771e-22
329 1.75212e-22
330 2.00904e-22
331 2.30309e-22
332 2.63956e-22
333 3.0245e-22
334 3.46476e-22
335 3.96821e-22
336 4.54375e-22
337 5.20158e-22
338 5.95329e-22
339 6.81206e-22
340 7.79292e-22
341 8.91297e-22
342 1.01917e-21
343 1.16511e-21
344 1.33165e-21
345 1.52165e-21
346 1.73836e-21
347 1.98546e-21
348 2.26718e-21
349 2.58826e-21
350 2.95413e-21
351 3.37094e-21
352 3.84566e-21
353 4.38621e-21
354 5.00156e-21
355 5.70189e-21
356 6.49876e-21
357 7.40523e-21
358 8.43613e-21
359 9.60825e-21
360 1.09406e-20
361 1.24547e-20
362 1.41749e-20
363 1.61288e-20
364 1.83476e-20
365 2.08665e-20
366 2.37255e-20
367 2.69695e-20
368 3.06495e-20
369 3.48231e-20
370 3.95553e-20
371 4.49193e-20
372 5.09982e-20
373 5.78853e-20
374 6.56862e-20
375 7.45199e-20
376 8.45206e-20
377 9.58395e-20
378 1.08647e-19
379 1.23136e-19
380 1.39523e-19
381 1.5805e-19
382 1.78995e-19
383 2.02664e-19
384 2.29408e-19
385 2.59616e-19
386 2.93731e-19
387 3.32248e-19
388 3.75724e-19
389 4.24787e-19
390 4.8014e-19
391 5.42577e-19
392 6.12986e-19
393 6.92368e-19
394 7.81844e-19
395 8.82675e-19
396 9.96276e-19
397 1.12423e-18
398 1.26833e-18
399 1.43057e-18
400 1.61318e-18
401 1.81868e-18
402 2.0499e-18
403 2.30998e-18
404 2.60246e-18
405 2.9313e-18
406 3.30095e-18
407 3.71636e-18
408 4.18311e-18
409 4.7074e-18
410 5.29621e-18
411 5.95731e-18
412 6.69941e-18
413 7.53223e-18
414 8.46666e-18
415 9.51483e-18
416 1.06903e-17
417 1.20083e-17
418 1.34856e-17
419 1.51411e-17
420 1.6996e-17
421 1.90736e-17
422 2.14001e-17
423 2.40047e-17
424 2.692e-17
425 3.01821e-17
426 3.38314e-17
427 3.79127e-17
428 4.24761e-17
429 4.75772e-17
430 5.32777e-17
431 5.96466e-17
432 6.67601e-17
433 7.47034e-17
434 8.35709e-17
435 9.34674e-17
436 1.04509e-16
437 1.16826e-16
438 1.30561e-16
439 1.45873e-16
440 1.62939e-16
441 1.81955e-16
442 2.03138e-16
443 2.26729e-16
444 2.52993e-16
445 2.82227e-16
446 3.14757e-16
447 3.50946e-16
448 3.91195e-16
449 4.35947e-16
450 4.85694e-16
451 5.40978e-16
452 6.024e-16
453 6.70624e-16
454 7.46386e-16
455 8.30496e-16
456 9.23852e-16
457 1.02744e-15
458 1.14237e-15
459 1.26983e-15
460 1.41117e-15
461 1.56785e-15
462 1.74151e-15
463 1.93394e-15
464 2.14712e-15
465 2.38322e-15
466 2.64467e-15
467 2.93411e-15
468 3.25447e-15
469 3.60898e-15
470 4.00118e-15
471 4.435e-15
472 4.91473e-15
473 5.44514e-15
474 6.03143e-15
475 6.67937e-15
476 7.39526e-15
477 8.18608e-15
478 9.05946e-15
479 1.00238e-14
480 1.10884e-14
481 1.22634e-14
482 1.35598e-14
483 1.49901e-14
484 1.65675e-14
485 1.83069e-14
486 2.02245e-14
487 2.23379e-14
488 2.46667e-14
489 2.72321e-14
490 3.00576e-14
491 3.31686e-14
492 3.65933e-14
493 4.03621e-14
494 4.45088e-14
495 4.907e-14
496 5.40856e-14
497 5.95997e-14
498 6.566e-14
499 7.23187e-14
500 7.96331e-14
501 8.76653e-14
502 9.64833e-14
503 1.06161e-13
504 1.1678e-13
505 1.28427e-13
506 1.41199e-13
507 1.552e-13
508 1.70544e-13
509 1.87354e-13
510 2.05765e-13
511 2.25924e-13
512 2.47989e-13
513 2.72135e-13
514 2.98548e-13
515 3.27434e-13
516 3.59014e-13
517 3.93529e-13
518 4.31241e-13
519 4.72433e-13
520 5.17415e-13
521 5.6652e-13
522 6.2011e-13
523 6.78579e-13
524 7.42353e-13
525 8.11894e-13
526 8.87703e-13
527 9.70323e-13
528 1.06034e-12
529 1.15839e-12
530 1.26517e-12
531 1.38143e-12
532 1.50796e-12
533 1.64566e-12
534 1.79546e-12
535 1.95839e-12
536 2.13557e-12
537 2.3282e-12
538 2.53758e-12
539 2.76512e-12
540 3.01234e-12
541 3.28089e-12
542 3.57255e-12
543 3.88926e-12
544 4.23308e-12
545 4.60628e-12
546 5.01129e-12
547 5.45074e-12
548 5.92747e-12
549 6.44455e-12
550 7.0053e-12
551 7.61328e-12
552 8.27237e-12
553 8.98672e-12
554 9.76083e-12
555 1.05995e-11
556 1.15081e-11
557 1.24921e-11
558 1.35576e-11
559 1.47111e-11
560 1.59597e-11
561 1.7311e-11
562 1.87729e-11
563 2.03544e-11
564 2.20647e-11
565 2.3914e-11
566 2.5913e-11
567 2.80733e-11
568 3.04075e-11
569 3.29287e-11
570 3.56514e-11
571 3.85908e-11
572 4.17632e-11
573 4.51861e-11
574 4.88783e-11
575 5.28596e-11
576 5.71514e-11
577 6.17764e-11
578 6.67588e-11
579 7.21245e-11
580 7.79009e-11
581 8.41173e-11
582 9.08048e-11
583 9.79965e-11
584 1.05728e-10
585 1.14035e-10
586 1.22959e-10
587 1.32542e-10
588 1.42827e-10
589 1.53863e-10
590 1.65699e-10
591 1.78388e-10
592 1.91986e-10
593 2.06554e-10
594 2.22152e-10
595 2.38849e-10
596 2.56713e-10
597 2.7582e-10
598 2.96247e-10
599 3.18077e-10
600 3.41398e-10
601 3.66302e-10
602 3.92887e-10
603 4.21256e-10
604 4.51517e-10
605 4.83785e-10
606 5.18182e-10
607 5.54835e-10
608 5.93882e-10
609 6.35464e-10
610 6.79733e-10
611 7.26849e-10
612 7.76981e-10
613 8.3031e-10
614 8.87023e-10
615 9.47323e-10
616 1.01142e-09
617 1.07955e-09
618 1.15193e-09
619 1.22884e-09
620 1.31052e-09
621 1.39728e-09
622 1.48942e-09
623 1.58725e-09
624 1.69111e-09
625 1.80137e-09
626 1.91842e-09
627 2.04267e-09
628 2.17454e-09
629 2.3145e-09
630 2.46305e-09
631 2.6207e-09
632 2.78802e-09
633 2.96559e-09
634 3.15404e-09
635 3.35403e-09
636 3.56627e-09
637 3.79151e-09
638 4.03055e-09
639 4.28423e-09
640 4.55345e-09
641 4.83914e-09
642 5.14231e-09
643 5.46402e-09
644 5.80539e-09
645 6.1676e-09
646 6.55188e-09
647 6.95956e-09
648 7.39201e-09
649 7.85067e-09
650 8.33709e-09
651 8.85284e-09
652 9.3996e-09
653 9.97912e-09
654 1.05932e-08
655 1.12438e-08
656 1.19329e-08
657 1.26625e-08
658 1.34348e-08
659 1.4252e-08
660 1.51164e-08
661 1.60303e-08
662 1.69963e-08
663 1.80168e-08
664 1.90944e-08
665 2.02317e-08
666 2.14315e-08
667 2.26965e-08
668 2.40294e-08
669 2.54333e-08
670 2.69108e-08
671 2.8465e-08
672 3.00988e-08
673 3.1815e-08
674 3.36167e-08
675 3.55067e-08
676 3.74879e-08
677 3.95633e-08
678 4.17355e-08
679 4.40075e-08
680 4.63819e-08
681 4.88613e-08
682 5.14482e-08
683 5.41451e-08
684 5.69542e-08
685 5.98778e-08
686 6.29178e-08
687 6.60761e-08
688 6.93544e-08
689 7.27542e-08
690 7.62769e-08
691 7.99237e-08
692 8.36954e-08
693 8.75928e-08
694 9.16166e-08
695 9.5767e-08
696 1.00044e-07
697 1.04448e-07
698 1.08978e-07
699 1.13635e-07
700 1.18417e-07
701 1.23324e-07
702 1.28355e-07
703 1.33509e-07
704 1.38786e-07
705 1.44183e-07
706 1.49702e-07
707 1.55339e-07
708 1.61096e-07
709 1.66971e-07
710 1.72963e-07
711 1.79074e-07
712 1.85304e-07
713 1.91653e-07
714 1.98124e-07
715 2.04718e-07
716 2.11438e-07
717 2.18289e-07
718 2.25276e-07
719 2.32403e-07
720 2.3968e-07
721 2.47113e-07
722 2.54715e-07
723 2.62496e-07
724 2.7047e-07
725 2.78653e-07
726 2.87062e-07
727 2.95718e-07
728 3.04642e-07
729 3.13859e-07
730 3.23397e-07
731 3.33287e-07
732 3.43561e-07
733 3.54255e-07
734 3.65409e-07
735 3.77066e-07
736 3.89273e-07
737 4.02078e-07
738 4.15535e-07
739 4.29701e-07
740 4.44638e-07
741 4.60409e-07
742 4.77083e-07
743 4.94732e-07
744 5.13432e-07
745 5.33262e-07
746 5.54307e-07
747 5.76652e-07
748 6.00389e-07
749 6.25611e-07
750 6.52414e-07
751 6.80898e-07
752 7.11166e-07
753 7.43322e-07
754 7.77473e-07
755 8.13728e-07
756 8.52195e-07
757 8.92985e-07
758 9.36211e-07
759 9.81981e-07
760 1.03041e-06
761 1.0816e-06
762 1.13566e-06
763 1.1927e-06
764 1.25282e-06
765 1.31612e-06
766 1.38269e-06
767 1.45261e-06
768 1.52598e-06
769 1.60286e-06
770 1.68333e-06
771 1.76744e-06
772 1.85524e-06
773 1.94678e-06
774 2.04207e-06
775 2.14114e-06
776 2.24399e-06
777 2.35061e-06
778 2.46097e-06
779 2.57503e-06
780 2.69274e-06
781 2.81403e-06
782 2.9388e-06
783 3.06694e-06
784 3.19832e-06
785 3.3328e-06
786 3.47021e-06
787 3.61037e-06
788 3.75305e-06
789 3.89803e-06
790 4.04506e-06
791 4.19387e-06
792 4.34417e-06
793 4.49563e-06
794 4.64792e-06
795 4.80069e-06
796 4.95356e-06
797 5.10613e-06
798 5.25799e-06
799 5.40871e-06
800 5.55784e-06
801 5.70492e-06
802 5.84946e-06
803 5.99098e-06
804 6.12898e-06
805 6.26295e-06
806 6.39237e-06
807 6.51673e-06
808 6.63549e-06
809 6.74815e-06
810 6.85418e-06
811 6.95306e-06
812 7.0443e-06
813 7.12741e-06
814 7.2019e-06
815 7.26733e-06
816 7.32325e-06
817 7.36927e-06
818 7.405e-06
819 7.43011e-06
820 7.44429e-06
821 7.44727e-06
822 7.43886e-06
823 7.41887e-06
824 7.38722e-06
825 7.34386e-06
826 7.28879e-06
827 7.22213e-06
828 7.14402e-06
829 7.05471e-06
830 6.95454e-06
831 6.84392e-06
832 6.72336e-06
833 6.59346e-06
834 6.45494e-06
835 6.30861e-06
836 6.15541e-06
837 5.99637e-06
838 5.83266e-06
839 5.66557e-06
840 5.49652e-06
841 5.32705e-06
842 5.15885e-06
843 4.99373e-06
844 4.83366e-06
845 4.68076e-06
846 4.53727e-06
847 4.40562e-06
848 4.28835e-06
849 4.1882e-06
850 4.10803e-06
851 4.05088e-06
852 4.01995e-06
853 4.01861e-06
854 4.05037e-06
855 4.11892e-06
856 4.22814e-06
857 4.38202e-06
858 4.58477e-06
859 4.84074e-06
860 5.15446e-06
861 5.53061e-06
862 5.97404e-06
863 6.48978e-06
864 7.08302e-06
865 7.75909e-06
866 8.52351e-06
867 9.38194e-06
868 1.03402e-05
869 1.14043e-05
870 1.25804e-05
871 1.38748e-05
872 1.52938e-05
873 1.68442e-05
874 1.85327e-05
875 2.03661e-05
876 2.23515e-05
877 2.44961e-05
878 2.68072e-05
879 2.92922e-05
880 3.19589e-05
881 3.48148e-05
882 3.78679e-05
883 4.11262e-05
884 4.45978e-05
885 4.82911e-05
886 5.22143e-05
887 5.63761e-05
888 6.07851e-05
889 6.54501e-05
890 7.038e-05
891 7.5584e-05
892 8.10712e-05
893 8.68509e-05
894 9.29326e-05
895 9.9326e-05
896 0.000106041
897 0.000113087
898 0.000120474
899 0.000128213
900 0.000136314
901 0.000144787
902 0.000153643
903 0.000162893
904 0.000172547
905 0.000182618
906 0.000193116
907 0.000204054
908 0.000215442
909 0.000227292
910 0.000239618
911 0.000252431
912 0.000265743
913 0.000279568
914 0.000293919
915 0.000308809
916 0.000324252
917 0.000340261
918 0.000356851
919 0.000374035
920 0.00039183
921 0.000410248
922 0.000429307
923 0.000449021
924 0.000469407
925 0.00049048
926 0.000512257
927 0.000534756
928 0.000557992
929 0.000581984
930 0.000606751
931 0.000632309
932 0.000658678
933 0.000685877
934 0.000713925
935 0.000742842
936 0.000772649
937 0.000803365
938 0.000835012
939 0.000867611
940 0.000901185
941 0.000935754
942 0.000971342
943 0.00100797
944 0.00104566
945 0.00108445
946 0.00112434
947 0.00116537
948 0.00120756
949 0.00125094
950 0.00129553
951 0.00134136
952 0.00138845
953 0.00143683
954 0.00148653
955 0.00153757
956 0.00158998
957 0.00164379
958 0.00169902
959 0.00175571
960 0.00181387
961 0.00187355
962 0.00193476
963 0.00199753
964 0.0020619
965 0.00212789
966 0.00219553
967 0.00226484
968 0.00233586
969 0.00240862
970 0.00248313
971 0.00255944
972 0.00263756
973 0.00271753
974 0.00279936
975 0.0028831
976 0.00296876
977 0.00305637
978 0.00314595
979 0.00323753
980 0.00333114
981 0.0034268
982 0.00352452
983 0.00362434
984 0.00372628
985 0.00383035
986 0.00393658
987 0.00404499
988 0.00415558
989 0.00426839
990 0.00438343
991 0.00450071
992 0.00462024
993 0.00474205
994 0.00486613
995 0.00499251
996 0.00512118
997 0.00525217
998 0.00538547
999 0.00552108
1000 0.00565902
1001 0.00579928
1002 0.00594187
1003 0.00608677
1004 0.006234
1005 0.00638353
1006 0.00653537
1007 0.00668951
1008 0.00684593
1009 0.00700463
1010 0.00716559
1011 0.00732878
1012 0.0074942
1013 0.00766182
1014 0.00783162
1015 0.00800358
1016 0.00817766
1017 0.00835384
1018 0.00853208
1019 0.00871235
1020 0.00889462
1021 0.00907885
1022 0.00926499
1023 0.00945301
1024 0.00964285
1025 0.00983448
1026 0.0100278
1027 0.0102229
1028 0.0104195
1029 0.0106177
1030 0.0108175
1031 0.0110186
1032 0.0112212
1033 0.0114251
1034 0.0116302
1035 0.0118365
1036 0.0120439
1037 0.0122523
1038 0.0124617
1039 0.0126719
1040 0.0128829
1041 0.0130947
1042 0.013307
1043 0.0135199
1044 0.0137333
1045 0.013947
1046 0.0141609
1047 0.014375
1048 0.0145892
1049 0.0148034
1050 0.0150174
1051 0.0152312
1052 0.0154446
1053 0.0156577
1054 0.0158701
1055 0.016082
1056 0.016293
1057 0.0165033
1058 0.0167125
1059 0.0169207
1060 0.0171276
1061 0.0173333
1062 0.0175375
1063 0.0177402
1064 0.0179413
1065 0.0181406
1066 0.018338
1067 0.0185335
1068 0.0187269
1069 0.018918
1070 0.0191068
1071 0.0192932
1072 0.0194771
1073 0.0196583
1074 0.0198367
1075 0.0200123
1076 0.0201848
1077 0.0203543
1078 0.0205206
1079 0.0206835
1080 0.0208431
1081 0.0209991
1082 0.0211516
1083 0.0213003
1084 0.0214452
1085 0.0215862
1086 0.0217232
1087 0.0218562
1088 0.0219849
1089 0.0221094
1090 0.0222296
1091 0.0223453
1092 0.0224565
1093 0.0225631
1094 0.0226651
1095 0.0227623
1096 0.0228548
1097 0.0229424
1098 0.023025
1099 0.0231027
1100 0.0231754
1101 0.0232429
1102 0.0233053
1103 0.0233626
1104 0.0234146
1105 0.0234614
1106 0.0235028
1107 0.023539
1108 0.0235698
1109 0.0235952
1110 0.0236152
1111 0.0236298
1112 0.023639
1113 0.0236427
1114 0.023641
1115 0.0236338
1116 0.0236213
1117 0.0236033
1118 0.0235798
1119 0.023551
1120 0.0235167
1121 0.0234771
1122 0.0234322
1123 0.0233819
1124 0.0233264
1125 0.0232656
1126 0.0231996
1127 0.0231284
1128 0.0230522
1129 0.0229708
1130 0.0228845
1131 0.0227932
1132 0.022697
1133 0.0225959
1134 0.0224901
1135 0.0223796
1136 0.0222645
1137 0.0221448
1138 0.0220206
1139 0.0218921
1140 0.0217592
1141 0.0216222
1142 0.021481
1143 0.0213357
1144 0.0211865
1145 0.0210335
1146 0.0208766
1147 0.0207162
1148 0.0205522
1149 0.0203847
1150 0.0202138
1151 0.0200398
1152 0.0198625
1153 0.0196823
1154 0.0194991
1155 0.0193132
1156 0.0191245
1157 0.0189332
1158 0.0187395
1159 0.0185434
1160 0.0183451
1161 0.0181447
1162 0.0179422
1163 0.0177378
1164 0.0175317
1165 0.0173239
1166 0.0171145
1167 0.0169037
1168 0.0166916
1169 0.0164783
1170 0.0162639
1171 0.0160485
1172 0.0158322
1173 0.0156152
1174 0.0153975
1175 0.0151793
1176 0.0149607
1177 0.0147418
1178 0.0145226
1179 0.0143033
1180 0.014084
1181 0.0138649
1182 0.0136459
1183 0.0134272
1184 0.0132089
1185 0.012991
1186 0.0127738
1187 0.0125572
1188 0.0123414
1189 0.0121264
1190 0.0119124
1191 0.0116994
1192 0.0114874
1193 0.0112767
1194 0.0110672
1195 0.010859
1196 0.0106522
1197 0.0104469
1198 0.0102431
1199 0.0100409
1200 0.00984039
1201 0.00964158
1202 0.00944456
1203 0.00924938
1204 0.00905608
1205 0.00886472
1206 0.00867535
1207 0.00848801
1208 0.00830276
1209 0.00811962
1210 0.00793864
1211 0.00775985
1212 0.00758329
1213 0.00740899
1214 0.00723698
1215 0.00706729
1216 0.00689995
1217 0.00673496
1218 0.00657237
1219 0.00641217
1220 0.0062544
1221 0.00609907
1222 0.00594618
1223 0.00579575
1224 0.00564778
1225 0.00550229
1226 0.00535927
1227 0.00521874
1228 0.00508068
1229 0.0049451
1230 0.004812
1231 0.00468138
1232 0.00455322
1233 0.00442751
1234 0.00430426
1235 0.00418345
1236 0.00406506
1237 0.00394909
1238 0.00383552
1239 0.00372433
1240 0.0036155
1241 0.00350903
1242 0.00340489
1243 0.00330305
1244 0.0032035
1245 0.00310622
1246 0.00301117
1247 0.00291835
1248 0.00282771
1249 0.00273925
1250 0.00265292
1251 0.0025687
1252 0.00248657
1253 0.0024065
1254 0.00232846
1255 0.00225241
1256 0.00217833
1257 0.00210619
1258 0.00203596
1259 0.00196761
1260 0.0019011
1261 0.00183641
1262 0.00177349
1263 0.00171233
1264 0.00165289
1265 0.00159514
1266 0.00153903
1267 0.00148456
1268 0.00143167
1269 0.00138034
1270 0.00133054
1271 0.00128223
1272 0.00123538
1273 0.00118997
1274 0.00114595
1275 0.0011033
1276 0.00106199
1277 0.00102198
1278 0.000983254
1279 0.000945768
1280 0.000909496
1281 0.000874409
1282 0.000840478
1283 0.000807673
1284 0.000775965
1285 0.000745326
1286 0.000715728
1287 0.000687143
1288 0.000659545
1289 0.000632905
1290 0.000607198
1291 0.000582398
1292 0.000558479
1293 0.000535416
1294 0.000513184
1295 0.000491759
1296 0.000471118
1297 0.000451236
1298 0.000432091
1299 0.000413661
1300 0.000395923
1301 0.000378856
1302 0.000362439
1303 0.000346652
1304 0.000331474
1305 0.000316886
1306 0.000302868
1307 0.000289401
1308 0.000276468
1309 0.000264051
1310 0.000252131
1311 0.000240693
1312 0.000229719
1313 0.000219193
1314 0.0002091
1315 0.000199425
1316 0.000190152
1317 0.000181267
1318 0.000172757
1319 0.000164607
1320 0.000156804
1321 0.000149336
1322 0.00014219
1323 0.000135353
1324 0.000128815
1325 0.000122563
1326 0.000116587
1327 0.000110876
1328 0.00010542
1329 0.000100209
1330 9.52322e-05
1331 9.04813e-05
1332 8.5947e-05
1333 8.16205e-05
1334 7.74934e-05
1335 7.35575e-05
1336 6.98049e-05
1337 6.6228e-05
1338 6.28195e-05
1339 5.95722e-05
1340 5.64794e-05
1341 5.35344e-05
1342 5.07309e-05
1343 4.80627e-05
1344 4.55241e-05
1345 4.31094e-05
1346 4.0813e-05
1347 3.86297e-05
1348 3.65546e-05
1349 3.45827e-05
1350 3.27095e-05
1351 3.09303e-05
1352 2.9241e-05
1353 2.76374e-05
1354 2.61155e-05
1355 2.46716e-05
1356 2.3302e-05
1357 2.20032e-05
1358 2.07718e-05
1359 1.96048e-05
1360 1.84989e-05
1361 1.74512e-05
1362 1.6459e-05
1363 1.55196e-05
1364 1.46303e-05
1365 1.37887e-05
1366 1.29924e-05
1367 1.22392e-05
1368 1.1527e-05
1369 1.08536e-05
1370 1.02171e-05
1371 9.61576e-06
1372 9.04763e-06
1373 8.51105e-06
1374 8.00441e-06
1375 7.52616e-06
1376 7.07481e-06
1377 6.64896e-06
1378 6.24727e-06
1379 5.86846e-06
1380 5.51133e-06
1381 5.17471e-06
1382 4.8575e-06
1383 4.55867e-06
1384 4.27722e-06
1385 4.0122e-06
1386 3.76271e-06
1387 3.52791e-06
1388 3.30698e-06
1389 3.09916e-06
1390 2.90371e-06
1391 2.71996e-06
1392 2.54723e-06
1393 2.38491e-06
1394 2.23241e-06
1395 2.08917e-06
1396 1.95466e-06
1397 1.82838e-06
1398 1.70986e-06
1399 1.59865e-06
1400 1.49431e-06
1401 1.39646e-06
1402 1.30471e-06
1403 1.2187e-06
1404 1.1381e-06
1405 1.06258e-06
1406 9.9183e-07
1407 9.25577e-07
1408 8.63547e-07
1409 8.05485e-07
1410 7.5115e-07
1411 7.00315e-07
1412 6.52768e-07
1413 6.08305e-07
1414 5.66738e-07
1415 5.27887e-07
1416 4.91584e-07
1417 4.5767e-07
1418 4.25995e-07
1419 3.96419e-07
1420 3.6881e-07
1421 3.43043e-07
1422 3.19001e-07
1423 2.96574e-07
1424 2.75659e-07
1425 2.56158e-07
1426 2.37981e-07
1427 2.21042e-07
1428 2.0526e-07
1429 1.9056e-07
1430 1.76871e-07
1431 1.64127e-07
1432 1.52265e-07
1433 1.41228e-07
1434 1.30959e-07
1435 1.21409e-07
1436 1.12528e-07
1437 1.04272e-07
1438 9.65999e-08
1439 8.94708e-08
1440 8.28482e-08
1441 7.66979e-08
1442 7.09874e-08
1443 6.56865e-08
1444 6.07672e-08
1445 5.62031e-08
1446 5.19696e-08
1447 4.80436e-08
1448 4.44038e-08
1449 4.10301e-08
1450 3.79038e-08
1451 3.50074e-08
1452 3.23248e-08
1453 2.98408e-08
1454 2.75411e-08
1455 2.54127e-08
1456 2.34433e-08
1457 2.16214e-08
1458 1.99365e-08
1459 1.83785e-08
1460 1.69383e-08
1461 1.56073e-08
1462 1.43775e-08
1463 1.32416e-08
1464 1.21925e-08
1465 1.12239e-08
1466 1.03298e-08
1467 9.50474e-09
1468 8.74352e-09
1469 8.04138e-09
1470 7.39389e-09
1471 6.79695e-09
1472 6.24675e-09
1473 5.73974e-09
1474 5.27265e-09
1475 4.84244e-09
1476 4.44629e-09
1477 4.08159e-09
1478 3.74594e-09
1479 3.43708e-09
1480 3.15296e-09
1481 2.89164e-09
1482 2.65137e-09
1483 2.43049e-09
1484 2.2275e-09
1485 2.04098e-09
1486 1.86964e-09
1487 1.71229e-09
1488 1.56781e-09
1489 1.43519e-09
1490 1.31349e-09
1491 1.20182e-09
1492 1.09939e-09
1493 1.00545e-09
1494 9.1933e-10
1495 8.40388e-10
1496 7.68045e-10
1497 7.01766e-10
1498 6.41057e-10
1499 5.85463e-10
1500 5.34566e-10
1501 4.8798e-10
1502 4.45349e-10
1503 4.06348e-10
1504 3.70676e-10
1505 3.38057e-10
1506 3.08236e-10
1507 2.8098e-10
1508 2.56075e-10
1509 2.33322e-10
1510 2.12541e-10
1511 1.93567e-10
1512 1.76244e-10
1513 1.60435e-10
1514 1.4601e-10
1515 1.3285e-10
1516 1.20849e-10
1517 1.09906e-10
1518 9.99301e-11
1519 9.08388e-11
1520 8.25553e-11
1521 7.50096e-11
1522 6.81378e-11
1523 6.1881e-11
1524 5.61856e-11
1525 5.10025e-11
1526 4.62868e-11
1527 4.19972e-11
1528 3.80963e-11
1529 3.45497e-11
1530 3.13259e-11
1531 2.83963e-11
1532 2.57347e-11
1533 2.33171e-11
1534 2.11217e-11
1535 1.91286e-11
1536 1.73195e-11
1537 1.56778e-11
1538 1.41885e-11
1539 1.28376e-11
1540 1.16126e-11
1541 1.05021e-11
1542 9.4956e-12
1543 8.58354e-12
1544 7.75728e-12
1545 7.00893e-12
1546 6.33129e-12
1547 5.71785e-12
1548 5.16264e-12
1549 4.66025e-12
1550 4.20578e-12
1551 3.79475e-12
1552 3.42309e-12
1553 3.08712e-12
1554 2.78347e-12
1555 2.50911e-12
1556 2.26127e-12
1557 2.03744e-12
1558 1.83533e-12
1559 1.65289e-12
1560 1.48824e-12
1561 1.33968e-12
1562 1.20567e-12
1563 1.08482e-12
1564 9.75851e-13
1565 8.77626e-13
1566 7.89104e-13
1567 7.09347e-13
1568 6.37504e-13
1569 5.72804e-13
1570 5.14551e-13
1571 4.62115e-13
1572 4.14926e-13
1573 3.7247e-13
1574 3.3428e-13
1575 2.99937e-13
1576 2.69059e-13
1577 2.41305e-13
1578 2.16363e-13
1579 1.93954e-13
1580 1.73826e-13
1581 1.5575e-13
1582 1.39522e-13
1583 1.24956e-13
1584 1.11884e-13
1585 1.00157e-13
1586 8.9638e-14
1587 8.02052e-14
1588 7.17484e-14
1589 6.41684e-14
1590 5.73759e-14
1591 5.12904e-14
1592 4.58398e-14
1593 4.09589e-14
1594 3.65893e-14
1595 3.26782e-14
1596 2.91784e-14
1597 2.60474e-14
1598 2.32469e-14
1599 2.07428e-14
1600 1.8504e-14
1601 1.65031e-14
1602 1.47152e-14
1603 1.31179e-14
1604 1.16912e-14
1605 1.04173e-14
1606 9.28011e-15
1607 8.2651e-15
1608 7.3594e-15
1609 6.55144e-15
1610 5.83082e-15
1611 5.18827e-15
1612 4.61545e-15
1613 4.10493e-15
1614 3.65003e-15
1615 3.24479e-15
1616 2.88388e-15
1617 2.56251e-15
1618 2.27643e-15
1619 2.02182e-15
1620 1.79527e-15
1621 1.59374e-15
1622 1.41451e-15
1623 1.25514e-15
1624 1.11347e-15
1625 9.87561e-16
1626 8.75688e-16
1627 7.76309e-16
1628 6.88049e-16
1629 6.09683e-16
1630 5.40117e-16
1631 4.78379e-16
1632 4.236e-16
1633 3.75007e-16
1634 3.31912e-16
1635 2.93701e-16
1636 2.59829e-16
1637 2.29811e-16
1638 2.03214e-16
1639 1.79653e-16
1640 1.58788e-16
1641 1.40313e-16
1642 1.2396e-16
1643 1.09487e-16
1644 9.66812e-17
1645 8.53538e-17
1646 7.53361e-17
1647 6.64788e-17
1648 5.86494e-17
1649 5.17301e-17
1650 4.56165e-17
1651 4.02162e-17
1652 3.54471e-17
1653 3.12363e-17
1654 2.75193e-17
1655 2.4239e-17
1656 2.13448e-17
1657 1.87919e-17
1658 1.65405e-17
1659 1.45554e-17
1660 1.28056e-17
1661 1.12636e-17
1662 9.90495e-18
1663 8.70818e-18
1664 7.65425e-18
1665 6.72632e-18
1666 5.90951e-18
1667 5.19069e-18
1668 4.55826e-18
1669 4.00195e-18
1670 3.51273e-18
1671 3.0826e-18
1672 2.70452e-18
1673 2.37225e-18
1674 2.08033e-18
1675 1.82391e-18
1676 1.59873e-18
1677 1.40102e-18
1678 1.22748e-18
1679 1.07519e-18
1680 9.41575e-19
1681 8.24374e-19
1682 7.21595e-19
1683 6.31484e-19
1684 5.52499e-19
1685 4.83281e-19
1686 4.22638e-19
1687 3.69519e-19
1688 3.23001e-19
1689 2.82275e-19
1690 2.46627e-19
1691 2.15431e-19
1692 1.88137e-19
1693 1.64264e-19
1694 1.43387e-19
1695 1.25135e-19
1696 1.0918e-19
1697 9.52383e-20
1698 8.30575e-20
1699 7.24179e-20
1700 6.31267e-20
1701 5.50149e-20
1702 4.79345e-20
1703 4.17556e-20
1704 3.63649e-20
1705 3.16628e-20
1706 2.75624e-20
1707 2.39875e-20
1708 2.08714e-20
1709 1.8156e-20
1710 1.57902e-20
1711 1.37295e-20
1712 1.1935e-20
1713 1.03726e-20
1714 9.01272e-21
1715 7.82931e-21
1716 6.79972e-21
1717 5.90416e-21
1718 5.12537e-21
1719 4.44829e-21
1720 3.85976e-21
1721 3.34832e-21
1722 2.90398e-21
1723 2.51803e-21
1724 2.18287e-21
1725 1.89188e-21
1726 1.63931e-21
1727 1.42013e-21
1728 1.22997e-21
1729 1.06503e-21
1730 9.2199e-22
1731 7.9798e-22
1732 6.90491e-22
1733 5.97342e-22
1734 5.16641e-22
1735 4.46739e-22
1736 3.86206e-22
1737 3.33798e-22
1738 2.88435e-22
1739 2.4918e-22
1740 2.15217e-22
1741 1.85841e-22
1742 1.60437e-22
1743 1.38474e-22
1744 1.1949e-22
1745 1.03085e-22
1746 8.89117e-23
1747 7.66694e-23
1748 6.60975e-23
1749 5.69703e-23
1750 4.9092e-23
1751 4.22935e-23
1752 3.64281e-23
1753 3.13689e-23
1754 2.70061e-23
1755 2.32447e-23
1756 2.00026e-23
1757 1.72087e-23
1758 1.48017e-23
1759 1.27284e-23
1760 1.0943e-23
1761 9.40585e-24
1762 8.08277e-24
1763 6.94421e-24
1764 5.96465e-24
1765 5.1221e-24
1766 4.39754e-24
1767 3.77462e-24
1768 3.23918e-24
1769 2.77906e-24
1770 2.38375e-24
1771 2.0442e-24
1772 1.75262e-24
1773 1.50228e-24
1774 1.2874e-24
1775 1.103e-24
1776 9.44797e-25
1777 8.09099e-25
1778 6.92731e-25
1779 5.92963e-25
1780 5.07447e-25
1781 4.34164e-25
1782 3.71379e-25
1783 3.176e-25
1784 2.71546e-25
1785 2.32117e-25
1786 1.98367e-25
1787 1.69485e-25
1788 1.44775e-25
1789 1.23639e-25
1790 1.05565e-25
1791 9.01118e-26
1792 7.69031e-26
1793 6.56154e-26
1794 5.59716e-26
1795 4.77342e-26
1796 4.06996e-26
1797 3.46938e-26
1798 2.95674e-26
1799 2.51926e-26
1800 2.14602e-26
1801 1.82765e-26
1802 1.55616e-26
1803 1.32469e-26
1804 1.12739e-26
1805 9.5925e-27
1806 8.16001e-27
1807 6.93984e-27
1808 5.90075e-27
1809 5.01609e-27
1810 4.26308e-27
1811 3.62227e-27
1812 3.07707e-27
1813 2.61333e-27
1814 2.21897e-27
1815 1.88368e-27
1816 1.59869e-27
1817 1.3565e-27
1818 1.15074e-27
1819 9.75959e-28
1820 8.27536e-28
1821 7.01524e-28
1822 5.94562e-28
1823 5.03793e-28
1824 4.26783e-28
1825 3.61461e-28
1826 3.06066e-28
1827 2.59101e-28
1828 2.19293e-28
1829 1.85557e-28
1830 1.56975e-28
1831 1.32765e-28
1832 1.12264e-28
1833 9.49056e-29
1834 8.02131e-29
1835 6.77795e-29
1836 5.726e-29
1837 4.8362e-29
1838 4.08372e-29
1839 3.44754e-29
1840 2.90979e-29
1841 2.45535e-29
1842 2.0714e-29
1843 1.74709e-29
1844 1.47322e-29
1845 1.24199e-29
1846 1.04681e-29
1847 8.82105e-30
1848 7.43139e-30
1849 6.25922e-30
1850 5.27072e-30
1851 4.4373e-30
1852 3.7348e-30
1853 3.1428e-30
1854 2.64402e-30
1855 2.22388e-30
1856 1.87007e-30
1857 1.57219e-30
1858 1.32145e-30
1859 1.11045e-30
1860 9.32915e-31
1861 7.83586e-31
1862 6.58007e-31
1863 5.52426e-31
1864 4.63678e-31
1865 3.89098e-31
1866 3.26438e-31
1867 2.73805e-31
1868 2.29605e-31
1869 1.92496e-31
1870 1.61347e-31
1871 1.35207e-31
1872 1.13276e-31
1873 9.48796e-32
1874 7.94528e-32
1875 6.65189e-32
1876 5.56775e-32
1877 4.65923e-32
1878 3.89805e-32
1879 3.26047e-32
1880 2.72654e-32
1881 2.27952e-32
1882 1.90535e-32
1883 1.59223e-32
1884 1.33025e-32
1885 1.11113e-32
1886 9.2788e-33
1887 7.74675e-33
1888 6.46616e-33
1889 5.39601e-33
1890 4.50193e-33
1891 3.75512e-33
1892 3.13147e-33
1893 2.61079e-33
1894 2.17618e-33
1895 1.8135e-33
1896 1.51091e-33
1897 1.25852e-33
1898 1.04805e-33
1899 8.72573e-34
1900 7.26309e-34
1901 6.04421e-34
1902 5.02872e-34
1903 4.18288e-34
1904 3.4785e-34
1905 2.89206e-34
1906 2.40393e-34
1907 1.99773e-34
1908 1.65978e-34
1909 1.37868e-34
1910 1.14492e-34
1911 9.50575e-35
1912 7.89035e-35
1913 6.54795e-35
1914 5.43268e-35
1915 4.50631e-35
1916 3.73704e-35
1917 3.09837e-35
1918 2.56825e-35
1919 2.12834e-35
1920 1.76336e-35
1921 1.46064e-35
1922 1.2096e-35
1923 1.00148e-35
1924 8.2897e-36
1925 6.86017e-36
1926 5.67584e-36
1927 4.69487e-36
1928 3.88254e-36
1929 3.21001e-36
1930 2.65336e-36
1931 2.19273e-36
1932 1.81164e-36
1933 1.49643e-36
1934 1.23578e-36
1935 1.02029e-36
1936 8.42178e-37
1937 6.94997e-37
1938 5.73405e-37
1939 4.72975e-37
1940 3.90044e-37
1941 3.21578e-37
1942 2.65069e-37
1943 2.18439e-37
1944 1.79969e-37
1945 1.4824e-37
1946 1.22077e-37
1947 1.00507e-37
1948 8.27294e-38
1949 6.80802e-38
1950 5.6012e-38
1951 4.60723e-38
1952 3.78877e-38
1953 3.11496e-38
1954 2.56039e-38
1955 2.10407e-38
1956 1.72866e-38
1957 1.41991e-38
1958 1.16603e-38
1959 9.57315e-39
1960 7.85778e-39
1961 6.44827e-39
1962 5.29036e-39
1963 4.33935e-39
1964 3.55848e-39
1965 2.91744e-39
1966 2.39131e-39
1967 1.95961e-39
1968 1.60547e-39
1969 1.31502e-39
1970 1.07687e-39
1971 8.81636e-40
1972 7.21631e-40
1973 5.90526e-40
1974 4.83126e-40
1975 3.95167e-40
1976 3.23146e-40
1977 2.64189e-40
1978 2.15938e-40
1979 1.76458e-40
1980 1.44162e-40
1981 1.17749e-40
1982 9.61534e-41
1983 7.84998e-41
1984 6.40722e-41
1985 5.2284e-41
1986 4.26546e-41
1987 3.47905e-41
1988 2.83696e-41
1989 2.31283e-41
1990 1.88508e-41
1991 1.53609e-41
1992 1.2514e-41
1993 1.01924e-41
1994 8.29957e-42
1995 6.75664e-42
1996 5.49924e-42
1997 4.47479e-42
1998 3.64032e-42
1999 2.96078e-42
2000 2.40751e-42
2001 1.95717e-42
2002 1.59069e-42
2003 1.29253e-42
2004 1.05001e-42
2005 8.52798e-43
2006 6.92462e-43
2007 5.62141e-43
2008 4.5624e-43
2009 3.70203e-43
2010 3.00322e-43
2011 2.43577e-43
2012 1.97509e-43
2013 1.60117e-43
2014 1.29776e-43
2015 1.05162e-43
2016 8.51977e-44
2017 6.90096e-44
2018 5.58861e-44
2019 4.52498e-44
2020 3.66314e-44
2021 2.96496e-44
2022 2.39949e-44
2023 1.94164e-44
2024 1.571e-44
2025 1.27103e-44
2026 1.02832e-44
2027 8.3198e-45
2028 6.73196e-45
2029 5.44812e-45
2030 4.41033e-45
2031 3.57166e-45
2032 2.89408e-45
2033 2.34677e-45
2034 1.90481e-45
2035 1.54803e-45
2036 1.2601e-45
2037 1.02782e-45
2038 8.40507e-46
2039 6.89537e-46
2040 5.67941e-46
2041 4.70095e-46
2042 3.91459e-46
2043 3.28383e-46
2044 2.77929e-46
2045 2.37745e-46
2046 2.05952e-46
2047 1.81062e-46
