0 7.95648e-80
1 8.04382e-80
2 8.86292e-80
3 1.05221e-79
4 1.32417e-79
5 1.73834e-79
6 2.34972e-79
7 3.23941e-79
8 4.52517e-79
9 6.37683e-79
10 9.03842e-79
11 1.28599e-78
12 1.83424e-78
13 2.62036e-78
14 3.74696e-78
15 5.36078e-78
16 7.67149e-78
17 1.09786e-77
18 1.57098e-77
19 2.24754e-77
20 3.21462e-77
21 4.59637e-77
22 6.5698e-77
23 9.38705e-77
24 1.34073e-76
25 1.91417e-76
26 2.73179e-76
27 3.89707e-76
28 5.55713e-76
29 7.92108e-76
30 1.12859e-75
31 1.60735e-75
32 2.28826e-75
33 3.25624e-75
34 4.63177e-75
35 6.58562e-75
36 9.35975e-75
37 1.32969e-74
38 1.88823e-74
39 2.68027e-74
40 3.80294e-74
41 5.39361e-74
42 7.6464e-74
43 1.08356e-73
44 1.53485e-73
45 2.17319e-73
46 3.07573e-73
47 4.35127e-73
48 6.15321e-73
49 8.69772e-73
50 1.22893e-72
51 1.73567e-72
52 2.45032e-72
53 3.45778e-72
54 4.87742e-72
55 6.87702e-72
56 9.69233e-72
57 1.36544e-71
58 1.92281e-71
59 2.70655e-71
60 3.80815e-71
61 5.35586e-71
62 7.52942e-71
63 1.05806e-70
64 1.4862e-70
65 2.08671e-70
66 2.92863e-70
67 4.1085e-70
68 5.76128e-70
69 8.07555e-70
70 1.13147e-69
71 1.58463e-69
72 2.21836e-69
73 3.10423e-69
74 4.34201e-69
75 6.0708e-69
76 8.48432e-69
77 1.18524e-68
78 1.65504e-68
79 2.3101e-68
80 3.22306e-68
81 4.49493e-68
82 6.26606e-68
83 8.73136e-68
84 1.21615e-67
85 1.69319e-67
86 2.35636e-67
87 3.27789e-67
88 4.55789e-67
89 6.33503e-67
90 8.80137e-67
91 1.22227e-66
92 1.69668e-66
93 2.35424e-66
94 3.26524e-66
95 4.52685e-66
96 6.27326e-66
97 8.68973e-66
98 1.20319e-65
99 1.66525e-65
100 2.30377e-65
101 3.18576e-65
102 4.40356e-65
103 6.0843e-65
104 8.40296e-65
105 1.16003e-64
106 1.60074e-64
107 2.20795e-64
108 3.04419e-64
109 4.19536e-64
110 5.7794e-64
111 7.95812e-64
112 1.09535e-63
113 1.50699e-63
114 2.07245e-63
115 2.84886e-63
116 3.91447e-63
117 5.37638e-63
118 7.38111e-63
119 1.0129e-62
120 1.3894e-62
121 1.90504e-62
122 2.61091e-62
123 3.57681e-62
124 4.89795e-62
125 6.70419e-62
126 9.1726e-62
127 1.25445e-61
128 1.71485e-61
129 2.34323e-61
130 3.2005e-61
131 4.36952e-61
132 5.96298e-61
133 8.13405e-61
134 1.10908e-60
135 1.51159e-60
136 2.05929e-60
137 2.80425e-60
138 3.81704e-60
139 5.19339e-60
140 7.06299e-60
141 9.6015e-60
142 1.30468e-59
143 1.77206e-59
144 2.40585e-59
145 3.26491e-59
146 4.4288e-59
147 6.00502e-59
148 8.1387e-59
149 1.10258e-58
150 1.49305e-58
151 2.02093e-58
152 2.73428e-58
153 3.69782e-58
154 4.99874e-58
155 6.75441e-58
156 9.12277e-58
157 1.23162e-57
158 1.66204e-57
159 2.2419e-57
160 3.02275e-57
161 4.07381e-57
162 5.48796e-57
163 7.3898e-57
164 9.94639e-57
165 1.33817e-56
166 1.79956e-56
167 2.41898e-56
168 3.2502e-56
169 4.36515e-56
170 5.86001e-56
171 7.86338e-56
172 1.0547e-55
173 1.41404e-55
174 1.89498e-55
175 2.53839e-55
176 3.39877e-55
177 4.54879e-55
178 6.08528e-55
179 8.13719e-55
180 1.08762e-54
181 1.45309e-54
182 1.94052e-54
183 2.59031e-54
184 3.45617e-54
185 4.60945e-54
186 6.14486e-54
187 8.18812e-54
188 1.0906e-53
189 1.45197e-53
190 1.93222e-53
191 2.57019e-53
192 3.4173e-53
193 4.54161e-53
194 6.03317e-53
195 8.01106e-53
196 1.06327e-52
197 1.4106e-52
198 1.87057e-52
199 2.47943e-52
200 3.28501e-52
201 4.35042e-52
202 5.75881e-52
203 7.61978e-52
204 1.00777e-51
205 1.33225e-51
206 1.76042e-51
207 2.32518e-51
208 3.06976e-51
209 4.05097e-51
210 5.34343e-51
211 7.04512e-51
212 9.28462e-51
213 1.22306e-50
214 1.6104e-50
215 2.11948e-50
216 2.78825e-50
217 3.6664e-50
218 4.81896e-50
219 6.33102e-50
220 8.3138e-50
221 1.09127e-49
222 1.43176e-49
223 1.87764e-49
224 2.46128e-49
225 3.22489e-49
226 4.22352e-49
227 5.5289e-49
228 7.2345e-49
229 9.462e-49
230 1.23698e-48
231 1.61639e-48
232 2.11122e-48
233 2.7563e-48
234 3.59686e-48
235 4.69164e-48
236 6.11688e-48
237 7.97148e-48
238 1.03837e-47
239 1.35197e-47
240 1.7595e-47
241 2.28882e-47
242 2.97604e-47
243 3.86784e-47
244 5.02459e-47
245 6.52434e-47
246 8.46789e-47
247 1.09854e-46
248 1.42449e-46
249 1.84632e-46
250 2.39196e-46
251 3.09745e-46
252 4.00919e-46
253 5.18694e-46
254 6.7076e-46
255 8.67012e-46
256 1.12017e-45
257 1.44659e-45
258 1.86727e-45
259 2.40918e-45
260 3.10694e-45
261 4.00495e-45
262 5.16016e-45
263 6.64552e-45
264 8.55451e-45
265 1.10068e-44
266 1.41556e-44
267 1.81968e-44
268 2.3381e-44
269 3.00282e-44
270 3.85475e-44
271 4.94609e-44
272 6.34349e-44
273 8.13192e-44
274 1.04197e-43
275 1.33451e-43
276 1.70837e-43
277 2.18597e-43
278 2.79579e-43
279 3.57407e-43
280 4.56688e-43
281 5.83278e-43
282 7.44611e-43
283 9.50128e-43
284 1.2118e-42
285 1.54483e-42
286 1.96846e-42
287 2.5071e-42
288 3.19164e-42
289 4.06119e-42
290 5.16524e-42
291 6.56638e-42
292 8.34369e-42
293 1.05971e-41
294 1.34529e-41
295 1.70702e-41
296 2.16501e-41
297 2.7446e-41
298 3.47772e-41
299 4.40461e-41
300 5.57593e-41
301 7.05543e-41
302 8.92333e-41
303 1.12805e-40
304 1.42536e-40
305 1.80019e-40
306 2.27253e-40
307 2.86747e-40
308 3.61646e-40
309 4.55895e-40
310 5.74439e-40
311 7.23468e-40
312 9.10735e-40
313 1.14594e-39
314 1.44122e-39
315 1.81173e-39
316 2.27643e-39
317 2.859e-39
318 3.58897e-39
319 4.50323e-39
320 5.64776e-39
321 7.07989e-39
322 8.87103e-39
323 1.11102e-38
324 1.3908e-38
325 1.74024e-38
326 2.17646e-38
327 2.72077e-38
328 3.39964e-38
329 4.24594e-38
330 5.30047e-38
331 6.61387e-38
332 8.24892e-38
333 1.02835e-37
334 1.2814e-37
335 1.59599e-37
336 1.9869e-37
337 2.47245e-37
338 3.07525e-37
339 3.8233e-37
340 4.75116e-37
341 5.90154e-37
342 7.32718e-37
343 9.09314e-37
344 1.12797e-36
345 1.39858e-36
346 1.73336e-36
347 2.14731e-36
348 2.65896e-36
349 3.29109e-36
350 4.07172e-36
351 5.03533e-36
352 6.2243e-36
353 7.69073e-36
354 9.4986e-36
355 1.17265e-35
356 1.44708e-35
357 1.78498e-35
358 2.20088e-35
359 2.71256e-35
360 3.34182e-35
361 4.11538e-35
362 5.06596e-35
363 6.23361e-35
364 7.66733e-35
365 9.42709e-35
366 1.15862e-34
367 1.42343e-34
368 1.7481e-34
369 2.146e-34
370 2.63349e-34
371 3.23052e-34
372 3.96144e-34
373 4.85598e-34
374 5.95039e-34
375 7.28887e-34
376 8.92531e-34
377 1.09254e-33
378 1.33692e-33
379 1.63541e-33
380 1.99989e-33
381 2.44481e-33
382 2.98777e-33
383 3.65017e-33
384 4.45806e-33
385 5.44312e-33
386 6.64388e-33
387 8.10719e-33
388 9.88999e-33
389 1.20615e-32
390 1.47058e-32
391 1.7925e-32
392 2.18433e-32
393 2.66115e-32
394 3.24124e-32
395 3.94684e-32
396 4.80491e-32
397 5.8482e-32
398 7.11644e-32
399 8.65783e-32
400 1.05309e-31
401 1.28065e-31
402 1.55708e-31
403 1.89282e-31
404 2.30051e-31
405 2.79551e-31
406 3.39642e-31
407 4.1258e-31
408 5.01097e-31
409 6.08508e-31
410 7.38827e-31
411 8.96919e-31
412 1.08868e-30
413 1.32125e-30
414 1.60327e-30
415 1.94523e-30
416 2.35981e-30
417 2.86237e-30
418 3.47151e-30
419 4.20976e-30
420 5.10437e-30
421 6.18834e-30
422 7.50159e-30
423 9.09243e-30
424 1.10193e-29
425 1.3353e-29
426 1.61789e-29
427 1.96005e-29
428 2.37428e-29
429 2.8757e-29
430 3.48259e-29
431 4.21702e-29
432 5.10568e-29
433 6.1808e-29
434 7.4813e-29
435 9.05419e-29
436 1.09562e-28
437 1.32559e-28
438 1.60359e-28
439 1.93959e-28
440 2.34562e-28
441 2.83618e-28
442 3.42876e-28
443 4.14442e-28
444 5.00856e-28
445 6.05176e-28
446 7.31082e-28
447 8.83007e-28
448 1.06629e-27
449 1.28733e-27
450 1.55386e-27
451 1.87515e-27
452 2.26235e-27
453 2.72885e-27
454 3.29073e-27
455 3.9673e-27
456 4.78172e-27
457 5.76178e-27
458 6.94081e-27
459 8.35874e-27
460 1.00634e-26
461 1.21122e-26
462 1.45735e-26
463 1.75297e-26
464 2.10787e-26
465 2.53381e-26
466 3.0448e-26
467 3.6576e-26
468 4.39221e-26
469 5.2725e-26
470 6.32696e-26
471 7.58951e-26
472 9.10063e-26
473 1.09085e-25
474 1.30704e-25
475 1.56548e-25
476 1.87426e-25
477 2.24305e-25
478 2.68331e-25
479 3.20865e-25
480 3.83523e-25
481 4.58222e-25
482 5.47236e-25
483 6.53256e-25
484 7.79474e-25
485 9.29665e-25
486 1.1083e-24
487 1.32065e-24
488 1.57298e-24
489 1.87264e-24
490 2.22836e-24
491 2.6504e-24
492 3.15087e-24
493 3.74406e-24
494 4.44677e-24
495 5.27883e-24
496 6.2635e-24
497 7.42821e-24
498 8.80514e-24
499 1.04321e-23
500 1.23535e-23
501 1.46215e-23
502 1.72971e-23
503 2.0452e-23
504 2.417e-23
505 2.85492e-23
506 3.37047e-23
507 3.97706e-23
508 4.69041e-23
509 5.52885e-23
510 6.51379e-23
511 7.6702e-23
512 9.02722e-23
513 1.06188e-22
514 1.24845e-22
515 1.46703e-22
516 1.72298e-22
517 2.02254e-22
518 2.37293e-22
519 2.78259e-22
520 3.26127e-22
521 3.82031e-22
522 4.47287e-22
523 5.23419e-22
524 6.12195e-22
525 7.1566e-22
526 8.36186e-22
527 9.76513e-22
528 1.13981e-21
529 1.32976e-21
530 1.55058e-21
531 1.80717e-21
532 2.1052e-21
533 2.45118e-21
534 2.85265e-21
535 3.31829e-21
536 3.85812e-21
537 4.48369e-21
538 5.20829e-21
539 6.04726e-21
540 7.01826e-21
541 8.1416e-21
542 9.44069e-21
543 1.09425e-20
544 1.26779e-20
545 1.46827e-20
546 1.69978e-20
547 1.96705e-20
548 2.2755e-20
549 2.63137e-20
550 3.04184e-20
551 3.51518e-20
552 4.06087e-20
553 4.68983e-20
554 5.41464e-20
555 6.24973e-20
556 7.21173e-20
557 8.31978e-20
558 9.59588e-20
559 1.10654e-19
560 1.27574e-19
561 1.47057e-19
562 1.69488e-19
563 1.95313e-19
564 2.25047e-19
565 2.59282e-19
566 2.987e-19
567 3.44092e-19
568 3.96364e-19
569 4.56569e-19
570 5.25919e-19
571 6.05814e-19
572 6.97875e-19
573 8.03972e-19
574 9.2627e-19
575 1.06727e-18
576 1.22988e-18
577 1.41745e-18
578 1.63387e-18
579 1.88363e-18
580 2.17196e-18
581 2.5049e-18
582 2.88946e-18
583 3.33377e-18
584 3.84726e-18
585 4.44086e-18
586 5.12727e-18
587 5.92122e-18
588 6.8398e-18
589 7.90284e-18
590 9.13339e-18
591 1.05582e-17
592 1.22082e-17
593 1.41196e-17
594 1.6334e-17
595 1.89001e-17
596 2.18741e-17
597 2.53214e-17
598 2.93179e-17
599 3.39514e-17
600 3.93241e-17
601 4.55541e-17
602 5.27787e-17
603 6.11566e-17
604 7.08722e-17
605 8.21385e-17
606 9.52025e-17
607 1.1035e-16
608 1.27911e-16
609 1.4827e-16
610 1.71866e-16
611 1.99212e-16
612 2.30898e-16
613 2.67604e-16
614 3.10118e-16
615 3.59346e-16
616 4.16333e-16
617 4.82284e-16
618 5.58587e-16
619 6.46839e-16
620 7.48877e-16
621 8.66815e-16
622 1.00308e-15
623 1.16046e-15
624 1.34216e-15
625 1.55185e-15
626 1.79374e-15
627 2.07265e-15
628 2.39412e-15
629 2.76446e-15
630 3.1909e-15
631 3.68171e-15
632 4.24633e-15
633 4.89554e-15
634 5.64163e-15
635 6.49864e-15
636 7.48251e-15
637 8.61145e-15
638 9.90615e-15
639 1.13901e-14
640 1.30901e-14
641 1.50365e-14
642 1.72637e-14
643 1.98109e-14
644 2.27222e-14
645 2.60478e-14
646 2.98446e-14
647 3.41766e-14
648 3.91164e-14
649 4.47459e-14
650 5.11577e-14
651 5.84558e-14
652 6.67578e-14
653 7.61962e-14
654 8.69197e-14
655 9.90959e-14
656 1.12913e-13
657 1.28582e-13
658 1.46341e-13
659 1.66455e-13
660 1.89223e-13
661 2.14978e-13
662 2.44093e-13
663 2.76987e-13
664 3.14126e-13
665 3.56031e-13
666 4.03283e-13
667 4.56529e-13
668 5.16493e-13
669 5.83978e-13
670 6.59877e-13
671 7.45185e-13
672 8.41005e-13
673 9.48563e-13
674 1.06922e-12
675 1.20447e-12
676 1.356e-12
677 1.52565e-12
678 1.71545e-12
679 1.92767e-12
680 2.16479e-12
681 2.42956e-12
682 2.72502e-12
683 3.05449e-12
684 3.42166e-12
685 3.83055e-12
686 4.28563e-12
687 4.79176e-12
688 5.3543e-12
689 5.97912e-12
690 6.67266e-12
691 7.44196e-12
692 8.29474e-12
693 9.23942e-12
694 1.02852e-11
695 1.14422e-11
696 1.27214e-11
697 1.41346e-11
698 1.56951e-11
699 1.74168e-11
700 1.93154e-11
701 2.14075e-11
702 2.37115e-11
703 2.62471e-11
704 2.90357e-11
705 3.21008e-11
706 3.54676e-11
707 3.91633e-11
708 4.32176e-11
709 4.76625e-11
710 5.25327e-11
711 5.78655e-11
712 6.37014e-11
713 7.00839e-11
714 7.70603e-11
715 8.46812e-11
716 9.30016e-11
717 1.0208e-10
718 1.11982e-10
719 1.22773e-10
720 1.3453e-10
721 1.47332e-10
722 1.61264e-10
723 1.76419e-10
724 1.92897e-10
725 2.10806e-10
726 2.30261e-10
727 2.51389e-10
728 2.74324e-10
729 2.99212e-10
730 3.26211e-10
731 3.55492e-10
732 3.8724e-10
733 4.21654e-10
734 4.58953e-10
735 4.9937e-10
736 5.43163e-10
737 5.9061e-10
738 6.42015e-10
739 6.97707e-10
740 7.5805e-10
741 8.23438e-10
742 8.94304e-10
743 9.71123e-10
744 1.05442e-09
745 1.14476e-09
746 1.24278e-09
747 1.34918e-09
748 1.46473e-09
749 1.59027e-09
750 1.72675e-09
751 1.87522e-09
752 2.03683e-09
753 2.21286e-09
754 2.40475e-09
755 2.61409e-09
756 2.84265e-09
757 3.0924e-09
758 3.36554e-09
759 3.66453e-09
760 3.99211e-09
761 4.35133e-09
762 4.74561e-09
763 5.17876e-09
764 5.65503e-09
765 6.17919e-09
766 6.75656e-09
767 7.39306e-09
768 8.09533e-09
769 8.87076e-09
770 9.72764e-09
771 1.06752e-08
772 1.17237e-08
773 1.28846e-08
774 1.41707e-08
775 1.55964e-08
776 1.71774e-08
777 1.89316e-08
778 2.08785e-08
779 2.304e-08
780 2.54406e-08
781 2.81072e-08
782 3.10699e-08
783 3.43621e-08
784 3.80205e-08
785 4.20863e-08
786 4.66048e-08
787 5.16262e-08
788 5.72059e-08
789 6.34055e-08
790 7.02927e-08
791 7.79423e-08
792 8.6437e-08
793 9.58678e-08
794 1.06335e-07
795 1.17949e-07
796 1.30831e-07
797 1.45115e-07
798 1.60947e-07
799 1.78488e-07
800 1.97915e-07
801 2.19422e-07
802 2.43221e-07
803 2.69543e-07
804 2.98644e-07
805 3.308e-07
806 3.66315e-07
807 4.0552e-07
808 4.48777e-07
809 4.96479e-07
810 5.49055e-07
811 6.06973e-07
812 6.70742e-07
813 7.40912e-07
814 8.18086e-07
815 9.02914e-07
816 9.96104e-07
817 1.09842e-06
818 1.2107e-06
819 1.33384e-06
820 1.46881e-06
821 1.61666e-06
822 1.77854e-06
823 1.95567e-06
824 2.14938e-06
825 2.36109e-06
826 2.59235e-06
827 2.84482e-06
828 3.12028e-06
829 3.42066e-06
830 3.74802e-06
831 4.10458e-06
832 4.49273e-06
833 4.91502e-06
834 5.37419e-06
835 5.87318e-06
836 6.41513e-06
837 7.00341e-06
838 7.64161e-06
839 8.3336e-06
840 9.08347e-06
841 9.8956e-06
842 1.07747e-05
843 1.17257e-05
844 1.2754e-05
845 1.38652e-05
846 1.50653e-05
847 1.63607e-05
848 1.77583e-05
849 1.92652e-05
850 2.08892e-05
851 2.26383e-05
852 2.45212e-05
853 2.6547e-05
854 2.87254e-05
855 3.10667e-05
856 3.35815e-05
857 3.62815e-05
858 3.91785e-05
859 4.22855e-05
860 4.56158e-05
861 4.91835e-05
862 5.30037e-05
863 5.70919e-05
864 6.14648e-05
865 6.61397e-05
866 7.11349e-05
867 7.64694e-05
868 8.21635e-05
869 8.82382e-05
870 9.47156e-05
871 0.000101619
872 0.000108972
873 0.000116801
874 0.000125132
875 0.000133992
876 0.00014341
877 0.000153418
878 0.000164045
879 0.000175324
880 0.000187291
881 0.00019998
882 0.000213427
883 0.000227672
884 0.000242754
885 0.000258714
886 0.000275595
887 0.000293441
888 0.000312299
889 0.000332214
890 0.000353238
891 0.000375419
892 0.000398811
893 0.000423467
894 0.000449443
895 0.000476797
896 0.000505586
897 0.000535872
898 0.000567717
899 0.000601185
900 0.000636341
901 0.000673252
902 0.000711988
903 0.000752619
904 0.000795216
905 0.000839853
906 0.000886605
907 0.000935549
908 0.000986763
909 0.00104033
910 0.00109632
911 0.00115482
912 0.00121592
913 0.00127969
914 0.00134623
915 0.00141562
916 0.00148795
917 0.0015633
918 0.00164176
919 0.00172342
920 0.00180838
921 0.00189671
922 0.00198852
923 0.00208389
924 0.00218291
925 0.00228567
926 0.00239225
927 0.00250276
928 0.00261728
929 0.00273588
930 0.00285867
931 0.00298572
932 0.00311712
933 0.00325295
934 0.00339329
935 0.00353822
936 0.00368782
937 0.00384215
938 0.00400129
939 0.00416531
940 0.00433427
941 0.00450823
942 0.00468725
943 0.00487139
944 0.0050607
945 0.00525522
946 0.00545499
947 0.00566005
948 0.00587044
949 0.00608618
950 0.00630729
951 0.00653379
952 0.00676568
953 0.00700299
954 0.00724569
955 0.00749379
956 0.00774726
957 0.0080061
958 0.00827026
959 0.00853971
960 0.00881442
961 0.00909432
962 0.00937937
963 0.00966949
964 0.00996461
965 0.0102647
966 0.0105695
967 0.0108791
968 0.0111933
969 0.0115121
970 0.0118352
971 0.0121625
972 0.012494
973 0.0128294
974 0.0131687
975 0.0135115
976 0.0138579
977 0.0142075
978 0.0145602
979 0.0149158
980 0.015274
981 0.0156347
982 0.0159977
983 0.0163627
984 0.0167294
985 0.0170976
986 0.0174671
987 0.0178376
988 0.0182089
989 0.0185806
990 0.0189525
991 0.0193243
992 0.0196957
993 0.0200664
994 0.0204361
995 0.0208046
996 0.0211714
997 0.0215363
998 0.021899
999 0.0222591
1000 0.0226164
1001 0.0229705
1002 0.023321
1003 0.0236678
1004 0.0240103
1005 0.0243484
1006 0.0246817
1007 0.0250099
1008 0.0253326
1009 0.0256495
1010 0.0259604
1011 0.0262648
1012 0.0265626
1013 0.0268534
1014 0.0271368
1015 0.0274127
1016 0.0276806
1017 0.0279404
1018 0.0281918
1019 0.0284345
1020 0.0286681
1021 0.0288926
1022 0.0291076
1023 0.0293129
1024 0.0295083
1025 0.0296936
1026 0.0298685
1027 0.0300329
1028 0.0301865
1029 0.0303293
1030 0.0304611
1031 0.0305816
1032 0.0306909
1033 0.0307887
1034 0.0308749
1035 0.0309495
1036 0.0310124
1037 0.0310635
1038 0.0311027
1039 0.03113
1040 0.0311454
1041 0.0311488
1042 0.0311403
1043 0.0311198
1044 0.0310875
1045 0.0310433
1046 0.0309873
1047 0.0309195
1048 0.0308401
1049 0.030749
1050 0.0306466
1051 0.0305327
1052 0.0304077
1053 0.0302716
1054 0.0301245
1055 0.0299667
1056 0.0297983
1057 0.0296196
1058 0.0294307
1059 0.0292318
1060 0.0290231
1061 0.0288049
1062 0.0285775
1063 0.028341
1064 0.0280957
1065 0.0278419
1066 0.0275799
1067 0.0273099
1068 0.0270323
1069 0.0267472
1070 0.0264551
1071 0.0261562
1072 0.0258508
1073 0.0255392
1074 0.0252217
1075 0.0248987
1076 0.0245705
1077 0.0242374
1078 0.0238997
1079 0.0235577
1080 0.0232117
1081 0.0228621
1082 0.0225093
1083 0.0221534
1084 0.0217949
1085 0.021434
1086 0.021071
1087 0.0207064
1088 0.0203403
1089 0.0199731
1090 0.019605
1091 0.0192364
1092 0.0188676
1093 0.0184988
1094 0.0181304
1095 0.0177625
1096 0.0173955
1097 0.0170296
1098 0.0166651
1099 0.0163022
1100 0.0159411
1101 0.0155822
1102 0.0152255
1103 0.0148714
1104 0.01452
1105 0.0141715
1106 0.0138261
1107 0.0134841
1108 0.0131455
1109 0.0128106
1110 0.0124795
1111 0.0121524
1112 0.0118293
1113 0.0115105
1114 0.011196
1115 0.010886
1116 0.0105806
1117 0.0102799
1118 0.00998395
1119 0.00969285
1120 0.00940669
1121 0.00912554
1122 0.00884944
1123 0.00857846
1124 0.00831264
1125 0.00805201
1126 0.00779662
1127 0.00754649
1128 0.00730162
1129 0.00706204
1130 0.00682775
1131 0.00659874
1132 0.00637502
1133 0.00615656
1134 0.00594335
1135 0.00573537
1136 0.00553258
1137 0.00533496
1138 0.00514246
1139 0.00495505
1140 0.00477267
1141 0.00459528
1142 0.00442282
1143 0.00425524
1144 0.00409247
1145 0.00393445
1146 0.00378112
1147 0.0036324
1148 0.00348822
1149 0.00334851
1150 0.00321319
1151 0.00308218
1152 0.00295541
1153 0.00283279
1154 0.00271425
1155 0.00259969
1156 0.00248904
1157 0.00238221
1158 0.00227911
1159 0.00217966
1160 0.00208377
1161 0.00199135
1162 0.00190233
1163 0.00181661
1164 0.0017341
1165 0.00165472
1166 0.00157839
1167 0.00150502
1168 0.00143453
1169 0.00136682
1170 0.00130183
1171 0.00123947
1172 0.00117966
1173 0.00112231
1174 0.00106736
1175 0.00101472
1176 0.00096432
1177 0.000916082
1178 0.000869934
1179 0.000825805
1180 0.000783623
1181 0.00074332
1182 0.000704829
1183 0.000668084
1184 0.00063302
1185 0.000599574
1186 0.000567685
1187 0.000537293
1188 0.000508341
1189 0.000480771
1190 0.000454528
1191 0.000429559
1192 0.000405811
1193 0.000383235
1194 0.000361782
1195 0.000341403
1196 0.000322054
1197 0.000303689
1198 0.000286266
1199 0.000269743
1200 0.00025408
1201 0.000239239
1202 0.000225182
1203 0.000211872
1204 0.000199276
1205 0.00018736
1206 0.000176092
1207 0.000165441
1208 0.000155377
1209 0.000145871
1210 0.000136897
1211 0.000128428
1212 0.000120438
1213 0.000112904
1214 0.000105803
1215 9.91119e-05
1216 9.281e-05
1217 8.68769e-05
1218 8.12934e-05
1219 7.60409e-05
1220 7.11017e-05
1221 6.64591e-05
1222 6.20968e-05
1223 5.79997e-05
1224 5.41532e-05
1225 5.05432e-05
1226 4.71567e-05
1227 4.3981e-05
1228 4.10042e-05
1229 3.8215e-05
1230 3.56024e-05
1231 3.31564e-05
1232 3.08672e-05
1233 2.87256e-05
1234 2.67228e-05
1235 2.48506e-05
1236 2.31011e-05
1237 2.1467e-05
1238 1.99412e-05
1239 1.85171e-05
1240 1.71885e-05
1241 1.59494e-05
1242 1.47942e-05
1243 1.37177e-05
1244 1.27149e-05
1245 1.17811e-05
1246 1.0912e-05
1247 1.01033e-05
1248 9.35111e-06
1249 8.6518e-06
1250 8.00187e-06
1251 7.39808e-06
1252 6.83737e-06
1253 6.31687e-06
1254 5.83387e-06
1255 5.38584e-06
1256 4.97042e-06
1257 4.58538e-06
1258 4.22864e-06
1259 3.89823e-06
1260 3.59234e-06
1261 3.30925e-06
1262 3.04737e-06
1263 2.80519e-06
1264 2.58133e-06
1265 2.37447e-06
1266 2.1834e-06
1267 2.00697e-06
1268 1.84414e-06
1269 1.6939e-06
1270 1.55534e-06
1271 1.42759e-06
1272 1.30987e-06
1273 1.20141e-06
1274 1.10154e-06
1275 1.00961e-06
1276 9.25013e-07
1277 8.47199e-07
1278 7.75651e-07
1279 7.09888e-07
1280 6.49466e-07
1281 5.93973e-07
1282 5.43025e-07
1283 4.96267e-07
1284 4.53372e-07
1285 4.14035e-07
1286 3.77975e-07
1287 3.44931e-07
1288 3.14662e-07
1289 2.86946e-07
1290 2.61576e-07
1291 2.38364e-07
1292 2.17133e-07
1293 1.97722e-07
1294 1.79981e-07
1295 1.63773e-07
1296 1.48971e-07
1297 1.35458e-07
1298 1.23126e-07
1299 1.11877e-07
1300 1.01619e-07
1301 9.22677e-08
1302 8.37472e-08
1303 7.59862e-08
1304 6.89195e-08
1305 6.24876e-08
1306 5.66356e-08
1307 5.13131e-08
1308 4.64741e-08
1309 4.20764e-08
1310 3.80811e-08
1311 3.44527e-08
1312 3.11589e-08
1313 2.81699e-08
1314 2.54585e-08
1315 2.29998e-08
1316 2.07711e-08
1317 1.87516e-08
1318 1.69224e-08
1319 1.52662e-08
1320 1.37671e-08
1321 1.24108e-08
1322 1.11841e-08
1323 1.00751e-08
1324 9.07275e-09
1325 8.16722e-09
1326 7.34945e-09
1327 6.6112e-09
1328 5.94498e-09
1329 5.34399e-09
1330 4.80204e-09
1331 4.31352e-09
1332 3.87331e-09
1333 3.47679e-09
1334 3.11975e-09
1335 2.79838e-09
1336 2.50923e-09
1337 2.24915e-09
1338 2.01531e-09
1339 1.80515e-09
1340 1.61632e-09
1341 1.44674e-09
1342 1.29449e-09
1343 1.15785e-09
1344 1.03527e-09
1345 9.25344e-10
1346 8.26795e-10
1347 7.3848e-10
1348 6.59367e-10
1349 5.88522e-10
1350 5.25104e-10
1351 4.68355e-10
1352 4.17593e-10
1353 3.72202e-10
1354 3.31628e-10
1355 2.95374e-10
1356 2.62991e-10
1357 2.34077e-10
1358 2.08269e-10
1359 1.85242e-10
1360 1.64703e-10
1361 1.46391e-10
1362 1.3007e-10
1363 1.15528e-10
1364 1.02576e-10
1365 9.10451e-11
1366 8.07823e-11
1367 7.16516e-11
1368 6.35311e-11
1369 5.63115e-11
1370 4.98951e-11
1371 4.41947e-11
1372 3.91321e-11
1373 3.46376e-11
1374 3.06489e-11
1375 2.71102e-11
1376 2.39719e-11
1377 2.11897e-11
1378 1.8724e-11
1379 1.65397e-11
1380 1.46052e-11
1381 1.28926e-11
1382 1.1377e-11
1383 1.00362e-11
1384 8.85038e-12
1385 7.80209e-12
1386 6.87565e-12
1387 6.0572e-12
1388 5.33438e-12
1389 4.69626e-12
1390 4.1331e-12
1391 3.63626e-12
1392 3.19809e-12
1393 2.81178e-12
1394 2.47132e-12
1395 2.17137e-12
1396 1.9072e-12
1397 1.67462e-12
1398 1.46992e-12
1399 1.28982e-12
1400 1.13141e-12
1401 9.92141e-13
1402 8.6973e-13
1403 7.62174e-13
1404 6.67702e-13
1405 5.84752e-13
1406 5.11941e-13
1407 4.48053e-13
1408 3.92011e-13
1409 3.42869e-13
1410 2.99792e-13
1411 2.62043e-13
1412 2.28974e-13
1413 2.00015e-13
1414 1.74662e-13
1415 1.52475e-13
1416 1.33065e-13
1417 1.16088e-13
1418 1.01246e-13
1419 8.82736e-14
1420 7.69391e-14
1421 6.7039e-14
1422 5.83945e-14
1423 5.08489e-14
1424 4.42645e-14
1425 3.85207e-14
1426 3.35118e-14
1427 2.91452e-14
1428 2.53397e-14
1429 2.20244e-14
1430 1.91368e-14
1431 1.66228e-14
1432 1.44345e-14
1433 1.25305e-14
1434 1.08743e-14
1435 9.43416e-15
1436 8.18222e-15
1437 7.09424e-15
1438 6.14906e-15
1439 5.32818e-15
1440 4.61549e-15
1441 3.99691e-15
1442 3.46018e-15
1443 2.99462e-15
1444 2.59091e-15
1445 2.24095e-15
1446 1.93768e-15
1447 1.67494e-15
1448 1.44739e-15
1449 1.25038e-15
1450 1.07985e-15
1451 9.32307e-16
1452 8.04677e-16
1453 6.9431e-16
1454 5.989e-16
1455 5.16446e-16
1456 4.4521e-16
1457 3.83685e-16
1458 3.30562e-16
1459 2.84709e-16
1460 2.45143e-16
1461 2.11011e-16
1462 1.81578e-16
1463 1.56202e-16
1464 1.34333e-16
1465 1.15491e-16
1466 9.92615e-17
1467 8.52872e-17
1468 7.32581e-17
1469 6.29066e-17
1470 5.40016e-17
1471 4.63431e-17
1472 3.97588e-17
1473 3.40996e-17
1474 2.92371e-17
1475 2.50604e-17
1476 2.14738e-17
1477 1.8395e-17
1478 1.57528e-17
1479 1.3486e-17
1480 1.15419e-17
1481 9.87508e-18
1482 8.44637e-18
1483 7.22216e-18
1484 6.1735e-18
1485 5.27549e-18
1486 4.50673e-18
1487 3.84881e-18
1488 3.28593e-18
1489 2.80451e-18
1490 2.39289e-18
1491 2.04105e-18
1492 1.7404e-18
1493 1.48359e-18
1494 1.26427e-18
1495 1.07705e-18
1496 9.17265e-19
1497 7.80942e-19
1498 6.64673e-19
1499 5.65539e-19
1500 4.8104e-19
1501 4.09038e-19
1502 3.47705e-19
1503 2.95476e-19
1504 2.51014e-19
1505 2.13175e-19
1506 1.80984e-19
1507 1.53605e-19
1508 1.30327e-19
1509 1.10542e-19
1510 9.37311e-20
1511 7.94515e-20
1512 6.73261e-20
1513 5.70331e-20
1514 4.82985e-20
1515 4.08886e-20
1516 3.46045e-20
1517 2.92769e-20
1518 2.47617e-20
1519 2.09362e-20
1520 1.76961e-20
1521 1.49526e-20
1522 1.26305e-20
1523 1.06656e-20
1524 9.00346e-21
1525 7.59795e-21
1526 6.40981e-21
1527 5.40575e-21
1528 4.55751e-21
1529 3.84114e-21
1530 3.23635e-21
1531 2.72591e-21
1532 2.29525e-21
1533 1.93201e-21
1534 1.62573e-21
1535 1.36758e-21
1536 1.15005e-21
1537 9.66811e-22
1538 8.12511e-22
1539 6.82619e-22
1540 5.73311e-22
1541 4.81353e-22
1542 4.04017e-22
1543 3.38999e-22
1544 2.84354e-22
1545 2.38442e-22
1546 1.9988e-22
1547 1.67502e-22
1548 1.40324e-22
1549 1.17519e-22
1550 9.83892e-23
1551 8.23476e-23
1552 6.88999e-23
1553 5.76303e-23
1554 4.81889e-23
1555 4.02818e-23
1556 3.36616e-23
1557 2.81208e-23
1558 2.34847e-23
1559 1.96068e-23
1560 1.63643e-23
1561 1.36538e-23
1562 1.13888e-23
1563 9.49657e-24
1564 7.91634e-24
1565 6.59706e-24
1566 5.49597e-24
1567 4.57727e-24
1568 3.81099e-24
1569 3.17204e-24
1570 2.63943e-24
1571 2.19559e-24
1572 1.82583e-24
1573 1.5179e-24
1574 1.26153e-24
1575 1.04815e-24
1576 8.70599e-25
1577 7.22916e-25
1578 6.00109e-25
1579 4.98018e-25
1580 4.13175e-25
1581 3.42687e-25
1582 2.84142e-25
1583 2.35531e-25
1584 1.9518e-25
1585 1.61696e-25
1586 1.33918e-25
1587 1.1088e-25
1588 9.17799e-26
1589 7.59483e-26
1590 6.28298e-26
1591 5.19627e-26
1592 4.29631e-26
1593 3.55123e-26
1594 2.93454e-26
1595 2.42427e-26
1596 2.00218e-26
1597 1.65312e-26
1598 1.36454e-26
1599 1.12602e-26
1600 9.28947e-27
1601 7.66153e-27
1602 6.31716e-27
1603 5.20727e-27
1604 4.29121e-27
1605 3.53535e-27
1606 2.91183e-27
1607 2.39764e-27
1608 1.97372e-27
1609 1.62431e-27
1610 1.33639e-27
1611 1.09922e-27
1612 9.03894e-28
1613 7.43078e-28
1614 6.1071e-28
1615 5.01786e-28
1616 4.1218e-28
1617 3.38484e-28
1618 2.77891e-28
1619 2.28083e-28
1620 1.87153e-28
1621 1.53526e-28
1622 1.25908e-28
1623 1.0323e-28
1624 8.46142e-29
1625 6.93368e-29
1626 5.68024e-29
1627 4.65215e-29
1628 3.8091e-29
1629 3.11798e-29
1630 2.55157e-29
1631 2.08749e-29
1632 1.70735e-29
1633 1.39605e-29
1634 1.1412e-29
1635 9.32616e-30
1636 7.61947e-30
1637 6.22338e-30
1638 5.08169e-30
1639 4.14829e-30
1640 3.3854e-30
1641 2.76203e-30
1642 2.25281e-30
1643 1.83696e-30
1644 1.49744e-30
1645 1.22033e-30
1646 9.94221e-31
1647 8.09772e-31
1648 6.59352e-31
1649 5.36719e-31
1650 4.36768e-31
1651 3.55326e-31
1652 2.88986e-31
1653 2.34962e-31
1654 1.90982e-31
1655 1.55187e-31
1656 1.26064e-31
1657 1.02375e-31
1658 8.31128e-32
1659 6.74543e-32
1660 5.47292e-32
1661 4.43911e-32
1662 3.59947e-32
1663 2.91775e-32
1664 2.3644e-32
1665 1.9154e-32
1666 1.55118e-32
1667 1.25582e-32
1668 1.01637e-32
1669 8.22322e-33
1670 6.65107e-33
1671 5.37775e-33
1672 4.34681e-33
1673 3.51235e-33
1674 2.83716e-33
1675 2.29101e-33
1676 1.84939e-33
1677 1.49239e-33
1678 1.20391e-33
1679 9.7087e-34
1680 7.82674e-34
1681 6.30745e-34
1682 5.08135e-34
1683 4.0922e-34
1684 3.29447e-34
1685 2.65133e-34
1686 2.13301e-34
1687 1.71542e-34
1688 1.3791e-34
1689 1.10834e-34
1690 8.90415e-35
1691 7.15089e-35
1692 5.74082e-35
1693 4.60716e-35
1694 3.69604e-35
1695 2.96404e-35
1696 2.37616e-35
1697 1.90419e-35
1698 1.52541e-35
1699 1.22153e-35
1700 9.77829e-36
1701 7.8246e-36
1702 6.25895e-36
1703 5.00473e-36
1704 4.00035e-36
1705 3.19634e-36
1706 2.55298e-36
1707 2.03834e-36
1708 1.62684e-36
1709 1.29792e-36
1710 1.03511e-36
1711 8.25206e-37
1712 6.57614e-37
1713 5.23859e-37
1714 4.17149e-37
1715 3.32049e-37
1716 2.64207e-37
1717 2.10146e-37
1718 1.67081e-37
1719 1.32791e-37
1720 1.05496e-37
1721 8.37796e-38
1722 6.65073e-38
1723 5.27753e-38
1724 4.18621e-38
1725 3.31925e-38
1726 2.63081e-38
1727 2.08433e-38
1728 1.65071e-38
1729 1.30678e-38
1730 1.0341e-38
1731 8.17993e-39
1732 6.46789e-39
1733 5.11214e-39
1734 4.03895e-39
1735 3.18977e-39
1736 2.51812e-39
1737 1.9871e-39
1738 1.56742e-39
1739 1.23588e-39
1740 9.74076e-40
1741 7.67419e-40
1742 6.0436e-40
1743 4.75755e-40
1744 3.74363e-40
1745 2.9446e-40
1746 2.31517e-40
1747 1.81954e-40
1748 1.42943e-40
1749 1.12249e-40
1750 8.81108e-41
1751 6.91346e-41
1752 5.4223e-41
1753 4.25101e-41
1754 3.33137e-41
1755 2.6096e-41
1756 2.04336e-41
1757 1.59933e-41
1758 1.25127e-41
1759 9.7855e-42
1760 7.64955e-42
1761 5.97735e-42
1762 4.66875e-42
1763 3.64513e-42
1764 2.84475e-42
1765 2.21919e-42
1766 1.73047e-42
1767 1.34882e-42
1768 1.0509e-42
1769 8.18441e-43
1770 6.37136e-43
1771 4.95788e-43
1772 3.85636e-43
1773 2.99832e-43
1774 2.33022e-43
1775 1.81023e-43
1776 1.40568e-43
1777 1.09109e-43
1778 8.46544e-44
1779 6.56534e-44
1780 5.08959e-44
1781 3.94389e-44
1782 3.05482e-44
1783 2.36518e-44
1784 1.83045e-44
1785 1.41602e-44
1786 1.09496e-44
1787 8.46342e-45
1788 6.53897e-45
1789 5.04998e-45
1790 3.89841e-45
1791 3.00816e-45
1792 2.32024e-45
1793 1.78887e-45
1794 1.37862e-45
1795 1.062e-45
1796 8.17753e-46
1797 6.29414e-46
1798 4.84247e-46
1799 3.72403e-46
1800 2.86271e-46
1801 2.19967e-46
1802 1.68948e-46
1803 1.29708e-46
1804 9.95392e-47
1805 7.63553e-47
1806 5.85464e-47
1807 4.48722e-47
1808 3.43772e-47
1809 2.63258e-47
1810 2.01515e-47
1811 1.54187e-47
1812 1.17925e-47
1813 9.01532e-48
1814 6.88924e-48
1815 5.26232e-48
1816 4.01791e-48
1817 3.06647e-48
1818 2.33934e-48
1819 1.78387e-48
1820 1.35972e-48
1821 1.03598e-48
1822 7.88988e-49
1823 6.00627e-49
1824 4.57041e-49
1825 3.47633e-49
1826 2.64304e-49
1827 2.00864e-49
1828 1.52587e-49
1829 1.15864e-49
1830 8.79413e-50
1831 6.67199e-50
1832 5.0598e-50
1833 3.83555e-50
1834 2.90628e-50
1835 2.20122e-50
1836 1.66651e-50
1837 1.26115e-50
1838 9.5398e-51
1839 7.21323e-51
1840 5.45176e-51
1841 4.11869e-51
1842 3.11027e-51
1843 2.34775e-51
1844 1.77143e-51
1845 1.33601e-51
1846 1.00719e-51
1847 7.58984e-52
1848 5.71699e-52
1849 4.30447e-52
1850 3.23957e-52
1851 2.43709e-52
1852 1.83262e-52
1853 1.37749e-52
1854 1.03495e-52
1855 7.77265e-53
1856 5.83492e-53
1857 4.37841e-53
1858 3.28408e-53
1859 2.46223e-53
1860 1.84527e-53
1861 1.38231e-53
1862 1.03507e-53
1863 7.74729e-54
1864 5.79624e-54
1865 4.3347e-54
1866 3.24032e-54
1867 2.42122e-54
1868 1.80841e-54
1869 1.35013e-54
1870 1.00756e-54
1871 7.51594e-55
1872 5.60419e-55
1873 4.17694e-55
1874 3.11186e-55
1875 2.31739e-55
1876 1.72502e-55
1877 1.28353e-55
1878 9.54634e-56
1879 7.09713e-56
1880 5.27407e-56
1881 3.91765e-56
1882 2.90886e-56
1883 2.15892e-56
1884 1.60165e-56
1885 1.18772e-56
1886 8.80397e-57
1887 6.52319e-57
1888 4.83124e-57
1889 3.57663e-57
1890 2.64671e-57
1891 1.95775e-57
1892 1.44752e-57
1893 1.06981e-57
1894 7.90332e-58
1895 5.83617e-58
1896 4.30789e-58
1897 3.17846e-58
1898 2.34416e-58
1899 1.72813e-58
1900 1.27345e-58
1901 9.38002e-59
1902 6.90627e-59
1903 5.08278e-59
1904 3.73918e-59
1905 2.7496e-59
1906 2.02106e-59
1907 1.48493e-59
1908 1.09057e-59
1909 8.00598e-60
1910 5.87483e-60
1911 4.30917e-60
1912 3.15943e-60
1913 2.31549e-60
1914 1.69627e-60
1915 1.24212e-60
1916 9.09181e-61
1917 6.65204e-61
1918 4.86494e-61
1919 3.55646e-61
1920 2.59882e-61
1921 1.89825e-61
1922 1.38595e-61
1923 1.01149e-61
1924 7.37888e-62
1925 5.3807e-62
1926 3.92198e-62
1927 2.85753e-62
1928 2.0811e-62
1929 1.51501e-62
1930 1.10244e-62
1931 8.01883e-63
1932 5.83024e-63
1933 4.23722e-63
1934 3.07817e-63
1935 2.23524e-63
1936 1.62245e-63
1937 1.17717e-63
1938 8.5374e-64
1939 6.18914e-64
1940 4.4849e-64
1941 3.24858e-64
1942 2.35209e-64
1943 1.70228e-64
1944 1.23148e-64
1945 8.90521e-65
1946 6.43692e-65
1947 4.65084e-65
1948 3.35894e-65
1949 2.42489e-65
1950 1.74985e-65
1951 1.2622e-65
1952 9.10072e-66
1953 6.55905e-66
1954 4.72525e-66
1955 3.40273e-66
1956 2.44934e-66
1957 1.76234e-66
1958 1.26751e-66
1959 9.11232e-67
1960 6.54827e-67
1961 4.70374e-67
1962 3.37737e-67
1963 2.42401e-67
1964 1.73903e-67
1965 1.2471e-67
1966 8.93949e-68
1967 6.40537e-68
1968 4.5877e-68
1969 3.28446e-68
1970 2.35046e-68
1971 1.68136e-68
1972 1.20223e-68
1973 8.59283e-69
1974 6.13906e-69
1975 4.38417e-69
1976 3.12963e-69
1977 2.23315e-69
1978 1.5928e-69
1979 1.1356e-69
1980 8.09295e-70
1981 5.76513e-70
1982 4.10517e-70
1983 2.92195e-70
1984 2.0789e-70
1985 1.47848e-70
1986 1.05103e-70
1987 7.46852e-71
1988 5.30486e-71
1989 3.76646e-71
1990 2.67308e-71
1991 1.89632e-71
1992 1.34471e-71
1993 9.53164e-72
1994 6.75345e-72
1995 4.78304e-72
1996 3.38611e-72
1997 2.39618e-72
1998 1.69495e-72
1999 1.19843e-72
2000 8.47016e-73
2001 5.98397e-73
2002 4.22578e-73
2003 2.98294e-73
2004 2.10476e-73
2005 1.4845e-73
2006 1.04659e-73
2007 7.37556e-74
2008 5.19556e-74
2009 3.6584e-74
2010 2.57495e-74
2011 1.81162e-74
2012 1.27405e-74
2013 8.95624e-75
2014 6.2934e-75
2015 4.42044e-75
2016 3.1036e-75
2017 2.17815e-75
2018 1.52802e-75
2019 1.0715e-75
2020 7.51064e-76
2021 5.2624e-76
2022 3.68565e-76
2023 2.58028e-76
2024 1.8057e-76
2025 1.26315e-76
2026 8.83267e-77
2027 6.17399e-77
2028 4.31403e-77
2029 3.01337e-77
2030 2.10422e-77
2031 1.46898e-77
2032 1.02532e-77
2033 7.15593e-78
2034 4.99458e-78
2035 3.487e-78
2036 2.4359e-78
2037 1.70341e-78
2038 1.19323e-78
2039 8.38108e-79
2040 5.91135e-79
2041 4.19598e-79
2042 3.00721e-79
2043 2.18684e-79
2044 1.62539e-79
2045 1.24775e-79
2046 1.00327e-79
2047 8.59062e-80
