0 2.2704e-54
1 1.88219e-54
2 1.6647e-54
3 1.60418e-54
4 1.69602e-54
5 1.94439e-54
6 2.36248e-54
7 2.97316e-54
8 3.8102e-54
9 4.92012e-54
10 6.36475e-54
11 8.22457e-54
12 1.06032e-53
13 1.36329e-53
14 1.74819e-53
15 2.23638e-53
16 2.85488e-53
17 3.63784e-53
18 4.62843e-53
19 5.88115e-53
20 7.46476e-53
21 9.46603e-53
22 1.19944e-52
23 1.51877e-52
24 1.92197e-52
25 2.43097e-52
26 3.07333e-52
27 3.8838e-52
28 4.90614e-52
29 6.19539e-52
30 7.82086e-52
31 9.86972e-52
32 1.24516e-51
33 1.57045e-51
34 1.98016e-51
35 2.4961e-51
36 3.14563e-51
37 3.96317e-51
38 4.9919e-51
39 6.28609e-51
40 7.91383e-51
41 9.96061e-51
42 1.25337e-50
43 1.57675e-50
44 1.98309e-50
45 2.49354e-50
46 3.13462e-50
47 3.93955e-50
48 4.94997e-50
49 6.21803e-50
50 7.80903e-50
51 9.80472e-50
52 1.23074e-49
53 1.54451e-49
54 1.93779e-49
55 2.43062e-49
56 3.04803e-49
57 3.82131e-49
58 4.78958e-49
59 6.00169e-49
60 7.51865e-49
61 9.41664e-49
62 1.17908e-48
63 1.47597e-48
64 1.84715e-48
65 2.31108e-48
66 2.89078e-48
67 3.61496e-48
68 4.51939e-48
69 5.64862e-48
70 7.05816e-48
71 8.81713e-48
72 1.10116e-47
73 1.37485e-47
74 1.71612e-47
75 2.14154e-47
76 2.67171e-47
77 3.33226e-47
78 4.155e-47
79 5.17951e-47
80 6.45493e-47
81 8.04227e-47
82 1.00173e-46
83 1.2474e-46
84 1.55292e-46
85 1.93275e-46
86 2.40484e-46
87 2.99146e-46
88 3.72019e-46
89 4.62522e-46
90 5.74892e-46
91 7.14376e-46
92 8.8747e-46
93 1.10222e-45
94 1.36857e-45
95 1.69886e-45
96 2.10831e-45
97 2.61577e-45
98 3.24454e-45
99 4.02343e-45
100 4.98804e-45
101 6.18236e-45
102 7.6607e-45
103 9.49018e-45
104 1.17536e-44
105 1.45533e-44
106 1.80154e-44
107 2.22956e-44
108 2.75859e-44
109 3.41232e-44
110 4.21993e-44
111 5.21743e-44
112 6.44916e-44
113 7.96975e-44
114 9.84649e-44
115 1.21623e-43
116 1.50191e-43
117 1.85425e-43
118 2.28871e-43
119 2.82429e-43
120 3.48437e-43
121 4.29771e-43
122 5.29964e-43
123 6.5336e-43
124 8.05297e-43
125 9.92331e-43
126 1.22251e-42
127 1.50573e-42
128 1.85412e-42
129 2.28258e-42
130 2.80937e-42
131 3.45692e-42
132 4.2527e-42
133 5.23041e-42
134 6.43135e-42
135 7.90612e-42
136 9.71672e-42
137 1.19391e-41
138 1.46661e-41
139 1.80116e-41
140 2.21149e-41
141 2.71462e-41
142 3.3314e-41
143 4.08729e-41
144 5.01345e-41
145 6.14793e-41
146 7.53724e-41
147 9.23819e-41
148 1.13201e-40
149 1.38678e-40
150 1.69844e-40
151 2.07963e-40
152 2.54571e-40
153 3.11546e-40
154 3.81174e-40
155 4.66244e-40
156 5.70153e-40
157 6.97041e-40
158 8.51948e-40
159 1.04101e-39
160 1.27171e-39
161 1.55313e-39
162 1.89633e-39
163 2.31478e-39
164 2.82484e-39
165 3.4464e-39
166 4.20365e-39
167 5.12597e-39
168 6.24906e-39
169 7.61626e-39
170 9.28022e-39
171 1.13048e-38
172 1.37677e-38
173 1.67628e-38
174 2.04044e-38
175 2.48309e-38
176 3.021e-38
177 3.67453e-38
178 4.46833e-38
179 5.43226e-38
180 6.6025e-38
181 8.02287e-38
182 9.7464e-38
183 1.18373e-37
184 1.43733e-37
185 1.74483e-37
186 2.11761e-37
187 2.56942e-37
188 3.11687e-37
189 3.78007e-37
190 4.58327e-37
191 5.55583e-37
192 6.73316e-37
193 8.15804e-37
194 9.88212e-37
195 1.19677e-36
196 1.44901e-36
197 1.75399e-36
198 2.12267e-36
199 2.56823e-36
200 3.10659e-36
201 3.75692e-36
202 4.54231e-36
203 5.4906e-36
204 6.63529e-36
205 8.01674e-36
206 9.6835e-36
207 1.1694e-35
208 1.41186e-35
209 1.70418e-35
210 2.05654e-35
211 2.48115e-35
212 2.99271e-35
213 3.60888e-35
214 4.35085e-35
215 5.24409e-35
216 6.31917e-35
217 7.61279e-35
218 9.16898e-35
219 1.10406e-34
220 1.32909e-34
221 1.59959e-34
222 1.92466e-34
223 2.31522e-34
224 2.78434e-34
225 3.34766e-34
226 4.02394e-34
227 4.83562e-34
228 5.80955e-34
229 6.97785e-34
230 8.37898e-34
231 1.00589e-33
232 1.20725e-33
233 1.44855e-33
234 1.73763e-33
235 2.08388e-33
236 2.49847e-33
237 2.99479e-33
238 3.58877e-33
239 4.29946e-33
240 5.14958e-33
241 6.16621e-33
242 7.38165e-33
243 8.83442e-33
244 1.05704e-32
245 1.26443e-32
246 1.51213e-32
247 1.8079e-32
248 2.16097e-32
249 2.58235e-32
250 3.08512e-32
251 3.68485e-32
252 4.40008e-32
253 5.25283e-32
254 6.2693e-32
255 7.48062e-32
256 8.9238e-32
257 1.06428e-31
258 1.26899e-31
259 1.5127e-31
260 1.80278e-31
261 2.14797e-31
262 2.55864e-31
263 3.04711e-31
264 3.62795e-31
265 4.3185e-31
266 5.13926e-31
267 6.11457e-31
268 7.27326e-31
269 8.64946e-31
270 1.02837e-30
271 1.22237e-30
272 1.45264e-30
273 1.72588e-30
274 2.05003e-30
275 2.43449e-30
276 2.89037e-30
277 3.43081e-30
278 4.07135e-30
279 4.83034e-30
280 5.72946e-30
281 6.79434e-30
282 8.05523e-30
283 9.54783e-30
284 1.13143e-29
285 1.34044e-29
286 1.58767e-29
287 1.88005e-29
288 2.22574e-29
289 2.63435e-29
290 3.11721e-29
291 3.68767e-29
292 4.36145e-29
293 5.15706e-29
294 6.09629e-29
295 7.20478e-29
296 8.5127e-29
297 1.00555e-28
298 1.1875e-28
299 1.402e-28
300 1.65484e-28
301 1.95278e-28
302 2.30376e-28
303 2.71714e-28
304 3.20386e-28
305 3.7768e-28
306 4.45105e-28
307 5.24431e-28
308 6.17734e-28
309 7.27448e-28
310 8.56426e-28
311 1.00801e-27
312 1.18612e-27
313 1.39533e-27
314 1.64102e-27
315 1.92948e-27
316 2.26804e-27
317 2.66534e-27
318 3.13141e-27
319 3.67804e-27
320 4.31899e-27
321 5.07034e-27
322 5.95087e-27
323 6.98254e-27
324 8.191e-27
325 9.60619e-27
326 1.1263e-26
327 1.32024e-26
328 1.54718e-26
329 1.81268e-26
330 2.12322e-26
331 2.48634e-26
332 2.91086e-26
333 3.40703e-26
334 3.9868e-26
335 4.66411e-26
336 5.45518e-26
337 6.37888e-26
338 7.45722e-26
339 8.71576e-26
340 1.01843e-25
341 1.18975e-25
342 1.38955e-25
343 1.62253e-25
344 1.89413e-25
345 2.21067e-25
346 2.57951e-25
347 3.00919e-25
348 3.50961e-25
349 4.09229e-25
350 4.77059e-25
351 5.56002e-25
352 6.47856e-25
353 7.54708e-25
354 8.78974e-25
355 1.02346e-24
356 1.19141e-24
357 1.3866e-24
358 1.61337e-24
359 1.87678e-24
360 2.18268e-24
361 2.53781e-24
362 2.95001e-24
363 3.42832e-24
364 3.9832e-24
365 4.62674e-24
366 5.37292e-24
367 6.23788e-24
368 7.24026e-24
369 8.40159e-24
370 9.74672e-24
371 1.13043e-23
372 1.31075e-23
373 1.51943e-23
374 1.76088e-23
375 2.04017e-23
376 2.36314e-23
377 2.73652e-23
378 3.16805e-23
379 3.66667e-23
380 4.24264e-23
381 4.90777e-23
382 5.67566e-23
383 6.56195e-23
384 7.58461e-23
385 8.76431e-23
386 1.01248e-22
387 1.16933e-22
388 1.35012e-22
389 1.55844e-22
390 1.79843e-22
391 2.07482e-22
392 2.39305e-22
393 2.75936e-22
394 3.1809e-22
395 3.66586e-22
396 4.22366e-22
397 4.86505e-22
398 5.60238e-22
399 6.44979e-22
400 7.42347e-22
401 8.54193e-22
402 9.82641e-22
403 1.13012e-21
404 1.2994e-21
405 1.49366e-21
406 1.71654e-21
407 1.97219e-21
408 2.26535e-21
409 2.60145e-21
410 2.9867e-21
411 3.42817e-21
412 3.93395e-21
413 4.51326e-21
414 5.17666e-21
415 5.93616e-21
416 6.8055e-21
417 7.80031e-21
418 8.93846e-21
419 1.02403e-20
420 1.1729e-20
421 1.3431e-20
422 1.53764e-20
423 1.75996e-20
424 2.01395e-20
425 2.30407e-20
426 2.63536e-20
427 3.01359e-20
428 3.44531e-20
429 3.93795e-20
430 4.49999e-20
431 5.14103e-20
432 5.872e-20
433 6.70531e-20
434 7.65506e-20
435 8.73722e-20
436 9.96997e-20
437 1.13739e-19
438 1.29723e-19
439 1.47917e-19
440 1.6862e-19
441 1.92173e-19
442 2.18961e-19
443 2.49419e-19
444 2.84041e-19
445 3.23385e-19
446 3.68082e-19
447 4.18847e-19
448 4.76487e-19
449 5.41914e-19
450 6.16159e-19
451 7.00385e-19
452 7.95907e-19
453 9.04209e-19
454 1.02696e-18
455 1.16606e-18
456 1.32362e-18
457 1.50206e-18
458 1.70406e-18
459 1.93269e-18
460 2.19137e-18
461 2.48396e-18
462 2.81483e-18
463 3.18885e-18
464 3.61154e-18
465 4.08909e-18
466 4.62847e-18
467 5.2375e-18
468 5.92499e-18
469 6.70082e-18
470 7.5761e-18
471 8.5633e-18
472 9.67643e-18
473 1.09312e-17
474 1.23453e-17
475 1.39384e-17
476 1.57329e-17
477 1.77535e-17
478 2.00283e-17
479 2.25885e-17
480 2.54693e-17
481 2.87099e-17
482 3.23544e-17
483 3.64522e-17
484 4.10586e-17
485 4.62353e-17
486 5.20518e-17
487 5.85856e-17
488 6.59233e-17
489 7.41623e-17
490 8.34109e-17
491 9.37906e-17
492 1.05437e-16
493 1.18503e-16
494 1.33157e-16
495 1.49588e-16
496 1.68009e-16
497 1.88657e-16
498 2.11794e-16
499 2.37716e-16
500 2.66751e-16
501 2.99267e-16
502 3.35673e-16
503 3.76425e-16
504 4.22031e-16
505 4.73058e-16
506 5.30139e-16
507 5.93975e-16
508 6.65351e-16
509 7.45137e-16
510 8.34303e-16
511 9.33929e-16
512 1.04521e-15
513 1.16949e-15
514 1.30823e-15
515 1.46309e-15
516 1.6359e-15
517 1.82868e-15
518 2.04367e-15
519 2.28337e-15
520 2.55056e-15
521 2.84828e-15
522 3.17993e-15
523 3.54928e-15
524 3.96048e-15
525 4.41812e-15
526 4.92731e-15
527 5.49366e-15
528 6.12338e-15
529 6.82336e-15
530 7.60115e-15
531 8.46515e-15
532 9.42456e-15
533 1.04896e-14
534 1.16714e-14
535 1.29825e-14
536 1.44363e-14
537 1.6048e-14
538 1.7834e-14
539 1.98125e-14
540 2.20035e-14
541 2.44289e-14
542 2.7113e-14
543 3.00823e-14
544 3.33659e-14
545 3.69959e-14
546 4.10074e-14
547 4.54391e-14
548 5.03334e-14
549 5.57366e-14
550 6.16998e-14
551 6.8279e-14
552 7.55352e-14
553 8.35359e-14
554 9.23545e-14
555 1.02072e-13
556 1.12776e-13
557 1.24564e-13
558 1.37542e-13
559 1.51827e-13
560 1.67544e-13
561 1.84834e-13
562 2.03848e-13
563 2.24754e-13
564 2.47734e-13
565 2.72988e-13
566 3.00734e-13
567 3.31212e-13
568 3.64683e-13
569 4.01434e-13
570 4.41778e-13
571 4.86057e-13
572 5.34647e-13
573 5.87956e-13
574 6.46433e-13
575 7.10568e-13
576 7.80896e-13
577 8.58002e-13
578 9.42527e-13
579 1.03517e-12
580 1.13669e-12
581 1.24793e-12
582 1.36979e-12
583 1.50327e-12
584 1.64946e-12
585 1.80954e-12
586 1.98481e-12
587 2.17667e-12
588 2.38665e-12
589 2.61645e-12
590 2.86788e-12
591 3.14292e-12
592 3.44376e-12
593 3.77273e-12
594 4.13242e-12
595 4.52559e-12
596 4.95529e-12
597 5.4248e-12
598 5.93769e-12
599 6.49785e-12
600 7.10947e-12
601 7.77712e-12
602 8.50574e-12
603 9.30066e-12
604 1.01677e-11
605 1.11131e-11
606 1.21435e-11
607 1.32664e-11
608 1.44896e-11
609 1.58216e-11
610 1.72715e-11
611 1.88492e-11
612 2.05653e-11
613 2.24312e-11
614 2.44593e-11
615 2.66626e-11
616 2.90553e-11
617 3.16525e-11
618 3.44706e-11
619 3.75268e-11
620 4.08398e-11
621 4.44295e-11
622 4.83172e-11
623 5.25254e-11
624 5.70784e-11
625 6.20021e-11
626 6.73239e-11
627 7.3073e-11
628 7.92807e-11
629 8.59801e-11
630 9.32062e-11
631 1.00997e-10
632 1.09391e-10
633 1.18431e-10
634 1.28162e-10
635 1.38631e-10
636 1.49888e-10
637 1.61986e-10
638 1.74982e-10
639 1.88935e-10
640 2.03907e-10
641 2.19967e-10
642 2.37183e-10
643 2.55632e-10
644 2.75391e-10
645 2.96545e-10
646 3.19182e-10
647 3.43396e-10
648 3.69286e-10
649 3.96956e-10
650 4.2652e-10
651 4.58093e-10
652 4.91803e-10
653 5.27782e-10
654 5.6617e-10
655 6.0712e-10
656 6.50789e-10
657 6.97349e-10
658 7.4698e-10
659 7.99877e-10
660 8.56245e-10
661 9.16304e-10
662 9.8029e-10
663 1.04846e-09
664 1.12107e-09
665 1.19842e-09
666 1.28082e-09
667 1.3686e-09
668 1.46212e-09
669 1.56176e-09
670 1.66794e-09
671 1.78109e-09
672 1.90169e-09
673 2.03026e-09
674 2.16735e-09
675 2.31356e-09
676 2.46952e-09
677 2.63592e-09
678 2.8135e-09
679 3.00306e-09
680 3.20545e-09
681 3.42161e-09
682 3.65252e-09
683 3.89923e-09
684 4.16291e-09
685 4.44476e-09
686 4.74611e-09
687 5.06837e-09
688 5.41304e-09
689 5.78173e-09
690 6.17616e-09
691 6.59818e-09
692 7.04974e-09
693 7.53294e-09
694 8.04998e-09
695 8.60323e-09
696 9.19519e-09
697 9.82852e-09
698 1.0506e-08
699 1.12306e-08
700 1.20055e-08
701 1.28339e-08
702 1.37194e-08
703 1.46655e-08
704 1.5676e-08
705 1.6755e-08
706 1.79066e-08
707 1.91351e-08
708 2.04451e-08
709 2.18411e-08
710 2.33281e-08
711 2.49111e-08
712 2.65951e-08
713 2.83855e-08
714 3.02877e-08
715 3.23073e-08
716 3.44497e-08
717 3.67209e-08
718 3.91265e-08
719 4.16724e-08
720 4.43644e-08
721 4.72084e-08
722 5.02102e-08
723 5.33754e-08
724 5.67097e-08
725 6.02186e-08
726 6.39073e-08
727 6.7781e-08
728 7.18443e-08
729 7.61019e-08
730 8.05577e-08
731 8.52154e-08
732 9.00782e-08
733 9.51488e-08
734 1.00429e-07
735 1.0592e-07
736 1.11624e-07
737 1.17538e-07
738 1.23664e-07
739 1.29997e-07
740 1.36537e-07
741 1.43278e-07
742 1.50215e-07
743 1.57342e-07
744 1.64652e-07
745 1.72136e-07
746 1.79783e-07
747 1.87581e-07
748 1.95518e-07
749 2.03578e-07
750 2.11746e-07
751 2.20004e-07
752 2.28332e-07
753 2.36711e-07
754 2.45116e-07
755 2.53524e-07
756 2.6191e-07
757 2.70247e-07
758 2.78507e-07
759 2.86659e-07
760 2.94673e-07
761 3.02517e-07
762 3.10158e-07
763 3.17563e-07
764 3.24696e-07
765 3.31525e-07
766 3.38013e-07
767 3.44127e-07
768 3.49832e-07
769 3.55096e-07
770 3.59885e-07
771 3.64169e-07
772 3.6792e-07
773 3.71111e-07
774 3.73719e-07
775 3.75725e-07
776 3.77111e-07
777 3.77868e-07
778 3.77989e-07
779 3.77473e-07
780 3.76328e-07
781 3.74567e-07
782 3.72212e-07
783 3.69294e-07
784 3.65853e-07
785 3.61941e-07
786 3.5762e-07
787 3.52966e-07
788 3.48066e-07
789 3.43024e-07
790 3.37958e-07
791 3.33001e-07
792 3.28307e-07
793 3.24045e-07
794 3.20404e-07
795 3.17594e-07
796 3.15848e-07
797 3.15419e-07
798 3.16584e-07
799 3.19646e-07
800 3.24932e-07
801 3.32797e-07
802 3.43624e-07
803 3.57821e-07
804 3.7583e-07
805 3.9812e-07
806 4.25193e-07
807 4.57581e-07
808 4.95851e-07
809 5.406e-07
810 5.92463e-07
811 6.52105e-07
812 7.20229e-07
813 7.97573e-07
814 8.84908e-07
815 9.83043e-07
816 1.09282e-06
817 1.21513e-06
818 1.35088e-06
819 1.50102e-06
820 1.66654e-06
821 1.84847e-06
822 2.04787e-06
823 2.26582e-06
824 2.50346e-06
825 2.76194e-06
826 3.04246e-06
827 3.34625e-06
828 3.67456e-06
829 4.02867e-06
830 4.40991e-06
831 4.81961e-06
832 5.25915e-06
833 5.72992e-06
834 6.23335e-06
835 6.77088e-06
836 7.34397e-06
837 7.95413e-06
838 8.60284e-06
839 9.29165e-06
840 1.00221e-05
841 1.07957e-05
842 1.16142e-05
843 1.2479e-05
844 1.33917e-05
845 1.43541e-05
846 1.53677e-05
847 1.64342e-05
848 1.75553e-05
849 1.87326e-05
850 1.99678e-05
851 2.12626e-05
852 2.26188e-05
853 2.4038e-05
854 2.55221e-05
855 2.70728e-05
856 2.86919e-05
857 3.03813e-05
858 3.21427e-05
859 3.39782e-05
860 3.58895e-05
861 3.78787e-05
862 3.99477e-05
863 4.20987e-05
864 4.43337e-05
865 4.6655e-05
866 4.90647e-05
867 5.15653e-05
868 5.41591e-05
869 5.68485e-05
870 5.96364e-05
871 6.25253e-05
872 6.55181e-05
873 6.86179e-05
874 7.18277e-05
875 7.51509e-05
876 7.85909e-05
877 8.21514e-05
878 8.58363e-05
879 8.96496e-05
880 9.35956e-05
881 9.76789e-05
882 0.000101904
883 0.000106277
884 0.000110802
885 0.000115486
886 0.000120334
887 0.000125353
888 0.000130549
889 0.00013593
890 0.000141503
891 0.000147277
892 0.000153259
893 0.00015946
894 0.000165887
895 0.000172552
896 0.000179464
897 0.000186634
898 0.000194075
899 0.000201799
900 0.000209818
901 0.000218145
902 0.000226796
903 0.000235785
904 0.000245126
905 0.000254838
906 0.000264936
907 0.000275438
908 0.000286363
909 0.000297731
910 0.00030956
911 0.000321874
912 0.000334692
913 0.000348037
914 0.000361934
915 0.000376407
916 0.000391481
917 0.000407182
918 0.000423537
919 0.000440574
920 0.000458322
921 0.000476811
922 0.000496072
923 0.000516137
924 0.000537037
925 0.000558807
926 0.000581482
927 0.000605096
928 0.000629685
929 0.000655288
930 0.000681942
931 0.000709685
932 0.000738559
933 0.000768604
934 0.00079986
935 0.000832371
936 0.00086618
937 0.000901329
938 0.000937865
939 0.000975833
940 0.00101528
941 0.00105625
942 0.00109879
943 0.00114294
944 0.00118877
945 0.00123631
946 0.00128562
947 0.00133674
948 0.00138973
949 0.00144463
950 0.0015015
951 0.00156039
952 0.00162134
953 0.00168441
954 0.00174965
955 0.00181711
956 0.00188685
957 0.0019589
958 0.00203333
959 0.00211018
960 0.0021895
961 0.00227134
962 0.00235576
963 0.00244279
964 0.00253249
965 0.0026249
966 0.00272007
967 0.00281804
968 0.00291886
969 0.00302257
970 0.00312921
971 0.00323882
972 0.00335144
973 0.00346711
974 0.00358587
975 0.00370774
976 0.00383277
977 0.00396098
978 0.0040924
979 0.00422705
980 0.00436497
981 0.00450618
982 0.0046507
983 0.00479854
984 0.00494972
985 0.00510425
986 0.00526215
987 0.00542342
988 0.00558807
989 0.00575611
990 0.00592752
991 0.00610231
992 0.00628047
993 0.006462
994 0.00664687
995 0.00683508
996 0.00702659
997 0.0072214
998 0.00741948
999 0.00762079
1000 0.0078253
1001 0.00803297
1002 0.00824377
1003 0.00845765
1004 0.00867457
1005 0.00889446
1006 0.00911728
1007 0.00934296
1008 0.00957145
1009 0.00980267
1010 0.0100366
1011 0.010273
1012 0.010512
1013 0.0107534
1014 0.0109972
1015 0.0112432
1016 0.0114914
1017 0.0117416
1018 0.0119938
1019 0.0122478
1020 0.0125036
1021 0.012761
1022 0.0130199
1023 0.0132802
1024 0.0135418
1025 0.0138045
1026 0.0140683
1027 0.0143329
1028 0.0145983
1029 0.0148643
1030 0.0151307
1031 0.0153975
1032 0.0156644
1033 0.0159313
1034 0.0161982
1035 0.0164647
1036 0.0167308
1037 0.0169963
1038 0.017261
1039 0.0175247
1040 0.0177874
1041 0.0180489
1042 0.0183089
1043 0.0185673
1044 0.0188239
1045 0.0190786
1046 0.0193312
1047 0.0195815
1048 0.0198294
1049 0.0200746
1050 0.0203171
1051 0.0205566
1052 0.0207929
1053 0.021026
1054 0.0212556
1055 0.0214815
1056 0.0217037
1057 0.0219218
1058 0.0221359
1059 0.0223456
1060 0.0225509
1061 0.0227516
1062 0.0229476
1063 0.0231386
1064 0.0233246
1065 0.0235053
1066 0.0236808
1067 0.0238507
1068 0.024015
1069 0.0241736
1070 0.0243263
1071 0.024473
1072 0.0246136
1073 0.0247479
1074 0.0248759
1075 0.0249975
1076 0.0251126
1077 0.025221
1078 0.0253227
1079 0.0254175
1080 0.0255055
1081 0.0255866
1082 0.0256606
1083 0.0257275
1084 0.0257873
1085 0.0258399
1086 0.0258853
1087 0.0259234
1088 0.0259542
1089 0.0259777
1090 0.0259939
1091 0.0260026
1092 0.0260041
1093 0.0259981
1094 0.0259849
1095 0.0259642
1096 0.0259363
1097 0.025901
1098 0.0258585
1099 0.0258088
1100 0.0257518
1101 0.0256878
1102 0.0256166
1103 0.0255384
1104 0.0254533
1105 0.0253613
1106 0.0252624
1107 0.0251569
1108 0.0250447
1109 0.024926
1110 0.0248008
1111 0.0246693
1112 0.0245315
1113 0.0243877
1114 0.0242378
1115 0.0240821
1116 0.0239206
1117 0.0237535
1118 0.0235809
1119 0.023403
1120 0.0232199
1121 0.0230317
1122 0.0228386
1123 0.0226407
1124 0.0224382
1125 0.0222312
1126 0.02202
1127 0.0218046
1128 0.0215853
1129 0.0213621
1130 0.0211353
1131 0.020905
1132 0.0206714
1133 0.0204347
1134 0.020195
1135 0.0199525
1136 0.0197073
1137 0.0194597
1138 0.0192098
1139 0.0189578
1140 0.0187039
1141 0.0184481
1142 0.0181908
1143 0.017932
1144 0.0176719
1145 0.0174107
1146 0.0171485
1147 0.0168856
1148 0.016622
1149 0.0163579
1150 0.0160936
1151 0.015829
1152 0.0155645
1153 0.0153
1154 0.0150359
1155 0.0147722
1156 0.014509
1157 0.0142466
1158 0.013985
1159 0.0137243
1160 0.0134647
1161 0.0132064
1162 0.0129494
1163 0.0126938
1164 0.0124398
1165 0.0121875
1166 0.011937
1167 0.0116883
1168 0.0114417
1169 0.0111971
1170 0.0109547
1171 0.0107146
1172 0.0104768
1173 0.0102414
1174 0.0100085
1175 0.0097782
1176 0.00955054
1177 0.00932558
1178 0.00910339
1179 0.00888402
1180 0.00866752
1181 0.00845395
1182 0.00824335
1183 0.00803577
1184 0.00783124
1185 0.00762979
1186 0.00743147
1187 0.00723629
1188 0.00704428
1189 0.00685547
1190 0.00666987
1191 0.00648749
1192 0.00630836
1193 0.00613247
1194 0.00595983
1195 0.00579045
1196 0.00562433
1197 0.00546147
1198 0.00530185
1199 0.00514548
1200 0.00499233
1201 0.00484241
1202 0.00469569
1203 0.00455216
1204 0.0044118
1205 0.00427458
1206 0.00414049
1207 0.0040095
1208 0.00388159
1209 0.00375672
1210 0.00363486
1211 0.00351598
1212 0.00340006
1213 0.00328705
1214 0.00317693
1215 0.00306964
1216 0.00296517
1217 0.00286346
1218 0.00276448
1219 0.00266818
1220 0.00257453
1221 0.00248349
1222 0.002395
1223 0.00230903
1224 0.00222554
1225 0.00214448
1226 0.0020658
1227 0.00198946
1228 0.00191541
1229 0.00184362
1230 0.00177402
1231 0.00170659
1232 0.00164127
1233 0.00157801
1234 0.00151678
1235 0.00145752
1236 0.00140019
1237 0.00134475
1238 0.00129115
1239 0.00123935
1240 0.00118929
1241 0.00114095
1242 0.00109427
1243 0.00104921
1244 0.00100573
1245 0.000963791
1246 0.000923346
1247 0.000884355
1248 0.000846779
1249 0.000810577
1250 0.00077571
1251 0.000742139
1252 0.000709826
1253 0.000678735
1254 0.000648827
1255 0.000620067
1256 0.00059242
1257 0.00056585
1258 0.000540324
1259 0.000515808
1260 0.000492269
1261 0.000469676
1262 0.000447998
1263 0.000427203
1264 0.000407261
1265 0.000388145
1266 0.000369824
1267 0.000352272
1268 0.000335461
1269 0.000319365
1270 0.000303958
1271 0.000289215
1272 0.000275113
1273 0.000261626
1274 0.000248733
1275 0.00023641
1276 0.000224637
1277 0.000213391
1278 0.000202653
1279 0.000192404
1280 0.000182622
1281 0.000173291
1282 0.000164392
1283 0.000155907
1284 0.00014782
1285 0.000140114
1286 0.000132774
1287 0.000125784
1288 0.00011913
1289 0.000112797
1290 0.000106772
1291 0.000101041
1292 9.55918e-05
1293 9.0412e-05
1294 8.54897e-05
1295 8.08134e-05
1296 7.63723e-05
1297 7.21557e-05
1298 6.81535e-05
1299 6.43558e-05
1300 6.07534e-05
1301 5.73371e-05
1302 5.40983e-05
1303 5.10287e-05
1304 4.81203e-05
1305 4.53655e-05
1306 4.27568e-05
1307 4.02873e-05
1308 3.79502e-05
1309 3.57391e-05
1310 3.36478e-05
1311 3.16704e-05
1312 2.98012e-05
1313 2.80348e-05
1314 2.6366e-05
1315 2.47899e-05
1316 2.33019e-05
1317 2.18972e-05
1318 2.05718e-05
1319 1.93214e-05
1320 1.81422e-05
1321 1.70304e-05
1322 1.59825e-05
1323 1.49951e-05
1324 1.40649e-05
1325 1.3189e-05
1326 1.23643e-05
1327 1.15881e-05
1328 1.08577e-05
1329 1.01707e-05
1330 9.52461e-06
1331 8.91721e-06
1332 8.34634e-06
1333 7.80994e-06
1334 7.30609e-06
1335 6.83294e-06
1336 6.38874e-06
1337 5.97185e-06
1338 5.58068e-06
1339 5.21376e-06
1340 4.86969e-06
1341 4.54712e-06
1342 4.2448e-06
1343 3.96154e-06
1344 3.6962e-06
1345 3.44774e-06
1346 3.21513e-06
1347 2.99742e-06
1348 2.79373e-06
1349 2.60319e-06
1350 2.42501e-06
1351 2.25843e-06
1352 2.10275e-06
1353 1.95728e-06
1354 1.8214e-06
1355 1.69451e-06
1356 1.57604e-06
1357 1.46547e-06
1358 1.36231e-06
1359 1.26607e-06
1360 1.17632e-06
1361 1.09265e-06
1362 1.01467e-06
1363 9.42004e-07
1364 8.74314e-07
1365 8.11275e-07
1366 7.52585e-07
1367 6.97957e-07
1368 6.47126e-07
1369 5.99839e-07
1370 5.55863e-07
1371 5.14976e-07
1372 4.76971e-07
1373 4.41656e-07
1374 4.08848e-07
1375 3.78379e-07
1376 3.50088e-07
1377 3.23828e-07
1378 2.9946e-07
1379 2.76853e-07
1380 2.55885e-07
1381 2.36444e-07
1382 2.18423e-07
1383 2.01722e-07
1384 1.8625e-07
1385 1.7192e-07
1386 1.5865e-07
1387 1.46367e-07
1388 1.34999e-07
1389 1.24482e-07
1390 1.14754e-07
1391 1.05758e-07
1392 9.74427e-08
1393 8.97575e-08
1394 8.26567e-08
1395 7.60979e-08
1396 7.00412e-08
1397 6.44498e-08
1398 5.92892e-08
1399 5.45277e-08
1400 5.01355e-08
1401 4.6085e-08
1402 4.23508e-08
1403 3.8909e-08
1404 3.57376e-08
1405 3.28162e-08
1406 3.01257e-08
1407 2.76487e-08
1408 2.53687e-08
1409 2.32707e-08
1410 2.13406e-08
1411 1.95656e-08
1412 1.79335e-08
1413 1.64334e-08
1414 1.50548e-08
1415 1.37883e-08
1416 1.2625e-08
1417 1.1557e-08
1418 1.05765e-08
1419 9.67673e-09
1420 8.85122e-09
1421 8.09404e-09
1422 7.39972e-09
1423 6.76322e-09
1424 6.17988e-09
1425 5.6454e-09
1426 5.15583e-09
1427 4.70749e-09
1428 4.29704e-09
1429 3.92137e-09
1430 3.57763e-09
1431 3.26318e-09
1432 2.97561e-09
1433 2.71268e-09
1434 2.47236e-09
1435 2.25275e-09
1436 2.05212e-09
1437 1.86889e-09
1438 1.70158e-09
1439 1.54885e-09
1440 1.40947e-09
1441 1.28231e-09
1442 1.16632e-09
1443 1.06056e-09
1444 9.64137e-10
1445 8.7626e-10
1446 7.9619e-10
1447 7.23254e-10
1448 6.56831e-10
1449 5.96358e-10
1450 5.41315e-10
1451 4.91227e-10
1452 4.45662e-10
1453 4.0422e-10
1454 3.66539e-10
1455 3.32286e-10
1456 3.01158e-10
1457 2.72877e-10
1458 2.47189e-10
1459 2.23863e-10
1460 2.02686e-10
1461 1.83466e-10
1462 1.66027e-10
1463 1.50208e-10
1464 1.35861e-10
1465 1.22854e-10
1466 1.11063e-10
1467 1.00379e-10
1468 9.07e-11
1469 8.19334e-11
1470 7.39954e-11
1471 6.68096e-11
1472 6.03063e-11
1473 5.44223e-11
1474 4.90999e-11
1475 4.42869e-11
1476 3.99356e-11
1477 3.60027e-11
1478 3.24489e-11
1479 2.92385e-11
1480 2.63391e-11
1481 2.37212e-11
1482 2.13581e-11
1483 1.92255e-11
1484 1.73015e-11
1485 1.55661e-11
1486 1.40012e-11
1487 1.25905e-11
1488 1.1319e-11
1489 1.01734e-11
1490 9.14144e-12
1491 8.21206e-12
1492 7.37531e-12
1493 6.62214e-12
1494 5.94439e-12
1495 5.33465e-12
1496 4.78625e-12
1497 4.29314e-12
1498 3.84987e-12
1499 3.45149e-12
1500 3.09356e-12
1501 2.77204e-12
1502 2.48332e-12
1503 2.22411e-12
1504 1.99145e-12
1505 1.78268e-12
1506 1.5954e-12
1507 1.42743e-12
1508 1.27683e-12
1509 1.14183e-12
1510 1.02085e-12
1511 9.12452e-13
1512 8.15364e-13
1513 7.28423e-13
1514 6.5059e-13
1515 5.80928e-13
1516 5.18595e-13
1517 4.62835e-13
1518 4.12967e-13
1519 3.6838e-13
1520 3.28525e-13
1521 2.92908e-13
1522 2.61088e-13
1523 2.32667e-13
1524 2.07288e-13
1525 1.84631e-13
1526 1.6441e-13
1527 1.46367e-13
1528 1.30271e-13
1529 1.15917e-13
1530 1.03119e-13
1531 9.17111e-14
1532 8.1545e-14
1533 7.24878e-14
1534 6.44206e-14
1535 5.7237e-14
1536 5.08419e-14
1537 4.51501e-14
1538 4.00856e-14
1539 3.55803e-14
1540 3.15736e-14
1541 2.80112e-14
1542 2.48445e-14
1543 2.20304e-14
1544 1.95302e-14
1545 1.73095e-14
1546 1.53375e-14
1547 1.35868e-14
1548 1.2033e-14
1549 1.06542e-14
1550 9.43107e-15
1551 8.3463e-15
1552 7.38448e-15
1553 6.53188e-15
1554 5.7763e-15
1555 5.10685e-15
1556 4.51388e-15
1557 3.98877e-15
1558 3.52388e-15
1559 3.1124e-15
1560 2.74829e-15
1561 2.42617e-15
1562 2.14128e-15
1563 1.88938e-15
1564 1.6667e-15
1565 1.4699e-15
1566 1.29602e-15
1567 1.14242e-15
1568 1.00678e-15
1569 8.87023e-16
1570 7.81318e-16
1571 6.88041e-16
1572 6.05749e-16
1573 5.33168e-16
1574 4.69168e-16
1575 4.12748e-16
1576 3.63023e-16
1577 3.19209e-16
1578 2.80615e-16
1579 2.46625e-16
1580 2.16699e-16
1581 1.90358e-16
1582 1.67177e-16
1583 1.46782e-16
1584 1.28844e-16
1585 1.1307e-16
1586 9.92033e-17
1587 8.70153e-17
1588 7.6306e-17
1589 6.68981e-17
1590 5.86358e-17
1591 5.13812e-17
1592 4.50131e-17
1593 3.94246e-17
1594 3.45214e-17
1595 3.02206e-17
1596 2.64491e-17
1597 2.31425e-17
1598 2.02444e-17
1599 1.77049e-17
1600 1.54801e-17
1601 1.35316e-17
1602 1.18254e-17
1603 1.03319e-17
1604 9.02472e-18
1605 7.88103e-18
1606 6.88059e-18
1607 6.00568e-18
1608 5.24074e-18
1609 4.57211e-18
1610 3.98782e-18
1611 3.47734e-18
1612 3.03147e-18
1613 2.64213e-18
1614 2.30222e-18
1615 2.00556e-18
1616 1.7467e-18
1617 1.52088e-18
1618 1.32393e-18
1619 1.15221e-18
1620 1.00251e-18
1621 8.72052e-19
1622 7.58385e-19
1623 6.59373e-19
1624 5.73149e-19
1625 4.98078e-19
1626 4.32735e-19
1627 3.75873e-19
1628 3.26403e-19
1629 2.83375e-19
1630 2.45959e-19
1631 2.13432e-19
1632 1.85161e-19
1633 1.60596e-19
1634 1.39256e-19
1635 1.20722e-19
1636 1.04629e-19
1637 9.06597e-20
1638 7.85362e-20
1639 6.80174e-20
1640 5.88931e-20
1641 5.09803e-20
1642 4.41199e-20
1643 3.81735e-20
1644 3.30204e-20
1645 2.8556e-20
1646 2.46892e-20
1647 2.13407e-20
1648 1.8442e-20
1649 1.5933e-20
1650 1.37621e-20
1651 1.1884e-20
1652 1.02598e-20
1653 8.85533e-21
1654 7.64129e-21
1655 6.59208e-21
1656 5.68555e-21
1657 4.90249e-21
1658 4.22625e-21
1659 3.6424e-21
1660 3.13844e-21
1661 2.70355e-21
1662 2.32836e-21
1663 2.00474e-21
1664 1.72568e-21
1665 1.48511e-21
1666 1.27776e-21
1667 1.0991e-21
1668 9.45184e-22
1669 8.12626e-22
1670 6.98489e-22
1671 6.00237e-22
1672 5.1568e-22
1673 4.42927e-22
1674 3.80346e-22
1675 3.26528e-22
1676 2.80257e-22
1677 2.40484e-22
1678 2.06306e-22
1679 1.76942e-22
1680 1.51721e-22
1681 1.30063e-22
1682 1.1147e-22
1683 9.55119e-23
1684 8.18184e-23
1685 7.00712e-23
1686 5.99961e-23
1687 5.13572e-23
1688 4.39516e-23
1689 3.76048e-23
1690 3.21667e-23
1691 2.75084e-23
1692 2.3519e-23
1693 2.01033e-23
1694 1.71796e-23
1695 1.46775e-23
1696 1.25368e-23
1697 1.07057e-23
1698 9.13986e-24
1699 7.80116e-24
1700 6.65693e-24
1701 5.67916e-24
1702 4.84384e-24
1703 4.13038e-24
1704 3.52116e-24
1705 3.00108e-24
1706 2.55719e-24
1707 2.17843e-24
1708 1.85533e-24
1709 1.57976e-24
1710 1.3448e-24
1711 1.14451e-24
1712 9.73818e-25
1713 8.2838e-25
1714 7.04492e-25
1715 5.98988e-25
1716 5.09161e-25
1717 4.327e-25
1718 3.67632e-25
1719 3.12273e-25
1720 2.65187e-25
1721 2.25145e-25
1722 1.91104e-25
1723 1.6217e-25
1724 1.37583e-25
1725 1.16696e-25
1726 9.89559e-26
1727 8.38923e-26
1728 7.11045e-26
1729 6.02513e-26
1730 5.10424e-26
1731 4.32304e-26
1732 3.66052e-26
1733 3.09879e-26
1734 2.62262e-26
1735 2.21908e-26
1736 1.87718e-26
1737 1.58757e-26
1738 1.34231e-26
1739 1.13467e-26
1740 9.5892e-27
1741 8.10193e-27
1742 6.84367e-27
1743 5.77943e-27
1744 4.8795e-27
1745 4.1187e-27
1746 3.47569e-27
1747 2.93235e-27
1748 2.47335e-27
1749 2.0857e-27
1750 1.75837e-27
1751 1.48206e-27
1752 1.24887e-27
1753 1.05211e-27
1754 8.86137e-28
1755 7.46167e-28
1756 6.28154e-28
1757 5.28679e-28
1758 4.44849e-28
1759 3.74221e-28
1760 3.14731e-28
1761 2.64634e-28
1762 2.22458e-28
1763 1.86959e-28
1764 1.57086e-28
1765 1.31955e-28
1766 1.10818e-28
1767 9.30439e-29
1768 7.8102e-29
1769 6.55438e-29
1770 5.49917e-29
1771 4.61272e-29
1772 3.86824e-29
1773 3.24313e-29
1774 2.71839e-29
1775 2.278e-29
1776 1.9085e-29
1777 1.59854e-29
1778 1.33861e-29
1779 1.12067e-29
1780 9.37984e-30
1781 7.84892e-30
1782 6.56628e-30
1783 5.49192e-30
1784 4.59224e-30
1785 3.83901e-30
1786 3.20856e-30
1787 2.68099e-30
1788 2.23963e-30
1789 1.87048e-30
1790 1.56179e-30
1791 1.30373e-30
1792 1.08805e-30
1793 9.07831e-31
1794 7.57278e-31
1795 6.3154e-31
1796 5.26551e-31
1797 4.3891e-31
1798 3.65768e-31
1799 3.0474e-31
1800 2.53833e-31
1801 2.11379e-31
1802 1.75983e-31
1803 1.46478e-31
1804 1.2189e-31
1805 1.01405e-31
1806 8.43426e-32
1807 7.01338e-32
1808 5.83045e-32
1809 4.84587e-32
1810 4.02657e-32
1811 3.34498e-32
1812 2.77809e-32
1813 2.30671e-32
1814 1.91485e-32
1815 1.58917e-32
1816 1.31857e-32
1817 1.09377e-32
1818 9.0708e-33
1819 7.52072e-33
1820 6.23401e-33
1821 5.16619e-33
1822 4.28024e-33
1823 3.54536e-33
1824 2.93593e-33
1825 2.43068e-33
1826 2.01188e-33
1827 1.66484e-33
1828 1.37733e-33
1829 1.13919e-33
1830 9.42002e-34
1831 7.78755e-34
1832 6.43643e-34
1833 5.31843e-34
1834 4.39356e-34
1835 3.62865e-34
1836 2.99618e-34
1837 2.47335e-34
1838 2.04126e-34
1839 1.68425e-34
1840 1.38934e-34
1841 1.1458e-34
1842 9.44713e-35
1843 7.78731e-35
1844 6.41756e-35
1845 5.28746e-35
1846 4.35531e-35
1847 3.58663e-35
1848 2.95289e-35
1849 2.43055e-35
1850 2.00012e-35
1851 1.64552e-35
1852 1.35345e-35
1853 1.11296e-35
1854 9.14977e-36
1855 7.5203e-36
1856 6.17952e-36
1857 5.07656e-36
1858 4.16944e-36
1859 3.42359e-36
1860 2.81047e-36
1861 2.30659e-36
1862 1.89259e-36
1863 1.55252e-36
1864 1.27325e-36
1865 1.04395e-36
1866 8.55745e-37
1867 7.01295e-37
1868 5.74581e-37
1869 4.70648e-37
1870 3.8542e-37
1871 3.15549e-37
1872 2.58281e-37
1873 2.11354e-37
1874 1.72911e-37
1875 1.41426e-37
1876 1.15646e-37
1877 9.45415e-38
1878 7.72696e-38
1879 6.31376e-38
1880 5.15775e-38
1881 4.21237e-38
1882 3.43942e-38
1883 2.80761e-38
1884 2.2913e-38
1885 1.86948e-38
1886 1.52494e-38
1887 1.24359e-38
1888 1.0139e-38
1889 8.26425e-39
1890 6.73451e-39
1891 5.48659e-39
1892 4.4688e-39
1893 3.63892e-39
1894 2.96243e-39
1895 2.4111e-39
1896 1.9619e-39
1897 1.59599e-39
1898 1.298e-39
1899 1.0554e-39
1900 8.57923e-40
1901 6.97226e-40
1902 5.6649e-40
1903 4.60155e-40
1904 3.73688e-40
1905 3.03394e-40
1906 2.46263e-40
1907 1.9984e-40
1908 1.62129e-40
1909 1.31502e-40
1910 1.06634e-40
1911 8.64474e-41
1912 7.00652e-41
1913 5.67735e-41
1914 4.59921e-41
1915 3.72489e-41
1916 3.01604e-41
1917 2.44148e-41
1918 1.97589e-41
1919 1.5987e-41
1920 1.29319e-41
1921 1.04581e-41
1922 8.45543e-42
1923 6.83458e-42
1924 5.52308e-42
1925 4.46214e-42
1926 3.60412e-42
1927 2.91036e-42
1928 2.34957e-42
1929 1.89637e-42
1930 1.5302e-42
1931 1.23444e-42
1932 9.95592e-43
1933 8.02762e-43
1934 6.47119e-43
1935 5.21523e-43
1936 4.202e-43
1937 3.38478e-43
1938 2.72582e-43
1939 2.1946e-43
1940 1.76647e-43
1941 1.4215e-43
1942 1.14362e-43
1943 9.19829e-44
1944 7.39646e-44
1945 5.9461e-44
1946 4.77894e-44
1947 3.83992e-44
1948 3.08463e-44
1949 2.47728e-44
1950 1.98902e-44
1951 1.59659e-44
1952 1.28126e-44
1953 1.02795e-44
1954 8.24511e-45
1955 6.61168e-45
1956 5.30051e-45
1957 4.24828e-45
1958 3.40407e-45
1959 2.72693e-45
1960 2.18393e-45
1961 1.74861e-45
1962 1.39971e-45
1963 1.12014e-45
1964 8.96178e-46
1965 7.16815e-46
1966 5.73204e-46
1967 4.58248e-46
1968 3.66253e-46
1969 2.92652e-46
1970 2.33782e-46
1971 1.86706e-46
1972 1.49072e-46
1973 1.18994e-46
1974 9.49598e-47
1975 7.57609e-47
1976 6.04282e-47
1977 4.81863e-47
1978 3.84146e-47
1979 3.06167e-47
1980 2.43955e-47
1981 1.94335e-47
1982 1.54768e-47
1983 1.23225e-47
1984 9.80861e-48
1985 7.80558e-48
1986 6.21001e-48
1987 4.93934e-48
1988 3.92766e-48
1989 3.12241e-48
1990 2.48161e-48
1991 1.97182e-48
1992 1.56636e-48
1993 1.24395e-48
1994 9.87659e-49
1995 7.83968e-49
1996 6.22128e-49
1997 4.93572e-49
1998 3.91481e-49
1999 3.10427e-49
2000 2.46092e-49
2001 1.95041e-49
2002 1.54541e-49
2003 1.22419e-49
2004 9.6949e-50
2005 7.67586e-50
2006 6.07574e-50
2007 4.80795e-50
2008 3.80372e-50
2009 3.00847e-50
2010 2.37887e-50
2011 1.88054e-50
2012 1.48621e-50
2013 1.17427e-50
2014 9.2755e-51
2015 7.32476e-51
2016 5.78273e-51
2017 4.56411e-51
2018 3.60131e-51
2019 2.84083e-51
2020 2.2403e-51
2021 1.76622e-51
2022 1.39204e-51
2023 1.0968e-51
2024 8.63909e-52
2025 6.8024e-52
2026 5.35432e-52
2027 4.21292e-52
2028 3.3135e-52
2029 2.60494e-52
2030 2.0469e-52
2031 1.60752e-52
2032 1.26167e-52
2033 9.89517e-53
2034 7.75424e-53
2035 6.07059e-53
2036 4.74705e-53
2037 3.70702e-53
2038 2.8902e-53
2039 2.2491e-53
2040 1.74637e-53
2041 1.35265e-53
2042 1.04488e-53
2043 8.05003e-54
2044 6.18892e-54
2045 4.75564e-54
2046 3.6653e-54
2047 2.85307e-54
