0 3.06931e-60
1 2.93228e-60
2 2.91734e-60
3 3.02301e-60
4 3.25637e-60
5 3.63351e-60
6 4.18059e-60
7 4.93554e-60
8 5.9506e-60
9 7.29582e-60
10 9.06369e-60
11 1.13754e-59
12 1.43887e-59
13 1.83087e-59
14 2.3401e-59
15 3.00097e-59
16 3.85796e-59
17 4.96856e-59
18 6.40702e-59
19 8.26921e-59
20 1.06788e-58
21 1.37954e-58
22 1.78248e-58
23 2.3032e-58
24 2.97587e-58
25 3.84448e-58
26 4.96569e-58
27 6.41241e-58
28 8.27841e-58
29 1.06843e-57
30 1.37853e-57
31 1.77806e-57
32 2.29264e-57
33 2.95516e-57
34 3.80786e-57
35 4.90495e-57
36 6.31601e-57
37 8.13027e-57
38 1.04622e-56
39 1.34585e-56
40 1.73071e-56
41 2.22491e-56
42 2.85931e-56
43 3.67341e-56
44 4.71781e-56
45 6.05725e-56
46 7.77457e-56
47 9.97571e-56
48 1.27962e-55
49 1.64092e-55
50 2.10361e-55
51 2.69598e-55
52 3.45416e-55
53 4.4243e-55
54 5.66533e-55
55 7.25245e-55
56 9.28164e-55
57 1.18754e-54
58 1.51898e-54
59 1.94242e-54
60 2.48323e-54
61 3.1738e-54
62 4.05537e-54
63 5.18048e-54
64 6.61606e-54
65 8.44734e-54
66 1.07828e-53
67 1.37606e-53
68 1.75564e-53
69 2.23938e-53
70 2.85572e-53
71 3.64081e-53
72 4.64062e-53
73 5.91357e-53
74 7.5339e-53
75 9.59593e-53
76 1.22194e-52
77 1.55565e-52
78 1.98002e-52
79 2.51956e-52
80 3.20536e-52
81 4.07685e-52
82 5.18407e-52
83 6.5904e-52
84 8.37625e-52
85 1.06435e-51
86 1.35211e-51
87 1.71725e-51
88 2.18048e-51
89 2.76798e-51
90 3.51291e-51
91 4.45721e-51
92 5.65394e-51
93 7.17018e-51
94 9.09073e-51
95 1.15228e-50
96 1.46017e-50
97 1.84986e-50
98 2.34293e-50
99 2.96665e-50
100 3.75542e-50
101 4.75264e-50
102 6.01304e-50
103 7.60565e-50
104 9.61745e-50
105 1.21581e-49
106 1.53656e-49
107 1.94139e-49
108 2.45218e-49
109 3.0965e-49
110 3.90901e-49
111 4.93331e-49
112 6.22421e-49
113 7.85063e-49
114 9.89918e-49
115 1.24786e-48
116 1.57256e-48
117 1.98116e-48
118 2.49518e-48
119 3.14164e-48
120 3.95441e-48
121 4.97597e-48
122 6.25956e-48
123 7.87189e-48
124 9.89656e-48
125 1.24382e-47
126 1.5628e-47
127 1.96298e-47
128 2.46489e-47
129 3.09421e-47
130 3.88303e-47
131 4.87149e-47
132 6.10974e-47
133 7.66043e-47
134 9.60184e-47
135 1.20317e-46
136 1.5072e-46
137 1.88749e-46
138 2.36305e-46
139 2.95755e-46
140 3.70055e-46
141 4.62885e-46
142 5.78835e-46
143 7.23623e-46
144 9.0437e-46
145 1.12994e-45
146 1.41138e-45
147 1.76243e-45
148 2.20017e-45
149 2.74589e-45
150 3.42602e-45
151 4.27345e-45
152 5.32906e-45
153 6.64364e-45
154 8.2803e-45
155 1.03174e-44
156 1.28524e-44
157 1.6006e-44
158 1.99283e-44
159 2.48054e-44
160 3.08683e-44
161 3.84033e-44
162 4.77658e-44
163 5.9396e-44
164 7.38397e-44
165 9.17734e-44
166 1.14035e-43
167 1.41662e-43
168 1.7594e-43
169 2.18459e-43
170 2.7119e-43
171 3.36569e-43
172 4.1761e-43
173 5.18043e-43
174 6.42478e-43
175 7.96616e-43
176 9.87501e-43
177 1.22384e-42
178 1.51639e-42
179 1.87842e-42
180 2.32635e-42
181 2.88042e-42
182 3.56561e-42
183 4.41275e-42
184 5.45988e-42
185 6.7539e-42
186 8.35261e-42
187 1.03273e-41
188 1.27658e-41
189 1.57762e-41
190 1.94919e-41
191 2.40769e-41
192 2.97332e-41
193 3.67091e-41
194 4.53107e-41
195 5.59138e-41
196 6.89808e-41
197 8.50802e-41
198 1.04911e-40
199 1.2933e-40
200 1.59392e-40
201 1.96392e-40
202 2.41917e-40
203 2.97918e-40
204 3.66786e-40
205 4.51454e-40
206 5.55518e-40
207 6.83388e-40
208 8.40465e-40
209 1.03337e-39
210 1.2702e-39
211 1.56088e-39
212 1.91755e-39
213 2.35509e-39
214 2.89165e-39
215 3.54948e-39
216 4.35575e-39
217 5.34367e-39
218 6.55383e-39
219 8.0358e-39
220 9.85012e-39
221 1.20707e-38
222 1.47877e-38
223 1.81112e-38
224 2.21754e-38
225 2.7144e-38
226 3.32166e-38
227 4.06364e-38
228 4.96996e-38
229 6.07673e-38
230 7.42791e-38
231 9.077e-38
232 1.10892e-37
233 1.35436e-37
234 1.65368e-37
235 2.0186e-37
236 2.46338e-37
237 3.00535e-37
238 3.66557e-37
239 4.46964e-37
240 5.44863e-37
241 6.6403e-37
242 8.09047e-37
243 9.85477e-37
244 1.20007e-36
245 1.46101e-36
246 1.77825e-36
247 2.16381e-36
248 2.6323e-36
249 3.20142e-36
250 3.89262e-36
251 4.73188e-36
252 5.75068e-36
253 6.98711e-36
254 8.48732e-36
255 1.03071e-35
256 1.25142e-35
257 1.51901e-35
258 1.84339e-35
259 2.2365e-35
260 2.71281e-35
261 3.28978e-35
262 3.98853e-35
263 4.83456e-35
264 5.85868e-35
265 7.09807e-35
266 8.59766e-35
267 1.04116e-34
268 1.26054e-34
269 1.52578e-34
270 1.84641e-34
271 2.23389e-34
272 2.70205e-34
273 3.26755e-34
274 3.95048e-34
275 4.77501e-34
276 5.77027e-34
277 6.9713e-34
278 8.42031e-34
279 1.0168e-33
280 1.22756e-33
281 1.48163e-33
282 1.78786e-33
283 2.15684e-33
284 2.60133e-33
285 3.13665e-33
286 3.78117e-33
287 4.55697e-33
288 5.49055e-33
289 6.6137e-33
290 7.96455e-33
291 9.58882e-33
292 1.15413e-32
293 1.38878e-32
294 1.67068e-32
295 2.00927e-32
296 2.41584e-32
297 2.9039e-32
298 3.4896e-32
299 4.19231e-32
300 5.03514e-32
301 6.04576e-32
302 7.25723e-32
303 8.70905e-32
304 1.04484e-31
305 1.25317e-31
306 1.50261e-31
307 1.80121e-31
308 2.15854e-31
309 2.58603e-31
310 3.09732e-31
311 3.70866e-31
312 4.43942e-31
313 5.31268e-31
314 6.35595e-31
315 7.60197e-31
316 9.08973e-31
317 1.08656e-30
318 1.29849e-30
319 1.55133e-30
320 1.85289e-30
321 2.21246e-30
322 2.6411e-30
323 3.15192e-30
324 3.76053e-30
325 4.48545e-30
326 5.3487e-30
327 6.37639e-30
328 7.59953e-30
329 9.05494e-30
330 1.07863e-29
331 1.28453e-29
332 1.52936e-29
333 1.82037e-29
334 2.16622e-29
335 2.57714e-29
336 3.06523e-29
337 3.64486e-29
338 4.33304e-29
339 5.14989e-29
340 6.11925e-29
341 7.26932e-29
342 8.63346e-29
343 1.02512e-28
344 1.21691e-28
345 1.44424e-28
346 1.71365e-28
347 2.03282e-28
348 2.41089e-28
349 2.8586e-28
350 3.38867e-28
351 4.01609e-28
352 4.75858e-28
353 5.63704e-28
354 6.67612e-28
355 7.90489e-28
356 9.35766e-28
357 1.10748e-27
358 1.31041e-27
359 1.55015e-27
360 1.83331e-27
361 2.1677e-27
362 2.56246e-27
363 3.02839e-27
364 3.57819e-27
365 4.22677e-27
366 4.9917e-27
367 5.89361e-27
368 6.95676e-27
369 8.20966e-27
370 9.68576e-27
371 1.14244e-26
372 1.34717e-26
373 1.58817e-26
374 1.87181e-26
375 2.20552e-26
376 2.59805e-26
377 3.05963e-26
378 3.60224e-26
379 4.23995e-26
380 4.98919e-26
381 5.86922e-26
382 6.90257e-26
383 8.11561e-26
384 9.53916e-26
385 1.12093e-25
386 1.31681e-25
387 1.54647e-25
388 1.81568e-25
389 2.13114e-25
390 2.5007e-25
391 2.93349e-25
392 3.44018e-25
393 4.03323e-25
394 4.72714e-25
395 5.53883e-25
396 6.488e-25
397 7.59762e-25
398 8.89443e-25
399 1.04096e-24
400 1.21793e-24
401 1.42457e-24
402 1.6658e-24
403 1.94731e-24
404 2.27574e-24
405 2.65882e-24
406 3.10549e-24
407 3.62617e-24
408 4.23297e-24
409 4.93994e-24
410 5.76338e-24
411 6.72223e-24
412 7.83846e-24
413 9.13757e-24
414 1.06491e-23
415 1.24074e-23
416 1.44522e-23
417 1.68296e-23
418 1.9593e-23
419 2.28042e-23
420 2.6535e-23
421 3.08684e-23
422 3.59006e-23
423 4.17427e-23
424 4.85236e-23
425 5.63923e-23
426 6.55212e-23
427 7.61098e-23
428 8.83886e-23
429 1.02624e-22
430 1.19125e-22
431 1.38246e-22
432 1.604e-22
433 1.86061e-22
434 2.15778e-22
435 2.50184e-22
436 2.90011e-22
437 3.36101e-22
438 3.89428e-22
439 4.51115e-22
440 5.22454e-22
441 6.04939e-22
442 7.00286e-22
443 8.10477e-22
444 9.37792e-22
445 1.08486e-21
446 1.2547e-21
447 1.45078e-21
448 1.67712e-21
449 1.93832e-21
450 2.23966e-21
451 2.58722e-21
452 2.98799e-21
453 3.45e-21
454 3.98245e-21
455 4.59593e-21
456 5.30256e-21
457 6.11627e-21
458 7.05301e-21
459 8.13108e-21
460 9.37144e-21
461 1.07981e-20
462 1.24386e-20
463 1.43243e-20
464 1.64913e-20
465 1.89808e-20
466 2.18398e-20
467 2.51223e-20
468 2.88897e-20
469 3.32123e-20
470 3.81703e-20
471 4.38553e-20
472 5.03717e-20
473 5.78388e-20
474 6.63924e-20
475 7.61875e-20
476 8.74003e-20
477 1.00232e-19
478 1.14912e-19
479 1.31699e-19
480 1.50892e-19
481 1.72826e-19
482 1.97886e-19
483 2.26508e-19
484 2.59186e-19
485 2.96483e-19
486 3.3904e-19
487 3.87582e-19
488 4.42933e-19
489 5.06028e-19
490 5.77928e-19
491 6.59838e-19
492 7.5312e-19
493 8.59323e-19
494 9.80199e-19
495 1.11774e-18
496 1.27418e-18
497 1.45209e-18
498 1.65435e-18
499 1.88423e-18
500 2.14541e-18
501 2.4421e-18
502 2.77903e-18
503 3.16156e-18
504 3.59575e-18
505 4.08844e-18
506 4.6474e-18
507 5.28138e-18
508 6.00027e-18
509 6.81527e-18
510 7.73902e-18
511 8.78579e-18
512 9.9717e-18
513 1.1315e-17
514 1.28361e-17
515 1.45584e-17
516 1.6508e-17
517 1.87145e-17
518 2.12112e-17
519 2.40356e-17
520 2.72303e-17
521 3.0843e-17
522 3.49277e-17
523 3.9545e-17
524 4.47635e-17
525 5.06602e-17
526 5.73219e-17
527 6.48465e-17
528 7.3344e-17
529 8.29381e-17
530 9.37684e-17
531 1.05991e-16
532 1.19783e-16
533 1.35342e-16
534 1.5289e-16
535 1.72678e-16
536 1.94986e-16
537 2.20128e-16
538 2.4846e-16
539 2.80376e-16
540 3.16322e-16
541 3.56795e-16
542 4.02355e-16
543 4.53625e-16
544 5.11307e-16
545 5.76182e-16
546 6.49127e-16
547 7.31121e-16
548 8.23258e-16
549 9.2676e-16
550 1.04299e-15
551 1.17347e-15
552 1.31991e-15
553 1.48419e-15
554 1.66842e-15
555 1.87495e-15
556 2.1064e-15
557 2.36568e-15
558 2.65603e-15
559 2.98104e-15
560 3.34472e-15
561 3.75149e-15
562 4.2063e-15
563 4.7146e-15
564 5.28246e-15
565 5.91659e-15
566 6.62444e-15
567 7.41426e-15
568 8.29515e-15
569 9.27721e-15
570 1.03716e-14
571 1.15906e-14
572 1.2948e-14
573 1.44586e-14
574 1.61392e-14
575 1.8008e-14
576 2.00853e-14
577 2.23933e-14
578 2.49567e-14
579 2.78024e-14
580 3.09603e-14
581 3.44631e-14
582 3.83471e-14
583 4.2652e-14
584 4.74215e-14
585 5.27037e-14
586 5.85516e-14
587 6.50232e-14
588 7.21826e-14
589 8.01001e-14
590 8.88528e-14
591 9.85256e-14
592 1.09212e-13
593 1.21014e-13
594 1.34044e-13
595 1.48427e-13
596 1.64297e-13
597 1.81804e-13
598 2.01111e-13
599 2.224e-13
600 2.45866e-13
601 2.71728e-13
602 3.00225e-13
603 3.31617e-13
604 3.66193e-13
605 4.0427e-13
606 4.46195e-13
607 4.9235e-13
608 5.43156e-13
609 5.99072e-13
610 6.60607e-13
611 7.28318e-13
612 8.02818e-13
613 8.8478e-13
614 9.74945e-13
615 1.07413e-12
616 1.18322e-12
617 1.30321e-12
618 1.43517e-12
619 1.5803e-12
620 1.73989e-12
621 1.91539e-12
622 2.10837e-12
623 2.32056e-12
624 2.55387e-12
625 2.81037e-12
626 3.09237e-12
627 3.40237e-12
628 3.74314e-12
629 4.11771e-12
630 4.52938e-12
631 4.98181e-12
632 5.47896e-12
633 6.02521e-12
634 6.62532e-12
635 7.28451e-12
636 8.0085e-12
637 8.80352e-12
638 9.67638e-12
639 1.06345e-11
640 1.1686e-11
641 1.28398e-11
642 1.41053e-11
643 1.54932e-11
644 1.70148e-11
645 1.86824e-11
646 2.05096e-11
647 2.25109e-11
648 2.4702e-11
649 2.71002e-11
650 2.9724e-11
651 3.25932e-11
652 3.57297e-11
653 3.91567e-11
654 4.28994e-11
655 4.69849e-11
656 5.14423e-11
657 5.63029e-11
658 6.16005e-11
659 6.73709e-11
660 7.36529e-11
661 8.04877e-11
662 8.79195e-11
663 9.59955e-11
664 1.04766e-10
665 1.14284e-10
666 1.24607e-10
667 1.35796e-10
668 1.47914e-10
669 1.61029e-10
670 1.75213e-10
671 1.90542e-10
672 2.07097e-10
673 2.24961e-10
674 2.44224e-10
675 2.64979e-10
676 2.87323e-10
677 3.1136e-10
678 3.37196e-10
679 3.64944e-10
680 3.9472e-10
681 4.26647e-10
682 4.6085e-10
683 4.97461e-10
684 5.36616e-10
685 5.78456e-10
686 6.23127e-10
687 6.70778e-10
688 7.21564e-10
689 7.75645e-10
690 8.33183e-10
691 8.94347e-10
692 9.59308e-10
693 1.02824e-09
694 1.10133e-09
695 1.17875e-09
696 1.2607e-09
697 1.34736e-09
698 1.43893e-09
699 1.5356e-09
700 1.63759e-09
701 1.7451e-09
702 1.85834e-09
703 1.97753e-09
704 2.10289e-09
705 2.23465e-09
706 2.37305e-09
707 2.51834e-09
708 2.67078e-09
709 2.83063e-09
710 2.99818e-09
711 3.17374e-09
712 3.35763e-09
713 3.5502e-09
714 3.75181e-09
715 3.96289e-09
716 4.18387e-09
717 4.41526e-09
718 4.65758e-09
719 4.91144e-09
720 5.17751e-09
721 5.45653e-09
722 5.74934e-09
723 6.05687e-09
724 6.38016e-09
725 6.72038e-09
726 7.07886e-09
727 7.45705e-09
728 7.85663e-09
729 8.27944e-09
730 8.72755e-09
731 9.20331e-09
732 9.7093e-09
733 1.02484e-08
734 1.08239e-08
735 1.14394e-08
736 1.20988e-08
737 1.28067e-08
738 1.35678e-08
739 1.43878e-08
740 1.52725e-08
741 1.62286e-08
742 1.72635e-08
743 1.8385e-08
744 1.9602e-08
745 2.0924e-08
746 2.23617e-08
747 2.39265e-08
748 2.56308e-08
749 2.74882e-08
750 2.95136e-08
751 3.17228e-08
752 3.41332e-08
753 3.67635e-08
754 3.96338e-08
755 4.27658e-08
756 4.61828e-08
757 4.99098e-08
758 5.39738e-08
759 5.84033e-08
760 6.3229e-08
761 6.84835e-08
762 7.42017e-08
763 8.04205e-08
764 8.71791e-08
765 9.4519e-08
766 1.02484e-07
767 1.11121e-07
768 1.20479e-07
769 1.30608e-07
770 1.41563e-07
771 1.53401e-07
772 1.66182e-07
773 1.79966e-07
774 1.94819e-07
775 2.10809e-07
776 2.28004e-07
777 2.46479e-07
778 2.66308e-07
779 2.87569e-07
780 3.10342e-07
781 3.34711e-07
782 3.6076e-07
783 3.88576e-07
784 4.18249e-07
785 4.49869e-07
786 4.8353e-07
787 5.19325e-07
788 5.57351e-07
789 5.97703e-07
790 6.40479e-07
791 6.85777e-07
792 7.33696e-07
793 7.84333e-07
794 8.37787e-07
795 8.94154e-07
796 9.53531e-07
797 1.01601e-06
798 1.08169e-06
799 1.15066e-06
800 1.223e-06
801 1.29881e-06
802 1.37815e-06
803 1.46112e-06
804 1.54779e-06
805 1.63822e-06
806 1.73249e-06
807 1.83064e-06
808 1.93274e-06
809 2.03884e-06
810 2.14897e-06
811 2.26318e-06
812 2.38149e-06
813 2.50392e-06
814 2.63051e-06
815 2.76125e-06
816 2.89616e-06
817 3.03522e-06
818 3.17844e-06
819 3.32581e-06
820 3.47731e-06
821 3.63291e-06
822 3.7926e-06
823 3.95635e-06
824 4.12413e-06
825 4.29592e-06
826 4.4717e-06
827 4.65145e-06
828 4.83515e-06
829 5.02279e-06
830 5.21439e-06
831 5.40995e-06
832 5.60951e-06
833 5.81313e-06
834 6.02088e-06
835 6.23285e-06
836 6.44919e-06
837 6.67006e-06
838 6.89567e-06
839 7.12626e-06
840 7.36215e-06
841 7.60369e-06
842 7.8513e-06
843 8.10548e-06
844 8.3668e-06
845 8.6359e-06
846 8.91354e-06
847 9.20055e-06
848 9.4979e-06
849 9.80667e-06
850 1.0128e-05
851 1.04634e-05
852 1.08141e-05
853 1.1182e-05
854 1.15688e-05
855 1.19765e-05
856 1.24073e-05
857 1.28637e-05
858 1.33483e-05
859 1.38639e-05
860 1.44137e-05
861 1.50011e-05
862 1.56297e-05
863 1.63035e-05
864 1.70268e-05
865 1.78042e-05
866 1.86407e-05
867 1.95415e-05
868 2.05124e-05
869 2.15595e-05
870 2.26892e-05
871 2.39086e-05
872 2.5225e-05
873 2.66463e-05
874 2.81808e-05
875 2.98375e-05
876 3.16257e-05
877 3.35554e-05
878 3.5637e-05
879 3.78817e-05
880 4.03012e-05
881 4.29079e-05
882 4.57146e-05
883 4.87351e-05
884 5.19836e-05
885 5.54753e-05
886 5.92257e-05
887 6.32516e-05
888 6.757e-05
889 7.2199e-05
890 7.71574e-05
891 8.24649e-05
892 8.81418e-05
893 9.42096e-05
894 0.00010069
895 0.000107607
896 0.000114983
897 0.000122845
898 0.000131216
899 0.000140125
900 0.000149598
901 0.000159665
902 0.000170354
903 0.000181696
904 0.000193723
905 0.000206466
906 0.00021996
907 0.000234238
908 0.000249337
909 0.000265292
910 0.00028214
911 0.00029992
912 0.000318672
913 0.000338435
914 0.000359251
915 0.000381162
916 0.000404211
917 0.000428442
918 0.000453901
919 0.000480633
920 0.000508685
921 0.000538105
922 0.000568942
923 0.000601245
924 0.000635064
925 0.000670451
926 0.000707458
927 0.000746136
928 0.00078654
929 0.000828724
930 0.000872742
931 0.000918649
932 0.000966502
933 0.00101636
934 0.00106827
935 0.0011223
936 0.0011785
937 0.00123694
938 0.00129766
939 0.00136073
940 0.00142621
941 0.00149416
942 0.00156463
943 0.00163768
944 0.00171338
945 0.00179177
946 0.00187293
947 0.0019569
948 0.00204375
949 0.00213353
950 0.0022263
951 0.00232212
952 0.00242103
953 0.0025231
954 0.00262837
955 0.00273691
956 0.00284876
957 0.00296397
958 0.00308259
959 0.00320467
960 0.00333026
961 0.00345939
962 0.00359212
963 0.00372848
964 0.00386851
965 0.00401225
966 0.00415974
967 0.004311
968 0.00446607
969 0.00462497
970 0.00478774
971 0.00495438
972 0.00512493
973 0.0052994
974 0.0054778
975 0.00566015
976 0.00584644
977 0.00603669
978 0.0062309
979 0.00642905
980 0.00663116
981 0.00683719
982 0.00704715
983 0.00726101
984 0.00747875
985 0.00770034
986 0.00792574
987 0.00815494
988 0.00838788
989 0.00862452
990 0.00886481
991 0.00910871
992 0.00935614
993 0.00960704
994 0.00986136
995 0.010119
996 0.0103799
997 0.010644
998 0.0109112
999 0.0111813
1000 0.0114544
1001 0.0117303
1002 0.0120088
1003 0.0122899
1004 0.0125735
1005 0.0128594
1006 0.0131475
1007 0.0134377
1008 0.0137298
1009 0.0140237
1010 0.0143193
1011 0.0146163
1012 0.0149147
1013 0.0152143
1014 0.0155149
1015 0.0158163
1016 0.0161184
1017 0.016421
1018 0.0167239
1019 0.017027
1020 0.0173299
1021 0.0176327
1022 0.017935
1023 0.0182366
1024 0.0185374
1025 0.0188372
1026 0.0191357
1027 0.0194328
1028 0.0197282
1029 0.0200217
1030 0.0203132
1031 0.0206023
1032 0.020889
1033 0.0211729
1034 0.0214538
1035 0.0217316
1036 0.022006
1037 0.0222769
1038 0.0225439
1039 0.0228069
1040 0.0230657
1041 0.02332
1042 0.0235697
1043 0.0238145
1044 0.0240543
1045 0.0242888
1046 0.0245178
1047 0.0247412
1048 0.0249588
1049 0.0251702
1050 0.0253755
1051 0.0255744
1052 0.0257667
1053 0.0259522
1054 0.0261308
1055 0.0263024
1056 0.0264667
1057 0.0266237
1058 0.0267731
1059 0.0269148
1060 0.0270488
1061 0.0271749
1062 0.0272929
1063 0.0274028
1064 0.0275045
1065 0.0275978
1066 0.0276827
1067 0.0277591
1068 0.0278269
1069 0.0278861
1070 0.0279366
1071 0.0279783
1072 0.0280113
1073 0.0280354
1074 0.0280507
1075 0.0280572
1076 0.0280548
1077 0.0280436
1078 0.0280235
1079 0.0279946
1080 0.0279569
1081 0.0279104
1082 0.0278552
1083 0.0277914
1084 0.0277189
1085 0.0276379
1086 0.0275485
1087 0.0274506
1088 0.0273445
1089 0.0272302
1090 0.0271078
1091 0.0269774
1092 0.0268392
1093 0.0266933
1094 0.0265398
1095 0.0263788
1096 0.0262105
1097 0.0260351
1098 0.0258528
1099 0.0256635
1100 0.0254677
1101 0.0252653
1102 0.0250567
1103 0.0248419
1104 0.0246212
1105 0.0243947
1106 0.0241628
1107 0.0239254
1108 0.023683
1109 0.0234356
1110 0.0231834
1111 0.0229268
1112 0.0226658
1113 0.0224008
1114 0.0221318
1115 0.0218592
1116 0.0215832
1117 0.0213039
1118 0.0210216
1119 0.0207365
1120 0.0204488
1121 0.0201588
1122 0.0198666
1123 0.0195725
1124 0.0192766
1125 0.0189793
1126 0.0186807
1127 0.0183809
1128 0.0180803
1129 0.017779
1130 0.0174772
1131 0.0171752
1132 0.016873
1133 0.016571
1134 0.0162692
1135 0.0159679
1136 0.0156673
1137 0.0153674
1138 0.0150686
1139 0.014771
1140 0.0144746
1141 0.0141798
1142 0.0138866
1143 0.0135952
1144 0.0133057
1145 0.0130183
1146 0.0127332
1147 0.0124503
1148 0.0121699
1149 0.0118921
1150 0.011617
1151 0.0113447
1152 0.0110753
1153 0.0108089
1154 0.0105456
1155 0.0102855
1156 0.0100287
1157 0.0097752
1158 0.00952514
1159 0.00927857
1160 0.00903556
1161 0.00879615
1162 0.00856041
1163 0.00832838
1164 0.00810011
1165 0.00787563
1166 0.00765497
1167 0.00743817
1168 0.00722526
1169 0.00701624
1170 0.00681115
1171 0.00660998
1172 0.00641276
1173 0.00621948
1174 0.00603014
1175 0.00584474
1176 0.00566328
1177 0.00548574
1178 0.00531211
1179 0.00514237
1180 0.00497651
1181 0.00481449
1182 0.00465631
1183 0.00450192
1184 0.00435129
1185 0.0042044
1186 0.0040612
1187 0.00392167
1188 0.00378575
1189 0.0036534
1190 0.0035246
1191 0.00339927
1192 0.00327739
1193 0.0031589
1194 0.00304375
1195 0.00293188
1196 0.00282326
1197 0.00271782
1198 0.00261551
1199 0.00251627
1200 0.00242005
1201 0.00232679
1202 0.00223643
1203 0.00214892
1204 0.0020642
1205 0.0019822
1206 0.00190288
1207 0.00182617
1208 0.00175201
1209 0.00168035
1210 0.00161112
1211 0.00154427
1212 0.00147974
1213 0.00141747
1214 0.00135741
1215 0.00129949
1216 0.00124366
1217 0.00118987
1218 0.00113805
1219 0.00108816
1220 0.00104014
1221 0.000993934
1222 0.000949491
1223 0.000906758
1224 0.000865685
1225 0.00082622
1226 0.000788315
1227 0.00075192
1228 0.000716987
1229 0.00068347
1230 0.000651322
1231 0.000620497
1232 0.000590952
1233 0.000562644
1234 0.00053553
1235 0.000509568
1236 0.000484718
1237 0.000460941
1238 0.000438198
1239 0.000416451
1240 0.000395665
1241 0.000375803
1242 0.00035683
1243 0.000338714
1244 0.000321421
1245 0.000304919
1246 0.000289177
1247 0.000274166
1248 0.000259857
1249 0.00024622
1250 0.00023323
1251 0.000220859
1252 0.000209081
1253 0.000197873
1254 0.000187209
1255 0.000177068
1256 0.000167426
1257 0.000158262
1258 0.000149555
1259 0.000141285
1260 0.000133433
1261 0.00012598
1262 0.000118908
1263 0.000112199
1264 0.000105838
1265 9.98079e-05
1266 9.40936e-05
1267 8.86802e-05
1268 8.35536e-05
1269 7.87001e-05
1270 7.41068e-05
1271 6.97609e-05
1272 6.56506e-05
1273 6.17642e-05
1274 5.80909e-05
1275 5.46199e-05
1276 5.13413e-05
1277 4.82453e-05
1278 4.53227e-05
1279 4.25647e-05
1280 3.99627e-05
1281 3.75089e-05
1282 3.51954e-05
1283 3.30149e-05
1284 3.09605e-05
1285 2.90254e-05
1286 2.72033e-05
1287 2.54881e-05
1288 2.38741e-05
1289 2.23558e-05
1290 2.0928e-05
1291 1.95856e-05
1292 1.8324e-05
1293 1.71386e-05
1294 1.60253e-05
1295 1.49799e-05
1296 1.39986e-05
1297 1.30778e-05
1298 1.22141e-05
1299 1.1404e-05
1300 1.06446e-05
1301 9.93285e-06
1302 9.266e-06
1303 8.64142e-06
1304 8.05659e-06
1305 7.50916e-06
1306 6.9969e-06
1307 6.51768e-06
1308 6.06953e-06
1309 5.65055e-06
1310 5.25896e-06
1311 4.8931e-06
1312 4.55136e-06
1313 4.23227e-06
1314 3.9344e-06
1315 3.65644e-06
1316 3.39713e-06
1317 3.15529e-06
1318 2.92983e-06
1319 2.71968e-06
1320 2.52388e-06
1321 2.34149e-06
1322 2.17166e-06
1323 2.01356e-06
1324 1.86643e-06
1325 1.72955e-06
1326 1.60224e-06
1327 1.48388e-06
1328 1.37386e-06
1329 1.27163e-06
1330 1.17667e-06
1331 1.08848e-06
1332 1.00662e-06
1333 9.30636e-07
1334 8.60143e-07
1335 7.94761e-07
1336 7.34136e-07
1337 6.7794e-07
1338 6.25865e-07
1339 5.77623e-07
1340 5.32946e-07
1341 4.91583e-07
1342 4.53299e-07
1343 4.17877e-07
1344 3.85112e-07
1345 3.54814e-07
1346 3.26805e-07
1347 3.00921e-07
1348 2.77007e-07
1349 2.5492e-07
1350 2.34528e-07
1351 2.15704e-07
1352 1.98335e-07
1353 1.82312e-07
1354 1.67535e-07
1355 1.53912e-07
1356 1.41356e-07
1357 1.29788e-07
1358 1.19132e-07
1359 1.0932e-07
1360 1.00287e-07
1361 9.1975e-08
1362 8.43275e-08
1363 7.72938e-08
1364 7.08267e-08
1365 6.48823e-08
1366 5.94199e-08
1367 5.4402e-08
1368 4.97937e-08
1369 4.55629e-08
1370 4.16797e-08
1371 3.81168e-08
1372 3.48486e-08
1373 3.18516e-08
1374 2.91041e-08
1375 2.65862e-08
1376 2.42793e-08
1377 2.21663e-08
1378 2.02315e-08
1379 1.84605e-08
1380 1.68397e-08
1381 1.5357e-08
1382 1.40009e-08
1383 1.2761e-08
1384 1.16276e-08
1385 1.0592e-08
1386 9.64588e-09
1387 8.78185e-09
1388 7.993e-09
1389 7.27299e-09
1390 6.616e-09
1391 6.0167e-09
1392 5.47016e-09
1393 4.9719e-09
1394 4.51778e-09
1395 4.104e-09
1396 3.72709e-09
1397 3.38386e-09
1398 3.0714e-09
1399 2.78702e-09
1400 2.52827e-09
1401 2.29292e-09
1402 2.07891e-09
1403 1.88435e-09
1404 1.70754e-09
1405 1.54689e-09
1406 1.40097e-09
1407 1.26847e-09
1408 1.14819e-09
1409 1.03903e-09
1410 9.3999e-10
1411 8.50159e-10
1412 7.68703e-10
1413 6.94863e-10
1414 6.27944e-10
1415 5.67315e-10
1416 5.124e-10
1417 4.62675e-10
1418 4.17662e-10
1419 3.76926e-10
1420 3.4007e-10
1421 3.06735e-10
1422 2.76592e-10
1423 2.49344e-10
1424 2.24718e-10
1425 2.0247e-10
1426 1.82375e-10
1427 1.6423e-10
1428 1.4785e-10
1429 1.33067e-10
1430 1.1973e-10
1431 1.07701e-10
1432 9.68538e-11
1433 8.70754e-11
1434 7.82631e-11
1435 7.03235e-11
1436 6.31722e-11
1437 5.67327e-11
1438 5.09358e-11
1439 4.57188e-11
1440 4.1025e-11
1441 3.68032e-11
1442 3.30068e-11
1443 2.9594e-11
1444 2.65269e-11
1445 2.37712e-11
1446 2.1296e-11
1447 1.90733e-11
1448 1.7078e-11
1449 1.52873e-11
1450 1.36807e-11
1451 1.22395e-11
1452 1.09472e-11
1453 9.78874e-12
1454 8.75046e-12
1455 7.8202e-12
1456 6.98694e-12
1457 6.24077e-12
1458 5.57278e-12
1459 4.97494e-12
1460 4.44004e-12
1461 3.96157e-12
1462 3.53371e-12
1463 3.15121e-12
1464 2.80935e-12
1465 2.5039e-12
1466 2.23106e-12
1467 1.98742e-12
1468 1.7699e-12
1469 1.57577e-12
1470 1.40255e-12
1471 1.24803e-12
1472 1.11024e-12
1473 9.87402e-13
1474 8.77915e-13
1475 7.80359e-13
1476 6.93458e-13
1477 6.16069e-13
1478 5.4717e-13
1479 4.85846e-13
1480 4.31279e-13
1481 3.82739e-13
1482 3.39572e-13
1483 3.01192e-13
1484 2.6708e-13
1485 2.36767e-13
1486 2.09839e-13
1487 1.85925e-13
1488 1.64692e-13
1489 1.45845e-13
1490 1.29121e-13
1491 1.14284e-13
1492 1.01125e-13
1493 8.9458e-14
1494 7.91159e-14
1495 6.9951e-14
1496 6.18315e-14
1497 5.46401e-14
1498 4.82723e-14
1499 4.26354e-14
1500 3.76469e-14
1501 3.32333e-14
1502 2.93295e-14
1503 2.58774e-14
1504 2.28257e-14
1505 2.01286e-14
1506 1.77455e-14
1507 1.56405e-14
1508 1.37815e-14
1509 1.21404e-14
1510 1.06919e-14
1511 9.41373e-15
1512 8.28622e-15
1513 7.29185e-15
1514 6.41514e-15
1515 5.64237e-15
1516 4.96139e-15
1517 4.36146e-15
1518 3.83308e-15
1519 3.36783e-15
1520 2.95829e-15
1521 2.59787e-15
1522 2.28077e-15
1523 2.00185e-15
1524 1.75659e-15
1525 1.54097e-15
1526 1.35147e-15
1527 1.18497e-15
1528 1.0387e-15
1529 9.10259e-16
1530 7.9749e-16
1531 6.9851e-16
1532 6.11655e-16
1533 5.35461e-16
1534 4.68637e-16
1535 4.10045e-16
1536 3.58686e-16
1537 3.13678e-16
1538 2.74246e-16
1539 2.39708e-16
1540 2.09466e-16
1541 1.82991e-16
1542 1.59821e-16
1543 1.39548e-16
1544 1.21815e-16
1545 1.06308e-16
1546 9.2751e-17
1547 8.09015e-17
1548 7.05475e-17
1549 6.15026e-17
1550 5.36034e-17
1551 4.67066e-17
1552 4.06865e-17
1553 3.54332e-17
1554 3.08501e-17
1555 2.68528e-17
1556 2.33673e-17
1557 2.0329e-17
1558 1.76811e-17
1559 1.53741e-17
1560 1.33647e-17
1561 1.16149e-17
1562 1.00915e-17
1563 8.76566e-18
1564 7.61204e-18
1565 6.60852e-18
1566 5.73582e-18
1567 4.97706e-18
1568 4.31756e-18
1569 3.74448e-18
1570 3.24662e-18
1571 2.81423e-18
1572 2.43879e-18
1573 2.1129e-18
1574 1.83008e-18
1575 1.58471e-18
1576 1.37188e-18
1577 1.18733e-18
1578 1.02734e-18
1579 8.88677e-19
1580 7.68535e-19
1581 6.64464e-19
1582 5.74338e-19
1583 4.96309e-19
1584 4.28771e-19
1585 3.70329e-19
1586 3.1977e-19
1587 2.76044e-19
1588 2.38235e-19
1589 2.05553e-19
1590 1.77309e-19
1591 1.52907e-19
1592 1.31829e-19
1593 1.13628e-19
1594 9.7915e-20
1595 8.43534e-20
1596 7.26516e-20
1597 6.25572e-20
1598 5.38517e-20
1599 4.63458e-20
1600 3.98761e-20
1601 3.43007e-20
1602 2.94974e-20
1603 2.53603e-20
1604 2.17979e-20
1605 1.87312e-20
1606 1.60919e-20
1607 1.38209e-20
1608 1.18675e-20
1609 1.01875e-20
1610 8.74316e-21
1611 7.50169e-21
1612 6.43487e-21
1613 5.51836e-21
1614 4.73119e-21
1615 4.05528e-21
1616 3.47506e-21
1617 2.97709e-21
1618 2.54984e-21
1619 2.18335e-21
1620 1.86906e-21
1621 1.59961e-21
1622 1.36865e-21
1623 1.17075e-21
1624 1.00121e-21
1625 8.55998e-22
1626 7.31665e-22
1627 6.25232e-22
1628 5.34145e-22
1629 4.56213e-22
1630 3.89552e-22
1631 3.32547e-22
1632 2.83811e-22
1633 2.42156e-22
1634 2.06563e-22
1635 1.76156e-22
1636 1.50187e-22
1637 1.28013e-22
1638 1.09086e-22
1639 9.29333e-23
1640 7.91523e-23
1641 6.73976e-23
1642 5.7374e-23
1643 4.88287e-23
1644 4.15455e-23
1645 3.53397e-23
1646 3.00531e-23
1647 2.55509e-23
1648 2.17177e-23
1649 1.84548e-23
1650 1.56781e-23
1651 1.33158e-23
1652 1.13066e-23
1653 9.59806e-24
1654 8.14565e-24
1655 6.91126e-24
1656 5.86244e-24
1657 4.97152e-24
1658 4.21493e-24
1659 3.57256e-24
1660 3.02733e-24
1661 2.56466e-24
1662 2.17214e-24
1663 1.83924e-24
1664 1.55696e-24
1665 1.31767e-24
1666 1.11487e-24
1667 9.43048e-25
1668 7.97505e-25
1669 6.74253e-25
1670 5.69906e-25
1671 4.81586e-25
1672 4.0685e-25
1673 3.43626e-25
1674 2.90154e-25
1675 2.44941e-25
1676 2.06721e-25
1677 1.74421e-25
1678 1.47131e-25
1679 1.2408e-25
1680 1.04614e-25
1681 8.81794e-26
1682 7.43082e-26
1683 6.26033e-26
1684 5.2729e-26
1685 4.4401e-26
1686 3.7379e-26
1687 3.14596e-26
1688 2.6471e-26
1689 2.22679e-26
1690 1.87275e-26
1691 1.5746e-26
1692 1.32359e-26
1693 1.11232e-26
1694 9.34532e-27
1695 7.84967e-27
1696 6.59174e-27
1697 5.53402e-27
1698 4.64486e-27
1699 3.89758e-27
1700 3.26971e-27
1701 2.7423e-27
1702 2.29939e-27
1703 1.92753e-27
1704 1.6154e-27
1705 1.35348e-27
1706 1.13374e-27
1707 9.49435e-28
1708 7.94894e-28
1709 6.65341e-28
1710 5.56762e-28
1711 4.65786e-28
1712 3.89577e-28
1713 3.25756e-28
1714 2.72321e-28
1715 2.27593e-28
1716 1.90165e-28
1717 1.58851e-28
1718 1.3266e-28
1719 1.1076e-28
1720 9.24512e-29
1721 7.71497e-29
1722 6.43644e-29
1723 5.36843e-29
1724 4.4765e-29
1725 3.73182e-29
1726 3.11023e-29
1727 2.59152e-29
1728 2.15876e-29
1729 1.79782e-29
1730 1.49685e-29
1731 1.24594e-29
1732 1.03683e-29
1733 8.62599e-30
1734 7.17462e-30
1735 5.96594e-30
1736 4.95961e-30
1737 4.12199e-30
1738 3.42496e-30
1739 2.84508e-30
1740 2.36278e-30
1741 1.96174e-30
1742 1.62835e-30
1743 1.35128e-30
1744 1.12107e-30
1745 9.29845e-31
1746 7.71041e-31
1747 6.39197e-31
1748 5.29764e-31
1749 4.38955e-31
1750 3.63619e-31
1751 3.01137e-31
1752 2.49329e-31
1753 2.06381e-31
1754 1.70789e-31
1755 1.41299e-31
1756 1.16871e-31
1757 9.66424e-32
1758 7.98948e-32
1759 6.60329e-32
1760 5.45623e-32
1761 4.50729e-32
1762 3.72245e-32
1763 3.07351e-32
1764 2.53706e-32
1765 2.09371e-32
1766 1.72741e-32
1767 1.42483e-32
1768 1.17496e-32
1769 9.68671e-33
1770 7.98398e-33
1771 6.57891e-33
1772 5.41975e-33
1773 4.46371e-33
1774 3.6754e-33
1775 3.02555e-33
1776 2.48998e-33
1777 2.0487e-33
1778 1.6852e-33
1779 1.38585e-33
1780 1.13939e-33
1781 9.36529e-34
1782 7.69591e-34
1783 6.32252e-34
1784 5.19292e-34
1785 4.26407e-34
1786 3.50048e-34
1787 2.87291e-34
1788 2.35726e-34
1789 1.93368e-34
1790 1.58581e-34
1791 1.3002e-34
1792 1.06575e-34
1793 8.73365e-35
1794 7.15525e-35
1795 5.86063e-35
1796 4.79903e-35
1797 3.92874e-35
1798 3.21545e-35
1799 2.631e-35
1800 2.15224e-35
1801 1.76015e-35
1802 1.43912e-35
1803 1.17634e-35
1804 9.61304e-36
1805 7.85374e-36
1806 6.41477e-36
1807 5.23811e-36
1808 4.27619e-36
1809 3.49002e-36
1810 2.84765e-36
1811 2.32292e-36
1812 1.8944e-36
1813 1.54453e-36
1814 1.25895e-36
1815 1.02591e-36
1816 8.3579e-37
1817 6.80728e-37
1818 5.54291e-37
1819 4.51222e-37
1820 3.67223e-37
1821 2.98784e-37
1822 2.43037e-37
1823 1.9764e-37
1824 1.60681e-37
1825 1.306e-37
1826 1.06123e-37
1827 8.62109e-38
1828 7.00168e-38
1829 5.685e-38
1830 4.61472e-38
1831 3.74497e-38
1832 3.03836e-38
1833 2.46444e-38
1834 1.9984e-38
1835 1.62008e-38
1836 1.31304e-38
1837 1.06392e-38
1838 8.61835e-39
1839 6.97957e-39
1840 5.65095e-39
1841 4.57406e-39
1842 3.70144e-39
1843 2.99452e-39
1844 2.42199e-39
1845 1.95842e-39
1846 1.58317e-39
1847 1.27949e-39
1848 1.0338e-39
1849 8.35071e-40
1850 6.74371e-40
1851 5.44457e-40
1852 4.39458e-40
1853 3.54616e-40
1854 2.86082e-40
1855 2.30733e-40
1856 1.86045e-40
1857 1.49974e-40
1858 1.20866e-40
1859 9.7382e-41
1860 7.84411e-41
1861 6.31681e-41
1862 5.08558e-41
1863 4.09329e-41
1864 3.29377e-41
1865 2.64974e-41
1866 2.1311e-41
1867 1.71353e-41
1868 1.37742e-41
1869 1.10696e-41
1870 8.89381e-42
1871 7.14383e-42
1872 5.7367e-42
1873 4.60556e-42
1874 3.6965e-42
1875 2.96611e-42
1876 2.37942e-42
1877 1.90829e-42
1878 1.53005e-42
1879 1.22646e-42
1880 9.82851e-43
1881 7.87427e-43
1882 6.30695e-43
1883 5.05029e-43
1884 4.04296e-43
1885 3.2357e-43
1886 2.58895e-43
1887 2.07093e-43
1888 1.65612e-43
1889 1.32405e-43
1890 1.05829e-43
1891 8.45642e-44
1892 6.75545e-44
1893 5.39519e-44
1894 4.30767e-44
1895 3.43846e-44
1896 2.7439e-44
1897 2.18905e-44
1898 1.74593e-44
1899 1.39213e-44
1900 1.10973e-44
1901 8.84375e-45
1902 7.04592e-45
1903 5.61205e-45
1904 4.46876e-45
1905 3.55741e-45
1906 2.83114e-45
1907 2.25253e-45
1908 1.79168e-45
1909 1.42473e-45
1910 1.13262e-45
1911 9.00153e-46
1912 7.15202e-46
1913 5.68095e-46
1914 4.51121e-46
1915 3.58133e-46
1916 2.84234e-46
1917 2.25521e-46
1918 1.78887e-46
1919 1.41856e-46
1920 1.1246e-46
1921 8.91303e-47
1922 7.06208e-47
1923 5.59396e-47
1924 4.42981e-47
1925 3.50695e-47
1926 2.77557e-47
1927 2.19612e-47
1928 1.73715e-47
1929 1.37372e-47
1930 1.08602e-47
1931 8.58332e-48
1932 6.78193e-48
1933 5.3571e-48
1934 4.23045e-48
1935 3.33981e-48
1936 2.63595e-48
1937 2.07984e-48
1938 1.64061e-48
1939 1.29377e-48
1940 1.01998e-48
1941 8.03903e-49
1942 6.33427e-49
1943 4.98964e-49
1944 3.92936e-49
1945 3.09354e-49
1946 2.43483e-49
1947 1.91585e-49
1948 1.50708e-49
1949 1.1852e-49
1950 9.31809e-50
1951 7.32391e-50
1952 5.75493e-50
1953 4.52083e-50
1954 3.55039e-50
1955 2.78751e-50
1956 2.18794e-50
1957 1.71687e-50
1958 1.34685e-50
1959 1.05629e-50
1960 8.28185e-51
1961 6.49161e-51
1962 5.08696e-51
1963 3.98515e-51
1964 3.12113e-51
1965 2.44377e-51
1966 1.91288e-51
1967 1.49691e-51
1968 1.17107e-51
1969 9.15907e-52
1970 7.16142e-52
1971 5.59791e-52
1972 4.37454e-52
1973 3.41756e-52
1974 2.66919e-52
1975 2.08411e-52
1976 1.62682e-52
1977 1.26951e-52
1978 9.90399e-53
1979 7.72431e-53
1980 6.02263e-53
1981 4.69448e-53
1982 3.65817e-53
1983 2.84981e-53
1984 2.21943e-53
1985 1.72798e-53
1986 1.34497e-53
1987 1.04654e-53
1988 8.14086e-54
1989 6.33077e-54
1990 4.92168e-54
1991 3.82507e-54
1992 2.9719e-54
1993 2.30832e-54
1994 1.79237e-54
1995 1.39131e-54
1996 1.07966e-54
1997 8.37556e-55
1998 6.49539e-55
1999 5.0357e-55
2000 3.90281e-55
2001 3.02382e-55
2002 2.34205e-55
2003 1.81341e-55
2004 1.40363e-55
2005 1.0861e-55
2006 8.40126e-56
2007 6.49644e-56
2008 5.02182e-56
2009 3.88063e-56
2010 2.99777e-56
2011 2.31498e-56
2012 1.7871e-56
2013 1.37912e-56
2014 1.06392e-56
2015 8.20478e-57
2016 6.32524e-57
2017 4.87461e-57
2018 3.7554e-57
2019 2.8922e-57
2020 2.22667e-57
2021 1.71374e-57
2022 1.31856e-57
2023 1.0142e-57
2024 7.79879e-58
2025 5.99543e-58
2026 4.60807e-58
2027 3.54113e-58
2028 2.72091e-58
2029 2.0906e-58
2030 1.60641e-58
2031 1.23461e-58
2032 9.49213e-59
2033 7.30234e-59
2034 5.62282e-59
2035 4.33522e-59
2036 3.34852e-59
2037 2.59281e-59
2038 2.01437e-59
2039 1.57195e-59
2040 1.23395e-59
2041 9.76142e-60
2042 7.79992e-60
2043 6.31374e-60
2044 5.19556e-60
2045 4.36446e-60
2046 3.76014e-60
2047 3.33867e-60
