0 3.25896e-62
1 2.89166e-62
2 2.98292e-62
3 3.53709e-62
4 4.59351e-62
5 6.22922e-62
6 8.5644e-62
7 1.1771e-61
8 1.6085e-61
9 2.18236e-61
10 2.94078e-61
11 3.93925e-61
12 5.25063e-61
13 6.97031e-61
14 9.22301e-61
15 1.21716e-60
16 1.60284e-60
17 2.10705e-60
18 2.76586e-60
19 3.62626e-60
20 4.74941e-60
21 6.21487e-60
22 8.12607e-60
23 1.06175e-59
24 1.38637e-59
25 1.80915e-59
26 2.35954e-59
27 3.0757e-59
28 4.00716e-59
29 5.21809e-59
30 6.79166e-59
31 8.83554e-59
32 1.14891e-58
33 1.49328e-58
34 1.93998e-58
35 2.51917e-58
36 3.26982e-58
37 4.24227e-58
38 5.50151e-58
39 7.13144e-58
40 9.24028e-58
41 1.19676e-57
42 1.54933e-57
43 2.00492e-57
44 2.59339e-57
45 3.35319e-57
46 4.33379e-57
47 5.59887e-57
48 7.23029e-57
49 9.33332e-57
50 1.20432e-56
51 1.55337e-56
52 2.0028e-56
53 2.58126e-56
54 3.32549e-56
55 4.28266e-56
56 5.51325e-56
57 7.09475e-56
58 9.12652e-56
59 1.17358e-55
60 1.50856e-55
61 1.93845e-55
62 2.48996e-55
63 3.19724e-55
64 4.104e-55
65 5.26611e-55
66 6.75496e-55
67 8.66183e-55
68 1.11033e-54
69 1.42282e-54
70 1.82267e-54
71 2.33413e-54
72 2.98816e-54
73 3.82426e-54
74 4.89278e-54
75 6.25795e-54
76 8.00159e-54
77 1.0228e-53
78 1.30701e-53
79 1.6697e-53
80 2.13243e-53
81 2.72262e-53
82 3.47519e-53
83 4.43455e-53
84 5.6572e-53
85 7.21501e-53
86 9.19932e-53
87 1.17263e-52
88 1.49435e-52
89 1.90384e-52
90 2.42492e-52
91 3.08785e-52
92 3.93102e-52
93 5.00319e-52
94 6.36621e-52
95 8.09859e-52
96 1.02999e-51
97 1.30964e-51
98 1.66481e-51
99 2.11581e-51
100 2.68835e-51
101 3.41501e-51
102 4.33706e-51
103 5.50678e-51
104 6.99035e-51
105 8.87152e-51
106 1.12563e-50
107 1.42789e-50
108 1.81088e-50
109 2.29606e-50
110 2.91056e-50
111 3.68865e-50
112 4.67365e-50
113 5.92028e-50
114 7.49765e-50
115 9.49303e-50
116 1.20166e-49
117 1.52073e-49
118 1.92405e-49
119 2.43375e-49
120 3.07772e-49
121 3.89112e-49
122 4.91827e-49
123 6.21499e-49
124 7.8516e-49
125 9.91666e-49
126 1.25216e-48
127 1.58068e-48
128 1.99486e-48
129 2.51691e-48
130 3.17472e-48
131 4.00339e-48
132 5.047e-48
133 6.36091e-48
134 8.01469e-48
135 1.00956e-47
136 1.27133e-47
137 1.60052e-47
138 2.01438e-47
139 2.53453e-47
140 3.18808e-47
141 4.009e-47
142 5.03983e-47
143 6.33386e-47
144 7.95781e-47
145 9.99517e-47
146 1.25504e-46
147 1.57542e-46
148 1.97699e-46
149 2.48018e-46
150 3.11049e-46
151 3.89982e-46
152 4.88797e-46
153 6.12465e-46
154 7.67187e-46
155 9.60703e-46
156 1.20267e-45
157 1.50511e-45
158 1.88304e-45
159 2.35515e-45
160 2.94473e-45
161 3.68078e-45
162 4.59942e-45
163 5.7456e-45
164 7.17524e-45
165 8.95791e-45
166 1.11801e-44
167 1.39495e-44
168 1.73996e-44
169 2.16966e-44
170 2.70468e-44
171 3.37066e-44
172 4.19939e-44
173 5.23036e-44
174 6.51257e-44
175 8.10679e-44
176 1.00884e-43
177 1.25508e-43
178 1.561e-43
179 1.94094e-43
180 2.41269e-43
181 2.99827e-43
182 3.72498e-43
183 4.62658e-43
184 5.74488e-43
185 7.13158e-43
186 8.8507e-43
187 1.09814e-42
188 1.36214e-42
189 1.68919e-42
190 2.09423e-42
191 2.59573e-42
192 3.21653e-42
193 3.9848e-42
194 4.93537e-42
195 6.11121e-42
196 7.56534e-42
197 9.36323e-42
198 1.15856e-41
199 1.4332e-41
200 1.77253e-41
201 2.19168e-41
202 2.70932e-41
203 3.34842e-41
204 4.13732e-41
205 5.11089e-41
206 6.3121e-41
207 7.79381e-41
208 9.62111e-41
209 1.18741e-40
210 1.46512e-40
211 1.80737e-40
212 2.22905e-40
213 2.74848e-40
214 3.38815e-40
215 4.17571e-40
216 5.14514e-40
217 6.33813e-40
218 7.80589e-40
219 9.61125e-40
220 1.18313e-39
221 1.45607e-39
222 1.79154e-39
223 2.20376e-39
224 2.71017e-39
225 3.33212e-39
226 4.09579e-39
227 5.03321e-39
228 6.18363e-39
229 7.59506e-39
230 9.32626e-39
231 1.14491e-38
232 1.40515e-38
233 1.7241e-38
234 2.11488e-38
235 2.59355e-38
236 3.17971e-38
237 3.89729e-38
238 4.77553e-38
239 5.85008e-38
240 7.16445e-38
241 8.77172e-38
242 1.07366e-37
243 1.31379e-37
244 1.60719e-37
245 1.96555e-37
246 2.40314e-37
247 2.93732e-37
248 3.58922e-37
249 4.38455e-37
250 5.3546e-37
251 6.5374e-37
252 7.97919e-37
253 9.73617e-37
254 1.18766e-36
255 1.44835e-36
256 1.76575e-36
257 2.1521e-36
258 2.62222e-36
259 3.19414e-36
260 3.88968e-36
261 4.73533e-36
262 5.76321e-36
263 7.01223e-36
264 8.52954e-36
265 1.03723e-35
266 1.26096e-35
267 1.53252e-35
268 1.86205e-35
269 2.26183e-35
270 2.74668e-35
271 3.33456e-35
272 4.04718e-35
273 4.91078e-35
274 5.95707e-35
275 7.22437e-35
276 8.75899e-35
277 1.06168e-34
278 1.28654e-34
279 1.55862e-34
280 1.88776e-34
281 2.28583e-34
282 2.76715e-34
283 3.34898e-34
284 4.05215e-34
285 4.90175e-34
286 5.92805e-34
287 7.16749e-34
288 8.66399e-34
289 1.04704e-33
290 1.26505e-33
291 1.52809e-33
292 1.84539e-33
293 2.22805e-33
294 2.68943e-33
295 3.2456e-33
296 3.91587e-33
297 4.72348e-33
298 5.69632e-33
299 6.86794e-33
300 8.27863e-33
301 9.97677e-33
302 1.20205e-32
303 1.44794e-32
304 1.74374e-32
305 2.09947e-32
306 2.52719e-32
307 3.04133e-32
308 3.65921e-32
309 4.40158e-32
310 5.29329e-32
311 6.36415e-32
312 7.6498e-32
313 9.19294e-32
314 1.10447e-31
315 1.32662e-31
316 1.59306e-31
317 1.91253e-31
318 2.2955e-31
319 2.75445e-31
320 3.30433e-31
321 3.96296e-31
322 4.75164e-31
323 5.6958e-31
324 6.82577e-31
325 8.17774e-31
326 9.79488e-31
327 1.17287e-30
328 1.40404e-30
329 1.68033e-30
330 2.01043e-30
331 2.40471e-30
332 2.87552e-30
333 3.43755e-30
334 4.10828e-30
335 4.9085e-30
336 5.86293e-30
337 7.00094e-30
338 8.35746e-30
339 9.97397e-30
340 1.18997e-29
341 1.41932e-29
342 1.69239e-29
343 2.01741e-29
344 2.40415e-29
345 2.86421e-29
346 3.41131e-29
347 4.06176e-29
348 4.83483e-29
349 5.75338e-29
350 6.84448e-29
351 8.14017e-29
352 9.67838e-29
353 1.1504e-28
354 1.36701e-28
355 1.62395e-28
356 1.92864e-28
357 2.28986e-28
358 2.71799e-28
359 3.22526e-28
360 3.82617e-28
361 4.53781e-28
362 5.38035e-28
363 6.37762e-28
364 7.55773e-28
365 8.95384e-28
366 1.06051e-27
367 1.25576e-27
368 1.48658e-27
369 1.75937e-27
370 2.0817e-27
371 2.46247e-27
372 2.91216e-27
373 3.44312e-27
374 4.06989e-27
375 4.8096e-27
376 5.68237e-27
377 6.71193e-27
378 7.92614e-27
379 9.35781e-27
380 1.10455e-26
381 1.30345e-26
382 1.53781e-26
383 1.81389e-26
384 2.13904e-26
385 2.5219e-26
386 2.97261e-26
387 3.50306e-26
388 4.12723e-26
389 4.8615e-26
390 5.72509e-26
391 6.74056e-26
392 7.93431e-26
393 9.33733e-26
394 1.09859e-25
395 1.29226e-25
396 1.51971e-25
397 1.78677e-25
398 2.10027e-25
399 2.46819e-25
400 2.89986e-25
401 3.40622e-25
402 4.00001e-25
403 4.69616e-25
404 5.51209e-25
405 6.46818e-25
406 7.58817e-25
407 8.89983e-25
408 1.04355e-24
409 1.2233e-24
410 1.43363e-24
411 1.67968e-24
412 1.96743e-24
413 2.30385e-24
414 2.69706e-24
415 3.1565e-24
416 3.69318e-24
417 4.31988e-24
418 5.05149e-24
419 5.90532e-24
420 6.90147e-24
421 8.06331e-24
422 9.41797e-24
423 1.0997e-23
424 1.28369e-23
425 1.49802e-23
426 1.74761e-23
427 2.03816e-23
428 2.37631e-23
429 2.76971e-23
430 3.22725e-23
431 3.75923e-23
432 4.37756e-23
433 5.09604e-23
434 5.93061e-23
435 6.89975e-23
436 8.02479e-23
437 9.33043e-23
438 1.08452e-22
439 1.2602e-22
440 1.4639e-22
441 1.70001e-22
442 1.9736e-22
443 2.29055e-22
444 2.6576e-22
445 3.08256e-22
446 3.57443e-22
447 4.14357e-22
448 4.80195e-22
449 5.56335e-22
450 6.44365e-22
451 7.46115e-22
452 8.63692e-22
453 9.99522e-22
454 1.1564e-21
455 1.33754e-21
456 1.54665e-21
457 1.78797e-21
458 2.06642e-21
459 2.38762e-21
460 2.75804e-21
461 3.18514e-21
462 3.67747e-21
463 4.24487e-21
464 4.89864e-21
465 5.65175e-21
466 6.5191e-21
467 7.51782e-21
468 8.66755e-21
469 9.99084e-21
470 1.15136e-20
471 1.32654e-20
472 1.52804e-20
473 1.75975e-20
474 2.02616e-20
475 2.3324e-20
476 2.68433e-20
477 3.0887e-20
478 3.55321e-20
479 4.08669e-20
480 4.69925e-20
481 5.40246e-20
482 6.20954e-20
483 7.13563e-20
484 8.19804e-20
485 9.41652e-20
486 1.08137e-19
487 1.24154e-19
488 1.4251e-19
489 1.63543e-19
490 1.87636e-19
491 2.15228e-19
492 2.46818e-19
493 2.82976e-19
494 3.2435e-19
495 3.71681e-19
496 4.25811e-19
497 4.87697e-19
498 5.58431e-19
499 6.39254e-19
500 7.31576e-19
501 8.37e-19
502 9.57349e-19
503 1.09469e-18
504 1.25138e-18
505 1.43007e-18
506 1.63379e-18
507 1.86596e-18
508 2.13048e-18
509 2.43175e-18
510 2.77473e-18
511 3.16509e-18
512 3.6092e-18
513 4.11428e-18
514 4.6885e-18
515 5.34108e-18
516 6.08245e-18
517 6.92437e-18
518 7.88013e-18
519 8.96473e-18
520 1.01951e-17
521 1.15902e-17
522 1.31717e-17
523 1.49637e-17
524 1.69934e-17
525 1.92917e-17
526 2.1893e-17
527 2.48364e-17
528 2.81654e-17
529 3.19293e-17
530 3.61834e-17
531 4.09899e-17
532 4.64186e-17
533 5.25479e-17
534 5.94658e-17
535 6.72713e-17
536 7.60753e-17
537 8.60023e-17
538 9.7192e-17
539 1.09801e-16
540 1.24005e-16
541 1.40001e-16
542 1.5801e-16
543 1.7828e-16
544 2.01087e-16
545 2.26742e-16
546 2.55594e-16
547 2.88033e-16
548 3.24495e-16
549 3.65469e-16
550 4.11502e-16
551 4.63209e-16
552 5.21275e-16
553 5.86469e-16
554 6.5965e-16
555 7.4178e-16
556 8.33937e-16
557 9.37324e-16
558 1.05329e-15
559 1.18334e-15
560 1.32917e-15
561 1.49265e-15
562 1.6759e-15
563 1.88127e-15
564 2.11141e-15
565 2.36925e-15
566 2.65808e-15
567 2.9816e-15
568 3.3439e-15
569 3.74958e-15
570 4.20376e-15
571 4.71217e-15
572 5.28119e-15
573 5.91795e-15
574 6.63042e-15
575 7.42745e-15
576 8.31894e-15
577 9.31592e-15
578 1.04307e-14
579 1.16769e-14
580 1.30698e-14
581 1.46264e-14
582 1.63656e-14
583 1.83083e-14
584 2.04779e-14
585 2.29004e-14
586 2.56045e-14
587 2.86223e-14
588 3.19893e-14
589 3.57449e-14
590 3.99328e-14
591 4.46013e-14
592 4.98041e-14
593 5.56005e-14
594 6.20562e-14
595 6.92436e-14
596 7.72431e-14
597 8.61431e-14
598 9.60413e-14
599 1.07046e-13
600 1.19275e-13
601 1.3286e-13
602 1.47944e-13
603 1.64687e-13
604 1.83263e-13
605 2.03862e-13
606 2.26695e-13
607 2.51993e-13
608 2.80008e-13
609 3.11018e-13
610 3.45324e-13
611 3.8326e-13
612 4.25188e-13
613 4.71504e-13
614 5.2264e-13
615 5.79069e-13
616 6.41305e-13
617 7.09909e-13
618 7.85491e-13
619 8.68716e-13
620 9.60307e-13
621 1.06105e-12
622 1.17179e-12
623 1.29346e-12
624 1.42706e-12
625 1.57368e-12
626 1.7345e-12
627 1.91079e-12
628 2.10393e-12
629 2.31543e-12
630 2.54688e-12
631 2.80005e-12
632 3.0768e-12
633 3.37919e-12
634 3.7094e-12
635 4.06982e-12
636 4.46299e-12
637 4.89168e-12
638 5.35886e-12
639 5.86775e-12
640 6.42179e-12
641 7.02474e-12
642 7.68059e-12
643 8.3937e-12
644 9.16874e-12
645 1.00108e-11
646 1.09252e-11
647 1.19179e-11
648 1.29952e-11
649 1.41641e-11
650 1.54318e-11
651 1.68063e-11
652 1.82964e-11
653 1.99113e-11
654 2.16612e-11
655 2.3557e-11
656 2.56107e-11
657 2.78352e-11
658 3.02444e-11
659 3.28536e-11
660 3.56792e-11
661 3.87394e-11
662 4.20536e-11
663 4.56432e-11
664 4.95315e-11
665 5.37437e-11
666 5.83075e-11
667 6.32532e-11
668 6.86137e-11
669 7.44251e-11
670 8.07268e-11
671 8.75618e-11
672 9.49774e-11
673 1.03025e-10
674 1.11761e-10
675 1.21248e-10
676 1.31553e-10
677 1.4275e-10
678 1.5492e-10
679 1.68152e-10
680 1.82543e-10
681 1.98199e-10
682 2.15236e-10
683 2.33782e-10
684 2.53974e-10
685 2.75964e-10
686 2.99918e-10
687 3.26017e-10
688 3.54456e-10
689 3.8545e-10
690 4.19232e-10
691 4.56057e-10
692 4.962e-10
693 5.39962e-10
694 5.87667e-10
695 6.39669e-10
696 6.9635e-10
697 7.58123e-10
698 8.25436e-10
699 8.98772e-10
700 9.78652e-10
701 1.06564e-09
702 1.16033e-09
703 1.26339e-09
704 1.3755e-09
705 1.49742e-09
706 1.62995e-09
707 1.77395e-09
708 1.93032e-09
709 2.10006e-09
710 2.28419e-09
711 2.48384e-09
712 2.70016e-09
713 2.93442e-09
714 3.18793e-09
715 3.46208e-09
716 3.75836e-09
717 4.07831e-09
718 4.42355e-09
719 4.79581e-09
720 5.19688e-09
721 5.62863e-09
722 6.09301e-09
723 6.59206e-09
724 7.12789e-09
725 7.70268e-09
726 8.3187e-09
727 8.97828e-09
728 9.6838e-09
729 1.04377e-08
730 1.12425e-08
731 1.21008e-08
732 1.3015e-08
733 1.39879e-08
734 1.50219e-08
735 1.61198e-08
736 1.72841e-08
737 1.85174e-08
738 1.98221e-08
739 2.12008e-08
740 2.26557e-08
741 2.4189e-08
742 2.58028e-08
743 2.74991e-08
744 2.92796e-08
745 3.11457e-08
746 3.30987e-08
747 3.51394e-08
748 3.72686e-08
749 3.94863e-08
750 4.17925e-08
751 4.41864e-08
752 4.6667e-08
753 4.92326e-08
754 5.18809e-08
755 5.46091e-08
756 5.74136e-08
757 6.02901e-08
758 6.32337e-08
759 6.62384e-08
760 6.92977e-08
761 7.24039e-08
762 7.55485e-08
763 7.87221e-08
764 8.19141e-08
765 8.51131e-08
766 8.83066e-08
767 9.14809e-08
768 9.46212e-08
769 9.77119e-08
770 1.00736e-07
771 1.03676e-07
772 1.06512e-07
773 1.09225e-07
774 1.11795e-07
775 1.14198e-07
776 1.16413e-07
777 1.18417e-07
778 1.20186e-07
779 1.21695e-07
780 1.22922e-07
781 1.23841e-07
782 1.24429e-07
783 1.24662e-07
784 1.24518e-07
785 1.23974e-07
786 1.23011e-07
787 1.21611e-07
788 1.19757e-07
789 1.17437e-07
790 1.14641e-07
791 1.11362e-07
792 1.076e-07
793 1.03358e-07
794 9.8647e-08
795 9.34825e-08
796 8.78892e-08
797 8.18998e-08
798 7.55565e-08
799 6.89123e-08
800 6.20317e-08
801 5.4992e-08
802 4.78848e-08
803 4.0817e-08
804 3.39124e-08
805 2.73133e-08
806 2.11818e-08
807 1.57015e-08
808 1.10796e-08
809 7.54803e-09
810 5.36606e-09
811 4.82182e-09
812 6.23457e-09
813 9.95677e-09
814 1.63764e-08
815 2.59192e-08
816 3.90511e-08
817 5.62809e-08
818 7.81625e-08
819 1.05298e-07
820 1.3834e-07
821 1.77995e-07
822 2.25026e-07
823 2.80255e-07
824 3.44567e-07
825 4.18912e-07
826 5.0431e-07
827 6.01854e-07
828 7.1271e-07
829 8.38125e-07
830 9.79429e-07
831 1.13804e-06
832 1.31545e-06
833 1.51328e-06
834 1.73321e-06
835 1.97704e-06
836 2.24668e-06
837 2.54413e-06
838 2.87152e-06
839 3.23109e-06
840 3.6252e-06
841 4.05634e-06
842 4.52713e-06
843 5.04032e-06
844 5.59879e-06
845 6.20558e-06
846 6.86386e-06
847 7.57697e-06
848 8.34837e-06
849 9.18173e-06
850 1.00808e-05
851 1.10497e-05
852 1.20924e-05
853 1.32134e-05
854 1.44171e-05
855 1.57082e-05
856 1.70916e-05
857 1.85725e-05
858 2.01561e-05
859 2.1848e-05
860 2.36538e-05
861 2.55796e-05
862 2.76314e-05
863 2.98157e-05
864 3.21392e-05
865 3.46087e-05
866 3.72314e-05
867 4.00147e-05
868 4.29663e-05
869 4.60941e-05
870 4.94063e-05
871 5.29114e-05
872 5.66184e-05
873 6.05362e-05
874 6.46743e-05
875 6.90425e-05
876 7.36508e-05
877 7.85098e-05
878 8.36301e-05
879 8.9023e-05
880 9.47e-05
881 0.000100673
882 0.000106954
883 0.000113557
884 0.000120493
885 0.000127777
886 0.000135423
887 0.000143446
888 0.000151859
889 0.00016068
890 0.000169923
891 0.000179606
892 0.000189745
893 0.000200357
894 0.000211463
895 0.000223079
896 0.000235225
897 0.000247922
898 0.00026119
899 0.00027505
900 0.000289526
901 0.000304638
902 0.000320411
903 0.000336869
904 0.000354037
905 0.00037194
906 0.000390606
907 0.000410062
908 0.000430335
909 0.000451456
910 0.000473453
911 0.000496358
912 0.000520203
913 0.000545019
914 0.000570842
915 0.000597705
916 0.000625644
917 0.000654695
918 0.000684896
919 0.000716285
920 0.000748903
921 0.000782788
922 0.000817984
923 0.000854532
924 0.000892476
925 0.00093186
926 0.000972731
927 0.00101513
928 0.00105912
929 0.00110473
930 0.00115202
931 0.00120104
932 0.00125184
933 0.00130447
934 0.00135899
935 0.00141544
936 0.0014739
937 0.0015344
938 0.00159701
939 0.00166178
940 0.00172877
941 0.00179804
942 0.00186966
943 0.00194367
944 0.00202013
945 0.00209912
946 0.00218068
947 0.00226488
948 0.00235178
949 0.00244144
950 0.00253393
951 0.00262929
952 0.00272759
953 0.0028289
954 0.00293327
955 0.00304076
956 0.00315142
957 0.00326532
958 0.00338251
959 0.00350305
960 0.003627
961 0.00375439
962 0.0038853
963 0.00401976
964 0.00415783
965 0.00429954
966 0.00444496
967 0.00459411
968 0.00474704
969 0.00490379
970 0.00506438
971 0.00522887
972 0.00539726
973 0.0055696
974 0.0057459
975 0.00592618
976 0.00611046
977 0.00629876
978 0.00649108
979 0.00668742
980 0.0068878
981 0.0070922
982 0.00730062
983 0.00751304
984 0.00772945
985 0.00794984
986 0.00817417
987 0.00840241
988 0.00863452
989 0.00887048
990 0.00911022
991 0.0093537
992 0.00960086
993 0.00985164
994 0.010106
995 0.0103638
996 0.010625
997 0.0108895
998 0.0111572
999 0.0114281
1000 0.011702
1001 0.0119788
1002 0.0122584
1003 0.0125406
1004 0.0128255
1005 0.0131127
1006 0.0134023
1007 0.013694
1008 0.0139876
1009 0.0142832
1010 0.0145804
1011 0.0148791
1012 0.0151792
1013 0.0154804
1014 0.0157827
1015 0.0160857
1016 0.0163894
1017 0.0166935
1018 0.0169979
1019 0.0173023
1020 0.0176065
1021 0.0179103
1022 0.0182136
1023 0.018516
1024 0.0188174
1025 0.0191175
1026 0.0194162
1027 0.0197132
1028 0.0200083
1029 0.0203012
1030 0.0205918
1031 0.0208797
1032 0.0211648
1033 0.0214468
1034 0.0217256
1035 0.0220007
1036 0.0222721
1037 0.0225395
1038 0.0228027
1039 0.0230615
1040 0.0233155
1041 0.0235647
1042 0.0238087
1043 0.0240473
1044 0.0242805
1045 0.0245078
1046 0.0247292
1047 0.0249444
1048 0.0251532
1049 0.0253554
1050 0.0255509
1051 0.0257394
1052 0.0259208
1053 0.026095
1054 0.0262616
1055 0.0264206
1056 0.0265719
1057 0.0267152
1058 0.0268505
1059 0.0269776
1060 0.0270964
1061 0.0272067
1062 0.0273085
1063 0.0274016
1064 0.0274861
1065 0.0275617
1066 0.0276284
1067 0.0276862
1068 0.027735
1069 0.0277747
1070 0.0278053
1071 0.0278268
1072 0.0278392
1073 0.0278423
1074 0.0278364
1075 0.0278212
1076 0.027797
1077 0.0277636
1078 0.0277212
1079 0.0276697
1080 0.0276092
1081 0.0275398
1082 0.0274615
1083 0.0273745
1084 0.0272788
1085 0.0271745
1086 0.0270617
1087 0.0269405
1088 0.0268111
1089 0.0266735
1090 0.0265279
1091 0.0263745
1092 0.0262133
1093 0.0260446
1094 0.0258685
1095 0.0256852
1096 0.0254948
1097 0.0252975
1098 0.0250936
1099 0.0248831
1100 0.0246663
1101 0.0244435
1102 0.0242147
1103 0.0239802
1104 0.0237402
1105 0.023495
1106 0.0232446
1107 0.0229895
1108 0.0227297
1109 0.0224655
1110 0.0221972
1111 0.0219249
1112 0.0216489
1113 0.0213694
1114 0.0210866
1115 0.0208008
1116 0.0205122
1117 0.020221
1118 0.0199275
1119 0.0196319
1120 0.0193343
1121 0.0190351
1122 0.0187344
1123 0.0184325
1124 0.0181296
1125 0.0178259
1126 0.0175215
1127 0.0172168
1128 0.0169119
1129 0.0166071
1130 0.0163024
1131 0.0159982
1132 0.0156945
1133 0.0153917
1134 0.0150898
1135 0.0147891
1136 0.0144897
1137 0.0141917
1138 0.0138954
1139 0.0136009
1140 0.0133084
1141 0.0130179
1142 0.0127297
1143 0.0124439
1144 0.0121606
1145 0.0118799
1146 0.011602
1147 0.0113269
1148 0.0110548
1149 0.0107858
1150 0.0105199
1151 0.0102573
1152 0.00999811
1153 0.0097423
1154 0.00949
1155 0.00924128
1156 0.0089962
1157 0.00875483
1158 0.0085172
1159 0.00828339
1160 0.00805342
1161 0.00782734
1162 0.00760518
1163 0.00738697
1164 0.00717274
1165 0.0069625
1166 0.00675628
1167 0.00655408
1168 0.00635591
1169 0.00616177
1170 0.00597167
1171 0.00578559
1172 0.00560354
1173 0.00542549
1174 0.00525144
1175 0.00508136
1176 0.00491523
1177 0.00475303
1178 0.00459473
1179 0.0044403
1180 0.0042897
1181 0.0041429
1182 0.00399986
1183 0.00386054
1184 0.0037249
1185 0.00359289
1186 0.00346447
1187 0.00333959
1188 0.00321819
1189 0.00310023
1190 0.00298566
1191 0.00287442
1192 0.00276645
1193 0.0026617
1194 0.00256011
1195 0.00246163
1196 0.00236619
1197 0.00227374
1198 0.00218422
1199 0.00209756
1200 0.00201371
1201 0.00193261
1202 0.0018542
1203 0.00177841
1204 0.00170518
1205 0.00163446
1206 0.00156618
1207 0.00150029
1208 0.00143671
1209 0.00137541
1210 0.00131631
1211 0.00125935
1212 0.00120449
1213 0.00115165
1214 0.00110079
1215 0.00105185
1216 0.00100477
1217 0.0009595
1218 0.000915985
1219 0.00087417
1220 0.000834006
1221 0.000795439
1222 0.00075842
1223 0.0007229
1224 0.000688829
1225 0.00065616
1226 0.000624846
1227 0.000594842
1228 0.000566103
1229 0.000538586
1230 0.000512247
1231 0.000487046
1232 0.000462941
1233 0.000439892
1234 0.000417862
1235 0.000396812
1236 0.000376706
1237 0.000357508
1238 0.000339184
1239 0.000321699
1240 0.000305022
1241 0.000289119
1242 0.000273961
1243 0.000259518
1244 0.00024576
1245 0.00023266
1246 0.00022019
1247 0.000208324
1248 0.000197037
1249 0.000186304
1250 0.000176101
1251 0.000166406
1252 0.000157196
1253 0.00014845
1254 0.000140148
1255 0.000132269
1256 0.000124795
1257 0.000117707
1258 0.000110987
1259 0.000104619
1260 9.85864e-05
1261 9.28729e-05
1262 8.74636e-05
1263 8.23441e-05
1264 7.75005e-05
1265 7.29195e-05
1266 6.85883e-05
1267 6.44946e-05
1268 6.06267e-05
1269 5.69733e-05
1270 5.35237e-05
1271 5.02676e-05
1272 4.71952e-05
1273 4.42971e-05
1274 4.15642e-05
1275 3.89881e-05
1276 3.65605e-05
1277 3.42736e-05
1278 3.212e-05
1279 3.00926e-05
1280 2.81846e-05
1281 2.63895e-05
1282 2.47013e-05
1283 2.31141e-05
1284 2.16223e-05
1285 2.02206e-05
1286 1.89041e-05
1287 1.7668e-05
1288 1.65077e-05
1289 1.5419e-05
1290 1.43977e-05
1291 1.344e-05
1292 1.25422e-05
1293 1.17009e-05
1294 1.09127e-05
1295 1.01746e-05
1296 9.48356e-06
1297 8.8368e-06
1298 8.23167e-06
1299 7.66569e-06
1300 7.13649e-06
1301 6.64184e-06
1302 6.17963e-06
1303 5.74786e-06
1304 5.34468e-06
1305 4.96829e-06
1306 4.61704e-06
1307 4.28935e-06
1308 3.98373e-06
1309 3.69879e-06
1310 3.43322e-06
1311 3.18577e-06
1312 2.95528e-06
1313 2.74065e-06
1314 2.54087e-06
1315 2.35495e-06
1316 2.182e-06
1317 2.02115e-06
1318 1.87161e-06
1319 1.73262e-06
1320 1.60349e-06
1321 1.48355e-06
1322 1.37217e-06
1323 1.26879e-06
1324 1.17285e-06
1325 1.08385e-06
1326 1.00131e-06
1327 9.24793e-07
1328 8.5387e-07
1329 7.88158e-07
1330 7.27292e-07
1331 6.70931e-07
1332 6.18759e-07
1333 5.70478e-07
1334 5.25812e-07
1335 4.84504e-07
1336 4.46312e-07
1337 4.11011e-07
1338 3.78394e-07
1339 3.48265e-07
1340 3.20442e-07
1341 2.94758e-07
1342 2.71054e-07
1343 2.49185e-07
1344 2.29014e-07
1345 2.10416e-07
1346 1.93273e-07
1347 1.77476e-07
1348 1.62923e-07
1349 1.49521e-07
1350 1.37182e-07
1351 1.25825e-07
1352 1.15376e-07
1353 1.05764e-07
1354 9.69248e-08
1355 8.87994e-08
1356 8.13319e-08
1357 7.44712e-08
1358 6.81698e-08
1359 6.23838e-08
1360 5.70727e-08
1361 5.21989e-08
1362 4.77277e-08
1363 4.36271e-08
1364 3.98674e-08
1365 3.64214e-08
1366 3.32639e-08
1367 3.03714e-08
1368 2.77225e-08
1369 2.52975e-08
1370 2.30781e-08
1371 2.10474e-08
1372 1.919e-08
1373 1.74915e-08
1374 1.59388e-08
1375 1.45198e-08
1376 1.32234e-08
1377 1.20393e-08
1378 1.09582e-08
1379 9.97129e-09
1380 9.0707e-09
1381 8.24911e-09
1382 7.49981e-09
1383 6.81664e-09
1384 6.19395e-09
1385 5.62654e-09
1386 5.10966e-09
1387 4.63895e-09
1388 4.21041e-09
1389 3.82037e-09
1390 3.46548e-09
1391 3.14267e-09
1392 2.84912e-09
1393 2.58226e-09
1394 2.33973e-09
1395 2.11938e-09
1396 1.91924e-09
1397 1.73751e-09
1398 1.57254e-09
1399 1.42283e-09
1400 1.28701e-09
1401 1.16382e-09
1402 1.05213e-09
1403 9.50888e-10
1404 8.59146e-10
1405 7.76036e-10
1406 7.00767e-10
1407 6.32621e-10
1408 5.7094e-10
1409 5.15128e-10
1410 4.64641e-10
1411 4.18984e-10
1412 3.77707e-10
1413 3.40401e-10
1414 3.06693e-10
1415 2.76246e-10
1416 2.48751e-10
1417 2.2393e-10
1418 2.0153e-10
1419 1.81319e-10
1420 1.63089e-10
1421 1.46652e-10
1422 1.31834e-10
1423 1.1848e-10
1424 1.06449e-10
1425 9.56134e-11
1426 8.58566e-11
1427 7.70741e-11
1428 6.91706e-11
1429 6.20604e-11
1430 5.56656e-11
1431 4.99159e-11
1432 4.47477e-11
1433 4.01035e-11
1434 3.59314e-11
1435 3.21844e-11
1436 2.88203e-11
1437 2.58006e-11
1438 2.3091e-11
1439 2.06603e-11
1440 1.84804e-11
1441 1.65259e-11
1442 1.47741e-11
1443 1.32044e-11
1444 1.17982e-11
1445 1.05389e-11
1446 9.41145e-12
1447 8.40232e-12
1448 7.49935e-12
1449 6.69159e-12
1450 5.96922e-12
1451 5.32338e-12
1452 4.74613e-12
1453 4.23033e-12
1454 3.76956e-12
1455 3.35807e-12
1456 2.99069e-12
1457 2.66278e-12
1458 2.37019e-12
1459 2.10918e-12
1460 1.8764e-12
1461 1.66887e-12
1462 1.48389e-12
1463 1.31905e-12
1464 1.17222e-12
1465 1.04144e-12
1466 9.25013e-13
1467 8.21378e-13
1468 7.29158e-13
1469 6.47118e-13
1470 5.74155e-13
1471 5.09282e-13
1472 4.51618e-13
1473 4.00375e-13
1474 3.54852e-13
1475 3.14421e-13
1476 2.78522e-13
1477 2.46655e-13
1478 2.18376e-13
1479 1.93287e-13
1480 1.71035e-13
1481 1.51305e-13
1482 1.33814e-13
1483 1.18314e-13
1484 1.04581e-13
1485 9.24178e-14
1486 8.16471e-14
1487 7.21124e-14
1488 6.36741e-14
1489 5.62081e-14
1490 4.96043e-14
1491 4.37646e-14
1492 3.86021e-14
1493 3.40395e-14
1494 3.00081e-14
1495 2.6447e-14
1496 2.33023e-14
1497 2.05261e-14
1498 1.80757e-14
1499 1.59136e-14
1500 1.40064e-14
1501 1.23244e-14
1502 1.08416e-14
1503 9.53454e-15
1504 8.38285e-15
1505 7.3683e-15
1506 6.4748e-15
1507 5.68812e-15
1508 4.99569e-15
1509 4.38638e-15
1510 3.85035e-15
1511 3.37892e-15
1512 2.96441e-15
1513 2.60006e-15
1514 2.27988e-15
1515 1.9986e-15
1516 1.75155e-15
1517 1.53463e-15
1518 1.34421e-15
1519 1.17711e-15
1520 1.0305e-15
1521 9.01917e-16
1522 7.89165e-16
1523 6.90324e-16
1524 6.03702e-16
1525 5.27809e-16
1526 4.61334e-16
1527 4.03125e-16
1528 3.52166e-16
1529 3.07567e-16
1530 2.68545e-16
1531 2.34412e-16
1532 2.04563e-16
1533 1.78468e-16
1534 1.5566e-16
1535 1.35732e-16
1536 1.18323e-16
1537 1.0312e-16
1538 8.98469e-17
1539 7.82616e-17
1540 6.81522e-17
1541 5.93331e-17
1542 5.16416e-17
1543 4.49355e-17
1544 3.90899e-17
1545 3.39959e-17
1546 2.9558e-17
1547 2.56927e-17
1548 2.2327e-17
1549 1.93972e-17
1550 1.68474e-17
1551 1.4629e-17
1552 1.26994e-17
1553 1.10215e-17
1554 9.56276e-18
1555 8.29495e-18
1556 7.19335e-18
1557 6.23643e-18
1558 5.40541e-18
1559 4.68391e-18
1560 4.05767e-18
1561 3.51424e-18
1562 3.04281e-18
1563 2.63394e-18
1564 2.27942e-18
1565 1.97211e-18
1566 1.70579e-18
1567 1.47505e-18
1568 1.27519e-18
1569 1.10213e-18
1570 9.52314e-19
1571 8.22648e-19
1572 7.10454e-19
1573 6.13403e-19
1574 5.29473e-19
1575 4.56909e-19
1576 3.94188e-19
1577 3.39989e-19
1578 2.93167e-19
1579 2.52727e-19
1580 2.1781e-19
1581 1.87668e-19
1582 1.61656e-19
1583 1.39214e-19
1584 1.19856e-19
1585 1.03163e-19
1586 8.87719e-20
1587 7.63688e-20
1588 6.56816e-20
1589 5.64754e-20
1590 4.8547e-20
1591 4.17209e-20
1592 3.58452e-20
1593 3.07891e-20
1594 2.64393e-20
1595 2.26982e-20
1596 1.94814e-20
1597 1.67161e-20
1598 1.43396e-20
1599 1.22978e-20
1600 1.0544e-20
1601 9.03799e-21
1602 7.74505e-21
1603 6.63535e-21
1604 5.68317e-21
1605 4.86637e-21
1606 4.16588e-21
1607 3.5653e-21
1608 3.05051e-21
1609 2.60937e-21
1610 2.23145e-21
1611 1.90776e-21
1612 1.63061e-21
1613 1.39336e-21
1614 1.19032e-21
1615 1.0166e-21
1616 8.68015e-22
1617 7.40953e-22
1618 6.32326e-22
1619 5.39486e-22
1620 4.60157e-22
1621 3.92392e-22
1622 3.3452e-22
1623 2.8511e-22
1624 2.42935e-22
1625 2.06945e-22
1626 1.76242e-22
1627 1.50055e-22
1628 1.27727e-22
1629 1.08693e-22
1630 9.24718e-23
1631 7.86512e-23
1632 6.6879e-23
1633 5.68543e-23
1634 4.83199e-23
1635 4.10561e-23
1636 3.48753e-23
1637 2.96174e-23
1638 2.51458e-23
1639 2.13439e-23
1640 1.81122e-23
1641 1.53659e-23
1642 1.30327e-23
1643 1.10509e-23
1644 9.36816e-24
1645 7.93962e-24
1646 6.7272e-24
1647 5.69848e-24
1648 4.82585e-24
1649 4.08581e-24
1650 3.45838e-24
1651 2.92656e-24
1652 2.47589e-24
1653 2.0941e-24
1654 1.77073e-24
1655 1.49691e-24
1656 1.26512e-24
1657 1.06895e-24
1658 9.02971e-25
1659 7.6257e-25
1660 6.43837e-25
1661 5.43453e-25
1662 4.58605e-25
1663 3.86906e-25
1664 3.26334e-25
1665 2.75175e-25
1666 2.31978e-25
1667 1.95512e-25
1668 1.64737e-25
1669 1.38771e-25
1670 1.16868e-25
1671 9.83972e-26
1672 8.28247e-26
1673 6.9699e-26
1674 5.86385e-26
1675 4.93207e-26
1676 4.1473e-26
1677 3.48651e-26
1678 2.93025e-26
1679 2.46212e-26
1680 2.06825e-26
1681 1.73695e-26
1682 1.45834e-26
1683 1.22411e-26
1684 1.02724e-26
1685 8.61806e-27
1686 7.22833e-27
1687 6.06115e-27
1688 5.08114e-27
1689 4.2585e-27
1690 3.56813e-27
1691 2.98891e-27
1692 2.50308e-27
1693 2.09567e-27
1694 1.75413e-27
1695 1.46788e-27
1696 1.22802e-27
1697 1.02709e-27
1698 8.5882e-28
1699 7.17932e-28
1700 6.00002e-28
1701 5.01316e-28
1702 4.18753e-28
1703 3.49698e-28
1704 2.91956e-28
1705 2.43685e-28
1706 2.03344e-28
1707 1.69637e-28
1708 1.41481e-28
1709 1.17968e-28
1710 9.83379e-29
1711 8.19531e-29
1712 6.82808e-29
1713 5.68749e-29
1714 4.73622e-29
1715 3.94305e-29
1716 3.28187e-29
1717 2.73086e-29
1718 2.27179e-29
1719 1.8894e-29
1720 1.57098e-29
1721 1.30589e-29
1722 1.08526e-29
1723 9.0167e-30
1724 7.48949e-30
1725 6.21938e-30
1726 5.16335e-30
1727 4.28554e-30
1728 3.55607e-30
1729 2.95002e-30
1730 2.44664e-30
1731 2.02864e-30
1732 1.68163e-30
1733 1.39362e-30
1734 1.15465e-30
1735 9.56417e-31
1736 7.92017e-31
1737 6.5571e-31
1738 5.42725e-31
1739 4.49095e-31
1740 3.71525e-31
1741 3.07276e-31
1742 2.54073e-31
1743 2.1003e-31
1744 1.73577e-31
1745 1.43415e-31
1746 1.18465e-31
1747 9.78303e-32
1748 8.07697e-32
1749 6.66675e-32
1750 5.50136e-32
1751 4.53855e-32
1752 3.74329e-32
1753 3.08661e-32
1754 2.54448e-32
1755 2.09705e-32
1756 1.72785e-32
1757 1.4233e-32
1758 1.17212e-32
1759 9.65033e-33
1760 7.9433e-33
1761 6.53656e-33
1762 5.37759e-33
1763 4.42298e-33
1764 3.6369e-33
1765 2.98977e-33
1766 2.45716e-33
1767 2.01892e-33
1768 1.65841e-33
1769 1.36193e-33
1770 1.11817e-33
1771 9.17796e-34
1772 7.53138e-34
1773 6.17862e-34
1774 5.06753e-34
1775 4.15518e-34
1776 3.40621e-34
1777 2.79152e-34
1778 2.28717e-34
1779 1.87345e-34
1780 1.53418e-34
1781 1.25602e-34
1782 1.02802e-34
1783 8.41196e-35
1784 6.88144e-35
1785 5.62793e-35
1786 4.60156e-35
1787 3.76139e-35
1788 3.07383e-35
1789 2.51129e-35
1790 2.05117e-35
1791 1.67492e-35
1792 1.36732e-35
1793 1.11593e-35
1794 9.10519e-36
1795 7.42725e-36
1796 6.05695e-36
1797 4.93818e-36
1798 4.02501e-36
1799 3.27984e-36
1800 2.67194e-36
1801 2.17614e-36
1802 1.77188e-36
1803 1.44235e-36
1804 1.17379e-36
1805 9.54993e-37
1806 7.76777e-37
1807 6.31655e-37
1808 5.13512e-37
1809 4.17359e-37
1810 3.39121e-37
1811 2.75479e-37
1812 2.23723e-37
1813 1.81643e-37
1814 1.4744e-37
1815 1.19647e-37
1816 9.70676e-38
1817 7.87292e-38
1818 6.38388e-38
1819 5.17515e-38
1820 4.1942e-38
1821 3.39831e-38
1822 2.75275e-38
1823 2.22925e-38
1824 1.80484e-38
1825 1.46086e-38
1826 1.18213e-38
1827 9.56338e-39
1828 7.73476e-39
1829 6.25418e-39
1830 5.05573e-39
1831 4.08588e-39
1832 3.30123e-39
1833 2.66659e-39
1834 2.1534e-39
1835 1.73853e-39
1836 1.40323e-39
1837 1.1323e-39
1838 9.13454e-40
1839 7.36714e-40
1840 5.94018e-40
1841 4.78838e-40
1842 3.85892e-40
1843 3.10908e-40
1844 2.5043e-40
1845 2.01664e-40
1846 1.62352e-40
1847 1.3067e-40
1848 1.05143e-40
1849 8.4581e-41
1850 6.80225e-41
1851 5.46914e-41
1852 4.39615e-41
1853 3.53275e-41
1854 2.83818e-41
1855 2.27957e-41
1856 1.83042e-41
1857 1.46938e-41
1858 1.17925e-41
1859 9.46151e-42
1860 7.58928e-42
1861 6.08591e-42
1862 4.87905e-42
1863 3.91047e-42
1864 3.13334e-42
1865 2.50997e-42
1866 2.01008e-42
1867 1.60932e-42
1868 1.28811e-42
1869 1.03074e-42
1870 8.24564e-43
1871 6.59452e-43
1872 5.2726e-43
1873 4.21451e-43
1874 3.36784e-43
1875 2.69053e-43
1876 2.14884e-43
1877 1.71574e-43
1878 1.36956e-43
1879 1.09292e-43
1880 8.71924e-44
1881 6.95421e-44
1882 5.54495e-44
1883 4.42004e-44
1884 3.52237e-44
1885 2.80624e-44
1886 2.23507e-44
1887 1.77967e-44
1888 1.41666e-44
1889 1.12738e-44
1890 8.96925e-45
1891 7.13378e-45
1892 5.67234e-45
1893 4.50904e-45
1894 3.58331e-45
1895 2.84684e-45
1896 2.26111e-45
1897 1.79539e-45
1898 1.4252e-45
1899 1.13102e-45
1900 8.9731e-46
1901 7.11697e-46
1902 5.64321e-46
1903 4.47339e-46
1904 3.54509e-46
1905 2.80864e-46
1906 2.22456e-46
1907 1.76146e-46
1908 1.39437e-46
1909 1.10348e-46
1910 8.73036e-47
1911 6.90523e-47
1912 5.46015e-47
1913 4.31629e-47
1914 3.41112e-47
1915 2.69503e-47
1916 2.12868e-47
1917 1.68089e-47
1918 1.32693e-47
1919 1.04721e-47
1920 8.26239e-48
1921 6.51713e-48
1922 5.13911e-48
1923 4.05136e-48
1924 3.19297e-48
1925 2.51576e-48
1926 1.98165e-48
1927 1.5605e-48
1928 1.22852e-48
1929 9.66905e-49
1930 7.60791e-49
1931 5.98451e-49
1932 4.70623e-49
1933 3.69998e-49
1934 2.90808e-49
1935 2.28504e-49
1936 1.795e-49
1937 1.40966e-49
1938 1.10674e-49
1939 8.68673e-50
1940 6.81629e-50
1941 5.34713e-50
1942 4.19346e-50
1943 3.28779e-50
1944 2.57701e-50
1945 2.01933e-50
1946 1.58189e-50
1947 1.23886e-50
1948 9.69951e-51
1949 7.59196e-51
1950 5.94066e-51
1951 4.64722e-51
1952 3.63436e-51
1953 2.84144e-51
1954 2.22088e-51
1955 1.73534e-51
1956 1.35556e-51
1957 1.05859e-51
1958 8.2644e-52
1959 6.4501e-52
1960 5.0326e-52
1961 3.92546e-52
1962 3.06097e-52
1963 2.38615e-52
1964 1.85954e-52
1965 1.44871e-52
1966 1.1283e-52
1967 8.78485e-53
1968 6.83771e-53
1969 5.3205e-53
1970 4.13865e-53
1971 3.21831e-53
1972 2.50184e-53
1973 1.94426e-53
1974 1.51046e-53
1975 1.17307e-53
1976 9.1075e-54
1977 7.06858e-54
1978 5.48431e-54
1979 4.25372e-54
1980 3.29815e-54
1981 2.55639e-54
1982 1.98079e-54
1983 1.53427e-54
1984 1.188e-54
1985 9.19564e-55
1986 7.11537e-55
1987 5.50379e-55
1988 4.25573e-55
1989 3.28953e-55
1990 2.54179e-55
1991 1.96332e-55
1992 1.51595e-55
1993 1.1701e-55
1994 9.02825e-56
1995 6.96346e-56
1996 5.36893e-56
1997 4.13799e-56
1998 3.18808e-56
1999 2.45532e-56
2000 1.89026e-56
2001 1.4547e-56
2002 1.11907e-56
2003 8.60554e-57
2004 6.61502e-57
2005 5.08296e-57
2006 3.90421e-57
2007 2.99765e-57
2008 2.30069e-57
2009 1.76508e-57
2010 1.35362e-57
2011 1.03767e-57
2012 7.95145e-58
2013 6.09058e-58
2014 4.66332e-58
2015 3.56907e-58
2016 2.73046e-58
2017 2.08804e-58
2018 1.5961e-58
2019 1.21954e-58
2020 9.31427e-59
2021 7.11071e-59
2022 5.42608e-59
2023 4.13869e-59
2024 3.15528e-59
2025 2.40439e-59
2026 1.83127e-59
2027 1.39402e-59
2028 1.06057e-59
2029 8.06385e-60
2030 6.127e-60
2031 4.65179e-60
2032 3.52866e-60
2033 2.67394e-60
2034 2.02378e-60
2035 1.52944e-60
2036 1.15376e-60
2037 8.68415e-61
2038 6.51825e-61
2039 4.87562e-61
2040 3.63132e-61
2041 2.69041e-61
2042 1.98092e-61
2043 1.44842e-61
2044 1.05196e-61
2045 7.60952e-62
2046 5.52867e-62
2047 4.11533e-62
