0 1.63554e-24
1 1.3985e-24
2 1.19413e-24
3 1.01884e-24
4 8.69635e-25
5 7.43864e-25
6 6.39199e-25
7 5.53798e-25
8 4.86123e-25
9 4.34878e-25
10 3.99071e-25
11 3.77943e-25
12 3.71052e-25
13 3.78083e-25
14 3.99063e-25
15 4.34154e-25
16 4.83759e-25
17 5.48564e-25
18 6.29409e-25
19 7.2747e-25
20 8.44179e-25
21 9.81181e-25
22 1.14052e-24
23 1.32447e-24
24 1.53572e-24
25 1.77755e-24
26 2.05339e-24
27 2.36733e-24
28 2.72397e-24
29 3.12864e-24
30 3.58729e-24
31 4.10655e-24
32 4.69414e-24
33 5.35867e-24
34 6.10978e-24
35 6.95837e-24
36 7.91682e-24
37 8.99912e-24
38 1.02208e-23
39 1.15992e-23
40 1.31546e-23
41 1.4909e-23
42 1.68874e-23
43 1.91181e-23
44 2.16326e-23
45 2.44668e-23
46 2.76602e-23
47 3.12578e-23
48 3.53101e-23
49 3.98735e-23
50 4.5012e-23
51 5.07964e-23
52 5.73063e-23
53 6.4632e-23
54 7.28741e-23
55 8.21447e-23
56 9.25705e-23
57 1.04294e-22
58 1.17472e-22
59 1.32284e-22
60 1.4893e-22
61 1.67631e-22
62 1.88637e-22
63 2.12229e-22
64 2.38718e-22
65 2.68456e-22
66 3.01832e-22
67 3.39287e-22
68 3.81309e-22
69 4.28445e-22
70 4.81309e-22
71 5.40582e-22
72 6.07032e-22
73 6.81509e-22
74 7.64965e-22
75 8.58468e-22
76 9.63205e-22
77 1.0805e-21
78 1.21184e-21
79 1.35887e-21
80 1.52342e-21
81 1.70757e-21
82 1.9136e-21
83 2.14405e-21
84 2.40178e-21
85 2.68995e-21
86 3.01209e-21
87 3.37216e-21
88 3.77452e-21
89 4.22404e-21
90 4.72618e-21
91 5.28695e-21
92 5.9131e-21
93 6.6121e-21
94 7.39228e-21
95 8.26288e-21
96 9.2342e-21
97 1.03177e-20
98 1.1526e-20
99 1.28733e-20
100 1.43753e-20
101 1.60494e-20
102 1.79149e-20
103 1.99934e-20
104 2.23086e-20
105 2.4887e-20
106 2.77579e-20
107 3.0954e-20
108 3.45114e-20
109 3.84699e-20
110 4.28742e-20
111 4.77733e-20
112 5.32217e-20
113 5.92799e-20
114 6.60146e-20
115 7.35001e-20
116 8.18182e-20
117 9.10599e-20
118 1.01325e-19
119 1.12726e-19
120 1.25385e-19
121 1.39438e-19
122 1.55035e-19
123 1.72343e-19
124 1.91546e-19
125 2.12847e-19
126 2.3647e-19
127 2.62663e-19
128 2.91701e-19
129 3.23885e-19
130 3.59549e-19
131 3.99063e-19
132 4.42832e-19
133 4.91306e-19
134 5.44979e-19
135 6.04397e-19
136 6.70164e-19
137 7.42942e-19
138 8.23463e-19
139 9.12533e-19
140 1.01104e-18
141 1.11997e-18
142 1.24038e-18
143 1.37348e-18
144 1.52057e-18
145 1.68309e-18
146 1.86261e-18
147 2.06088e-18
148 2.27981e-18
149 2.52152e-18
150 2.78831e-18
151 3.08274e-18
152 3.4076e-18
153 3.76596e-18
154 4.16121e-18
155 4.59705e-18
156 5.07756e-18
157 5.60722e-18
158 6.19092e-18
159 6.83407e-18
160 7.54258e-18
161 8.32292e-18
162 9.18222e-18
163 1.01283e-17
164 1.11696e-17
165 1.23157e-17
166 1.35767e-17
167 1.49639e-17
168 1.64897e-17
169 1.81675e-17
170 2.00121e-17
171 2.20397e-17
172 2.42681e-17
173 2.67166e-17
174 2.94064e-17
175 3.23607e-17
176 3.56049e-17
177 3.91668e-17
178 4.30766e-17
179 4.73675e-17
180 5.20758e-17
181 5.7241e-17
182 6.29063e-17
183 6.9119e-17
184 7.59306e-17
185 8.33974e-17
186 9.15808e-17
187 1.00548e-16
188 1.10372e-16
189 1.21132e-16
190 1.32916e-16
191 1.45819e-16
192 1.59943e-16
193 1.75402e-16
194 1.92318e-16
195 2.10826e-16
196 2.31071e-16
197 2.53212e-16
198 2.77421e-16
199 3.03887e-16
200 3.32816e-16
201 3.64428e-16
202 3.98968e-16
203 4.36699e-16
204 4.77907e-16
205 5.22905e-16
206 5.72032e-16
207 6.25655e-16
208 6.84175e-16
209 7.48027e-16
210 8.17682e-16
211 8.93655e-16
212 9.765e-16
213 1.06682e-15
214 1.16528e-15
215 1.27258e-15
216 1.38949e-15
217 1.51686e-15
218 1.65559e-15
219 1.80666e-15
220 1.97113e-15
221 2.15017e-15
222 2.34503e-15
223 2.55705e-15
224 2.7877e-15
225 3.03858e-15
226 3.3114e-15
227 3.60803e-15
228 3.93048e-15
229 4.28091e-15
230 4.66171e-15
231 5.0754e-15
232 5.52474e-15
233 6.01272e-15
234 6.54255e-15
235 7.11771e-15
236 7.74196e-15
237 8.41935e-15
238 9.15427e-15
239 9.95145e-15
240 1.0816e-14
241 1.17534e-14
242 1.27697e-14
243 1.38713e-14
244 1.5065e-14
245 1.63584e-14
246 1.77595e-14
247 1.9277e-14
248 2.09202e-14
249 2.26993e-14
250 2.46251e-14
251 2.67093e-14
252 2.89646e-14
253 3.14045e-14
254 3.40435e-14
255 3.68976e-14
256 3.99835e-14
257 4.33195e-14
258 4.69251e-14
259 5.08215e-14
260 5.50312e-14
261 5.95786e-14
262 6.44899e-14
263 6.97931e-14
264 7.55185e-14
265 8.16983e-14
266 8.83675e-14
267 9.55633e-14
268 1.03326e-13
269 1.11698e-13
270 1.20726e-13
271 1.3046e-13
272 1.40952e-13
273 1.52259e-13
274 1.64442e-13
275 1.77567e-13
276 1.91703e-13
277 2.06926e-13
278 2.23315e-13
279 2.40957e-13
280 2.59943e-13
281 2.80372e-13
282 3.0235e-13
283 3.25988e-13
284 3.51409e-13
285 3.78739e-13
286 4.08118e-13
287 4.39693e-13
288 4.73622e-13
289 5.10071e-13
290 5.49223e-13
291 5.91268e-13
292 6.36413e-13
293 6.84876e-13
294 7.36892e-13
295 7.9271e-13
296 8.52598e-13
297 9.1684e-13
298 9.8574e-13
299 1.05962e-12
300 1.13883e-12
301 1.22374e-12
302 1.31474e-12
303 1.41224e-12
304 1.5167e-12
305 1.6286e-12
306 1.74843e-12
307 1.87674e-12
308 2.0141e-12
309 2.16113e-12
310 2.31848e-12
311 2.48684e-12
312 2.66695e-12
313 2.85959e-12
314 3.0656e-12
315 3.28587e-12
316 3.52134e-12
317 3.77301e-12
318 4.04194e-12
319 4.32927e-12
320 4.63619e-12
321 4.96399e-12
322 5.31401e-12
323 5.6877e-12
324 6.08656e-12
325 6.51222e-12
326 6.96638e-12
327 7.45086e-12
328 7.96759e-12
329 8.5186e-12
330 9.10605e-12
331 9.73222e-12
332 1.03995e-11
333 1.11105e-11
334 1.1868e-11
335 1.26747e-11
336 1.35337e-11
337 1.44482e-11
338 1.54217e-11
339 1.64576e-11
340 1.75598e-11
341 1.87324e-11
342 1.99795e-11
343 2.13055e-11
344 2.27154e-11
345 2.42139e-11
346 2.58065e-11
347 2.74987e-11
348 2.92963e-11
349 3.12057e-11
350 3.32332e-11
351 3.53859e-11
352 3.76711e-11
353 4.00965e-11
354 4.26702e-11
355 4.54007e-11
356 4.82972e-11
357 5.13692e-11
358 5.46267e-11
359 5.80804e-11
360 6.17414e-11
361 6.56215e-11
362 6.97332e-11
363 7.40894e-11
364 7.87041e-11
365 8.35917e-11
366 8.87675e-11
367 9.42475e-11
368 1.00049e-10
369 1.06189e-10
370 1.12687e-10
371 1.19562e-10
372 1.26835e-10
373 1.34529e-10
374 1.42664e-10
375 1.51267e-10
376 1.60361e-10
377 1.69973e-10
378 1.80132e-10
379 1.90865e-10
380 2.02203e-10
381 2.14179e-10
382 2.26826e-10
383 2.40179e-10
384 2.54274e-10
385 2.6915e-10
386 2.84848e-10
387 3.01408e-10
388 3.18875e-10
389 3.37296e-10
390 3.56717e-10
391 3.77189e-10
392 3.98765e-10
393 4.21499e-10
394 4.45448e-10
395 4.70671e-10
396 4.97232e-10
397 5.25194e-10
398 5.54626e-10
399 5.85597e-10
400 6.18182e-10
401 6.52457e-10
402 6.88502e-10
403 7.26401e-10
404 7.6624e-10
405 8.08111e-10
406 8.52106e-10
407 8.98326e-10
408 9.46872e-10
409 9.97852e-10
410 1.05138e-09
411 1.10756e-09
412 1.16653e-09
413 1.22841e-09
414 1.29333e-09
415 1.36142e-09
416 1.43284e-09
417 1.50773e-09
418 1.58624e-09
419 1.66854e-09
420 1.7548e-09
421 1.84519e-09
422 1.93989e-09
423 2.03911e-09
424 2.14303e-09
425 2.25187e-09
426 2.36583e-09
427 2.48516e-09
428 2.61008e-09
429 2.74083e-09
430 2.87767e-09
431 3.02087e-09
432 3.17069e-09
433 3.32743e-09
434 3.49138e-09
435 3.66285e-09
436 3.84217e-09
437 4.02965e-09
438 4.22565e-09
439 4.43051e-09
440 4.64463e-09
441 4.86836e-09
442 5.10211e-09
443 5.34629e-09
444 5.60132e-09
445 5.86763e-09
446 6.14568e-09
447 6.43593e-09
448 6.73884e-09
449 7.05493e-09
450 7.38468e-09
451 7.72862e-09
452 8.08729e-09
453 8.46123e-09
454 8.851e-09
455 9.25718e-09
456 9.68035e-09
457 1.01211e-08
458 1.05801e-08
459 1.1058e-08
460 1.15554e-08
461 1.20729e-08
462 1.26113e-08
463 1.31712e-08
464 1.37534e-08
465 1.43585e-08
466 1.49874e-08
467 1.56407e-08
468 1.63193e-08
469 1.70239e-08
470 1.77553e-08
471 1.85144e-08
472 1.9302e-08
473 2.0119e-08
474 2.09663e-08
475 2.18447e-08
476 2.27553e-08
477 2.36989e-08
478 2.46766e-08
479 2.56894e-08
480 2.67384e-08
481 2.78245e-08
482 2.8949e-08
483 3.0113e-08
484 3.13176e-08
485 3.25641e-08
486 3.38539e-08
487 3.51881e-08
488 3.65682e-08
489 3.79955e-08
490 3.94717e-08
491 4.0998e-08
492 4.25763e-08
493 4.4208e-08
494 4.5895e-08
495 4.76389e-08
496 4.94415e-08
497 5.13049e-08
498 5.32309e-08
499 5.52216e-08
500 5.7279e-08
501 5.94054e-08
502 6.16029e-08
503 6.38739e-08
504 6.62208e-08
505 6.8646e-08
506 7.11519e-08
507 7.37413e-08
508 7.64166e-08
509 7.91806e-08
510 8.20361e-08
511 8.49858e-08
512 8.80325e-08
513 9.11791e-08
514 9.44285e-08
515 9.77836e-08
516 1.01247e-07
517 1.04823e-07
518 1.08513e-07
519 1.1232e-07
520 1.16248e-07
521 1.203e-07
522 1.24477e-07
523 1.28783e-07
524 1.33222e-07
525 1.37794e-07
526 1.42504e-07
527 1.47354e-07
528 1.52345e-07
529 1.57481e-07
530 1.62763e-07
531 1.68194e-07
532 1.73776e-07
533 1.7951e-07
534 1.85398e-07
535 1.91442e-07
536 1.97643e-07
537 2.04002e-07
538 2.1052e-07
539 2.17198e-07
540 2.24038e-07
541 2.31038e-07
542 2.38201e-07
543 2.45526e-07
544 2.53013e-07
545 2.60662e-07
546 2.68474e-07
547 2.76448e-07
548 2.84583e-07
549 2.92881e-07
550 3.0134e-07
551 3.09959e-07
552 3.1874e-07
553 3.2768e-07
554 3.36781e-07
555 3.46043e-07
556 3.55464e-07
557 3.65046e-07
558 3.74788e-07
559 3.84693e-07
560 3.94759e-07
561 4.0499e-07
562 4.15385e-07
563 4.25949e-07
564 4.36682e-07
565 4.47588e-07
566 4.5867e-07
567 4.69932e-07
568 4.81379e-07
569 4.93015e-07
570 5.04847e-07
571 5.16881e-07
572 5.29123e-07
573 5.41582e-07
574 5.54266e-07
575 5.67183e-07
576 5.80344e-07
577 5.93759e-07
578 6.07439e-07
579 6.21395e-07
580 6.3564e-07
581 6.50188e-07
582 6.6505e-07
583 6.80243e-07
584 6.95778e-07
585 7.11673e-07
586 7.27942e-07
587 7.44599e-07
588 7.61662e-07
589 7.79146e-07
590 7.97065e-07
591 8.15437e-07
592 8.34275e-07
593 8.53596e-07
594 8.73414e-07
595 8.93743e-07
596 9.14595e-07
597 9.35984e-07
598 9.57921e-07
599 9.80416e-07
600 1.00348e-06
601 1.02711e-06
602 1.05133e-06
603 1.07613e-06
604 1.10152e-06
605 1.1275e-06
606 1.15407e-06
607 1.18122e-06
608 1.20894e-06
609 1.23724e-06
610 1.26609e-06
611 1.29548e-06
612 1.3254e-06
613 1.35583e-06
614 1.38674e-06
615 1.41812e-06
616 1.44993e-06
617 1.48214e-06
618 1.51471e-06
619 1.54762e-06
620 1.58082e-06
621 1.61427e-06
622 1.64792e-06
623 1.68174e-06
624 1.71565e-06
625 1.74962e-06
626 1.7836e-06
627 1.81751e-06
628 1.85131e-06
629 1.88493e-06
630 1.91832e-06
631 1.95141e-06
632 1.98414e-06
633 2.01645e-06
634 2.04826e-06
635 2.07953e-06
636 2.11019e-06
637 2.14017e-06
638 2.16942e-06
639 2.19787e-06
640 2.22548e-06
641 2.25218e-06
642 2.27794e-06
643 2.30269e-06
644 2.32641e-06
645 2.34904e-06
646 2.37056e-06
647 2.39093e-06
648 2.41013e-06
649 2.42815e-06
650 2.44497e-06
651 2.46059e-06
652 2.47501e-06
653 2.48823e-06
654 2.50028e-06
655 2.51118e-06
656 2.52095e-06
657 2.52965e-06
658 2.53731e-06
659 2.54399e-06
660 2.54977e-06
661 2.5547e-06
662 2.55888e-06
663 2.5624e-06
664 2.56535e-06
665 2.56783e-06
666 2.56997e-06
667 2.57189e-06
668 2.57372e-06
669 2.57559e-06
670 2.57764e-06
671 2.58003e-06
672 2.58292e-06
673 2.58646e-06
674 2.59082e-06
675 2.59618e-06
676 2.60269e-06
677 2.61055e-06
678 2.61993e-06
679 2.631e-06
680 2.64395e-06
681 2.65897e-06
682 2.67621e-06
683 2.69587e-06
684 2.71812e-06
685 2.74312e-06
686 2.77105e-06
687 2.80205e-06
688 2.83628e-06
689 2.87389e-06
690 2.915e-06
691 2.95975e-06
692 3.00826e-06
693 3.06061e-06
694 3.11691e-06
695 3.17724e-06
696 3.24165e-06
697 3.3102e-06
698 3.38292e-06
699 3.45983e-06
700 3.54093e-06
701 3.6262e-06
702 3.71561e-06
703 3.80911e-06
704 3.90661e-06
705 4.00804e-06
706 4.11328e-06
707 4.22219e-06
708 4.33464e-06
709 4.45045e-06
710 4.56942e-06
711 4.69135e-06
712 4.81602e-06
713 4.94316e-06
714 5.07253e-06
715 5.20382e-06
716 5.33675e-06
717 5.47098e-06
718 5.60619e-06
719 5.74202e-06
720 5.87811e-06
721 6.01408e-06
722 6.14954e-06
723 6.28408e-06
724 6.4173e-06
725 6.54877e-06
726 6.67807e-06
727 6.80475e-06
728 6.92839e-06
729 7.04854e-06
730 7.16476e-06
731 7.27661e-06
732 7.38364e-06
733 7.48542e-06
734 7.58152e-06
735 7.67151e-06
736 7.75499e-06
737 7.83154e-06
738 7.90078e-06
739 7.96233e-06
740 8.01582e-06
741 8.06092e-06
742 8.09729e-06
743 8.12465e-06
744 8.1427e-06
745 8.1512e-06
746 8.1499e-06
747 8.13862e-06
748 8.11718e-06
749 8.08544e-06
750 8.04328e-06
751 7.99062e-06
752 7.92743e-06
753 7.85369e-06
754 7.76943e-06
755 7.67471e-06
756 7.56964e-06
757 7.45435e-06
758 7.32902e-06
759 7.19386e-06
760 7.04915e-06
761 6.89516e-06
762 6.73224e-06
763 6.56077e-06
764 6.38116e-06
765 6.19386e-06
766 5.99938e-06
767 5.79825e-06
768 5.59103e-06
769 5.37834e-06
770 5.16082e-06
771 4.93917e-06
772 4.71408e-06
773 4.48633e-06
774 4.25668e-06
775 4.02596e-06
776 3.79501e-06
777 3.5647e-06
778 3.33594e-06
779 3.10964e-06
780 2.88677e-06
781 2.66829e-06
782 2.45519e-06
783 2.24849e-06
784 2.0492e-06
785 1.85838e-06
786 1.67707e-06
787 1.50633e-06
788 1.34725e-06
789 1.20089e-06
790 1.06835e-06
791 9.50695e-07
792 8.49027e-07
793 7.64424e-07
794 6.97965e-07
795 6.50726e-07
796 6.23773e-07
797 6.18163e-07
798 6.34942e-07
799 6.75142e-07
800 7.39779e-07
801 8.29856e-07
802 9.46355e-07
803 1.09024e-06
804 1.26245e-06
805 1.4639e-06
806 1.69549e-06
807 1.95809e-06
808 2.25254e-06
809 2.57966e-06
810 2.94024e-06
811 3.33502e-06
812 3.76476e-06
813 4.23013e-06
814 4.73182e-06
815 5.27045e-06
816 5.84664e-06
817 6.46095e-06
818 7.11393e-06
819 7.8061e-06
820 8.53792e-06
821 9.30986e-06
822 1.01223e-05
823 1.09757e-05
824 1.18704e-05
825 1.28066e-05
826 1.37848e-05
827 1.48052e-05
828 1.5868e-05
829 1.69735e-05
830 1.81219e-05
831 1.93133e-05
832 2.0548e-05
833 2.1826e-05
834 2.31475e-05
835 2.45127e-05
836 2.59215e-05
837 2.73742e-05
838 2.88707e-05
839 3.04112e-05
840 3.19957e-05
841 3.36243e-05
842 3.5297e-05
843 3.70139e-05
844 3.87751e-05
845 4.05806e-05
846 4.24306e-05
847 4.43251e-05
848 4.62642e-05
849 4.82481e-05
850 5.02768e-05
851 5.23505e-05
852 5.44694e-05
853 5.66338e-05
854 5.88438e-05
855 6.10996e-05
856 6.34017e-05
857 6.57502e-05
858 6.81456e-05
859 7.05883e-05
860 7.30786e-05
861 7.56171e-05
862 7.82043e-05
863 8.08408e-05
864 8.35271e-05
865 8.6264e-05
866 8.90521e-05
867 9.18923e-05
868 9.47853e-05
869 9.77321e-05
870 0.000100734
871 0.000103791
872 0.000106905
873 0.000110077
874 0.000113308
875 0.000116599
876 0.000119952
877 0.000123369
878 0.000126849
879 0.000130396
880 0.000134011
881 0.000137695
882 0.000141451
883 0.000145279
884 0.000149182
885 0.000153163
886 0.000157222
887 0.000161363
888 0.000165586
889 0.000169896
890 0.000174293
891 0.000178781
892 0.000183362
893 0.000188039
894 0.000192813
895 0.000197689
896 0.000202669
897 0.000207755
898 0.000212951
899 0.00021826
900 0.000223685
901 0.000229229
902 0.000234895
903 0.000240687
904 0.000246609
905 0.000252663
906 0.000258853
907 0.000265183
908 0.000271657
909 0.000278279
910 0.000285052
911 0.00029198
912 0.000299067
913 0.000306317
914 0.000313735
915 0.000321324
916 0.00032909
917 0.000337035
918 0.000345165
919 0.000353483
920 0.000361996
921 0.000370706
922 0.000379618
923 0.000388738
924 0.00039807
925 0.000407618
926 0.000417388
927 0.000427385
928 0.000437612
929 0.000448076
930 0.000458781
931 0.000469732
932 0.000480935
933 0.000492394
934 0.000504115
935 0.000516102
936 0.000528362
937 0.000540899
938 0.000553719
939 0.000566827
940 0.000580229
941 0.000593929
942 0.000607934
943 0.000622249
944 0.000636879
945 0.00065183
946 0.000667107
947 0.000682717
948 0.000698664
949 0.000714954
950 0.000731593
951 0.000748587
952 0.000765941
953 0.000783661
954 0.000801753
955 0.000820222
956 0.000839074
957 0.000858315
958 0.00087795
959 0.000897986
960 0.000918427
961 0.000939281
962 0.000960551
963 0.000982246
964 0.00100437
965 0.00102693
966 0.00104992
967 0.00107337
968 0.00109726
969 0.00112162
970 0.00114644
971 0.00117172
972 0.00119748
973 0.00122372
974 0.00125045
975 0.00127766
976 0.00130538
977 0.0013336
978 0.00136232
979 0.00139156
980 0.00142131
981 0.00145159
982 0.0014824
983 0.00151375
984 0.00154563
985 0.00157806
986 0.00161104
987 0.00164457
988 0.00167867
989 0.00171333
990 0.00174856
991 0.00178436
992 0.00182075
993 0.00185772
994 0.00189528
995 0.00193343
996 0.00197218
997 0.00201153
998 0.0020515
999 0.00209207
1000 0.00213326
1001 0.00217506
1002 0.00221749
1003 0.00226055
1004 0.00230424
1005 0.00234856
1006 0.00239353
1007 0.00243913
1008 0.00248538
1009 0.00253228
1010 0.00257983
1011 0.00262803
1012 0.00267689
1013 0.00272641
1014 0.0027766
1015 0.00282744
1016 0.00287896
1017 0.00293115
1018 0.002984
1019 0.00303753
1020 0.00309174
1021 0.00314662
1022 0.00320218
1023 0.00325842
1024 0.00331534
1025 0.00337294
1026 0.00343123
1027 0.00349019
1028 0.00354984
1029 0.00361017
1030 0.00367119
1031 0.00373288
1032 0.00379526
1033 0.00385833
1034 0.00392207
1035 0.00398649
1036 0.0040516
1037 0.00411737
1038 0.00418383
1039 0.00425096
1040 0.00431876
1041 0.00438723
1042 0.00445637
1043 0.00452617
1044 0.00459664
1045 0.00466776
1046 0.00473954
1047 0.00481196
1048 0.00488504
1049 0.00495876
1050 0.00503312
1051 0.00510811
1052 0.00518373
1053 0.00525997
1054 0.00533683
1055 0.00541431
1056 0.00549239
1057 0.00557107
1058 0.00565035
1059 0.00573021
1060 0.00581066
1061 0.00589167
1062 0.00597326
1063 0.0060554
1064 0.00613809
1065 0.00622132
1066 0.00630508
1067 0.00638937
1068 0.00647417
1069 0.00655948
1070 0.00664528
1071 0.00673157
1072 0.00681833
1073 0.00690556
1074 0.00699324
1075 0.00708137
1076 0.00716992
1077 0.0072589
1078 0.00734828
1079 0.00743806
1080 0.00752822
1081 0.00761875
1082 0.00770963
1083 0.00780086
1084 0.00789242
1085 0.0079843
1086 0.00807648
1087 0.00816894
1088 0.00826168
1089 0.00835468
1090 0.00844792
1091 0.00854139
1092 0.00863507
1093 0.00872894
1094 0.008823
1095 0.00891721
1096 0.00901158
1097 0.00910607
1098 0.00920068
1099 0.00929538
1100 0.00939016
1101 0.009485
1102 0.00957988
1103 0.00967479
1104 0.0097697
1105 0.0098646
1106 0.00995946
1107 0.0100543
1108 0.010149
1109 0.0102437
1110 0.0103382
1111 0.0104326
1112 0.0105269
1113 0.010621
1114 0.0107149
1115 0.0108086
1116 0.0109021
1117 0.0109953
1118 0.0110883
1119 0.0111809
1120 0.0112733
1121 0.0113653
1122 0.0114569
1123 0.0115482
1124 0.0116391
1125 0.0117295
1126 0.0118196
1127 0.0119091
1128 0.0119982
1129 0.0120868
1130 0.0121748
1131 0.0122623
1132 0.0123492
1133 0.0124356
1134 0.0125213
1135 0.0126064
1136 0.0126908
1137 0.0127746
1138 0.0128576
1139 0.01294
1140 0.0130215
1141 0.0131024
1142 0.0131824
1143 0.0132616
1144 0.01334
1145 0.0134176
1146 0.0134943
1147 0.0135701
1148 0.013645
1149 0.0137189
1150 0.0137919
1151 0.0138639
1152 0.0139349
1153 0.014005
1154 0.0140739
1155 0.0141419
1156 0.0142087
1157 0.0142745
1158 0.0143391
1159 0.0144027
1160 0.014465
1161 0.0145262
1162 0.0145863
1163 0.0146451
1164 0.0147027
1165 0.014759
1166 0.0148142
1167 0.014868
1168 0.0149205
1169 0.0149718
1170 0.0150217
1171 0.0150703
1172 0.0151176
1173 0.0151634
1174 0.0152079
1175 0.015251
1176 0.0152927
1177 0.015333
1178 0.0153719
1179 0.0154092
1180 0.0154452
1181 0.0154796
1182 0.0155126
1183 0.0155441
1184 0.0155741
1185 0.0156026
1186 0.0156295
1187 0.0156549
1188 0.0156788
1189 0.0157011
1190 0.0157219
1191 0.0157411
1192 0.0157587
1193 0.0157747
1194 0.0157892
1195 0.015802
1196 0.0158133
1197 0.0158229
1198 0.0158309
1199 0.0158374
1200 0.0158422
1201 0.0158454
1202 0.0158469
1203 0.0158469
1204 0.0158452
1205 0.0158419
1206 0.0158369
1207 0.0158304
1208 0.0158222
1209 0.0158124
1210 0.0158009
1211 0.0157878
1212 0.0157731
1213 0.0157568
1214 0.0157389
1215 0.0157193
1216 0.0156982
1217 0.0156754
1218 0.0156511
1219 0.0156251
1220 0.0155976
1221 0.0155685
1222 0.0155378
1223 0.0155056
1224 0.0154717
1225 0.0154364
1226 0.0153995
1227 0.0153611
1228 0.0153211
1229 0.0152796
1230 0.0152367
1231 0.0151922
1232 0.0151463
1233 0.0150989
1234 0.0150501
1235 0.0149998
1236 0.0149481
1237 0.014895
1238 0.0148404
1239 0.0147845
1240 0.0147273
1241 0.0146687
1242 0.0146087
1243 0.0145474
1244 0.0144848
1245 0.014421
1246 0.0143558
1247 0.0142895
1248 0.0142218
1249 0.014153
1250 0.014083
1251 0.0140118
1252 0.0139394
1253 0.0138659
1254 0.0137913
1255 0.0137155
1256 0.0136387
1257 0.0135609
1258 0.013482
1259 0.0134021
1260 0.0133212
1261 0.0132393
1262 0.0131565
1263 0.0130728
1264 0.0129881
1265 0.0129026
1266 0.0128162
1267 0.012729
1268 0.012641
1269 0.0125522
1270 0.0124626
1271 0.0123722
1272 0.0122812
1273 0.0121895
1274 0.0120971
1275 0.012004
1276 0.0119103
1277 0.0118161
1278 0.0117212
1279 0.0116258
1280 0.0115299
1281 0.0114335
1282 0.0113366
1283 0.0112393
1284 0.0111415
1285 0.0110433
1286 0.0109448
1287 0.0108459
1288 0.0107467
1289 0.0106471
1290 0.0105473
1291 0.0104472
1292 0.0103469
1293 0.0102464
1294 0.0101457
1295 0.0100448
1296 0.00994385
1297 0.00984273
1298 0.00974153
1299 0.00964025
1300 0.00953893
1301 0.00943759
1302 0.00933624
1303 0.00923492
1304 0.00913364
1305 0.00903243
1306 0.0089313
1307 0.00883028
1308 0.00872939
1309 0.00862865
1310 0.00852808
1311 0.0084277
1312 0.00832753
1313 0.0082276
1314 0.00812791
1315 0.00802849
1316 0.00792937
1317 0.00783055
1318 0.00773205
1319 0.0076339
1320 0.00753611
1321 0.0074387
1322 0.00734168
1323 0.00724507
1324 0.0071489
1325 0.00705317
1326 0.00695789
1327 0.0068631
1328 0.00676879
1329 0.00667499
1330 0.00658171
1331 0.00648896
1332 0.00639676
1333 0.00630511
1334 0.00621404
1335 0.00612356
1336 0.00603367
1337 0.00594439
1338 0.00585573
1339 0.0057677
1340 0.00568032
1341 0.00559358
1342 0.00550751
1343 0.00542211
1344 0.00533739
1345 0.00525336
1346 0.00517003
1347 0.00508741
1348 0.0050055
1349 0.00492431
1350 0.00484384
1351 0.00476412
1352 0.00468513
1353 0.00460689
1354 0.00452941
1355 0.00445268
1356 0.00437672
1357 0.00430153
1358 0.00422711
1359 0.00415346
1360 0.0040806
1361 0.00400852
1362 0.00393722
1363 0.00386672
1364 0.00379701
1365 0.00372809
1366 0.00365997
1367 0.00359264
1368 0.00352612
1369 0.00346039
1370 0.00339547
1371 0.00333135
1372 0.00326802
1373 0.0032055
1374 0.00314378
1375 0.00308286
1376 0.00302274
1377 0.00296342
1378 0.00290489
1379 0.00284716
1380 0.00279023
1381 0.00273408
1382 0.00267872
1383 0.00262415
1384 0.00257037
1385 0.00251736
1386 0.00246513
1387 0.00241368
1388 0.002363
1389 0.00231308
1390 0.00226393
1391 0.00221554
1392 0.0021679
1393 0.00212101
1394 0.00207487
1395 0.00202947
1396 0.0019848
1397 0.00194087
1398 0.00189766
1399 0.00185518
1400 0.0018134
1401 0.00177234
1402 0.00173198
1403 0.00169232
1404 0.00165335
1405 0.00161507
1406 0.00157747
1407 0.00154054
1408 0.00150428
1409 0.00146867
1410 0.00143372
1411 0.00139942
1412 0.00136576
1413 0.00133273
1414 0.00130033
1415 0.00126855
1416 0.00123739
1417 0.00120682
1418 0.00117686
1419 0.00114749
1420 0.0011187
1421 0.00109049
1422 0.00106285
1423 0.00103577
1424 0.00100925
1425 0.000983272
1426 0.000957837
1427 0.000932935
1428 0.000908558
1429 0.0008847
1430 0.000861353
1431 0.000838509
1432 0.000816162
1433 0.000794302
1434 0.000772925
1435 0.000752021
1436 0.000731583
1437 0.000711605
1438 0.000692079
1439 0.000672997
1440 0.000654352
1441 0.000636138
1442 0.000618347
1443 0.000600971
1444 0.000584005
1445 0.000567439
1446 0.000551269
1447 0.000535486
1448 0.000520084
1449 0.000505055
1450 0.000490394
1451 0.000476092
1452 0.000462145
1453 0.000448544
1454 0.000435283
1455 0.000422356
1456 0.000409757
1457 0.000397478
1458 0.000385514
1459 0.000373858
1460 0.000362504
1461 0.000351447
1462 0.000340679
1463 0.000330195
1464 0.000319988
1465 0.000310054
1466 0.000300387
1467 0.00029098
1468 0.000281828
1469 0.000272926
1470 0.000264267
1471 0.000255848
1472 0.000247661
1473 0.000239703
1474 0.000231968
1475 0.00022445
1476 0.000217146
1477 0.000210049
1478 0.000203156
1479 0.00019646
1480 0.000189959
1481 0.000183646
1482 0.000177518
1483 0.000171569
1484 0.000165797
1485 0.000160195
1486 0.000154761
1487 0.000149489
1488 0.000144377
1489 0.000139419
1490 0.000134612
1491 0.000129952
1492 0.000125435
1493 0.000121058
1494 0.000116817
1495 0.000112707
1496 0.000108727
1497 0.000104872
1498 0.000101139
1499 9.75249e-05
1500 9.40261e-05
1501 9.06396e-05
1502 8.73624e-05
1503 8.41914e-05
1504 8.11236e-05
1505 7.81562e-05
1506 7.52863e-05
1507 7.25112e-05
1508 6.98281e-05
1509 6.72345e-05
1510 6.47277e-05
1511 6.23052e-05
1512 5.99646e-05
1513 5.77033e-05
1514 5.55192e-05
1515 5.34099e-05
1516 5.13731e-05
1517 4.94067e-05
1518 4.75085e-05
1519 4.56766e-05
1520 4.39087e-05
1521 4.2203e-05
1522 4.05576e-05
1523 3.89705e-05
1524 3.74399e-05
1525 3.59642e-05
1526 3.45414e-05
1527 3.317e-05
1528 3.18483e-05
1529 3.05746e-05
1530 2.93476e-05
1531 2.81655e-05
1532 2.7027e-05
1533 2.59307e-05
1534 2.48751e-05
1535 2.38588e-05
1536 2.28807e-05
1537 2.19393e-05
1538 2.10335e-05
1539 2.01621e-05
1540 1.93238e-05
1541 1.85176e-05
1542 1.77424e-05
1543 1.6997e-05
1544 1.62805e-05
1545 1.55918e-05
1546 1.49299e-05
1547 1.4294e-05
1548 1.36831e-05
1549 1.30963e-05
1550 1.25328e-05
1551 1.19917e-05
1552 1.14721e-05
1553 1.09735e-05
1554 1.04948e-05
1555 1.00355e-05
1556 9.59488e-06
1557 9.17216e-06
1558 8.76672e-06
1559 8.3779e-06
1560 8.0051e-06
1561 7.6477e-06
1562 7.30513e-06
1563 6.97683e-06
1564 6.66225e-06
1565 6.36087e-06
1566 6.07218e-06
1567 5.79569e-06
1568 5.53093e-06
1569 5.27745e-06
1570 5.0348e-06
1571 4.80256e-06
1572 4.58031e-06
1573 4.36767e-06
1574 4.16425e-06
1575 3.96969e-06
1576 3.78362e-06
1577 3.60571e-06
1578 3.43563e-06
1579 3.27305e-06
1580 3.11768e-06
1581 2.96922e-06
1582 2.82738e-06
1583 2.6919e-06
1584 2.5625e-06
1585 2.43894e-06
1586 2.32097e-06
1587 2.20836e-06
1588 2.10088e-06
1589 1.99832e-06
1590 1.90046e-06
1591 1.80711e-06
1592 1.71807e-06
1593 1.63316e-06
1594 1.5522e-06
1595 1.47501e-06
1596 1.40145e-06
1597 1.33134e-06
1598 1.26453e-06
1599 1.20089e-06
1600 1.14027e-06
1601 1.08254e-06
1602 1.02756e-06
1603 9.75222e-07
1604 9.25401e-07
1605 8.77984e-07
1606 8.32863e-07
1607 7.89935e-07
1608 7.49099e-07
1609 7.10259e-07
1610 6.73326e-07
1611 6.3821e-07
1612 6.04828e-07
1613 5.731e-07
1614 5.42948e-07
1615 5.143e-07
1616 4.87084e-07
1617 4.61234e-07
1618 4.36686e-07
1619 4.13377e-07
1620 3.91248e-07
1621 3.70244e-07
1622 3.50311e-07
1623 3.31397e-07
1624 3.13453e-07
1625 2.96432e-07
1626 2.8029e-07
1627 2.64984e-07
1628 2.50473e-07
1629 2.36717e-07
1630 2.23681e-07
1631 2.11328e-07
1632 1.99624e-07
1633 1.88538e-07
1634 1.78038e-07
1635 1.68095e-07
1636 1.58681e-07
1637 1.4977e-07
1638 1.41336e-07
1639 1.33355e-07
1640 1.25804e-07
1641 1.18661e-07
1642 1.11905e-07
1643 1.05517e-07
1644 9.94761e-08
1645 9.37659e-08
1646 8.83689e-08
1647 8.32687e-08
1648 7.84498e-08
1649 7.38976e-08
1650 6.9598e-08
1651 6.55376e-08
1652 6.17039e-08
1653 5.80847e-08
1654 5.46687e-08
1655 5.14451e-08
1656 4.84035e-08
1657 4.55341e-08
1658 4.28276e-08
1659 4.02753e-08
1660 3.78688e-08
1661 3.56001e-08
1662 3.34617e-08
1663 3.14465e-08
1664 2.95477e-08
1665 2.77589e-08
1666 2.6074e-08
1667 2.44873e-08
1668 2.29933e-08
1669 2.15868e-08
1670 2.02629e-08
1671 1.9017e-08
1672 1.78447e-08
1673 1.67418e-08
1674 1.57045e-08
1675 1.47289e-08
1676 1.38116e-08
1677 1.29493e-08
1678 1.21387e-08
1679 1.1377e-08
1680 1.06612e-08
1681 9.98877e-09
1682 9.35717e-09
1683 8.76402e-09
1684 8.20707e-09
1685 7.68421e-09
1686 7.19343e-09
1687 6.73286e-09
1688 6.30069e-09
1689 5.89527e-09
1690 5.51498e-09
1691 5.15835e-09
1692 4.82395e-09
1693 4.51046e-09
1694 4.21663e-09
1695 3.94125e-09
1696 3.68323e-09
1697 3.44151e-09
1698 3.21511e-09
1699 3.00308e-09
1700 2.80455e-09
1701 2.6187e-09
1702 2.44474e-09
1703 2.28194e-09
1704 2.12962e-09
1705 1.98712e-09
1706 1.85384e-09
1707 1.7292e-09
1708 1.61266e-09
1709 1.50372e-09
1710 1.40189e-09
1711 1.30673e-09
1712 1.21782e-09
1713 1.13476e-09
1714 1.05719e-09
1715 9.84744e-10
1716 9.17105e-10
1717 8.53965e-10
1718 7.95033e-10
1719 7.40039e-10
1720 6.8873e-10
1721 6.40866e-10
1722 5.96225e-10
1723 5.54597e-10
1724 5.15785e-10
1725 4.79606e-10
1726 4.45887e-10
1727 4.14466e-10
1728 3.85192e-10
1729 3.57923e-10
1730 3.32526e-10
1731 3.08877e-10
1732 2.8686e-10
1733 2.66366e-10
1734 2.47292e-10
1735 2.29544e-10
1736 2.13032e-10
1737 1.97674e-10
1738 1.8339e-10
1739 1.70109e-10
1740 1.57761e-10
1741 1.46284e-10
1742 1.35619e-10
1743 1.25708e-10
1744 1.16502e-10
1745 1.0795e-10
1746 1.00009e-10
1747 9.26351e-11
1748 8.579e-11
1749 7.94366e-11
1750 7.35407e-11
1751 6.80704e-11
1752 6.29958e-11
1753 5.82892e-11
1754 5.39247e-11
1755 4.98781e-11
1756 4.6127e-11
1757 4.26504e-11
1758 3.94288e-11
1759 3.64441e-11
1760 3.36793e-11
1761 3.11187e-11
1762 2.87477e-11
1763 2.65526e-11
1764 2.45208e-11
1765 2.26403e-11
1766 2.09004e-11
1767 1.92907e-11
1768 1.78018e-11
1769 1.64249e-11
1770 1.51518e-11
1771 1.39748e-11
1772 1.2887e-11
1773 1.18817e-11
1774 1.09529e-11
1775 1.00948e-11
1776 9.30236e-12
1777 8.57055e-12
1778 7.89489e-12
1779 7.27119e-12
1780 6.69556e-12
1781 6.16439e-12
1782 5.67434e-12
1783 5.22231e-12
1784 4.80542e-12
1785 4.42101e-12
1786 4.06662e-12
1787 3.73996e-12
1788 3.43892e-12
1789 3.16154e-12
1790 2.90601e-12
1791 2.67065e-12
1792 2.45391e-12
1793 2.25435e-12
1794 2.07064e-12
1795 1.90156e-12
1796 1.74597e-12
1797 1.60282e-12
1798 1.47114e-12
1799 1.35003e-12
1800 1.23867e-12
1801 1.13628e-12
1802 1.04217e-12
1803 9.55686e-13
1804 8.76215e-13
1805 8.03206e-13
1806 7.36146e-13
1807 6.74562e-13
1808 6.18018e-13
1809 5.6611e-13
1810 5.18467e-13
1811 4.74747e-13
1812 4.34634e-13
1813 3.97838e-13
1814 3.6409e-13
1815 3.33144e-13
1816 3.04773e-13
1817 2.78766e-13
1818 2.54933e-13
1819 2.33094e-13
1820 2.13087e-13
1821 1.94761e-13
1822 1.77979e-13
1823 1.62613e-13
1824 1.48546e-13
1825 1.35671e-13
1826 1.2389e-13
1827 1.1311e-13
1828 1.0325e-13
1829 9.42316e-14
1830 8.59852e-14
1831 7.8446e-14
1832 7.15547e-14
1833 6.52567e-14
1834 5.95021e-14
1835 5.42449e-14
1836 4.94431e-14
1837 4.5058e-14
1838 4.10543e-14
1839 3.73994e-14
1840 3.40635e-14
1841 3.10195e-14
1842 2.82423e-14
1843 2.57089e-14
1844 2.33985e-14
1845 2.12918e-14
1846 1.93711e-14
1847 1.76204e-14
1848 1.6025e-14
1849 1.45713e-14
1850 1.32471e-14
1851 1.20409e-14
1852 1.09426e-14
1853 9.94254e-15
1854 9.03223e-15
1855 8.20373e-15
1856 7.44985e-15
1857 6.76398e-15
1858 6.14011e-15
1859 5.57275e-15
1860 5.05686e-15
1861 4.58788e-15
1862 4.16162e-15
1863 3.77425e-15
1864 3.4223e-15
1865 3.10259e-15
1866 2.81223e-15
1867 2.54856e-15
1868 2.30918e-15
1869 2.09189e-15
1870 1.89469e-15
1871 1.71576e-15
1872 1.55344e-15
1873 1.40621e-15
1874 1.2727e-15
1875 1.15164e-15
1876 1.04191e-15
1877 9.42451e-16
1878 8.52329e-16
1879 7.70679e-16
1880 6.9672e-16
1881 6.29741e-16
1882 5.69093e-16
1883 5.1419e-16
1884 4.64495e-16
1885 4.19525e-16
1886 3.78837e-16
1887 3.4203e-16
1888 3.08742e-16
1889 2.7864e-16
1890 2.51426e-16
1891 2.26827e-16
1892 2.04597e-16
1893 1.8451e-16
1894 1.66363e-16
1895 1.49974e-16
1896 1.35173e-16
1897 1.2181e-16
1898 1.09747e-16
1899 9.88598e-17
1900 8.9036e-17
1901 8.01731e-17
1902 7.21789e-17
1903 6.49694e-17
1904 5.84689e-17
1905 5.26089e-17
1906 4.73272e-17
1907 4.25677e-17
1908 3.82795e-17
1909 3.44168e-17
1910 3.0938e-17
1911 2.78056e-17
1912 2.49855e-17
1913 2.24472e-17
1914 2.01629e-17
1915 1.81076e-17
1916 1.62587e-17
1917 1.45959e-17
1918 1.31006e-17
1919 1.17562e-17
1920 1.05478e-17
1921 9.46179e-18
1922 8.48598e-18
1923 7.60936e-18
1924 6.82198e-18
1925 6.11492e-18
1926 5.48009e-18
1927 4.91022e-18
1928 4.39878e-18
1929 3.93985e-18
1930 3.52812e-18
1931 3.15882e-18
1932 2.82763e-18
1933 2.53069e-18
1934 2.26449e-18
1935 2.0259e-18
1936 1.81211e-18
1937 1.62056e-18
1938 1.44898e-18
1939 1.29532e-18
1940 1.15774e-18
1941 1.03457e-18
1942 9.24323e-19
1943 8.25667e-19
1944 7.374e-19
1945 6.58442e-19
1946 5.87825e-19
1947 5.24681e-19
1948 4.6823e-19
1949 4.17772e-19
1950 3.7268e-19
1951 3.3239e-19
1952 2.96399e-19
1953 2.64255e-19
1954 2.3555e-19
1955 2.09924e-19
1956 1.87049e-19
1957 1.66635e-19
1958 1.4842e-19
1959 1.3217e-19
1960 1.17677e-19
1961 1.04753e-19
1962 9.32302e-20
1963 8.29589e-20
1964 7.38049e-20
1965 6.56483e-20
1966 5.83818e-20
1967 5.19096e-20
1968 4.61459e-20
1969 4.10143e-20
1970 3.64462e-20
1971 3.23806e-20
1972 2.8763e-20
1973 2.55446e-20
1974 2.26819e-20
1975 2.0136e-20
1976 1.78725e-20
1977 1.58603e-20
1978 1.4072e-20
1979 1.24828e-20
1980 1.1071e-20
1981 9.81688e-21
1982 8.70318e-21
1983 7.7143e-21
1984 6.83645e-21
1985 6.05731e-21
1986 5.36592e-21
1987 4.75252e-21
1988 4.20841e-21
1989 3.72587e-21
1990 3.298e-21
1991 2.91869e-21
1992 2.58251e-21
1993 2.28459e-21
1994 2.02064e-21
1995 1.78684e-21
1996 1.57977e-21
1997 1.39642e-21
1998 1.2341e-21
1999 1.09043e-21
2000 9.63298e-22
2001 8.50811e-22
2002 7.51308e-22
2003 6.63306e-22
2004 5.85492e-22
2005 5.16701e-22
2006 4.55895e-22
2007 4.0216e-22
2008 3.54684e-22
2009 3.12746e-22
2010 2.75706e-22
2011 2.42998e-22
2012 2.14123e-22
2013 1.88636e-22
2014 1.66144e-22
2015 1.46298e-22
2016 1.28792e-22
2017 1.13352e-22
2018 9.97358e-23
2019 8.77329e-23
2020 7.71519e-23
2021 6.78278e-23
2022 5.96122e-23
2023 5.23746e-23
2024 4.60007e-23
2025 4.03876e-23
2026 3.54459e-23
2027 3.10963e-23
2028 2.72684e-23
2029 2.39007e-23
2030 2.09382e-23
2031 1.83328e-23
2032 1.60421e-23
2033 1.40283e-23
2034 1.22587e-23
2035 1.0704e-23
2036 9.33831e-24
2037 8.13928e-24
2038 7.08686e-24
2039 6.16353e-24
2040 5.35379e-24
2041 4.64407e-24
2042 4.0224e-24
2043 3.47832e-24
2044 3.00258e-24
2045 2.58705e-24
2046 2.22475e-24
2047 1.90938e-24
