0 2.21332e-32
1 1.92245e-32
2 1.68445e-32
3 1.49254e-32
4 1.34081e-32
5 1.22564e-32
6 1.14389e-32
7 1.09296e-32
8 1.07107e-32
9 1.0777e-32
10 1.11301e-32
11 1.17731e-32
12 1.27239e-32
13 1.4007e-32
14 1.56457e-32
15 1.76837e-32
16 2.01727e-32
17 2.31691e-32
18 2.67564e-32
19 3.10215e-32
20 3.60577e-32
21 4.1995e-32
22 4.899e-32
23 5.71856e-32
24 6.68023e-32
25 7.80894e-32
26 9.12824e-32
27 1.06739e-31
28 1.24805e-31
29 1.45914e-31
30 1.70597e-31
31 1.99443e-31
32 2.33147e-31
33 2.72445e-31
34 3.18323e-31
35 3.71926e-31
36 4.34413e-31
37 5.07312e-31
38 5.92437e-31
39 6.91528e-31
40 8.07039e-31
41 9.41732e-31
42 1.09863e-30
43 1.2814e-30
44 1.49429e-30
45 1.74229e-30
46 2.03076e-30
47 2.36669e-30
48 2.75754e-30
49 3.21217e-30
50 3.74122e-30
51 4.35625e-30
52 5.07118e-30
53 5.90218e-30
54 6.86847e-30
55 7.99065e-30
56 9.29416e-30
57 1.08086e-29
58 1.25663e-29
59 1.4607e-29
60 1.69757e-29
61 1.97243e-29
62 2.29127e-29
63 2.66107e-29
64 3.09002e-29
65 3.58718e-29
66 4.16354e-29
67 4.83146e-29
68 5.60522e-29
69 6.50176e-29
70 7.53969e-29
71 8.74167e-29
72 1.0133e-28
73 1.17433e-28
74 1.36066e-28
75 1.57619e-28
76 1.82553e-28
77 2.1138e-28
78 2.44712e-28
79 2.83238e-28
80 3.27756e-28
81 3.79188e-28
82 4.38586e-28
83 5.07204e-28
84 5.86423e-28
85 6.77851e-28
86 7.83382e-28
87 9.05137e-28
88 1.04556e-27
89 1.20757e-27
90 1.39439e-27
91 1.60972e-27
92 1.85794e-27
93 2.14394e-27
94 2.47342e-27
95 2.85295e-27
96 3.29008e-27
97 3.79327e-27
98 4.3724e-27
99 5.03902e-27
100 5.8061e-27
101 6.68836e-27
102 7.70296e-27
103 8.8699e-27
104 1.02112e-26
105 1.17528e-26
106 1.35245e-26
107 1.55596e-26
108 1.78974e-26
109 2.05821e-26
110 2.36641e-26
111 2.72021e-26
112 3.12623e-26
113 3.59208e-26
114 4.12652e-26
115 4.7394e-26
116 5.44219e-26
117 6.24788e-26
118 7.17124e-26
119 8.22936e-26
120 9.44157e-26
121 1.083e-25
122 1.242e-25
123 1.42404e-25
124 1.63242e-25
125 1.87087e-25
126 2.14371e-25
127 2.45582e-25
128 2.81275e-25
129 3.22087e-25
130 3.68744e-25
131 4.22065e-25
132 4.82996e-25
133 5.52604e-25
134 6.32105e-25
135 7.22891e-25
136 8.26538e-25
137 9.44848e-25
138 1.07986e-24
139 1.23389e-24
140 1.40959e-24
141 1.60997e-24
142 1.83844e-24
143 2.09889e-24
144 2.39571e-24
145 2.73392e-24
146 3.1192e-24
147 3.55805e-24
148 4.05776e-24
149 4.62664e-24
150 5.27418e-24
151 6.01106e-24
152 6.84942e-24
153 7.80307e-24
154 8.88759e-24
155 1.01207e-23
156 1.15225e-23
157 1.31156e-23
158 1.49258e-23
159 1.69823e-23
160 1.93179e-23
161 2.19703e-23
162 2.49815e-23
163 2.83993e-23
164 3.22779e-23
165 3.66786e-23
166 4.16703e-23
167 4.73314e-23
168 5.37502e-23
169 6.10266e-23
170 6.92734e-23
171 7.86177e-23
172 8.92039e-23
173 1.01194e-22
174 1.14771e-22
175 1.30143e-22
176 1.47542e-22
177 1.67231e-22
178 1.89507e-22
179 2.14705e-22
180 2.43202e-22
181 2.75423e-22
182 3.11846e-22
183 3.5301e-22
184 3.99522e-22
185 4.52066e-22
186 5.11412e-22
187 5.78424e-22
188 6.54077e-22
189 7.39468e-22
190 8.35828e-22
191 9.44541e-22
192 1.06717e-21
193 1.20545e-21
194 1.36137e-21
195 1.53712e-21
196 1.7352e-21
197 1.95838e-21
198 2.20979e-21
199 2.49295e-21
200 2.81179e-21
201 3.17073e-21
202 3.57474e-21
203 4.02937e-21
204 4.54086e-21
205 5.11618e-21
206 5.76319e-21
207 6.49064e-21
208 7.30836e-21
209 8.22737e-21
210 9.25999e-21
211 1.042e-20
212 1.17229e-20
213 1.31859e-20
214 1.48284e-20
215 1.6672e-20
216 1.87408e-20
217 2.1062e-20
218 2.36656e-20
219 2.65856e-20
220 2.98595e-20
221 3.35296e-20
222 3.76429e-20
223 4.2252e-20
224 4.74154e-20
225 5.31987e-20
226 5.96747e-20
227 6.69251e-20
228 7.50406e-20
229 8.41224e-20
230 9.42836e-20
231 1.0565e-19
232 1.18361e-19
233 1.32574e-19
234 1.48462e-19
235 1.66219e-19
236 1.8606e-19
237 2.08225e-19
238 2.32982e-19
239 2.60626e-19
240 2.91488e-19
241 3.25936e-19
242 3.64376e-19
243 4.07264e-19
244 4.55103e-19
245 5.08452e-19
246 5.67934e-19
247 6.34239e-19
248 7.08134e-19
249 7.9047e-19
250 8.82191e-19
251 9.84345e-19
252 1.09809e-18
253 1.22473e-18
254 1.36567e-18
255 1.52252e-18
256 1.69702e-18
257 1.89111e-18
258 2.10696e-18
259 2.34695e-18
260 2.61373e-18
261 2.91021e-18
262 3.23965e-18
263 3.60562e-18
264 4.01209e-18
265 4.46346e-18
266 4.96456e-18
267 5.52076e-18
268 6.138e-18
269 6.82283e-18
270 7.58248e-18
271 8.42497e-18
272 9.35912e-18
273 1.03947e-17
274 1.15424e-17
275 1.28143e-17
276 1.42233e-17
277 1.5784e-17
278 1.75123e-17
279 1.94258e-17
280 2.15439e-17
281 2.3888e-17
282 2.64816e-17
283 2.93507e-17
284 3.25239e-17
285 3.60327e-17
286 3.99116e-17
287 4.41989e-17
288 4.89364e-17
289 5.41704e-17
290 5.99516e-17
291 6.63358e-17
292 7.33843e-17
293 8.11646e-17
294 8.97509e-17
295 9.92244e-17
296 1.09675e-16
297 1.212e-16
298 1.33908e-16
299 1.47916e-16
300 1.63356e-16
301 1.80368e-16
302 1.9911e-16
303 2.19752e-16
304 2.42483e-16
305 2.67507e-16
306 2.95052e-16
307 3.25363e-16
308 3.58712e-16
309 3.95394e-16
310 4.35735e-16
311 4.8009e-16
312 5.28849e-16
313 5.82435e-16
314 6.41316e-16
315 7.06001e-16
316 7.77046e-16
317 8.55061e-16
318 9.40711e-16
319 1.03472e-15
320 1.1379e-15
321 1.25109e-15
322 1.37527e-15
323 1.51145e-15
324 1.66078e-15
325 1.82449e-15
326 2.00392e-15
327 2.20054e-15
328 2.41596e-15
329 2.65192e-15
330 2.91034e-15
331 3.19329e-15
332 3.50302e-15
333 3.84202e-15
334 4.21297e-15
335 4.61878e-15
336 5.06266e-15
337 5.54806e-15
338 6.07876e-15
339 6.65886e-15
340 7.29283e-15
341 7.98552e-15
342 8.74221e-15
343 9.56864e-15
344 1.0471e-14
345 1.14562e-14
346 1.25314e-14
347 1.37047e-14
348 1.49847e-14
349 1.63808e-14
350 1.79033e-14
351 1.95632e-14
352 2.13725e-14
353 2.33441e-14
354 2.54923e-14
355 2.78323e-14
356 3.03806e-14
357 3.31552e-14
358 3.61754e-14
359 3.94624e-14
360 4.30387e-14
361 4.69292e-14
362 5.11604e-14
363 5.5761e-14
364 6.07624e-14
365 6.61981e-14
366 7.21047e-14
367 7.85214e-14
368 8.54909e-14
369 9.3059e-14
370 1.01276e-13
371 1.10194e-13
372 1.19873e-13
373 1.30373e-13
374 1.41764e-13
375 1.54118e-13
376 1.67512e-13
377 1.82033e-13
378 1.97772e-13
379 2.14826e-13
380 2.33303e-13
381 2.53317e-13
382 2.74991e-13
383 2.98459e-13
384 3.23864e-13
385 3.5136e-13
386 3.81113e-13
387 4.13302e-13
388 4.4812e-13
389 4.85774e-13
390 5.26487e-13
391 5.70499e-13
392 6.18067e-13
393 6.69468e-13
394 7.25e-13
395 7.84984e-13
396 8.49762e-13
397 9.19704e-13
398 9.95206e-13
399 1.07669e-12
400 1.16462e-12
401 1.25948e-12
402 1.36179e-12
403 1.47212e-12
404 1.59107e-12
405 1.71928e-12
406 1.85745e-12
407 2.00632e-12
408 2.16668e-12
409 2.33937e-12
410 2.52531e-12
411 2.72547e-12
412 2.94088e-12
413 3.17265e-12
414 3.42197e-12
415 3.69011e-12
416 3.97841e-12
417 4.28833e-12
418 4.6214e-12
419 4.97926e-12
420 5.36369e-12
421 5.77654e-12
422 6.21983e-12
423 6.69567e-12
424 7.20635e-12
425 7.75428e-12
426 8.34205e-12
427 8.9724e-12
428 9.64827e-12
429 1.03728e-11
430 1.11493e-11
431 1.19813e-11
432 1.28725e-11
433 1.38271e-11
434 1.48492e-11
435 1.59434e-11
436 1.71146e-11
437 1.83679e-11
438 1.97088e-11
439 2.1143e-11
440 2.26769e-11
441 2.4317e-11
442 2.60702e-11
443 2.79441e-11
444 2.99466e-11
445 3.2086e-11
446 3.43714e-11
447 3.68121e-11
448 3.94184e-11
449 4.22009e-11
450 4.51709e-11
451 4.83406e-11
452 5.17227e-11
453 5.53309e-11
454 5.91795e-11
455 6.32838e-11
456 6.76601e-11
457 7.23254e-11
458 7.7298e-11
459 8.25971e-11
460 8.82431e-11
461 9.42575e-11
462 1.00663e-10
463 1.07484e-10
464 1.14746e-10
465 1.22476e-10
466 1.30702e-10
467 1.39455e-10
468 1.48766e-10
469 1.58668e-10
470 1.69197e-10
471 1.8039e-10
472 1.92287e-10
473 2.04927e-10
474 2.18356e-10
475 2.32619e-10
476 2.47763e-10
477 2.63839e-10
478 2.80902e-10
479 2.99005e-10
480 3.18209e-10
481 3.38574e-10
482 3.60166e-10
483 3.83052e-10
484 4.07303e-10
485 4.32994e-10
486 4.60204e-10
487 4.89014e-10
488 5.19511e-10
489 5.51784e-10
490 5.85928e-10
491 6.22042e-10
492 6.60229e-10
493 7.00598e-10
494 7.43263e-10
495 7.88342e-10
496 8.3596e-10
497 8.86248e-10
498 9.39341e-10
499 9.95384e-10
500 1.05453e-09
501 1.11692e-09
502 1.18274e-09
503 1.25215e-09
504 1.32533e-09
505 1.40248e-09
506 1.48378e-09
507 1.56945e-09
508 1.6597e-09
509 1.75477e-09
510 1.85488e-09
511 1.9603e-09
512 2.07128e-09
513 2.1881e-09
514 2.31104e-09
515 2.44041e-09
516 2.57653e-09
517 2.71972e-09
518 2.87033e-09
519 3.02873e-09
520 3.19529e-09
521 3.37042e-09
522 3.55453e-09
523 3.74806e-09
524 3.95147e-09
525 4.16522e-09
526 4.38983e-09
527 4.62581e-09
528 4.8737e-09
529 5.13407e-09
530 5.40751e-09
531 5.69463e-09
532 5.99609e-09
533 6.31253e-09
534 6.64465e-09
535 6.99318e-09
536 7.35886e-09
537 7.74245e-09
538 8.14477e-09
539 8.56664e-09
540 9.00891e-09
541 9.47248e-09
542 9.95824e-09
543 1.04672e-08
544 1.10002e-08
545 1.15583e-08
546 1.21426e-08
547 1.2754e-08
548 1.33937e-08
549 1.40628e-08
550 1.47623e-08
551 1.54936e-08
552 1.62576e-08
553 1.70557e-08
554 1.7889e-08
555 1.87588e-08
556 1.96665e-08
557 2.06132e-08
558 2.16003e-08
559 2.26291e-08
560 2.37011e-08
561 2.48175e-08
562 2.59798e-08
563 2.71894e-08
564 2.84478e-08
565 2.97563e-08
566 3.11166e-08
567 3.253e-08
568 3.39983e-08
569 3.55228e-08
570 3.71053e-08
571 3.87472e-08
572 4.04504e-08
573 4.22165e-08
574 4.40472e-08
575 4.59444e-08
576 4.79097e-08
577 4.99453e-08
578 5.20529e-08
579 5.42347e-08
580 5.64926e-08
581 5.8829e-08
582 6.1246e-08
583 6.37459e-08
584 6.63313e-08
585 6.90047e-08
586 7.17689e-08
587 7.46265e-08
588 7.75806e-08
589 8.06343e-08
590 8.37909e-08
591 8.70538e-08
592 9.04265e-08
593 9.39129e-08
594 9.7517e-08
595 1.01243e-07
596 1.05095e-07
597 1.09078e-07
598 1.13197e-07
599 1.17457e-07
600 1.21863e-07
601 1.26421e-07
602 1.31136e-07
603 1.36015e-07
604 1.41063e-07
605 1.46288e-07
606 1.51696e-07
607 1.57295e-07
608 1.63091e-07
609 1.69091e-07
610 1.75304e-07
611 1.81737e-07
612 1.88399e-07
613 1.95297e-07
614 2.02439e-07
615 2.09834e-07
616 2.17491e-07
617 2.25417e-07
618 2.33622e-07
619 2.42113e-07
620 2.50899e-07
621 2.59988e-07
622 2.69388e-07
623 2.79107e-07
624 2.89152e-07
625 2.99532e-07
626 3.10251e-07
627 3.21317e-07
628 3.32737e-07
629 3.44514e-07
630 3.56655e-07
631 3.69163e-07
632 3.82042e-07
633 3.95294e-07
634 4.08922e-07
635 4.22926e-07
636 4.37307e-07
637 4.52063e-07
638 4.67194e-07
639 4.82694e-07
640 4.98562e-07
641 5.14792e-07
642 5.31377e-07
643 5.4831e-07
644 5.65582e-07
645 5.83184e-07
646 6.01104e-07
647 6.19331e-07
648 6.37851e-07
649 6.5665e-07
650 6.75712e-07
651 6.95021e-07
652 7.14559e-07
653 7.34309e-07
654 7.54251e-07
655 7.74365e-07
656 7.94631e-07
657 8.15028e-07
658 8.35534e-07
659 8.56129e-07
660 8.76791e-07
661 8.97498e-07
662 9.18229e-07
663 9.38964e-07
664 9.59683e-07
665 9.80367e-07
666 1.001e-06
667 1.02156e-06
668 1.04203e-06
669 1.06241e-06
670 1.08267e-06
671 1.10282e-06
672 1.12283e-06
673 1.14272e-06
674 1.16247e-06
675 1.1821e-06
676 1.20159e-06
677 1.22097e-06
678 1.24025e-06
679 1.25944e-06
680 1.27855e-06
681 1.29763e-06
682 1.31669e-06
683 1.33577e-06
684 1.35491e-06
685 1.37415e-06
686 1.39353e-06
687 1.41312e-06
688 1.43297e-06
689 1.45314e-06
690 1.47371e-06
691 1.49473e-06
692 1.5163e-06
693 1.53848e-06
694 1.56138e-06
695 1.58507e-06
696 1.60965e-06
697 1.63522e-06
698 1.66187e-06
699 1.68972e-06
700 1.71887e-06
701 1.74943e-06
702 1.7815e-06
703 1.8152e-06
704 1.85064e-06
705 1.88792e-06
706 1.92717e-06
707 1.96849e-06
708 2.01198e-06
709 2.05776e-06
710 2.10592e-06
711 2.15656e-06
712 2.20977e-06
713 2.26564e-06
714 2.32425e-06
715 2.38568e-06
716 2.44999e-06
717 2.51723e-06
718 2.58745e-06
719 2.66069e-06
720 2.73698e-06
721 2.81633e-06
722 2.89875e-06
723 2.98421e-06
724 3.07269e-06
725 3.16417e-06
726 3.25857e-06
727 3.35584e-06
728 3.45588e-06
729 3.5586e-06
730 3.66387e-06
731 3.77156e-06
732 3.88151e-06
733 3.99356e-06
734 4.10751e-06
735 4.22317e-06
736 4.3403e-06
737 4.45867e-06
738 4.57802e-06
739 4.69807e-06
740 4.81854e-06
741 4.93913e-06
742 5.0595e-06
743 5.17933e-06
744 5.29826e-06
745 5.41594e-06
746 5.53199e-06
747 5.64603e-06
748 5.75766e-06
749 5.86649e-06
750 5.97211e-06
751 6.0741e-06
752 6.17205e-06
753 6.26554e-06
754 6.35415e-06
755 6.43746e-06
756 6.51505e-06
757 6.58652e-06
758 6.65146e-06
759 6.70948e-06
760 6.76019e-06
761 6.80322e-06
762 6.83822e-06
763 6.86483e-06
764 6.88275e-06
765 6.89167e-06
766 6.8913e-06
767 6.88141e-06
768 6.86176e-06
769 6.83215e-06
770 6.79242e-06
771 6.74243e-06
772 6.68209e-06
773 6.61133e-06
774 6.53012e-06
775 6.43848e-06
776 6.33647e-06
777 6.22417e-06
778 6.10174e-06
779 5.96936e-06
780 5.82726e-06
781 5.67572e-06
782 5.51507e-06
783 5.34569e-06
784 5.16799e-06
785 4.98246e-06
786 4.78962e-06
787 4.59005e-06
788 4.38436e-06
789 4.17325e-06
790 3.95742e-06
791 3.73765e-06
792 3.51478e-06
793 3.28966e-06
794 3.06322e-06
795 2.83641e-06
796 2.61026e-06
797 2.3858e-06
798 2.16413e-06
799 1.94639e-06
800 1.73375e-06
801 1.52742e-06
802 1.32864e-06
803 1.13869e-06
804 9.58867e-07
805 7.90517e-07
806 6.34997e-07
807 4.93691e-07
808 3.68003e-07
809 2.59357e-07
810 1.69189e-07
811 9.89521e-08
812 5.01062e-08
813 2.412e-08
814 2.24663e-08
815 4.66199e-08
816 9.80546e-08
817 1.78241e-07
818 2.88642e-07
819 4.30712e-07
820 6.05896e-07
821 8.15622e-07
822 1.0613e-06
823 1.34433e-06
824 1.66608e-06
825 2.02789e-06
826 2.4311e-06
827 2.877e-06
828 3.36685e-06
829 3.90189e-06
830 4.48332e-06
831 5.11232e-06
832 5.79001e-06
833 6.51749e-06
834 7.29583e-06
835 8.12605e-06
836 9.00914e-06
837 9.94604e-06
838 1.09377e-05
839 1.19849e-05
840 1.30885e-05
841 1.42493e-05
842 1.54682e-05
843 1.67457e-05
844 1.80826e-05
845 1.94795e-05
846 2.09371e-05
847 2.24559e-05
848 2.40365e-05
849 2.56795e-05
850 2.73853e-05
851 2.91544e-05
852 3.09873e-05
853 3.28845e-05
854 3.48464e-05
855 3.68734e-05
856 3.89659e-05
857 4.11243e-05
858 4.33492e-05
859 4.56408e-05
860 4.79996e-05
861 5.0426e-05
862 5.29206e-05
863 5.54838e-05
864 5.8116e-05
865 6.08178e-05
866 6.35897e-05
867 6.64324e-05
868 6.93464e-05
869 7.23325e-05
870 7.53914e-05
871 7.85239e-05
872 8.17308e-05
873 8.5013e-05
874 8.83715e-05
875 9.18074e-05
876 9.53217e-05
877 9.89158e-05
878 0.000102591
879 0.000106348
880 0.00011019
881 0.000114116
882 0.00011813
883 0.000122233
884 0.000126427
885 0.000130714
886 0.000135095
887 0.000139574
888 0.000144153
889 0.000148834
890 0.00015362
891 0.000158514
892 0.000163519
893 0.000168637
894 0.000173872
895 0.000179228
896 0.000184708
897 0.000190315
898 0.000196054
899 0.000201928
900 0.000207942
901 0.0002141
902 0.000220407
903 0.000226867
904 0.000233485
905 0.000240265
906 0.000247214
907 0.000254337
908 0.000261639
909 0.000269125
910 0.000276802
911 0.000284675
912 0.000292751
913 0.000301036
914 0.000309537
915 0.00031826
916 0.000327213
917 0.000336401
918 0.000345833
919 0.000355515
920 0.000365456
921 0.000375663
922 0.000386143
923 0.000396905
924 0.000407957
925 0.000419308
926 0.000430965
927 0.000442937
928 0.000455233
929 0.000467862
930 0.000480833
931 0.000494156
932 0.000507839
933 0.000521892
934 0.000536324
935 0.000551146
936 0.000566366
937 0.000581996
938 0.000598045
939 0.000614524
940 0.000631441
941 0.000648809
942 0.000666638
943 0.000684938
944 0.000703719
945 0.000722994
946 0.000742771
947 0.000763064
948 0.000783882
949 0.000805237
950 0.000827139
951 0.000849601
952 0.000872633
953 0.000896247
954 0.000920455
955 0.000945267
956 0.000970695
957 0.000996751
958 0.00102345
959 0.00105079
960 0.0010788
961 0.00110749
962 0.00113685
963 0.00116692
964 0.0011977
965 0.00122919
966 0.00126142
967 0.0012944
968 0.00132812
969 0.00136262
970 0.0013979
971 0.00143396
972 0.00147083
973 0.00150851
974 0.00154701
975 0.00158635
976 0.00162653
977 0.00166758
978 0.00170949
979 0.00175228
980 0.00179596
981 0.00184054
982 0.00188604
983 0.00193245
984 0.0019798
985 0.00202809
986 0.00207733
987 0.00212753
988 0.00217871
989 0.00223087
990 0.00228401
991 0.00233816
992 0.00239331
993 0.00244948
994 0.00250668
995 0.00256491
996 0.00262419
997 0.00268451
998 0.00274589
999 0.00280833
1000 0.00287184
1001 0.00293644
1002 0.00300211
1003 0.00306888
1004 0.00313674
1005 0.00320571
1006 0.00327578
1007 0.00334696
1008 0.00341926
1009 0.00349268
1010 0.00356723
1011 0.0036429
1012 0.0037197
1013 0.00379763
1014 0.0038767
1015 0.00395691
1016 0.00403826
1017 0.00412074
1018 0.00420437
1019 0.00428913
1020 0.00437504
1021 0.00446208
1022 0.00455027
1023 0.00463958
1024 0.00473003
1025 0.00482162
1026 0.00491433
1027 0.00500816
1028 0.00510311
1029 0.00519918
1030 0.00529635
1031 0.00539463
1032 0.00549401
1033 0.00559447
1034 0.00569602
1035 0.00579864
1036 0.00590233
1037 0.00600707
1038 0.00611286
1039 0.00621968
1040 0.00632753
1041 0.00643639
1042 0.00654625
1043 0.00665709
1044 0.00676891
1045 0.00688169
1046 0.00699541
1047 0.00711007
1048 0.00722563
1049 0.00734209
1050 0.00745943
1051 0.00757762
1052 0.00769666
1053 0.00781652
1054 0.00793719
1055 0.00805863
1056 0.00818084
1057 0.00830378
1058 0.00842744
1059 0.00855179
1060 0.00867681
1061 0.00880247
1062 0.00892875
1063 0.00905563
1064 0.00918307
1065 0.00931105
1066 0.00943954
1067 0.00956852
1068 0.00969795
1069 0.0098278
1070 0.00995805
1071 0.0100887
1072 0.0102196
1073 0.0103509
1074 0.0104824
1075 0.0106141
1076 0.0107461
1077 0.0108782
1078 0.0110105
1079 0.0111429
1080 0.0112753
1081 0.0114077
1082 0.0115402
1083 0.0116726
1084 0.0118049
1085 0.0119371
1086 0.0120691
1087 0.012201
1088 0.0123326
1089 0.0124639
1090 0.0125949
1091 0.0127256
1092 0.0128558
1093 0.0129857
1094 0.013115
1095 0.0132439
1096 0.0133721
1097 0.0134998
1098 0.0136268
1099 0.0137532
1100 0.0138788
1101 0.0140037
1102 0.0141277
1103 0.0142509
1104 0.0143732
1105 0.0144946
1106 0.0146149
1107 0.0147343
1108 0.0148526
1109 0.0149698
1110 0.0150858
1111 0.0152007
1112 0.0153143
1113 0.0154266
1114 0.0155377
1115 0.0156473
1116 0.0157556
1117 0.0158624
1118 0.0159678
1119 0.0160716
1120 0.0161739
1121 0.0162745
1122 0.0163736
1123 0.0164709
1124 0.0165665
1125 0.0166604
1126 0.0167525
1127 0.0168427
1128 0.0169311
1129 0.0170176
1130 0.0171022
1131 0.0171847
1132 0.0172653
1133 0.0173438
1134 0.0174203
1135 0.0174946
1136 0.0175669
1137 0.0176369
1138 0.0177048
1139 0.0177704
1140 0.0178338
1141 0.0178949
1142 0.0179537
1143 0.0180101
1144 0.0180642
1145 0.0181159
1146 0.0181652
1147 0.0182121
1148 0.0182565
1149 0.0182985
1150 0.018338
1151 0.0183749
1152 0.0184094
1153 0.0184413
1154 0.0184706
1155 0.0184974
1156 0.0185216
1157 0.0185432
1158 0.0185622
1159 0.0185785
1160 0.0185923
1161 0.0186034
1162 0.0186119
1163 0.0186177
1164 0.0186208
1165 0.0186214
1166 0.0186192
1167 0.0186144
1168 0.018607
1169 0.0185969
1170 0.0185841
1171 0.0185687
1172 0.0185507
1173 0.01853
1174 0.0185066
1175 0.0184807
1176 0.0184521
1177 0.0184209
1178 0.0183871
1179 0.0183508
1180 0.0183118
1181 0.0182704
1182 0.0182263
1183 0.0181798
1184 0.0181307
1185 0.0180792
1186 0.0180252
1187 0.0179687
1188 0.0179098
1189 0.0178485
1190 0.0177849
1191 0.0177188
1192 0.0176505
1193 0.0175798
1194 0.0175069
1195 0.0174317
1196 0.0173543
1197 0.0172747
1198 0.017193
1199 0.0171091
1200 0.0170232
1201 0.0169352
1202 0.0168451
1203 0.0167531
1204 0.0166591
1205 0.0165632
1206 0.0164654
1207 0.0163658
1208 0.0162643
1209 0.0161611
1210 0.0160562
1211 0.0159496
1212 0.0158413
1213 0.0157314
1214 0.01562
1215 0.015507
1216 0.0153925
1217 0.0152767
1218 0.0151594
1219 0.0150407
1220 0.0149208
1221 0.0147995
1222 0.0146771
1223 0.0145535
1224 0.0144287
1225 0.0143029
1226 0.014176
1227 0.0140481
1228 0.0139193
1229 0.0137896
1230 0.013659
1231 0.0135275
1232 0.0133953
1233 0.0132624
1234 0.0131288
1235 0.0129946
1236 0.0128598
1237 0.0127244
1238 0.0125885
1239 0.0124522
1240 0.0123155
1241 0.0121784
1242 0.012041
1243 0.0119033
1244 0.0117653
1245 0.0116272
1246 0.0114889
1247 0.0113505
1248 0.0112121
1249 0.0110736
1250 0.0109351
1251 0.0107967
1252 0.0106584
1253 0.0105202
1254 0.0103823
1255 0.0102445
1256 0.010107
1257 0.00996973
1258 0.00983284
1259 0.0096963
1260 0.00956017
1261 0.00942448
1262 0.00928926
1263 0.00915454
1264 0.00902036
1265 0.00888676
1266 0.00875375
1267 0.00862139
1268 0.00848968
1269 0.00835868
1270 0.0082284
1271 0.00809887
1272 0.00797012
1273 0.00784218
1274 0.00771507
1275 0.00758882
1276 0.00746346
1277 0.00733901
1278 0.00721548
1279 0.00709291
1280 0.00697131
1281 0.00685071
1282 0.00673113
1283 0.00661258
1284 0.00649508
1285 0.00637866
1286 0.00626332
1287 0.00614909
1288 0.00603598
1289 0.005924
1290 0.00581317
1291 0.0057035
1292 0.005595
1293 0.00548769
1294 0.00538157
1295 0.00527666
1296 0.00517296
1297 0.00507049
1298 0.00496925
1299 0.00486925
1300 0.00477049
1301 0.00467298
1302 0.00457673
1303 0.00448173
1304 0.004388
1305 0.00429554
1306 0.00420435
1307 0.00411442
1308 0.00402577
1309 0.0039384
1310 0.00385229
1311 0.00376745
1312 0.00368389
1313 0.0036016
1314 0.00352057
1315 0.0034408
1316 0.0033623
1317 0.00328505
1318 0.00320905
1319 0.0031343
1320 0.00306079
1321 0.00298852
1322 0.00291748
1323 0.00284766
1324 0.00277905
1325 0.00271166
1326 0.00264546
1327 0.00258046
1328 0.00251664
1329 0.00245399
1330 0.00239252
1331 0.00233219
1332 0.00227302
1333 0.00221497
1334 0.00215806
1335 0.00210226
1336 0.00204756
1337 0.00199396
1338 0.00194144
1339 0.00188999
1340 0.00183959
1341 0.00179024
1342 0.00174193
1343 0.00169464
1344 0.00164835
1345 0.00160306
1346 0.00155876
1347 0.00151543
1348 0.00147305
1349 0.00143162
1350 0.00139113
1351 0.00135155
1352 0.00131287
1353 0.00127509
1354 0.00123819
1355 0.00120215
1356 0.00116696
1357 0.00113261
1358 0.00109909
1359 0.00106638
1360 0.00103447
1361 0.00100334
1362 0.000972984
1363 0.000943386
1364 0.000914532
1365 0.00088641
1366 0.000859007
1367 0.000832308
1368 0.000806302
1369 0.000780975
1370 0.000756314
1371 0.000732306
1372 0.000708939
1373 0.0006862
1374 0.000664076
1375 0.000642555
1376 0.000621625
1377 0.000601273
1378 0.000581488
1379 0.000562256
1380 0.000543567
1381 0.000525408
1382 0.000507768
1383 0.000490636
1384 0.000474
1385 0.000457849
1386 0.000442171
1387 0.000426956
1388 0.000412194
1389 0.000397873
1390 0.000383982
1391 0.000370512
1392 0.000357453
1393 0.000344794
1394 0.000332526
1395 0.000320638
1396 0.000309121
1397 0.000297966
1398 0.000287164
1399 0.000276704
1400 0.00026658
1401 0.000256781
1402 0.000247298
1403 0.000238125
1404 0.000229251
1405 0.00022067
1406 0.000212373
1407 0.000204351
1408 0.000196599
1409 0.000189107
1410 0.000181869
1411 0.000174877
1412 0.000168125
1413 0.000161604
1414 0.00015531
1415 0.000149234
1416 0.000143371
1417 0.000137713
1418 0.000132256
1419 0.000126993
1420 0.000121917
1421 0.000117024
1422 0.000112307
1423 0.000107762
1424 0.000103382
1425 9.91623e-05
1426 9.50982e-05
1427 9.11846e-05
1428 8.74164e-05
1429 8.37891e-05
1430 8.02981e-05
1431 7.69389e-05
1432 7.3707e-05
1433 7.05984e-05
1434 6.76088e-05
1435 6.47343e-05
1436 6.1971e-05
1437 5.9315e-05
1438 5.67628e-05
1439 5.43106e-05
1440 5.19551e-05
1441 4.96928e-05
1442 4.75206e-05
1443 4.54351e-05
1444 4.34334e-05
1445 4.15124e-05
1446 3.96693e-05
1447 3.79012e-05
1448 3.62053e-05
1449 3.45791e-05
1450 3.302e-05
1451 3.15256e-05
1452 3.00933e-05
1453 2.87209e-05
1454 2.74061e-05
1455 2.61468e-05
1456 2.49408e-05
1457 2.37862e-05
1458 2.26809e-05
1459 2.1623e-05
1460 2.06108e-05
1461 1.96423e-05
1462 1.8716e-05
1463 1.78301e-05
1464 1.6983e-05
1465 1.61732e-05
1466 1.53993e-05
1467 1.46597e-05
1468 1.3953e-05
1469 1.32781e-05
1470 1.26334e-05
1471 1.20179e-05
1472 1.14302e-05
1473 1.08693e-05
1474 1.0334e-05
1475 9.82334e-06
1476 9.33616e-06
1477 8.87151e-06
1478 8.42844e-06
1479 8.00603e-06
1480 7.60339e-06
1481 7.21967e-06
1482 6.85406e-06
1483 6.50577e-06
1484 6.17403e-06
1485 5.85814e-06
1486 5.55738e-06
1487 5.2711e-06
1488 4.99864e-06
1489 4.73939e-06
1490 4.49275e-06
1491 4.25817e-06
1492 4.03509e-06
1493 3.82298e-06
1494 3.62136e-06
1495 3.42974e-06
1496 3.24766e-06
1497 3.07467e-06
1498 2.91036e-06
1499 2.75432e-06
1500 2.60616e-06
1501 2.46552e-06
1502 2.33203e-06
1503 2.20536e-06
1504 2.08519e-06
1505 1.97119e-06
1506 1.86309e-06
1507 1.76058e-06
1508 1.6634e-06
1509 1.5713e-06
1510 1.48402e-06
1511 1.40133e-06
1512 1.32299e-06
1513 1.24881e-06
1514 1.17856e-06
1515 1.11206e-06
1516 1.04911e-06
1517 9.89544e-07
1518 9.33183e-07
1519 8.79869e-07
1520 8.29445e-07
1521 7.81764e-07
1522 7.36686e-07
1523 6.94077e-07
1524 6.5381e-07
1525 6.15764e-07
1526 5.79822e-07
1527 5.45876e-07
1528 5.13821e-07
1529 4.83557e-07
1530 4.5499e-07
1531 4.28029e-07
1532 4.02591e-07
1533 3.78593e-07
1534 3.55958e-07
1535 3.34613e-07
1536 3.14489e-07
1537 2.9552e-07
1538 2.77642e-07
1539 2.60796e-07
1540 2.44926e-07
1541 2.29978e-07
1542 2.15901e-07
1543 2.02648e-07
1544 1.90172e-07
1545 1.7843e-07
1546 1.67382e-07
1547 1.56988e-07
1548 1.47211e-07
1549 1.38017e-07
1550 1.29372e-07
1551 1.21246e-07
1552 1.13609e-07
1553 1.06432e-07
1554 9.969e-08
1555 9.33571e-08
1556 8.74099e-08
1557 8.18258e-08
1558 7.65839e-08
1559 7.16642e-08
1560 6.70476e-08
1561 6.27165e-08
1562 5.86539e-08
1563 5.48441e-08
1564 5.12718e-08
1565 4.79231e-08
1566 4.47846e-08
1567 4.18435e-08
1568 3.90881e-08
1569 3.65072e-08
1570 3.40902e-08
1571 3.1827e-08
1572 2.97085e-08
1573 2.77256e-08
1574 2.58701e-08
1575 2.41341e-08
1576 2.25103e-08
1577 2.09918e-08
1578 1.95719e-08
1579 1.82445e-08
1580 1.70039e-08
1581 1.58446e-08
1582 1.47615e-08
1583 1.37498e-08
1584 1.2805e-08
1585 1.19228e-08
1586 1.10992e-08
1587 1.03306e-08
1588 9.61326e-09
1589 8.94405e-09
1590 8.31981e-09
1591 7.73765e-09
1592 7.19483e-09
1593 6.6888e-09
1594 6.21716e-09
1595 5.77766e-09
1596 5.36818e-09
1597 4.98676e-09
1598 4.63154e-09
1599 4.3008e-09
1600 3.99289e-09
1601 3.70631e-09
1602 3.43963e-09
1603 3.19152e-09
1604 2.96073e-09
1605 2.7461e-09
1606 2.54653e-09
1607 2.36101e-09
1608 2.18857e-09
1609 2.02833e-09
1610 1.87946e-09
1611 1.74118e-09
1612 1.61275e-09
1613 1.49351e-09
1614 1.38281e-09
1615 1.28007e-09
1616 1.18473e-09
1617 1.09628e-09
1618 1.01423e-09
1619 9.38144e-10
1620 8.67592e-10
1621 8.0219e-10
1622 7.41572e-10
1623 6.85402e-10
1624 6.33361e-10
1625 5.85158e-10
1626 5.40517e-10
1627 4.99184e-10
1628 4.60921e-10
1629 4.25507e-10
1630 3.92738e-10
1631 3.62421e-10
1632 3.34379e-10
1633 3.08445e-10
1634 2.84468e-10
1635 2.62302e-10
1636 2.41817e-10
1637 2.22887e-10
1638 2.05399e-10
1639 1.89246e-10
1640 1.74329e-10
1641 1.60556e-10
1642 1.47842e-10
1643 1.36108e-10
1644 1.25281e-10
1645 1.15292e-10
1646 1.06079e-10
1647 9.75825e-11
1648 8.97491e-11
1649 8.25283e-11
1650 7.58734e-11
1651 6.97414e-11
1652 6.40923e-11
1653 5.88892e-11
1654 5.40978e-11
1655 4.96864e-11
1656 4.56257e-11
1657 4.18886e-11
1658 3.845e-11
1659 3.52867e-11
1660 3.23772e-11
1661 2.97017e-11
1662 2.72419e-11
1663 2.49809e-11
1664 2.2903e-11
1665 2.09938e-11
1666 1.92399e-11
1667 1.7629e-11
1668 1.61498e-11
1669 1.47918e-11
1670 1.35453e-11
1671 1.24013e-11
1672 1.13518e-11
1673 1.03889e-11
1674 9.50588e-12
1675 8.69616e-12
1676 7.95383e-12
1677 7.27342e-12
1678 6.64989e-12
1679 6.0786e-12
1680 5.55528e-12
1681 5.076e-12
1682 4.63715e-12
1683 4.2354e-12
1684 3.86768e-12
1685 3.53118e-12
1686 3.22331e-12
1687 2.9417e-12
1688 2.68415e-12
1689 2.44867e-12
1690 2.23339e-12
1691 2.03664e-12
1692 1.85685e-12
1693 1.69259e-12
1694 1.54255e-12
1695 1.40553e-12
1696 1.28043e-12
1697 1.16623e-12
1698 1.062e-12
1699 9.66889e-13
1700 8.80122e-13
1701 8.00981e-13
1702 7.28811e-13
1703 6.6301e-13
1704 6.0303e-13
1705 5.48365e-13
1706 4.98556e-13
1707 4.5318e-13
1708 4.11851e-13
1709 3.74217e-13
1710 3.39953e-13
1711 3.08764e-13
1712 2.8038e-13
1713 2.54555e-13
1714 2.31061e-13
1715 2.09694e-13
1716 1.90265e-13
1717 1.72601e-13
1718 1.56545e-13
1719 1.41954e-13
1720 1.28698e-13
1721 1.16655e-13
1722 1.05719e-13
1723 9.57881e-14
1724 8.67728e-14
1725 7.85901e-14
1726 7.11647e-14
1727 6.44279e-14
1728 5.8317e-14
1729 5.27751e-14
1730 4.77502e-14
1731 4.3195e-14
1732 3.90665e-14
1733 3.53254e-14
1734 3.19361e-14
1735 2.88662e-14
1736 2.60861e-14
1737 2.3569e-14
1738 2.12904e-14
1739 1.92282e-14
1740 1.73623e-14
1741 1.56743e-14
1742 1.41475e-14
1743 1.27668e-14
1744 1.15186e-14
1745 1.03903e-14
1746 9.37057e-15
1747 8.44924e-15
1748 7.61695e-15
1749 6.86525e-15
1750 6.18648e-15
1751 5.57369e-15
1752 5.02057e-15
1753 4.52143e-15
1754 4.07109e-15
1755 3.66485e-15
1756 3.29849e-15
1757 2.96814e-15
1758 2.67034e-15
1759 2.40192e-15
1760 2.16005e-15
1761 1.94214e-15
1762 1.74586e-15
1763 1.56909e-15
1764 1.40994e-15
1765 1.26667e-15
1766 1.13772e-15
1767 1.0217e-15
1768 9.1732e-16
1769 8.23436e-16
1770 7.39011e-16
1771 6.63106e-16
1772 5.94876e-16
1773 5.33558e-16
1774 4.78463e-16
1775 4.28969e-16
1776 3.84517e-16
1777 3.44601e-16
1778 3.08765e-16
1779 2.76599e-16
1780 2.47734e-16
1781 2.21836e-16
1782 1.98604e-16
1783 1.7777e-16
1784 1.59088e-16
1785 1.4234e-16
1786 1.2733e-16
1787 1.13879e-16
1788 1.01828e-16
1789 9.10338e-17
1790 8.13671e-17
1791 7.2712e-17
1792 6.49643e-17
1793 5.80302e-17
1794 5.18257e-17
1795 4.6275e-17
1796 4.13104e-17
1797 3.68708e-17
1798 3.29016e-17
1799 2.93536e-17
1800 2.61829e-17
1801 2.33499e-17
1802 2.08191e-17
1803 1.85589e-17
1804 1.65406e-17
1805 1.47388e-17
1806 1.31305e-17
1807 1.16954e-17
1808 1.04149e-17
1809 9.27277e-18
1810 8.25418e-18
1811 7.34596e-18
1812 6.53633e-18
1813 5.81473e-18
1814 5.17174e-18
1815 4.5989e-18
1816 4.08867e-18
1817 3.6343e-18
1818 3.22975e-18
1819 2.86965e-18
1820 2.54917e-18
1821 2.26402e-18
1822 2.01035e-18
1823 1.78473e-18
1824 1.58411e-18
1825 1.40575e-18
1826 1.24722e-18
1827 1.10633e-18
1828 9.81161e-19
1829 8.69972e-19
1830 7.71223e-19
1831 6.83543e-19
1832 6.05705e-19
1833 5.36621e-19
1834 4.75318e-19
1835 4.20931e-19
1836 3.7269e-19
1837 3.2991e-19
1838 2.9198e-19
1839 2.58357e-19
1840 2.28559e-19
1841 2.02156e-19
1842 1.78766e-19
1843 1.5805e-19
1844 1.39705e-19
1845 1.23464e-19
1846 1.09089e-19
1847 9.63673e-20
1848 8.51116e-20
1849 7.5155e-20
1850 6.63494e-20
1851 5.85634e-20
1852 5.16803e-20
1853 4.55968e-20
1854 4.02211e-20
1855 3.54717e-20
1856 3.12767e-20
1857 2.75721e-20
1858 2.43013e-20
1859 2.1414e-20
1860 1.88658e-20
1861 1.66174e-20
1862 1.4634e-20
1863 1.28846e-20
1864 1.1342e-20
1865 9.98196e-21
1866 8.7832e-21
1867 7.7268e-21
1868 6.79605e-21
1869 5.97617e-21
1870 5.25411e-21
1871 4.61834e-21
1872 4.05864e-21
1873 3.56604e-21
1874 3.13257e-21
1875 2.75123e-21
1876 2.4158e-21
1877 2.12082e-21
1878 1.86148e-21
1879 1.63351e-21
1880 1.43316e-21
1881 1.25712e-21
1882 1.10247e-21
1883 9.66649e-22
1884 8.47383e-22
1885 7.42677e-22
1886 6.50774e-22
1887 5.70124e-22
1888 4.99365e-22
1889 4.37297e-22
1890 3.82864e-22
1891 3.35136e-22
1892 2.93297e-22
1893 2.56628e-22
1894 2.24496e-22
1895 1.96346e-22
1896 1.71691e-22
1897 1.501e-22
1898 1.31196e-22
1899 1.1465e-22
1900 1.00169e-22
1901 8.74993e-23
1902 7.64159e-23
1903 6.67226e-23
1904 5.82466e-23
1905 5.08367e-23
1906 4.43602e-23
1907 3.87006e-23
1908 3.37561e-23
1909 2.94372e-23
1910 2.56654e-23
1911 2.23722e-23
1912 1.94976e-23
1913 1.69887e-23
1914 1.47995e-23
1915 1.28898e-23
1916 1.12241e-23
1917 9.77165e-24
1918 8.50536e-24
1919 7.40161e-24
1920 6.43974e-24
1921 5.6017e-24
1922 4.8717e-24
1923 4.23594e-24
1924 3.68238e-24
1925 3.20048e-24
1926 2.78106e-24
1927 2.4161e-24
1928 2.0986e-24
1929 1.82243e-24
1930 1.58228e-24
1931 1.37348e-24
1932 1.19199e-24
1933 1.03426e-24
1934 8.97213e-25
1935 7.78164e-25
1936 6.74768e-25
1937 5.84988e-25
1938 5.07047e-25
1939 4.39398e-25
1940 3.80695e-25
1941 3.29765e-25
1942 2.85588e-25
1943 2.47278e-25
1944 2.14061e-25
1945 1.85268e-25
1946 1.60313e-25
1947 1.38691e-25
1948 1.1996e-25
1949 1.03737e-25
1950 8.96887e-26
1951 7.75266e-26
1952 6.69997e-26
1953 5.78898e-26
1954 5.00082e-26
1955 4.31904e-26
1956 3.72942e-26
1957 3.21964e-26
1958 2.77893e-26
1959 2.39805e-26
1960 2.06893e-26
1961 1.78461e-26
1962 1.53904e-26
1963 1.32698e-26
1964 1.1439e-26
1965 9.85865e-27
1966 8.49478e-27
1967 7.3182e-27
1968 6.30316e-27
1969 5.42776e-27
1970 4.67295e-27
1971 4.02225e-27
1972 3.46148e-27
1973 2.9782e-27
1974 2.56189e-27
1975 2.2033e-27
1976 1.8945e-27
1977 1.62863e-27
1978 1.39977e-27
1979 1.20283e-27
1980 1.03338e-27
1981 8.87601e-28
1982 7.62228e-28
1983 6.54426e-28
1984 5.61762e-28
1985 4.82105e-28
1986 4.1366e-28
1987 3.5486e-28
1988 3.0435e-28
1989 2.60977e-28
1990 2.23732e-28
1991 1.91762e-28
1992 1.64333e-28
1993 1.40792e-28
1994 1.20598e-28
1995 1.0328e-28
1996 8.8429e-29
1997 7.56983e-29
1998 6.47853e-29
1999 5.5435e-29
2000 4.74236e-29
2001 4.05618e-29
2002 3.46852e-29
2003 2.96536e-29
2004 2.53466e-29
2005 2.16608e-29
2006 1.8507e-29
2007 1.58087e-29
2008 1.35013e-29
2009 1.15279e-29
2010 9.841e-30
2011 8.39926e-30
2012 7.16707e-30
2013 6.11443e-30
2014 5.2153e-30
2015 4.44732e-30
2016 3.79175e-30
2017 3.23212e-30
2018 2.75444e-30
2019 2.34692e-30
2020 1.9992e-30
2021 1.70269e-30
2022 1.44982e-30
2023 1.23429e-30
2024 1.05054e-30
2025 8.93969e-31
2026 7.60628e-31
2027 6.46962e-31
2028 5.502e-31
2029 4.67845e-31
2030 3.977e-31
2031 3.38023e-31
2032 2.87268e-31
2033 2.44084e-31
2034 2.07362e-31
2035 1.76149e-31
2036 1.49611e-31
2037 1.27066e-31
2038 1.07925e-31
2039 9.16692e-32
2040 7.78866e-32
2041 6.62022e-32
2042 5.62977e-32
2043 4.7918e-32
2044 4.08396e-32
2045 3.48738e-32
2046 2.98475e-32
2047 2.5638e-32
