0 1.83328e-36
1 1.66695e-36
2 1.53462e-36
3 1.43196e-36
4 1.35551e-36
5 1.30285e-36
6 1.27214e-36
7 1.26239e-36
8 1.27319e-36
9 1.30479e-36
10 1.35819e-36
11 1.43487e-36
12 1.5373e-36
13 1.66861e-36
14 1.83276e-36
15 2.03484e-36
16 2.28095e-36
17 2.57875e-36
18 2.93709e-36
19 3.36684e-36
20 3.8813e-36
21 4.49569e-36
22 5.22865e-36
23 6.10178e-36
24 7.14149e-36
25 8.37888e-36
26 9.8497e-36
27 1.15983e-35
28 1.36765e-35
29 1.61449e-35
30 1.90766e-35
31 2.25567e-35
32 2.66859e-35
33 3.1585e-35
34 3.73974e-35
35 4.42905e-35
36 5.24602e-35
37 6.21448e-35
38 7.36234e-35
39 8.72161e-35
40 1.0332e-34
41 1.22399e-34
42 1.44981e-34
43 1.71695e-34
44 2.033e-34
45 2.40728e-34
46 2.84988e-34
47 3.37297e-34
48 3.99182e-34
49 4.7233e-34
50 5.58754e-34
51 6.60831e-34
52 7.81419e-34
53 9.23854e-34
54 1.09204e-33
55 1.2905e-33
56 1.52474e-33
57 1.80125e-33
58 2.12722e-33
59 2.51163e-33
60 2.96508e-33
61 3.49951e-33
62 4.1293e-33
63 4.87161e-33
64 5.74586e-33
65 6.77541e-33
66 7.98781e-33
67 9.41515e-33
68 1.10949e-32
69 1.30711e-32
70 1.5397e-32
71 1.81323e-32
72 2.13483e-32
73 2.51295e-32
74 2.95733e-32
75 3.47962e-32
76 4.09316e-32
77 4.8138e-32
78 5.66023e-32
79 6.65383e-32
80 7.82022e-32
81 9.18906e-32
82 1.0795e-31
83 1.26789e-31
84 1.48882e-31
85 1.74786e-31
86 2.05155e-31
87 2.40744e-31
88 2.82445e-31
89 3.31299e-31
90 3.88517e-31
91 4.55514e-31
92 5.33945e-31
93 6.2575e-31
94 7.33183e-31
95 8.58854e-31
96 1.00586e-30
97 1.17776e-30
98 1.37871e-30
99 1.61363e-30
100 1.88814e-30
101 2.20889e-30
102 2.58359e-30
103 3.02112e-30
104 3.53191e-30
105 4.12824e-30
106 4.82418e-30
107 5.63605e-30
108 6.58338e-30
109 7.68807e-30
110 8.97605e-30
111 1.04777e-29
112 1.22275e-29
113 1.42667e-29
114 1.66423e-29
115 1.94091e-29
116 2.26306e-29
117 2.63808e-29
118 3.07463e-29
119 3.58262e-29
120 4.17353e-29
121 4.86092e-29
122 5.6602e-29
123 6.58934e-29
124 7.6695e-29
125 8.92468e-29
126 1.0383e-28
127 1.20769e-28
128 1.4044e-28
129 1.6328e-28
130 1.8979e-28
131 2.20559e-28
132 2.56256e-28
133 2.97668e-28
134 3.45694e-28
135 4.01379e-28
136 4.65933e-28
137 5.40753e-28
138 6.27449e-28
139 7.27877e-28
140 8.44202e-28
141 9.789e-28
142 1.13484e-27
143 1.31534e-27
144 1.5242e-27
145 1.76585e-27
146 2.04536e-27
147 2.3686e-27
148 2.74232e-27
149 3.1743e-27
150 3.67353e-27
151 4.25034e-27
152 4.91665e-27
153 5.68616e-27
154 6.57466e-27
155 7.60035e-27
156 8.7841e-27
157 1.015e-26
158 1.17257e-26
159 1.35431e-26
160 1.56387e-26
161 1.80545e-26
162 2.0839e-26
163 2.40475e-26
164 2.7744e-26
165 3.20015e-26
166 3.69043e-26
167 4.25488e-26
168 4.90457e-26
169 5.6522e-26
170 6.51238e-26
171 7.50177e-26
172 8.63958e-26
173 9.94779e-26
174 1.14515e-25
175 1.31796e-25
176 1.5165e-25
177 1.74457e-25
178 2.0065e-25
179 2.30725e-25
180 2.65248e-25
181 3.04868e-25
182 3.5033e-25
183 4.02483e-25
184 4.62296e-25
185 5.30879e-25
186 6.09506e-25
187 6.99622e-25
188 8.02883e-25
189 9.21185e-25
190 1.05668e-24
191 1.21185e-24
192 1.3895e-24
193 1.59283e-24
194 1.82552e-24
195 2.09175e-24
196 2.39628e-24
197 2.74454e-24
198 3.14274e-24
199 3.59791e-24
200 4.11812e-24
201 4.71251e-24
202 5.39153e-24
203 6.16703e-24
204 7.05254e-24
205 8.06345e-24
206 9.21725e-24
207 1.05339e-23
208 1.20359e-23
209 1.37491e-23
210 1.57027e-23
211 1.79301e-23
212 2.04688e-23
213 2.3362e-23
214 2.66582e-23
215 3.04128e-23
216 3.46887e-23
217 3.95569e-23
218 4.50985e-23
219 5.14051e-23
220 5.85807e-23
221 6.67431e-23
222 7.60261e-23
223 8.65811e-23
224 9.85796e-23
225 1.12216e-22
226 1.27711e-22
227 1.45312e-22
228 1.65303e-22
229 1.88002e-22
230 2.13771e-22
231 2.43018e-22
232 2.76205e-22
233 3.13855e-22
234 3.56557e-22
235 4.04979e-22
236 4.59875e-22
237 5.22097e-22
238 5.92605e-22
239 6.72488e-22
240 7.62969e-22
241 8.65433e-22
242 9.81441e-22
243 1.11275e-21
244 1.26136e-21
245 1.42949e-21
246 1.61969e-21
247 1.83478e-21
248 2.07798e-21
249 2.35291e-21
250 2.66363e-21
251 3.01472e-21
252 3.41134e-21
253 3.85931e-21
254 4.36515e-21
255 4.93623e-21
256 5.5808e-21
257 6.30817e-21
258 7.12879e-21
259 8.05443e-21
260 9.09828e-21
261 1.02752e-20
262 1.16018e-20
263 1.30969e-20
264 1.47815e-20
265 1.6679e-20
266 1.88162e-20
267 2.12225e-20
268 2.39314e-20
269 2.69802e-20
270 3.04107e-20
271 3.427e-20
272 3.86106e-20
273 4.34915e-20
274 4.89786e-20
275 5.51459e-20
276 6.20762e-20
277 6.9862e-20
278 7.8607e-20
279 8.84272e-20
280 9.94522e-20
281 1.11827e-19
282 1.25714e-19
283 1.41294e-19
284 1.58769e-19
285 1.78366e-19
286 2.00338e-19
287 2.24966e-19
288 2.52565e-19
289 2.83486e-19
290 3.18123e-19
291 3.56912e-19
292 4.00342e-19
293 4.48956e-19
294 5.03361e-19
295 5.64234e-19
296 6.32327e-19
297 7.08481e-19
298 7.9363e-19
299 8.88817e-19
300 9.952e-19
301 1.11407e-18
302 1.24686e-18
303 1.39518e-18
304 1.56079e-18
305 1.74568e-18
306 1.95205e-18
307 2.18233e-18
308 2.43925e-18
309 2.72583e-18
310 3.04541e-18
311 3.40172e-18
312 3.79891e-18
313 4.24154e-18
314 4.73474e-18
315 5.28414e-18
316 5.89602e-18
317 6.57735e-18
318 7.33582e-18
319 8.18001e-18
320 9.11939e-18
321 1.01645e-17
322 1.13269e-17
323 1.26195e-17
324 1.40566e-17
325 1.5654e-17
326 1.74292e-17
327 1.94015e-17
328 2.15924e-17
329 2.40254e-17
330 2.67268e-17
331 2.97255e-17
332 3.30534e-17
333 3.67459e-17
334 4.0842e-17
335 4.53847e-17
336 5.04217e-17
337 5.60053e-17
338 6.21934e-17
339 6.90501e-17
340 7.66457e-17
341 8.50579e-17
342 9.43724e-17
343 1.04683e-16
344 1.16095e-16
345 1.28722e-16
346 1.42691e-16
347 1.58139e-16
348 1.75221e-16
349 1.94105e-16
350 2.14975e-16
351 2.38035e-16
352 2.6351e-16
353 2.91646e-16
354 3.22714e-16
355 3.57011e-16
356 3.94864e-16
357 4.36634e-16
358 4.82714e-16
359 5.33538e-16
360 5.89582e-16
361 6.51369e-16
362 7.19471e-16
363 7.94519e-16
364 8.77202e-16
365 9.68276e-16
366 1.06857e-15
367 1.179e-15
368 1.30056e-15
369 1.43434e-15
370 1.58154e-15
371 1.74347e-15
372 1.92157e-15
373 2.1174e-15
374 2.3327e-15
375 2.56934e-15
376 2.82939e-15
377 3.1151e-15
378 3.42893e-15
379 3.77357e-15
380 4.15199e-15
381 4.56738e-15
382 5.02327e-15
383 5.5235e-15
384 6.07227e-15
385 6.67414e-15
386 7.33412e-15
387 8.05765e-15
388 8.85069e-15
389 9.7197e-15
390 1.06718e-14
391 1.17146e-14
392 1.28565e-14
393 1.41068e-14
394 1.54753e-14
395 1.69728e-14
396 1.86112e-14
397 2.04034e-14
398 2.23631e-14
399 2.45058e-14
400 2.68477e-14
401 2.9407e-14
402 3.2203e-14
403 3.5257e-14
404 3.8592e-14
405 4.22329e-14
406 4.62068e-14
407 5.05432e-14
408 5.5274e-14
409 6.04338e-14
410 6.60602e-14
411 7.21939e-14
412 7.88791e-14
413 8.61635e-14
414 9.40991e-14
415 1.02742e-13
416 1.12153e-13
417 1.22398e-13
418 1.33548e-13
419 1.45681e-13
420 1.5888e-13
421 1.73235e-13
422 1.88845e-13
423 2.05815e-13
424 2.24259e-13
425 2.44301e-13
426 2.66075e-13
427 2.89726e-13
428 3.15409e-13
429 3.43294e-13
430 3.73562e-13
431 4.06411e-13
432 4.42052e-13
433 4.80717e-13
434 5.22651e-13
435 5.68122e-13
436 6.1742e-13
437 6.70854e-13
438 7.2876e-13
439 7.915e-13
440 8.59463e-13
441 9.33069e-13
442 1.01277e-12
443 1.09906e-12
444 1.19245e-12
445 1.29351e-12
446 1.40286e-12
447 1.52114e-12
448 1.64905e-12
449 1.78736e-12
450 1.93688e-12
451 2.09847e-12
452 2.27308e-12
453 2.46171e-12
454 2.66545e-12
455 2.88545e-12
456 3.12296e-12
457 3.37931e-12
458 3.65594e-12
459 3.95438e-12
460 4.27626e-12
461 4.62336e-12
462 4.99755e-12
463 5.40084e-12
464 5.8354e-12
465 6.30354e-12
466 6.80771e-12
467 7.35055e-12
468 7.93489e-12
469 8.56372e-12
470 9.24028e-12
471 9.96797e-12
472 1.07505e-11
473 1.15917e-11
474 1.24958e-11
475 1.34672e-11
476 1.45108e-11
477 1.56314e-11
478 1.68346e-11
479 1.8126e-11
480 1.95118e-11
481 2.09985e-11
482 2.2593e-11
483 2.43028e-11
484 2.61357e-11
485 2.81e-11
486 3.02048e-11
487 3.24595e-11
488 3.48742e-11
489 3.74597e-11
490 4.02273e-11
491 4.31894e-11
492 4.63588e-11
493 4.97494e-11
494 5.33757e-11
495 5.72534e-11
496 6.13991e-11
497 6.58304e-11
498 7.05659e-11
499 7.56257e-11
500 8.10309e-11
501 8.6804e-11
502 9.2969e-11
503 9.95511e-11
504 1.06577e-10
505 1.14077e-10
506 1.22079e-10
507 1.30617e-10
508 1.39725e-10
509 1.49439e-10
510 1.59798e-10
511 1.70842e-10
512 1.82616e-10
513 1.95164e-10
514 2.08535e-10
515 2.22782e-10
516 2.37958e-10
517 2.54121e-10
518 2.71333e-10
519 2.89656e-10
520 3.09161e-10
521 3.29918e-10
522 3.52003e-10
523 3.75496e-10
524 4.00482e-10
525 4.2705e-10
526 4.55293e-10
527 4.85309e-10
528 5.17203e-10
529 5.51083e-10
530 5.87065e-10
531 6.25267e-10
532 6.65818e-10
533 7.08848e-10
534 7.54497e-10
535 8.02911e-10
536 8.54241e-10
537 9.08648e-10
538 9.66299e-10
539 1.02737e-09
540 1.09204e-09
541 1.1605e-09
542 1.23295e-09
543 1.3096e-09
544 1.39067e-09
545 1.47638e-09
546 1.56697e-09
547 1.66268e-09
548 1.76378e-09
549 1.87053e-09
550 1.9832e-09
551 2.1021e-09
552 2.22752e-09
553 2.35978e-09
554 2.49921e-09
555 2.64615e-09
556 2.80097e-09
557 2.96403e-09
558 3.13572e-09
559 3.31645e-09
560 3.50665e-09
561 3.70675e-09
562 3.91722e-09
563 4.13853e-09
564 4.37121e-09
565 4.61576e-09
566 4.87275e-09
567 5.14275e-09
568 5.42636e-09
569 5.72421e-09
570 6.03697e-09
571 6.36532e-09
572 6.71e-09
573 7.07177e-09
574 7.45142e-09
575 7.84979e-09
576 8.26776e-09
577 8.70625e-09
578 9.16623e-09
579 9.64869e-09
580 1.01547e-08
581 1.06854e-08
582 1.1242e-08
583 1.18256e-08
584 1.24375e-08
585 1.30791e-08
586 1.37518e-08
587 1.44571e-08
588 1.51964e-08
589 1.59714e-08
590 1.67838e-08
591 1.76353e-08
592 1.85277e-08
593 1.94629e-08
594 2.04428e-08
595 2.14696e-08
596 2.25453e-08
597 2.3672e-08
598 2.48522e-08
599 2.6088e-08
600 2.7382e-08
601 2.87365e-08
602 3.01542e-08
603 3.16377e-08
604 3.31896e-08
605 3.48127e-08
606 3.65099e-08
607 3.82838e-08
608 4.01376e-08
609 4.2074e-08
610 4.40961e-08
611 4.6207e-08
612 4.84096e-08
613 5.0707e-08
614 5.31023e-08
615 5.55985e-08
616 5.81988e-08
617 6.0906e-08
618 6.37234e-08
619 6.66539e-08
620 6.97004e-08
621 7.28658e-08
622 7.6153e-08
623 7.95647e-08
624 8.31037e-08
625 8.67726e-08
626 9.05739e-08
627 9.451e-08
628 9.85834e-08
629 1.02796e-07
630 1.0715e-07
631 1.11648e-07
632 1.16291e-07
633 1.21082e-07
634 1.26021e-07
635 1.31111e-07
636 1.36353e-07
637 1.41748e-07
638 1.47298e-07
639 1.53003e-07
640 1.58866e-07
641 1.64887e-07
642 1.71067e-07
643 1.77407e-07
644 1.83909e-07
645 1.90574e-07
646 1.97404e-07
647 2.04399e-07
648 2.11561e-07
649 2.18892e-07
650 2.26395e-07
651 2.34071e-07
652 2.41923e-07
653 2.49955e-07
654 2.5817e-07
655 2.66572e-07
656 2.75166e-07
657 2.83957e-07
658 2.9295e-07
659 3.02153e-07
660 3.11573e-07
661 3.21218e-07
662 3.31097e-07
663 3.41221e-07
664 3.51599e-07
665 3.62246e-07
666 3.73173e-07
667 3.84396e-07
668 3.95929e-07
669 4.07789e-07
670 4.19996e-07
671 4.32567e-07
672 4.45523e-07
673 4.58887e-07
674 4.72681e-07
675 4.8693e-07
676 5.0166e-07
677 5.16897e-07
678 5.32669e-07
679 5.49006e-07
680 5.65938e-07
681 5.83496e-07
682 6.01712e-07
683 6.20619e-07
684 6.4025e-07
685 6.6064e-07
686 6.81823e-07
687 7.03832e-07
688 7.26704e-07
689 7.50472e-07
690 7.75171e-07
691 8.00833e-07
692 8.27491e-07
693 8.55177e-07
694 8.83921e-07
695 9.13752e-07
696 9.44695e-07
697 9.76777e-07
698 1.01002e-06
699 1.04444e-06
700 1.08005e-06
701 1.11687e-06
702 1.15491e-06
703 1.19417e-06
704 1.23465e-06
705 1.27634e-06
706 1.31925e-06
707 1.36335e-06
708 1.40862e-06
709 1.45504e-06
710 1.50258e-06
711 1.55119e-06
712 1.60083e-06
713 1.65146e-06
714 1.703e-06
715 1.75541e-06
716 1.80859e-06
717 1.86248e-06
718 1.91698e-06
719 1.972e-06
720 2.02744e-06
721 2.08318e-06
722 2.13912e-06
723 2.19512e-06
724 2.25105e-06
725 2.30678e-06
726 2.36216e-06
727 2.41705e-06
728 2.47128e-06
729 2.5247e-06
730 2.57714e-06
731 2.62843e-06
732 2.6784e-06
733 2.72687e-06
734 2.77367e-06
735 2.81862e-06
736 2.86153e-06
737 2.90223e-06
738 2.94054e-06
739 2.97629e-06
740 3.0093e-06
741 3.03941e-06
742 3.06644e-06
743 3.09025e-06
744 3.11069e-06
745 3.12762e-06
746 3.14091e-06
747 3.15043e-06
748 3.15608e-06
749 3.15777e-06
750 3.15542e-06
751 3.14896e-06
752 3.13836e-06
753 3.12357e-06
754 3.1046e-06
755 3.08145e-06
756 3.05417e-06
757 3.02279e-06
758 2.98741e-06
759 2.94813e-06
760 2.90506e-06
761 2.85838e-06
762 2.80826e-06
763 2.75491e-06
764 2.69856e-06
765 2.63948e-06
766 2.57796e-06
767 2.51433e-06
768 2.44893e-06
769 2.38215e-06
770 2.3144e-06
771 2.24611e-06
772 2.17774e-06
773 2.10981e-06
774 2.04282e-06
775 1.97732e-06
776 1.9139e-06
777 1.85315e-06
778 1.7957e-06
779 1.74219e-06
780 1.69331e-06
781 1.64972e-06
782 1.61216e-06
783 1.58133e-06
784 1.55799e-06
785 1.54289e-06
786 1.53679e-06
787 1.54048e-06
788 1.55474e-06
789 1.58037e-06
790 1.61814e-06
791 1.66887e-06
792 1.73334e-06
793 1.81235e-06
794 1.90667e-06
795 2.01709e-06
796 2.14436e-06
797 2.28924e-06
798 2.45247e-06
799 2.63475e-06
800 2.83678e-06
801 3.05924e-06
802 3.30277e-06
803 3.56798e-06
804 3.85548e-06
805 4.1658e-06
806 4.49948e-06
807 4.857e-06
808 5.2388e-06
809 5.6453e-06
810 6.07686e-06
811 6.5338e-06
812 7.01641e-06
813 7.52492e-06
814 8.05952e-06
815 8.62036e-06
816 9.20753e-06
817 9.82109e-06
818 1.0461e-05
819 1.11273e-05
820 1.18199e-05
821 1.25385e-05
822 1.32831e-05
823 1.40534e-05
824 1.48492e-05
825 1.56701e-05
826 1.65158e-05
827 1.73859e-05
828 1.828e-05
829 1.91976e-05
830 2.01382e-05
831 2.11014e-05
832 2.20866e-05
833 2.30932e-05
834 2.41207e-05
835 2.51684e-05
836 2.62359e-05
837 2.73224e-05
838 2.84274e-05
839 2.95503e-05
840 3.06905e-05
841 3.18474e-05
842 3.30205e-05
843 3.42091e-05
844 3.54129e-05
845 3.66313e-05
846 3.78638e-05
847 3.91102e-05
848 4.037e-05
849 4.1643e-05
850 4.29289e-05
851 4.42276e-05
852 4.5539e-05
853 4.68631e-05
854 4.81999e-05
855 4.95496e-05
856 5.09125e-05
857 5.22889e-05
858 5.36793e-05
859 5.50843e-05
860 5.65046e-05
861 5.79409e-05
862 5.93943e-05
863 6.08657e-05
864 6.23565e-05
865 6.38679e-05
866 6.54015e-05
867 6.69589e-05
868 6.85419e-05
869 7.01525e-05
870 7.17927e-05
871 7.3465e-05
872 7.51718e-05
873 7.69156e-05
874 7.86994e-05
875 8.05261e-05
876 8.23988e-05
877 8.4321e-05
878 8.62962e-05
879 8.83281e-05
880 9.04207e-05
881 9.25781e-05
882 9.48045e-05
883 9.71045e-05
884 9.94829e-05
885 0.000101944
886 0.000104494
887 0.000107138
888 0.00010988
889 0.000112727
890 0.000115685
891 0.00011876
892 0.000121958
893 0.000125285
894 0.000128748
895 0.000132355
896 0.000136111
897 0.000140025
898 0.000144104
899 0.000148355
900 0.000152786
901 0.000157405
902 0.000162221
903 0.000167242
904 0.000172476
905 0.000177932
906 0.000183619
907 0.000189546
908 0.000195722
909 0.000202157
910 0.00020886
911 0.00021584
912 0.000223109
913 0.000230675
914 0.00023855
915 0.000246742
916 0.000255264
917 0.000264125
918 0.000273336
919 0.000282909
920 0.000292853
921 0.000303181
922 0.000313904
923 0.000325033
924 0.00033658
925 0.000348556
926 0.000360974
927 0.000373845
928 0.000387181
929 0.000400995
930 0.000415299
931 0.000430105
932 0.000445425
933 0.000461273
934 0.000477661
935 0.000494602
936 0.000512109
937 0.000530194
938 0.000548871
939 0.000568153
940 0.000588054
941 0.000608586
942 0.000629763
943 0.000651598
944 0.000674106
945 0.000697299
946 0.000721192
947 0.000745797
948 0.00077113
949 0.000797204
950 0.000824032
951 0.000851629
952 0.000880009
953 0.000909186
954 0.000939173
955 0.000969986
956 0.00100164
957 0.00103414
958 0.00106751
959 0.00110177
960 0.00113692
961 0.00117298
962 0.00120996
963 0.00124789
964 0.00128676
965 0.0013266
966 0.00136743
967 0.00140925
968 0.00145207
969 0.00149592
970 0.00154081
971 0.00158675
972 0.00163375
973 0.00168183
974 0.001731
975 0.00178128
976 0.00183267
977 0.0018852
978 0.00193887
979 0.0019937
980 0.0020497
981 0.00210689
982 0.00216527
983 0.00222486
984 0.00228566
985 0.0023477
986 0.00241099
987 0.00247552
988 0.00254133
989 0.00260841
990 0.00267678
991 0.00274644
992 0.00281742
993 0.00288971
994 0.00296333
995 0.00303828
996 0.00311458
997 0.00319223
998 0.00327124
999 0.00335162
1000 0.00343338
1001 0.00351652
1002 0.00360105
1003 0.00368696
1004 0.00377428
1005 0.00386301
1006 0.00395314
1007 0.00404468
1008 0.00413764
1009 0.00423201
1010 0.0043278
1011 0.00442502
1012 0.00452366
1013 0.00462371
1014 0.00472519
1015 0.00482809
1016 0.00493241
1017 0.00503814
1018 0.00514529
1019 0.00525384
1020 0.0053638
1021 0.00547516
1022 0.00558791
1023 0.00570204
1024 0.00581756
1025 0.00593444
1026 0.00605268
1027 0.00617228
1028 0.00629321
1029 0.00641547
1030 0.00653905
1031 0.00666392
1032 0.00679008
1033 0.00691752
1034 0.00704621
1035 0.00717613
1036 0.00730728
1037 0.00743963
1038 0.00757316
1039 0.00770784
1040 0.00784367
1041 0.00798062
1042 0.00811865
1043 0.00825776
1044 0.0083979
1045 0.00853906
1046 0.00868121
1047 0.00882432
1048 0.00896836
1049 0.00911329
1050 0.0092591
1051 0.00940574
1052 0.00955319
1053 0.0097014
1054 0.00985034
1055 0.00999999
1056 0.0101503
1057 0.0103012
1058 0.0104527
1059 0.0106048
1060 0.0107573
1061 0.0109104
1062 0.0110638
1063 0.0112176
1064 0.0113717
1065 0.0115262
1066 0.0116808
1067 0.0118357
1068 0.0119907
1069 0.0121458
1070 0.012301
1071 0.0124562
1072 0.0126113
1073 0.0127663
1074 0.0129212
1075 0.0130758
1076 0.0132302
1077 0.0133843
1078 0.013538
1079 0.0136913
1080 0.0138442
1081 0.0139965
1082 0.0141482
1083 0.0142993
1084 0.0144497
1085 0.0145993
1086 0.0147481
1087 0.0148961
1088 0.0150431
1089 0.0151891
1090 0.0153341
1091 0.015478
1092 0.0156208
1093 0.0157623
1094 0.0159025
1095 0.0160414
1096 0.016179
1097 0.016315
1098 0.0164496
1099 0.0165826
1100 0.016714
1101 0.0168437
1102 0.0169716
1103 0.0170978
1104 0.0172221
1105 0.0173445
1106 0.017465
1107 0.0175834
1108 0.0176998
1109 0.017814
1110 0.0179261
1111 0.0180359
1112 0.0181435
1113 0.0182487
1114 0.0183516
1115 0.018452
1116 0.0185499
1117 0.0186453
1118 0.0187381
1119 0.0188284
1120 0.0189159
1121 0.0190008
1122 0.0190829
1123 0.0191622
1124 0.0192386
1125 0.0193122
1126 0.0193829
1127 0.0194507
1128 0.0195155
1129 0.0195773
1130 0.019636
1131 0.0196916
1132 0.0197442
1133 0.0197936
1134 0.0198398
1135 0.0198829
1136 0.0199228
1137 0.0199594
1138 0.0199928
1139 0.0200229
1140 0.0200497
1141 0.0200732
1142 0.0200934
1143 0.0201103
1144 0.0201238
1145 0.020134
1146 0.0201409
1147 0.0201443
1148 0.0201444
1149 0.0201411
1150 0.0201345
1151 0.0201245
1152 0.0201111
1153 0.0200944
1154 0.0200743
1155 0.0200508
1156 0.020024
1157 0.0199939
1158 0.0199605
1159 0.0199238
1160 0.0198837
1161 0.0198405
1162 0.0197939
1163 0.0197442
1164 0.0196912
1165 0.0196351
1166 0.0195758
1167 0.0195134
1168 0.0194478
1169 0.0193793
1170 0.0193076
1171 0.019233
1172 0.0191554
1173 0.0190749
1174 0.0189915
1175 0.0189052
1176 0.0188162
1177 0.0187243
1178 0.0186297
1179 0.0185325
1180 0.0184326
1181 0.0183301
1182 0.018225
1183 0.0181175
1184 0.0180075
1185 0.0178951
1186 0.0177803
1187 0.0176633
1188 0.017544
1189 0.0174225
1190 0.0172989
1191 0.0171733
1192 0.0170456
1193 0.0169159
1194 0.0167844
1195 0.0166509
1196 0.0165157
1197 0.0163788
1198 0.0162402
1199 0.0161
1200 0.0159583
1201 0.015815
1202 0.0156703
1203 0.0155243
1204 0.0153769
1205 0.0152283
1206 0.0150786
1207 0.0149277
1208 0.0147757
1209 0.0146228
1210 0.0144689
1211 0.0143141
1212 0.0141586
1213 0.0140023
1214 0.0138452
1215 0.0136876
1216 0.0135294
1217 0.0133707
1218 0.0132115
1219 0.0130519
1220 0.0128921
1221 0.0127319
1222 0.0125715
1223 0.012411
1224 0.0122503
1225 0.0120896
1226 0.0119289
1227 0.0117683
1228 0.0116078
1229 0.0114475
1230 0.0112874
1231 0.0111275
1232 0.010968
1233 0.0108089
1234 0.0106502
1235 0.0104919
1236 0.0103342
1237 0.010177
1238 0.0100205
1239 0.00986457
1240 0.00970937
1241 0.00955491
1242 0.00940124
1243 0.00924838
1244 0.00909639
1245 0.00894529
1246 0.00879513
1247 0.00864595
1248 0.00849777
1249 0.00835064
1250 0.00820458
1251 0.00805963
1252 0.00791582
1253 0.00777317
1254 0.00763172
1255 0.0074915
1256 0.00735253
1257 0.00721483
1258 0.00707843
1259 0.00694335
1260 0.00680962
1261 0.00667726
1262 0.00654628
1263 0.00641671
1264 0.00628856
1265 0.00616185
1266 0.00603659
1267 0.00591281
1268 0.00579051
1269 0.0056697
1270 0.0055504
1271 0.00543262
1272 0.00531636
1273 0.00520165
1274 0.00508847
1275 0.00497685
1276 0.00486678
1277 0.00475827
1278 0.00465133
1279 0.00454596
1280 0.00444215
1281 0.00433992
1282 0.00423926
1283 0.00414017
1284 0.00404265
1285 0.0039467
1286 0.00385231
1287 0.00375949
1288 0.00366822
1289 0.00357851
1290 0.00349035
1291 0.00340372
1292 0.00331863
1293 0.00323507
1294 0.00315303
1295 0.00307249
1296 0.00299346
1297 0.00291592
1298 0.00283985
1299 0.00276526
1300 0.00269212
1301 0.00262043
1302 0.00255018
1303 0.00248134
1304 0.00241391
1305 0.00234788
1306 0.00228322
1307 0.00221993
1308 0.002158
1309 0.00209739
1310 0.00203811
1311 0.00198013
1312 0.00192344
1313 0.00186803
1314 0.00181387
1315 0.00176095
1316 0.00170925
1317 0.00165876
1318 0.00160946
1319 0.00156133
1320 0.00151436
1321 0.00146852
1322 0.00142381
1323 0.00138019
1324 0.00133766
1325 0.0012962
1326 0.00125578
1327 0.0012164
1328 0.00117803
1329 0.00114065
1330 0.00110425
1331 0.00106882
1332 0.00103432
1333 0.00100075
1334 0.000968086
1335 0.000936311
1336 0.000905407
1337 0.000875359
1338 0.000846147
1339 0.000817756
1340 0.000790168
1341 0.000763366
1342 0.000737333
1343 0.000712054
1344 0.00068751
1345 0.000663687
1346 0.000640568
1347 0.000618137
1348 0.000596378
1349 0.000575276
1350 0.000554814
1351 0.000534979
1352 0.000515755
1353 0.000497127
1354 0.000479081
1355 0.000461601
1356 0.000444675
1357 0.000428288
1358 0.000412425
1359 0.000397075
1360 0.000382222
1361 0.000367855
1362 0.00035396
1363 0.000340525
1364 0.000327537
1365 0.000314984
1366 0.000302854
1367 0.000291135
1368 0.000279815
1369 0.000268885
1370 0.000258331
1371 0.000248144
1372 0.000238313
1373 0.000228827
1374 0.000219676
1375 0.000210851
1376 0.000202341
1377 0.000194137
1378 0.000186229
1379 0.000178609
1380 0.000171268
1381 0.000164197
1382 0.000157387
1383 0.00015083
1384 0.000144518
1385 0.000138444
1386 0.000132599
1387 0.000126976
1388 0.000121568
1389 0.000116367
1390 0.000111368
1391 0.000106562
1392 0.000101944
1393 9.75069e-05
1394 9.32447e-05
1395 8.91514e-05
1396 8.52212e-05
1397 8.14483e-05
1398 7.78271e-05
1399 7.43525e-05
1400 7.1019e-05
1401 6.78217e-05
1402 6.47556e-05
1403 6.1816e-05
1404 5.89983e-05
1405 5.6298e-05
1406 5.37107e-05
1407 5.12322e-05
1408 4.88586e-05
1409 4.65857e-05
1410 4.44098e-05
1411 4.23273e-05
1412 4.03344e-05
1413 3.84278e-05
1414 3.66042e-05
1415 3.48602e-05
1416 3.31927e-05
1417 3.15988e-05
1418 3.00755e-05
1419 2.862e-05
1420 2.72296e-05
1421 2.59016e-05
1422 2.46335e-05
1423 2.34229e-05
1424 2.22674e-05
1425 2.11647e-05
1426 2.01126e-05
1427 1.91091e-05
1428 1.8152e-05
1429 1.72395e-05
1430 1.63696e-05
1431 1.55405e-05
1432 1.47506e-05
1433 1.39979e-05
1434 1.32811e-05
1435 1.25985e-05
1436 1.19486e-05
1437 1.133e-05
1438 1.07413e-05
1439 1.01811e-05
1440 9.64827e-06
1441 9.1415e-06
1442 8.65963e-06
1443 8.20153e-06
1444 7.76613e-06
1445 7.35238e-06
1446 6.95929e-06
1447 6.58591e-06
1448 6.23132e-06
1449 5.89466e-06
1450 5.57507e-06
1451 5.27176e-06
1452 4.98396e-06
1453 4.71093e-06
1454 4.45198e-06
1455 4.20642e-06
1456 3.97361e-06
1457 3.75294e-06
1458 3.54381e-06
1459 3.34567e-06
1460 3.15798e-06
1461 2.98022e-06
1462 2.81191e-06
1463 2.65257e-06
1464 2.50175e-06
1465 2.35905e-06
1466 2.22403e-06
1467 2.09632e-06
1468 1.97555e-06
1469 1.86137e-06
1470 1.75343e-06
1471 1.65142e-06
1472 1.55503e-06
1473 1.46397e-06
1474 1.37797e-06
1475 1.29676e-06
1476 1.22009e-06
1477 1.14772e-06
1478 1.07943e-06
1479 1.01499e-06
1480 9.54214e-07
1481 8.96893e-07
1482 8.42844e-07
1483 7.91893e-07
1484 7.43872e-07
1485 6.98622e-07
1486 6.55992e-07
1487 6.15838e-07
1488 5.78026e-07
1489 5.42426e-07
1490 5.08915e-07
1491 4.77378e-07
1492 4.47704e-07
1493 4.1979e-07
1494 3.93537e-07
1495 3.68851e-07
1496 3.45643e-07
1497 3.2383e-07
1498 3.03332e-07
1499 2.84074e-07
1500 2.65985e-07
1501 2.48997e-07
1502 2.33047e-07
1503 2.18074e-07
1504 2.04022e-07
1505 1.90836e-07
1506 1.78467e-07
1507 1.66865e-07
1508 1.55986e-07
1509 1.45787e-07
1510 1.36226e-07
1511 1.27267e-07
1512 1.18873e-07
1513 1.1101e-07
1514 1.03646e-07
1515 9.67509e-08
1516 9.02961e-08
1517 8.42548e-08
1518 7.86017e-08
1519 7.3313e-08
1520 6.83662e-08
1521 6.37402e-08
1522 5.94152e-08
1523 5.53723e-08
1524 5.1594e-08
1525 4.80637e-08
1526 4.47659e-08
1527 4.16858e-08
1528 3.88098e-08
1529 3.61248e-08
1530 3.36187e-08
1531 3.128e-08
1532 2.90981e-08
1533 2.70629e-08
1534 2.51649e-08
1535 2.33952e-08
1536 2.17455e-08
1537 2.02081e-08
1538 1.87754e-08
1539 1.74408e-08
1540 1.61977e-08
1541 1.50402e-08
1542 1.39625e-08
1543 1.29594e-08
1544 1.20258e-08
1545 1.11573e-08
1546 1.03493e-08
1547 9.59789e-09
1548 8.8992e-09
1549 8.24968e-09
1550 7.64599e-09
1551 7.08503e-09
1552 6.56387e-09
1553 6.07979e-09
1554 5.63026e-09
1555 5.21289e-09
1556 4.82547e-09
1557 4.46592e-09
1558 4.13231e-09
1559 3.82284e-09
1560 3.53581e-09
1561 3.26966e-09
1562 3.02292e-09
1563 2.79422e-09
1564 2.58229e-09
1565 2.38595e-09
1566 2.20408e-09
1567 2.03565e-09
1568 1.8797e-09
1569 1.73535e-09
1570 1.60174e-09
1571 1.47812e-09
1572 1.36376e-09
1573 1.25799e-09
1574 1.16018e-09
1575 1.06975e-09
1576 9.86169e-10
1577 9.08929e-10
1578 8.37566e-10
1579 7.71647e-10
1580 7.10768e-10
1581 6.54557e-10
1582 6.02667e-10
1583 5.54776e-10
1584 5.10585e-10
1585 4.69816e-10
1586 4.32213e-10
1587 3.97538e-10
1588 3.65569e-10
1589 3.36101e-10
1590 3.08945e-10
1591 2.83923e-10
1592 2.60875e-10
1593 2.39647e-10
1594 2.20102e-10
1595 2.02108e-10
1596 1.85548e-10
1597 1.70308e-10
1598 1.56288e-10
1599 1.43393e-10
1600 1.31534e-10
1601 1.20631e-10
1602 1.10608e-10
1603 1.01398e-10
1604 9.29346e-11
1605 8.51603e-11
1606 7.80201e-11
1607 7.14637e-11
1608 6.54447e-11
1609 5.99201e-11
1610 5.48505e-11
1611 5.01994e-11
1612 4.59331e-11
1613 4.20207e-11
1614 3.84335e-11
1615 3.51452e-11
1616 3.21315e-11
1617 2.93702e-11
1618 2.68405e-11
1619 2.45237e-11
1620 2.24021e-11
1621 2.04598e-11
1622 1.8682e-11
1623 1.70551e-11
1624 1.55667e-11
1625 1.42052e-11
1626 1.296e-11
1627 1.18216e-11
1628 1.07809e-11
1629 9.82971e-12
1630 8.9606e-12
1631 8.16663e-12
1632 7.44146e-12
1633 6.77926e-12
1634 6.1747e-12
1635 5.62287e-12
1636 5.11929e-12
1637 4.65983e-12
1638 4.24073e-12
1639 3.85851e-12
1640 3.51e-12
1641 3.1923e-12
1642 2.90275e-12
1643 2.63892e-12
1644 2.39855e-12
1645 2.17963e-12
1646 1.98027e-12
1647 1.79877e-12
1648 1.63357e-12
1649 1.48322e-12
1650 1.34643e-12
1651 1.222e-12
1652 1.10884e-12
1653 1.00594e-12
1654 9.12403e-13
1655 8.27389e-13
1656 7.50138e-13
1657 6.79958e-13
1658 6.16214e-13
1659 5.58329e-13
1660 5.05776e-13
1661 4.58072e-13
1662 4.14781e-13
1663 3.75503e-13
1664 3.39873e-13
1665 3.07558e-13
1666 2.78258e-13
1667 2.51696e-13
1668 2.27622e-13
1669 2.05808e-13
1670 1.86045e-13
1671 1.68144e-13
1672 1.51933e-13
1673 1.37257e-13
1674 1.23972e-13
1675 1.1195e-13
1676 1.01072e-13
1677 9.12318e-14
1678 8.23324e-14
1679 7.42854e-14
1680 6.70108e-14
1681 6.04359e-14
1682 5.44946e-14
1683 4.9127e-14
1684 4.42788e-14
1685 3.99006e-14
1686 3.59477e-14
1687 3.23796e-14
1688 2.91595e-14
1689 2.62541e-14
1690 2.36332e-14
1691 2.12695e-14
1692 1.91381e-14
1693 1.72167e-14
1694 1.54849e-14
1695 1.39244e-14
1696 1.25185e-14
1697 1.12521e-14
1698 1.01117e-14
1699 9.08502e-15
1700 8.16082e-15
1701 7.32909e-15
1702 6.58074e-15
1703 5.90755e-15
1704 5.3021e-15
1705 4.7577e-15
1706 4.26829e-15
1707 3.82842e-15
1708 3.43315e-15
1709 3.07804e-15
1710 2.75907e-15
1711 2.47264e-15
1712 2.21547e-15
1713 1.98463e-15
1714 1.77747e-15
1715 1.59159e-15
1716 1.42485e-15
1717 1.27531e-15
1718 1.14122e-15
1719 1.02102e-15
1720 9.13277e-16
1721 8.16733e-16
1722 7.30241e-16
1723 6.5277e-16
1724 5.83395e-16
1725 5.21282e-16
1726 4.65683e-16
1727 4.15926e-16
1728 3.71407e-16
1729 3.31583e-16
1730 2.95966e-16
1731 2.64119e-16
1732 2.35648e-16
1733 2.10202e-16
1734 1.87464e-16
1735 1.6715e-16
1736 1.49006e-16
1737 1.32803e-16
1738 1.18337e-16
1739 1.05424e-16
1740 9.39005e-17
1741 8.36187e-17
1742 7.44469e-17
1743 6.6267e-17
1744 5.89733e-17
1745 5.24713e-17
1746 4.66762e-17
1747 4.15123e-17
1748 3.69118e-17
1749 3.28142e-17
1750 2.91653e-17
1751 2.59166e-17
1752 2.30249e-17
1753 2.04514e-17
1754 1.81618e-17
1755 1.6125e-17
1756 1.43136e-17
1757 1.2703e-17
1758 1.12712e-17
1759 9.99865e-18
1760 8.86789e-18
1761 7.86334e-18
1762 6.97109e-18
1763 6.17877e-18
1764 5.47534e-18
1765 4.85095e-18
1766 4.29685e-18
1767 3.80523e-18
1768 3.36915e-18
1769 2.9824e-18
1770 2.63948e-18
1771 2.33549e-18
1772 2.06608e-18
1773 1.82735e-18
1774 1.61586e-18
1775 1.42854e-18
1776 1.26267e-18
1777 1.11582e-18
1778 9.8584e-19
1779 8.70814e-19
1780 7.69045e-19
1781 6.79024e-19
1782 5.99413e-19
1783 5.29022e-19
1784 4.66798e-19
1785 4.11805e-19
1786 3.63213e-19
1787 3.20286e-19
1788 2.82372e-19
1789 2.48894e-19
1790 2.19337e-19
1791 1.93249e-19
1792 1.70228e-19
1793 1.49917e-19
1794 1.32001e-19
1795 1.16201e-19
1796 1.02271e-19
1797 8.99914e-20
1798 7.91692e-20
1799 6.96335e-20
1800 6.12333e-20
1801 5.38349e-20
1802 4.73203e-20
1803 4.15851e-20
1804 3.65372e-20
1805 3.20952e-20
1806 2.81871e-20
1807 2.47497e-20
1808 2.17267e-20
1809 1.90689e-20
1810 1.67327e-20
1811 1.46795e-20
1812 1.28755e-20
1813 1.12907e-20
1814 9.89894e-21
1815 8.67685e-21
1816 7.60399e-21
1817 6.66236e-21
1818 5.83609e-21
1819 5.11119e-21
1820 4.47537e-21
1821 3.9178e-21
1822 3.42897e-21
1823 3.00048e-21
1824 2.62497e-21
1825 2.29596e-21
1826 2.00776e-21
1827 1.75536e-21
1828 1.53436e-21
1829 1.3409e-21
1830 1.17157e-21
1831 1.02341e-21
1832 8.93795e-22
1833 7.80427e-22
1834 6.81292e-22
1835 5.94622e-22
1836 5.18866e-22
1837 4.52664e-22
1838 3.94824e-22
1839 3.44301e-22
1840 3.00178e-22
1841 2.61653e-22
1842 2.28024e-22
1843 1.98674e-22
1844 1.73064e-22
1845 1.50724e-22
1846 1.31239e-22
1847 1.14248e-22
1848 9.94356e-23
1849 8.6525e-23
1850 7.52745e-23
1851 6.54728e-23
1852 5.69351e-23
1853 4.95001e-23
1854 4.30267e-23
1855 3.73919e-23
1856 3.24879e-23
1857 2.82211e-23
1858 2.45093e-23
1859 2.12812e-23
1860 1.84742e-23
1861 1.60341e-23
1862 1.39132e-23
1863 1.20702e-23
1864 1.04692e-23
1865 9.0785e-24
1866 7.87087e-24
1867 6.8224e-24
1868 5.91233e-24
1869 5.12254e-24
1870 4.4373e-24
1871 3.8429e-24
1872 3.3274e-24
1873 2.88043e-24
1874 2.49296e-24
1875 2.15714e-24
1876 1.86616e-24
1877 1.61408e-24
1878 1.39576e-24
1879 1.2067e-24
1880 1.04302e-24
1881 9.01353e-25
1882 7.78757e-25
1883 6.72691e-25
1884 5.80945e-25
1885 5.01604e-25
1886 4.33005e-25
1887 3.73706e-25
1888 3.22459e-25
1889 2.78179e-25
1890 2.39927e-25
1891 2.06891e-25
1892 1.78365e-25
1893 1.53739e-25
1894 1.32484e-25
1895 1.14143e-25
1896 9.83203e-26
1897 8.46723e-26
1898 7.2903e-26
1899 6.2756e-26
1900 5.40097e-26
1901 4.64722e-26
1902 3.9978e-26
1903 3.43839e-26
1904 2.95662e-26
1905 2.5418e-26
1906 2.18471e-26
1907 1.87737e-26
1908 1.61292e-26
1909 1.38543e-26
1910 1.18976e-26
1911 1.0215e-26
1912 8.7685e-27
1913 7.52521e-27
1914 6.45679e-27
1915 5.53886e-27
1916 4.7504e-27
1917 4.07329e-27
1918 3.49194e-27
1919 2.99291e-27
1920 2.56464e-27
1921 2.19717e-27
1922 1.88195e-27
1923 1.6116e-27
1924 1.37979e-27
1925 1.18107e-27
1926 1.01074e-27
1927 8.64796e-28
1928 7.39761e-28
1929 6.32666e-28
1930 5.40958e-28
1931 4.62443e-28
1932 3.95237e-28
1933 3.37725e-28
1934 2.88519e-28
1935 2.46429e-28
1936 2.10433e-28
1937 1.79656e-28
1938 1.53346e-28
1939 1.30861e-28
1940 1.11649e-28
1941 9.52366e-29
1942 8.12196e-29
1943 6.92505e-29
1944 5.90318e-29
1945 5.03106e-29
1946 4.28683e-29
1947 3.65188e-29
1948 3.11031e-29
1949 2.64848e-29
1950 2.25473e-29
1951 1.91911e-29
1952 1.63309e-29
1953 1.38939e-29
1954 1.1818e-29
1955 1.00501e-29
1956 8.5447e-30
1957 7.26332e-30
1958 6.17272e-30
1959 5.24472e-30
1960 4.45525e-30
1961 3.78383e-30
1962 3.21288e-30
1963 2.72746e-30
1964 2.31492e-30
1965 1.96433e-30
1966 1.66645e-30
1967 1.41346e-30
1968 1.19861e-30
1969 1.01619e-30
1970 8.61349e-31
1971 7.29944e-31
1972 6.18448e-31
1973 5.23866e-31
1974 4.43655e-31
1975 3.75642e-31
1976 3.17988e-31
1977 2.69121e-31
1978 2.27717e-31
1979 1.92641e-31
1980 1.62929e-31
1981 1.37771e-31
1982 1.16472e-31
1983 9.84442e-32
1984 8.31885e-32
1985 7.02823e-32
1986 5.9365e-32
1987 5.01324e-32
1988 4.23266e-32
1989 3.57285e-32
1990 3.01522e-32
1991 2.54406e-32
1992 2.14607e-32
1993 1.80993e-32
1994 1.52612e-32
1995 1.28652e-32
1996 1.08431e-32
1997 9.13681e-33
1998 7.69739e-33
1999 6.48334e-33
2000 5.45949e-33
2001 4.59641e-33
2002 3.86895e-33
2003 3.25587e-33
2004 2.73936e-33
2005 2.30435e-33
2006 1.93799e-33
2007 1.62952e-33
2008 1.36986e-33
2009 1.15134e-33
2010 9.67491e-34
2011 8.12836e-34
2012 6.82771e-34
2013 5.73408e-34
2014 4.81464e-34
2015 4.04195e-34
2016 3.39274e-34
2017 2.84732e-34
2018 2.3892e-34
2019 2.0045e-34
2020 1.68156e-34
2021 1.4105e-34
2022 1.18307e-34
2023 9.92261e-35
2024 8.32194e-35
2025 6.97976e-35
2026 5.85444e-35
2027 4.91115e-35
2028 4.12067e-35
2029 3.45838e-35
2030 2.90378e-35
2031 2.43926e-35
2032 2.05032e-35
2033 1.72481e-35
2034 1.45238e-35
2035 1.2245e-35
2036 1.03395e-35
2037 8.74609e-36
2038 7.41431e-36
2039 6.30184e-36
2040 5.37303e-36
2041 4.59836e-36
2042 3.95254e-36
2043 3.41474e-36
2044 2.96785e-36
2045 2.59719e-36
2046 2.29099e-36
2047 2.03908e-36
