0 3.41806e-70
1 3.38469e-70
2 3.61392e-70
3 4.12994e-70
4 4.9871e-70
5 6.27552e-70
6 8.13027e-70
7 1.07453e-69
8 1.4393e-69
9 1.94526e-69
10 2.64482e-69
11 3.61022e-69
12 4.94084e-69
13 6.77329e-69
14 9.29509e-69
15 1.27635e-68
16 1.75315e-68
17 2.40826e-68
18 3.30794e-68
19 4.54291e-68
20 6.23734e-68
21 8.5611e-68
22 1.17465e-67
23 1.61109e-67
24 2.2088e-67
25 3.02702e-67
26 4.14655e-67
27 5.67769e-67
28 7.77078e-67
29 1.06308e-66
30 1.45369e-66
31 1.98693e-66
32 2.71455e-66
33 3.70695e-66
34 5.05987e-66
35 6.90343e-66
36 9.4144e-66
37 1.28328e-65
38 1.74846e-65
39 2.38116e-65
40 3.24135e-65
41 4.41025e-65
42 5.99794e-65
43 8.15348e-65
44 1.10786e-64
45 1.50462e-64
46 2.04254e-64
47 2.77151e-64
48 3.75891e-64
49 5.09574e-64
50 6.90485e-64
51 9.35192e-64
52 1.26604e-63
53 1.71315e-63
54 2.31708e-63
55 3.13248e-63
56 4.23287e-63
57 5.71717e-63
58 7.7184e-63
59 1.04153e-62
60 1.40481e-62
61 1.89391e-62
62 2.55212e-62
63 3.4375e-62
64 4.62788e-62
65 6.22759e-62
66 8.37638e-62
67 1.12614e-61
68 1.5133e-61
69 2.03262e-61
70 2.72888e-61
71 3.66194e-61
72 4.91174e-61
73 6.58503e-61
74 8.82423e-61
75 1.18193e-60
76 1.58237e-60
77 2.11747e-60
78 2.83221e-60
79 3.78643e-60
80 5.05977e-60
81 6.75816e-60
82 9.0224e-60
83 1.20396e-59
84 1.60583e-59
85 2.14082e-59
86 2.85272e-59
87 3.79955e-59
88 5.05827e-59
89 6.73081e-59
90 8.95215e-59
91 1.1901e-58
92 1.58137e-58
93 2.10029e-58
94 2.78818e-58
95 3.69961e-58
96 4.90666e-58
97 6.50445e-58
98 8.61846e-58
99 1.14141e-57
100 1.51095e-57
101 1.99918e-57
102 2.64392e-57
103 3.49493e-57
104 4.61766e-57
105 6.09816e-57
106 8.04952e-57
107 1.06202e-56
108 1.40053e-56
109 1.84605e-56
110 2.43214e-56
111 3.20277e-56
112 4.21557e-56
113 5.546e-56
114 7.29283e-56
115 9.5853e-56
116 1.25924e-55
117 1.6535e-55
118 2.17016e-55
119 2.84689e-55
120 3.73288e-55
121 4.89226e-55
122 6.40866e-55
123 8.39107e-55
124 1.09815e-54
125 1.43647e-54
126 1.87812e-54
127 2.45438e-54
128 3.20593e-54
129 4.18561e-54
130 5.46205e-54
131 7.12434e-54
132 9.28808e-54
133 1.21032e-53
134 1.5764e-53
135 2.05222e-53
136 2.6704e-53
137 3.47312e-53
138 4.51498e-53
139 5.86657e-53
140 7.61915e-53
141 9.89056e-53
142 1.2833e-52
143 1.66429e-52
144 2.15736e-52
145 2.79518e-52
146 3.61985e-52
147 4.68559e-52
148 6.06223e-52
149 7.83961e-52
150 1.01333e-51
151 1.30918e-51
152 1.69062e-51
153 2.18216e-51
154 2.81528e-51
155 3.63038e-51
156 4.67927e-51
157 6.02837e-51
158 7.7628e-51
159 9.99156e-51
160 1.28542e-50
161 1.65293e-50
162 2.12452e-50
163 2.7294e-50
164 3.50486e-50
165 4.49855e-50
166 5.77132e-50
167 7.40078e-50
168 9.48594e-50
169 1.2153e-49
170 1.55629e-49
171 1.99204e-49
172 2.54864e-49
173 3.25928e-49
174 4.1662e-49
175 5.32308e-49
176 6.79816e-49
177 8.67814e-49
178 1.10731e-48
179 1.41227e-48
180 1.80043e-48
181 2.29427e-48
182 2.9223e-48
183 3.72061e-48
184 4.73497e-48
185 6.02328e-48
186 7.65884e-48
187 9.7344e-48
188 1.23672e-47
189 1.57055e-47
190 1.99366e-47
191 2.5297e-47
192 3.20855e-47
193 4.06792e-47
194 5.15535e-47
195 6.53085e-47
196 8.27005e-47
197 1.04682e-46
198 1.32455e-46
199 1.67531e-46
200 2.11813e-46
201 2.67698e-46
202 3.38199e-46
203 4.27108e-46
204 5.39188e-46
205 6.8043e-46
206 8.58358e-46
207 1.08242e-45
208 1.36449e-45
209 1.71946e-45
210 2.16602e-45
211 2.72761e-45
212 3.43365e-45
213 4.32099e-45
214 5.43585e-45
215 6.83611e-45
216 8.59431e-45
217 1.08013e-44
218 1.35707e-44
219 1.70449e-44
220 2.14021e-44
221 2.6865e-44
222 3.37123e-44
223 4.22926e-44
224 5.30414e-44
225 6.65032e-44
226 8.33583e-44
227 1.04457e-43
228 1.3086e-43
229 1.63894e-43
230 2.05212e-43
231 2.56881e-43
232 3.21478e-43
233 4.02218e-43
234 5.03112e-43
235 6.29162e-43
236 7.86604e-43
237 9.83213e-43
238 1.22868e-42
239 1.53507e-42
240 1.91744e-42
241 2.39451e-42
242 2.98962e-42
243 3.73181e-42
244 4.65726e-42
245 5.81095e-42
246 7.2489e-42
247 9.04078e-42
248 1.12732e-41
249 1.4054e-41
250 1.75172e-41
251 2.18291e-41
252 2.7197e-41
253 3.38779e-41
254 4.21913e-41
255 5.25341e-41
256 6.5399e-41
257 8.13976e-41
258 1.01289e-40
259 1.26016e-40
260 1.56746e-40
261 1.9493e-40
262 2.42365e-40
263 3.0128e-40
264 3.74435e-40
265 4.65255e-40
266 5.77978e-40
267 7.17855e-40
268 8.91386e-40
269 1.10662e-39
270 1.37351e-39
271 1.70438e-39
272 2.11446e-39
273 2.6226e-39
274 3.25208e-39
275 4.03167e-39
276 4.99692e-39
277 6.19174e-39
278 7.67032e-39
279 9.49958e-39
280 1.1762e-38
281 1.45595e-38
282 1.80176e-38
283 2.2291e-38
284 2.75705e-38
285 3.40909e-38
286 4.21417e-38
287 5.2079e-38
288 6.4341e-38
289 7.94672e-38
290 9.81207e-38
291 1.21117e-37
292 1.49457e-37
293 1.84374e-37
294 2.27378e-37
295 2.80325e-37
296 3.45495e-37
297 4.2568e-37
298 5.24309e-37
299 6.45584e-37
300 7.94653e-37
301 9.77826e-37
302 1.20283e-36
303 1.47912e-36
304 1.81827e-36
305 2.23444e-36
306 2.74495e-36
307 3.37097e-36
308 4.13836e-36
309 5.07873e-36
310 6.23067e-36
311 7.6413e-36
312 9.36811e-36
313 1.14812e-35
314 1.40662e-35
315 1.72273e-35
316 2.10917e-35
317 2.5814e-35
318 3.1583e-35
319 3.8628e-35
320 4.72286e-35
321 5.77247e-35
322 7.05297e-35
323 8.61463e-35
324 1.05186e-34
325 1.2839e-34
326 1.56662e-34
327 1.91097e-34
328 2.33025e-34
329 2.84061e-34
330 3.46162e-34
331 4.21706e-34
332 5.13573e-34
333 6.25258e-34
334 7.60994e-34
335 9.25912e-34
336 1.12623e-33
337 1.36947e-33
338 1.66475e-33
339 2.0231e-33
340 2.45788e-33
341 2.98524e-33
342 3.62472e-33
343 4.39996e-33
344 5.33952e-33
345 6.47796e-33
346 7.857e-33
347 9.5271e-33
348 1.15492e-32
349 1.39968e-32
350 1.69589e-32
351 2.05427e-32
352 2.48777e-32
353 3.01202e-32
354 3.64586e-32
355 4.41205e-32
356 5.338e-32
357 6.4568e-32
358 7.80831e-32
359 9.44059e-32
360 1.14116e-31
361 1.3791e-31
362 1.66629e-31
363 2.01286e-31
364 2.43099e-31
365 2.93536e-31
366 3.54363e-31
367 4.27705e-31
368 5.1612e-31
369 6.22684e-31
370 7.51094e-31
371 9.05799e-31
372 1.09215e-30
373 1.31656e-30
374 1.58675e-30
375 1.91201e-30
376 2.30346e-30
377 2.77447e-30
378 3.3411e-30
379 4.02261e-30
380 4.84209e-30
381 5.82728e-30
382 7.01139e-30
383 8.43428e-30
384 1.01437e-29
385 1.21968e-29
386 1.46622e-29
387 1.76218e-29
388 2.1174e-29
389 2.54361e-29
390 3.05489e-29
391 3.66804e-29
392 4.40318e-29
393 5.28432e-29
394 6.34018e-29
395 7.60505e-29
396 9.11986e-29
397 1.09335e-28
398 1.31042e-28
399 1.57016e-28
400 1.88086e-28
401 2.25241e-28
402 2.69657e-28
403 3.22737e-28
404 3.86153e-28
405 4.6189e-28
406 5.52315e-28
407 6.60239e-28
408 7.89007e-28
409 9.42592e-28
410 1.12572e-27
411 1.34398e-27
412 1.60405e-27
413 1.91381e-27
414 2.28263e-27
415 2.72163e-27
416 3.24395e-27
417 3.86521e-27
418 4.60387e-27
419 5.48181e-27
420 6.52492e-27
421 7.7638e-27
422 9.23469e-27
423 1.09804e-26
424 1.30515e-26
425 1.55078e-26
426 1.84199e-26
427 2.1871e-26
428 2.59595e-26
429 3.08014e-26
430 3.65335e-26
431 4.3317e-26
432 5.13418e-26
433 6.08319e-26
434 7.20508e-26
435 8.5309e-26
436 1.00972e-25
437 1.19468e-25
438 1.41305e-25
439 1.67075e-25
440 1.97479e-25
441 2.33336e-25
442 2.75611e-25
443 3.25439e-25
444 3.84148e-25
445 4.53302e-25
446 5.34733e-25
447 6.30592e-25
448 7.43403e-25
449 8.76124e-25
450 1.03223e-24
451 1.21577e-24
452 1.43154e-24
453 1.68511e-24
454 1.98302e-24
455 2.33294e-24
456 2.74385e-24
457 3.22626e-24
458 3.79248e-24
459 4.45689e-24
460 5.23637e-24
461 6.15062e-24
462 7.22272e-24
463 8.47964e-24
464 9.95293e-24
465 1.16795e-23
466 1.37024e-23
467 1.60722e-23
468 1.88477e-23
469 2.20977e-23
470 2.59027e-23
471 3.03565e-23
472 3.5569e-23
473 4.16683e-23
474 4.88038e-23
475 5.71502e-23
476 6.69112e-23
477 7.83246e-23
478 9.16677e-23
479 1.07264e-22
480 1.25491e-22
481 1.46788e-22
482 1.71669e-22
483 2.0073e-22
484 2.34669e-22
485 2.74296e-22
486 3.20556e-22
487 3.74549e-22
488 4.37555e-22
489 5.11064e-22
490 5.96811e-22
491 6.9681e-22
492 8.13406e-22
493 9.49325e-22
494 1.10773e-21
495 1.29231e-21
496 1.50732e-21
497 1.75774e-21
498 2.0493e-21
499 2.3887e-21
500 2.78367e-21
501 3.24319e-21
502 3.77767e-21
503 4.39914e-21
504 5.12157e-21
505 5.9611e-21
506 6.93641e-21
507 8.06911e-21
508 9.38419e-21
509 1.09105e-20
510 1.26814e-20
511 1.47353e-20
512 1.71167e-20
513 1.98768e-20
514 2.30747e-20
515 2.67783e-20
516 3.10662e-20
517 3.60285e-20
518 4.17692e-20
519 4.84075e-20
520 5.60809e-20
521 6.49472e-20
522 7.51874e-20
523 8.70097e-20
524 1.00653e-19
525 1.1639e-19
526 1.34535e-19
527 1.55447e-19
528 1.79538e-19
529 2.07279e-19
530 2.39207e-19
531 2.7594e-19
532 3.18179e-19
533 3.6673e-19
534 4.22509e-19
535 4.86564e-19
536 5.60087e-19
537 6.44441e-19
538 7.41176e-19
539 8.52057e-19
540 9.79096e-19
541 1.12458e-18
542 1.29111e-18
543 1.48164e-18
544 1.69954e-18
545 1.94862e-18
546 2.23321e-18
547 2.55824e-18
548 2.92928e-18
549 3.35267e-18
550 3.83557e-18
551 4.38612e-18
552 5.01352e-18
553 5.72822e-18
554 6.54201e-18
555 7.46826e-18
556 8.52211e-18
557 9.72064e-18
558 1.10832e-17
559 1.26317e-17
560 1.43909e-17
561 1.63886e-17
562 1.86565e-17
563 2.12303e-17
564 2.41502e-17
565 2.74618e-17
566 3.12166e-17
567 3.54725e-17
568 4.02952e-17
569 4.57586e-17
570 5.19464e-17
571 5.8953e-17
572 6.68849e-17
573 7.58623e-17
574 8.60212e-17
575 9.75148e-17
576 1.10516e-16
577 1.25221e-16
578 1.4185e-16
579 1.60653e-16
580 1.81911e-16
581 2.05941e-16
582 2.33104e-16
583 2.63804e-16
584 2.985e-16
585 3.3771e-16
586 3.82018e-16
587 4.32086e-16
588 4.88659e-16
589 5.52582e-16
590 6.24809e-16
591 7.06416e-16
592 7.98621e-16
593 9.02801e-16
594 1.02051e-15
595 1.1535e-15
596 1.30377e-15
597 1.47356e-15
598 1.66539e-15
599 1.88214e-15
600 2.12704e-15
601 2.40374e-15
602 2.71637e-15
603 3.0696e-15
604 3.46867e-15
605 3.91953e-15
606 4.42888e-15
607 5.00426e-15
608 5.65421e-15
609 6.38833e-15
610 7.21744e-15
611 8.15375e-15
612 9.21099e-15
613 1.04046e-14
614 1.17521e-14
615 1.32729e-14
616 1.49891e-14
617 1.69254e-14
618 1.91096e-14
619 2.15729e-14
620 2.43503e-14
621 2.74809e-14
622 3.10088e-14
623 3.49832e-14
624 3.94593e-14
625 4.44986e-14
626 5.01701e-14
627 5.65508e-14
628 6.37268e-14
629 7.17938e-14
630 8.08587e-14
631 9.10408e-14
632 1.02473e-13
633 1.15301e-13
634 1.29691e-13
635 1.45824e-13
636 1.63901e-13
637 1.84147e-13
638 2.0681e-13
639 2.32164e-13
640 2.60512e-13
641 2.92191e-13
642 3.27569e-13
643 3.67055e-13
644 4.11098e-13
645 4.60194e-13
646 5.14886e-13
647 5.75773e-13
648 6.4351e-13
649 7.18815e-13
650 8.02477e-13
651 8.95357e-13
652 9.98396e-13
653 1.11262e-12
654 1.23915e-12
655 1.37921e-12
656 1.53413e-12
657 1.70533e-12
658 1.8944e-12
659 2.10302e-12
660 2.33304e-12
661 2.58643e-12
662 2.86534e-12
663 3.17208e-12
664 3.50913e-12
665 3.87918e-12
666 4.28508e-12
667 4.72992e-12
668 5.217e-12
669 5.74983e-12
670 6.33217e-12
671 6.96802e-12
672 7.66164e-12
673 8.41754e-12
674 9.24052e-12
675 1.01356e-11
676 1.11082e-11
677 1.21639e-11
678 1.33086e-11
679 1.45486e-11
680 1.58902e-11
681 1.73404e-11
682 1.89062e-11
683 2.05949e-11
684 2.2414e-11
685 2.43716e-11
686 2.64756e-11
687 2.87344e-11
688 3.11565e-11
689 3.37506e-11
690 3.65254e-11
691 3.94898e-11
692 4.2653e-11
693 4.60238e-11
694 4.96113e-11
695 5.34245e-11
696 5.74721e-11
697 6.17628e-11
698 6.63051e-11
699 7.11073e-11
700 7.61772e-11
701 8.15223e-11
702 8.71498e-11
703 9.30664e-11
704 9.92784e-11
705 1.05792e-10
706 1.12611e-10
707 1.19742e-10
708 1.2719e-10
709 1.34957e-10
710 1.43048e-10
711 1.51468e-10
712 1.60221e-10
713 1.69311e-10
714 1.78745e-10
715 1.88529e-10
716 1.98672e-10
717 2.09187e-10
718 2.20087e-10
719 2.31392e-10
720 2.43127e-10
721 2.55323e-10
722 2.6802e-10
723 2.81268e-10
724 2.95129e-10
725 3.0968e-10
726 3.25015e-10
727 3.41249e-10
728 3.58519e-10
729 3.76993e-10
730 3.96871e-10
731 4.1839e-10
732 4.41831e-10
733 4.67527e-10
734 4.95866e-10
735 5.27304e-10
736 5.62373e-10
737 6.0169e-10
738 6.45967e-10
739 6.96028e-10
740 7.52822e-10
741 8.17434e-10
742 8.91107e-10
743 9.75262e-10
744 1.07151e-09
745 1.18169e-09
746 1.30788e-09
747 1.45243e-09
748 1.61798e-09
749 1.80754e-09
750 2.02444e-09
751 2.27246e-09
752 2.55581e-09
753 2.87921e-09
754 3.24791e-09
755 3.66778e-09
756 4.14534e-09
757 4.68781e-09
758 5.30324e-09
759 6.00052e-09
760 6.78948e-09
761 7.68099e-09
762 8.687e-09
763 9.82073e-09
764 1.10967e-08
765 1.25308e-08
766 1.41405e-08
767 1.59451e-08
768 1.79654e-08
769 2.02245e-08
770 2.27473e-08
771 2.55612e-08
772 2.8696e-08
773 3.21841e-08
774 3.60607e-08
775 4.0364e-08
776 4.51357e-08
777 5.04208e-08
778 5.62679e-08
779 6.273e-08
780 6.9864e-08
781 7.77315e-08
782 8.6399e-08
783 9.5938e-08
784 1.06426e-07
785 1.17945e-07
786 1.30586e-07
787 1.44444e-07
788 1.59621e-07
789 1.76229e-07
790 1.94386e-07
791 2.14217e-07
792 2.3586e-07
793 2.59459e-07
794 2.85169e-07
795 3.13155e-07
796 3.43593e-07
797 3.76673e-07
798 4.12594e-07
799 4.5157e-07
800 4.93829e-07
801 5.39611e-07
802 5.89174e-07
803 6.42791e-07
804 7.00752e-07
805 7.63363e-07
806 8.30951e-07
807 9.03862e-07
808 9.82461e-07
809 1.06714e-06
810 1.1583e-06
811 1.25638e-06
812 1.36184e-06
813 1.47517e-06
814 1.59688e-06
815 1.7275e-06
816 1.86762e-06
817 2.01784e-06
818 2.17879e-06
819 2.35114e-06
820 2.53561e-06
821 2.73295e-06
822 2.94394e-06
823 3.16941e-06
824 3.41024e-06
825 3.66736e-06
826 3.94173e-06
827 4.23439e-06
828 4.5464e-06
829 4.87891e-06
830 5.23312e-06
831 5.61028e-06
832 6.01173e-06
833 6.43886e-06
834 6.89314e-06
835 7.37614e-06
836 7.88946e-06
837 8.43485e-06
838 9.01411e-06
839 9.62915e-06
840 1.0282e-05
841 1.09747e-05
842 1.17096e-05
843 1.24889e-05
844 1.33152e-05
845 1.41911e-05
846 1.51193e-05
847 1.61027e-05
848 1.71444e-05
849 1.82476e-05
850 1.94156e-05
851 2.06521e-05
852 2.19607e-05
853 2.33456e-05
854 2.48108e-05
855 2.63609e-05
856 2.80003e-05
857 2.97341e-05
858 3.15674e-05
859 3.35057e-05
860 3.55547e-05
861 3.77204e-05
862 4.00092e-05
863 4.2428e-05
864 4.49836e-05
865 4.76837e-05
866 5.05361e-05
867 5.3549e-05
868 5.67311e-05
869 6.00917e-05
870 6.36404e-05
871 6.73874e-05
872 7.13433e-05
873 7.55194e-05
874 7.99275e-05
875 8.45801e-05
876 8.94901e-05
877 9.46713e-05
878 0.000100138
879 0.000105906
880 0.00011199
881 0.000118407
882 0.000125175
883 0.000132311
884 0.000139836
885 0.000147769
886 0.00015613
887 0.000164942
888 0.000174228
889 0.000184012
890 0.000194318
891 0.000205172
892 0.000216603
893 0.000228637
894 0.000241306
895 0.000254638
896 0.000268667
897 0.000283426
898 0.000298948
899 0.000315271
900 0.000332431
901 0.000350467
902 0.000369419
903 0.000389328
904 0.000410238
905 0.000432193
906 0.000455238
907 0.000479422
908 0.000504792
909 0.000531401
910 0.000559298
911 0.00058854
912 0.000619179
913 0.000651273
914 0.000684881
915 0.000720062
916 0.000756877
917 0.000795389
918 0.000835663
919 0.000877764
920 0.000921759
921 0.000967718
922 0.00101571
923 0.00106581
924 0.00111808
925 0.0011726
926 0.00122945
927 0.0012887
928 0.00135044
929 0.00141473
930 0.00148165
931 0.0015513
932 0.00162374
933 0.00169905
934 0.00177733
935 0.00185866
936 0.0019431
937 0.00203076
938 0.0021217
939 0.00221602
940 0.0023138
941 0.00241511
942 0.00252004
943 0.00262868
944 0.00274109
945 0.00285737
946 0.00297758
947 0.00310181
948 0.00323013
949 0.00336261
950 0.00349933
951 0.00364035
952 0.00378575
953 0.00393558
954 0.00408991
955 0.0042488
956 0.00441231
957 0.00458049
958 0.00475339
959 0.00493105
960 0.00511352
961 0.00530083
962 0.00549302
963 0.00569012
964 0.00589215
965 0.00609913
966 0.00631108
967 0.006528
968 0.00674991
969 0.00697679
970 0.00720863
971 0.00744544
972 0.00768717
973 0.00793382
974 0.00818534
975 0.0084417
976 0.00870284
977 0.00896872
978 0.00923927
979 0.00951442
980 0.00979411
981 0.0100782
982 0.0103667
983 0.0106595
984 0.0109564
985 0.0112573
986 0.0115622
987 0.0118708
988 0.0121831
989 0.012499
990 0.0128181
991 0.0131405
992 0.0134659
993 0.0137942
994 0.0141251
995 0.0144586
996 0.0147943
997 0.0151321
998 0.0154718
999 0.0158131
1000 0.0161559
1001 0.0164999
1002 0.0168449
1003 0.0171906
1004 0.0175368
1005 0.0178832
1006 0.0182296
1007 0.0185758
1008 0.0189213
1009 0.0192661
1010 0.0196097
1011 0.019952
1012 0.0202926
1013 0.0206312
1014 0.0209677
1015 0.0213016
1016 0.0216327
1017 0.0219608
1018 0.0222854
1019 0.0226064
1020 0.0229234
1021 0.0232361
1022 0.0235443
1023 0.0238477
1024 0.0241459
1025 0.0244387
1026 0.0247258
1027 0.025007
1028 0.0252819
1029 0.0255503
1030 0.025812
1031 0.0260666
1032 0.0263139
1033 0.0265537
1034 0.0267856
1035 0.0270096
1036 0.0272253
1037 0.0274326
1038 0.0276311
1039 0.0278208
1040 0.0280014
1041 0.0281727
1042 0.0283346
1043 0.0284868
1044 0.0286293
1045 0.0287618
1046 0.0288843
1047 0.0289965
1048 0.0290985
1049 0.02919
1050 0.0292711
1051 0.0293415
1052 0.0294013
1053 0.0294503
1054 0.0294886
1055 0.029516
1056 0.0295326
1057 0.0295384
1058 0.0295333
1059 0.0295174
1060 0.0294906
1061 0.0294531
1062 0.0294048
1063 0.0293459
1064 0.0292764
1065 0.0291963
1066 0.0291058
1067 0.0290049
1068 0.0288939
1069 0.0287727
1070 0.0286416
1071 0.0285007
1072 0.0283501
1073 0.0281901
1074 0.0280207
1075 0.0278422
1076 0.0276548
1077 0.0274586
1078 0.0272539
1079 0.0270409
1080 0.0268198
1081 0.0265908
1082 0.0263542
1083 0.0261103
1084 0.0258592
1085 0.0256012
1086 0.0253366
1087 0.0250657
1088 0.0247886
1089 0.0245058
1090 0.0242174
1091 0.0239238
1092 0.0236251
1093 0.0233218
1094 0.023014
1095 0.0227021
1096 0.0223863
1097 0.022067
1098 0.0217443
1099 0.0214187
1100 0.0210903
1101 0.0207594
1102 0.0204264
1103 0.0200915
1104 0.019755
1105 0.0194171
1106 0.0190782
1107 0.0187384
1108 0.018398
1109 0.0180573
1110 0.0177166
1111 0.0173761
1112 0.017036
1113 0.0166965
1114 0.016358
1115 0.0160206
1116 0.0156845
1117 0.0153499
1118 0.0150171
1119 0.0146863
1120 0.0143576
1121 0.0140313
1122 0.0137074
1123 0.0133863
1124 0.013068
1125 0.0127527
1126 0.0124406
1127 0.0121318
1128 0.0118264
1129 0.0115246
1130 0.0112265
1131 0.0109322
1132 0.0106419
1133 0.0103555
1134 0.0100733
1135 0.00979527
1136 0.00952154
1137 0.00925216
1138 0.00898721
1139 0.00872674
1140 0.00847081
1141 0.00821947
1142 0.00797275
1143 0.00773069
1144 0.00749333
1145 0.00726068
1146 0.00703276
1147 0.00680958
1148 0.00659114
1149 0.00637746
1150 0.00616852
1151 0.00596432
1152 0.00576483
1153 0.00557005
1154 0.00537995
1155 0.0051945
1156 0.00501368
1157 0.00483744
1158 0.00466575
1159 0.00449857
1160 0.00433585
1161 0.00417754
1162 0.0040236
1163 0.00387397
1164 0.00372859
1165 0.0035874
1166 0.00345035
1167 0.00331736
1168 0.00318839
1169 0.00306335
1170 0.00294218
1171 0.00282482
1172 0.00271118
1173 0.00260121
1174 0.00249482
1175 0.00239195
1176 0.00229252
1177 0.00219645
1178 0.00210368
1179 0.00201412
1180 0.00192769
1181 0.00184434
1182 0.00176397
1183 0.00168652
1184 0.00161191
1185 0.00154006
1186 0.0014709
1187 0.00140436
1188 0.00134036
1189 0.00127884
1190 0.00121972
1191 0.00116292
1192 0.00110839
1193 0.00105605
1194 0.00100583
1195 0.000957668
1196 0.000911498
1197 0.000867253
1198 0.000824871
1199 0.00078429
1200 0.000745448
1201 0.000708286
1202 0.000672745
1203 0.000638767
1204 0.000606297
1205 0.000575279
1206 0.000545661
1207 0.00051739
1208 0.000490416
1209 0.000464689
1210 0.00044016
1211 0.000416784
1212 0.000394514
1213 0.000373307
1214 0.000353119
1215 0.000333909
1216 0.000315636
1217 0.000298262
1218 0.000281748
1219 0.000266057
1220 0.000251156
1221 0.000237008
1222 0.000223582
1223 0.000210844
1224 0.000198765
1225 0.000187314
1226 0.000176464
1227 0.000166186
1228 0.000156453
1229 0.000147241
1230 0.000138525
1231 0.00013028
1232 0.000122485
1233 0.000115118
1234 0.000108158
1235 0.000101584
1236 9.53777e-05
1237 8.95206e-05
1238 8.39952e-05
1239 7.87843e-05
1240 7.38721e-05
1241 6.9243e-05
1242 6.48823e-05
1243 6.07759e-05
1244 5.69105e-05
1245 5.32732e-05
1246 4.98518e-05
1247 4.66346e-05
1248 4.36105e-05
1249 4.0769e-05
1250 3.81e-05
1251 3.5594e-05
1252 3.32417e-05
1253 3.10347e-05
1254 2.89646e-05
1255 2.70237e-05
1256 2.52045e-05
1257 2.35e-05
1258 2.19036e-05
1259 2.04089e-05
1260 1.90099e-05
1261 1.77011e-05
1262 1.64769e-05
1263 1.53323e-05
1264 1.42626e-05
1265 1.32632e-05
1266 1.23298e-05
1267 1.14583e-05
1268 1.06449e-05
1269 9.88603e-06
1270 9.17826e-06
1271 8.51839e-06
1272 7.90338e-06
1273 7.33038e-06
1274 6.79671e-06
1275 6.29984e-06
1276 5.8374e-06
1277 5.40714e-06
1278 5.00697e-06
1279 4.63491e-06
1280 4.28911e-06
1281 3.96781e-06
1282 3.6694e-06
1283 3.39233e-06
1284 3.13517e-06
1285 2.89656e-06
1286 2.67525e-06
1287 2.47005e-06
1288 2.27985e-06
1289 2.10361e-06
1290 1.94038e-06
1291 1.78923e-06
1292 1.64933e-06
1293 1.51987e-06
1294 1.40012e-06
1295 1.28939e-06
1296 1.18704e-06
1297 1.09246e-06
1298 1.00509e-06
1299 9.24415e-07
1300 8.49939e-07
1301 7.81212e-07
1302 7.17812e-07
1303 6.59345e-07
1304 6.05446e-07
1305 5.55774e-07
1306 5.10013e-07
1307 4.6787e-07
1308 4.29072e-07
1309 3.93364e-07
1310 3.60513e-07
1311 3.30299e-07
1312 3.0252e-07
1313 2.76989e-07
1314 2.53531e-07
1315 2.31985e-07
1316 2.12202e-07
1317 1.94044e-07
1318 1.77383e-07
1319 1.62101e-07
1320 1.48088e-07
1321 1.35243e-07
1322 1.23472e-07
1323 1.1269e-07
1324 1.02816e-07
1325 9.37778e-08
1326 8.55065e-08
1327 7.79397e-08
1328 7.10199e-08
1329 6.46937e-08
1330 5.89122e-08
1331 5.36302e-08
1332 4.88062e-08
1333 4.44019e-08
1334 4.03821e-08
1335 3.67145e-08
1336 3.33693e-08
1337 3.03193e-08
1338 2.75392e-08
1339 2.5006e-08
1340 2.26986e-08
1341 2.05976e-08
1342 1.8685e-08
1343 1.69447e-08
1344 1.53615e-08
1345 1.39218e-08
1346 1.2613e-08
1347 1.14237e-08
1348 1.03431e-08
1349 9.36184e-09
1350 8.47094e-09
1351 7.66238e-09
1352 6.9288e-09
1353 6.26346e-09
1354 5.66021e-09
1355 5.11344e-09
1356 4.61802e-09
1357 4.16927e-09
1358 3.76294e-09
1359 3.39513e-09
1360 3.06231e-09
1361 2.76123e-09
1362 2.48897e-09
1363 2.24285e-09
1364 2.02043e-09
1365 1.81949e-09
1366 1.63802e-09
1367 1.47418e-09
1368 1.32631e-09
1369 1.1929e-09
1370 1.07258e-09
1371 9.64083e-10
1372 8.66292e-10
1373 7.78177e-10
1374 6.98807e-10
1375 6.27335e-10
1376 5.62998e-10
1377 5.05101e-10
1378 4.53017e-10
1379 4.06177e-10
1380 3.64067e-10
1381 3.26222e-10
1382 2.9222e-10
1383 2.61681e-10
1384 2.34261e-10
1385 2.0965e-10
1386 1.87566e-10
1387 1.67757e-10
1388 1.49994e-10
1389 1.34071e-10
1390 1.19801e-10
1391 1.07017e-10
1392 9.55682e-11
1393 8.53182e-11
1394 7.61442e-11
1395 6.79361e-11
1396 6.05943e-11
1397 5.40296e-11
1398 4.81614e-11
1399 4.29177e-11
1400 3.82333e-11
1401 3.40499e-11
1402 3.03152e-11
1403 2.69819e-11
1404 2.4008e-11
1405 2.13554e-11
1406 1.89903e-11
1407 1.6882e-11
1408 1.50033e-11
1409 1.33297e-11
1410 1.18393e-11
1411 1.05124e-11
1412 9.33147e-12
1413 8.28074e-12
1414 7.34614e-12
1415 6.5151e-12
1416 5.77638e-12
1417 5.1199e-12
1418 4.5367e-12
1419 4.01876e-12
1420 3.5589e-12
1421 3.15074e-12
1422 2.78857e-12
1423 2.46732e-12
1424 2.18244e-12
1425 1.92988e-12
1426 1.70606e-12
1427 1.50776e-12
1428 1.33212e-12
1429 1.1766e-12
1430 1.03893e-12
1431 9.1711e-13
1432 8.09337e-13
1433 7.14023e-13
1434 6.29751e-13
1435 5.55266e-13
1436 4.89449e-13
1437 4.31309e-13
1438 3.79967e-13
1439 3.34639e-13
1440 2.94634e-13
1441 2.59337e-13
1442 2.28203e-13
1443 2.00749e-13
1444 1.76548e-13
1445 1.55219e-13
1446 1.36428e-13
1447 1.19877e-13
1448 1.05304e-13
1449 9.24763e-14
1450 8.11877e-14
1451 7.12567e-14
1452 6.25225e-14
1453 5.48432e-14
1454 4.80933e-14
1455 4.21621e-14
1456 3.69517e-14
1457 3.2376e-14
1458 2.83587e-14
1459 2.48328e-14
1460 2.1739e-14
1461 1.90252e-14
1462 1.66454e-14
1463 1.4559e-14
1464 1.27306e-14
1465 1.11285e-14
1466 9.72531e-15
1467 8.49657e-15
1468 7.42094e-15
1469 6.47961e-15
1470 5.65606e-15
1471 4.93576e-15
1472 4.30595e-15
1473 3.75542e-15
1474 3.27433e-15
1475 2.85405e-15
1476 2.48699e-15
1477 2.16652e-15
1478 1.8868e-15
1479 1.64272e-15
1480 1.4298e-15
1481 1.24411e-15
1482 1.08223e-15
1483 9.41141e-16
1484 8.18208e-16
1485 7.11127e-16
1486 6.17881e-16
1487 5.36706e-16
1488 4.66061e-16
1489 4.04597e-16
1490 3.51138e-16
1491 3.04654e-16
1492 2.64247e-16
1493 2.29133e-16
1494 1.98628e-16
1495 1.72134e-16
1496 1.49131e-16
1497 1.29164e-16
1498 1.11839e-16
1499 9.68091e-17
1500 8.37751e-17
1501 7.24751e-17
1502 6.26812e-17
1503 5.41952e-17
1504 4.68445e-17
1505 4.04792e-17
1506 3.49688e-17
1507 3.01998e-17
1508 2.60737e-17
1509 2.25049e-17
1510 1.9419e-17
1511 1.67515e-17
1512 1.44462e-17
1513 1.24547e-17
1514 1.07346e-17
1515 9.24945e-18
1516 7.9675e-18
1517 6.86128e-18
1518 5.90698e-18
1519 5.08396e-18
1520 4.37438e-18
1521 3.76277e-18
1522 3.23576e-18
1523 2.78178e-18
1524 2.39082e-18
1525 2.05423e-18
1526 1.76453e-18
1527 1.51526e-18
1528 1.30085e-18
1529 1.11646e-18
1530 9.57939e-19
1531 8.21698e-19
1532 7.04639e-19
1533 6.04088e-19
1534 5.17742e-19
1535 4.43616e-19
1536 3.79997e-19
1537 3.25412e-19
1538 2.78592e-19
1539 2.38443e-19
1540 2.04023e-19
1541 1.74525e-19
1542 1.4925e-19
1543 1.27601e-19
1544 1.09063e-19
1545 9.31923e-20
1546 7.96095e-20
1547 6.7988e-20
1548 5.80472e-20
1549 4.95465e-20
1550 4.22792e-20
1551 3.60681e-20
1552 3.07612e-20
1553 2.6228e-20
1554 2.23568e-20
1555 1.90519e-20
1556 1.62311e-20
1557 1.38243e-20
1558 1.17712e-20
1559 1.00203e-20
1560 8.52753e-21
1561 7.25521e-21
1562 6.17107e-21
1563 5.24752e-21
1564 4.46099e-21
1565 3.79133e-21
1566 3.22133e-21
1567 2.73629e-21
1568 2.32366e-21
1569 1.97273e-21
1570 1.67434e-21
1571 1.42071e-21
1572 1.20517e-21
1573 1.02206e-21
1574 8.66534e-22
1575 7.34478e-22
1576 6.22378e-22
1577 5.27246e-22
1578 4.46534e-22
1579 3.78076e-22
1580 3.20027e-22
1581 2.70817e-22
1582 2.29112e-22
1583 1.93777e-22
1584 1.63847e-22
1585 1.38502e-22
1586 1.17046e-22
1587 9.88868e-23
1588 8.35222e-23
1589 7.05257e-23
1590 5.95353e-23
1591 5.02438e-23
1592 4.23908e-23
1593 3.57555e-23
1594 3.01505e-23
1595 2.54171e-23
1596 2.1421e-23
1597 1.80482e-23
1598 1.52022e-23
1599 1.28016e-23
1600 1.0777e-23
1601 9.07012e-24
1602 7.63148e-24
1603 6.41925e-24
1604 5.39809e-24
1605 4.53812e-24
1606 3.81409e-24
1607 3.20469e-24
1608 2.69191e-24
1609 2.26056e-24
1610 1.8978e-24
1611 1.59281e-24
1612 1.33647e-24
1613 1.12107e-24
1614 9.40122e-25
1615 7.88164e-25
1616 6.60585e-25
1617 5.53503e-25
1618 4.63651e-25
1619 3.88278e-25
1620 3.25067e-25
1621 2.72072e-25
1622 2.27654e-25
1623 1.90434e-25
1624 1.59256e-25
1625 1.33145e-25
1626 1.11285e-25
1627 9.29882e-26
1628 7.76783e-26
1629 6.48712e-26
1630 5.41607e-26
1631 4.52062e-26
1632 3.77218e-26
1633 3.1468e-26
1634 2.62437e-26
1635 2.18808e-26
1636 1.82383e-26
1637 1.5198e-26
1638 1.2661e-26
1639 1.05447e-26
1640 8.77978e-27
1641 7.30826e-27
1642 6.08173e-27
1643 5.05968e-27
1644 4.20826e-27
1645 3.49917e-27
1646 2.90878e-27
1647 2.41735e-27
1648 2.00841e-27
1649 1.66821e-27
1650 1.38526e-27
1651 1.15e-27
1652 9.54436e-28
1653 7.9192e-28
1654 6.56902e-28
1655 5.4476e-28
1656 4.51643e-28
1657 3.74343e-28
1658 3.10192e-28
1659 2.56966e-28
1660 2.12818e-28
1661 1.76208e-28
1662 1.45857e-28
1663 1.20703e-28
1664 9.98603e-29
1665 8.25951e-29
1666 6.82971e-29
1667 5.64594e-29
1668 4.66613e-29
1669 3.85535e-29
1670 3.18462e-29
1671 2.62989e-29
1672 2.17122e-29
1673 1.79207e-29
1674 1.47875e-29
1675 1.21989e-29
1676 1.00608e-29
1677 8.29525e-30
1678 6.83776e-30
1679 5.63487e-30
1680 4.64238e-30
1681 3.82369e-30
1682 3.14855e-30
1683 2.59194e-30
1684 2.13316e-30
1685 1.75512e-30
1686 1.4437e-30
1687 1.18722e-30
1688 9.76051e-31
1689 8.02226e-31
1690 6.59183e-31
1691 5.41501e-31
1692 4.44709e-31
1693 3.65122e-31
1694 2.99697e-31
1695 2.45929e-31
1696 2.01754e-31
1697 1.65469e-31
1698 1.35673e-31
1699 1.11212e-31
1700 9.11368e-32
1701 7.4665e-32
1702 6.11536e-32
1703 5.00736e-32
1704 4.09898e-32
1705 3.35447e-32
1706 2.74444e-32
1707 2.24472e-32
1708 1.83549e-32
1709 1.50045e-32
1710 1.22623e-32
1711 1.00184e-32
1712 8.18289e-33
1713 6.68179e-33
1714 5.45454e-33
1715 4.45145e-33
1716 3.63181e-33
1717 2.96226e-33
1718 2.41547e-33
1719 1.96905e-33
1720 1.60468e-33
1721 1.30737e-33
1722 1.06484e-33
1723 8.67063e-34
1724 7.05816e-34
1725 5.74393e-34
1726 4.67309e-34
1727 3.8008e-34
1728 3.09046e-34
1729 2.51216e-34
1730 2.04149e-34
1731 1.65853e-34
1732 1.34703e-34
1733 1.09372e-34
1734 8.8779e-35
1735 7.2043e-35
1736 5.84452e-35
1737 4.74005e-35
1738 3.8432e-35
1739 3.11516e-35
1740 2.52431e-35
1741 2.04495e-35
1742 1.65615e-35
1743 1.34088e-35
1744 1.08533e-35
1745 8.78229e-36
1746 7.10446e-36
1747 5.74556e-36
1748 4.64527e-36
1749 3.75463e-36
1750 3.03389e-36
1751 2.45082e-36
1752 1.97926e-36
1753 1.59797e-36
1754 1.28978e-36
1755 1.04074e-36
1756 8.39549e-37
1757 6.77064e-37
1758 5.45874e-37
1759 4.39982e-37
1760 3.54534e-37
1761 2.85601e-37
1762 2.30008e-37
1763 1.85185e-37
1764 1.49056e-37
1765 1.19943e-37
1766 9.649e-38
1767 7.76015e-38
1768 6.23935e-38
1769 5.01523e-38
1770 4.03018e-38
1771 3.23772e-38
1772 2.60039e-38
1773 2.08794e-38
1774 1.67603e-38
1775 1.34502e-38
1776 1.07909e-38
1777 8.65506e-39
1778 6.9401e-39
1779 5.56346e-39
1780 4.45869e-39
1781 3.57235e-39
1782 2.86143e-39
1783 2.29138e-39
1784 1.8344e-39
1785 1.46816e-39
1786 1.17473e-39
1787 9.3969e-40
1788 7.51477e-40
1789 6.008e-40
1790 4.80205e-40
1791 3.83714e-40
1792 3.06529e-40
1793 2.44803e-40
1794 1.95455e-40
1795 1.56012e-40
1796 1.24495e-40
1797 9.93174e-41
1798 7.92103e-41
1799 6.31567e-41
1800 5.03429e-41
1801 4.01178e-41
1802 3.19607e-41
1803 2.54552e-41
1804 2.02682e-41
1805 1.61336e-41
1806 1.28389e-41
1807 1.02141e-41
1808 8.12365e-42
1809 6.4592e-42
1810 5.13432e-42
1811 4.08002e-42
1812 3.24128e-42
1813 2.57422e-42
1814 2.04385e-42
1815 1.62228e-42
1816 1.28728e-42
1817 1.02116e-42
1818 8.09814e-43
1819 6.42018e-43
1820 5.08837e-43
1821 4.03161e-43
1822 3.19336e-43
1823 2.52862e-43
1824 2.00164e-43
1825 1.584e-43
1826 1.25311e-43
1827 9.91026e-44
1828 7.83512e-44
1829 6.19254e-44
1830 4.89276e-44
1831 3.86456e-44
1832 3.05145e-44
1833 2.40863e-44
1834 1.90061e-44
1835 1.49925e-44
1836 1.18225e-44
1837 9.31974e-45
1838 7.34432e-45
1839 5.78566e-45
1840 4.55625e-45
1841 3.58686e-45
1842 2.82275e-45
1843 2.22065e-45
1844 1.74638e-45
1845 1.37292e-45
1846 1.07895e-45
1847 8.4762e-46
1848 6.65655e-46
1849 5.22567e-46
1850 4.1009e-46
1851 3.21707e-46
1852 2.52281e-46
1853 1.97766e-46
1854 1.54974e-46
1855 1.21396e-46
1856 9.5059e-47
1857 7.4408e-47
1858 5.82215e-47
1859 4.55392e-47
1860 3.5606e-47
1861 2.78289e-47
1862 2.17423e-47
1863 1.69804e-47
1864 1.32564e-47
1865 1.03451e-47
1866 8.07005e-48
1867 6.29288e-48
1868 4.90516e-48
1869 3.82197e-48
1870 2.97681e-48
1871 2.31763e-48
1872 1.8037e-48
1873 1.40318e-48
1874 1.09116e-48
1875 8.48182e-49
1876 6.59047e-49
1877 5.11881e-49
1878 3.97417e-49
1879 3.08424e-49
1880 2.39261e-49
1881 1.85533e-49
1882 1.43811e-49
1883 1.11425e-49
1884 8.62973e-50
1885 6.68086e-50
1886 5.16996e-50
1887 3.99911e-50
1888 3.09213e-50
1889 2.38986e-50
1890 1.84631e-50
1891 1.42579e-50
1892 1.10059e-50
1893 8.49204e-51
1894 6.54962e-51
1895 5.04936e-51
1896 3.89111e-51
1897 2.99727e-51
1898 2.30778e-51
1899 1.77614e-51
1900 1.3664e-51
1901 1.05073e-51
1902 8.07639e-52
1903 6.20524e-52
1904 4.76556e-52
1905 3.65833e-52
1906 2.80714e-52
1907 2.15307e-52
1908 1.65069e-52
1909 1.26498e-52
1910 9.68984e-53
1911 7.41925e-53
1912 5.67826e-53
1913 4.34391e-53
1914 3.32169e-53
1915 2.53891e-53
1916 1.93975e-53
1917 1.48134e-53
1918 1.13077e-53
1919 8.62792e-54
1920 6.5803e-54
1921 5.01644e-54
1922 3.82257e-54
1923 2.91155e-54
1924 2.21668e-54
1925 1.6869e-54
1926 1.28318e-54
1927 9.75646e-55
1928 7.41492e-55
1929 5.63287e-55
1930 4.27721e-55
1931 3.24639e-55
1932 2.46291e-55
1933 1.86769e-55
1934 1.41569e-55
1935 1.07261e-55
1936 8.1231e-56
1937 6.14908e-56
1938 4.65271e-56
1939 3.51892e-56
1940 2.66024e-56
1941 2.0102e-56
1942 1.51832e-56
1943 1.1463e-56
1944 8.65044e-57
1945 6.52509e-57
1946 4.91973e-57
1947 3.70769e-57
1948 2.79301e-57
1949 2.10305e-57
1950 1.58282e-57
1951 1.19076e-57
1952 8.95407e-58
1953 6.73016e-58
1954 5.05634e-58
1955 3.79712e-58
1956 2.85023e-58
1957 2.13851e-58
1958 1.6038e-58
1959 1.20225e-58
1960 9.0084e-59
1961 6.74694e-59
1962 5.05094e-59
1963 3.77959e-59
1964 2.82699e-59
1965 2.11354e-59
1966 1.57944e-59
1967 1.17979e-59
1968 8.80866e-60
1969 6.5739e-60
1970 4.90392e-60
1971 3.65654e-60
1972 2.72523e-60
1973 2.03023e-60
1974 1.51179e-60
1975 1.12524e-60
1976 8.37158e-61
1977 6.22552e-61
1978 4.62755e-61
1979 3.43821e-61
1980 2.55342e-61
1981 1.89547e-61
1982 1.40644e-61
1983 1.04311e-61
1984 7.73301e-62
1985 5.73024e-62
1986 4.24428e-62
1987 3.14227e-62
1988 2.32535e-62
1989 1.72005e-62
1990 1.27175e-62
1991 9.39876e-63
1992 6.94298e-63
1993 5.12659e-63
1994 3.78371e-63
1995 2.79136e-63
1996 2.05836e-63
1997 1.51717e-63
1998 1.11777e-63
1999 8.23156e-64
2000 6.05923e-64
2001 4.45822e-64
2002 3.27878e-64
2003 2.4103e-64
2004 1.77108e-64
2005 1.30081e-64
2006 9.54985e-65
2007 7.00789e-65
2008 5.14028e-65
2009 3.76872e-65
2010 2.76191e-65
2011 2.02318e-65
2012 1.48138e-65
2013 1.08419e-65
2014 7.93153e-66
2015 5.79983e-66
2016 4.2392e-66
2017 3.09714e-66
2018 2.26177e-66
2019 1.651e-66
2020 1.20463e-66
2021 8.78569e-67
2022 6.40488e-67
2023 4.66725e-67
2024 3.39961e-67
2025 2.47525e-67
2026 1.80151e-67
2027 1.31064e-67
2028 9.53184e-68
2029 6.92985e-68
2030 5.03666e-68
2031 3.65982e-68
2032 2.65893e-68
2033 1.93167e-68
2034 1.40346e-68
2035 1.02001e-68
2036 7.4177e-69
2037 5.39983e-69
2038 3.93728e-69
2039 2.878e-69
2040 2.11157e-69
2041 1.55789e-69
2042 1.15895e-69
2043 8.72847e-70
2044 6.69468e-70
2045 5.27358e-70
2046 4.31502e-70
2047 3.71759e-70
