0 4.44616e-95
1 3.03259e-94
2 7.06478e-93
3 1.06272e-92
4 1.59796e-92
5 2.40181e-92
6 3.60859e-92
7 5.41954e-92
8 8.13607e-92
9 1.22094e-91
10 1.83146e-91
11 2.74618e-91
12 4.11611e-91
13 6.16696e-91
14 9.23594e-91
15 1.38267e-90
16 2.0691e-90
17 3.09507e-90
18 4.62793e-90
19 6.91719e-90
20 1.03347e-89
21 1.54345e-89
22 2.30417e-89
23 3.43845e-89
24 5.12906e-89
25 7.64784e-89
26 1.1399e-88
27 1.69832e-88
28 2.52929e-88
29 3.76536e-88
30 5.60323e-88
31 8.33486e-88
32 1.23932e-87
33 1.84203e-87
34 2.73674e-87
35 4.06442e-87
36 6.03379e-87
37 8.95381e-87
38 1.32817e-86
39 1.96935e-86
40 2.9189e-86
41 4.32457e-86
42 6.40461e-86
43 9.48131e-86
44 1.40304e-85
45 2.07539e-85
46 3.06871e-85
47 4.53562e-85
48 6.70108e-85
49 9.89645e-85
50 1.46097e-84
51 2.15589e-84
52 3.1801e-84
53 4.68901e-84
54 6.91111e-84
55 1.01822e-83
56 1.49955e-83
57 2.20753e-83
58 3.24846e-83
59 4.77833e-83
60 7.02589e-83
61 1.03265e-82
62 1.51716e-82
63 2.2281e-82
64 3.27088e-82
65 4.79979e-82
66 7.04053e-82
67 1.03232e-81
68 1.51304e-81
69 2.21673e-81
70 3.24641e-81
71 4.75246e-81
72 6.9544e-81
73 1.01725e-80
74 1.48738e-80
75 2.17392e-80
76 3.17608e-80
77 4.63836e-80
78 6.77119e-80
79 9.88078e-80
80 1.44127e-79
81 2.10147e-79
82 3.06288e-79
83 4.46233e-79
84 6.49861e-79
85 9.46031e-79
86 1.37663e-78
87 2.00242e-78
88 2.91151e-78
89 4.23165e-78
90 6.14789e-78
91 8.92832e-78
92 1.2961e-77
93 1.88077e-77
94 2.72809e-77
95 3.95555e-77
96 5.73301e-77
97 8.30586e-77
98 1.20285e-76
99 1.74128e-76
100 2.5197e-76
101 3.64465e-76
102 5.26975e-76
103 7.61641e-76
104 1.10037e-75
105 1.5891e-75
106 2.29398e-75
107 3.31021e-75
108 4.77472e-75
109 6.8844e-75
110 9.92228e-75
111 1.4295e-74
112 2.05864e-74
113 2.9635e-74
114 4.26438e-74
115 6.13385e-74
116 8.81935e-74
117 1.26755e-73
118 1.82105e-73
119 2.6152e-73
120 3.75417e-73
121 5.38704e-73
122 7.72702e-73
123 1.1079e-72
124 1.58787e-72
125 2.27487e-72
126 3.2578e-72
127 4.66356e-72
128 6.67326e-72
129 9.5452e-72
130 1.36477e-71
131 1.95055e-71
132 2.78666e-71
133 3.97957e-71
134 5.68087e-71
135 8.10625e-71
136 1.15625e-70
137 1.64858e-70
138 2.3496e-70
139 3.34738e-70
140 4.76697e-70
141 6.78587e-70
142 9.65597e-70
143 1.37345e-69
144 1.95279e-69
145 2.77539e-69
146 3.94294e-69
147 5.59941e-69
148 7.9486e-69
149 1.12789e-68
150 1.5998e-68
151 2.26827e-68
152 3.21476e-68
153 4.55438e-68
154 6.44965e-68
155 9.12997e-68
156 1.2919e-67
157 1.82732e-67
158 2.58361e-67
159 3.65146e-67
160 5.1586e-67
161 7.2849e-67
162 1.02835e-66
163 1.45106e-66
164 2.04671e-66
165 2.88572e-66
166 4.06704e-66
167 5.72966e-66
168 8.06873e-66
169 1.13582e-65
170 1.59822e-65
171 2.24799e-65
172 3.16064e-65
173 4.44206e-65
174 6.2405e-65
175 8.76356e-65
176 1.23018e-64
177 1.72617e-64
178 2.42116e-64
179 3.39462e-64
180 4.75756e-64
181 6.66506e-64
182 9.33362e-64
183 1.30654e-63
184 1.82819e-63
185 2.5571e-63
186 3.57519e-63
187 4.99664e-63
188 6.98043e-63
189 9.74795e-63
190 1.36073e-62
191 1.89869e-62
192 2.64829e-62
193 3.69234e-62
194 5.14595e-62
195 7.16894e-62
196 9.98322e-62
197 1.38967e-61
198 1.93367e-61
199 2.68953e-61
200 3.73937e-61
201 5.19693e-61
202 7.21973e-61
203 1.00259e-60
204 1.39171e-60
205 1.93109e-60
206 2.67845e-60
207 3.71355e-60
208 5.14662e-60
209 7.12987e-60
210 9.87341e-60
211 1.36672e-59
212 1.89111e-59
213 2.61567e-59
214 3.61638e-59
215 4.99795e-59
216 6.90456e-59
217 9.53468e-59
218 1.31614e-58
219 1.81604e-58
220 2.50482e-58
221 3.45344e-58
222 4.75943e-58
223 6.55668e-58
224 9.02899e-58
225 1.24286e-57
226 1.71013e-57
227 2.35214e-57
228 3.23389e-57
229 4.44439e-57
230 6.10557e-57
231 8.38429e-57
232 1.15089e-56
233 1.57916e-56
234 2.16594e-56
235 2.96956e-56
236 4.06971e-56
237 5.57523e-56
238 7.63462e-56
239 1.04505e-55
240 1.42994e-55
241 1.95579e-55
242 2.67394e-55
243 3.65434e-55
244 4.99221e-55
245 6.81715e-55
246 9.30548e-55
247 1.2697e-54
248 1.73177e-54
249 2.36106e-54
250 3.21772e-54
251 4.38346e-54
252 5.96914e-54
253 8.12518e-54
254 1.10556e-53
255 1.50368e-53
256 2.04435e-53
257 2.77832e-53
258 3.77429e-53
259 5.12525e-53
260 6.95698e-53
261 9.4396e-53
262 1.2803e-52
263 1.73579e-52
264 2.35239e-52
265 3.18675e-52
266 4.31531e-52
267 5.84121e-52
268 7.90351e-52
269 1.06897e-51
270 1.44522e-51
271 1.95313e-51
272 2.63848e-51
273 3.5629e-51
274 4.80927e-51
275 6.48905e-51
276 8.75205e-51
277 1.17995e-50
278 1.59018e-50
279 2.14217e-50
280 2.88462e-50
281 3.88284e-50
282 5.2244e-50
283 7.02667e-50
284 9.44691e-50
285 1.26957e-49
286 1.70549e-49
287 2.29017e-49
288 3.07407e-49
289 4.12463e-49
290 5.53202e-49
291 7.41666e-49
292 9.93939e-49
293 1.33149e-48
294 1.78296e-48
295 2.38656e-48
296 3.19322e-48
297 4.27082e-48
298 5.7098e-48
299 7.63057e-48
300 1.01934e-47
301 1.36116e-47
302 1.81687e-47
303 2.42418e-47
304 3.23321e-47
305 4.3105e-47
306 5.74446e-47
307 7.65238e-47
308 1.01899e-46
309 1.35635e-46
310 1.80467e-46
311 2.40021e-46
312 3.19102e-46
313 4.24067e-46
314 5.63336e-46
315 7.48042e-46
316 9.92912e-46
317 1.31741e-45
318 1.74727e-45
319 2.31646e-45
320 3.06983e-45
321 4.06661e-45
322 5.38487e-45
323 7.12764e-45
324 9.43065e-45
325 1.24728e-44
326 1.64897e-44
327 2.17916e-44
328 2.87866e-44
329 3.80119e-44
330 5.01735e-44
331 6.61996e-44
332 8.73098e-44
333 1.15106e-43
334 1.5169e-43
335 1.99822e-43
336 2.63122e-43
337 3.46336e-43
338 4.55683e-43
339 5.99316e-43
340 7.87906e-43
341 1.03543e-42
342 1.36016e-42
343 1.78603e-42
344 2.34431e-42
345 3.07585e-42
346 4.03406e-42
347 5.28867e-42
348 6.93069e-42
349 9.07889e-42
350 1.18882e-41
351 1.55606e-41
352 2.03592e-41
353 2.66271e-41
354 3.48106e-41
355 4.54912e-41
356 5.94249e-41
357 7.75955e-41
358 1.01282e-40
359 1.32145e-40
360 1.72345e-40
361 2.24684e-40
362 2.92801e-40
363 3.81415e-40
364 4.96651e-40
365 6.46443e-40
366 8.41077e-40
367 1.09388e-39
368 1.42209e-39
369 1.84804e-39
370 2.40061e-39
371 3.11716e-39
372 4.04598e-39
373 5.24946e-39
374 6.80818e-39
375 8.82621e-39
376 1.14378e-38
377 1.48163e-38
378 1.9185e-38
379 2.4832e-38
380 3.21282e-38
381 4.15517e-38
382 5.37176e-38
383 6.94179e-38
384 8.96711e-38
385 1.15787e-37
386 1.49449e-37
387 1.92821e-37
388 2.4868e-37
389 3.20593e-37
390 4.13136e-37
391 5.32181e-37
392 6.85253e-37
393 8.82003e-37
394 1.13479e-36
395 1.45944e-36
396 1.87622e-36
397 2.41106e-36
398 3.09713e-36
399 3.97683e-36
400 5.10435e-36
401 6.54893e-36
402 8.39899e-36
403 1.07674e-35
404 1.37981e-35
405 1.76748e-35
406 2.26317e-35
407 2.89671e-35
408 3.70612e-35
409 4.73981e-35
410 6.05939e-35
411 7.74325e-35
412 9.89108e-35
413 1.26296e-34
414 1.612e-34
415 2.05667e-34
416 2.62295e-34
417 3.34382e-34
418 4.2611e-34
419 5.42784e-34
420 6.91129e-34
421 8.79665e-34
422 1.11918e-33
423 1.42335e-33
424 1.80947e-33
425 2.2994e-33
426 2.92082e-33
427 3.7087e-33
428 4.70722e-33
429 5.9722e-33
430 7.57408e-33
431 9.60179e-33
432 1.21675e-32
433 1.54126e-32
434 1.95154e-32
435 2.47005e-32
436 3.12508e-32
437 3.95222e-32
438 4.9963e-32
439 6.31368e-32
440 7.97522e-32
441 1.007e-31
442 1.27099e-31
443 1.60355e-31
444 2.02231e-31
445 2.54941e-31
446 3.21261e-31
447 4.04672e-31
448 5.09535e-31
449 6.41316e-31
450 8.06856e-31
451 1.01472e-30
452 1.27563e-30
453 1.60298e-30
454 2.01353e-30
455 2.52821e-30
456 3.17319e-30
457 3.98112e-30
458 4.99277e-30
459 6.25897e-30
460 7.84317e-30
461 9.82441e-30
462 1.23012e-29
463 1.53963e-29
464 1.92623e-29
465 2.40896e-29
466 3.01146e-29
467 3.76313e-29
468 4.70056e-29
469 5.86916e-29
470 7.32535e-29
471 9.13918e-29
472 1.13976e-28
473 1.42084e-28
474 1.77053e-28
475 2.2054e-28
476 2.74598e-28
477 3.41771e-28
478 4.25206e-28
479 5.28798e-28
480 6.57364e-28
481 8.16863e-28
482 1.01466e-27
483 1.25984e-27
484 1.56364e-27
485 1.93993e-27
486 2.40581e-27
487 2.98238e-27
488 3.69565e-27
489 4.57767e-27
490 5.66794e-27
491 7.01508e-27
492 8.67894e-27
493 1.07331e-26
494 1.32682e-26
495 1.63955e-26
496 2.02519e-26
497 2.50052e-26
498 3.08619e-26
499 3.80751e-26
500 4.69555e-26
501 5.78839e-26
502 7.13273e-26
503 8.78577e-26
504 1.08176e-25
505 1.3314e-25
506 1.63799e-25
507 2.01438e-25
508 2.47626e-25
509 3.04284e-25
510 3.73757e-25
511 4.58907e-25
512 5.63231e-25
513 6.90995e-25
514 8.47402e-25
515 1.0388e-24
516 1.27291e-24
517 1.55917e-24
518 1.90903e-24
519 2.33647e-24
520 2.85846e-24
521 3.49569e-24
522 4.27325e-24
523 5.22169e-24
524 6.37808e-24
525 7.78745e-24
526 9.50445e-24
527 1.15954e-23
528 1.41407e-23
529 1.72378e-23
530 2.10048e-23
531 2.55848e-23
532 3.1151e-23
533 3.79131e-23
534 4.61245e-23
535 5.60921e-23
536 6.81863e-23
537 8.28552e-23
538 1.00639e-22
539 1.22192e-22
540 1.48301e-22
541 1.79917e-22
542 2.18186e-22
543 2.64489e-22
544 3.20491e-22
545 3.88194e-22
546 4.70012e-22
547 5.68847e-22
548 6.8819e-22
549 8.32239e-22
550 1.00604e-21
551 1.21564e-21
552 1.46833e-21
553 1.77284e-21
554 2.13964e-21
555 2.5813e-21
556 3.11288e-21
557 3.75244e-21
558 4.52158e-21
559 5.4462e-21
560 6.55728e-21
561 7.89187e-21
562 9.4943e-21
563 1.14175e-20
564 1.37248e-20
565 1.64919e-20
566 1.98088e-20
567 2.37833e-20
568 2.85439e-20
569 3.42438e-20
570 4.10653e-20
571 4.92262e-20
572 5.89852e-20
573 7.06506e-20
574 8.45894e-20
575 1.01238e-19
576 1.21114e-19
577 1.44835e-19
578 1.73133e-19
579 2.06876e-19
580 2.47098e-19
581 2.95021e-19
582 3.52099e-19
583 4.20051e-19
584 5.00917e-19
585 5.97112e-19
586 7.11496e-19
587 8.47453e-19
588 1.00899e-18
589 1.20083e-18
590 1.42858e-18
591 1.69884e-18
592 2.01942e-18
593 2.39955e-18
594 2.85008e-18
595 3.38386e-18
596 4.01599e-18
597 4.76431e-18
598 5.64981e-18
599 6.69721e-18
600 7.93561e-18
601 9.39925e-18
602 1.11284e-17
603 1.31704e-17
604 1.55808e-17
605 1.84251e-17
606 2.17798e-17
607 2.57351e-17
608 3.03965e-17
609 3.58879e-17
610 4.23544e-17
611 4.99661e-17
612 5.89222e-17
613 6.94559e-17
614 8.184e-17
615 9.63936e-17
616 1.1349e-16
617 1.33565e-16
618 1.57129e-16
619 1.84775e-16
620 2.17199e-16
621 2.55211e-16
622 2.99756e-16
623 3.51934e-16
624 4.1303e-16
625 4.84539e-16
626 5.68202e-16
627 6.66043e-16
628 7.8042e-16
629 9.14073e-16
630 1.07019e-15
631 1.25246e-15
632 1.4652e-15
633 1.71339e-15
634 2.00281e-15
635 2.34019e-15
636 2.73331e-15
637 3.19119e-15
638 3.72429e-15
639 4.3447e-15
640 5.06645e-15
641 5.90572e-15
642 6.88128e-15
643 8.01478e-15
644 9.33126e-15
645 1.08596e-14
646 1.26333e-14
647 1.46908e-14
648 1.70766e-14
649 1.98418e-14
650 2.30456e-14
651 2.67561e-14
652 3.10515e-14
653 3.60221e-14
654 4.17717e-14
655 4.84197e-14
656 5.61032e-14
657 6.498e-14
658 7.52313e-14
659 8.7065e-14
660 1.0072e-13
661 1.1647e-13
662 1.34629e-13
663 1.55557e-13
664 1.79666e-13
665 2.07429e-13
666 2.39386e-13
667 2.76157e-13
668 3.18448e-13
669 3.67069e-13
670 4.22945e-13
671 4.87131e-13
672 5.60834e-13
673 6.45431e-13
674 7.42491e-13
675 8.53805e-13
676 9.81416e-13
677 1.12765e-12
678 1.29515e-12
679 1.48694e-12
680 1.70645e-12
681 1.95758e-12
682 2.24478e-12
683 2.57308e-12
684 2.94821e-12
685 3.37668e-12
686 3.86588e-12
687 4.42419e-12
688 5.0611e-12
689 5.78738e-12
690 6.61525e-12
691 7.55852e-12
692 8.63284e-12
693 9.85592e-12
694 1.12478e-11
695 1.28311e-11
696 1.46314e-11
697 1.66776e-11
698 1.90025e-11
699 2.16427e-11
700 2.464e-11
701 2.80411e-11
702 3.18989e-11
703 3.6273e-11
704 4.12304e-11
705 4.68466e-11
706 5.32065e-11
707 6.04057e-11
708 6.85516e-11
709 7.77649e-11
710 8.81812e-11
711 9.99528e-11
712 1.13251e-10
713 1.28266e-10
714 1.45215e-10
715 1.64337e-10
716 1.85903e-10
717 2.10215e-10
718 2.37611e-10
719 2.68471e-10
720 3.03217e-10
721 3.42323e-10
722 3.86319e-10
723 4.35795e-10
724 4.9141e-10
725 5.53902e-10
726 6.24091e-10
727 7.02894e-10
728 7.9133e-10
729 8.90537e-10
730 1.00178e-09
731 1.12647e-09
732 1.26618e-09
733 1.42264e-09
734 1.59779e-09
735 1.7938e-09
736 2.01304e-09
737 2.25818e-09
738 2.53216e-09
739 2.83824e-09
740 3.18005e-09
741 3.5616e-09
742 3.98734e-09
743 4.46219e-09
744 4.99159e-09
745 5.58156e-09
746 6.23877e-09
747 6.97058e-09
748 7.78512e-09
749 8.69137e-09
750 9.69923e-09
751 1.08196e-08
752 1.20647e-08
753 1.34476e-08
754 1.4983e-08
755 1.66871e-08
756 1.85775e-08
757 2.06739e-08
758 2.29976e-08
759 2.55723e-08
760 2.84238e-08
761 3.15807e-08
762 3.50743e-08
763 3.89387e-08
764 4.32116e-08
765 4.79342e-08
766 5.31517e-08
767 5.89136e-08
768 6.5274e-08
769 7.22922e-08
770 8.0033e-08
771 8.85673e-08
772 9.79724e-08
773 1.08333e-07
774 1.19741e-07
775 1.32298e-07
776 1.46113e-07
777 1.61307e-07
778 1.78009e-07
779 1.96361e-07
780 2.1652e-07
781 2.38653e-07
782 2.62942e-07
783 2.89589e-07
784 3.18808e-07
785 3.50835e-07
786 3.85925e-07
787 4.24356e-07
788 4.66426e-07
789 5.12463e-07
790 5.62819e-07
791 6.17876e-07
792 6.78047e-07
793 7.43781e-07
794 8.15561e-07
795 8.93912e-07
796 9.79398e-07
797 1.07263e-06
798 1.17427e-06
799 1.28502e-06
800 1.40566e-06
801 1.53701e-06
802 1.67997e-06
803 1.83548e-06
804 2.00459e-06
805 2.18841e-06
806 2.38812e-06
807 2.60503e-06
808 2.84049e-06
809 3.096e-06
810 3.37315e-06
811 3.67364e-06
812 3.9993e-06
813 4.35208e-06
814 4.7341e-06
815 5.14759e-06
816 5.59495e-06
817 6.07877e-06
818 6.60179e-06
819 7.16694e-06
820 7.77736e-06
821 8.4364e-06
822 9.14763e-06
823 9.91485e-06
824 1.07421e-05
825 1.16338e-05
826 1.25944e-05
827 1.36289e-05
828 1.47425e-05
829 1.59407e-05
830 1.72294e-05
831 1.86149e-05
832 2.01037e-05
833 2.17029e-05
834 2.34199e-05
835 2.52627e-05
836 2.72397e-05
837 2.93595e-05
838 3.16318e-05
839 3.40662e-05
840 3.66734e-05
841 3.94643e-05
842 4.24506e-05
843 4.56447e-05
844 4.90594e-05
845 5.27086e-05
846 5.66066e-05
847 6.07686e-05
848 6.52104e-05
849 6.99491e-05
850 7.5002e-05
851 8.03879e-05
852 8.6126e-05
853 9.22369e-05
854 9.87419e-05
855 0.000105663
856 0.000113025
857 0.000120851
858 0.000129167
859 0.000138001
860 0.00014738
861 0.000157333
862 0.000167891
863 0.000179086
864 0.000190951
865 0.000203521
866 0.000216832
867 0.000230921
868 0.000245828
869 0.000261592
870 0.000278255
871 0.000295862
872 0.000314457
873 0.000334088
874 0.000354802
875 0.000376649
876 0.000399683
877 0.000423955
878 0.000449521
879 0.000476439
880 0.000504768
881 0.000534566
882 0.000565898
883 0.000598827
884 0.000633418
885 0.00066974
886 0.000707862
887 0.000747854
888 0.000789791
889 0.000833746
890 0.000879795
891 0.000928017
892 0.00097849
893 0.0010313
894 0.00108652
895 0.00114424
896 0.00120455
897 0.00126753
898 0.00133326
899 0.00140185
900 0.00147338
901 0.00154793
902 0.00162561
903 0.00170651
904 0.00179071
905 0.00187832
906 0.00196943
907 0.00206413
908 0.00216253
909 0.0022647
910 0.00237076
911 0.00248079
912 0.00259489
913 0.00271316
914 0.00283568
915 0.00296255
916 0.00309386
917 0.00322969
918 0.00337015
919 0.00351531
920 0.00366525
921 0.00382006
922 0.00397982
923 0.00414461
924 0.00431449
925 0.00448955
926 0.00466983
927 0.00485542
928 0.00504637
929 0.00524272
930 0.00544455
931 0.00565188
932 0.00586476
933 0.00608323
934 0.00630732
935 0.00653704
936 0.00677243
937 0.00701349
938 0.00726023
939 0.00751264
940 0.00777073
941 0.00803447
942 0.00830384
943 0.00857881
944 0.00885934
945 0.00914539
946 0.00943691
947 0.00973383
948 0.0100361
949 0.0103436
950 0.0106562
951 0.010974
952 0.0112966
953 0.0116242
954 0.0119564
955 0.0122932
956 0.0126345
957 0.01298
958 0.0133297
959 0.0136833
960 0.0140407
961 0.0144016
962 0.014766
963 0.0151335
964 0.0155039
965 0.0158771
966 0.0162527
967 0.0166306
968 0.0170105
969 0.0173921
970 0.0177752
971 0.0181594
972 0.0185445
973 0.0189303
974 0.0193163
975 0.0197023
976 0.020088
977 0.0204731
978 0.0208572
979 0.0212401
980 0.0216213
981 0.0220006
982 0.0223775
983 0.0227519
984 0.0231232
985 0.0234913
986 0.0238556
987 0.0242159
988 0.0245719
989 0.0249231
990 0.0252692
991 0.0256099
992 0.0259448
993 0.0262736
994 0.0265959
995 0.0269115
996 0.0272199
997 0.0275208
998 0.0278139
999 0.0280989
1000 0.0283755
1001 0.0286434
1002 0.0289022
1003 0.0291517
1004 0.0293917
1005 0.0296217
1006 0.0298417
1007 0.0300512
1008 0.0302502
1009 0.0304382
1010 0.0306152
1011 0.030781
1012 0.0309352
1013 0.0310779
1014 0.0312087
1015 0.0313275
1016 0.0314342
1017 0.0315287
1018 0.0316108
1019 0.0316804
1020 0.0317376
1021 0.0317821
1022 0.031814
1023 0.0318332
1024 0.0318396
1025 0.0318334
1026 0.0318144
1027 0.0317827
1028 0.0317384
1029 0.0316815
1030 0.031612
1031 0.0315301
1032 0.0314358
1033 0.0313293
1034 0.0312106
1035 0.03108
1036 0.0309376
1037 0.0307835
1038 0.030618
1039 0.0304411
1040 0.0302532
1041 0.0300545
1042 0.0298451
1043 0.0296253
1044 0.0293954
1045 0.0291556
1046 0.0289063
1047 0.0286476
1048 0.0283798
1049 0.0281034
1050 0.0278185
1051 0.0275255
1052 0.0272247
1053 0.0269164
1054 0.026601
1055 0.0262788
1056 0.0259501
1057 0.0256153
1058 0.0252747
1059 0.0249286
1060 0.0245775
1061 0.0242216
1062 0.0238614
1063 0.0234971
1064 0.0231291
1065 0.0227578
1066 0.0223835
1067 0.0220066
1068 0.0216273
1069 0.0212462
1070 0.0208633
1071 0.0204792
1072 0.0200942
1073 0.0197085
1074 0.0193224
1075 0.0189364
1076 0.0185507
1077 0.0181655
1078 0.0177813
1079 0.0173982
1080 0.0170166
1081 0.0166367
1082 0.0162587
1083 0.015883
1084 0.0155098
1085 0.0151393
1086 0.0147718
1087 0.0144074
1088 0.0140464
1089 0.0136889
1090 0.0133353
1091 0.0129855
1092 0.0126399
1093 0.0122986
1094 0.0119617
1095 0.0116294
1096 0.0113018
1097 0.0109791
1098 0.0106612
1099 0.0103485
1100 0.0100409
1101 0.0097386
1102 0.00944159
1103 0.00914999
1104 0.00886385
1105 0.00858323
1106 0.00830817
1107 0.00803871
1108 0.00777488
1109 0.0075167
1110 0.0072642
1111 0.00701737
1112 0.00677622
1113 0.00654074
1114 0.00631093
1115 0.00608675
1116 0.00586819
1117 0.00565522
1118 0.0054478
1119 0.00524589
1120 0.00504945
1121 0.00485841
1122 0.00467274
1123 0.00449237
1124 0.00431724
1125 0.00414727
1126 0.0039824
1127 0.00382256
1128 0.00366767
1129 0.00351765
1130 0.00337242
1131 0.00323189
1132 0.00309598
1133 0.0029646
1134 0.00283766
1135 0.00271507
1136 0.00259674
1137 0.00248257
1138 0.00237248
1139 0.00226636
1140 0.00216412
1141 0.00206567
1142 0.00197091
1143 0.00187974
1144 0.00179208
1145 0.00170782
1146 0.00162687
1147 0.00154914
1148 0.00147454
1149 0.00140296
1150 0.00133433
1151 0.00126855
1152 0.00120553
1153 0.00114518
1154 0.00108742
1155 0.00103216
1156 0.000979311
1157 0.000928801
1158 0.000880544
1159 0.000834461
1160 0.000790473
1161 0.000748505
1162 0.000708482
1163 0.000670331
1164 0.000633981
1165 0.000599363
1166 0.000566408
1167 0.000535052
1168 0.000505229
1169 0.000476878
1170 0.000449938
1171 0.00042435
1172 0.000400058
1173 0.000377005
1174 0.000355139
1175 0.000334408
1176 0.000314761
1177 0.000296149
1178 0.000278527
1179 0.000261849
1180 0.000246071
1181 0.000231151
1182 0.00021705
1183 0.000203727
1184 0.000191145
1185 0.000179269
1186 0.000168063
1187 0.000157495
1188 0.000147533
1189 0.000138145
1190 0.000129303
1191 0.000120979
1192 0.000113145
1193 0.000105777
1194 9.88484e-05
1195 9.2337e-05
1196 8.622e-05
1197 8.04761e-05
1198 7.50848e-05
1199 7.00267e-05
1200 6.52832e-05
1201 6.08368e-05
1202 5.66705e-05
1203 5.27684e-05
1204 4.91154e-05
1205 4.5697e-05
1206 4.24996e-05
1207 3.951e-05
1208 3.67161e-05
1209 3.41062e-05
1210 3.1669e-05
1211 2.93943e-05
1212 2.72721e-05
1213 2.5293e-05
1214 2.34481e-05
1215 2.17291e-05
1216 2.01281e-05
1217 1.86376e-05
1218 1.72506e-05
1219 1.59604e-05
1220 1.47608e-05
1221 1.36459e-05
1222 1.26102e-05
1223 1.16484e-05
1224 1.07557e-05
1225 9.92747e-06
1226 9.15933e-06
1227 8.44724e-06
1228 7.78741e-06
1229 7.17624e-06
1230 6.6104e-06
1231 6.08674e-06
1232 5.60232e-06
1233 5.1544e-06
1234 4.74039e-06
1235 4.3579e-06
1236 4.00466e-06
1237 3.67859e-06
1238 3.37772e-06
1239 3.10022e-06
1240 2.84437e-06
1241 2.6086e-06
1242 2.39142e-06
1243 2.19144e-06
1244 2.00738e-06
1245 1.83805e-06
1246 1.68233e-06
1247 1.53918e-06
1248 1.40765e-06
1249 1.28685e-06
1250 1.17595e-06
1251 1.07417e-06
1252 9.8081e-07
1253 8.95206e-07
1254 8.16748e-07
1255 7.44867e-07
1256 6.79042e-07
1257 6.18786e-07
1258 5.63651e-07
1259 5.13225e-07
1260 4.67122e-07
1261 4.24991e-07
1262 3.86506e-07
1263 3.51365e-07
1264 3.19292e-07
1265 2.9003e-07
1266 2.63345e-07
1267 2.39019e-07
1268 2.16854e-07
1269 1.96665e-07
1270 1.78285e-07
1271 1.61558e-07
1272 1.46342e-07
1273 1.32506e-07
1274 1.1993e-07
1275 1.08505e-07
1276 9.81283e-08
1277 8.87088e-08
1278 8.01614e-08
1279 7.24086e-08
1280 6.53795e-08
1281 5.90092e-08
1282 5.32383e-08
1283 4.80126e-08
1284 4.32825e-08
1285 3.90028e-08
1286 3.51322e-08
1287 3.16331e-08
1288 2.84712e-08
1289 2.5615e-08
1290 2.30362e-08
1291 2.07087e-08
1292 1.86089e-08
1293 1.67154e-08
1294 1.50085e-08
1295 1.34705e-08
1296 1.20854e-08
1297 1.08383e-08
1298 9.71599e-09
1299 8.70644e-09
1300 7.79867e-09
1301 6.98276e-09
1302 6.24971e-09
1303 5.59138e-09
1304 5.0004e-09
1305 4.47009e-09
1306 3.99443e-09
1307 3.56796e-09
1308 3.18574e-09
1309 2.84334e-09
1310 2.53672e-09
1311 2.26226e-09
1312 2.01669e-09
1313 1.79706e-09
1314 1.60071e-09
1315 1.42524e-09
1316 1.2685e-09
1317 1.12855e-09
1318 1.00364e-09
1319 8.92192e-10
1320 7.92805e-10
1321 7.04208e-10
1322 6.25262e-10
1323 5.54945e-10
1324 4.92338e-10
1325 4.3662e-10
1326 3.87053e-10
1327 3.42976e-10
1328 3.03797e-10
1329 2.68986e-10
1330 2.38069e-10
1331 2.10621e-10
1332 1.86263e-10
1333 1.64656e-10
1334 1.45498e-10
1335 1.28517e-10
1336 1.13473e-10
1337 1.0015e-10
1338 8.83553e-11
1339 7.79189e-11
1340 6.86878e-11
1341 6.05261e-11
1342 5.33129e-11
1343 4.69405e-11
1344 4.13133e-11
1345 3.63462e-11
1346 3.19635e-11
1347 2.8098e-11
1348 2.46901e-11
1349 2.16869e-11
1350 1.90414e-11
1351 1.67119e-11
1352 1.46615e-11
1353 1.28576e-11
1354 1.12711e-11
1355 9.8764e-12
1356 8.65084e-12
1357 7.57432e-12
1358 6.62912e-12
1359 5.79955e-12
1360 5.07177e-12
1361 4.43354e-12
1362 3.87408e-12
1363 3.38386e-12
1364 2.9545e-12
1365 2.57858e-12
1366 2.24959e-12
1367 1.9618e-12
1368 1.71013e-12
1369 1.49016e-12
1370 1.29796e-12
1371 1.1301e-12
1372 9.83557e-13
1373 8.55673e-13
1374 7.4412e-13
1375 6.46851e-13
1376 5.62072e-13
1377 4.88209e-13
1378 4.23883e-13
1379 3.67886e-13
1380 3.19158e-13
1381 2.76775e-13
1382 2.39923e-13
1383 2.07895e-13
1384 1.80071e-13
1385 1.55908e-13
1386 1.34934e-13
1387 1.16734e-13
1388 1.00949e-13
1389 8.7264e-14
1390 7.54037e-14
1391 6.51293e-14
1392 5.62324e-14
1393 4.85315e-14
1394 4.18684e-14
1395 3.61057e-14
1396 3.11238e-14
1397 2.68185e-14
1398 2.30995e-14
1399 1.98883e-14
1400 1.71167e-14
1401 1.47254e-14
1402 1.26632e-14
1403 1.08854e-14
1404 9.35343e-15
1405 8.03387e-15
1406 6.89771e-15
1407 5.91986e-15
1408 5.0786e-15
1409 4.35516e-15
1410 3.73327e-15
1411 3.19891e-15
1412 2.73994e-15
1413 2.34588e-15
1414 2.00769e-15
1415 1.71757e-15
1416 1.46879e-15
1417 1.25554e-15
1418 1.07282e-15
1419 9.16327e-16
1420 7.82349e-16
1421 6.67693e-16
1422 5.69613e-16
1423 4.85746e-16
1424 4.14061e-16
1425 3.52815e-16
1426 3.00507e-16
1427 2.55853e-16
1428 2.17747e-16
1429 1.85242e-16
1430 1.57526e-16
1431 1.33904e-16
1432 1.13779e-16
1433 9.66393e-17
1434 8.20491e-17
1435 6.96338e-17
1436 5.90735e-17
1437 5.00947e-17
1438 4.24636e-17
1439 3.59807e-17
1440 3.04753e-17
1441 2.58019e-17
1442 2.18365e-17
1443 1.84731e-17
1444 1.56216e-17
1445 1.32049e-17
1446 1.11576e-17
1447 9.42399e-18
1448 7.95655e-18
1449 6.71492e-18
1450 5.66478e-18
1451 4.77696e-18
1452 4.02668e-18
1453 3.39288e-18
1454 2.8577e-18
1455 2.40598e-18
1456 2.02485e-18
1457 1.70341e-18
1458 1.43243e-18
1459 1.20408e-18
1460 1.01172e-18
1461 8.49755e-19
1462 7.13433e-19
1463 5.98741e-19
1464 5.02286e-19
1465 4.21201e-19
1466 3.53065e-19
1467 2.95833e-19
1468 2.47779e-19
1469 2.07448e-19
1470 1.73612e-19
1471 1.45237e-19
1472 1.21451e-19
1473 1.0152e-19
1474 8.48256e-20
1475 7.08483e-20
1476 5.91506e-20
1477 4.93645e-20
1478 4.1181e-20
1479 3.43404e-20
1480 2.86246e-20
1481 2.38507e-20
1482 1.9865e-20
1483 1.65388e-20
1484 1.3764e-20
1485 1.14501e-20
1486 9.52148e-21
1487 7.91451e-21
1488 6.57613e-21
1489 5.46189e-21
1490 4.53463e-21
1491 3.76329e-21
1492 3.1219e-21
1493 2.5888e-21
1494 2.14587e-21
1495 1.77801e-21
1496 1.47262e-21
1497 1.2192e-21
1498 1.00899e-21
1499 8.34684e-22
1500 6.90217e-22
1501 5.70526e-22
1502 4.71402e-22
1503 3.89344e-22
1504 3.21442e-22
1505 2.65276e-22
1506 2.18836e-22
1507 1.80454e-22
1508 1.48745e-22
1509 1.22558e-22
1510 1.00942e-22
1511 8.31045e-23
1512 6.83919e-23
1513 5.62615e-23
1514 4.62641e-23
1515 3.8028e-23
1516 3.12456e-23
1517 2.56627e-23
1518 2.10688e-23
1519 1.72904e-23
1520 1.41839e-23
1521 1.16309e-23
1522 9.53365e-24
1523 7.81142e-24
1524 6.39775e-24
1525 5.23782e-24
1526 4.28648e-24
1527 3.50653e-24
1528 2.86735e-24
1529 2.34374e-24
1530 1.91498e-24
1531 1.56404e-24
1532 1.2769e-24
1533 1.04205e-24
1534 8.50064e-25
1535 6.93169e-25
1536 5.65007e-25
1537 4.60356e-25
1538 3.74939e-25
1539 3.05249e-25
1540 2.48413e-25
1541 2.02079e-25
1542 1.64321e-25
1543 1.33565e-25
1544 1.08522e-25
1545 8.81393e-26
1546 7.15563e-26
1547 5.80701e-26
1548 4.71068e-26
1549 3.8198e-26
1550 3.09617e-26
1551 2.50862e-26
1552 2.03176e-26
1553 1.64488e-26
1554 1.33114e-26
1555 1.07681e-26
1556 8.70729e-27
1557 7.03804e-27
1558 5.68653e-27
1559 4.59271e-27
1560 3.70781e-27
1561 2.99221e-27
1562 2.41375e-27
1563 1.94634e-27
1564 1.56882e-27
1565 1.26402e-27
1566 1.01803e-27
1567 8.19583e-28
1568 6.59557e-28
1569 5.30564e-28
1570 4.26629e-28
1571 3.42917e-28
1572 2.75521e-28
1573 2.21282e-28
1574 1.77649e-28
1575 1.42563e-28
1576 1.14361e-28
1577 9.17013e-29
1578 7.35019e-29
1579 5.8891e-29
1580 4.71656e-29
1581 3.77596e-29
1582 3.02174e-29
1583 2.4172e-29
1584 1.93283e-29
1585 1.54491e-29
1586 1.23435e-29
1587 9.85823e-30
1588 7.87022e-30
1589 6.28059e-30
1590 5.01004e-30
1591 3.99492e-30
1592 3.18421e-30
1593 2.537e-30
1594 2.02054e-30
1595 1.60857e-30
1596 1.28008e-30
1597 1.01827e-30
1598 8.09684e-31
1599 6.43567e-31
1600 5.11327e-31
1601 4.06097e-31
1602 3.22394e-31
1603 2.55841e-31
1604 2.02946e-31
1605 1.60923e-31
1606 1.2755e-31
1607 1.01058e-31
1608 8.00361e-32
1609 6.33619e-32
1610 5.01415e-32
1611 3.96636e-32
1612 3.13627e-32
1613 2.47891e-32
1614 1.95856e-32
1615 1.54681e-32
1616 1.22114e-32
1617 9.63646e-33
1618 7.60147e-33
1619 5.99382e-33
1620 4.72429e-33
1621 3.72217e-33
1622 2.93144e-33
1623 2.30778e-33
1624 1.81607e-33
1625 1.42856e-33
1626 1.12328e-33
1627 8.82889e-34
1628 6.93666e-34
1629 5.4478e-34
1630 4.27679e-34
1631 3.35615e-34
1632 2.63264e-34
1633 2.06427e-34
1634 1.61797e-34
1635 1.26765e-34
1636 9.92783e-35
1637 7.77206e-35
1638 6.08197e-35
1639 4.7575e-35
1640 3.71997e-35
1641 2.90755e-35
1642 2.27165e-35
1643 1.77411e-35
1644 1.385e-35
1645 1.08079e-35
1646 8.43065e-36
1647 6.57366e-36
1648 5.12365e-36
1649 3.99189e-36
1650 3.10888e-36
1651 2.42022e-36
1652 1.88336e-36
1653 1.465e-36
1654 1.13912e-36
1655 8.85371e-37
1656 6.87874e-37
1657 5.34219e-37
1658 4.14721e-37
1659 3.21824e-37
1660 2.49636e-37
1661 1.93564e-37
1662 1.50026e-37
1663 1.16234e-37
1664 9.00179e-38
1665 6.96868e-38
1666 5.3926e-38
1667 4.17131e-38
1668 3.22532e-38
1669 2.49287e-38
1670 1.92599e-38
1671 1.48742e-38
1672 1.14826e-38
1673 8.86078e-39
1674 6.83488e-39
1675 5.27007e-39
1676 4.06189e-39
1677 3.12944e-39
1678 2.41008e-39
1679 1.85534e-39
1680 1.42771e-39
1681 1.09821e-39
1682 8.44412e-40
1683 6.4901e-40
1684 4.98625e-40
1685 3.82934e-40
1686 2.93968e-40
1687 2.25581e-40
1688 1.73034e-40
1689 1.32674e-40
1690 1.01688e-40
1691 7.79069e-41
1692 5.96637e-41
1693 4.56742e-41
1694 3.49509e-41
1695 2.67345e-41
1696 2.04415e-41
1697 1.56235e-41
1698 1.19363e-41
1699 9.11572e-42
1700 6.95883e-42
1701 5.31017e-42
1702 4.05049e-42
1703 3.08839e-42
1704 2.35388e-42
1705 1.79333e-42
1706 1.36573e-42
1707 1.03967e-42
1708 7.91139e-43
1709 6.01778e-43
1710 4.57558e-43
1711 3.47762e-43
1712 2.64207e-43
1713 2.00648e-43
1714 1.52317e-43
1715 1.15582e-43
1716 8.76718e-44
1717 6.64744e-44
1718 5.0382e-44
1719 3.81701e-44
1720 2.89066e-44
1721 2.18825e-44
1722 1.65586e-44
1723 1.2525e-44
1724 9.47015e-45
1725 7.15752e-45
1726 5.40748e-45
1727 4.0837e-45
1728 3.08276e-45
1729 2.32622e-45
1730 1.75464e-45
1731 1.32298e-45
1732 9.97112e-46
1733 7.5121e-46
1734 5.65724e-46
1735 4.25868e-46
1736 3.20458e-46
1737 2.41043e-46
1738 1.81236e-46
1739 1.36213e-46
1740 1.02334e-46
1741 7.6851e-47
1742 5.76905e-47
1743 4.32898e-47
1744 3.24709e-47
1745 2.4346e-47
1746 1.82469e-47
1747 1.36702e-47
1748 1.02374e-47
1749 7.66352e-48
1750 5.73449e-48
1751 4.28931e-48
1752 3.20705e-48
1753 2.39691e-48
1754 1.7907e-48
1755 1.33728e-48
1756 9.98266e-49
1757 7.44899e-49
1758 5.55616e-49
1759 4.14265e-49
1760 3.08751e-49
1761 2.3002e-49
1762 1.71297e-49
1763 1.27514e-49
1764 9.48843e-50
1765 7.05759e-50
1766 5.24741e-50
1767 3.89996e-50
1768 2.89736e-50
1769 2.15164e-50
1770 1.59722e-50
1771 1.18518e-50
1772 8.79087e-51
1773 6.51787e-51
1774 4.83065e-51
1775 3.57876e-51
1776 2.65024e-51
1777 1.96184e-51
1778 1.45168e-51
1779 1.07375e-51
1780 7.9389e-52
1781 5.86739e-52
1782 4.33467e-52
1783 3.20106e-52
1784 2.36297e-52
1785 1.74361e-52
1786 1.28607e-52
1787 9.48219e-53
1788 6.98841e-53
1789 5.14842e-53
1790 3.79138e-53
1791 2.79091e-53
1792 2.05362e-53
1793 1.51051e-53
1794 1.11058e-53
1795 8.16217e-54
1796 5.99634e-54
1797 4.40346e-54
1798 3.23242e-54
1799 2.37185e-54
1800 1.7397e-54
1801 1.27552e-54
1802 9.34817e-55
1803 6.84845e-55
1804 5.01516e-55
1805 3.67116e-55
1806 2.68626e-55
1807 1.96481e-55
1808 1.43654e-55
1809 1.04989e-55
1810 7.66995e-56
1811 5.60105e-56
1812 4.08858e-56
1813 2.98334e-56
1814 2.176e-56
1815 1.58651e-56
1816 1.15625e-56
1817 8.42338e-57
1818 6.13406e-57
1819 4.46516e-57
1820 3.24901e-57
1821 2.36316e-57
1822 1.71815e-57
1823 1.24869e-57
1824 9.0714e-58
1825 6.58751e-58
1826 4.78183e-58
1827 3.46971e-58
1828 2.51663e-58
1829 1.82462e-58
1830 1.32236e-58
1831 9.57979e-59
1832 6.93725e-59
1833 5.02164e-59
1834 3.63354e-59
1835 2.62809e-59
1836 1.90011e-59
1837 1.37323e-59
1838 9.92046e-60
1839 7.16388e-60
1840 5.1712e-60
1841 3.7313e-60
1842 2.69126e-60
1843 1.94034e-60
1844 1.39838e-60
1845 1.0074e-60
1846 7.25442e-61
1847 5.22192e-61
1848 3.75737e-61
1849 2.70249e-61
1850 1.943e-61
1851 1.39638e-61
1852 1.00315e-61
1853 7.20362e-62
1854 5.17087e-62
1855 3.71024e-62
1856 2.66114e-62
1857 1.90792e-62
1858 1.36734e-62
1859 9.7954e-63
1860 7.01444e-63
1861 5.021e-63
1862 3.59264e-63
1863 2.56959e-63
1864 1.83713e-63
1865 1.31294e-63
1866 9.37936e-64
1867 6.69775e-64
1868 4.78092e-64
1869 3.4113e-64
1870 2.43307e-64
1871 1.73467e-64
1872 1.23624e-64
1873 8.8068e-65
1874 6.27132e-65
1875 4.46402e-65
1876 3.17628e-65
1877 2.25912e-65
1878 1.60615e-65
1879 1.14145e-65
1880 8.10881e-66
1881 5.75815e-66
1882 4.08728e-66
1883 2.9001e-66
1884 2.05692e-66
1885 1.45831e-66
1886 1.03349e-66
1887 7.32133e-67
1888 5.18442e-67
1889 3.66975e-67
1890 2.59657e-67
1891 1.83649e-67
1892 1.29839e-67
1893 9.17588e-68
1894 6.48211e-68
1895 4.57732e-68
1896 3.23097e-68
1897 2.27972e-68
1898 1.60789e-68
1899 1.13359e-68
1900 7.98883e-69
1901 5.62777e-69
1902 3.96293e-69
1903 2.78948e-69
1904 1.96271e-69
1905 1.38043e-69
1906 9.70511e-70
1907 6.82044e-70
1908 4.79127e-70
1909 3.36446e-70
1910 2.3616e-70
1911 1.65701e-70
1912 1.16217e-70
1913 8.14777e-71
1914 5.70999e-71
1915 3.99999e-71
1916 2.80097e-71
1917 1.96058e-71
1918 1.37179e-71
1919 9.59435e-72
1920 6.70766e-72
1921 4.68762e-72
1922 3.27462e-72
1923 2.28662e-72
1924 1.59608e-72
1925 1.11363e-72
1926 7.76706e-73
1927 5.41498e-73
1928 3.77366e-73
1929 2.62879e-73
1930 1.83052e-73
1931 1.27415e-73
1932 8.86529e-74
1933 6.16582e-74
1934 4.28663e-74
1935 2.97898e-74
1936 2.0694e-74
1937 1.43697e-74
1938 9.97423e-75
1939 6.92048e-75
1940 4.79976e-75
1941 3.32759e-75
1942 2.30603e-75
1943 1.59745e-75
1944 1.10616e-75
1945 7.65653e-76
1946 5.29753e-76
1947 3.66388e-76
1948 2.53301e-76
1949 1.75048e-76
1950 1.20922e-76
1951 8.34984e-77
1952 5.76339e-77
1953 3.97654e-77
1954 2.74257e-77
1955 1.89076e-77
1956 1.303e-77
1957 8.97584e-78
1958 6.18064e-78
1959 4.2542e-78
1960 2.92705e-78
1961 2.01311e-78
1962 1.38399e-78
1963 9.51091e-79
1964 6.53339e-79
1965 4.48624e-79
1966 3.0793e-79
1967 2.11275e-79
1968 1.44901e-79
1969 9.9339e-80
1970 6.80761e-80
1971 4.66334e-80
1972 3.19319e-80
1973 2.18564e-80
1974 1.49541e-80
1975 1.02275e-80
1976 6.992e-81
1977 4.77817e-81
1978 3.26398e-81
1979 2.22875e-81
1980 1.52125e-81
1981 1.03793e-81
1982 7.07878e-82
1983 4.82588e-82
1984 3.28868e-82
1985 2.24023e-82
1986 1.52543e-82
1987 1.03828e-82
1988 7.06424e-83
1989 4.80444e-83
1990 3.26622e-83
1991 2.21961e-83
1992 1.50776e-83
1993 1.0238e-83
1994 6.94902e-84
1995 4.71475e-84
1996 3.19757e-84
1997 2.16775e-84
1998 1.46901e-84
1999 9.95094e-85
2000 6.73801e-85
2001 4.56064e-85
2002 3.08564e-85
2003 2.08685e-85
2004 1.4108e-85
2005 9.53377e-86
2006 6.44007e-86
2007 4.34853e-86
2008 2.93509e-86
2009 1.98028e-86
2010 1.33554e-86
2011 9.00358e-87
2012 6.06735e-87
2013 4.08705e-87
2014 2.75199e-87
2015 1.8523e-87
2016 1.24624e-87
2017 8.38139e-88
2018 5.63454e-88
2019 3.78641e-88
2020 2.54345e-88
2021 1.70783e-88
2022 1.14629e-88
2023 7.69073e-89
2024 5.15785e-89
2025 3.45777e-89
2026 2.31713e-89
2027 1.55214e-89
2028 1.03929e-89
2029 6.95616e-90
2030 4.65403e-90
2031 3.11254e-90
2032 2.08078e-90
2033 1.39048e-90
2034 9.28818e-91
2035 6.20186e-91
2036 4.13942e-91
2037 2.76175e-91
2038 1.84185e-91
2039 1.22787e-91
2040 8.18229e-92
2041 5.45035e-92
2042 3.62911e-92
2043 2.41548e-92
2044 1.60706e-92
2045 1.06878e-92
2046 1.12297e-93
2047 2.88095e-94
