0 2.80584e-23
1 2.37392e-23
2 1.99876e-23
3 1.67434e-23
4 1.39549e-23
5 1.1576e-23
6 9.56846e-24
7 7.89911e-24
8 6.53952e-24
9 5.46667e-24
10 4.66138e-24
11 4.10923e-24
12 3.79924e-24
13 3.72396e-24
14 3.87977e-24
15 4.26623e-24
16 4.88657e-24
17 5.74722e-24
18 6.85809e-24
19 8.23282e-24
20 9.88908e-24
21 1.18474e-23
22 1.41338e-23
23 1.67782e-23
24 1.98149e-23
25 2.32853e-23
26 2.72347e-23
27 3.17158e-23
28 3.67886e-23
29 4.252e-23
30 4.89872e-23
31 5.62753e-23
32 6.44814e-23
33 7.37141e-23
34 8.40953e-23
35 9.57619e-23
36 1.08869e-22
37 1.23585e-22
38 1.40106e-22
39 1.58647e-22
40 1.79448e-22
41 2.0278e-22
42 2.28945e-22
43 2.58279e-22
44 2.91159e-22
45 3.28009e-22
46 3.69299e-22
47 4.15552e-22
48 4.67355e-22
49 5.25367e-22
50 5.90315e-22
51 6.63018e-22
52 7.44385e-22
53 8.35427e-22
54 9.37284e-22
55 1.05121e-21
56 1.17861e-21
57 1.32106e-21
58 1.4803e-21
59 1.65827e-21
60 1.85714e-21
61 2.07933e-21
62 2.32751e-21
63 2.60468e-21
64 2.91416e-21
65 3.25963e-21
66 3.64523e-21
67 4.07554e-21
68 4.55562e-21
69 5.09114e-21
70 5.68839e-21
71 6.35434e-21
72 7.09676e-21
73 7.92427e-21
74 8.84643e-21
75 9.87387e-21
76 1.10184e-20
77 1.22931e-20
78 1.37125e-20
79 1.52927e-20
80 1.70516e-20
81 1.9009e-20
82 2.11869e-20
83 2.36097e-20
84 2.63043e-20
85 2.93007e-20
86 3.2632e-20
87 3.63351e-20
88 4.04503e-20
89 4.50229e-20
90 5.01027e-20
91 5.57447e-20
92 6.201e-20
93 6.89661e-20
94 7.66876e-20
95 8.52571e-20
96 9.47658e-20
97 1.05315e-19
98 1.17015e-19
99 1.2999e-19
100 1.44376e-19
101 1.60323e-19
102 1.77997e-19
103 1.97581e-19
104 2.19277e-19
105 2.43309e-19
106 2.69922e-19
107 2.99388e-19
108 3.32006e-19
109 3.68107e-19
110 4.08055e-19
111 4.5225e-19
112 5.01135e-19
113 5.55196e-19
114 6.14971e-19
115 6.8105e-19
116 7.54084e-19
117 8.34788e-19
118 9.23951e-19
119 1.02244e-18
120 1.13121e-18
121 1.25131e-18
122 1.3839e-18
123 1.53024e-18
124 1.69173e-18
125 1.8699e-18
126 2.06644e-18
127 2.28321e-18
128 2.52222e-18
129 2.78573e-18
130 3.07618e-18
131 3.39627e-18
132 3.74894e-18
133 4.13745e-18
134 4.56536e-18
135 5.03656e-18
136 5.55533e-18
137 6.12638e-18
138 6.75484e-18
139 7.44636e-18
140 8.20711e-18
141 9.04387e-18
142 9.96405e-18
143 1.09758e-17
144 1.20879e-17
145 1.33102e-17
146 1.46534e-17
147 1.6129e-17
148 1.77498e-17
149 1.95298e-17
150 2.14843e-17
151 2.36298e-17
152 2.59846e-17
153 2.85687e-17
154 3.14038e-17
155 3.45137e-17
156 3.79243e-17
157 4.1664e-17
158 4.57637e-17
159 5.02573e-17
160 5.51816e-17
161 6.05768e-17
162 6.64869e-17
163 7.29597e-17
164 8.00473e-17
165 8.78068e-17
166 9.63001e-17
167 1.05595e-16
168 1.15765e-16
169 1.2689e-16
170 1.39058e-16
171 1.52363e-16
172 1.66911e-16
173 1.82812e-16
174 2.00191e-16
175 2.1918e-16
176 2.39925e-16
177 2.62585e-16
178 2.8733e-16
179 3.14348e-16
180 3.43841e-16
181 3.76032e-16
182 4.11159e-16
183 4.49483e-16
184 4.91288e-16
185 5.36881e-16
186 5.86595e-16
187 6.40793e-16
188 6.99868e-16
189 7.64247e-16
190 8.34393e-16
191 9.10808e-16
192 9.94036e-16
193 1.08467e-15
194 1.18334e-15
195 1.29076e-15
196 1.40766e-15
197 1.53486e-15
198 1.67325e-15
199 1.82377e-15
200 1.98747e-15
201 2.16545e-15
202 2.35894e-15
203 2.56923e-15
204 2.79775e-15
205 3.04602e-15
206 3.31571e-15
207 3.6086e-15
208 3.92663e-15
209 4.27188e-15
210 4.64662e-15
211 5.05329e-15
212 5.49451e-15
213 5.97315e-15
214 6.49225e-15
215 7.05515e-15
216 7.66541e-15
217 8.32689e-15
218 9.04376e-15
219 9.82051e-15
220 1.0662e-14
221 1.15734e-14
222 1.25603e-14
223 1.36289e-14
224 1.47856e-14
225 1.60374e-14
226 1.73921e-14
227 1.88576e-14
228 2.04429e-14
229 2.21573e-14
230 2.4011e-14
231 2.6015e-14
232 2.81811e-14
233 3.05219e-14
234 3.30511e-14
235 3.57833e-14
236 3.87343e-14
237 4.1921e-14
238 4.53615e-14
239 4.90756e-14
240 5.3084e-14
241 5.74094e-14
242 6.2076e-14
243 6.71097e-14
244 7.25386e-14
245 7.83924e-14
246 8.47032e-14
247 9.15056e-14
248 9.88363e-14
249 1.06735e-13
250 1.15244e-13
251 1.24409e-13
252 1.34279e-13
253 1.44905e-13
254 1.56344e-13
255 1.68655e-13
256 1.81903e-13
257 1.96155e-13
258 2.11486e-13
259 2.27973e-13
260 2.457e-13
261 2.64758e-13
262 2.85241e-13
263 3.07253e-13
264 3.30903e-13
265 3.56307e-13
266 3.83591e-13
267 4.12888e-13
268 4.4434e-13
269 4.781e-13
270 5.1433e-13
271 5.53203e-13
272 5.94904e-13
273 6.3963e-13
274 6.87592e-13
275 7.39014e-13
276 7.94134e-13
277 8.53208e-13
278 9.16508e-13
279 9.84323e-13
280 1.05696e-12
281 1.13475e-12
282 1.21805e-12
283 1.30722e-12
284 1.40266e-12
285 1.5048e-12
286 1.61408e-12
287 1.73099e-12
288 1.85603e-12
289 1.98975e-12
290 2.13272e-12
291 2.28555e-12
292 2.4489e-12
293 2.62347e-12
294 2.80998e-12
295 3.00921e-12
296 3.22201e-12
297 3.44925e-12
298 3.69188e-12
299 3.95088e-12
300 4.22731e-12
301 4.52229e-12
302 4.83702e-12
303 5.17274e-12
304 5.53081e-12
305 5.91264e-12
306 6.31973e-12
307 6.75366e-12
308 7.21614e-12
309 7.70894e-12
310 8.23395e-12
311 8.79318e-12
312 9.38874e-12
313 1.00229e-11
314 1.06979e-11
315 1.14165e-11
316 1.21811e-11
317 1.29946e-11
318 1.386e-11
319 1.47803e-11
320 1.5759e-11
321 1.67994e-11
322 1.79053e-11
323 1.90805e-11
324 2.03292e-11
325 2.16556e-11
326 2.30644e-11
327 2.45603e-11
328 2.61485e-11
329 2.78343e-11
330 2.96234e-11
331 3.15216e-11
332 3.35354e-11
333 3.56713e-11
334 3.79363e-11
335 4.03378e-11
336 4.28834e-11
337 4.55814e-11
338 4.84404e-11
339 5.14693e-11
340 5.46779e-11
341 5.8076e-11
342 6.16742e-11
343 6.54838e-11
344 6.95163e-11
345 7.37841e-11
346 7.83002e-11
347 8.30782e-11
348 8.81325e-11
349 9.34782e-11
350 9.9131e-11
351 1.05108e-10
352 1.11426e-10
353 1.18104e-10
354 1.25161e-10
355 1.32618e-10
356 1.40495e-10
357 1.48816e-10
358 1.57604e-10
359 1.66882e-10
360 1.76679e-10
361 1.87019e-10
362 1.97933e-10
363 2.09448e-10
364 2.21598e-10
365 2.34414e-10
366 2.47931e-10
367 2.62184e-10
368 2.77211e-10
369 2.93051e-10
370 3.09745e-10
371 3.27335e-10
372 3.45867e-10
373 3.65387e-10
374 3.85944e-10
375 4.07588e-10
376 4.30372e-10
377 4.54352e-10
378 4.79586e-10
379 5.06134e-10
380 5.34058e-10
381 5.63423e-10
382 5.94298e-10
383 6.26753e-10
384 6.60863e-10
385 6.96704e-10
386 7.34356e-10
387 7.73901e-10
388 8.15428e-10
389 8.59026e-10
390 9.04789e-10
391 9.52814e-10
392 1.0032e-09
393 1.05606e-09
394 1.1115e-09
395 1.16963e-09
396 1.23058e-09
397 1.29446e-09
398 1.36141e-09
399 1.43156e-09
400 1.50505e-09
401 1.58203e-09
402 1.66264e-09
403 1.74704e-09
404 1.8354e-09
405 1.9279e-09
406 2.02469e-09
407 2.12598e-09
408 2.23195e-09
409 2.34281e-09
410 2.45875e-09
411 2.58e-09
412 2.70679e-09
413 2.83934e-09
414 2.9779e-09
415 3.12273e-09
416 3.27408e-09
417 3.43223e-09
418 3.59747e-09
419 3.77009e-09
420 3.95039e-09
421 4.1387e-09
422 4.33533e-09
423 4.54064e-09
424 4.75498e-09
425 4.97871e-09
426 5.2122e-09
427 5.45586e-09
428 5.71008e-09
429 5.97528e-09
430 6.25189e-09
431 6.54036e-09
432 6.84115e-09
433 7.15471e-09
434 7.48155e-09
435 7.82215e-09
436 8.17704e-09
437 8.54673e-09
438 8.93176e-09
439 9.33269e-09
440 9.75009e-09
441 1.01845e-08
442 1.06366e-08
443 1.1107e-08
444 1.15962e-08
445 1.21049e-08
446 1.26337e-08
447 1.31834e-08
448 1.37546e-08
449 1.4348e-08
450 1.49642e-08
451 1.56041e-08
452 1.62683e-08
453 1.69577e-08
454 1.76728e-08
455 1.84146e-08
456 1.91839e-08
457 1.99814e-08
458 2.0808e-08
459 2.16645e-08
460 2.25518e-08
461 2.34708e-08
462 2.44225e-08
463 2.54076e-08
464 2.64273e-08
465 2.74825e-08
466 2.85742e-08
467 2.97035e-08
468 3.08713e-08
469 3.2079e-08
470 3.33275e-08
471 3.46182e-08
472 3.59521e-08
473 3.73306e-08
474 3.8755e-08
475 4.02267e-08
476 4.1747e-08
477 4.33174e-08
478 4.49394e-08
479 4.66146e-08
480 4.83446e-08
481 5.01312e-08
482 5.19759e-08
483 5.38807e-08
484 5.58474e-08
485 5.78779e-08
486 5.99743e-08
487 6.21386e-08
488 6.43728e-08
489 6.66793e-08
490 6.90603e-08
491 7.1518e-08
492 7.40549e-08
493 7.66734e-08
494 7.93759e-08
495 8.21651e-08
496 8.50435e-08
497 8.80138e-08
498 9.10786e-08
499 9.42406e-08
500 9.75026e-08
501 1.00867e-07
502 1.04338e-07
503 1.07916e-07
504 1.11606e-07
505 1.15409e-07
506 1.19329e-07
507 1.23368e-07
508 1.27529e-07
509 1.31815e-07
510 1.36228e-07
511 1.40771e-07
512 1.45446e-07
513 1.50255e-07
514 1.55202e-07
515 1.60287e-07
516 1.65513e-07
517 1.70882e-07
518 1.76396e-07
519 1.82057e-07
520 1.87865e-07
521 1.93823e-07
522 1.99931e-07
523 2.06191e-07
524 2.12604e-07
525 2.1917e-07
526 2.25891e-07
527 2.32766e-07
528 2.39796e-07
529 2.46982e-07
530 2.54323e-07
531 2.61819e-07
532 2.69471e-07
533 2.77279e-07
534 2.85241e-07
535 2.93358e-07
536 3.0163e-07
537 3.10056e-07
538 3.18637e-07
539 3.27371e-07
540 3.36258e-07
541 3.453e-07
542 3.54495e-07
543 3.63844e-07
544 3.73348e-07
545 3.83007e-07
546 3.92823e-07
547 4.02796e-07
548 4.12928e-07
549 4.23221e-07
550 4.33677e-07
551 4.443e-07
552 4.55092e-07
553 4.66058e-07
554 4.77201e-07
555 4.88526e-07
556 5.00039e-07
557 5.11746e-07
558 5.23653e-07
559 5.35767e-07
560 5.48096e-07
561 5.60648e-07
562 5.73433e-07
563 5.86459e-07
564 5.99737e-07
565 6.13278e-07
566 6.27093e-07
567 6.41193e-07
568 6.5559e-07
569 6.70298e-07
570 6.85329e-07
571 7.00697e-07
572 7.16415e-07
573 7.32496e-07
574 7.48955e-07
575 7.65805e-07
576 7.8306e-07
577 8.00734e-07
578 8.18839e-07
579 8.37389e-07
580 8.56396e-07
581 8.75872e-07
582 8.95828e-07
583 9.16274e-07
584 9.37219e-07
585 9.58671e-07
586 9.80638e-07
587 1.00313e-06
588 1.02614e-06
589 1.04967e-06
590 1.07374e-06
591 1.09833e-06
592 1.12345e-06
593 1.14908e-06
594 1.17523e-06
595 1.20187e-06
596 1.22901e-06
597 1.25663e-06
598 1.28471e-06
599 1.31322e-06
600 1.34216e-06
601 1.3715e-06
602 1.4012e-06
603 1.43125e-06
604 1.4616e-06
605 1.49223e-06
606 1.5231e-06
607 1.55418e-06
608 1.58541e-06
609 1.61676e-06
610 1.64818e-06
611 1.67963e-06
612 1.71105e-06
613 1.7424e-06
614 1.77363e-06
615 1.80469e-06
616 1.83551e-06
617 1.86606e-06
618 1.89626e-06
619 1.92608e-06
620 1.95546e-06
621 1.98434e-06
622 2.01268e-06
623 2.04041e-06
624 2.06751e-06
625 2.0939e-06
626 2.11957e-06
627 2.14445e-06
628 2.16851e-06
629 2.19172e-06
630 2.21405e-06
631 2.23547e-06
632 2.25595e-06
633 2.27547e-06
634 2.29403e-06
635 2.31162e-06
636 2.32823e-06
637 2.34388e-06
638 2.35856e-06
639 2.37229e-06
640 2.3851e-06
641 2.39703e-06
642 2.4081e-06
643 2.41835e-06
644 2.42785e-06
645 2.43665e-06
646 2.44482e-06
647 2.45242e-06
648 2.45954e-06
649 2.46626e-06
650 2.47268e-06
651 2.47889e-06
652 2.48501e-06
653 2.49114e-06
654 2.49741e-06
655 2.50393e-06
656 2.51084e-06
657 2.51827e-06
658 2.52635e-06
659 2.53522e-06
660 2.54503e-06
661 2.55593e-06
662 2.56806e-06
663 2.58156e-06
664 2.59659e-06
665 2.6133e-06
666 2.63183e-06
667 2.65233e-06
668 2.67494e-06
669 2.69979e-06
670 2.72703e-06
671 2.75678e-06
672 2.78917e-06
673 2.82431e-06
674 2.86231e-06
675 2.90327e-06
676 2.94729e-06
677 2.99444e-06
678 3.0448e-06
679 3.09842e-06
680 3.15535e-06
681 3.21563e-06
682 3.27928e-06
683 3.3463e-06
684 3.41668e-06
685 3.49041e-06
686 3.56744e-06
687 3.64771e-06
688 3.73117e-06
689 3.81772e-06
690 3.90725e-06
691 3.99964e-06
692 4.09476e-06
693 4.19246e-06
694 4.29255e-06
695 4.39485e-06
696 4.49915e-06
697 4.60524e-06
698 4.71287e-06
699 4.8218e-06
700 4.93174e-06
701 5.04244e-06
702 5.15358e-06
703 5.26485e-06
704 5.37595e-06
705 5.48654e-06
706 5.59627e-06
707 5.7048e-06
708 5.81177e-06
709 5.91681e-06
710 6.01955e-06
711 6.11963e-06
712 6.21666e-06
713 6.31026e-06
714 6.40005e-06
715 6.48566e-06
716 6.56672e-06
717 6.64285e-06
718 6.71368e-06
719 6.77887e-06
720 6.83806e-06
721 6.89092e-06
722 6.93712e-06
723 6.97634e-06
724 7.0083e-06
725 7.03271e-06
726 7.04931e-06
727 7.05786e-06
728 7.05814e-06
729 7.04994e-06
730 7.03309e-06
731 7.00745e-06
732 6.97288e-06
733 6.92929e-06
734 6.87661e-06
735 6.8148e-06
736 6.74385e-06
737 6.66379e-06
738 6.57465e-06
739 6.47654e-06
740 6.36957e-06
741 6.25388e-06
742 6.12967e-06
743 5.99715e-06
744 5.85658e-06
745 5.70825e-06
746 5.55248e-06
747 5.38961e-06
748 5.22005e-06
749 5.04422e-06
750 4.86257e-06
751 4.67558e-06
752 4.48379e-06
753 4.28774e-06
754 4.08801e-06
755 3.88521e-06
756 3.67998e-06
757 3.47299e-06
758 3.26491e-06
759 3.05648e-06
760 2.84843e-06
761 2.64151e-06
762 2.4365e-06
763 2.23421e-06
764 2.03544e-06
765 1.84103e-06
766 1.65181e-06
767 1.46864e-06
768 1.29239e-06
769 1.12391e-06
770 9.64102e-07
771 8.13829e-07
772 6.73977e-07
773 5.45429e-07
774 4.29065e-07
775 3.25761e-07
776 2.36388e-07
777 1.61809e-07
778 1.02878e-07
779 6.04366e-08
780 3.53148e-08
781 2.83269e-08
782 4.0271e-08
783 7.19272e-08
784 1.24056e-07
785 1.97396e-07
786 2.92664e-07
787 4.10553e-07
788 5.5173e-07
789 7.16836e-07
790 9.06485e-07
791 1.12126e-06
792 1.36172e-06
793 1.62839e-06
794 1.92176e-06
795 2.24229e-06
796 2.59042e-06
797 2.96655e-06
798 3.37103e-06
799 3.80421e-06
800 4.26638e-06
801 4.7578e-06
802 5.27871e-06
803 5.82932e-06
804 6.40978e-06
805 7.02025e-06
806 7.66081e-06
807 8.33155e-06
808 9.03252e-06
809 9.76372e-06
810 1.05252e-05
811 1.13168e-05
812 1.21385e-05
813 1.29903e-05
814 1.3872e-05
815 1.47836e-05
816 1.57247e-05
817 1.66954e-05
818 1.76953e-05
819 1.87243e-05
820 1.97822e-05
821 2.08687e-05
822 2.19837e-05
823 2.31268e-05
824 2.42978e-05
825 2.54965e-05
826 2.67226e-05
827 2.79759e-05
828 2.9256e-05
829 3.05629e-05
830 3.18962e-05
831 3.32557e-05
832 3.46412e-05
833 3.60525e-05
834 3.74893e-05
835 3.89517e-05
836 4.04393e-05
837 4.19521e-05
838 4.349e-05
839 4.50529e-05
840 4.66408e-05
841 4.82536e-05
842 4.98914e-05
843 5.15542e-05
844 5.32422e-05
845 5.49554e-05
846 5.66941e-05
847 5.84584e-05
848 6.02487e-05
849 6.20651e-05
850 6.39082e-05
851 6.57782e-05
852 6.76757e-05
853 6.96012e-05
854 7.15551e-05
855 7.35382e-05
856 7.55511e-05
857 7.75945e-05
858 7.96692e-05
859 8.1776e-05
860 8.39159e-05
861 8.60899e-05
862 8.82989e-05
863 9.0544e-05
864 9.28265e-05
865 9.51474e-05
866 9.75082e-05
867 9.99101e-05
868 0.000102355
869 0.000104843
870 0.000107377
871 0.000109958
872 0.000112588
873 0.000115269
874 0.000118002
875 0.000120789
876 0.000123632
877 0.000126534
878 0.000129496
879 0.00013252
880 0.000135609
881 0.000138764
882 0.000141989
883 0.000145285
884 0.000148655
885 0.000152102
886 0.000155627
887 0.000159234
888 0.000162926
889 0.000166704
890 0.000170573
891 0.000174534
892 0.000178591
893 0.000182746
894 0.000187003
895 0.000191365
896 0.000195834
897 0.000200415
898 0.00020511
899 0.000209922
900 0.000214855
901 0.000219913
902 0.000225098
903 0.000230414
904 0.000235865
905 0.000241454
906 0.000247186
907 0.000253062
908 0.000259088
909 0.000265267
910 0.000271603
911 0.000278099
912 0.00028476
913 0.000291589
914 0.00029859
915 0.000305768
916 0.000313126
917 0.000320668
918 0.000328398
919 0.000336321
920 0.00034444
921 0.00035276
922 0.000361286
923 0.00037002
924 0.000378968
925 0.000388133
926 0.000397521
927 0.000407135
928 0.000416979
929 0.000427059
930 0.000437378
931 0.000447942
932 0.000458753
933 0.000469818
934 0.00048114
935 0.000492724
936 0.000504574
937 0.000516696
938 0.000529093
939 0.00054177
940 0.000554732
941 0.000567984
942 0.00058153
943 0.000595375
944 0.000609523
945 0.000623979
946 0.000638748
947 0.000653835
948 0.000669244
949 0.00068498
950 0.000701047
951 0.000717452
952 0.000734198
953 0.000751289
954 0.000768732
955 0.000786531
956 0.000804689
957 0.000823213
958 0.000842108
959 0.000861377
960 0.000881025
961 0.000901058
962 0.000921481
963 0.000942297
964 0.000963512
965 0.000985131
966 0.00100716
967 0.0010296
968 0.00105246
969 0.00107574
970 0.00109945
971 0.00112359
972 0.00114817
973 0.00117319
974 0.00119865
975 0.00122457
976 0.00125094
977 0.00127777
978 0.00130507
979 0.00133284
980 0.00136108
981 0.0013898
982 0.001419
983 0.00144869
984 0.00147888
985 0.00150955
986 0.00154073
987 0.00157242
988 0.00160461
989 0.00163732
990 0.00167055
991 0.0017043
992 0.00173857
993 0.00177337
994 0.00180871
995 0.00184459
996 0.00188101
997 0.00191797
998 0.00195549
999 0.00199355
1000 0.00203218
1001 0.00207136
1002 0.00211111
1003 0.00215143
1004 0.00219231
1005 0.00223377
1006 0.00227581
1007 0.00231843
1008 0.00236163
1009 0.00240542
1010 0.0024498
1011 0.00249476
1012 0.00254033
1013 0.00258648
1014 0.00263324
1015 0.0026806
1016 0.00272857
1017 0.00277713
1018 0.00282631
1019 0.0028761
1020 0.00292649
1021 0.0029775
1022 0.00302913
1023 0.00308136
1024 0.00313422
1025 0.00318769
1026 0.00324179
1027 0.0032965
1028 0.00335183
1029 0.00340778
1030 0.00346435
1031 0.00352155
1032 0.00357936
1033 0.0036378
1034 0.00369685
1035 0.00375653
1036 0.00381682
1037 0.00387774
1038 0.00393927
1039 0.00400141
1040 0.00406417
1041 0.00412755
1042 0.00419153
1043 0.00425613
1044 0.00432133
1045 0.00438714
1046 0.00445355
1047 0.00452056
1048 0.00458817
1049 0.00465637
1050 0.00472516
1051 0.00479454
1052 0.0048645
1053 0.00493504
1054 0.00500616
1055 0.00507785
1056 0.0051501
1057 0.00522291
1058 0.00529629
1059 0.00537021
1060 0.00544467
1061 0.00551968
1062 0.00559522
1063 0.00567129
1064 0.00574787
1065 0.00582498
1066 0.00590259
1067 0.0059807
1068 0.0060593
1069 0.00613839
1070 0.00621795
1071 0.00629799
1072 0.00637849
1073 0.00645943
1074 0.00654083
1075 0.00662265
1076 0.00670491
1077 0.00678758
1078 0.00687065
1079 0.00695412
1080 0.00703798
1081 0.00712221
1082 0.00720681
1083 0.00729176
1084 0.00737705
1085 0.00746267
1086 0.00754862
1087 0.00763487
1088 0.00772141
1089 0.00780824
1090 0.00789534
1091 0.00798269
1092 0.0080703
1093 0.00815813
1094 0.00824618
1095 0.00833443
1096 0.00842287
1097 0.00851149
1098 0.00860027
1099 0.00868919
1100 0.00877825
1101 0.00886743
1102 0.0089567
1103 0.00904607
1104 0.0091355
1105 0.00922499
1106 0.00931452
1107 0.00940406
1108 0.00949362
1109 0.00958317
1110 0.00967268
1111 0.00976216
1112 0.00985157
1113 0.00994091
1114 0.0100301
1115 0.0101193
1116 0.0102083
1117 0.0102971
1118 0.0103858
1119 0.0104743
1120 0.0105626
1121 0.0106507
1122 0.0107385
1123 0.0108261
1124 0.0109134
1125 0.0110004
1126 0.0110871
1127 0.0111734
1128 0.0112594
1129 0.0113451
1130 0.0114303
1131 0.0115151
1132 0.0115996
1133 0.0116835
1134 0.011767
1135 0.01185
1136 0.0119325
1137 0.0120145
1138 0.0120959
1139 0.0121768
1140 0.0122571
1141 0.0123368
1142 0.0124158
1143 0.0124942
1144 0.012572
1145 0.0126491
1146 0.0127255
1147 0.0128011
1148 0.0128761
1149 0.0129502
1150 0.0130236
1151 0.0130962
1152 0.013168
1153 0.013239
1154 0.0133091
1155 0.0133783
1156 0.0134467
1157 0.0135142
1158 0.0135807
1159 0.0136463
1160 0.0137109
1161 0.0137746
1162 0.0138373
1163 0.0138989
1164 0.0139596
1165 0.0140192
1166 0.0140777
1167 0.0141352
1168 0.0141915
1169 0.0142468
1170 0.0143009
1171 0.0143539
1172 0.0144058
1173 0.0144564
1174 0.0145059
1175 0.0145542
1176 0.0146013
1177 0.0146472
1178 0.0146918
1179 0.0147352
1180 0.0147773
1181 0.0148181
1182 0.0148576
1183 0.0148959
1184 0.0149328
1185 0.0149684
1186 0.0150026
1187 0.0150355
1188 0.0150671
1189 0.0150973
1190 0.0151261
1191 0.0151535
1192 0.0151795
1193 0.0152042
1194 0.0152274
1195 0.0152492
1196 0.0152695
1197 0.0152885
1198 0.015306
1199 0.015322
1200 0.0153366
1201 0.0153497
1202 0.0153614
1203 0.0153716
1204 0.0153804
1205 0.0153876
1206 0.0153934
1207 0.0153977
1208 0.0154005
1209 0.0154018
1210 0.0154016
1211 0.0154
1212 0.0153968
1213 0.0153922
1214 0.0153861
1215 0.0153784
1216 0.0153693
1217 0.0153587
1218 0.0153466
1219 0.015333
1220 0.015318
1221 0.0153014
1222 0.0152834
1223 0.0152639
1224 0.0152429
1225 0.0152205
1226 0.0151966
1227 0.0151713
1228 0.0151445
1229 0.0151162
1230 0.0150865
1231 0.0150554
1232 0.0150229
1233 0.0149889
1234 0.0149536
1235 0.0149168
1236 0.0148787
1237 0.0148392
1238 0.0147983
1239 0.014756
1240 0.0147124
1241 0.0146675
1242 0.0146212
1243 0.0145736
1244 0.0145247
1245 0.0144745
1246 0.014423
1247 0.0143703
1248 0.0143163
1249 0.0142611
1250 0.0142046
1251 0.014147
1252 0.0140881
1253 0.0140281
1254 0.0139669
1255 0.0139045
1256 0.013841
1257 0.0137764
1258 0.0137107
1259 0.0136439
1260 0.013576
1261 0.0135071
1262 0.0134372
1263 0.0133662
1264 0.0132942
1265 0.0132213
1266 0.0131474
1267 0.0130725
1268 0.0129967
1269 0.0129201
1270 0.0128425
1271 0.0127641
1272 0.0126848
1273 0.0126047
1274 0.0125238
1275 0.0124421
1276 0.0123596
1277 0.0122764
1278 0.0121925
1279 0.0121079
1280 0.0120226
1281 0.0119366
1282 0.01185
1283 0.0117628
1284 0.0116749
1285 0.0115865
1286 0.0114976
1287 0.0114081
1288 0.0113181
1289 0.0112276
1290 0.0111366
1291 0.0110452
1292 0.0109534
1293 0.0108611
1294 0.0107685
1295 0.0106755
1296 0.0105822
1297 0.0104886
1298 0.0103946
1299 0.0103004
1300 0.010206
1301 0.0101113
1302 0.0100164
1303 0.00992132
1304 0.00982607
1305 0.00973068
1306 0.00963516
1307 0.00953953
1308 0.00944382
1309 0.00934805
1310 0.00925223
1311 0.00915639
1312 0.00906055
1313 0.00896473
1314 0.00886895
1315 0.00877322
1316 0.00867757
1317 0.00858201
1318 0.00848657
1319 0.00839126
1320 0.0082961
1321 0.00820111
1322 0.00810631
1323 0.00801172
1324 0.00791735
1325 0.00782322
1326 0.00772935
1327 0.00763575
1328 0.00754245
1329 0.00744945
1330 0.00735678
1331 0.00726445
1332 0.00717247
1333 0.00708086
1334 0.00698964
1335 0.00689881
1336 0.00680841
1337 0.00671843
1338 0.00662889
1339 0.00653981
1340 0.00645119
1341 0.00636306
1342 0.00627542
1343 0.00618828
1344 0.00610167
1345 0.00601558
1346 0.00593004
1347 0.00584504
1348 0.00576061
1349 0.00567675
1350 0.00559347
1351 0.00551078
1352 0.0054287
1353 0.00534722
1354 0.00526636
1355 0.00518613
1356 0.00510654
1357 0.00502759
1358 0.00494928
1359 0.00487164
1360 0.00479466
1361 0.00471835
1362 0.00464271
1363 0.00456776
1364 0.0044935
1365 0.00441993
1366 0.00434706
1367 0.00427489
1368 0.00420343
1369 0.00413268
1370 0.00406264
1371 0.00399333
1372 0.00392473
1373 0.00385686
1374 0.00378972
1375 0.0037233
1376 0.00365762
1377 0.00359267
1378 0.00352846
1379 0.00346498
1380 0.00340224
1381 0.00334024
1382 0.00327898
1383 0.00321846
1384 0.00315867
1385 0.00309963
1386 0.00304132
1387 0.00298376
1388 0.00292693
1389 0.00287083
1390 0.00281548
1391 0.00276085
1392 0.00270696
1393 0.0026538
1394 0.00260137
1395 0.00254966
1396 0.00249868
1397 0.00244841
1398 0.00239887
1399 0.00235004
1400 0.00230192
1401 0.00225451
1402 0.00220781
1403 0.0021618
1404 0.0021165
1405 0.00207189
1406 0.00202797
1407 0.00198473
1408 0.00194218
1409 0.0019003
1410 0.0018591
1411 0.00181856
1412 0.00177868
1413 0.00173947
1414 0.0017009
1415 0.00166298
1416 0.00162571
1417 0.00158907
1418 0.00155306
1419 0.00151767
1420 0.00148291
1421 0.00144876
1422 0.00141522
1423 0.00138228
1424 0.00134993
1425 0.00131818
1426 0.00128701
1427 0.00125642
1428 0.0012264
1429 0.00119694
1430 0.00116805
1431 0.00113971
1432 0.00111191
1433 0.00108465
1434 0.00105793
1435 0.00103173
1436 0.00100605
1437 0.000980888
1438 0.00095623
1439 0.000932073
1440 0.00090841
1441 0.000885233
1442 0.000862537
1443 0.000840315
1444 0.000818559
1445 0.000797264
1446 0.000776422
1447 0.000756028
1448 0.000736074
1449 0.000716553
1450 0.00069746
1451 0.000678787
1452 0.000660529
1453 0.000642678
1454 0.000625227
1455 0.000608172
1456 0.000591504
1457 0.000575218
1458 0.000559307
1459 0.000543765
1460 0.000528585
1461 0.000513762
1462 0.000499288
1463 0.000485159
1464 0.000471367
1465 0.000457907
1466 0.000444772
1467 0.000431957
1468 0.000419456
1469 0.000407262
1470 0.00039537
1471 0.000383775
1472 0.00037247
1473 0.000361449
1474 0.000350708
1475 0.000340241
1476 0.000330042
1477 0.000320106
1478 0.000310427
1479 0.000301
1480 0.00029182
1481 0.000282883
1482 0.000274181
1483 0.000265712
1484 0.000257469
1485 0.000249449
1486 0.000241645
1487 0.000234054
1488 0.00022667
1489 0.000219489
1490 0.000212507
1491 0.000205719
1492 0.00019912
1493 0.000192707
1494 0.000186475
1495 0.000180419
1496 0.000174537
1497 0.000168822
1498 0.000163273
1499 0.000157884
1500 0.000152651
1501 0.000147572
1502 0.000142642
1503 0.000137858
1504 0.000133215
1505 0.000128712
1506 0.000124343
1507 0.000120105
1508 0.000115996
1509 0.000112012
1510 0.000108149
1511 0.000104406
1512 0.000100777
1513 9.72614e-05
1514 9.3855e-05
1515 9.05552e-05
1516 8.73592e-05
1517 8.42641e-05
1518 8.12672e-05
1519 7.83659e-05
1520 7.55574e-05
1521 7.28394e-05
1522 7.02092e-05
1523 6.76644e-05
1524 6.52026e-05
1525 6.28215e-05
1526 6.05187e-05
1527 5.82921e-05
1528 5.61394e-05
1529 5.40585e-05
1530 5.20473e-05
1531 5.01038e-05
1532 4.8226e-05
1533 4.6412e-05
1534 4.46598e-05
1535 4.29676e-05
1536 4.13336e-05
1537 3.9756e-05
1538 3.82332e-05
1539 3.67634e-05
1540 3.53451e-05
1541 3.39765e-05
1542 3.26563e-05
1543 3.13828e-05
1544 3.01546e-05
1545 2.89703e-05
1546 2.78285e-05
1547 2.67278e-05
1548 2.5667e-05
1549 2.46446e-05
1550 2.36596e-05
1551 2.27106e-05
1552 2.17965e-05
1553 2.09161e-05
1554 2.00684e-05
1555 1.92522e-05
1556 1.84665e-05
1557 1.77103e-05
1558 1.69826e-05
1559 1.62823e-05
1560 1.56087e-05
1561 1.49607e-05
1562 1.43375e-05
1563 1.37383e-05
1564 1.31621e-05
1565 1.26082e-05
1566 1.20759e-05
1567 1.15643e-05
1568 1.10728e-05
1569 1.06006e-05
1570 1.0147e-05
1571 9.71136e-06
1572 9.29306e-06
1573 8.89144e-06
1574 8.50592e-06
1575 8.13589e-06
1576 7.7808e-06
1577 7.44009e-06
1578 7.11324e-06
1579 6.79972e-06
1580 6.49905e-06
1581 6.21074e-06
1582 5.93433e-06
1583 5.66936e-06
1584 5.41541e-06
1585 5.17206e-06
1586 4.93889e-06
1587 4.71553e-06
1588 4.50158e-06
1589 4.2967e-06
1590 4.10051e-06
1591 3.91269e-06
1592 3.73291e-06
1593 3.56084e-06
1594 3.39619e-06
1595 3.23867e-06
1596 3.08797e-06
1597 2.94384e-06
1598 2.80601e-06
1599 2.67423e-06
1600 2.54824e-06
1601 2.42782e-06
1602 2.31273e-06
1603 2.20277e-06
1604 2.09771e-06
1605 1.99735e-06
1606 1.9015e-06
1607 1.80998e-06
1608 1.72259e-06
1609 1.63917e-06
1610 1.55955e-06
1611 1.48357e-06
1612 1.41108e-06
1613 1.34191e-06
1614 1.27595e-06
1615 1.21303e-06
1616 1.15304e-06
1617 1.09585e-06
1618 1.04133e-06
1619 9.89369e-07
1620 9.39856e-07
1621 8.92682e-07
1622 8.47743e-07
1623 8.04942e-07
1624 7.64182e-07
1625 7.25372e-07
1626 6.88426e-07
1627 6.5326e-07
1628 6.19793e-07
1629 5.87948e-07
1630 5.57652e-07
1631 5.28834e-07
1632 5.01426e-07
1633 4.75364e-07
1634 4.50586e-07
1635 4.27032e-07
1636 4.04645e-07
1637 3.83372e-07
1638 3.63159e-07
1639 3.43958e-07
1640 3.2572e-07
1641 3.084e-07
1642 2.91955e-07
1643 2.76343e-07
1644 2.61525e-07
1645 2.47461e-07
1646 2.34117e-07
1647 2.21457e-07
1648 2.09448e-07
1649 1.98058e-07
1650 1.87259e-07
1651 1.77019e-07
1652 1.67313e-07
1653 1.58114e-07
1654 1.49396e-07
1655 1.41137e-07
1656 1.33313e-07
1657 1.25902e-07
1658 1.18884e-07
1659 1.12239e-07
1660 1.05949e-07
1661 9.99951e-08
1662 9.43605e-08
1663 8.9029e-08
1664 8.39853e-08
1665 7.92144e-08
1666 7.47025e-08
1667 7.04362e-08
1668 6.64028e-08
1669 6.25902e-08
1670 5.89869e-08
1671 5.55821e-08
1672 5.23652e-08
1673 4.93266e-08
1674 4.64567e-08
1675 4.37467e-08
1676 4.1188e-08
1677 3.87727e-08
1678 3.6493e-08
1679 3.43418e-08
1680 3.23121e-08
1681 3.03974e-08
1682 2.85915e-08
1683 2.68885e-08
1684 2.52828e-08
1685 2.3769e-08
1686 2.23422e-08
1687 2.09977e-08
1688 1.97307e-08
1689 1.85372e-08
1690 1.7413e-08
1691 1.63543e-08
1692 1.53575e-08
1693 1.4419e-08
1694 1.35356e-08
1695 1.27043e-08
1696 1.1922e-08
1697 1.11861e-08
1698 1.04938e-08
1699 9.84276e-09
1700 9.23058e-09
1701 8.65503e-09
1702 8.11402e-09
1703 7.60557e-09
1704 7.12779e-09
1705 6.67891e-09
1706 6.25726e-09
1707 5.86125e-09
1708 5.48939e-09
1709 5.14026e-09
1710 4.81253e-09
1711 4.50494e-09
1712 4.21631e-09
1713 3.9455e-09
1714 3.69148e-09
1715 3.45322e-09
1716 3.22981e-09
1717 3.02034e-09
1718 2.82398e-09
1719 2.63994e-09
1720 2.46748e-09
1721 2.3059e-09
1722 2.15454e-09
1723 2.01277e-09
1724 1.88002e-09
1725 1.75572e-09
1726 1.63937e-09
1727 1.53046e-09
1728 1.42855e-09
1729 1.3332e-09
1730 1.24401e-09
1731 1.16058e-09
1732 1.08257e-09
1733 1.00962e-09
1734 9.41438e-10
1735 8.77708e-10
1736 8.18152e-10
1737 7.62508e-10
1738 7.10527e-10
1739 6.61977e-10
1740 6.1664e-10
1741 5.74309e-10
1742 5.34793e-10
1743 4.97911e-10
1744 4.63494e-10
1745 4.31381e-10
1746 4.01425e-10
1747 3.73486e-10
1748 3.47431e-10
1749 3.23138e-10
1750 3.00493e-10
1751 2.79386e-10
1752 2.59718e-10
1753 2.41393e-10
1754 2.24322e-10
1755 2.08422e-10
1756 1.93616e-10
1757 1.79831e-10
1758 1.66998e-10
1759 1.55055e-10
1760 1.43941e-10
1761 1.336e-10
1762 1.23981e-10
1763 1.15034e-10
1764 1.06715e-10
1765 9.89801e-11
1766 9.179e-11
1767 8.51074e-11
1768 7.88976e-11
1769 7.31283e-11
1770 6.7769e-11
1771 6.27916e-11
1772 5.81696e-11
1773 5.38785e-11
1774 4.98953e-11
1775 4.61984e-11
1776 4.27681e-11
1777 3.95855e-11
1778 3.66334e-11
1779 3.38955e-11
1780 3.13567e-11
1781 2.90031e-11
1782 2.68214e-11
1783 2.47995e-11
1784 2.29259e-11
1785 2.11903e-11
1786 1.95826e-11
1787 1.80936e-11
1788 1.6715e-11
1789 1.54387e-11
1790 1.42574e-11
1791 1.31641e-11
1792 1.21525e-11
1793 1.12167e-11
1794 1.03511e-11
1795 9.55065e-12
1796 8.81054e-12
1797 8.12635e-12
1798 7.49396e-12
1799 6.90957e-12
1800 6.36963e-12
1801 5.87084e-12
1802 5.41015e-12
1803 4.98473e-12
1804 4.59196e-12
1805 4.22938e-12
1806 3.89474e-12
1807 3.58594e-12
1808 3.30104e-12
1809 3.03824e-12
1810 2.79586e-12
1811 2.57236e-12
1812 2.36631e-12
1813 2.17637e-12
1814 2.00132e-12
1815 1.84003e-12
1816 1.69143e-12
1817 1.55456e-12
1818 1.42851e-12
1819 1.31244e-12
1820 1.20559e-12
1821 1.10724e-12
1822 1.01673e-12
1823 9.33458e-13
1824 8.56849e-13
1825 7.86387e-13
1826 7.21589e-13
1827 6.62013e-13
1828 6.07246e-13
1829 5.5691e-13
1830 5.10655e-13
1831 4.68157e-13
1832 4.2912e-13
1833 3.93266e-13
1834 3.60344e-13
1835 3.30118e-13
1836 3.02373e-13
1837 2.7691e-13
1838 2.53546e-13
1839 2.32111e-13
1840 2.1245e-13
1841 1.94419e-13
1842 1.77887e-13
1843 1.62731e-13
1844 1.48839e-13
1845 1.36109e-13
1846 1.24445e-13
1847 1.1376e-13
1848 1.03973e-13
1849 9.50114e-14
1850 8.68063e-14
1851 7.92955e-14
1852 7.24214e-14
1853 6.61312e-14
1854 6.03764e-14
1855 5.51124e-14
1856 5.02982e-14
1857 4.58961e-14
1858 4.18718e-14
1859 3.81933e-14
1860 3.48317e-14
1861 3.17601e-14
1862 2.89542e-14
1863 2.63913e-14
1864 2.40509e-14
1865 2.19141e-14
1866 1.99634e-14
1867 1.81831e-14
1868 1.65585e-14
1869 1.50763e-14
1870 1.37243e-14
1871 1.24912e-14
1872 1.13669e-14
1873 1.03418e-14
1874 9.40747e-15
1875 8.55598e-15
1876 7.78013e-15
1877 7.07334e-15
1878 6.42958e-15
1879 5.84334e-15
1880 5.30957e-15
1881 4.82367e-15
1882 4.38144e-15
1883 3.97902e-15
1884 3.61289e-15
1885 3.27985e-15
1886 2.97696e-15
1887 2.70154e-15
1888 2.45116e-15
1889 2.22356e-15
1890 2.01673e-15
1891 1.8288e-15
1892 1.65808e-15
1893 1.50302e-15
1894 1.3622e-15
1895 1.23435e-15
1896 1.1183e-15
1897 1.01296e-15
1898 9.17383e-16
1899 8.30668e-16
1900 7.52009e-16
1901 6.80673e-16
1902 6.1599e-16
1903 5.5735e-16
1904 5.04199e-16
1905 4.56032e-16
1906 4.12389e-16
1907 3.72854e-16
1908 3.37047e-16
1909 3.04622e-16
1910 2.75265e-16
1911 2.48691e-16
1912 2.2464e-16
1913 2.02878e-16
1914 1.8319e-16
1915 1.65382e-16
1916 1.49277e-16
1917 1.34715e-16
1918 1.21551e-16
1919 1.09653e-16
1920 9.89007e-17
1921 8.91864e-17
1922 8.04112e-17
1923 7.24859e-17
1924 6.53295e-17
1925 5.88686e-17
1926 5.30367e-17
1927 4.77737e-17
1928 4.30248e-17
1929 3.87408e-17
1930 3.48767e-17
1931 3.13922e-17
1932 2.82506e-17
1933 2.54185e-17
1934 2.28661e-17
1935 2.05661e-17
1936 1.8494e-17
1937 1.66275e-17
1938 1.49466e-17
1939 1.34331e-17
1940 1.20706e-17
1941 1.08442e-17
1942 9.74063e-18
1943 8.7477e-18
1944 7.8545e-18
1945 7.05117e-18
1946 6.32882e-18
1947 5.67939e-18
1948 5.09564e-18
1949 4.57103e-18
1950 4.09965e-18
1951 3.67619e-18
1952 3.29585e-18
1953 2.9543e-18
1954 2.64764e-18
1955 2.37236e-18
1956 2.12531e-18
1957 1.90362e-18
1958 1.70473e-18
1959 1.52633e-18
1960 1.36635e-18
1961 1.2229e-18
1962 1.0943e-18
1963 9.79041e-19
1964 8.75755e-19
1965 7.83217e-19
1966 7.00324e-19
1967 6.26085e-19
1968 5.59609e-19
1969 5.00096e-19
1970 4.46827e-19
1971 3.99156e-19
1972 3.56504e-19
1973 3.18348e-19
1974 2.84221e-19
1975 2.53705e-19
1976 2.26422e-19
1977 2.02034e-19
1978 1.80238e-19
1979 1.60763e-19
1980 1.43365e-19
1981 1.27825e-19
1982 1.13948e-19
1983 1.01558e-19
1984 9.04974e-20
1985 8.0626e-20
1986 7.18175e-20
1987 6.3959e-20
1988 5.69494e-20
1989 5.06982e-20
1990 4.51243e-20
1991 4.01554e-20
1992 3.57268e-20
1993 3.17803e-20
1994 2.82642e-20
1995 2.51321e-20
1996 2.23428e-20
1997 1.9859e-20
1998 1.76478e-20
1999 1.56797e-20
2000 1.39283e-20
2001 1.23699e-20
2002 1.09837e-20
2003 9.75078e-21
2004 8.65446e-21
2005 7.67978e-21
2006 6.81341e-21
2007 6.04346e-21
2008 5.35934e-21
2009 4.7516e-21
2010 4.21182e-21
2011 3.73249e-21
2012 3.30691e-21
2013 2.92915e-21
2014 2.59389e-21
2015 2.2964e-21
2016 2.03249e-21
2017 1.79841e-21
2018 1.59082e-21
2019 1.40678e-21
2020 1.24362e-21
2021 1.09903e-21
2022 9.70903e-22
2023 8.57393e-22
2024 7.56853e-22
2025 6.67816e-22
2026 5.88984e-22
2027 5.19204e-22
2028 4.57446e-22
2029 4.02802e-22
2030 3.54462e-22
2031 3.11709e-22
2032 2.73906e-22
2033 2.40487e-22
2034 2.10951e-22
2035 1.84857e-22
2036 1.61809e-22
2037 1.41457e-22
2038 1.23493e-22
2039 1.07644e-22
2040 9.36658e-23
2041 8.13453e-23
2042 7.04924e-23
2043 6.09397e-23
2044 5.25388e-23
2045 4.51588e-23
2046 3.86842e-23
2047 3.30139e-23
