0 7.52854e-28
1 6.77589e-28
2 6.14036e-28
3 5.60752e-28
4 5.1655e-28
5 4.80509e-28
6 4.51921e-28
7 4.30008e-28
8 4.14379e-28
9 4.04652e-28
10 4.00538e-28
11 4.02045e-28
12 4.09057e-28
13 4.21718e-28
14 4.40307e-28
15 4.65067e-28
16 4.96599e-28
17 5.35437e-28
18 5.82282e-28
19 6.3815e-28
20 7.04077e-28
21 7.81352e-28
22 8.71396e-28
23 9.76047e-28
24 1.09719e-27
25 1.23717e-27
26 1.39888e-27
27 1.58513e-27
28 1.79953e-27
29 2.04623e-27
30 2.32985e-27
31 2.65566e-27
32 3.0299e-27
33 3.4593e-27
34 3.952e-27
35 4.51756e-27
36 5.16575e-27
37 5.90904e-27
38 6.76087e-27
39 7.73663e-27
40 8.85507e-27
41 1.01355e-26
42 1.1602e-26
43 1.32803e-26
44 1.52005e-26
45 1.73986e-26
46 1.9913e-26
47 2.27897e-26
48 2.60772e-26
49 2.98354e-26
50 3.41331e-26
51 3.90426e-26
52 4.46531e-26
53 5.10619e-26
54 5.8378e-26
55 6.67324e-26
56 7.62708e-26
57 8.71552e-26
58 9.95745e-26
59 1.13744e-25
60 1.29903e-25
61 1.48331e-25
62 1.69343e-25
63 1.93288e-25
64 2.20577e-25
65 2.51672e-25
66 2.87087e-25
67 3.27427e-25
68 3.73358e-25
69 4.25642e-25
70 4.85159e-25
71 5.52871e-25
72 6.29913e-25
73 7.17549e-25
74 8.17196e-25
75 9.30506e-25
76 1.0593e-24
77 1.20567e-24
78 1.37199e-24
79 1.56092e-24
80 1.77553e-24
81 2.01922e-24
82 2.29587e-24
83 2.60989e-24
84 2.96624e-24
85 3.37055e-24
86 3.82925e-24
87 4.34944e-24
88 4.93921e-24
89 5.60787e-24
90 6.36576e-24
91 7.22451e-24
92 8.19749e-24
93 9.29961e-24
94 1.05477e-23
95 1.19609e-23
96 1.35607e-23
97 1.53712e-23
98 1.74198e-23
99 1.97376e-23
100 2.23591e-23
101 2.53236e-23
102 2.86754e-23
103 3.2464e-23
104 3.67456e-23
105 4.15835e-23
106 4.70486e-23
107 5.32212e-23
108 6.01913e-23
109 6.80602e-23
110 7.6942e-23
111 8.69648e-23
112 9.82735e-23
113 1.1103e-22
114 1.25416e-22
115 1.41637e-22
116 1.59924e-22
117 1.80534e-22
118 2.03758e-22
119 2.29923e-22
120 2.59394e-22
121 2.92583e-22
122 3.2995e-22
123 3.72013e-22
124 4.19352e-22
125 4.72619e-22
126 5.3254e-22
127 5.99936e-22
128 6.75724e-22
129 7.60928e-22
130 8.56701e-22
131 9.64329e-22
132 1.08526e-21
133 1.2211e-21
134 1.37366e-21
135 1.54497e-21
136 1.73729e-21
137 1.95315e-21
138 2.19538e-21
139 2.46715e-21
140 2.77199e-21
141 3.11387e-21
142 3.4972e-21
143 3.92693e-21
144 4.40856e-21
145 4.94825e-21
146 5.55289e-21
147 6.23015e-21
148 6.98859e-21
149 7.83777e-21
150 8.78835e-21
151 9.85222e-21
152 1.10426e-20
153 1.23744e-20
154 1.38639e-20
155 1.55296e-20
156 1.73919e-20
157 1.94736e-20
158 2.18e-20
159 2.43994e-20
160 2.73032e-20
161 3.05464e-20
162 3.41678e-20
163 3.82109e-20
164 4.27236e-20
165 4.77597e-20
166 5.33784e-20
167 5.9646e-20
168 6.6636e-20
169 7.443e-20
170 8.31186e-20
171 9.28026e-20
172 1.03594e-19
173 1.15616e-19
174 1.29007e-19
175 1.4392e-19
176 1.60524e-19
177 1.79007e-19
178 1.99577e-19
179 2.22466e-19
180 2.47929e-19
181 2.76251e-19
182 3.07745e-19
183 3.4276e-19
184 3.81681e-19
185 4.24935e-19
186 4.72995e-19
187 5.26385e-19
188 5.85681e-19
189 6.51525e-19
190 7.24626e-19
191 8.05765e-19
192 8.95809e-19
193 9.95715e-19
194 1.10654e-18
195 1.22945e-18
196 1.36574e-18
197 1.51684e-18
198 1.68431e-18
199 1.8699e-18
200 2.07552e-18
201 2.30329e-18
202 2.55554e-18
203 2.83486e-18
204 3.14407e-18
205 3.48632e-18
206 3.86504e-18
207 4.28405e-18
208 4.74754e-18
209 5.26011e-18
210 5.82686e-18
211 6.45338e-18
212 7.14584e-18
213 7.911e-18
214 8.75635e-18
215 9.69007e-18
216 1.07212e-17
217 1.18597e-17
218 1.31164e-17
219 1.45034e-17
220 1.60338e-17
221 1.77221e-17
222 1.95843e-17
223 2.16377e-17
224 2.39016e-17
225 2.63971e-17
226 2.91471e-17
227 3.21772e-17
228 3.55151e-17
229 3.91912e-17
230 4.32392e-17
231 4.76955e-17
232 5.26005e-17
233 5.79982e-17
234 6.39369e-17
235 7.04694e-17
236 7.76536e-17
237 8.5553e-17
238 9.4237e-17
239 1.03782e-16
240 1.1427e-16
241 1.25793e-16
242 1.3845e-16
243 1.5235e-16
244 1.67612e-16
245 1.84367e-16
246 2.02755e-16
247 2.22934e-16
248 2.45072e-16
249 2.69354e-16
250 2.95984e-16
251 3.25183e-16
252 3.57191e-16
253 3.92273e-16
254 4.30715e-16
255 4.72831e-16
256 5.18963e-16
257 5.69484e-16
258 6.248e-16
259 6.85355e-16
260 7.5163e-16
261 8.24153e-16
262 9.03495e-16
263 9.90281e-16
264 1.08519e-15
265 1.18896e-15
266 1.3024e-15
267 1.42637e-15
268 1.56184e-15
269 1.70984e-15
270 1.87149e-15
271 2.04802e-15
272 2.24076e-15
273 2.45114e-15
274 2.68075e-15
275 2.93127e-15
276 3.20457e-15
277 3.50266e-15
278 3.8277e-15
279 4.18207e-15
280 4.56832e-15
281 4.98926e-15
282 5.44788e-15
283 5.94746e-15
284 6.49155e-15
285 7.08399e-15
286 7.72894e-15
287 8.43092e-15
288 9.1948e-15
289 1.00259e-14
290 1.09299e-14
291 1.1913e-14
292 1.29819e-14
293 1.4144e-14
294 1.54069e-14
295 1.67793e-14
296 1.82703e-14
297 1.98898e-14
298 2.16486e-14
299 2.35583e-14
300 2.56313e-14
301 2.78813e-14
302 3.03228e-14
303 3.29717e-14
304 3.58449e-14
305 3.8961e-14
306 4.23396e-14
307 4.60023e-14
308 4.99722e-14
309 5.42742e-14
310 5.89351e-14
311 6.3984e-14
312 6.9452e-14
313 7.53728e-14
314 8.17827e-14
315 8.87206e-14
316 9.62286e-14
317 1.04352e-13
318 1.13139e-13
319 1.22643e-13
320 1.3292e-13
321 1.4403e-13
322 1.56039e-13
323 1.69016e-13
324 1.83037e-13
325 1.98184e-13
326 2.14541e-13
327 2.32204e-13
328 2.51273e-13
329 2.71854e-13
330 2.94063e-13
331 3.18024e-13
332 3.4387e-13
333 3.71744e-13
334 4.01797e-13
335 4.34194e-13
336 4.6911e-13
337 5.06733e-13
338 5.47264e-13
339 5.90919e-13
340 6.37929e-13
341 6.8854e-13
342 7.43018e-13
343 8.01646e-13
344 8.64726e-13
345 9.32582e-13
346 1.00556e-12
347 1.08403e-12
348 1.1684e-12
349 1.25907e-12
350 1.35651e-12
351 1.4612e-12
352 1.57366e-12
353 1.69444e-12
354 1.82412e-12
355 1.96334e-12
356 2.11277e-12
357 2.27313e-12
358 2.44518e-12
359 2.62974e-12
360 2.82769e-12
361 3.03994e-12
362 3.2675e-12
363 3.51143e-12
364 3.77284e-12
365 4.05294e-12
366 4.35302e-12
367 4.67443e-12
368 5.01864e-12
369 5.38718e-12
370 5.78171e-12
371 6.20397e-12
372 6.65585e-12
373 7.13931e-12
374 7.65648e-12
375 8.20959e-12
376 8.80104e-12
377 9.43336e-12
378 1.01092e-11
379 1.08316e-11
380 1.16033e-11
381 1.24278e-11
382 1.33084e-11
383 1.42488e-11
384 1.52527e-11
385 1.63243e-11
386 1.7468e-11
387 1.86882e-11
388 1.99899e-11
389 2.13782e-11
390 2.28585e-11
391 2.44367e-11
392 2.61188e-11
393 2.79112e-11
394 2.98209e-11
395 3.18549e-11
396 3.40211e-11
397 3.63273e-11
398 3.87822e-11
399 4.13947e-11
400 4.41744e-11
401 4.71313e-11
402 5.02759e-11
403 5.36196e-11
404 5.7174e-11
405 6.09517e-11
406 6.49659e-11
407 6.92303e-11
408 7.37597e-11
409 7.85694e-11
410 8.36758e-11
411 8.90961e-11
412 9.48483e-11
413 1.00952e-10
414 1.07426e-10
415 1.14293e-10
416 1.21574e-10
417 1.29294e-10
418 1.37477e-10
419 1.46149e-10
420 1.55338e-10
421 1.65073e-10
422 1.75385e-10
423 1.86305e-10
424 1.97868e-10
425 2.10109e-10
426 2.23066e-10
427 2.36778e-10
428 2.51288e-10
429 2.66639e-10
430 2.82876e-10
431 3.00049e-10
432 3.18208e-10
433 3.37406e-10
434 3.57701e-10
435 3.7915e-10
436 4.01817e-10
437 4.25765e-10
438 4.51063e-10
439 4.77783e-10
440 5.06e-10
441 5.35791e-10
442 5.67241e-10
443 6.00433e-10
444 6.3546e-10
445 6.72415e-10
446 7.11397e-10
447 7.52509e-10
448 7.95858e-10
449 8.41557e-10
450 8.89724e-10
451 9.4048e-10
452 9.93954e-10
453 1.05028e-09
454 1.10959e-09
455 1.17204e-09
456 1.23777e-09
457 1.30694e-09
458 1.37971e-09
459 1.45626e-09
460 1.53675e-09
461 1.62138e-09
462 1.71032e-09
463 1.80378e-09
464 1.90196e-09
465 2.00508e-09
466 2.11335e-09
467 2.22701e-09
468 2.34629e-09
469 2.47144e-09
470 2.60271e-09
471 2.74037e-09
472 2.88469e-09
473 3.03597e-09
474 3.19449e-09
475 3.36057e-09
476 3.53453e-09
477 3.71669e-09
478 3.90741e-09
479 4.10704e-09
480 4.31596e-09
481 4.53455e-09
482 4.76321e-09
483 5.00236e-09
484 5.25244e-09
485 5.51391e-09
486 5.78722e-09
487 6.07288e-09
488 6.37139e-09
489 6.68328e-09
490 7.00911e-09
491 7.34945e-09
492 7.7049e-09
493 8.07608e-09
494 8.46365e-09
495 8.86827e-09
496 9.29066e-09
497 9.73153e-09
498 1.01917e-08
499 1.06718e-08
500 1.11729e-08
501 1.16956e-08
502 1.2241e-08
503 1.28099e-08
504 1.34032e-08
505 1.4022e-08
506 1.46673e-08
507 1.53401e-08
508 1.60416e-08
509 1.67728e-08
510 1.75349e-08
511 1.83292e-08
512 1.91568e-08
513 2.00191e-08
514 2.09172e-08
515 2.18527e-08
516 2.28267e-08
517 2.38408e-08
518 2.48964e-08
519 2.5995e-08
520 2.71379e-08
521 2.83269e-08
522 2.95633e-08
523 3.08488e-08
524 3.21849e-08
525 3.35733e-08
526 3.50157e-08
527 3.65135e-08
528 3.80686e-08
529 3.96826e-08
530 4.13571e-08
531 4.30939e-08
532 4.48947e-08
533 4.67611e-08
534 4.86948e-08
535 5.06977e-08
536 5.27713e-08
537 5.49174e-08
538 5.71377e-08
539 5.94339e-08
540 6.18077e-08
541 6.42608e-08
542 6.67949e-08
543 6.94117e-08
544 7.2113e-08
545 7.49005e-08
546 7.77758e-08
547 8.07407e-08
548 8.37971e-08
549 8.69466e-08
550 9.01912e-08
551 9.35326e-08
552 9.69727e-08
553 1.00514e-07
554 1.04157e-07
555 1.07906e-07
556 1.11761e-07
557 1.15726e-07
558 1.19802e-07
559 1.23992e-07
560 1.28299e-07
561 1.32725e-07
562 1.37273e-07
563 1.41947e-07
564 1.46749e-07
565 1.51682e-07
566 1.56752e-07
567 1.6196e-07
568 1.67312e-07
569 1.72811e-07
570 1.78462e-07
571 1.8427e-07
572 1.9024e-07
573 1.96376e-07
574 2.02685e-07
575 2.09172e-07
576 2.15844e-07
577 2.22706e-07
578 2.29765e-07
579 2.37029e-07
580 2.44504e-07
581 2.52197e-07
582 2.60117e-07
583 2.68271e-07
584 2.76667e-07
585 2.85314e-07
586 2.94219e-07
587 3.03391e-07
588 3.12839e-07
589 3.22572e-07
590 3.32597e-07
591 3.42924e-07
592 3.53562e-07
593 3.64518e-07
594 3.75801e-07
595 3.8742e-07
596 3.99381e-07
597 4.11693e-07
598 4.24362e-07
599 4.37395e-07
600 4.50799e-07
601 4.64578e-07
602 4.78739e-07
603 4.93284e-07
604 5.08218e-07
605 5.23543e-07
606 5.39261e-07
607 5.55373e-07
608 5.71879e-07
609 5.88777e-07
610 6.06064e-07
611 6.23739e-07
612 6.41795e-07
613 6.60227e-07
614 6.79027e-07
615 6.98188e-07
616 7.177e-07
617 7.37551e-07
618 7.57729e-07
619 7.7822e-07
620 7.99009e-07
621 8.20081e-07
622 8.41418e-07
623 8.63001e-07
624 8.84811e-07
625 9.06827e-07
626 9.29027e-07
627 9.51389e-07
628 9.7389e-07
629 9.96506e-07
630 1.01921e-06
631 1.04198e-06
632 1.0648e-06
633 1.08763e-06
634 1.11045e-06
635 1.13324e-06
636 1.15597e-06
637 1.17862e-06
638 1.20117e-06
639 1.22359e-06
640 1.24587e-06
641 1.26799e-06
642 1.28992e-06
643 1.31167e-06
644 1.33321e-06
645 1.35453e-06
646 1.37563e-06
647 1.3965e-06
648 1.41715e-06
649 1.43756e-06
650 1.45776e-06
651 1.47774e-06
652 1.49752e-06
653 1.51712e-06
654 1.53656e-06
655 1.55586e-06
656 1.57506e-06
657 1.59418e-06
658 1.61326e-06
659 1.63236e-06
660 1.65151e-06
661 1.67077e-06
662 1.6902e-06
663 1.70985e-06
664 1.72979e-06
665 1.75008e-06
666 1.77082e-06
667 1.79206e-06
668 1.81389e-06
669 1.83639e-06
670 1.85965e-06
671 1.88377e-06
672 1.90882e-06
673 1.9349e-06
674 1.96211e-06
675 1.99055e-06
676 2.0203e-06
677 2.05147e-06
678 2.08414e-06
679 2.11842e-06
680 2.1544e-06
681 2.19215e-06
682 2.23179e-06
683 2.27337e-06
684 2.31699e-06
685 2.36272e-06
686 2.41062e-06
687 2.46076e-06
688 2.5132e-06
689 2.56797e-06
690 2.62512e-06
691 2.68469e-06
692 2.74668e-06
693 2.81112e-06
694 2.878e-06
695 2.94731e-06
696 3.01903e-06
697 3.09312e-06
698 3.16954e-06
699 3.24823e-06
700 3.3291e-06
701 3.41208e-06
702 3.49706e-06
703 3.58393e-06
704 3.67256e-06
705 3.7628e-06
706 3.8545e-06
707 3.94748e-06
708 4.04156e-06
709 4.13653e-06
710 4.23218e-06
711 4.32829e-06
712 4.42462e-06
713 4.52091e-06
714 4.6169e-06
715 4.71231e-06
716 4.80687e-06
717 4.90027e-06
718 4.99221e-06
719 5.08238e-06
720 5.17047e-06
721 5.25615e-06
722 5.3391e-06
723 5.41897e-06
724 5.49545e-06
725 5.5682e-06
726 5.63688e-06
727 5.70117e-06
728 5.76074e-06
729 5.81526e-06
730 5.86443e-06
731 5.90793e-06
732 5.94547e-06
733 5.97676e-06
734 6.00153e-06
735 6.01952e-06
736 6.03049e-06
737 6.0342e-06
738 6.03047e-06
739 6.01909e-06
740 5.99991e-06
741 5.97278e-06
742 5.93759e-06
743 5.89424e-06
744 5.84268e-06
745 5.78287e-06
746 5.71481e-06
747 5.63851e-06
748 5.55405e-06
749 5.4615e-06
750 5.36099e-06
751 5.25269e-06
752 5.13677e-06
753 5.01347e-06
754 4.88305e-06
755 4.74581e-06
756 4.60208e-06
757 4.45222e-06
758 4.29665e-06
759 4.13581e-06
760 3.97017e-06
761 3.80024e-06
762 3.62657e-06
763 3.44973e-06
764 3.27033e-06
765 3.08902e-06
766 2.90647e-06
767 2.72339e-06
768 2.54049e-06
769 2.35855e-06
770 2.17834e-06
771 2.00067e-06
772 1.82637e-06
773 1.65628e-06
774 1.49128e-06
775 1.33225e-06
776 1.18009e-06
777 1.03571e-06
778 9.00024e-07
779 7.73971e-07
780 6.58484e-07
781 5.54504e-07
782 4.62972e-07
783 3.84828e-07
784 3.2101e-07
785 2.72452e-07
786 2.40077e-07
787 2.24801e-07
788 2.27528e-07
789 2.49146e-07
790 2.90529e-07
791 3.5253e-07
792 4.35983e-07
793 5.41699e-07
794 6.70465e-07
795 8.23041e-07
796 1.00016e-06
797 1.20252e-06
798 1.43081e-06
799 1.68564e-06
800 1.96764e-06
801 2.27736e-06
802 2.61535e-06
803 2.98209e-06
804 3.37806e-06
805 3.80365e-06
806 4.25926e-06
807 4.74522e-06
808 5.26184e-06
809 5.80937e-06
810 6.38803e-06
811 6.998e-06
812 7.63942e-06
813 8.31239e-06
814 9.01697e-06
815 9.7532e-06
816 1.0521e-05
817 1.13205e-05
818 1.21514e-05
819 1.30137e-05
820 1.39072e-05
821 1.48318e-05
822 1.57873e-05
823 1.67733e-05
824 1.77897e-05
825 1.88363e-05
826 1.99126e-05
827 2.10184e-05
828 2.21533e-05
829 2.33171e-05
830 2.45093e-05
831 2.57297e-05
832 2.69777e-05
833 2.82532e-05
834 2.95557e-05
835 3.08849e-05
836 3.22404e-05
837 3.36219e-05
838 3.50291e-05
839 3.64617e-05
840 3.79194e-05
841 3.94019e-05
842 4.0909e-05
843 4.24406e-05
844 4.39964e-05
845 4.55763e-05
846 4.71803e-05
847 4.88083e-05
848 5.04602e-05
849 5.21363e-05
850 5.38365e-05
851 5.5561e-05
852 5.73101e-05
853 5.9084e-05
854 6.08831e-05
855 6.27078e-05
856 6.45585e-05
857 6.64359e-05
858 6.83406e-05
859 7.02732e-05
860 7.22345e-05
861 7.42255e-05
862 7.6247e-05
863 7.83001e-05
864 8.03859e-05
865 8.25057e-05
866 8.46607e-05
867 8.68523e-05
868 8.9082e-05
869 9.13515e-05
870 9.36623e-05
871 9.60162e-05
872 9.84151e-05
873 0.000100861
874 0.000103356
875 0.000105902
876 0.000108502
877 0.000111157
878 0.000113871
879 0.000116646
880 0.000119484
881 0.000122389
882 0.000125363
883 0.000128409
884 0.000131531
885 0.000134731
886 0.000138012
887 0.000141379
888 0.000144834
889 0.000148382
890 0.000152025
891 0.000155768
892 0.000159615
893 0.000163569
894 0.000167634
895 0.000171815
896 0.000176116
897 0.000180541
898 0.000185095
899 0.000189782
900 0.000194606
901 0.000199573
902 0.000204688
903 0.000209954
904 0.000215377
905 0.000220962
906 0.000226714
907 0.000232638
908 0.00023874
909 0.000245024
910 0.000251497
911 0.000258163
912 0.000265028
913 0.000272098
914 0.000279378
915 0.000286875
916 0.000294593
917 0.000302539
918 0.000310719
919 0.000319138
920 0.000327803
921 0.00033672
922 0.000345895
923 0.000355334
924 0.000365043
925 0.000375029
926 0.000385298
927 0.000395857
928 0.000406712
929 0.000417869
930 0.000429335
931 0.000441117
932 0.000453221
933 0.000465654
934 0.000478422
935 0.000491534
936 0.000504994
937 0.000518811
938 0.00053299
939 0.00054754
940 0.000562466
941 0.000577777
942 0.000593478
943 0.000609577
944 0.000626081
945 0.000642997
946 0.000660332
947 0.000678094
948 0.000696289
949 0.000714925
950 0.000734009
951 0.000753547
952 0.000773549
953 0.00079402
954 0.000814968
955 0.0008364
956 0.000858324
957 0.000880746
958 0.000903675
959 0.000927117
960 0.00095108
961 0.000975572
962 0.0010006
963 0.00102617
964 0.00105229
965 0.00107896
966 0.00110621
967 0.00113402
968 0.00116241
969 0.00119139
970 0.00122097
971 0.00125114
972 0.00128192
973 0.00131332
974 0.00134534
975 0.00137799
976 0.00141128
977 0.00144521
978 0.00147979
979 0.00151503
980 0.00155094
981 0.00158751
982 0.00162477
983 0.00166271
984 0.00170134
985 0.00174067
986 0.0017807
987 0.00182144
988 0.00186291
989 0.00190509
990 0.00194801
991 0.00199166
992 0.00203606
993 0.0020812
994 0.0021271
995 0.00217376
996 0.00222118
997 0.00226937
998 0.00231834
999 0.00236809
1000 0.00241863
1001 0.00246996
1002 0.00252208
1003 0.00257501
1004 0.00262874
1005 0.00268328
1006 0.00273864
1007 0.00279481
1008 0.00285181
1009 0.00290963
1010 0.00296828
1011 0.00302776
1012 0.00308808
1013 0.00314923
1014 0.00321123
1015 0.00327407
1016 0.00333776
1017 0.00340229
1018 0.00346767
1019 0.00353391
1020 0.00360099
1021 0.00366893
1022 0.00373773
1023 0.00380738
1024 0.00387788
1025 0.00394924
1026 0.00402146
1027 0.00409453
1028 0.00416845
1029 0.00424322
1030 0.00431885
1031 0.00439533
1032 0.00447265
1033 0.00455082
1034 0.00462983
1035 0.00470968
1036 0.00479036
1037 0.00487188
1038 0.00495423
1039 0.0050374
1040 0.00512139
1041 0.0052062
1042 0.00529182
1043 0.00537824
1044 0.00546545
1045 0.00555346
1046 0.00564225
1047 0.00573182
1048 0.00582216
1049 0.00591327
1050 0.00600512
1051 0.00609772
1052 0.00619105
1053 0.00628512
1054 0.00637989
1055 0.00647538
1056 0.00657156
1057 0.00666842
1058 0.00676595
1059 0.00686415
1060 0.00696299
1061 0.00706247
1062 0.00716258
1063 0.00726329
1064 0.0073646
1065 0.00746648
1066 0.00756894
1067 0.00767194
1068 0.00777548
1069 0.00787954
1070 0.0079841
1071 0.00808915
1072 0.00819467
1073 0.00830064
1074 0.00840704
1075 0.00851385
1076 0.00862106
1077 0.00872865
1078 0.0088366
1079 0.00894488
1080 0.00905348
1081 0.00916237
1082 0.00927154
1083 0.00938096
1084 0.00949062
1085 0.00960048
1086 0.00971053
1087 0.00982074
1088 0.0099311
1089 0.0100416
1090 0.0101521
1091 0.0102628
1092 0.0103734
1093 0.0104841
1094 0.0105948
1095 0.0107055
1096 0.0108161
1097 0.0109266
1098 0.011037
1099 0.0111472
1100 0.0112573
1101 0.0113673
1102 0.011477
1103 0.0115864
1104 0.0116956
1105 0.0118044
1106 0.011913
1107 0.0120212
1108 0.012129
1109 0.0122363
1110 0.0123433
1111 0.0124497
1112 0.0125557
1113 0.0126611
1114 0.012766
1115 0.0128703
1116 0.0129739
1117 0.0130769
1118 0.0131792
1119 0.0132809
1120 0.0133817
1121 0.0134818
1122 0.0135812
1123 0.0136796
1124 0.0137773
1125 0.013874
1126 0.0139698
1127 0.0140647
1128 0.0141586
1129 0.0142515
1130 0.0143434
1131 0.0144342
1132 0.0145239
1133 0.0146125
1134 0.0146999
1135 0.0147862
1136 0.0148712
1137 0.0149551
1138 0.0150376
1139 0.0151189
1140 0.0151989
1141 0.0152775
1142 0.0153548
1143 0.0154306
1144 0.0155051
1145 0.0155781
1146 0.0156496
1147 0.0157197
1148 0.0157882
1149 0.0158551
1150 0.0159206
1151 0.0159844
1152 0.0160466
1153 0.0161072
1154 0.0161661
1155 0.0162233
1156 0.0162788
1157 0.0163327
1158 0.0163847
1159 0.0164351
1160 0.0164836
1161 0.0165304
1162 0.0165753
1163 0.0166184
1164 0.0166597
1165 0.0166991
1166 0.0167366
1167 0.0167723
1168 0.016806
1169 0.0168378
1170 0.0168677
1171 0.0168956
1172 0.0169216
1173 0.0169456
1174 0.0169677
1175 0.0169877
1176 0.0170058
1177 0.0170219
1178 0.0170359
1179 0.017048
1180 0.017058
1181 0.017066
1182 0.0170719
1183 0.0170759
1184 0.0170778
1185 0.0170776
1186 0.0170754
1187 0.0170712
1188 0.0170649
1189 0.0170566
1190 0.0170462
1191 0.0170338
1192 0.0170194
1193 0.0170029
1194 0.0169844
1195 0.0169638
1196 0.0169413
1197 0.0169167
1198 0.0168902
1199 0.0168616
1200 0.0168311
1201 0.0167985
1202 0.016764
1203 0.0167276
1204 0.0166892
1205 0.0166488
1206 0.0166065
1207 0.0165624
1208 0.0165163
1209 0.0164683
1210 0.0164185
1211 0.0163668
1212 0.0163133
1213 0.016258
1214 0.0162008
1215 0.0161419
1216 0.0160813
1217 0.0160188
1218 0.0159547
1219 0.0158888
1220 0.0158213
1221 0.0157521
1222 0.0156813
1223 0.0156089
1224 0.0155349
1225 0.0154593
1226 0.0153821
1227 0.0153035
1228 0.0152233
1229 0.0151417
1230 0.0150586
1231 0.0149742
1232 0.0148883
1233 0.0148011
1234 0.0147125
1235 0.0146227
1236 0.0145315
1237 0.0144391
1238 0.0143455
1239 0.0142507
1240 0.0141548
1241 0.0140577
1242 0.0139595
1243 0.0138602
1244 0.0137599
1245 0.0136586
1246 0.0135563
1247 0.013453
1248 0.0133489
1249 0.0132438
1250 0.0131379
1251 0.0130312
1252 0.0129237
1253 0.0128154
1254 0.0127064
1255 0.0125967
1256 0.0124864
1257 0.0123754
1258 0.0122638
1259 0.0121517
1260 0.012039
1261 0.0119258
1262 0.0118122
1263 0.0116981
1264 0.0115836
1265 0.0114687
1266 0.0113535
1267 0.011238
1268 0.0111222
1269 0.0110061
1270 0.0108898
1271 0.0107734
1272 0.0106567
1273 0.01054
1274 0.0104232
1275 0.0103063
1276 0.0101893
1277 0.0100724
1278 0.00995545
1279 0.00983857
1280 0.00972178
1281 0.0096051
1282 0.00948855
1283 0.00937217
1284 0.00925598
1285 0.00914001
1286 0.00902428
1287 0.00890883
1288 0.00879367
1289 0.00867884
1290 0.00856435
1291 0.00845024
1292 0.00833653
1293 0.00822324
1294 0.00811039
1295 0.00799801
1296 0.00788612
1297 0.00777475
1298 0.0076639
1299 0.00755362
1300 0.00744391
1301 0.0073348
1302 0.0072263
1303 0.00711844
1304 0.00701123
1305 0.00690469
1306 0.00679885
1307 0.00669371
1308 0.0065893
1309 0.00648562
1310 0.00638271
1311 0.00628056
1312 0.0061792
1313 0.00607864
1314 0.0059789
1315 0.00587998
1316 0.0057819
1317 0.00568467
1318 0.00558831
1319 0.00549282
1320 0.00539822
1321 0.00530451
1322 0.00521171
1323 0.00511982
1324 0.00502885
1325 0.00493882
1326 0.00484972
1327 0.00476157
1328 0.00467437
1329 0.00458812
1330 0.00450284
1331 0.00441853
1332 0.00433519
1333 0.00425283
1334 0.00417145
1335 0.00409105
1336 0.00401165
1337 0.00393323
1338 0.0038558
1339 0.00377936
1340 0.00370392
1341 0.00362948
1342 0.00355603
1343 0.00348357
1344 0.00341211
1345 0.00334164
1346 0.00327217
1347 0.00320368
1348 0.00313619
1349 0.00306968
1350 0.00300415
1351 0.00293961
1352 0.00287604
1353 0.00281345
1354 0.00275182
1355 0.00269116
1356 0.00263147
1357 0.00257273
1358 0.00251493
1359 0.00245809
1360 0.00240218
1361 0.00234721
1362 0.00229317
1363 0.00224005
1364 0.00218784
1365 0.00213654
1366 0.00208614
1367 0.00203664
1368 0.00198802
1369 0.00194028
1370 0.00189342
1371 0.00184741
1372 0.00180226
1373 0.00175796
1374 0.0017145
1375 0.00167186
1376 0.00163005
1377 0.00158905
1378 0.00154886
1379 0.00150946
1380 0.00147084
1381 0.001433
1382 0.00139593
1383 0.00135962
1384 0.00132406
1385 0.00128923
1386 0.00125514
1387 0.00122177
1388 0.0011891
1389 0.00115714
1390 0.00112587
1391 0.00109528
1392 0.00106536
1393 0.00103611
1394 0.00100751
1395 0.000979546
1396 0.000952219
1397 0.000925516
1398 0.000899427
1399 0.000873941
1400 0.00084905
1401 0.000824743
1402 0.000801012
1403 0.000777845
1404 0.000755234
1405 0.00073317
1406 0.000711642
1407 0.000690642
1408 0.00067016
1409 0.000650186
1410 0.000630711
1411 0.000611727
1412 0.000593224
1413 0.000575193
1414 0.000557624
1415 0.00054051
1416 0.000523841
1417 0.000507608
1418 0.000491803
1419 0.000476417
1420 0.000461441
1421 0.000446868
1422 0.000432688
1423 0.000418894
1424 0.000405477
1425 0.00039243
1426 0.000379744
1427 0.000367411
1428 0.000355424
1429 0.000343774
1430 0.000332456
1431 0.00032146
1432 0.00031078
1433 0.000300408
1434 0.000290337
1435 0.00028056
1436 0.00027107
1437 0.000261861
1438 0.000252925
1439 0.000244256
1440 0.000235847
1441 0.000227693
1442 0.000219786
1443 0.00021212
1444 0.00020469
1445 0.000197489
1446 0.000190512
1447 0.000183752
1448 0.000177205
1449 0.000170863
1450 0.000164723
1451 0.000158779
1452 0.000153025
1453 0.000147456
1454 0.000142068
1455 0.000136854
1456 0.000131812
1457 0.000126935
1458 0.000122219
1459 0.00011766
1460 0.000113252
1461 0.000108993
1462 0.000104877
1463 0.0001009
1464 9.70592e-05
1465 9.33493e-05
1466 8.97669e-05
1467 8.63082e-05
1468 8.29695e-05
1469 7.97472e-05
1470 7.66377e-05
1471 7.36377e-05
1472 7.07437e-05
1473 6.79526e-05
1474 6.52611e-05
1475 6.26661e-05
1476 6.01645e-05
1477 5.77536e-05
1478 5.54302e-05
1479 5.31918e-05
1480 5.10355e-05
1481 4.89586e-05
1482 4.69587e-05
1483 4.50331e-05
1484 4.31795e-05
1485 4.13955e-05
1486 3.96787e-05
1487 3.80269e-05
1488 3.64379e-05
1489 3.49097e-05
1490 3.344e-05
1491 3.2027e-05
1492 3.06687e-05
1493 2.93632e-05
1494 2.81087e-05
1495 2.69033e-05
1496 2.57454e-05
1497 2.46333e-05
1498 2.35654e-05
1499 2.254e-05
1500 2.15557e-05
1501 2.0611e-05
1502 1.97045e-05
1503 1.88347e-05
1504 1.80003e-05
1505 1.72001e-05
1506 1.64327e-05
1507 1.56969e-05
1508 1.49917e-05
1509 1.43157e-05
1510 1.36679e-05
1511 1.30473e-05
1512 1.24528e-05
1513 1.18834e-05
1514 1.13382e-05
1515 1.08162e-05
1516 1.03165e-05
1517 9.83823e-06
1518 9.38058e-06
1519 8.94273e-06
1520 8.5239e-06
1521 8.12332e-06
1522 7.74027e-06
1523 7.37406e-06
1524 7.02399e-06
1525 6.68942e-06
1526 6.36972e-06
1527 6.06428e-06
1528 5.77252e-06
1529 5.49388e-06
1530 5.2278e-06
1531 4.97378e-06
1532 4.7313e-06
1533 4.49989e-06
1534 4.27907e-06
1535 4.0684e-06
1536 3.86745e-06
1537 3.67581e-06
1538 3.49307e-06
1539 3.31885e-06
1540 3.15279e-06
1541 2.99453e-06
1542 2.84373e-06
1543 2.70007e-06
1544 2.56323e-06
1545 2.43291e-06
1546 2.30883e-06
1547 2.1907e-06
1548 2.07826e-06
1549 1.97125e-06
1550 1.86944e-06
1551 1.77258e-06
1552 1.68045e-06
1553 1.59284e-06
1554 1.50953e-06
1555 1.43034e-06
1556 1.35507e-06
1557 1.28354e-06
1558 1.21558e-06
1559 1.15102e-06
1560 1.0897e-06
1561 1.03147e-06
1562 9.76179e-07
1563 9.23696e-07
1564 8.73883e-07
1565 8.26614e-07
1566 7.81767e-07
1567 7.39225e-07
1568 6.98878e-07
1569 6.60618e-07
1570 6.24344e-07
1571 5.8996e-07
1572 5.57372e-07
1573 5.26494e-07
1574 4.97239e-07
1575 4.69529e-07
1576 4.43285e-07
1577 4.18436e-07
1578 3.94911e-07
1579 3.72643e-07
1580 3.5157e-07
1581 3.31631e-07
1582 3.12768e-07
1583 2.94926e-07
1584 2.78054e-07
1585 2.621e-07
1586 2.47019e-07
1587 2.32765e-07
1588 2.19296e-07
1589 2.06569e-07
1590 1.94547e-07
1591 1.83192e-07
1592 1.7247e-07
1593 1.62347e-07
1594 1.52791e-07
1595 1.43772e-07
1596 1.35262e-07
1597 1.27233e-07
1598 1.1966e-07
1599 1.12518e-07
1600 1.05783e-07
1601 9.9434e-08
1602 9.34494e-08
1603 8.78095e-08
1604 8.24955e-08
1605 7.74893e-08
1606 7.2774e-08
1607 6.83335e-08
1608 6.41527e-08
1609 6.02169e-08
1610 5.65126e-08
1611 5.30267e-08
1612 4.97471e-08
1613 4.66619e-08
1614 4.37603e-08
1615 4.10319e-08
1616 3.84667e-08
1617 3.60554e-08
1618 3.37893e-08
1619 3.166e-08
1620 2.96595e-08
1621 2.77805e-08
1622 2.60159e-08
1623 2.4359e-08
1624 2.28035e-08
1625 2.13435e-08
1626 1.99735e-08
1627 1.8688e-08
1628 1.74821e-08
1629 1.63511e-08
1630 1.52905e-08
1631 1.42962e-08
1632 1.33641e-08
1633 1.24905e-08
1634 1.16719e-08
1635 1.0905e-08
1636 1.01867e-08
1637 9.51396e-09
1638 8.88404e-09
1639 8.29434e-09
1640 7.74237e-09
1641 7.22584e-09
1642 6.74254e-09
1643 6.29043e-09
1644 5.86757e-09
1645 5.47215e-09
1646 5.10245e-09
1647 4.75686e-09
1648 4.43388e-09
1649 4.13208e-09
1650 3.85012e-09
1651 3.58674e-09
1652 3.34078e-09
1653 3.11112e-09
1654 2.89672e-09
1655 2.6966e-09
1656 2.50985e-09
1657 2.33561e-09
1658 2.17307e-09
1659 2.02147e-09
1660 1.88011e-09
1661 1.74831e-09
1662 1.62545e-09
1663 1.51096e-09
1664 1.40426e-09
1665 1.30487e-09
1666 1.21229e-09
1667 1.12607e-09
1668 1.04579e-09
1669 9.71055e-10
1670 9.01497e-10
1671 8.36768e-10
1672 7.76544e-10
1673 7.20522e-10
1674 6.68418e-10
1675 6.19969e-10
1676 5.74926e-10
1677 5.33057e-10
1678 4.94146e-10
1679 4.57991e-10
1680 4.24404e-10
1681 3.93207e-10
1682 3.64236e-10
1683 3.37337e-10
1684 3.12367e-10
1685 2.89192e-10
1686 2.67687e-10
1687 2.47735e-10
1688 2.29228e-10
1689 2.12064e-10
1690 1.96149e-10
1691 1.81395e-10
1692 1.67719e-10
1693 1.55046e-10
1694 1.43304e-10
1695 1.32426e-10
1696 1.22352e-10
1697 1.13022e-10
1698 1.04385e-10
1699 9.63901e-11
1700 8.89907e-11
1701 8.21441e-11
1702 7.58101e-11
1703 6.99515e-11
1704 6.45336e-11
1705 5.95242e-11
1706 5.48935e-11
1707 5.06135e-11
1708 4.66585e-11
1709 4.30045e-11
1710 3.96293e-11
1711 3.65122e-11
1712 3.36339e-11
1713 3.09767e-11
1714 2.85242e-11
1715 2.62608e-11
1716 2.41726e-11
1717 2.22462e-11
1718 2.04695e-11
1719 1.88312e-11
1720 1.73207e-11
1721 1.59285e-11
1722 1.46453e-11
1723 1.3463e-11
1724 1.23739e-11
1725 1.13707e-11
1726 1.04468e-11
1727 9.59627e-12
1728 8.81328e-12
1729 8.09266e-12
1730 7.42956e-12
1731 6.81951e-12
1732 6.25837e-12
1733 5.74232e-12
1734 5.26783e-12
1735 4.83163e-12
1736 4.43071e-12
1737 4.0623e-12
1738 3.72381e-12
1739 3.41288e-12
1740 3.12732e-12
1741 2.86512e-12
1742 2.6244e-12
1743 2.40345e-12
1744 2.20068e-12
1745 2.01464e-12
1746 1.84397e-12
1747 1.68745e-12
1748 1.54391e-12
1749 1.41232e-12
1750 1.2917e-12
1751 1.18116e-12
1752 1.07987e-12
1753 9.87074e-13
1754 9.02084e-13
1755 8.24256e-13
1756 7.52998e-13
1757 6.8777e-13
1758 6.28072e-13
1759 5.73447e-13
1760 5.23473e-13
1761 4.77762e-13
1762 4.3596e-13
1763 3.9774e-13
1764 3.628e-13
1765 3.30867e-13
1766 3.01687e-13
1767 2.75028e-13
1768 2.50676e-13
1769 2.28437e-13
1770 2.08131e-13
1771 1.89594e-13
1772 1.72675e-13
1773 1.57235e-13
1774 1.43149e-13
1775 1.30299e-13
1776 1.1858e-13
1777 1.07895e-13
1778 9.81534e-14
1779 8.92742e-14
1780 8.11827e-14
1781 7.38104e-14
1782 6.70947e-14
1783 6.09783e-14
1784 5.54088e-14
1785 5.03383e-14
1786 4.5723e-14
1787 4.15229e-14
1788 3.77013e-14
1789 3.42249e-14
1790 3.1063e-14
1791 2.81878e-14
1792 2.55738e-14
1793 2.31977e-14
1794 2.10384e-14
1795 1.90763e-14
1796 1.72939e-14
1797 1.5675e-14
1798 1.42049e-14
1799 1.28702e-14
1800 1.16587e-14
1801 1.05591e-14
1802 9.56142e-15
1803 8.65631e-15
1804 7.83537e-15
1805 7.0909e-15
1806 6.41593e-15
1807 5.80408e-15
1808 5.24956e-15
1809 4.7471e-15
1810 4.2919e-15
1811 3.87959e-15
1812 3.50621e-15
1813 3.16816e-15
1814 2.86213e-15
1815 2.58517e-15
1816 2.33455e-15
1817 2.10782e-15
1818 1.90274e-15
1819 1.71728e-15
1820 1.54959e-15
1821 1.398e-15
1822 1.261e-15
1823 1.1372e-15
1824 1.02536e-15
1825 9.24333e-16
1826 8.33099e-16
1827 7.50724e-16
1828 6.76362e-16
1829 6.09246e-16
1830 5.48684e-16
1831 4.94045e-16
1832 4.4476e-16
1833 4.00313e-16
1834 3.60238e-16
1835 3.24111e-16
1836 2.9155e-16
1837 2.62209e-16
1838 2.35775e-16
1839 2.11964e-16
1840 1.9052e-16
1841 1.71213e-16
1842 1.53831e-16
1843 1.38188e-16
1844 1.2411e-16
1845 1.11445e-16
1846 1.00053e-16
1847 8.98076e-17
1848 8.05956e-17
1849 7.23142e-17
1850 6.48711e-17
1851 5.81826e-17
1852 5.21734e-17
1853 4.67757e-17
1854 4.19282e-17
1855 3.75756e-17
1856 3.36683e-17
1857 3.01613e-17
1858 2.70143e-17
1859 2.41909e-17
1860 2.16583e-17
1861 1.9387e-17
1862 1.73505e-17
1863 1.55249e-17
1864 1.38886e-17
1865 1.24223e-17
1866 1.11086e-17
1867 9.93191e-18
1868 8.87809e-18
1869 7.93452e-18
1870 7.08983e-18
1871 6.33381e-18
1872 5.65729e-18
1873 5.05203e-18
1874 4.51063e-18
1875 4.02646e-18
1876 3.59354e-18
1877 3.20654e-18
1878 2.86064e-18
1879 2.55156e-18
1880 2.27541e-18
1881 2.02876e-18
1882 1.80848e-18
1883 1.6118e-18
1884 1.43622e-18
1885 1.27952e-18
1886 1.13968e-18
1887 1.01493e-18
1888 9.03655e-19
1889 8.04419e-19
1890 7.15939e-19
1891 6.37064e-19
1892 5.66766e-19
1893 5.04125e-19
1894 4.48319e-19
1895 3.9861e-19
1896 3.54343e-19
1897 3.14929e-19
1898 2.79844e-19
1899 2.48617e-19
1900 2.20831e-19
1901 1.96112e-19
1902 1.74125e-19
1903 1.54572e-19
1904 1.37187e-19
1905 1.21733e-19
1906 1.07999e-19
1907 9.5795e-20
1908 8.49532e-20
1909 7.53233e-20
1910 6.67717e-20
1911 5.91792e-20
1912 5.24395e-20
1913 4.64581e-20
1914 4.11507e-20
1915 3.64424e-20
1916 3.22663e-20
1917 2.8563e-20
1918 2.52797e-20
1919 2.23694e-20
1920 1.97901e-20
1921 1.75047e-20
1922 1.54802e-20
1923 1.36871e-20
1924 1.20992e-20
1925 1.06934e-20
1926 9.44905e-21
1927 8.34782e-21
1928 7.37346e-21
1929 6.51152e-21
1930 5.74918e-21
1931 5.07508e-21
1932 4.47911e-21
1933 3.95234e-21
1934 3.48681e-21
1935 3.0755e-21
1936 2.71217e-21
1937 2.39127e-21
1938 2.10792e-21
1939 1.85778e-21
1940 1.63698e-21
1941 1.44214e-21
1942 1.27023e-21
1943 1.11859e-21
1944 9.84859e-22
1945 8.66938e-22
1946 7.62982e-22
1947 6.71356e-22
1948 5.90615e-22
1949 5.1948e-22
1950 4.56819e-22
1951 4.01637e-22
1952 3.53049e-22
1953 3.10276e-22
1954 2.7263e-22
1955 2.39503e-22
1956 2.1036e-22
1957 1.84725e-22
1958 1.62181e-22
1959 1.4236e-22
1960 1.24936e-22
1961 1.09622e-22
1962 9.61666e-23
1963 8.4345e-23
1964 7.39617e-23
1965 6.48437e-23
1966 5.68383e-23
1967 4.9811e-23
1968 4.36437e-23
1969 3.82323e-23
1970 3.34852e-23
1971 2.93215e-23
1972 2.56702e-23
1973 2.24691e-23
1974 1.96633e-23
1975 1.72043e-23
1976 1.50497e-23
1977 1.31624e-23
1978 1.15094e-23
1979 1.00619e-23
1980 8.79467e-24
1981 7.68552e-24
1982 6.7149e-24
1983 5.86562e-24
1984 5.12275e-24
1985 4.47305e-24
1986 3.90495e-24
1987 3.40832e-24
1988 2.97424e-24
1989 2.59493e-24
1990 2.26353e-24
1991 1.97405e-24
1992 1.72125e-24
1993 1.50052e-24
1994 1.30782e-24
1995 1.13965e-24
1996 9.92906e-25
1997 8.6488e-25
1998 7.53204e-25
1999 6.55821e-25
2000 5.7092e-25
2001 4.96907e-25
2002 4.32401e-25
2003 3.76198e-25
2004 3.27235e-25
2005 2.84589e-25
2006 2.47454e-25
2007 2.15121e-25
2008 1.86977e-25
2009 1.62486e-25
2010 1.41177e-25
2011 1.22638e-25
2012 1.06515e-25
2013 9.24969e-26
2014 8.03084e-26
2015 6.97145e-26
2016 6.05093e-26
2017 5.251e-26
2018 4.55626e-26
2019 3.95292e-26
2020 3.42892e-26
2021 2.97411e-26
2022 2.57935e-26
2023 2.2368e-26
2024 1.93964e-26
2025 1.68188e-26
2026 1.45833e-26
2027 1.26454e-26
2028 1.09651e-26
2029 9.50906e-27
2030 8.24787e-27
2031 7.15509e-27
2032 6.20866e-27
2033 5.38905e-27
2034 4.67958e-27
2035 4.06578e-27
2036 3.53463e-27
2037 3.07525e-27
2038 2.67824e-27
2039 2.33485e-27
2040 2.0383e-27
2041 1.78233e-27
2042 1.56143e-27
2043 1.37109e-27
2044 1.20709e-27
2045 1.06603e-27
2046 9.4499e-28
2047 8.41386e-28
