0 1.12391e-41
1 1.00922e-41
2 9.22341e-42
3 8.59805e-42
4 8.1907e-42
5 7.9843e-42
6 7.97051e-42
7 8.14812e-42
8 8.52299e-42
9 9.10876e-42
10 9.92737e-42
11 1.10097e-41
12 1.23968e-41
13 1.41399e-41
14 1.63035e-41
15 1.89709e-41
16 2.22414e-41
17 2.62344e-41
18 3.10992e-41
19 3.70176e-41
20 4.42093e-41
21 5.29364e-41
22 6.35183e-41
23 7.63467e-41
24 9.1892e-41
25 1.10716e-40
26 1.33501e-40
27 1.61082e-40
28 1.94457e-40
29 2.3482e-40
30 2.83625e-40
31 3.42631e-40
32 4.13954e-40
33 5.0013e-40
34 6.04222e-40
35 7.29946e-40
36 8.81761e-40
37 1.06501e-39
38 1.28615e-39
39 1.55299e-39
40 1.87488e-39
41 2.26308e-39
42 2.73115e-39
43 3.29533e-39
44 3.97527e-39
45 4.79449e-39
46 5.78133e-39
47 6.96979e-39
48 8.40069e-39
49 1.0123e-38
50 1.21959e-38
51 1.46901e-38
52 1.76901e-38
53 2.1298e-38
54 2.56359e-38
55 3.08506e-38
56 3.71175e-38
57 4.46464e-38
58 5.3691e-38
59 6.4554e-38
60 7.75972e-38
61 9.32531e-38
62 1.12039e-37
63 1.34582e-37
64 1.61631e-37
65 1.94067e-37
66 2.32949e-37
67 2.79566e-37
68 3.3545e-37
69 4.02398e-37
70 4.82579e-37
71 5.78626e-37
72 6.93649e-37
73 8.31342e-37
74 9.96108e-37
75 1.19326e-36
76 1.42917e-36
77 1.71131e-36
78 2.04859e-36
79 2.45189e-36
80 2.93398e-36
81 3.50992e-36
82 4.19789e-36
83 5.01969e-36
84 6.00121e-36
85 7.17281e-36
86 8.571e-36
87 1.02396e-35
88 1.22302e-35
89 1.46045e-35
90 1.74358e-35
91 2.08109e-35
92 2.48339e-35
93 2.96278e-35
94 3.53389e-35
95 4.21411e-35
96 5.02411e-35
97 5.98843e-35
98 7.13619e-35
99 8.502e-35
100 1.01268e-34
101 1.20594e-34
102 1.43575e-34
103 1.70895e-34
104 2.03369e-34
105 2.41956e-34
106 2.87798e-34
107 3.42246e-34
108 4.06903e-34
109 4.83662e-34
110 5.74768e-34
111 6.82881e-34
112 8.11141e-34
113 9.6327e-34
114 1.14367e-33
115 1.35754e-33
116 1.61104e-33
117 1.91143e-33
118 2.26732e-33
119 2.68886e-33
120 3.18805e-33
121 3.77905e-33
122 4.47859e-33
123 5.30641e-33
124 6.28581e-33
125 7.44431e-33
126 8.81432e-33
127 1.04341e-32
128 1.23487e-32
129 1.46114e-32
130 1.72847e-32
131 2.04425e-32
132 2.41718e-32
133 2.8575e-32
134 3.37724e-32
135 3.99063e-32
136 4.71438e-32
137 5.56814e-32
138 6.57497e-32
139 7.76214e-32
140 9.1616e-32
141 1.08109e-31
142 1.27541e-31
143 1.50433e-31
144 1.77395e-31
145 2.0914e-31
146 2.46509e-31
147 2.90489e-31
148 3.4224e-31
149 4.03117e-31
150 4.74711e-31
151 5.58896e-31
152 6.5786e-31
153 7.74167e-31
154 9.1083e-31
155 1.07137e-30
156 1.25992e-30
157 1.4813e-30
158 1.74119e-30
159 2.04621e-30
160 2.40409e-30
161 2.82394e-30
162 3.31633e-30
163 3.89367e-30
164 4.57047e-30
165 5.36367e-30
166 6.29309e-30
167 7.38186e-30
168 8.65698e-30
169 1.01501e-29
170 1.18979e-29
171 1.39435e-29
172 1.63371e-29
173 1.91371e-29
174 2.2412e-29
175 2.62412e-29
176 3.07176e-29
177 3.59495e-29
178 4.20629e-29
179 4.92046e-29
180 5.75459e-29
181 6.72859e-29
182 7.86566e-29
183 9.1928e-29
184 1.07414e-28
185 1.25481e-28
186 1.46553e-28
187 1.71126e-28
188 1.99773e-28
189 2.33164e-28
190 2.72074e-28
191 3.17406e-28
192 3.70208e-28
193 4.31696e-28
194 5.03283e-28
195 5.86609e-28
196 6.83577e-28
197 7.96395e-28
198 9.27622e-28
199 1.08023e-27
200 1.25766e-27
201 1.4639e-27
202 1.70358e-27
203 1.98204e-27
204 2.30551e-27
205 2.68115e-27
206 3.11729e-27
207 3.62355e-27
208 4.21106e-27
209 4.89272e-27
210 5.68343e-27
211 6.60039e-27
212 7.66355e-27
213 8.89592e-27
214 1.03241e-26
215 1.19788e-26
216 1.38955e-26
217 1.61151e-26
218 1.86851e-26
219 2.16598e-26
220 2.51024e-26
221 2.90853e-26
222 3.36925e-26
223 3.90204e-26
224 4.51804e-26
225 5.23008e-26
226 6.05293e-26
227 7.00363e-26
228 8.10177e-26
229 9.36994e-26
230 1.08341e-25
231 1.25242e-25
232 1.44746e-25
233 1.67249e-25
234 1.93206e-25
235 2.23141e-25
236 2.57654e-25
237 2.97438e-25
238 3.43286e-25
239 3.96112e-25
240 4.56962e-25
241 5.2704e-25
242 6.07727e-25
243 7.00609e-25
244 8.07502e-25
245 9.30496e-25
246 1.07198e-24
247 1.2347e-24
248 1.4218e-24
249 1.63688e-24
250 1.88408e-24
251 2.16812e-24
252 2.49441e-24
253 2.86918e-24
254 3.2995e-24
255 3.79352e-24
256 4.36052e-24
257 5.01114e-24
258 5.75754e-24
259 6.61363e-24
260 7.5953e-24
261 8.72071e-24
262 1.00106e-23
263 1.14887e-23
264 1.31821e-23
265 1.51216e-23
266 1.73425e-23
267 1.98851e-23
268 2.27953e-23
269 2.61254e-23
270 2.99351e-23
271 3.42926e-23
272 3.92752e-23
273 4.49716e-23
274 5.14822e-23
275 5.89217e-23
276 6.74207e-23
277 7.71278e-23
278 8.82121e-23
279 1.00866e-22
280 1.15308e-22
281 1.31787e-22
282 1.50587e-22
283 1.72028e-22
284 1.96476e-22
285 2.24347e-22
286 2.56111e-22
287 2.92305e-22
288 3.33537e-22
289 3.80496e-22
290 4.33965e-22
291 4.94834e-22
292 5.64109e-22
293 6.42934e-22
294 7.32604e-22
295 8.34589e-22
296 9.50551e-22
297 1.08238e-21
298 1.2322e-21
299 1.40245e-21
300 1.59585e-21
301 1.81551e-21
302 2.06493e-21
303 2.34809e-21
304 2.66947e-21
305 3.03415e-21
306 3.44788e-21
307 3.91713e-21
308 4.44925e-21
309 5.05252e-21
310 5.73631e-21
311 6.51117e-21
312 7.38904e-21
313 8.3834e-21
314 9.50945e-21
315 1.07843e-20
316 1.22274e-20
317 1.38604e-20
318 1.57081e-20
319 1.77981e-20
320 2.01616e-20
321 2.28338e-20
322 2.58545e-20
323 2.92681e-20
324 3.31249e-20
325 3.74816e-20
326 4.24016e-20
327 4.79565e-20
328 5.42269e-20
329 6.13031e-20
330 6.92869e-20
331 7.82925e-20
332 8.84483e-20
333 9.98983e-20
334 1.12805e-19
335 1.27349e-19
336 1.43735e-19
337 1.62192e-19
338 1.82976e-19
339 2.06375e-19
340 2.32712e-19
341 2.62348e-19
342 2.95689e-19
343 3.33189e-19
344 3.75357e-19
345 4.22761e-19
346 4.7604e-19
347 5.35908e-19
348 6.03162e-19
349 6.78696e-19
350 7.63509e-19
351 8.58718e-19
352 9.65574e-19
353 1.08547e-18
354 1.21997e-18
355 1.37081e-18
356 1.53995e-18
357 1.72954e-18
358 1.94204e-18
359 2.18013e-18
360 2.44684e-18
361 2.74556e-18
362 3.08003e-18
363 3.45445e-18
364 3.87351e-18
365 4.34242e-18
366 4.86698e-18
367 5.45367e-18
368 6.10971e-18
369 6.84313e-18
370 7.66286e-18
371 8.57886e-18
372 9.60222e-18
373 1.07453e-17
374 1.20217e-17
375 1.34468e-17
376 1.50374e-17
377 1.68125e-17
378 1.8793e-17
379 2.10021e-17
380 2.34657e-17
381 2.62124e-17
382 2.92742e-17
383 3.26864e-17
384 3.64881e-17
385 4.0723e-17
386 4.54392e-17
387 5.06903e-17
388 5.65355e-17
389 6.30406e-17
390 7.02782e-17
391 7.8329e-17
392 8.72822e-17
393 9.72366e-17
394 1.08301e-16
395 1.20597e-16
396 1.34259e-16
397 1.49433e-16
398 1.66283e-16
399 1.8499e-16
400 2.05753e-16
401 2.28792e-16
402 2.54351e-16
403 2.82699e-16
404 3.1413e-16
405 3.48973e-16
406 3.87588e-16
407 4.30373e-16
408 4.77765e-16
409 5.30248e-16
410 5.88354e-16
411 6.5267e-16
412 7.23842e-16
413 8.02581e-16
414 8.8967e-16
415 9.85971e-16
416 1.09243e-15
417 1.2101e-15
418 1.34011e-15
419 1.48374e-15
420 1.64237e-15
421 1.81753e-15
422 2.01089e-15
423 2.22429e-15
424 2.45976e-15
425 2.71951e-15
426 3.006e-15
427 3.32189e-15
428 3.67013e-15
429 4.05394e-15
430 4.47686e-15
431 4.94278e-15
432 5.45594e-15
433 6.02103e-15
434 6.64315e-15
435 7.32792e-15
436 8.08148e-15
437 8.91056e-15
438 9.82253e-15
439 1.08255e-14
440 1.19282e-14
441 1.31404e-14
442 1.44726e-14
443 1.59364e-14
444 1.75445e-14
445 1.93107e-14
446 2.12501e-14
447 2.33792e-14
448 2.57161e-14
449 2.82804e-14
450 3.10937e-14
451 3.41794e-14
452 3.75631e-14
453 4.12728e-14
454 4.53388e-14
455 4.97944e-14
456 5.46757e-14
457 6.00221e-14
458 6.58765e-14
459 7.22856e-14
460 7.93001e-14
461 8.69754e-14
462 9.53715e-14
463 1.04554e-13
464 1.14593e-13
465 1.25567e-13
466 1.3756e-13
467 1.50661e-13
468 1.64971e-13
469 1.80595e-13
470 1.97652e-13
471 2.16266e-13
472 2.36575e-13
473 2.58726e-13
474 2.82881e-13
475 3.09214e-13
476 3.37913e-13
477 3.69182e-13
478 4.03243e-13
479 4.40335e-13
480 4.80716e-13
481 5.24666e-13
482 5.72489e-13
483 6.24512e-13
484 6.81089e-13
485 7.42604e-13
486 8.09469e-13
487 8.82132e-13
488 9.61076e-13
489 1.04682e-12
490 1.13994e-12
491 1.24102e-12
492 1.35074e-12
493 1.4698e-12
494 1.59897e-12
495 1.73907e-12
496 1.891e-12
497 2.05571e-12
498 2.23424e-12
499 2.42772e-12
500 2.63735e-12
501 2.86442e-12
502 3.11035e-12
503 3.37664e-12
504 3.66492e-12
505 3.97694e-12
506 4.3146e-12
507 4.67992e-12
508 5.07511e-12
509 5.5025e-12
510 5.96465e-12
511 6.46428e-12
512 7.00433e-12
513 7.58794e-12
514 8.21852e-12
515 8.8997e-12
516 9.6354e-12
517 1.04298e-11
518 1.12875e-11
519 1.22132e-11
520 1.32122e-11
521 1.429e-11
522 1.54526e-11
523 1.67064e-11
524 1.80583e-11
525 1.95155e-11
526 2.10858e-11
527 2.27778e-11
528 2.46003e-11
529 2.65629e-11
530 2.86759e-11
531 3.09501e-11
532 3.33973e-11
533 3.60297e-11
534 3.88608e-11
535 4.19045e-11
536 4.51759e-11
537 4.86911e-11
538 5.24671e-11
539 5.65219e-11
540 6.08748e-11
541 6.55463e-11
542 7.05582e-11
543 7.59335e-11
544 8.16968e-11
545 8.7874e-11
546 9.44927e-11
547 1.01582e-10
548 1.09174e-10
549 1.173e-10
550 1.25996e-10
551 1.35298e-10
552 1.45245e-10
553 1.5588e-10
554 1.67246e-10
555 1.79388e-10
556 1.92357e-10
557 2.06204e-10
558 2.20984e-10
559 2.36755e-10
560 2.5358e-10
561 2.71523e-10
562 2.90652e-10
563 3.11042e-10
564 3.32769e-10
565 3.55915e-10
566 3.80567e-10
567 4.06815e-10
568 4.34758e-10
569 4.64498e-10
570 4.96143e-10
571 5.29808e-10
572 5.65616e-10
573 6.03696e-10
574 6.44185e-10
575 6.87226e-10
576 7.32975e-10
577 7.81593e-10
578 8.33253e-10
579 8.88138e-10
580 9.4644e-10
581 1.00837e-09
582 1.07413e-09
583 1.14396e-09
584 1.21811e-09
585 1.29683e-09
586 1.38039e-09
587 1.46908e-09
588 1.5632e-09
589 1.66309e-09
590 1.76907e-09
591 1.88152e-09
592 2.0008e-09
593 2.12732e-09
594 2.26151e-09
595 2.4038e-09
596 2.55467e-09
597 2.71462e-09
598 2.88415e-09
599 3.06382e-09
600 3.2542e-09
601 3.45589e-09
602 3.66953e-09
603 3.89576e-09
604 4.13529e-09
605 4.38883e-09
606 4.65714e-09
607 4.94099e-09
608 5.24122e-09
609 5.55867e-09
610 5.89423e-09
611 6.24881e-09
612 6.62336e-09
613 7.01889e-09
614 7.4364e-09
615 7.87694e-09
616 8.34162e-09
617 8.83154e-09
618 9.34787e-09
619 9.89179e-09
620 1.04645e-08
621 1.10673e-08
622 1.17014e-08
623 1.23682e-08
624 1.30689e-08
625 1.3805e-08
626 1.45779e-08
627 1.53888e-08
628 1.62394e-08
629 1.7131e-08
630 1.80651e-08
631 1.90433e-08
632 2.00671e-08
633 2.11379e-08
634 2.22575e-08
635 2.34273e-08
636 2.46489e-08
637 2.59241e-08
638 2.72543e-08
639 2.86414e-08
640 3.0087e-08
641 3.15928e-08
642 3.31605e-08
643 3.4792e-08
644 3.64891e-08
645 3.82535e-08
646 4.00873e-08
647 4.19924e-08
648 4.39707e-08
649 4.60245e-08
650 4.81558e-08
651 5.0367e-08
652 5.26604e-08
653 5.50385e-08
654 5.75038e-08
655 6.00593e-08
656 6.27077e-08
657 6.54521e-08
658 6.82959e-08
659 7.12426e-08
660 7.42959e-08
661 7.74598e-08
662 8.07385e-08
663 8.41367e-08
664 8.76593e-08
665 9.13116e-08
666 9.50991e-08
667 9.90279e-08
668 1.03105e-07
669 1.07336e-07
670 1.1173e-07
671 1.16293e-07
672 1.21035e-07
673 1.25965e-07
674 1.31092e-07
675 1.36426e-07
676 1.41978e-07
677 1.47759e-07
678 1.53783e-07
679 1.6006e-07
680 1.66605e-07
681 1.73432e-07
682 1.80555e-07
683 1.8799e-07
684 1.95753e-07
685 2.03861e-07
686 2.1233e-07
687 2.2118e-07
688 2.30427e-07
689 2.40093e-07
690 2.50194e-07
691 2.60753e-07
692 2.71789e-07
693 2.83322e-07
694 2.95374e-07
695 3.07965e-07
696 3.21116e-07
697 3.34849e-07
698 3.49184e-07
699 3.64142e-07
700 3.79742e-07
701 3.96004e-07
702 4.12947e-07
703 4.30589e-07
704 4.48948e-07
705 4.68038e-07
706 4.87874e-07
707 5.08469e-07
708 5.29835e-07
709 5.5198e-07
710 5.74913e-07
711 5.98638e-07
712 6.23157e-07
713 6.4847e-07
714 6.74575e-07
715 7.01466e-07
716 7.29132e-07
717 7.57562e-07
718 7.86738e-07
719 8.16642e-07
720 8.47247e-07
721 8.78528e-07
722 9.10451e-07
723 9.42979e-07
724 9.76071e-07
725 1.00968e-06
726 1.04376e-06
727 1.07825e-06
728 1.1131e-06
729 1.14823e-06
730 1.18359e-06
731 1.21909e-06
732 1.25467e-06
733 1.29023e-06
734 1.32569e-06
735 1.36096e-06
736 1.39595e-06
737 1.43055e-06
738 1.46468e-06
739 1.49822e-06
740 1.53108e-06
741 1.56313e-06
742 1.59428e-06
743 1.62441e-06
744 1.65342e-06
745 1.68119e-06
746 1.70762e-06
747 1.7326e-06
748 1.75601e-06
749 1.77777e-06
750 1.79777e-06
751 1.81592e-06
752 1.83214e-06
753 1.84633e-06
754 1.85843e-06
755 1.86836e-06
756 1.87609e-06
757 1.88155e-06
758 1.88471e-06
759 1.88555e-06
760 1.88406e-06
761 1.88025e-06
762 1.87412e-06
763 1.86573e-06
764 1.85512e-06
765 1.84237e-06
766 1.82755e-06
767 1.81079e-06
768 1.7922e-06
769 1.77195e-06
770 1.7502e-06
771 1.72715e-06
772 1.70303e-06
773 1.67806e-06
774 1.65252e-06
775 1.62671e-06
776 1.60093e-06
777 1.57554e-06
778 1.55089e-06
779 1.52738e-06
780 1.50543e-06
781 1.48549e-06
782 1.46801e-06
783 1.4535e-06
784 1.44247e-06
785 1.43546e-06
786 1.43303e-06
787 1.43577e-06
788 1.44428e-06
789 1.45918e-06
790 1.48113e-06
791 1.51077e-06
792 1.54879e-06
793 1.59587e-06
794 1.65273e-06
795 1.72006e-06
796 1.79859e-06
797 1.88906e-06
798 1.9922e-06
799 2.10873e-06
800 2.23941e-06
801 2.38497e-06
802 2.54613e-06
803 2.72363e-06
804 2.91819e-06
805 3.1305e-06
806 3.36127e-06
807 3.61116e-06
808 3.88085e-06
809 4.17096e-06
810 4.48212e-06
811 4.81492e-06
812 5.16991e-06
813 5.54764e-06
814 5.9486e-06
815 6.37326e-06
816 6.82206e-06
817 7.29539e-06
818 7.79361e-06
819 8.31703e-06
820 8.86593e-06
821 9.44054e-06
822 1.0041e-05
823 1.06676e-05
824 1.13203e-05
825 1.19992e-05
826 1.27042e-05
827 1.34354e-05
828 1.41927e-05
829 1.4976e-05
830 1.5785e-05
831 1.66196e-05
832 1.74795e-05
833 1.83644e-05
834 1.9274e-05
835 2.02079e-05
836 2.11657e-05
837 2.2147e-05
838 2.31513e-05
839 2.41782e-05
840 2.52272e-05
841 2.62977e-05
842 2.73893e-05
843 2.85013e-05
844 2.96334e-05
845 3.0785e-05
846 3.19555e-05
847 3.31444e-05
848 3.43514e-05
849 3.55759e-05
850 3.68175e-05
851 3.80758e-05
852 3.93506e-05
853 4.06416e-05
854 4.19485e-05
855 4.32713e-05
856 4.46097e-05
857 4.5964e-05
858 4.73341e-05
859 4.87204e-05
860 5.0123e-05
861 5.15425e-05
862 5.29794e-05
863 5.44344e-05
864 5.59083e-05
865 5.7402e-05
866 5.89168e-05
867 6.04539e-05
868 6.20148e-05
869 6.3601e-05
870 6.52145e-05
871 6.68572e-05
872 6.85313e-05
873 7.02393e-05
874 7.19839e-05
875 7.37677e-05
876 7.55941e-05
877 7.74662e-05
878 7.93877e-05
879 8.13623e-05
880 8.33941e-05
881 8.54874e-05
882 8.76468e-05
883 8.98771e-05
884 9.21836e-05
885 9.45715e-05
886 9.70465e-05
887 9.96147e-05
888 0.000102282
889 0.000105056
890 0.000107942
891 0.000110948
892 0.000114081
893 0.00011735
894 0.000120761
895 0.000124324
896 0.000128047
897 0.000131939
898 0.00013601
899 0.000140268
900 0.000144724
901 0.000149388
902 0.000154271
903 0.000159383
904 0.000164735
905 0.000170339
906 0.000176206
907 0.000182349
908 0.00018878
909 0.000195511
910 0.000202555
911 0.000209926
912 0.000217636
913 0.000225701
914 0.000234133
915 0.000242947
916 0.000252158
917 0.00026178
918 0.000271829
919 0.00028232
920 0.000293268
921 0.00030469
922 0.000316601
923 0.000329019
924 0.000341959
925 0.000355438
926 0.000369475
927 0.000384085
928 0.000399286
929 0.000415097
930 0.000431535
931 0.000448618
932 0.000466365
933 0.000484794
934 0.000503923
935 0.000523773
936 0.000544362
937 0.000565708
938 0.000587833
939 0.000610754
940 0.000634493
941 0.000659068
942 0.000684499
943 0.000710808
944 0.000738014
945 0.000766137
946 0.000795198
947 0.000825218
948 0.000856217
949 0.000888215
950 0.000921235
951 0.000955295
952 0.000990419
953 0.00102663
954 0.00106394
955 0.00110237
956 0.00114196
957 0.00118271
958 0.00122465
959 0.00126779
960 0.00131217
961 0.00135781
962 0.00140471
963 0.00145291
964 0.00150242
965 0.00155326
966 0.00160546
967 0.00165904
968 0.00171401
969 0.0017704
970 0.00182822
971 0.00188751
972 0.00194826
973 0.00201051
974 0.00207428
975 0.00213958
976 0.00220643
977 0.00227484
978 0.00234485
979 0.00241646
980 0.0024897
981 0.00256457
982 0.00264111
983 0.00271931
984 0.0027992
985 0.0028808
986 0.00296411
987 0.00304916
988 0.00313595
989 0.0032245
990 0.00331483
991 0.00340694
992 0.00350084
993 0.00359655
994 0.00369408
995 0.00379343
996 0.00389461
997 0.00399764
998 0.00410252
999 0.00420925
1000 0.00431784
1001 0.0044283
1002 0.00454062
1003 0.00465482
1004 0.00477089
1005 0.00488884
1006 0.00500866
1007 0.00513035
1008 0.00525392
1009 0.00537935
1010 0.00550665
1011 0.0056358
1012 0.0057668
1013 0.00589965
1014 0.00603433
1015 0.00617084
1016 0.00630916
1017 0.00644928
1018 0.00659118
1019 0.00673486
1020 0.00688029
1021 0.00702746
1022 0.00717634
1023 0.00732692
1024 0.00747917
1025 0.00763308
1026 0.00778861
1027 0.00794574
1028 0.00810444
1029 0.00826469
1030 0.00842644
1031 0.00858968
1032 0.00875436
1033 0.00892046
1034 0.00908793
1035 0.00925673
1036 0.00942683
1037 0.00959819
1038 0.00977076
1039 0.0099445
1040 0.0101194
1041 0.0102953
1042 0.0104723
1043 0.0106502
1044 0.0108291
1045 0.0110088
1046 0.0111894
1047 0.0113707
1048 0.0115527
1049 0.0117354
1050 0.0119187
1051 0.0121024
1052 0.0122867
1053 0.0124713
1054 0.0126563
1055 0.0128416
1056 0.013027
1057 0.0132126
1058 0.0133982
1059 0.0135839
1060 0.0137694
1061 0.0139548
1062 0.01414
1063 0.0143248
1064 0.0145093
1065 0.0146933
1066 0.0148768
1067 0.0150597
1068 0.0152419
1069 0.0154233
1070 0.0156039
1071 0.0157835
1072 0.0159621
1073 0.0161396
1074 0.0163159
1075 0.016491
1076 0.0166648
1077 0.0168371
1078 0.0170079
1079 0.0171771
1080 0.0173446
1081 0.0175104
1082 0.0176743
1083 0.0178364
1084 0.0179964
1085 0.0181543
1086 0.01831
1087 0.0184635
1088 0.0186147
1089 0.0187635
1090 0.0189098
1091 0.0190535
1092 0.0191945
1093 0.0193329
1094 0.0194684
1095 0.0196011
1096 0.0197308
1097 0.0198575
1098 0.0199812
1099 0.0201016
1100 0.0202189
1101 0.0203328
1102 0.0204434
1103 0.0205505
1104 0.0206542
1105 0.0207543
1106 0.0208508
1107 0.0209437
1108 0.0210328
1109 0.0211182
1110 0.0211997
1111 0.0212774
1112 0.0213511
1113 0.0214209
1114 0.0214867
1115 0.0215484
1116 0.021606
1117 0.0216595
1118 0.0217089
1119 0.0217541
1120 0.021795
1121 0.0218317
1122 0.0218641
1123 0.0218923
1124 0.0219161
1125 0.0219356
1126 0.0219508
1127 0.0219616
1128 0.021968
1129 0.0219701
1130 0.0219678
1131 0.0219611
1132 0.0219501
1133 0.0219347
1134 0.0219149
1135 0.0218908
1136 0.0218623
1137 0.0218296
1138 0.0217925
1139 0.0217511
1140 0.0217054
1141 0.0216556
1142 0.0216015
1143 0.0215432
1144 0.0214807
1145 0.0214142
1146 0.0213436
1147 0.0212689
1148 0.0211902
1149 0.0211076
1150 0.0210211
1151 0.0209307
1152 0.0208365
1153 0.0207386
1154 0.0206369
1155 0.0205316
1156 0.0204228
1157 0.0203104
1158 0.0201945
1159 0.0200753
1160 0.0199527
1161 0.0198269
1162 0.0196978
1163 0.0195657
1164 0.0194305
1165 0.0192923
1166 0.0191512
1167 0.0190073
1168 0.0188607
1169 0.0187114
1170 0.0185595
1171 0.0184051
1172 0.0182483
1173 0.0180891
1174 0.0179277
1175 0.0177641
1176 0.0175985
1177 0.0174308
1178 0.0172612
1179 0.0170898
1180 0.0169166
1181 0.0167418
1182 0.0165654
1183 0.0163875
1184 0.0162082
1185 0.0160276
1186 0.0158458
1187 0.0156628
1188 0.0154788
1189 0.0152938
1190 0.015108
1191 0.0149213
1192 0.014734
1193 0.014546
1194 0.0143575
1195 0.0141685
1196 0.0139791
1197 0.0137895
1198 0.0135996
1199 0.0134096
1200 0.0132195
1201 0.0130295
1202 0.0128395
1203 0.0126497
1204 0.0124602
1205 0.012271
1206 0.0120822
1207 0.0118938
1208 0.0117059
1209 0.0115187
1210 0.0113321
1211 0.0111462
1212 0.0109612
1213 0.0107769
1214 0.0105936
1215 0.0104113
1216 0.01023
1217 0.0100497
1218 0.00987064
1219 0.00969273
1220 0.00951606
1221 0.00934068
1222 0.00916663
1223 0.00899397
1224 0.00882273
1225 0.00865295
1226 0.00848469
1227 0.00831797
1228 0.00815284
1229 0.00798933
1230 0.00782747
1231 0.0076673
1232 0.00750884
1233 0.00735213
1234 0.0071972
1235 0.00704406
1236 0.00689275
1237 0.00674328
1238 0.00659568
1239 0.00644996
1240 0.00630615
1241 0.00616425
1242 0.0060243
1243 0.00588628
1244 0.00575023
1245 0.00561615
1246 0.00548405
1247 0.00535393
1248 0.0052258
1249 0.00509968
1250 0.00497555
1251 0.00485343
1252 0.0047333
1253 0.00461519
1254 0.00449907
1255 0.00438495
1256 0.00427283
1257 0.0041627
1258 0.00405456
1259 0.00394839
1260 0.00384419
1261 0.00374195
1262 0.00364166
1263 0.00354331
1264 0.00344689
1265 0.00335238
1266 0.00325978
1267 0.00316906
1268 0.00308022
1269 0.00299323
1270 0.00290808
1271 0.00282476
1272 0.00274324
1273 0.0026635
1274 0.00258554
1275 0.00250932
1276 0.00243484
1277 0.00236206
1278 0.00229097
1279 0.00222155
1280 0.00215377
1281 0.00208762
1282 0.00202306
1283 0.00196009
1284 0.00189867
1285 0.00183878
1286 0.0017804
1287 0.00172351
1288 0.00166808
1289 0.00161408
1290 0.00156151
1291 0.00151032
1292 0.00146049
1293 0.00141201
1294 0.00136485
1295 0.00131898
1296 0.00127437
1297 0.00123102
1298 0.00118888
1299 0.00114794
1300 0.00110817
1301 0.00106955
1302 0.00103206
1303 0.000995666
1304 0.00096035
1305 0.000926088
1306 0.000892858
1307 0.000860635
1308 0.000829398
1309 0.000799122
1310 0.000769787
1311 0.00074137
1312 0.000713849
1313 0.000687202
1314 0.000661408
1315 0.000636446
1316 0.000612294
1317 0.000588933
1318 0.000566342
1319 0.0005445
1320 0.000523388
1321 0.000502987
1322 0.000483278
1323 0.000464242
1324 0.000445859
1325 0.000428113
1326 0.000410985
1327 0.000394457
1328 0.000378513
1329 0.000363136
1330 0.000348308
1331 0.000334015
1332 0.000320239
1333 0.000306965
1334 0.000294179
1335 0.000281865
1336 0.000270008
1337 0.000258594
1338 0.00024761
1339 0.000237042
1340 0.000226876
1341 0.000217099
1342 0.000207699
1343 0.000198663
1344 0.00018998
1345 0.000181637
1346 0.000173623
1347 0.000165928
1348 0.000158539
1349 0.000151447
1350 0.00014464
1351 0.000138111
1352 0.000131847
1353 0.000125841
1354 0.000120082
1355 0.000114562
1356 0.000109272
1357 0.000104205
1358 9.93504e-05
1359 9.47019e-05
1360 9.02515e-05
1361 8.59917e-05
1362 8.19152e-05
1363 7.80152e-05
1364 7.42849e-05
1365 7.07176e-05
1366 6.73071e-05
1367 6.40473e-05
1368 6.09321e-05
1369 5.7956e-05
1370 5.51133e-05
1371 5.23986e-05
1372 4.9807e-05
1373 4.73332e-05
1374 4.49726e-05
1375 4.27204e-05
1376 4.05723e-05
1377 3.85238e-05
1378 3.65708e-05
1379 3.47092e-05
1380 3.29353e-05
1381 3.12453e-05
1382 2.96355e-05
1383 2.81026e-05
1384 2.66432e-05
1385 2.5254e-05
1386 2.39321e-05
1387 2.26745e-05
1388 2.14782e-05
1389 2.03407e-05
1390 1.92592e-05
1391 1.82312e-05
1392 1.72543e-05
1393 1.63263e-05
1394 1.54447e-05
1395 1.46076e-05
1396 1.38129e-05
1397 1.30585e-05
1398 1.23427e-05
1399 1.16635e-05
1400 1.10193e-05
1401 1.04084e-05
1402 9.82925e-06
1403 9.28028e-06
1404 8.76007e-06
1405 8.2672e-06
1406 7.80037e-06
1407 7.35829e-06
1408 6.93975e-06
1409 6.54358e-06
1410 6.16869e-06
1411 5.814e-06
1412 5.47851e-06
1413 5.16125e-06
1414 4.8613e-06
1415 4.57779e-06
1416 4.30986e-06
1417 4.05674e-06
1418 3.81764e-06
1419 3.59185e-06
1420 3.37868e-06
1421 3.17747e-06
1422 2.98759e-06
1423 2.80844e-06
1424 2.63945e-06
1425 2.4801e-06
1426 2.32985e-06
1427 2.18823e-06
1428 2.05477e-06
1429 1.92903e-06
1430 1.81059e-06
1431 1.69905e-06
1432 1.59404e-06
1433 1.49518e-06
1434 1.40216e-06
1435 1.31463e-06
1436 1.2323e-06
1437 1.15487e-06
1438 1.08207e-06
1439 1.01364e-06
1440 9.49329e-07
1441 8.88904e-07
1442 8.32144e-07
1443 7.78839e-07
1444 7.28789e-07
1445 6.81806e-07
1446 6.37713e-07
1447 5.96341e-07
1448 5.57532e-07
1449 5.21134e-07
1450 4.87006e-07
1451 4.55014e-07
1452 4.2503e-07
1453 3.96936e-07
1454 3.70617e-07
1455 3.45968e-07
1456 3.22887e-07
1457 3.01281e-07
1458 2.81059e-07
1459 2.62136e-07
1460 2.44435e-07
1461 2.27878e-07
1462 2.12397e-07
1463 1.97924e-07
1464 1.84396e-07
1465 1.71756e-07
1466 1.59947e-07
1467 1.48918e-07
1468 1.38618e-07
1469 1.29003e-07
1470 1.20028e-07
1471 1.11653e-07
1472 1.03839e-07
1473 9.65516e-08
1474 8.97556e-08
1475 8.34196e-08
1476 7.75138e-08
1477 7.20103e-08
1478 6.68829e-08
1479 6.21069e-08
1480 5.76592e-08
1481 5.35183e-08
1482 4.96639e-08
1483 4.60769e-08
1484 4.27396e-08
1485 3.96353e-08
1486 3.67483e-08
1487 3.40642e-08
1488 3.15691e-08
1489 2.92504e-08
1490 2.7096e-08
1491 2.50948e-08
1492 2.32362e-08
1493 2.15106e-08
1494 1.99087e-08
1495 1.84221e-08
1496 1.70427e-08
1497 1.57632e-08
1498 1.45765e-08
1499 1.34761e-08
1500 1.24561e-08
1501 1.15108e-08
1502 1.06349e-08
1503 9.82342e-09
1504 9.07189e-09
1505 8.37602e-09
1506 7.73182e-09
1507 7.1356e-09
1508 6.58391e-09
1509 6.07353e-09
1510 5.60148e-09
1511 5.16499e-09
1512 4.76146e-09
1513 4.3885e-09
1514 4.04386e-09
1515 3.72546e-09
1516 3.43138e-09
1517 3.15982e-09
1518 2.90911e-09
1519 2.67771e-09
1520 2.46417e-09
1521 2.26716e-09
1522 2.08544e-09
1523 1.91786e-09
1524 1.76337e-09
1525 1.62096e-09
1526 1.48973e-09
1527 1.36881e-09
1528 1.25744e-09
1529 1.15487e-09
1530 1.06044e-09
1531 9.73515e-10
1532 8.93518e-10
1533 8.19914e-10
1534 7.52208e-10
1535 6.89941e-10
1536 6.32689e-10
1537 5.8006e-10
1538 5.31691e-10
1539 4.87249e-10
1540 4.46423e-10
1541 4.08928e-10
1542 3.74499e-10
1543 3.42893e-10
1544 3.13886e-10
1545 2.87269e-10
1546 2.62851e-10
1547 2.40456e-10
1548 2.1992e-10
1549 2.01094e-10
1550 1.83839e-10
1551 1.68027e-10
1552 1.53541e-10
1553 1.40273e-10
1554 1.28124e-10
1555 1.17001e-10
1556 1.06819e-10
1557 9.75027e-11
1558 8.8979e-11
1559 8.11824e-11
1560 7.40527e-11
1561 6.75341e-11
1562 6.15758e-11
1563 5.61308e-11
1564 5.11559e-11
1565 4.66116e-11
1566 4.24617e-11
1567 3.86726e-11
1568 3.52139e-11
1569 3.20575e-11
1570 2.91775e-11
1571 2.65504e-11
1572 2.41545e-11
1573 2.19699e-11
1574 1.99785e-11
1575 1.81636e-11
1576 1.65099e-11
1577 1.50035e-11
1578 1.36314e-11
1579 1.23822e-11
1580 1.12449e-11
1581 1.02098e-11
1582 9.26799e-12
1583 8.41117e-12
1584 7.63188e-12
1585 6.92326e-12
1586 6.27905e-12
1587 5.69353e-12
1588 5.16146e-12
1589 4.67809e-12
1590 4.23904e-12
1591 3.84036e-12
1592 3.4784e-12
1593 3.14986e-12
1594 2.85172e-12
1595 2.58123e-12
1596 2.33588e-12
1597 2.11339e-12
1598 1.91166e-12
1599 1.72881e-12
1600 1.5631e-12
1601 1.41297e-12
1602 1.27697e-12
1603 1.15381e-12
1604 1.04229e-12
1605 9.4135e-13
1606 8.49994e-13
1607 7.67334e-13
1608 6.9256e-13
1609 6.24934e-13
1610 5.63787e-13
1611 5.0851e-13
1612 4.58552e-13
1613 4.1341e-13
1614 3.7263e-13
1615 3.35798e-13
1616 3.0254e-13
1617 2.72515e-13
1618 2.45416e-13
1619 2.20963e-13
1620 1.98902e-13
1621 1.79004e-13
1622 1.61061e-13
1623 1.44884e-13
1624 1.30304e-13
1625 1.17164e-13
1626 1.05327e-13
1627 9.4664e-14
1628 8.50619e-14
1629 7.64169e-14
1630 6.86352e-14
1631 6.16324e-14
1632 5.53317e-14
1633 4.96642e-14
1634 4.45673e-14
1635 3.99846e-14
1636 3.58652e-14
1637 3.2163e-14
1638 2.88366e-14
1639 2.58486e-14
1640 2.3165e-14
1641 2.07554e-14
1642 1.85923e-14
1643 1.6651e-14
1644 1.4909e-14
1645 1.33464e-14
1646 1.19449e-14
1647 1.06882e-14
1648 9.56154e-15
1649 8.55179e-15
1650 7.64697e-15
1651 6.83638e-15
1652 6.11035e-15
1653 5.46022e-15
1654 4.87818e-15
1655 4.35722e-15
1656 3.89104e-15
1657 3.47396e-15
1658 3.1009e-15
1659 2.76729e-15
1660 2.46902e-15
1661 2.20242e-15
1662 1.96416e-15
1663 1.7513e-15
1664 1.56115e-15
1665 1.39134e-15
1666 1.23973e-15
1667 1.1044e-15
1668 9.83618e-16
1669 8.75853e-16
1670 7.79722e-16
1671 6.93988e-16
1672 6.17544e-16
1673 5.49399e-16
1674 4.88665e-16
1675 4.34549e-16
1676 3.8634e-16
1677 3.43403e-16
1678 3.05171e-16
1679 2.71135e-16
1680 2.40841e-16
1681 2.13885e-16
1682 1.89904e-16
1683 1.68574e-16
1684 1.49607e-16
1685 1.32744e-16
1686 1.17756e-16
1687 1.04437e-16
1688 9.26038e-17
1689 8.20932e-17
1690 7.27594e-17
1691 6.44725e-17
1692 5.71168e-17
1693 5.05891e-17
1694 4.47974e-17
1695 3.966e-17
1696 3.51039e-17
1697 3.10644e-17
1698 2.74836e-17
1699 2.43101e-17
1700 2.14983e-17
1701 1.90075e-17
1702 1.68015e-17
1703 1.48483e-17
1704 1.31192e-17
1705 1.15889e-17
1706 1.02348e-17
1707 9.03698e-18
1708 7.97753e-18
1709 7.04072e-18
1710 6.21254e-18
1711 5.48056e-18
1712 4.83375e-18
1713 4.26233e-18
1714 3.75763e-18
1715 3.31195e-18
1716 2.91848e-18
1717 2.57119e-18
1718 2.26472e-18
1719 1.99433e-18
1720 1.75584e-18
1721 1.54553e-18
1722 1.3601e-18
1723 1.19666e-18
1724 1.05262e-18
1725 9.25712e-19
1726 8.13925e-19
1727 7.15479e-19
1728 6.288e-19
1729 5.52499e-19
1730 4.8535e-19
1731 4.26266e-19
1732 3.74292e-19
1733 3.28582e-19
1734 2.88391e-19
1735 2.53059e-19
1736 2.22006e-19
1737 1.94721e-19
1738 1.70751e-19
1739 1.49699e-19
1740 1.31213e-19
1741 1.14984e-19
1742 1.0074e-19
1743 8.8241e-20
1744 7.72755e-20
1745 6.76576e-20
1746 5.92236e-20
1747 5.18295e-20
1748 4.53484e-20
1749 3.96689e-20
1750 3.4693e-20
1751 3.03345e-20
1752 2.65177e-20
1753 2.3176e-20
1754 2.02508e-20
1755 1.7691e-20
1756 1.54512e-20
1757 1.34921e-20
1758 1.17787e-20
1759 1.02806e-20
1760 8.97104e-21
1761 7.82656e-21
1762 6.82656e-21
1763 5.95301e-21
1764 5.19008e-21
1765 4.52393e-21
1766 3.94239e-21
1767 3.43485e-21
1768 2.99197e-21
1769 2.60562e-21
1770 2.26866e-21
1771 1.97483e-21
1772 1.71867e-21
1773 1.49541e-21
1774 1.30086e-21
1775 1.13137e-21
1776 9.83739e-22
1777 8.55184e-22
1778 7.43263e-22
1779 6.45846e-22
1780 5.61072e-22
1781 4.87317e-22
1782 4.23163e-22
1783 3.67373e-22
1784 3.18867e-22
1785 2.76704e-22
1786 2.40062e-22
1787 2.08227e-22
1788 1.80573e-22
1789 1.56556e-22
1790 1.35704e-22
1791 1.17603e-22
1792 1.01893e-22
1793 8.82628e-23
1794 7.64386e-23
1795 6.61837e-23
1796 5.72918e-23
1797 4.95835e-23
1798 4.29027e-23
1799 3.71138e-23
1800 3.20989e-23
1801 2.77554e-23
1802 2.39943e-23
1803 2.07382e-23
1804 1.792e-23
1805 1.54813e-23
1806 1.33715e-23
1807 1.15467e-23
1808 9.96863e-24
1809 8.60434e-24
1810 7.42511e-24
1811 6.40606e-24
1812 5.52564e-24
1813 4.76515e-24
1814 4.10841e-24
1815 3.54139e-24
1816 3.05195e-24
1817 2.62957e-24
1818 2.26513e-24
1819 1.95077e-24
1820 1.67966e-24
1821 1.4459e-24
1822 1.2444e-24
1823 1.07074e-24
1824 9.21108e-25
1825 7.9221e-25
1826 6.81197e-25
1827 5.8561e-25
1828 5.03323e-25
1829 4.32502e-25
1830 3.71563e-25
1831 3.19139e-25
1832 2.7405e-25
1833 2.35279e-25
1834 2.01948e-25
1835 1.733e-25
1836 1.48682e-25
1837 1.27533e-25
1838 1.09368e-25
1839 9.37695e-26
1840 8.03775e-26
1841 6.88828e-26
1842 5.90187e-26
1843 5.05559e-26
1844 4.32968e-26
1845 3.70718e-26
1846 3.17347e-26
1847 2.71599e-26
1848 2.32394e-26
1849 1.98803e-26
1850 1.7003e-26
1851 1.45389e-26
1852 1.2429e-26
1853 1.0623e-26
1854 9.07741e-27
1855 7.75494e-27
1856 6.62365e-27
1857 5.65613e-27
1858 4.82886e-27
1859 4.12166e-27
1860 3.51724e-27
1861 3.00079e-27
1862 2.5596e-27
1863 2.18278e-27
1864 1.86102e-27
1865 1.58634e-27
1866 1.35189e-27
1867 1.15184e-27
1868 9.81171e-28
1869 8.35602e-28
1870 7.11471e-28
1871 6.05644e-28
1872 5.15442e-28
1873 4.38577e-28
1874 3.7309e-28
1875 3.1731e-28
1876 2.6981e-28
1877 2.29368e-28
1878 1.94945e-28
1879 1.65651e-28
1880 1.40727e-28
1881 1.19526e-28
1882 1.01496e-28
1883 8.61671e-29
1884 7.31366e-29
1885 6.20627e-29
1886 5.26537e-29
1887 4.46612e-29
1888 3.78733e-29
1889 3.21099e-29
1890 2.72175e-29
1891 2.30653e-29
1892 1.95421e-29
1893 1.65534e-29
1894 1.40186e-29
1895 1.18693e-29
1896 1.00473e-29
1897 8.50302e-30
1898 7.1945e-30
1899 6.08599e-30
1900 5.14711e-30
1901 4.3521e-30
1902 3.67905e-30
1903 3.10939e-30
1904 2.62735e-30
1905 2.21954e-30
1906 1.8746e-30
1907 1.58292e-30
1908 1.33632e-30
1909 1.12789e-30
1910 9.51747e-31
1911 8.02936e-31
1912 6.77239e-31
1913 5.71091e-31
1914 4.81473e-31
1915 4.05826e-31
1916 3.41988e-31
1917 2.88127e-31
1918 2.42694e-31
1919 2.04379e-31
1920 1.72075e-31
1921 1.44844e-31
1922 1.21894e-31
1923 1.02558e-31
1924 8.62699e-32
1925 7.25522e-32
1926 6.1002e-32
1927 5.1279e-32
1928 4.3096e-32
1929 3.62107e-32
1930 3.04185e-32
1931 2.55471e-32
1932 2.1451e-32
1933 1.80076e-32
1934 1.51136e-32
1935 1.26818e-32
1936 1.06388e-32
1937 8.92297e-33
1938 7.48216e-33
1939 6.2726e-33
1940 5.25738e-33
1941 4.40548e-33
1942 3.69079e-33
1943 3.09134e-33
1944 2.58867e-33
1945 2.16725e-33
1946 1.81402e-33
1947 1.51802e-33
1948 1.27003e-33
1949 1.06231e-33
1950 8.88371e-34
1951 7.42741e-34
1952 6.20843e-34
1953 5.18833e-34
1954 4.33486e-34
1955 3.62098e-34
1956 3.02397e-34
1957 2.52483e-34
1958 2.10759e-34
1959 1.75891e-34
1960 1.46758e-34
1961 1.22423e-34
1962 1.021e-34
1963 8.51314e-35
1964 7.0967e-35
1965 5.91458e-35
1966 4.92826e-35
1967 4.1055e-35
1968 3.41931e-35
1969 2.84717e-35
1970 2.37022e-35
1971 1.97273e-35
1972 1.64153e-35
1973 1.36562e-35
1974 1.13583e-35
1975 9.44494e-36
1976 7.8521e-36
1977 6.52637e-36
1978 5.42328e-36
1979 4.50564e-36
1980 3.7424e-36
1981 3.10772e-36
1982 2.58011e-36
1983 2.1416e-36
1984 1.7772e-36
1985 1.47447e-36
1986 1.22303e-36
1987 1.01425e-36
1988 8.40913e-37
1989 6.97036e-37
1990 5.77645e-37
1991 4.78597e-37
1992 3.96447e-37
1993 3.2832e-37
1994 2.71836e-37
1995 2.25021e-37
1996 1.86227e-37
1997 1.54085e-37
1998 1.2746e-37
1999 1.05413e-37
2000 8.71612e-38
2001 7.20521e-38
2002 5.95482e-38
2003 4.92036e-38
2004 4.06472e-38
2005 3.35709e-38
2006 2.772e-38
2007 2.28838e-38
2008 1.88874e-38
2009 1.55854e-38
2010 1.28576e-38
2011 1.0605e-38
2012 8.7453e-39
2013 7.2101e-39
2014 5.94314e-39
2015 4.89772e-39
2016 4.03541e-39
2017 3.32429e-39
2018 2.73792e-39
2019 2.25456e-39
2020 1.85622e-39
2021 1.52803e-39
2022 1.25767e-39
2023 1.03499e-39
2024 8.51661e-40
2025 7.00749e-40
2026 5.76544e-40
2027 4.74347e-40
2028 3.90283e-40
2029 3.2115e-40
2030 2.64304e-40
2031 2.17576e-40
2032 1.79173e-40
2033 1.47624e-40
2034 1.21709e-40
2035 1.00428e-40
2036 8.29597e-41
2037 6.86244e-41
2038 5.68656e-41
2039 4.72247e-41
2040 3.93251e-41
2041 3.28575e-41
2042 2.75683e-41
2043 2.32496e-41
2044 1.97309e-41
2045 1.6873e-41
2046 1.45632e-41
2047 1.27099e-41
