0 1.6359e-35
1 1.37945e-35
2 1.17425e-35
3 1.0137e-35
4 8.92732e-36
5 8.07546e-36
6 7.55183e-36
7 7.33883e-36
8 7.42814e-36
9 7.81904e-36
10 8.52118e-36
11 9.55471e-36
12 1.0947e-35
13 1.2736e-35
14 1.49739e-35
15 1.77229e-35
16 2.10601e-35
17 2.50838e-35
18 2.99091e-35
19 3.56676e-35
20 4.25199e-35
21 5.06644e-35
22 6.0345e-35
23 7.18209e-35
24 8.54039e-35
25 1.01502e-34
26 1.20557e-34
27 1.43085e-34
28 1.69726e-34
29 2.01214e-34
30 2.38447e-34
31 2.82456e-34
32 3.34412e-34
33 3.95809e-34
34 4.68295e-34
35 5.53815e-34
36 6.54761e-34
37 7.739e-34
38 9.14448e-34
39 1.0802e-33
40 1.27568e-33
41 1.50606e-33
42 1.77764e-33
43 2.09764e-33
44 2.47469e-33
45 2.91887e-33
46 3.44183e-33
47 4.05741e-33
48 4.78213e-33
49 5.63519e-33
50 6.63863e-33
51 7.81877e-33
52 9.20691e-33
53 1.08395e-32
54 1.27584e-32
55 1.50137e-32
56 1.76631e-32
57 2.07764e-32
58 2.44325e-32
59 2.87237e-32
60 3.37661e-32
61 3.96825e-32
62 4.66208e-32
63 5.47656e-32
64 6.43174e-32
65 7.55169e-32
66 8.86531e-32
67 1.0405e-31
68 1.22087e-31
69 1.4322e-31
70 1.6798e-31
71 1.96981e-31
72 2.30927e-31
73 2.70673e-31
74 3.17179e-31
75 3.71578e-31
76 4.35247e-31
77 5.09697e-31
78 5.96755e-31
79 6.98557e-31
80 8.17494e-31
81 9.56456e-31
82 1.11885e-30
83 1.3085e-30
84 1.52991e-30
85 1.78851e-30
86 2.09029e-30
87 2.44242e-30
88 2.85329e-30
89 3.3325e-30
90 3.89143e-30
91 4.54302e-30
92 5.30258e-30
93 6.18773e-30
94 7.21903e-30
95 8.42051e-30
96 9.81976e-30
97 1.14489e-29
98 1.33456e-29
99 1.55528e-29
100 1.81211e-29
101 2.11093e-29
102 2.45848e-29
103 2.86261e-29
104 3.33245e-29
105 3.87857e-29
106 4.51316e-29
107 5.25049e-29
108 6.10689e-29
109 7.10144e-29
110 8.25627e-29
111 9.59673e-29
112 1.11523e-28
113 1.29572e-28
114 1.50511e-28
115 1.74794e-28
116 2.02951e-28
117 2.35592e-28
118 2.73423e-28
119 3.17262e-28
120 3.68044e-28
121 4.26862e-28
122 4.94975e-28
123 5.73828e-28
124 6.65103e-28
125 7.70721e-28
126 8.92914e-28
127 1.03427e-27
128 1.1977e-27
129 1.38668e-27
130 1.60513e-27
131 1.85755e-27
132 2.14924e-27
133 2.48616e-27
134 2.87527e-27
135 3.32454e-27
136 3.84317e-27
137 4.44174e-27
138 5.13238e-27
139 5.92914e-27
140 6.84803e-27
141 7.9076e-27
142 9.12911e-27
143 1.0537e-26
144 1.21595e-26
145 1.40285e-26
146 1.61813e-26
147 1.86605e-26
148 2.15147e-26
149 2.48002e-26
150 2.85813e-26
151 3.29314e-26
152 3.79354e-26
153 4.36902e-26
154 5.0307e-26
155 5.79134e-26
156 6.66555e-26
157 7.67004e-26
158 8.82396e-26
159 1.01493e-25
160 1.16713e-25
161 1.34185e-25
162 1.54238e-25
163 1.77251e-25
164 2.03654e-25
165 2.33937e-25
166 2.68667e-25
167 3.08485e-25
168 3.54126e-25
169 4.06434e-25
170 4.66365e-25
171 5.35018e-25
172 6.13644e-25
173 7.03671e-25
174 8.06731e-25
175 9.24683e-25
176 1.05965e-24
177 1.21405e-24
178 1.39064e-24
179 1.59258e-24
180 1.82343e-24
181 2.0873e-24
182 2.38882e-24
183 2.7333e-24
184 3.12678e-24
185 3.57611e-24
186 4.0891e-24
187 4.67467e-24
188 5.34291e-24
189 6.10534e-24
190 6.97503e-24
191 7.96685e-24
192 9.09771e-24
193 1.03868e-23
194 1.18559e-23
195 1.35299e-23
196 1.54369e-23
197 1.76087e-23
198 2.00817e-23
199 2.2897e-23
200 2.61013e-23
201 2.97474e-23
202 3.38956e-23
203 3.86137e-23
204 4.3979e-23
205 5.00788e-23
206 5.70123e-23
207 6.48917e-23
208 7.38441e-23
209 8.40131e-23
210 9.55619e-23
211 1.08675e-22
212 1.2356e-22
213 1.40454e-22
214 1.59623e-22
215 1.8137e-22
216 2.06034e-22
217 2.34003e-22
218 2.6571e-22
219 3.01649e-22
220 3.42375e-22
221 3.88516e-22
222 4.40779e-22
223 4.99966e-22
224 5.66977e-22
225 6.42832e-22
226 7.28677e-22
227 8.25807e-22
228 9.35683e-22
229 1.05995e-21
230 1.20045e-21
231 1.35929e-21
232 1.53881e-21
233 1.74166e-21
234 1.97082e-21
235 2.22965e-21
236 2.52192e-21
237 2.85187e-21
238 3.22429e-21
239 3.64454e-21
240 4.11867e-21
241 4.65345e-21
242 5.25652e-21
243 5.93645e-21
244 6.70284e-21
245 7.56651e-21
246 8.53959e-21
247 9.6357e-21
248 1.08701e-20
249 1.22599e-20
250 1.38245e-20
251 1.55852e-20
252 1.75663e-20
253 1.97949e-20
254 2.23014e-20
255 2.51197e-20
256 2.82881e-20
257 3.1849e-20
258 3.58505e-20
259 4.03458e-20
260 4.53949e-20
261 5.10649e-20
262 5.74305e-20
263 6.45757e-20
264 7.25941e-20
265 8.15906e-20
266 9.16821e-20
267 1.03e-19
268 1.15689e-19
269 1.29915e-19
270 1.45858e-19
271 1.63722e-19
272 1.83735e-19
273 2.0615e-19
274 2.31251e-19
275 2.59351e-19
276 2.90805e-19
277 3.26003e-19
278 3.65384e-19
279 4.09433e-19
280 4.58696e-19
281 5.13775e-19
282 5.75344e-19
283 6.44154e-19
284 7.21038e-19
285 8.06926e-19
286 9.02849e-19
287 1.00996e-18
288 1.12953e-18
289 1.26298e-18
290 1.4119e-18
291 1.57803e-18
292 1.76333e-18
293 1.96995e-18
294 2.20031e-18
295 2.45707e-18
296 2.74319e-18
297 3.06196e-18
298 3.41701e-18
299 3.81241e-18
300 4.25262e-18
301 4.74261e-18
302 5.2879e-18
303 5.89458e-18
304 6.56941e-18
305 7.3199e-18
306 8.15431e-18
307 9.08184e-18
308 1.01126e-17
309 1.1258e-17
310 1.25302e-17
311 1.39432e-17
312 1.55121e-17
313 1.72538e-17
314 1.91868e-17
315 2.13317e-17
316 2.37112e-17
317 2.63503e-17
318 2.92769e-17
319 3.25214e-17
320 3.61177e-17
321 4.01029e-17
322 4.45183e-17
323 4.94092e-17
324 5.48257e-17
325 6.08229e-17
326 6.74617e-17
327 7.48091e-17
328 8.29391e-17
329 9.1933e-17
330 1.01881e-16
331 1.12881e-16
332 1.25042e-16
333 1.38484e-16
334 1.53339e-16
335 1.69751e-16
336 1.87881e-16
337 2.07902e-16
338 2.30009e-16
339 2.54412e-16
340 2.81345e-16
341 3.11063e-16
342 3.43847e-16
343 3.80005e-16
344 4.19877e-16
345 4.63833e-16
346 5.12282e-16
347 5.65669e-16
348 6.24487e-16
349 6.89271e-16
350 7.60612e-16
351 8.39156e-16
352 9.25609e-16
353 1.02075e-15
354 1.12542e-15
355 1.24055e-15
356 1.36716e-15
357 1.50636e-15
358 1.65937e-15
359 1.82752e-15
360 2.01226e-15
361 2.21518e-15
362 2.43803e-15
363 2.6827e-15
364 2.95127e-15
365 3.246e-15
366 3.56936e-15
367 3.92407e-15
368 4.31307e-15
369 4.73957e-15
370 5.2071e-15
371 5.71947e-15
372 6.28086e-15
373 6.89583e-15
374 7.56934e-15
375 8.3068e-15
376 9.11411e-15
377 9.99768e-15
378 1.09645e-14
379 1.20222e-14
380 1.31791e-14
381 1.44442e-14
382 1.58273e-14
383 1.73392e-14
384 1.89913e-14
385 2.07965e-14
386 2.27684e-14
387 2.49221e-14
388 2.72736e-14
389 2.98408e-14
390 3.26429e-14
391 3.57005e-14
392 3.90364e-14
393 4.26752e-14
394 4.66434e-14
395 5.09702e-14
396 5.56867e-14
397 6.08271e-14
398 6.64283e-14
399 7.25303e-14
400 7.91764e-14
401 8.64136e-14
402 9.42929e-14
403 1.02869e-13
404 1.12202e-13
405 1.22357e-13
406 1.33402e-13
407 1.45414e-13
408 1.58474e-13
409 1.72671e-13
410 1.881e-13
411 2.04863e-13
412 2.23073e-13
413 2.4285e-13
414 2.64322e-13
415 2.87631e-13
416 3.12926e-13
417 3.40372e-13
418 3.70143e-13
419 4.0243e-13
420 4.37435e-13
421 4.7538e-13
422 5.165e-13
423 5.6105e-13
424 6.09307e-13
425 6.61564e-13
426 7.1814e-13
427 7.79377e-13
428 8.45644e-13
429 9.17336e-13
430 9.9488e-13
431 1.07873e-12
432 1.16938e-12
433 1.26737e-12
434 1.37325e-12
435 1.48763e-12
436 1.61119e-12
437 1.7446e-12
438 1.88864e-12
439 2.04412e-12
440 2.2119e-12
441 2.39292e-12
442 2.58818e-12
443 2.79876e-12
444 3.02581e-12
445 3.27057e-12
446 3.53436e-12
447 3.81862e-12
448 4.12486e-12
449 4.45471e-12
450 4.80994e-12
451 5.19241e-12
452 5.60413e-12
453 6.04725e-12
454 6.52408e-12
455 7.03707e-12
456 7.58888e-12
457 8.18231e-12
458 8.82038e-12
459 9.50632e-12
460 1.02436e-11
461 1.10358e-11
462 1.1887e-11
463 1.28014e-11
464 1.37833e-11
465 1.48377e-11
466 1.59695e-11
467 1.71844e-11
468 1.8488e-11
469 1.98866e-11
470 2.13867e-11
471 2.29954e-11
472 2.47202e-11
473 2.65689e-11
474 2.85502e-11
475 3.06729e-11
476 3.29466e-11
477 3.53815e-11
478 3.79884e-11
479 4.07788e-11
480 4.37648e-11
481 4.69593e-11
482 5.0376e-11
483 5.40294e-11
484 5.7935e-11
485 6.2109e-11
486 6.65687e-11
487 7.13323e-11
488 7.64193e-11
489 8.18501e-11
490 8.76464e-11
491 9.3831e-11
492 1.00428e-10
493 1.07464e-10
494 1.14965e-10
495 1.2296e-10
496 1.3148e-10
497 1.40555e-10
498 1.50221e-10
499 1.60512e-10
500 1.71467e-10
501 1.83126e-10
502 1.95529e-10
503 2.08722e-10
504 2.22752e-10
505 2.37668e-10
506 2.53522e-10
507 2.7037e-10
508 2.8827e-10
509 3.07282e-10
510 3.27474e-10
511 3.48912e-10
512 3.71669e-10
513 3.95822e-10
514 4.21451e-10
515 4.48641e-10
516 4.77484e-10
517 5.08072e-10
518 5.40507e-10
519 5.74894e-10
520 6.11345e-10
521 6.49977e-10
522 6.90914e-10
523 7.34288e-10
524 7.80236e-10
525 8.28904e-10
526 8.80445e-10
527 9.3502e-10
528 9.928e-10
529 1.05396e-09
530 1.1187e-09
531 1.1872e-09
532 1.25969e-09
533 1.33637e-09
534 1.41748e-09
535 1.50326e-09
536 1.59396e-09
537 1.68984e-09
538 1.7912e-09
539 1.89831e-09
540 2.01148e-09
541 2.13104e-09
542 2.25731e-09
543 2.39064e-09
544 2.53141e-09
545 2.67997e-09
546 2.83674e-09
547 3.00212e-09
548 3.17654e-09
549 3.36044e-09
550 3.55429e-09
551 3.75857e-09
552 3.97377e-09
553 4.20041e-09
554 4.43902e-09
555 4.69016e-09
556 4.9544e-09
557 5.23233e-09
558 5.52455e-09
559 5.83171e-09
560 6.15444e-09
561 6.49343e-09
562 6.84935e-09
563 7.22292e-09
564 7.61488e-09
565 8.02598e-09
566 8.45699e-09
567 8.90872e-09
568 9.38198e-09
569 9.87762e-09
570 1.03965e-08
571 1.09396e-08
572 1.15077e-08
573 1.21018e-08
574 1.2723e-08
575 1.33721e-08
576 1.40503e-08
577 1.47586e-08
578 1.54982e-08
579 1.62701e-08
580 1.70756e-08
581 1.79159e-08
582 1.87923e-08
583 1.97061e-08
584 2.06586e-08
585 2.16514e-08
586 2.26858e-08
587 2.37635e-08
588 2.4886e-08
589 2.60551e-08
590 2.72724e-08
591 2.854e-08
592 2.98596e-08
593 3.12333e-08
594 3.26633e-08
595 3.41517e-08
596 3.57009e-08
597 3.73132e-08
598 3.89914e-08
599 4.0738e-08
600 4.25559e-08
601 4.4448e-08
602 4.64174e-08
603 4.84673e-08
604 5.06011e-08
605 5.28224e-08
606 5.51348e-08
607 5.75422e-08
608 6.00486e-08
609 6.26582e-08
610 6.53752e-08
611 6.82044e-08
612 7.11502e-08
613 7.42176e-08
614 7.74115e-08
615 8.07371e-08
616 8.41997e-08
617 8.78047e-08
618 9.15578e-08
619 9.54646e-08
620 9.95309e-08
621 1.03763e-07
622 1.08166e-07
623 1.12747e-07
624 1.17511e-07
625 1.22465e-07
626 1.27616e-07
627 1.32968e-07
628 1.38529e-07
629 1.44304e-07
630 1.503e-07
631 1.56521e-07
632 1.62975e-07
633 1.69666e-07
634 1.766e-07
635 1.83781e-07
636 1.91216e-07
637 1.98907e-07
638 2.0686e-07
639 2.15078e-07
640 2.23564e-07
641 2.32321e-07
642 2.41353e-07
643 2.5066e-07
644 2.60244e-07
645 2.70106e-07
646 2.80246e-07
647 2.90664e-07
648 3.01358e-07
649 3.12328e-07
650 3.23571e-07
651 3.35084e-07
652 3.46863e-07
653 3.58904e-07
654 3.71203e-07
655 3.83753e-07
656 3.96549e-07
657 4.09584e-07
658 4.2285e-07
659 4.36341e-07
660 4.50047e-07
661 4.6396e-07
662 4.78072e-07
663 4.92372e-07
664 5.06852e-07
665 5.21503e-07
666 5.36314e-07
667 5.51278e-07
668 5.66383e-07
669 5.81623e-07
670 5.96988e-07
671 6.12472e-07
672 6.28067e-07
673 6.43767e-07
674 6.59568e-07
675 6.75466e-07
676 6.91458e-07
677 7.07544e-07
678 7.23725e-07
679 7.40003e-07
680 7.56384e-07
681 7.72875e-07
682 7.89484e-07
683 8.06224e-07
684 8.23108e-07
685 8.40156e-07
686 8.57386e-07
687 8.74822e-07
688 8.92491e-07
689 9.10421e-07
690 9.28648e-07
691 9.47206e-07
692 9.66136e-07
693 9.85482e-07
694 1.00529e-06
695 1.02561e-06
696 1.0465e-06
697 1.06802e-06
698 1.09022e-06
699 1.11317e-06
700 1.13694e-06
701 1.1616e-06
702 1.18722e-06
703 1.21388e-06
704 1.24166e-06
705 1.27063e-06
706 1.30088e-06
707 1.3325e-06
708 1.36556e-06
709 1.40015e-06
710 1.43637e-06
711 1.47428e-06
712 1.51398e-06
713 1.55556e-06
714 1.59908e-06
715 1.64464e-06
716 1.69231e-06
717 1.74215e-06
718 1.79424e-06
719 1.84865e-06
720 1.90543e-06
721 1.96462e-06
722 2.02629e-06
723 2.09046e-06
724 2.15716e-06
725 2.22642e-06
726 2.29824e-06
727 2.37264e-06
728 2.44959e-06
729 2.52907e-06
730 2.61107e-06
731 2.69552e-06
732 2.78237e-06
733 2.87155e-06
734 2.96297e-06
735 3.05654e-06
736 3.15213e-06
737 3.24962e-06
738 3.34887e-06
739 3.44971e-06
740 3.55196e-06
741 3.65545e-06
742 3.75995e-06
743 3.86525e-06
744 3.97112e-06
745 4.07729e-06
746 4.18351e-06
747 4.28949e-06
748 4.39494e-06
749 4.49955e-06
750 4.60301e-06
751 4.70498e-06
752 4.80513e-06
753 4.9031e-06
754 4.99854e-06
755 5.09108e-06
756 5.18036e-06
757 5.26599e-06
758 5.34761e-06
759 5.42482e-06
760 5.49725e-06
761 5.56453e-06
762 5.62627e-06
763 5.68211e-06
764 5.73168e-06
765 5.77464e-06
766 5.81064e-06
767 5.83935e-06
768 5.86046e-06
769 5.87367e-06
770 5.8787e-06
771 5.87529e-06
772 5.8632e-06
773 5.84224e-06
774 5.81221e-06
775 5.77296e-06
776 5.72438e-06
777 5.66637e-06
778 5.59887e-06
779 5.52187e-06
780 5.4354e-06
781 5.3395e-06
782 5.2343e-06
783 5.11992e-06
784 4.99657e-06
785 4.86448e-06
786 4.72394e-06
787 4.57527e-06
788 4.41886e-06
789 4.25515e-06
790 4.08462e-06
791 3.90779e-06
792 3.72526e-06
793 3.53767e-06
794 3.34569e-06
795 3.15009e-06
796 2.95164e-06
797 2.7512e-06
798 2.54965e-06
799 2.34795e-06
800 2.14709e-06
801 1.94811e-06
802 1.75209e-06
803 1.56018e-06
804 1.37355e-06
805 1.19343e-06
806 1.02106e-06
807 8.57763e-07
808 7.04862e-07
809 5.6373e-07
810 4.35769e-07
811 3.22411e-07
812 2.25115e-07
813 1.45363e-07
814 8.46604e-08
815 4.45307e-08
816 2.65136e-08
817 3.2162e-08
818 6.30392e-08
819 1.20716e-07
820 2.06767e-07
821 3.22769e-07
822 4.70297e-07
823 6.50921e-07
824 8.66206e-07
825 1.1177e-06
826 1.40695e-06
827 1.73548e-06
828 2.1048e-06
829 2.51638e-06
830 2.9717e-06
831 3.47219e-06
832 4.01926e-06
833 4.61429e-06
834 5.25863e-06
835 5.95359e-06
836 6.70045e-06
837 7.50047e-06
838 8.35484e-06
839 9.26473e-06
840 1.02313e-05
841 1.12556e-05
842 1.23387e-05
843 1.34816e-05
844 1.46853e-05
845 1.59507e-05
846 1.72787e-05
847 1.86702e-05
848 2.0126e-05
849 2.16468e-05
850 2.32335e-05
851 2.48867e-05
852 2.66071e-05
853 2.83954e-05
854 3.02523e-05
855 3.21783e-05
856 3.41741e-05
857 3.62402e-05
858 3.83772e-05
859 4.05856e-05
860 4.28661e-05
861 4.52191e-05
862 4.76453e-05
863 5.01451e-05
864 5.27193e-05
865 5.53683e-05
866 5.80929e-05
867 6.08936e-05
868 6.37711e-05
869 6.67262e-05
870 6.97596e-05
871 7.28722e-05
872 7.60648e-05
873 7.93383e-05
874 8.26938e-05
875 8.61323e-05
876 8.9655e-05
877 9.32631e-05
878 9.69579e-05
879 0.000100741
880 0.000104614
881 0.000108578
882 0.000112635
883 0.000116787
884 0.000121036
885 0.000125384
886 0.000129833
887 0.000134386
888 0.000139045
889 0.000143814
890 0.000148694
891 0.000153689
892 0.000158802
893 0.000164036
894 0.000169396
895 0.000174884
896 0.000180505
897 0.000186262
898 0.00019216
899 0.000198204
900 0.000204399
901 0.000210748
902 0.000217257
903 0.000223932
904 0.000230778
905 0.000237801
906 0.000245006
907 0.000252401
908 0.00025999
909 0.000267782
910 0.000275782
911 0.000283998
912 0.000292437
913 0.000301107
914 0.000310015
915 0.00031917
916 0.000328579
917 0.000338251
918 0.000348194
919 0.000358418
920 0.000368931
921 0.000379743
922 0.000390864
923 0.000402302
924 0.000414068
925 0.000426173
926 0.000438626
927 0.000451438
928 0.000464621
929 0.000478184
930 0.000492139
931 0.000506498
932 0.000521272
933 0.000536472
934 0.000552112
935 0.000568203
936 0.000584756
937 0.000601786
938 0.000619304
939 0.000637323
940 0.000655857
941 0.000674917
942 0.000694519
943 0.000714674
944 0.000735397
945 0.000756701
946 0.000778601
947 0.000801109
948 0.000824241
949 0.000848009
950 0.000872429
951 0.000897515
952 0.000923281
953 0.000949742
954 0.000976912
955 0.00100481
956 0.00103344
957 0.00106283
958 0.00109298
959 0.00112392
960 0.00115565
961 0.0011882
962 0.00122158
963 0.0012558
964 0.00129087
965 0.00132682
966 0.00136366
967 0.00140139
968 0.00144005
969 0.00147963
970 0.00152017
971 0.00156166
972 0.00160413
973 0.00164758
974 0.00169205
975 0.00173753
976 0.00178404
977 0.0018316
978 0.00188022
979 0.00192991
980 0.00198069
981 0.00203257
982 0.00208557
983 0.00213969
984 0.00219495
985 0.00225137
986 0.00230894
987 0.0023677
988 0.00242764
989 0.00248879
990 0.00255114
991 0.00261472
992 0.00267953
993 0.00274558
994 0.00281288
995 0.00288145
996 0.00295129
997 0.00302242
998 0.00309483
999 0.00316854
1000 0.00324355
1001 0.00331988
1002 0.00339753
1003 0.00347651
1004 0.00355681
1005 0.00363846
1006 0.00372145
1007 0.00380579
1008 0.00389147
1009 0.00397852
1010 0.00406692
1011 0.00415668
1012 0.00424781
1013 0.0043403
1014 0.00443415
1015 0.00452937
1016 0.00462595
1017 0.0047239
1018 0.00482321
1019 0.00492387
1020 0.00502589
1021 0.00512927
1022 0.00523399
1023 0.00534005
1024 0.00544745
1025 0.00555618
1026 0.00566623
1027 0.00577759
1028 0.00589026
1029 0.00600423
1030 0.00611948
1031 0.006236
1032 0.00635379
1033 0.00647283
1034 0.0065931
1035 0.00671459
1036 0.00683729
1037 0.00696118
1038 0.00708624
1039 0.00721245
1040 0.0073398
1041 0.00746827
1042 0.00759784
1043 0.00772848
1044 0.00786018
1045 0.0079929
1046 0.00812663
1047 0.00826135
1048 0.00839702
1049 0.00853362
1050 0.00867113
1051 0.00880951
1052 0.00894873
1053 0.00908877
1054 0.0092296
1055 0.00937118
1056 0.00951348
1057 0.00965648
1058 0.00980012
1059 0.00994438
1060 0.0100892
1061 0.0102346
1062 0.0103805
1063 0.0105269
1064 0.0106737
1065 0.0108209
1066 0.0109685
1067 0.0111163
1068 0.0112645
1069 0.0114128
1070 0.0115614
1071 0.01171
1072 0.0118588
1073 0.0120077
1074 0.0121565
1075 0.0123053
1076 0.012454
1077 0.0126025
1078 0.0127509
1079 0.012899
1080 0.0130469
1081 0.0131944
1082 0.0133415
1083 0.0134882
1084 0.0136344
1085 0.0137801
1086 0.0139252
1087 0.0140696
1088 0.0142134
1089 0.0143564
1090 0.0144986
1091 0.0146399
1092 0.0147804
1093 0.0149199
1094 0.0150583
1095 0.0151957
1096 0.015332
1097 0.0154671
1098 0.015601
1099 0.0157336
1100 0.0158649
1101 0.0159948
1102 0.0161232
1103 0.0162502
1104 0.0163756
1105 0.0164994
1106 0.0166216
1107 0.016742
1108 0.0168607
1109 0.0169776
1110 0.0170927
1111 0.0172058
1112 0.017317
1113 0.0174262
1114 0.0175333
1115 0.0176384
1116 0.0177412
1117 0.0178419
1118 0.0179404
1119 0.0180366
1120 0.0181304
1121 0.0182219
1122 0.018311
1123 0.0183976
1124 0.0184817
1125 0.0185633
1126 0.0186423
1127 0.0187187
1128 0.0187925
1129 0.0188635
1130 0.0189319
1131 0.0189975
1132 0.0190603
1133 0.0191203
1134 0.0191775
1135 0.0192318
1136 0.0192832
1137 0.0193317
1138 0.0193772
1139 0.0194197
1140 0.0194593
1141 0.0194959
1142 0.0195294
1143 0.0195598
1144 0.0195872
1145 0.0196115
1146 0.0196327
1147 0.0196508
1148 0.0196658
1149 0.0196777
1150 0.0196864
1151 0.019692
1152 0.0196944
1153 0.0196937
1154 0.0196898
1155 0.0196828
1156 0.0196726
1157 0.0196593
1158 0.0196428
1159 0.0196232
1160 0.0196005
1161 0.0195746
1162 0.0195456
1163 0.0195136
1164 0.0194784
1165 0.0194402
1166 0.0193989
1167 0.0193546
1168 0.0193072
1169 0.0192569
1170 0.0192035
1171 0.0191473
1172 0.0190881
1173 0.019026
1174 0.018961
1175 0.0188932
1176 0.0188225
1177 0.0187491
1178 0.0186729
1179 0.018594
1180 0.0185124
1181 0.0184282
1182 0.0183413
1183 0.0182519
1184 0.0181599
1185 0.0180655
1186 0.0179686
1187 0.0178692
1188 0.0177676
1189 0.0176636
1190 0.0175573
1191 0.0174488
1192 0.0173381
1193 0.0172252
1194 0.0171103
1195 0.0169934
1196 0.0168744
1197 0.0167535
1198 0.0166308
1199 0.0165062
1200 0.0163798
1201 0.0162517
1202 0.0161219
1203 0.0159905
1204 0.0158575
1205 0.015723
1206 0.0155871
1207 0.0154498
1208 0.0153111
1209 0.0151711
1210 0.0150299
1211 0.0148875
1212 0.014744
1213 0.0145994
1214 0.0144538
1215 0.0143073
1216 0.0141599
1217 0.0140116
1218 0.0138626
1219 0.0137128
1220 0.0135623
1221 0.0134113
1222 0.0132597
1223 0.0131075
1224 0.012955
1225 0.012802
1226 0.0126487
1227 0.0124951
1228 0.0123413
1229 0.0121873
1230 0.0120331
1231 0.0118789
1232 0.0117247
1233 0.0115705
1234 0.0114164
1235 0.0112623
1236 0.0111085
1237 0.0109549
1238 0.0108016
1239 0.0106486
1240 0.0104959
1241 0.0103437
1242 0.0101919
1243 0.0100406
1244 0.00988981
1245 0.00973964
1246 0.00959009
1247 0.00944121
1248 0.00929303
1249 0.00914559
1250 0.00899893
1251 0.00885308
1252 0.00870809
1253 0.00856399
1254 0.0084208
1255 0.00827857
1256 0.00813732
1257 0.00799709
1258 0.00785791
1259 0.0077198
1260 0.0075828
1261 0.00744692
1262 0.0073122
1263 0.00717866
1264 0.00704633
1265 0.00691522
1266 0.00678537
1267 0.00665678
1268 0.00652949
1269 0.0064035
1270 0.00627884
1271 0.00615552
1272 0.00603357
1273 0.00591299
1274 0.00579379
1275 0.005676
1276 0.00555963
1277 0.00544467
1278 0.00533116
1279 0.00521909
1280 0.00510847
1281 0.00499931
1282 0.00489162
1283 0.0047854
1284 0.00468065
1285 0.00457739
1286 0.00447562
1287 0.00437533
1288 0.00427652
1289 0.00417921
1290 0.00408339
1291 0.00398905
1292 0.0038962
1293 0.00380484
1294 0.00371495
1295 0.00362654
1296 0.00353961
1297 0.00345415
1298 0.00337014
1299 0.0032876
1300 0.0032065
1301 0.00312684
1302 0.00304862
1303 0.00297183
1304 0.00289645
1305 0.00282248
1306 0.0027499
1307 0.00267871
1308 0.0026089
1309 0.00254045
1310 0.00247335
1311 0.00240759
1312 0.00234316
1313 0.00228005
1314 0.00221823
1315 0.00215771
1316 0.00209845
1317 0.00204046
1318 0.00198371
1319 0.00192819
1320 0.00187389
1321 0.00182079
1322 0.00176887
1323 0.00171813
1324 0.00166854
1325 0.00162008
1326 0.00157275
1327 0.00152652
1328 0.00148139
1329 0.00143733
1330 0.00139432
1331 0.00135236
1332 0.00131142
1333 0.00127149
1334 0.00123255
1335 0.00119458
1336 0.00115757
1337 0.00112151
1338 0.00108637
1339 0.00105214
1340 0.0010188
1341 0.000986332
1342 0.000954728
1343 0.000923967
1344 0.000894032
1345 0.000864909
1346 0.000836581
1347 0.000809031
1348 0.000782245
1349 0.000756206
1350 0.000730899
1351 0.000706308
1352 0.000682419
1353 0.000659216
1354 0.000636684
1355 0.000614808
1356 0.000593574
1357 0.000572967
1358 0.000552972
1359 0.000533577
1360 0.000514765
1361 0.000496525
1362 0.000478842
1363 0.000461702
1364 0.000445093
1365 0.000429002
1366 0.000413415
1367 0.00039832
1368 0.000383704
1369 0.000369555
1370 0.000355862
1371 0.000342611
1372 0.000329793
1373 0.000317394
1374 0.000305404
1375 0.000293812
1376 0.000282607
1377 0.000271778
1378 0.000261314
1379 0.000251207
1380 0.000241444
1381 0.000232018
1382 0.000222917
1383 0.000214133
1384 0.000205657
1385 0.000197478
1386 0.000189589
1387 0.000181981
1388 0.000174645
1389 0.000167574
1390 0.000160758
1391 0.00015419
1392 0.000147862
1393 0.000141768
1394 0.000135898
1395 0.000130248
1396 0.000124808
1397 0.000119573
1398 0.000114536
1399 0.00010969
1400 0.000105029
1401 0.000100547
1402 9.62384e-05
1403 9.20967e-05
1404 8.81165e-05
1405 8.42923e-05
1406 8.06187e-05
1407 7.70906e-05
1408 7.37028e-05
1409 7.04505e-05
1410 6.73289e-05
1411 6.43334e-05
1412 6.14594e-05
1413 5.87026e-05
1414 5.60588e-05
1415 5.35238e-05
1416 5.10937e-05
1417 4.87647e-05
1418 4.65329e-05
1419 4.43947e-05
1420 4.23468e-05
1421 4.03855e-05
1422 3.85078e-05
1423 3.67103e-05
1424 3.499e-05
1425 3.33439e-05
1426 3.17692e-05
1427 3.02631e-05
1428 2.88228e-05
1429 2.74458e-05
1430 2.61296e-05
1431 2.48717e-05
1432 2.36698e-05
1433 2.25217e-05
1434 2.14251e-05
1435 2.0378e-05
1436 1.93783e-05
1437 1.84241e-05
1438 1.75136e-05
1439 1.66448e-05
1440 1.5816e-05
1441 1.50257e-05
1442 1.4272e-05
1443 1.35535e-05
1444 1.28688e-05
1445 1.22162e-05
1446 1.15945e-05
1447 1.10023e-05
1448 1.04383e-05
1449 9.90128e-06
1450 9.39009e-06
1451 8.90355e-06
1452 8.44058e-06
1453 8.00013e-06
1454 7.58118e-06
1455 7.18278e-06
1456 6.80398e-06
1457 6.44391e-06
1458 6.1017e-06
1459 5.77653e-06
1460 5.46763e-06
1461 5.17423e-06
1462 4.89562e-06
1463 4.6311e-06
1464 4.38002e-06
1465 4.14174e-06
1466 3.91566e-06
1467 3.70119e-06
1468 3.49779e-06
1469 3.30491e-06
1470 3.12206e-06
1471 2.94874e-06
1472 2.7845e-06
1473 2.6289e-06
1474 2.4815e-06
1475 2.3419e-06
1476 2.20972e-06
1477 2.08459e-06
1478 1.96617e-06
1479 1.8541e-06
1480 1.74808e-06
1481 1.6478e-06
1482 1.55296e-06
1483 1.46329e-06
1484 1.37853e-06
1485 1.29842e-06
1486 1.22273e-06
1487 1.15122e-06
1488 1.08368e-06
1489 1.01991e-06
1490 9.59692e-07
1491 9.02854e-07
1492 8.49216e-07
1493 7.98606e-07
1494 7.50864e-07
1495 7.05837e-07
1496 6.63378e-07
1497 6.23351e-07
1498 5.85623e-07
1499 5.50069e-07
1500 5.16572e-07
1501 4.85019e-07
1502 4.55303e-07
1503 4.27323e-07
1504 4.00983e-07
1505 3.76192e-07
1506 3.52863e-07
1507 3.30916e-07
1508 3.10272e-07
1509 2.90859e-07
1510 2.72606e-07
1511 2.55448e-07
1512 2.39322e-07
1513 2.24169e-07
1514 2.09935e-07
1515 1.96565e-07
1516 1.84009e-07
1517 1.72222e-07
1518 1.61158e-07
1519 1.50774e-07
1520 1.41031e-07
1521 1.31892e-07
1522 1.2332e-07
1523 1.15282e-07
1524 1.07747e-07
1525 1.00684e-07
1526 9.40653e-08
1527 8.78641e-08
1528 8.20553e-08
1529 7.66152e-08
1530 7.15214e-08
1531 6.6753e-08
1532 6.229e-08
1533 5.81137e-08
1534 5.42066e-08
1535 5.0552e-08
1536 4.71343e-08
1537 4.39389e-08
1538 4.09519e-08
1539 3.81603e-08
1540 3.55518e-08
1541 3.3115e-08
1542 3.0839e-08
1543 2.87136e-08
1544 2.67294e-08
1545 2.48773e-08
1546 2.31488e-08
1547 2.15361e-08
1548 2.00317e-08
1549 1.86287e-08
1550 1.73204e-08
1551 1.61008e-08
1552 1.4964e-08
1553 1.39047e-08
1554 1.29177e-08
1555 1.19984e-08
1556 1.11423e-08
1557 1.03452e-08
1558 9.60313e-09
1559 8.91251e-09
1560 8.26989e-09
1561 7.67205e-09
1562 7.116e-09
1563 6.59891e-09
1564 6.11816e-09
1565 5.67129e-09
1566 5.25599e-09
1567 4.87012e-09
1568 4.51167e-09
1569 4.17875e-09
1570 3.86962e-09
1571 3.58262e-09
1572 3.31625e-09
1573 3.06905e-09
1574 2.83971e-09
1575 2.62698e-09
1576 2.42968e-09
1577 2.24675e-09
1578 2.07718e-09
1579 1.92001e-09
1580 1.77437e-09
1581 1.63945e-09
1582 1.51448e-09
1583 1.39875e-09
1584 1.2916e-09
1585 1.19242e-09
1586 1.10063e-09
1587 1.0157e-09
1588 9.37133e-10
1589 8.64467e-10
1590 7.97274e-10
1591 7.35154e-10
1592 6.77736e-10
1593 6.24675e-10
1594 5.75652e-10
1595 5.30367e-10
1596 4.88545e-10
1597 4.4993e-10
1598 4.14282e-10
1599 3.8138e-10
1600 3.5102e-10
1601 3.23011e-10
1602 2.97176e-10
1603 2.73352e-10
1604 2.51386e-10
1605 2.31138e-10
1606 2.12477e-10
1607 1.95283e-10
1608 1.79444e-10
1609 1.64856e-10
1610 1.51422e-10
1611 1.39055e-10
1612 1.27672e-10
1613 1.17196e-10
1614 1.07558e-10
1615 9.86926e-11
1616 9.05391e-11
1617 8.30423e-11
1618 7.61505e-11
1619 6.98164e-11
1620 6.39961e-11
1621 5.86489e-11
1622 5.37374e-11
1623 4.92272e-11
1624 4.50862e-11
1625 4.12851e-11
1626 3.77967e-11
1627 3.45959e-11
1628 3.16597e-11
1629 2.89668e-11
1630 2.64974e-11
1631 2.42336e-11
1632 2.21586e-11
1633 2.02571e-11
1634 1.8515e-11
1635 1.69192e-11
1636 1.54578e-11
1637 1.41197e-11
1638 1.28948e-11
1639 1.17737e-11
1640 1.07479e-11
1641 9.80945e-12
1642 8.95109e-12
1643 8.16615e-12
1644 7.44851e-12
1645 6.79254e-12
1646 6.19306e-12
1647 5.64532e-12
1648 5.14497e-12
1649 4.68799e-12
1650 4.27073e-12
1651 3.8898e-12
1652 3.54211e-12
1653 3.22484e-12
1654 2.93538e-12
1655 2.67135e-12
1656 2.43057e-12
1657 2.21103e-12
1658 2.01091e-12
1659 1.82852e-12
1660 1.66233e-12
1661 1.51093e-12
1662 1.37304e-12
1663 1.24747e-12
1664 1.13315e-12
1665 1.0291e-12
1666 9.34405e-13
1667 8.48249e-13
1668 7.69878e-13
1669 6.98602e-13
1670 6.33794e-13
1671 5.74879e-13
1672 5.21332e-13
1673 4.72675e-13
1674 4.2847e-13
1675 3.88318e-13
1676 3.51856e-13
1677 3.18752e-13
1678 2.88702e-13
1679 2.61431e-13
1680 2.36686e-13
1681 2.14239e-13
1682 1.93881e-13
1683 1.75421e-13
1684 1.58685e-13
1685 1.43517e-13
1686 1.29771e-13
1687 1.17317e-13
1688 1.06037e-13
1689 9.58207e-14
1690 8.6571e-14
1691 7.8198e-14
1692 7.06201e-14
1693 6.37632e-14
1694 5.75601e-14
1695 5.19497e-14
1696 4.68764e-14
1697 4.22897e-14
1698 3.81438e-14
1699 3.43972e-14
1700 3.10122e-14
1701 2.79544e-14
1702 2.51929e-14
1703 2.26995e-14
1704 2.04486e-14
1705 1.8417e-14
1706 1.65838e-14
1707 1.493e-14
1708 1.34383e-14
1709 1.20931e-14
1710 1.08803e-14
1711 9.78708e-15
1712 8.80187e-15
1713 7.91418e-15
1714 7.11453e-15
1715 6.39435e-15
1716 5.74586e-15
1717 5.16206e-15
1718 4.63661e-15
1719 4.16378e-15
1720 3.73838e-15
1721 3.35574e-15
1722 3.01163e-15
1723 2.70225e-15
1724 2.42414e-15
1725 2.1742e-15
1726 1.94962e-15
1727 1.74787e-15
1728 1.56667e-15
1729 1.40396e-15
1730 1.25789e-15
1731 1.12678e-15
1732 1.00912e-15
1733 9.03557e-16
1734 8.08869e-16
1735 7.23951e-16
1736 6.47813e-16
1737 5.7956e-16
1738 5.1839e-16
1739 4.63578e-16
1740 4.14475e-16
1741 3.70496e-16
1742 3.31113e-16
1743 2.95854e-16
1744 2.64295e-16
1745 2.36052e-16
1746 2.10783e-16
1747 1.8818e-16
1748 1.67965e-16
1749 1.4989e-16
1750 1.33732e-16
1751 1.19291e-16
1752 1.06387e-16
1753 9.48587e-17
1754 8.4562e-17
1755 7.5367e-17
1756 6.71578e-17
1757 5.98301e-17
1758 5.32908e-17
1759 4.74562e-17
1760 4.22515e-17
1761 3.76097e-17
1762 3.34709e-17
1763 2.97812e-17
1764 2.64927e-17
1765 2.35623e-17
1766 2.09517e-17
1767 1.86264e-17
1768 1.65556e-17
1769 1.4712e-17
1770 1.30709e-17
1771 1.16105e-17
1772 1.0311e-17
1773 9.15506e-18
1774 8.12699e-18
1775 7.21284e-18
1776 6.40017e-18
1777 5.67787e-18
1778 5.03602e-18
1779 4.46578e-18
1780 3.95928e-18
1781 3.50948e-18
1782 3.11013e-18
1783 2.75564e-18
1784 2.44103e-18
1785 2.16189e-18
1786 1.91426e-18
1787 1.69464e-18
1788 1.4999e-18
1789 1.32726e-18
1790 1.17424e-18
1791 1.03864e-18
1792 9.18507e-19
1793 8.12097e-19
1794 7.17862e-19
1795 6.34428e-19
1796 5.60573e-19
1797 4.9521e-19
1798 4.37376e-19
1799 3.86214e-19
1800 3.40965e-19
1801 3.00954e-19
1802 2.65581e-19
1803 2.34316e-19
1804 2.06688e-19
1805 1.82279e-19
1806 1.60719e-19
1807 1.41679e-19
1808 1.24867e-19
1809 1.10028e-19
1810 9.69311e-20
1811 8.53753e-20
1812 7.51811e-20
1813 6.61902e-20
1814 5.82621e-20
1815 5.12727e-20
1816 4.51122e-20
1817 3.96835e-20
1818 3.49007e-20
1819 3.06878e-20
1820 2.69777e-20
1821 2.37111e-20
1822 2.08357e-20
1823 1.8305e-20
1824 1.60783e-20
1825 1.41195e-20
1826 1.23967e-20
1827 1.08817e-20
1828 9.54993e-21
1829 8.37933e-21
1830 7.35066e-21
1831 6.4469e-21
1832 5.65305e-21
1833 4.9559e-21
1834 4.3438e-21
1835 3.80649e-21
1836 3.33494e-21
1837 2.92118e-21
1838 2.55821e-21
1839 2.23986e-21
1840 1.96071e-21
1841 1.71599e-21
1842 1.50149e-21
1843 1.31352e-21
1844 1.14884e-21
1845 1.0046e-21
1846 8.78273e-22
1847 7.6767e-22
1848 6.70853e-22
1849 5.86122e-22
1850 5.11983e-22
1851 4.47126e-22
1852 3.90402e-22
1853 3.40802e-22
1854 2.9744e-22
1855 2.59539e-22
1856 2.2642e-22
1857 1.97485e-22
1858 1.72211e-22
1859 1.50139e-22
1860 1.30868e-22
1861 1.14046e-22
1862 9.93658e-23
1863 8.65564e-23
1864 7.53822e-23
1865 6.56365e-23
1866 5.71386e-23
1867 4.97303e-23
1868 4.32732e-23
1869 3.76465e-23
1870 3.27445e-23
1871 2.84746e-23
1872 2.47562e-23
1873 2.15188e-23
1874 1.87008e-23
1875 1.62483e-23
1876 1.41145e-23
1877 1.22582e-23
1878 1.06438e-23
1879 9.24003e-24
1880 8.01969e-24
1881 6.95903e-24
1882 6.03736e-24
1883 5.23663e-24
1884 4.54113e-24
1885 3.93716e-24
1886 3.41279e-24
1887 2.95762e-24
1888 2.56261e-24
1889 2.21988e-24
1890 1.92258e-24
1891 1.66473e-24
1892 1.44116e-24
1893 1.24735e-24
1894 1.07937e-24
1895 9.33809e-25
1896 8.07706e-25
1897 6.98483e-25
1898 6.039e-25
1899 5.22012e-25
1900 4.51132e-25
1901 3.89792e-25
1902 3.36721e-25
1903 2.90812e-25
1904 2.51109e-25
1905 2.1678e-25
1906 1.87104e-25
1907 1.61456e-25
1908 1.39293e-25
1909 1.20147e-25
1910 1.0361e-25
1911 8.93304e-26
1912 7.70022e-26
1913 6.6361e-26
1914 5.71781e-26
1915 4.92553e-26
1916 4.24212e-26
1917 3.65274e-26
1918 3.14457e-26
1919 2.70652e-26
1920 2.32899e-26
1921 2.00369e-26
1922 1.72345e-26
1923 1.48209e-26
1924 1.27426e-26
1925 1.09533e-26
1926 9.41328e-27
1927 8.08803e-27
1928 6.94787e-27
1929 5.96716e-27
1930 5.12373e-27
1931 4.3986e-27
1932 3.77529e-27
1933 3.23958e-27
1934 2.77931e-27
1935 2.38391e-27
1936 2.04432e-27
1937 1.75273e-27
1938 1.50241e-27
1939 1.28756e-27
1940 1.10319e-27
1941 9.45028e-28
1942 8.09359e-28
1943 6.9302e-28
1944 5.93276e-28
1945 5.07778e-28
1946 4.34506e-28
1947 3.71729e-28
1948 3.17954e-28
1949 2.71896e-28
1950 2.32462e-28
1951 1.98704e-28
1952 1.69811e-28
1953 1.45089e-28
1954 1.23939e-28
1955 1.05848e-28
1956 9.03797e-29
1957 7.71547e-29
1958 6.58506e-29
1959 5.61907e-29
1960 4.79372e-29
1961 4.08873e-29
1962 3.48664e-29
1963 2.9726e-29
1964 2.5338e-29
1965 2.15929e-29
1966 1.83975e-29
1967 1.56714e-29
1968 1.33464e-29
1969 1.1364e-29
1970 9.67384e-30
1971 8.23329e-30
1972 7.00577e-30
1973 5.95995e-30
1974 5.06916e-30
1975 4.31059e-30
1976 3.66472e-30
1977 3.11496e-30
1978 2.64708e-30
1979 2.24898e-30
1980 1.91037e-30
1981 1.62238e-30
1982 1.3775e-30
1983 1.16933e-30
1984 9.92404e-31
1985 8.42069e-31
1986 7.14344e-31
1987 6.05876e-31
1988 5.13755e-31
1989 4.35541e-31
1990 3.69165e-31
1991 3.12833e-31
1992 2.65038e-31
1993 2.24497e-31
1994 1.90118e-31
1995 1.60966e-31
1996 1.36253e-31
1997 1.15313e-31
1998 9.75676e-32
1999 8.25359e-32
2000 6.98036e-32
2001 5.90247e-32
2002 4.98996e-32
2003 4.21733e-32
2004 3.56369e-32
2005 3.01069e-32
2006 2.5429e-32
2007 2.14733e-32
2008 1.81296e-32
2009 1.5303e-32
2010 1.29139e-32
2011 1.08955e-32
2012 9.19057e-33
2013 7.75049e-33
2014 6.53459e-33
2015 5.50841e-33
2016 4.64217e-33
2017 3.91123e-33
2018 3.29459e-33
2019 2.77456e-33
2020 2.336e-33
2021 1.96625e-33
2022 1.65463e-33
2023 1.39204e-33
2024 1.17081e-33
2025 9.84443e-34
2026 8.27514e-34
2027 6.95391e-34
2028 5.84159e-34
2029 4.90559e-34
2030 4.11814e-34
2031 3.45574e-34
2032 2.89864e-34
2033 2.43027e-34
2034 2.03662e-34
2035 1.70585e-34
2036 1.42797e-34
2037 1.19462e-34
2038 9.9876e-35
2039 8.34439e-35
2040 6.96651e-35
2041 5.81202e-35
2042 4.84568e-35
2043 4.03777e-35
2044 3.36342e-35
2045 2.80211e-35
2046 2.33632e-35
2047 1.95157e-35
