0 1.06858e-71
1 1.05707e-71
2 1.19445e-71
3 1.49567e-71
4 1.99353e-71
5 2.74219e-71
6 3.82292e-71
7 5.35276e-71
8 7.49699e-71
9 1.04866e-70
10 1.4643e-70
11 2.04114e-70
12 2.84083e-70
13 3.9486e-70
14 5.48217e-70
15 7.60409e-70
16 1.05386e-69
17 1.4595e-69
18 2.01996e-69
19 2.79398e-69
20 3.86245e-69
21 5.33673e-69
22 7.37004e-69
23 1.01731e-68
24 1.40355e-68
25 1.93554e-68
26 2.66793e-68
27 3.67577e-68
28 5.06203e-68
29 6.96794e-68
30 9.58712e-68
31 1.31849e-67
32 1.81246e-67
33 2.49039e-67
34 3.42034e-67
35 4.69545e-67
36 6.44302e-67
37 8.83704e-67
38 1.21152e-66
39 1.66018e-66
40 2.27399e-66
41 3.11333e-66
42 4.26055e-66
43 5.82789e-66
44 7.96822e-66
45 1.08897e-65
46 1.48756e-65
47 2.03112e-65
48 2.77205e-65
49 3.78156e-65
50 5.15638e-65
51 7.02784e-65
52 9.57421e-65
53 1.30373e-64
54 1.77449e-64
55 2.41415e-64
56 3.2829e-64
57 4.46225e-64
58 6.06252e-64
59 8.23293e-64
60 1.11753e-63
61 1.51623e-63
62 2.05624e-63
63 2.78731e-63
64 3.77658e-63
65 5.11463e-63
66 6.92358e-63
67 9.36806e-63
68 1.26698e-62
69 1.71274e-62
70 2.31427e-62
71 3.12564e-62
72 4.21954e-62
73 5.69365e-62
74 7.67924e-62
75 1.03525e-61
76 1.395e-61
77 1.8789e-61
78 2.52949e-61
79 3.40379e-61
80 4.57818e-61
81 6.15492e-61
82 8.27089e-61
83 1.11092e-60
84 1.49146e-60
85 2.00142e-60
86 2.68452e-60
87 3.5991e-60
88 4.82303e-60
89 6.46018e-60
90 8.64906e-60
91 1.15742e-59
92 1.54815e-59
93 2.06982e-59
94 2.76599e-59
95 3.69459e-59
96 4.93265e-59
97 6.58253e-59
98 8.78017e-59
99 1.17061e-58
100 1.55997e-58
101 2.07787e-58
102 2.76642e-58
103 3.68142e-58
104 4.89677e-58
105 6.5103e-58
106 8.65145e-58
107 1.14914e-57
108 1.52565e-57
109 2.02457e-57
110 2.68538e-57
111 3.56022e-57
112 4.71784e-57
113 6.24892e-57
114 8.273e-57
115 1.09476e-56
116 1.44799e-56
117 1.91431e-56
118 2.5296e-56
119 3.34108e-56
120 4.4108e-56
121 5.82028e-56
122 7.67652e-56
123 1.012e-55
124 1.33349e-55
125 1.75628e-55
126 2.31203e-55
127 3.0422e-55
128 4.00107e-55
129 5.25967e-55
130 6.9109e-55
131 9.07623e-55
132 1.19143e-54
133 1.56325e-54
134 2.05013e-54
135 2.68736e-54
136 3.521e-54
137 4.61104e-54
138 6.03568e-54
139 7.89671e-54
140 1.03267e-53
141 1.34979e-53
142 1.76347e-53
143 2.30282e-53
144 3.00571e-53
145 3.92127e-53
146 5.11328e-53
147 6.66447e-53
148 8.6821e-53
149 1.13052e-52
150 1.47137e-52
151 1.91408e-52
152 2.48881e-52
153 3.23457e-52
154 4.20179e-52
155 5.45563e-52
156 7.08025e-52
157 9.18428e-52
158 1.19079e-51
159 1.54319e-51
160 1.99892e-51
161 2.58801e-51
162 3.34911e-51
163 4.33199e-51
164 5.60065e-51
165 7.23742e-51
166 9.34808e-51
167 1.20686e-50
168 1.55734e-50
169 2.00865e-50
170 2.58953e-50
171 3.33681e-50
172 4.29771e-50
173 5.53272e-50
174 7.11927e-50
175 9.15646e-50
176 1.17711e-49
177 1.51251e-49
178 1.94259e-49
179 2.49378e-49
180 3.19987e-49
181 4.10397e-49
182 5.26107e-49
183 6.74128e-49
184 8.63393e-49
185 1.10529e-48
186 1.41429e-48
187 1.80886e-48
188 2.31243e-48
189 2.95485e-48
190 3.77401e-48
191 4.81807e-48
192 6.14816e-48
193 7.84188e-48
194 9.99768e-48
195 1.27404e-47
196 1.62282e-47
197 2.06617e-47
198 2.62946e-47
199 3.34483e-47
200 4.25296e-47
201 5.40526e-47
202 6.86675e-47
203 8.71961e-47
204 1.10676e-46
205 1.40418e-46
206 1.78077e-46
207 2.25738e-46
208 2.86035e-46
209 3.62284e-46
210 4.58666e-46
211 5.80449e-46
212 7.34261e-46
213 9.28451e-46
214 1.17352e-45
215 1.48267e-45
216 1.87251e-45
217 2.36391e-45
218 2.98308e-45
219 3.76294e-45
220 4.74485e-45
221 5.98065e-45
222 7.53545e-45
223 9.49085e-45
224 1.19492e-44
225 1.50387e-44
226 1.892e-44
227 2.37944e-44
228 2.99138e-44
229 3.75937e-44
230 4.72286e-44
231 5.93121e-44
232 7.44618e-44
233 9.34493e-44
234 1.17239e-43
235 1.47037e-43
236 1.84348e-43
237 2.31053e-43
238 2.89498e-43
239 3.62613e-43
240 4.54055e-43
241 5.68383e-43
242 7.11285e-43
243 8.89853e-43
244 1.11293e-42
245 1.39153e-42
246 1.73938e-42
247 2.17358e-42
248 2.71544e-42
249 3.39147e-42
250 4.23468e-42
251 5.28616e-42
252 6.59705e-42
253 8.23094e-42
254 1.0267e-41
255 1.28035e-41
256 1.59629e-41
257 1.98972e-41
258 2.47954e-41
259 3.08924e-41
260 3.84798e-41
261 4.79201e-41
262 5.96633e-41
263 7.42682e-41
264 9.24283e-41
265 1.15005e-40
266 1.43065e-40
267 1.77936e-40
268 2.2126e-40
269 2.75077e-40
270 3.41915e-40
271 4.24907e-40
272 5.27938e-40
273 6.55822e-40
274 8.1452e-40
275 1.01142e-39
276 1.25567e-39
277 1.5586e-39
278 1.93422e-39
279 2.39988e-39
280 2.97707e-39
281 3.69233e-39
282 4.57851e-39
283 5.67622e-39
284 7.03568e-39
285 8.71893e-39
286 1.08026e-38
287 1.33815e-38
288 1.65725e-38
289 2.05201e-38
290 2.54024e-38
291 3.14394e-38
292 3.89024e-38
293 4.81261e-38
294 5.95231e-38
295 7.3602e-38
296 9.09894e-38
297 1.12457e-37
298 1.38957e-37
299 1.71658e-37
300 2.12002e-37
301 2.61762e-37
302 3.23117e-37
303 3.98749e-37
304 4.91953e-37
305 6.0678e-37
306 7.48204e-37
307 9.22334e-37
308 1.13667e-36
309 1.40042e-36
310 1.72486e-36
311 2.12386e-36
312 2.61437e-36
313 3.2172e-36
314 3.95784e-36
315 4.86749e-36
316 5.98435e-36
317 7.35518e-36
318 9.03716e-36
319 1.11002e-35
320 1.36299e-35
321 1.67305e-35
322 2.05299e-35
323 2.51836e-35
324 3.0882e-35
325 3.78572e-35
326 4.6392e-35
327 5.68318e-35
328 6.95972e-35
329 8.52006e-35
330 1.04266e-34
331 1.27554e-34
332 1.5599e-34
333 1.90697e-34
334 2.33047e-34
335 2.84701e-34
336 3.47683e-34
337 4.24449e-34
338 5.17983e-34
339 6.31907e-34
340 7.70618e-34
341 9.3945e-34
342 1.14487e-33
343 1.39472e-33
344 1.69851e-33
345 2.06776e-33
346 2.51641e-33
347 3.06136e-33
348 3.72305e-33
349 4.52622e-33
350 5.5008e-33
351 6.68299e-33
352 8.11655e-33
353 9.85437e-33
354 1.19604e-32
355 1.45117e-32
356 1.76016e-32
357 2.13427e-32
358 2.58707e-32
359 3.13496e-32
360 3.79771e-32
361 4.59917e-32
362 5.56808e-32
363 6.73912e-32
364 8.15405e-32
365 9.8632e-32
366 1.19272e-31
367 1.4419e-31
368 1.74266e-31
369 2.10558e-31
370 2.54339e-31
371 3.07142e-31
372 3.70811e-31
373 4.47563e-31
374 5.40064e-31
375 6.51521e-31
376 7.85787e-31
377 9.47495e-31
378 1.14221e-30
379 1.37662e-30
380 1.65875e-30
381 1.99825e-30
382 2.4067e-30
383 2.898e-30
384 3.48883e-30
385 4.19923e-30
386 5.0532e-30
387 6.07957e-30
388 7.31289e-30
389 8.79461e-30
390 1.05744e-29
391 1.27118e-29
392 1.52782e-29
393 1.83591e-29
394 2.20568e-29
395 2.64941e-29
396 3.18178e-29
397 3.82038e-29
398 4.58623e-29
399 5.50453e-29
400 6.60539e-29
401 7.92483e-29
402 9.50592e-29
403 1.14002e-28
404 1.36691e-28
405 1.63862e-28
406 1.96394e-28
407 2.35335e-28
408 2.81936e-28
409 3.37694e-28
410 4.04389e-28
411 4.8415e-28
412 5.79512e-28
413 6.93498e-28
414 8.29711e-28
415 9.92443e-28
416 1.18681e-27
417 1.41889e-27
418 1.69592e-27
419 2.02654e-27
420 2.42098e-27
421 2.89144e-27
422 3.45239e-27
423 4.12105e-27
424 4.91784e-27
425 5.86704e-27
426 6.99744e-27
427 8.34319e-27
428 9.94481e-27
429 1.18503e-26
430 1.41166e-26
431 1.68112e-26
432 2.00137e-26
433 2.38187e-26
434 2.83379e-26
435 3.37035e-26
436 4.00718e-26
437 4.76274e-26
438 5.65883e-26
439 6.7212e-26
440 7.98026e-26
441 9.47185e-26
442 1.12382e-25
443 1.33293e-25
444 1.58038e-25
445 1.87308e-25
446 2.21918e-25
447 2.62828e-25
448 3.11163e-25
449 3.68252e-25
450 4.35652e-25
451 5.15196e-25
452 6.09035e-25
453 7.19695e-25
454 8.50143e-25
455 1.00386e-24
456 1.18492e-24
457 1.39811e-24
458 1.64903e-24
459 1.94426e-24
460 2.29149e-24
461 2.69972e-24
462 3.1795e-24
463 3.74315e-24
464 4.4051e-24
465 5.18221e-24
466 6.09419e-24
467 7.16408e-24
468 8.41878e-24
469 9.88972e-24
470 1.16136e-23
471 1.36332e-23
472 1.59984e-23
473 1.87677e-23
474 2.20089e-23
475 2.58014e-23
476 3.02375e-23
477 3.54248e-23
478 4.1489e-23
479 4.85762e-23
480 5.68566e-23
481 6.65285e-23
482 7.78229e-23
483 9.10083e-23
484 1.06398e-22
485 1.24355e-22
486 1.45304e-22
487 1.69737e-22
488 1.98227e-22
489 2.31442e-22
490 2.70155e-22
491 3.15268e-22
492 3.67828e-22
493 4.29054e-22
494 5.0036e-22
495 5.83392e-22
496 6.80059e-22
497 7.92581e-22
498 9.23538e-22
499 1.07592e-21
500 1.25322e-21
501 1.45946e-21
502 1.69934e-21
503 1.97829e-21
504 2.30264e-21
505 2.67972e-21
506 3.11803e-21
507 3.62745e-21
508 4.21943e-21
509 4.90723e-21
510 5.70626e-21
511 6.63436e-21
512 7.71223e-21
513 8.96383e-21
514 1.04169e-20
515 1.21037e-20
516 1.40615e-20
517 1.63333e-20
518 1.89692e-20
519 2.20269e-20
520 2.55733e-20
521 2.96856e-20
522 3.44534e-20
523 3.99798e-20
524 4.63844e-20
525 5.38051e-20
526 6.2401e-20
527 7.23562e-20
528 8.38826e-20
529 9.7225e-20
530 1.12666e-19
531 1.30529e-19
532 1.51191e-19
533 1.75082e-19
534 2.02699e-19
535 2.34614e-19
536 2.71484e-19
537 3.14063e-19
538 3.63222e-19
539 4.19956e-19
540 4.8541e-19
541 5.60897e-19
542 6.47925e-19
543 7.48218e-19
544 8.63755e-19
545 9.968e-19
546 1.14994e-18
547 1.32615e-18
548 1.52881e-18
549 1.7618e-18
550 2.02953e-18
551 2.33705e-18
552 2.69011e-18
553 3.09528e-18
554 3.56002e-18
555 4.09285e-18
556 4.70345e-18
557 5.40282e-18
558 6.20349e-18
559 7.11968e-18
560 8.16751e-18
561 9.3653e-18
562 1.07338e-17
563 1.22966e-17
564 1.40802e-17
565 1.61149e-17
566 1.84348e-17
567 2.10783e-17
568 2.40891e-17
569 2.75164e-17
570 3.14157e-17
571 3.58495e-17
572 4.08884e-17
573 4.66118e-17
574 5.31094e-17
575 6.04816e-17
576 6.88419e-17
577 7.83173e-17
578 8.90509e-17
579 1.01203e-16
580 1.14954e-16
581 1.30506e-16
582 1.48085e-16
583 1.67945e-16
584 1.90371e-16
585 2.15679e-16
586 2.44228e-16
587 2.76415e-16
588 3.12684e-16
589 3.53536e-16
590 3.99524e-16
591 4.51272e-16
592 5.09473e-16
593 5.74901e-16
594 6.48422e-16
595 7.31001e-16
596 8.23713e-16
597 9.27759e-16
598 1.04448e-15
599 1.17537e-15
600 1.32209e-15
601 1.4865e-15
602 1.67068e-15
603 1.87692e-15
604 2.10782e-15
605 2.36623e-15
606 2.65537e-15
607 2.97881e-15
608 3.34053e-15
609 3.745e-15
610 4.19718e-15
611 4.70261e-15
612 5.2675e-15
613 5.89877e-15
614 6.60416e-15
615 7.39233e-15
616 8.27293e-15
617 9.25681e-15
618 1.03561e-14
619 1.15843e-14
620 1.29567e-14
621 1.44903e-14
622 1.62041e-14
623 1.81197e-14
624 2.02609e-14
625 2.26548e-14
626 2.53317e-14
627 2.83254e-14
628 3.16742e-14
629 3.5421e-14
630 3.96141e-14
631 4.43076e-14
632 4.95624e-14
633 5.54473e-14
634 6.20393e-14
635 6.94251e-14
636 7.77026e-14
637 8.69814e-14
638 9.73853e-14
639 1.09053e-13
640 1.22142e-13
641 1.36827e-13
642 1.53308e-13
643 1.71805e-13
644 1.92571e-13
645 2.15886e-13
646 2.42067e-13
647 2.7147e-13
648 3.04494e-13
649 3.41587e-13
650 3.83253e-13
651 4.30056e-13
652 4.82629e-13
653 5.41683e-13
654 6.08012e-13
655 6.82506e-13
656 7.66162e-13
657 8.60094e-13
658 9.65547e-13
659 1.08391e-12
660 1.21674e-12
661 1.36577e-12
662 1.53293e-12
663 1.72036e-12
664 1.93047e-12
665 2.16593e-12
666 2.42968e-12
667 2.72502e-12
668 3.05561e-12
669 3.42548e-12
670 3.83913e-12
671 4.30152e-12
672 4.81814e-12
673 5.39507e-12
674 6.03899e-12
675 6.75732e-12
676 7.55818e-12
677 8.45057e-12
678 9.44435e-12
679 1.05504e-11
680 1.17805e-11
681 1.31479e-11
682 1.46668e-11
683 1.63529e-11
684 1.82233e-11
685 2.02968e-11
686 2.25937e-11
687 2.51364e-11
688 2.7949e-11
689 3.1058e-11
690 3.44919e-11
691 3.82819e-11
692 4.24615e-11
693 4.70673e-11
694 5.21386e-11
695 5.7718e-11
696 6.38513e-11
697 7.05879e-11
698 7.7981e-11
699 8.60875e-11
700 9.49687e-11
701 1.0469e-10
702 1.15321e-10
703 1.26938e-10
704 1.39619e-10
705 1.53449e-10
706 1.68519e-10
707 1.84923e-10
708 2.02764e-10
709 2.22147e-10
710 2.43186e-10
711 2.65998e-10
712 2.90708e-10
713 3.17447e-10
714 3.4635e-10
715 3.77559e-10
716 4.11222e-10
717 4.47491e-10
718 4.86523e-10
719 5.28483e-10
720 5.73536e-10
721 6.21852e-10
722 6.73606e-10
723 7.28972e-10
724 7.88129e-10
725 8.51252e-10
726 9.1852e-10
727 9.90106e-10
728 1.06618e-09
729 1.14691e-09
730 1.23246e-09
731 1.32296e-09
732 1.41857e-09
733 1.5194e-09
734 1.62556e-09
735 1.73715e-09
736 1.85422e-09
737 1.97683e-09
738 2.10498e-09
739 2.23865e-09
740 2.37779e-09
741 2.52231e-09
742 2.67206e-09
743 2.82685e-09
744 2.98644e-09
745 3.15054e-09
746 3.31879e-09
747 3.49075e-09
748 3.66594e-09
749 3.84379e-09
750 4.02365e-09
751 4.20478e-09
752 4.38639e-09
753 4.56757e-09
754 4.74733e-09
755 4.92461e-09
756 5.09824e-09
757 5.26698e-09
758 5.4295e-09
759 5.5844e-09
760 5.7302e-09
761 5.86539e-09
762 5.98839e-09
763 6.09759e-09
764 6.19139e-09
765 6.26818e-09
766 6.32643e-09
767 6.36465e-09
768 6.38149e-09
769 6.37577e-09
770 6.34651e-09
771 6.29303e-09
772 6.21498e-09
773 6.11245e-09
774 5.98607e-09
775 5.83707e-09
776 5.66745e-09
777 5.48005e-09
778 5.27876e-09
779 5.06865e-09
780 4.85613e-09
781 4.64921e-09
782 4.45767e-09
783 4.29334e-09
784 4.17036e-09
785 4.10548e-09
786 4.11839e-09
787 4.23211e-09
788 4.47333e-09
789 4.8729e-09
790 5.46629e-09
791 6.29408e-09
792 7.40257e-09
793 8.84432e-09
794 1.06789e-08
795 1.29736e-08
796 1.5804e-08
797 1.92552e-08
798 2.34225e-08
799 2.84121e-08
800 3.43428e-08
801 4.13466e-08
802 4.95701e-08
803 5.91758e-08
804 7.03435e-08
805 8.32717e-08
806 9.81794e-08
807 1.15308e-07
808 1.34922e-07
809 1.57312e-07
810 1.82797e-07
811 2.11726e-07
812 2.4448e-07
813 2.81476e-07
814 3.23168e-07
815 3.70049e-07
816 4.22657e-07
817 4.81576e-07
818 5.4744e-07
819 6.20935e-07
820 7.02806e-07
821 7.93858e-07
822 8.94959e-07
823 1.00705e-06
824 1.13114e-06
825 1.26832e-06
826 1.41977e-06
827 1.58675e-06
828 1.77061e-06
829 1.97281e-06
830 2.19492e-06
831 2.43861e-06
832 2.70567e-06
833 2.99802e-06
834 3.31771e-06
835 3.66694e-06
836 4.04804e-06
837 4.46351e-06
838 4.916e-06
839 5.40835e-06
840 5.94358e-06
841 6.52487e-06
842 7.15566e-06
843 7.83954e-06
844 8.58035e-06
845 9.38218e-06
846 1.02493e-05
847 1.11864e-05
848 1.21981e-05
849 1.32897e-05
850 1.44666e-05
851 1.57344e-05
852 1.70992e-05
853 1.85673e-05
854 2.01455e-05
855 2.18408e-05
856 2.36606e-05
857 2.56129e-05
858 2.77058e-05
859 2.99479e-05
860 3.23485e-05
861 3.4917e-05
862 3.76635e-05
863 4.05985e-05
864 4.3733e-05
865 4.70785e-05
866 5.06473e-05
867 5.44518e-05
868 5.85055e-05
869 6.2822e-05
870 6.74159e-05
871 7.23023e-05
872 7.7497e-05
873 8.30163e-05
874 8.88775e-05
875 9.50984e-05
876 0.000101698
877 0.000108695
878 0.00011611
879 0.000123963
880 0.000132278
881 0.000141075
882 0.00015038
883 0.000160215
884 0.000170608
885 0.000181582
886 0.000193167
887 0.00020539
888 0.000218281
889 0.000231868
890 0.000246185
891 0.000261262
892 0.000277133
893 0.000293833
894 0.000311397
895 0.000329862
896 0.000349264
897 0.000369644
898 0.000391041
899 0.000413496
900 0.000437052
901 0.000461752
902 0.00048764
903 0.000514763
904 0.000543168
905 0.000572902
906 0.000604016
907 0.00063656
908 0.000670586
909 0.000706146
910 0.000743296
911 0.000782089
912 0.000822584
913 0.000864836
914 0.000908906
915 0.000954853
916 0.00100274
917 0.00105262
918 0.00110457
919 0.00115864
920 0.00121491
921 0.00127343
922 0.00133427
923 0.00139751
924 0.0014632
925 0.00153142
926 0.00160224
927 0.00167573
928 0.00175195
929 0.00183098
930 0.00191289
931 0.00199775
932 0.00208563
933 0.0021766
934 0.00227074
935 0.00236812
936 0.0024688
937 0.00257286
938 0.00268037
939 0.00279139
940 0.002906
941 0.00302427
942 0.00314626
943 0.00327204
944 0.00340166
945 0.00353521
946 0.00367273
947 0.00381429
948 0.00395995
949 0.00410975
950 0.00426377
951 0.00442203
952 0.00458461
953 0.00475154
954 0.00492286
955 0.00509862
956 0.00527885
957 0.00546359
958 0.00565286
959 0.0058467
960 0.00604512
961 0.00624815
962 0.00645579
963 0.00666806
964 0.00688496
965 0.0071065
966 0.00733266
967 0.00756343
968 0.00779881
969 0.00803876
970 0.00828327
971 0.00853229
972 0.0087858
973 0.00904374
974 0.00930607
975 0.00957272
976 0.00984365
977 0.0101188
978 0.010398
979 0.0106813
980 0.0109685
981 0.0112595
982 0.0115543
983 0.0118527
984 0.0121547
985 0.01246
986 0.0127686
987 0.0130803
988 0.0133949
989 0.0137124
990 0.0140325
991 0.0143552
992 0.0146801
993 0.0150071
994 0.0153361
995 0.0156669
996 0.0159992
997 0.0163328
998 0.0166676
999 0.0170032
1000 0.0173396
1001 0.0176764
1002 0.0180134
1003 0.0183504
1004 0.0186871
1005 0.0190233
1006 0.0193587
1007 0.0196931
1008 0.0200262
1009 0.0203578
1010 0.0206875
1011 0.0210151
1012 0.0213403
1013 0.0216629
1014 0.0219826
1015 0.0222991
1016 0.0226121
1017 0.0229213
1018 0.0232265
1019 0.0235273
1020 0.0238236
1021 0.024115
1022 0.0244013
1023 0.0246821
1024 0.0249573
1025 0.0252265
1026 0.0254894
1027 0.0257459
1028 0.0259957
1029 0.0262384
1030 0.026474
1031 0.026702
1032 0.0269224
1033 0.0271348
1034 0.0273391
1035 0.027535
1036 0.0277223
1037 0.0279008
1038 0.0280704
1039 0.0282309
1040 0.028382
1041 0.0285236
1042 0.0286556
1043 0.0287778
1044 0.0288901
1045 0.0289924
1046 0.0290845
1047 0.0291664
1048 0.0292379
1049 0.029299
1050 0.0293496
1051 0.0293897
1052 0.0294191
1053 0.029438
1054 0.0294461
1055 0.0294436
1056 0.0294305
1057 0.0294066
1058 0.0293722
1059 0.0293272
1060 0.0292716
1061 0.0292055
1062 0.029129
1063 0.0290421
1064 0.0289451
1065 0.0288378
1066 0.0287206
1067 0.0285934
1068 0.0284565
1069 0.02831
1070 0.028154
1071 0.0279887
1072 0.0278142
1073 0.0276308
1074 0.0274387
1075 0.027238
1076 0.027029
1077 0.0268118
1078 0.0265867
1079 0.026354
1080 0.0261138
1081 0.0258664
1082 0.025612
1083 0.025351
1084 0.0250835
1085 0.0248098
1086 0.0245302
1087 0.024245
1088 0.0239544
1089 0.0236587
1090 0.0233582
1091 0.0230531
1092 0.0227438
1093 0.0224304
1094 0.0221134
1095 0.021793
1096 0.0214694
1097 0.021143
1098 0.020814
1099 0.0204827
1100 0.0201494
1101 0.0198143
1102 0.0194778
1103 0.0191401
1104 0.0188014
1105 0.018462
1106 0.0181222
1107 0.0177822
1108 0.0174423
1109 0.0171027
1110 0.0167637
1111 0.0164255
1112 0.0160883
1113 0.0157523
1114 0.0154178
1115 0.0150849
1116 0.0147539
1117 0.014425
1118 0.0140983
1119 0.0137741
1120 0.0134525
1121 0.0131336
1122 0.0128177
1123 0.0125049
1124 0.0121954
1125 0.0118893
1126 0.0115866
1127 0.0112876
1128 0.0109924
1129 0.0107011
1130 0.0104138
1131 0.0101305
1132 0.00985141
1133 0.00957658
1134 0.00930609
1135 0.00904
1136 0.00877837
1137 0.00852128
1138 0.00826875
1139 0.00802084
1140 0.00777759
1141 0.00753902
1142 0.00730516
1143 0.00707604
1144 0.00685165
1145 0.00663202
1146 0.00641715
1147 0.00620702
1148 0.00600164
1149 0.00580099
1150 0.00560506
1151 0.00541382
1152 0.00522725
1153 0.00504532
1154 0.00486799
1155 0.00469523
1156 0.00452699
1157 0.00436324
1158 0.00420392
1159 0.00404899
1160 0.00389839
1161 0.00375206
1162 0.00360995
1163 0.00347199
1164 0.00333813
1165 0.0032083
1166 0.00308243
1167 0.00296045
1168 0.0028423
1169 0.00272791
1170 0.0026172
1171 0.00251009
1172 0.00240653
1173 0.00230643
1174 0.00220971
1175 0.00211631
1176 0.00202615
1177 0.00193914
1178 0.00185523
1179 0.00177432
1180 0.00169635
1181 0.00162123
1182 0.0015489
1183 0.00147928
1184 0.0014123
1185 0.00134788
1186 0.00128595
1187 0.00122644
1188 0.00116927
1189 0.00111438
1190 0.0010617
1191 0.00101115
1192 0.000962682
1193 0.000916214
1194 0.000871687
1195 0.000829036
1196 0.000788198
1197 0.000749112
1198 0.000711717
1199 0.000675955
1200 0.000641768
1201 0.000609098
1202 0.000577892
1203 0.000548095
1204 0.000519655
1205 0.000492521
1206 0.000466642
1207 0.00044197
1208 0.000418459
1209 0.000396062
1210 0.000374734
1211 0.000354433
1212 0.000335116
1213 0.000316743
1214 0.000299274
1215 0.000282672
1216 0.000266899
1217 0.000251919
1218 0.000237699
1219 0.000224204
1220 0.000211403
1221 0.000199265
1222 0.000187759
1223 0.000176857
1224 0.000166531
1225 0.000156754
1226 0.0001475
1227 0.000138746
1228 0.000130466
1229 0.000122639
1230 0.000115242
1231 0.000108254
1232 0.000101655
1233 9.54258e-05
1234 8.95477e-05
1235 8.40031e-05
1236 7.8775e-05
1237 7.3847e-05
1238 6.92038e-05
1239 6.48305e-05
1240 6.07128e-05
1241 5.68374e-05
1242 5.31912e-05
1243 4.9762e-05
1244 4.65381e-05
1245 4.35082e-05
1246 4.06618e-05
1247 3.79888e-05
1248 3.54793e-05
1249 3.31245e-05
1250 3.09154e-05
1251 2.88439e-05
1252 2.6902e-05
1253 2.50824e-05
1254 2.33779e-05
1255 2.17819e-05
1256 2.0288e-05
1257 1.88901e-05
1258 1.75826e-05
1259 1.636e-05
1260 1.52174e-05
1261 1.41497e-05
1262 1.31525e-05
1263 1.22214e-05
1264 1.13525e-05
1265 1.05417e-05
1266 9.78554e-06
1267 9.08056e-06
1268 8.42352e-06
1269 7.81138e-06
1270 7.24128e-06
1271 6.71053e-06
1272 6.21659e-06
1273 5.75706e-06
1274 5.3297e-06
1275 4.9324e-06
1276 4.56319e-06
1277 4.22019e-06
1278 3.90166e-06
1279 3.60595e-06
1280 3.33154e-06
1281 3.07698e-06
1282 2.84091e-06
1283 2.62207e-06
1284 2.41928e-06
1285 2.23142e-06
1286 2.05746e-06
1287 1.89642e-06
1288 1.74741e-06
1289 1.60956e-06
1290 1.48209e-06
1291 1.36426e-06
1292 1.25537e-06
1293 1.15479e-06
1294 1.06191e-06
1295 9.76181e-07
1296 8.97069e-07
1297 8.24093e-07
1298 7.56801e-07
1299 6.94772e-07
1300 6.37615e-07
1301 5.84964e-07
1302 5.36483e-07
1303 4.91856e-07
1304 4.50791e-07
1305 4.13017e-07
1306 3.78283e-07
1307 3.46355e-07
1308 3.17016e-07
1309 2.90067e-07
1310 2.6532e-07
1311 2.42605e-07
1312 2.2176e-07
1313 2.0264e-07
1314 1.85107e-07
1315 1.69036e-07
1316 1.54308e-07
1317 1.40818e-07
1318 1.28465e-07
1319 1.17156e-07
1320 1.06808e-07
1321 9.73426e-08
1322 8.86865e-08
1323 8.07737e-08
1324 7.35429e-08
1325 6.69374e-08
1326 6.09053e-08
1327 5.53987e-08
1328 5.03736e-08
1329 4.57894e-08
1330 4.16088e-08
1331 3.77976e-08
1332 3.43244e-08
1333 3.11602e-08
1334 2.82786e-08
1335 2.56551e-08
1336 2.32676e-08
1337 2.10954e-08
1338 1.91198e-08
1339 1.73237e-08
1340 1.56913e-08
1341 1.42081e-08
1342 1.2861e-08
1343 1.16379e-08
1344 1.05277e-08
1345 9.52044e-09
1346 8.60678e-09
1347 7.77833e-09
1348 7.02739e-09
1349 6.34694e-09
1350 5.73055e-09
1351 5.17239e-09
1352 4.66712e-09
1353 4.20987e-09
1354 3.79623e-09
1355 3.42216e-09
1356 3.08397e-09
1357 2.77834e-09
1358 2.50221e-09
1359 2.25282e-09
1360 2.02765e-09
1361 1.82442e-09
1362 1.64104e-09
1363 1.47564e-09
1364 1.3265e-09
1365 1.19206e-09
1366 1.07092e-09
1367 9.61789e-10
1368 8.63513e-10
1369 7.7504e-10
1370 6.95417e-10
1371 6.23782e-10
1372 5.59355e-10
1373 5.01429e-10
1374 4.49363e-10
1375 4.02581e-10
1376 3.60559e-10
1377 3.22825e-10
1378 2.88952e-10
1379 2.58554e-10
1380 2.31284e-10
1381 2.06827e-10
1382 1.84901e-10
1383 1.65249e-10
1384 1.47641e-10
1385 1.31869e-10
1386 1.17746e-10
1387 1.05105e-10
1388 9.37921e-11
1389 8.36718e-11
1390 7.46211e-11
1391 6.65294e-11
1392 5.92973e-11
1393 5.28356e-11
1394 4.70638e-11
1395 4.19101e-11
1396 3.73095e-11
1397 3.3204e-11
1398 2.95414e-11
1399 2.6275e-11
1400 2.33628e-11
1401 2.07672e-11
1402 1.84544e-11
1403 1.63943e-11
1404 1.45598e-11
1405 1.29268e-11
1406 1.14735e-11
1407 1.01805e-11
1408 9.03059e-12
1409 8.00816e-12
1410 7.09937e-12
1411 6.29185e-12
1412 5.57451e-12
1413 4.93749e-12
1414 4.37197e-12
1415 3.87006e-12
1416 3.42476e-12
1417 3.02979e-12
1418 2.67957e-12
1419 2.36913e-12
1420 2.09403e-12
1421 1.85033e-12
1422 1.6345e-12
1423 1.44342e-12
1424 1.27429e-12
1425 1.12465e-12
1426 9.9228e-13
1427 8.75231e-13
1428 7.71759e-13
1429 6.80317e-13
1430 5.99531e-13
1431 5.2818e-13
1432 4.65181e-13
1433 4.09575e-13
1434 3.60507e-13
1435 3.17223e-13
1436 2.79053e-13
1437 2.45402e-13
1438 2.15745e-13
1439 1.89614e-13
1440 1.66599e-13
1441 1.46334e-13
1442 1.28495e-13
1443 1.12797e-13
1444 9.89873e-14
1445 8.68422e-14
1446 7.61644e-14
1447 6.67795e-14
1448 5.85335e-14
1449 5.12903e-14
1450 4.493e-14
1451 3.93465e-14
1452 3.44467e-14
1453 3.01479e-14
1454 2.63777e-14
1455 2.30721e-14
1456 2.01747e-14
1457 1.76359e-14
1458 1.5412e-14
1459 1.34644e-14
1460 1.17595e-14
1461 1.02674e-14
1462 8.96189e-15
1463 7.82007e-15
1464 6.82169e-15
1465 5.949e-15
1466 5.1864e-15
1467 4.52021e-15
1468 3.93842e-15
1469 3.4305e-15
1470 2.98718e-15
1471 2.60039e-15
1472 2.26301e-15
1473 1.96881e-15
1474 1.71236e-15
1475 1.48887e-15
1476 1.29417e-15
1477 1.12459e-15
1478 9.76951e-16
1479 8.48442e-16
1480 7.36621e-16
1481 6.39349e-16
1482 5.5476e-16
1483 4.81222e-16
1484 4.17309e-16
1485 3.6178e-16
1486 3.13548e-16
1487 2.71667e-16
1488 2.35312e-16
1489 2.03763e-16
1490 1.76392e-16
1491 1.52655e-16
1492 1.32073e-16
1493 1.14233e-16
1494 9.87751e-17
1495 8.53842e-17
1496 7.37874e-17
1497 6.37475e-17
1498 5.5058e-17
1499 4.75393e-17
1500 4.10358e-17
1501 3.54118e-17
1502 3.055e-17
1503 2.63482e-17
1504 2.27179e-17
1505 1.95823e-17
1506 1.68747e-17
1507 1.45373e-17
1508 1.25203e-17
1509 1.078e-17
1510 9.27907e-18
1511 7.98488e-18
1512 6.86927e-18
1513 5.90789e-18
1514 5.07964e-18
1515 4.36629e-18
1516 3.75208e-18
1517 3.22338e-18
1518 2.76841e-18
1519 2.377e-18
1520 2.04037e-18
1521 1.75093e-18
1522 1.50213e-18
1523 1.28833e-18
1524 1.10466e-18
1525 9.46915e-19
1526 8.11472e-19
1527 6.95211e-19
1528 5.95444e-19
1529 5.09854e-19
1530 4.36448e-19
1531 3.73508e-19
1532 3.19557e-19
1533 2.73324e-19
1534 2.33716e-19
1535 1.99793e-19
1536 1.70748e-19
1537 1.45885e-19
1538 1.24608e-19
1539 1.06405e-19
1540 9.08365e-20
1541 7.75247e-20
1542 6.61455e-20
1543 5.64212e-20
1544 4.81133e-20
1545 4.10174e-20
1546 3.49585e-20
1547 2.97864e-20
1548 2.53726e-20
1549 2.16068e-20
1550 1.83949e-20
1551 1.56562e-20
1552 1.33215e-20
1553 1.13319e-20
1554 9.63677e-21
1555 8.19295e-21
1556 6.96352e-21
1557 5.91695e-21
1558 5.02627e-21
1559 4.26849e-21
1560 3.62394e-21
1561 3.07587e-21
1562 2.60996e-21
1563 2.21401e-21
1564 1.8776e-21
1565 1.59187e-21
1566 1.34924e-21
1567 1.14327e-21
1568 9.68474e-22
1569 8.20174e-22
1570 6.94387e-22
1571 5.87728e-22
1572 4.97312e-22
1573 4.20687e-22
1574 3.55769e-22
1575 3.00784e-22
1576 2.54225e-22
1577 2.14813e-22
1578 1.8146e-22
1579 1.53242e-22
1580 1.29376e-22
1581 1.09196e-22
1582 9.21376e-23
1583 7.77221e-23
1584 6.55436e-23
1585 5.52577e-23
1586 4.65729e-23
1587 3.9242e-23
1588 3.30558e-23
1589 2.78369e-23
1590 2.34353e-23
1591 1.97242e-23
1592 1.65961e-23
1593 1.39601e-23
1594 1.17395e-23
1595 9.86939e-24
1596 8.29484e-24
1597 6.96953e-24
1598 5.85433e-24
1599 4.9162e-24
1600 4.12724e-24
1601 3.46393e-24
1602 2.90641e-24
1603 2.43795e-24
1604 2.04442e-24
1605 1.71394e-24
1606 1.43648e-24
1607 1.2036e-24
1608 1.0082e-24
1609 8.44285e-25
1610 7.06826e-25
1611 5.91584e-25
1612 4.94994e-25
1613 4.14061e-25
1614 3.46266e-25
1615 2.89492e-25
1616 2.4196e-25
1617 2.02178e-25
1618 1.6889e-25
1619 1.41045e-25
1620 1.17758e-25
1621 9.82896e-26
1622 8.20176e-26
1623 6.8421e-26
1624 5.70629e-26
1625 4.75776e-26
1626 3.96582e-26
1627 3.30482e-26
1628 2.75326e-26
1629 2.29313e-26
1630 1.90939e-26
1631 1.58945e-26
1632 1.32276e-26
1633 1.10052e-26
1634 9.15384e-27
1635 7.61188e-27
1636 6.32799e-27
1637 5.25926e-27
1638 4.36987e-27
1639 3.62992e-27
1640 3.01448e-27
1641 2.50272e-27
1642 2.07729e-27
1643 1.72372e-27
1644 1.42996e-27
1645 1.18595e-27
1646 9.83319e-28
1647 8.15094e-28
1648 6.75472e-28
1649 5.59618e-28
1650 4.63514e-28
1651 3.83812e-28
1652 3.17732e-28
1653 2.62959e-28
1654 2.17571e-28
1655 1.79969e-28
1656 1.48827e-28
1657 1.23041e-28
1658 1.01696e-28
1659 8.40314e-29
1660 6.94168e-29
1661 5.73288e-29
1662 4.73331e-29
1663 3.90698e-29
1664 3.22405e-29
1665 2.65978e-29
1666 2.19369e-29
1667 1.80878e-29
1668 1.49101e-29
1669 1.22874e-29
1670 1.01233e-29
1671 8.33803e-30
1672 6.86578e-30
1673 5.65194e-30
1674 4.65144e-30
1675 3.82701e-30
1676 3.14784e-30
1677 2.58849e-30
1678 2.12795e-30
1679 1.74887e-30
1680 1.43692e-30
1681 1.18029e-30
1682 9.69225e-31
1683 7.95683e-31
1684 6.53032e-31
1685 5.35807e-31
1686 4.39502e-31
1687 3.60406e-31
1688 2.95462e-31
1689 2.42153e-31
1690 1.98406e-31
1691 1.62517e-31
1692 1.33082e-31
1693 1.08948e-31
1694 8.91646e-32
1695 7.29532e-32
1696 5.96724e-32
1697 4.87953e-32
1698 3.98896e-32
1699 3.26e-32
1700 2.66349e-32
1701 2.17551e-32
1702 1.77643e-32
1703 1.45014e-32
1704 1.18344e-32
1705 9.65514e-33
1706 7.87493e-33
1707 6.42112e-33
1708 5.23419e-33
1709 4.26545e-33
1710 3.475e-33
1711 2.83022e-33
1712 2.30442e-33
1713 1.87576e-33
1714 1.5264e-33
1715 1.24176e-33
1716 1.0099e-33
1717 8.21104e-34
1718 6.6741e-34
1719 5.42329e-34
1720 4.40565e-34
1721 3.57793e-34
1722 2.9049e-34
1723 2.3578e-34
1724 1.91319e-34
1725 1.55198e-34
1726 1.25862e-34
1727 1.02041e-34
1728 8.27059e-35
1729 6.70153e-35
1730 5.42862e-35
1731 4.39626e-35
1732 3.55922e-35
1733 2.88075e-35
1734 2.33096e-35
1735 1.88557e-35
1736 1.52486e-35
1737 1.23281e-35
1738 9.9642e-36
1739 8.05135e-36
1740 6.50392e-36
1741 5.25245e-36
1742 4.24062e-36
1743 3.42277e-36
1744 2.76189e-36
1745 2.22801e-36
1746 1.79684e-36
1747 1.44872e-36
1748 1.16773e-36
1749 9.40979e-37
1750 7.58056e-37
1751 6.10527e-37
1752 4.91577e-37
1753 3.95695e-37
1754 3.1843e-37
1755 2.56183e-37
1756 2.06048e-37
1757 1.65681e-37
1758 1.33186e-37
1759 1.07036e-37
1760 8.5997e-38
1761 6.90751e-38
1762 5.54681e-38
1763 4.45296e-38
1764 3.57387e-38
1765 2.86755e-38
1766 2.30022e-38
1767 1.84463e-38
1768 1.47888e-38
1769 1.18534e-38
1770 9.49802e-39
1771 7.60865e-39
1772 6.09347e-39
1773 4.87871e-39
1774 3.90506e-39
1775 3.12488e-39
1776 2.49989e-39
1777 1.99936e-39
1778 1.5986e-39
1779 1.27783e-39
1780 1.02114e-39
1781 8.15789e-40
1782 6.51555e-40
1783 5.20239e-40
1784 4.15274e-40
1785 3.31394e-40
1786 2.64383e-40
1787 2.10862e-40
1788 1.68129e-40
1789 1.34018e-40
1790 1.06797e-40
1791 8.50801e-41
1792 6.776e-41
1793 5.39502e-41
1794 4.29424e-41
1795 3.41706e-41
1796 2.71826e-41
1797 2.16172e-41
1798 1.71862e-41
1799 1.36594e-41
1800 1.0853e-41
1801 8.6206e-42
1802 6.84531e-42
1803 5.43395e-42
1804 4.31226e-42
1805 3.42104e-42
1806 2.71317e-42
1807 2.1511e-42
1808 1.70492e-42
1809 1.35087e-42
1810 1.06999e-42
1811 8.47248e-43
1812 6.70655e-43
1813 5.30697e-43
1814 4.19809e-43
1815 3.31982e-43
1816 2.62442e-43
1817 2.07399e-43
1818 1.63846e-43
1819 1.29395e-43
1820 1.02153e-43
1821 8.06194e-44
1822 6.3603e-44
1823 5.01609e-44
1824 3.9546e-44
1825 3.11666e-44
1826 2.4554e-44
1827 1.93376e-44
1828 1.5224e-44
1829 1.19812e-44
1830 9.4258e-45
1831 7.41273e-45
1832 5.82748e-45
1833 4.57958e-45
1834 3.59759e-45
1835 2.82512e-45
1836 2.2177e-45
1837 1.74024e-45
1838 1.36506e-45
1839 1.07036e-45
1840 8.38974e-46
1841 6.57357e-46
1842 5.14861e-46
1843 4.031e-46
1844 3.15478e-46
1845 2.46808e-46
1846 1.9301e-46
1847 1.50881e-46
1848 1.17902e-46
1849 9.20948e-47
1850 7.19086e-47
1851 5.61249e-47
1852 4.37884e-47
1853 3.41499e-47
1854 2.66225e-47
1855 2.0746e-47
1856 1.61602e-47
1857 1.2583e-47
1858 9.79369e-48
1859 7.61963e-48
1860 5.92578e-48
1861 4.6066e-48
1862 3.57964e-48
1863 2.78048e-48
1864 2.15885e-48
1865 1.67551e-48
1866 1.29985e-48
1867 1.008e-48
1868 7.81354e-49
1869 6.05417e-49
1870 4.68901e-49
1871 3.63017e-49
1872 2.80925e-49
1873 2.17307e-49
1874 1.68025e-49
1875 1.29865e-49
1876 1.00329e-49
1877 7.7478e-50
1878 5.98063e-50
1879 4.61457e-50
1880 3.55903e-50
1881 2.74377e-50
1882 2.11436e-50
1883 1.62864e-50
1884 1.25397e-50
1885 9.65074e-51
1886 7.4242e-51
1887 5.7089e-51
1888 4.38802e-51
1889 3.37131e-51
1890 2.58906e-51
1891 1.98745e-51
1892 1.52498e-51
1893 1.16962e-51
1894 8.96682e-52
1895 6.87137e-52
1896 5.26332e-52
1897 4.02984e-52
1898 3.08409e-52
1899 2.35927e-52
1900 1.80401e-52
1901 1.37883e-52
1902 1.0534e-52
1903 8.04431e-53
1904 6.14035e-53
1905 4.68498e-53
1906 3.57299e-53
1907 2.72375e-53
1908 2.07544e-53
1909 1.58076e-53
1910 1.20345e-53
1911 9.15803e-54
1912 6.96602e-54
1913 5.29635e-54
1914 4.02511e-54
1915 3.05765e-54
1916 2.32171e-54
1917 1.76212e-54
1918 1.33682e-54
1919 1.01372e-54
1920 7.68374e-55
1921 5.82151e-55
1922 4.40867e-55
1923 3.33724e-55
1924 2.52509e-55
1925 1.90973e-55
1926 1.4437e-55
1927 1.09092e-55
1928 8.23974e-56
1929 6.22076e-56
1930 4.69441e-56
1931 3.54101e-56
1932 2.66982e-56
1933 2.01207e-56
1934 1.5157e-56
1935 1.14128e-56
1936 8.58972e-57
1937 6.4621e-57
1938 4.85932e-57
1939 3.65246e-57
1940 2.74412e-57
1941 2.06077e-57
1942 1.5469e-57
1943 1.16066e-57
1944 8.70471e-58
1945 6.52547e-58
1946 4.88964e-58
1947 3.66227e-58
1948 2.74177e-58
1949 2.05173e-58
1950 1.53468e-58
1951 1.14742e-58
1952 8.57501e-59
1953 6.40553e-59
1954 4.78281e-59
1955 3.5696e-59
1956 2.66296e-59
1957 1.98571e-59
1958 1.48005e-59
1959 1.10267e-59
1960 8.21149e-60
1961 6.11233e-60
1962 4.54778e-60
1963 3.38221e-60
1964 2.51425e-60
1965 1.86821e-60
1966 1.38756e-60
1967 1.03011e-60
1968 7.6441e-61
1969 5.66992e-61
1970 4.20373e-61
1971 3.11531e-61
1972 2.30769e-61
1973 1.70868e-61
1974 1.2646e-61
1975 9.3552e-62
1976 6.91771e-62
1977 5.11305e-62
1978 3.77752e-62
1979 2.7896e-62
1980 2.05914e-62
1981 1.51928e-62
1982 1.12047e-62
1983 8.25979e-63
1984 6.08622e-63
1985 4.48266e-63
1986 3.30014e-63
1987 2.4285e-63
1988 1.78629e-63
1989 1.31334e-63
1990 9.65184e-64
1991 7.0901e-64
1992 5.206e-64
1993 3.82089e-64
1994 2.80308e-64
1995 2.05549e-64
1996 1.50662e-64
1997 1.10383e-64
1998 8.08369e-65
1999 5.91735e-65
2000 4.32967e-65
2001 3.16658e-65
2002 2.31493e-65
2003 1.69159e-65
2004 1.23555e-65
2005 9.02061e-66
2006 6.58297e-66
2007 4.80195e-66
2008 3.50125e-66
2009 2.55176e-66
2010 1.85894e-66
2011 1.35363e-66
2012 9.85253e-67
2013 7.1681e-67
2014 5.2128e-67
2015 3.7892e-67
2016 2.75318e-67
2017 1.99955e-67
2018 1.45158e-67
2019 1.05331e-67
2020 7.63985e-68
2021 5.53888e-68
2022 4.01391e-68
2023 2.90751e-68
2024 2.10515e-68
2025 1.52353e-68
2026 1.1021e-68
2027 7.96886e-69
2028 5.75927e-69
2029 4.16035e-69
2030 3.00385e-69
2031 2.1677e-69
2032 1.56344e-69
2033 1.12694e-69
2034 8.11766e-70
2035 5.84298e-70
2036 4.20205e-70
2037 3.01888e-70
2038 2.16625e-70
2039 1.55226e-70
2040 1.11053e-70
2041 7.93216e-71
2042 5.65852e-71
2043 4.03691e-71
2044 2.89046e-71
2045 2.09389e-71
2046 1.56001e-71
2047 1.2303e-71
