0 1.3095e-21
1 1.1506e-21
2 1.01116e-21
3 8.89214e-22
4 7.83032e-22
5 6.91107e-22
6 6.1211e-22
7 5.44901e-22
8 4.88501e-22
9 4.42065e-22
10 4.04893e-22
11 3.7641e-22
12 3.56153e-22
13 3.43777e-22
14 3.39034e-22
15 3.41776e-22
16 3.51966e-22
17 3.69652e-22
18 3.9498e-22
19 4.28195e-22
20 4.69646e-22
21 5.19778e-22
22 5.79144e-22
23 6.48414e-22
24 7.28375e-22
25 8.19949e-22
26 9.24188e-22
27 1.04229e-21
28 1.17564e-21
29 1.32577e-21
30 1.49442e-21
31 1.68357e-21
32 1.89538e-21
33 2.13233e-21
34 2.39714e-21
35 2.69287e-21
36 3.02291e-21
37 3.39108e-21
38 3.80156e-21
39 4.25905e-21
40 4.76877e-21
41 5.33649e-21
42 5.96865e-21
43 6.67238e-21
44 7.45557e-21
45 8.32703e-21
46 9.29649e-21
47 1.03747e-20
48 1.15737e-20
49 1.29068e-20
50 1.43885e-20
51 1.60353e-20
52 1.78651e-20
53 1.98978e-20
54 2.21556e-20
55 2.46629e-20
56 2.74468e-20
57 3.05372e-20
58 3.39673e-20
59 3.77735e-20
60 4.19964e-20
61 4.66807e-20
62 5.18759e-20
63 5.76366e-20
64 6.40232e-20
65 7.11021e-20
66 7.89473e-20
67 8.76397e-20
68 9.72691e-20
69 1.07935e-19
70 1.19745e-19
71 1.32822e-19
72 1.47297e-19
73 1.63316e-19
74 1.81043e-19
75 2.00654e-19
76 2.22346e-19
77 2.46334e-19
78 2.72858e-19
79 3.0218e-19
80 3.34587e-19
81 3.70398e-19
82 4.09964e-19
83 4.53668e-19
84 5.01935e-19
85 5.55232e-19
86 6.1407e-19
87 6.79013e-19
88 7.50682e-19
89 8.29758e-19
90 9.16989e-19
91 1.0132e-18
92 1.11929e-18
93 1.23625e-18
94 1.36518e-18
95 1.50727e-18
96 1.66384e-18
97 1.83632e-18
98 2.02631e-18
99 2.23553e-18
100 2.46588e-18
101 2.71946e-18
102 2.99856e-18
103 3.30568e-18
104 3.64358e-18
105 4.01526e-18
106 4.42403e-18
107 4.87351e-18
108 5.36764e-18
109 5.91078e-18
110 6.50766e-18
111 7.16348e-18
112 7.88392e-18
113 8.67519e-18
114 9.54411e-18
115 1.04981e-17
116 1.15453e-17
117 1.26946e-17
118 1.39556e-17
119 1.53391e-17
120 1.68566e-17
121 1.85208e-17
122 2.03455e-17
123 2.23457e-17
124 2.45381e-17
125 2.69404e-17
126 2.95725e-17
127 3.24557e-17
128 3.56132e-17
129 3.90707e-17
130 4.28559e-17
131 4.69989e-17
132 5.15329e-17
133 5.64937e-17
134 6.19205e-17
135 6.78559e-17
136 7.43464e-17
137 8.14425e-17
138 8.91993e-17
139 9.76766e-17
140 1.0694e-16
141 1.1706e-16
142 1.28113e-16
143 1.40185e-16
144 1.53365e-16
145 1.67754e-16
146 1.83459e-16
147 2.00597e-16
148 2.19295e-16
149 2.39692e-16
150 2.61938e-16
151 2.86197e-16
152 3.12644e-16
153 3.41473e-16
154 3.72891e-16
155 4.07126e-16
156 4.44422e-16
157 4.85046e-16
158 5.29287e-16
159 5.77458e-16
160 6.29898e-16
161 6.86974e-16
162 7.49086e-16
163 8.16664e-16
164 8.90177e-16
165 9.7013e-16
166 1.05707e-15
167 1.15159e-15
168 1.25434e-15
169 1.366e-15
170 1.48733e-15
171 1.61915e-15
172 1.76232e-15
173 1.9178e-15
174 2.08661e-15
175 2.26988e-15
176 2.46878e-15
177 2.68462e-15
178 2.9188e-15
179 3.17282e-15
180 3.44831e-15
181 3.74704e-15
182 4.0709e-15
183 4.42194e-15
184 4.80237e-15
185 5.21457e-15
186 5.66111e-15
187 6.14476e-15
188 6.66852e-15
189 7.23559e-15
190 7.84944e-15
191 8.51382e-15
192 9.23274e-15
193 1.00105e-14
194 1.08519e-14
195 1.17618e-14
196 1.27457e-14
197 1.38094e-14
198 1.49592e-14
199 1.62017e-14
200 1.75444e-14
201 1.89948e-14
202 2.05615e-14
203 2.22533e-14
204 2.40801e-14
205 2.60522e-14
206 2.81807e-14
207 3.04777e-14
208 3.2956e-14
209 3.56295e-14
210 3.8513e-14
211 4.16226e-14
212 4.49751e-14
213 4.85891e-14
214 5.24842e-14
215 5.66815e-14
216 6.12035e-14
217 6.60746e-14
218 7.13207e-14
219 7.69697e-14
220 8.30514e-14
221 8.95977e-14
222 9.66427e-14
223 1.04223e-13
224 1.12378e-13
225 1.2115e-13
226 1.30583e-13
227 1.40725e-13
228 1.51628e-13
229 1.63346e-13
230 1.75938e-13
231 1.89467e-13
232 2.03999e-13
233 2.19607e-13
234 2.36367e-13
235 2.54359e-13
236 2.73672e-13
237 2.94398e-13
238 3.16637e-13
239 3.40494e-13
240 3.66083e-13
241 3.93525e-13
242 4.22947e-13
243 4.54487e-13
244 4.88291e-13
245 5.24515e-13
246 5.63326e-13
247 6.04901e-13
248 6.49428e-13
249 6.97108e-13
250 7.48156e-13
251 8.028e-13
252 8.61282e-13
253 9.23861e-13
254 9.90813e-13
255 1.06243e-12
256 1.13903e-12
257 1.22093e-12
258 1.30849e-12
259 1.40209e-12
260 1.50213e-12
261 1.60902e-12
262 1.72323e-12
263 1.84522e-12
264 1.97551e-12
265 2.11463e-12
266 2.26317e-12
267 2.42172e-12
268 2.59094e-12
269 2.77151e-12
270 2.96415e-12
271 3.16965e-12
272 3.38881e-12
273 3.6225e-12
274 3.87165e-12
275 4.13722e-12
276 4.42026e-12
277 4.72184e-12
278 5.04314e-12
279 5.38536e-12
280 5.74982e-12
281 6.13788e-12
282 6.551e-12
283 6.9907e-12
284 7.45862e-12
285 7.95647e-12
286 8.48606e-12
287 9.04931e-12
288 9.64826e-12
289 1.0285e-11
290 1.09619e-11
291 1.16813e-11
292 1.24456e-11
293 1.32576e-11
294 1.41201e-11
295 1.50361e-11
296 1.60086e-11
297 1.7041e-11
298 1.81368e-11
299 1.92996e-11
300 2.05334e-11
301 2.18421e-11
302 2.32302e-11
303 2.47021e-11
304 2.62627e-11
305 2.7917e-11
306 2.96703e-11
307 3.15283e-11
308 3.34968e-11
309 3.55821e-11
310 3.77907e-11
311 4.01295e-11
312 4.26058e-11
313 4.52273e-11
314 4.8002e-11
315 5.09383e-11
316 5.40452e-11
317 5.7332e-11
318 6.08087e-11
319 6.44855e-11
320 6.83734e-11
321 7.24838e-11
322 7.68288e-11
323 8.14209e-11
324 8.62735e-11
325 9.14005e-11
326 9.68165e-11
327 1.02537e-10
328 1.08578e-10
329 1.14956e-10
330 1.21689e-10
331 1.28795e-10
332 1.36295e-10
333 1.44207e-10
334 1.52555e-10
335 1.61359e-10
336 1.70643e-10
337 1.80432e-10
338 1.90751e-10
339 2.01627e-10
340 2.13087e-10
341 2.25161e-10
342 2.37879e-10
343 2.51273e-10
344 2.65377e-10
345 2.80224e-10
346 2.95852e-10
347 3.12297e-10
348 3.29599e-10
349 3.478e-10
350 3.66942e-10
351 3.87069e-10
352 4.0823e-10
353 4.30471e-10
354 4.53844e-10
355 4.78403e-10
356 5.04201e-10
357 5.31296e-10
358 5.59749e-10
359 5.89621e-10
360 6.20978e-10
361 6.53888e-10
362 6.88422e-10
363 7.24652e-10
364 7.62656e-10
365 8.02514e-10
366 8.4431e-10
367 8.8813e-10
368 9.34065e-10
369 9.8221e-10
370 1.03266e-09
371 1.08552e-09
372 1.14091e-09
373 1.19891e-09
374 1.25967e-09
375 1.32328e-09
376 1.38989e-09
377 1.45962e-09
378 1.53261e-09
379 1.609e-09
380 1.68893e-09
381 1.77256e-09
382 1.86005e-09
383 1.95157e-09
384 2.04728e-09
385 2.14736e-09
386 2.252e-09
387 2.3614e-09
388 2.47574e-09
389 2.59524e-09
390 2.7201e-09
391 2.85056e-09
392 2.98684e-09
393 3.12917e-09
394 3.27781e-09
395 3.433e-09
396 3.595e-09
397 3.76408e-09
398 3.94053e-09
399 4.12462e-09
400 4.31666e-09
401 4.51694e-09
402 4.72578e-09
403 4.94351e-09
404 5.17044e-09
405 5.40693e-09
406 5.65332e-09
407 5.90997e-09
408 6.17724e-09
409 6.45553e-09
410 6.74522e-09
411 7.0467e-09
412 7.36039e-09
413 7.68671e-09
414 8.02608e-09
415 8.37896e-09
416 8.74579e-09
417 9.12704e-09
418 9.5232e-09
419 9.93474e-09
420 1.03622e-08
421 1.08061e-08
422 1.12669e-08
423 1.17452e-08
424 1.22416e-08
425 1.27566e-08
426 1.32909e-08
427 1.3845e-08
428 1.44197e-08
429 1.50155e-08
430 1.56331e-08
431 1.62733e-08
432 1.69367e-08
433 1.76241e-08
434 1.83363e-08
435 1.9074e-08
436 1.98381e-08
437 2.06295e-08
438 2.1449e-08
439 2.22976e-08
440 2.31761e-08
441 2.40855e-08
442 2.50269e-08
443 2.60013e-08
444 2.70098e-08
445 2.80534e-08
446 2.91334e-08
447 3.02509e-08
448 3.14071e-08
449 3.26033e-08
450 3.38407e-08
451 3.51208e-08
452 3.64447e-08
453 3.78141e-08
454 3.92302e-08
455 4.06945e-08
456 4.22086e-08
457 4.37739e-08
458 4.53921e-08
459 4.70646e-08
460 4.87931e-08
461 5.05792e-08
462 5.24247e-08
463 5.4331e-08
464 5.62999e-08
465 5.83332e-08
466 6.04324e-08
467 6.25993e-08
468 6.48356e-08
469 6.71431e-08
470 6.95233e-08
471 7.1978e-08
472 7.45089e-08
473 7.71177e-08
474 7.98059e-08
475 8.25752e-08
476 8.54272e-08
477 8.83635e-08
478 9.13856e-08
479 9.4495e-08
480 9.76932e-08
481 1.00982e-07
482 1.04362e-07
483 1.07835e-07
484 1.11403e-07
485 1.15066e-07
486 1.18827e-07
487 1.22686e-07
488 1.26644e-07
489 1.30703e-07
490 1.34864e-07
491 1.39128e-07
492 1.43497e-07
493 1.47971e-07
494 1.52552e-07
495 1.57241e-07
496 1.62039e-07
497 1.66948e-07
498 1.71968e-07
499 1.77103e-07
500 1.82351e-07
501 1.87717e-07
502 1.932e-07
503 1.98804e-07
504 2.04529e-07
505 2.10378e-07
506 2.16353e-07
507 2.22457e-07
508 2.28692e-07
509 2.3506e-07
510 2.41565e-07
511 2.48209e-07
512 2.54997e-07
513 2.61931e-07
514 2.69016e-07
515 2.76255e-07
516 2.83653e-07
517 2.91214e-07
518 2.98943e-07
519 3.06844e-07
520 3.14924e-07
521 3.23187e-07
522 3.3164e-07
523 3.40287e-07
524 3.49136e-07
525 3.58192e-07
526 3.67461e-07
527 3.7695e-07
528 3.86666e-07
529 3.96616e-07
530 4.06805e-07
531 4.17242e-07
532 4.27931e-07
533 4.38881e-07
534 4.50098e-07
535 4.61587e-07
536 4.73355e-07
537 4.85408e-07
538 4.97752e-07
539 5.10391e-07
540 5.23332e-07
541 5.36577e-07
542 5.50131e-07
543 5.63998e-07
544 5.78179e-07
545 5.92678e-07
546 6.07495e-07
547 6.22632e-07
548 6.38088e-07
549 6.53861e-07
550 6.69951e-07
551 6.86354e-07
552 7.03067e-07
553 7.20085e-07
554 7.37403e-07
555 7.55013e-07
556 7.72908e-07
557 7.91079e-07
558 8.09517e-07
559 8.28211e-07
560 8.4715e-07
561 8.6632e-07
562 8.85708e-07
563 9.053e-07
564 9.25081e-07
565 9.45034e-07
566 9.65144e-07
567 9.85392e-07
568 1.00576e-06
569 1.02623e-06
570 1.04679e-06
571 1.06741e-06
572 1.08808e-06
573 1.10878e-06
574 1.12949e-06
575 1.15019e-06
576 1.17086e-06
577 1.19149e-06
578 1.21206e-06
579 1.23255e-06
580 1.25295e-06
581 1.27325e-06
582 1.29343e-06
583 1.31349e-06
584 1.3334e-06
585 1.35318e-06
586 1.37281e-06
587 1.39229e-06
588 1.41162e-06
589 1.43079e-06
590 1.44982e-06
591 1.46872e-06
592 1.48748e-06
593 1.50612e-06
594 1.52466e-06
595 1.54312e-06
596 1.5615e-06
597 1.57985e-06
598 1.59818e-06
599 1.61653e-06
600 1.63492e-06
601 1.6534e-06
602 1.67199e-06
603 1.69074e-06
604 1.70969e-06
605 1.72889e-06
606 1.74838e-06
607 1.76822e-06
608 1.78845e-06
609 1.80912e-06
610 1.8303e-06
611 1.85204e-06
612 1.87438e-06
613 1.89739e-06
614 1.92113e-06
615 1.94565e-06
616 1.971e-06
617 1.99725e-06
618 2.02444e-06
619 2.05262e-06
620 2.08185e-06
621 2.11217e-06
622 2.14362e-06
623 2.17626e-06
624 2.2101e-06
625 2.2452e-06
626 2.28156e-06
627 2.31923e-06
628 2.35821e-06
629 2.39852e-06
630 2.44017e-06
631 2.48315e-06
632 2.52745e-06
633 2.57308e-06
634 2.61999e-06
635 2.66816e-06
636 2.71757e-06
637 2.76815e-06
638 2.81987e-06
639 2.87265e-06
640 2.92644e-06
641 2.98114e-06
642 3.03669e-06
643 3.09297e-06
644 3.1499e-06
645 3.20735e-06
646 3.26522e-06
647 3.32337e-06
648 3.38168e-06
649 3.43999e-06
650 3.49817e-06
651 3.55606e-06
652 3.61351e-06
653 3.67034e-06
654 3.72639e-06
655 3.78148e-06
656 3.83544e-06
657 3.88809e-06
658 3.93924e-06
659 3.98871e-06
660 4.03632e-06
661 4.08187e-06
662 4.1252e-06
663 4.16611e-06
664 4.20442e-06
665 4.23996e-06
666 4.27256e-06
667 4.30206e-06
668 4.32828e-06
669 4.35108e-06
670 4.37031e-06
671 4.38584e-06
672 4.39754e-06
673 4.4053e-06
674 4.409e-06
675 4.40856e-06
676 4.40389e-06
677 4.39494e-06
678 4.38165e-06
679 4.36399e-06
680 4.34193e-06
681 4.31548e-06
682 4.28465e-06
683 4.24947e-06
684 4.20999e-06
685 4.16627e-06
686 4.11841e-06
687 4.06651e-06
688 4.01069e-06
689 3.9511e-06
690 3.88791e-06
691 3.82128e-06
692 3.75143e-06
693 3.67857e-06
694 3.60294e-06
695 3.5248e-06
696 3.44442e-06
697 3.36209e-06
698 3.27812e-06
699 3.19283e-06
700 3.10656e-06
701 3.01967e-06
702 2.93252e-06
703 2.84548e-06
704 2.75895e-06
705 2.67333e-06
706 2.58903e-06
707 2.50647e-06
708 2.42607e-06
709 2.34826e-06
710 2.27347e-06
711 2.20214e-06
712 2.13472e-06
713 2.07164e-06
714 2.01333e-06
715 1.96023e-06
716 1.91277e-06
717 1.87138e-06
718 1.83647e-06
719 1.80844e-06
720 1.78771e-06
721 1.77464e-06
722 1.76961e-06
723 1.77299e-06
724 1.78511e-06
725 1.8063e-06
726 1.83685e-06
727 1.87707e-06
728 1.92721e-06
729 1.98752e-06
730 2.05821e-06
731 2.13948e-06
732 2.2315e-06
733 2.33442e-06
734 2.44834e-06
735 2.57337e-06
736 2.70956e-06
737 2.85694e-06
738 3.01552e-06
739 3.18528e-06
740 3.36615e-06
741 3.55806e-06
742 3.76088e-06
743 3.97449e-06
744 4.19869e-06
745 4.43329e-06
746 4.67807e-06
747 4.93275e-06
748 5.19705e-06
749 5.47065e-06
750 5.75323e-06
751 6.0444e-06
752 6.34379e-06
753 6.65097e-06
754 6.96551e-06
755 7.28695e-06
756 7.61482e-06
757 7.94863e-06
758 8.28785e-06
759 8.63196e-06
760 8.98043e-06
761 9.3327e-06
762 9.6882e-06
763 1.00464e-05
764 1.04066e-05
765 1.07684e-05
766 1.11311e-05
767 1.14941e-05
768 1.18568e-05
769 1.22187e-05
770 1.25792e-05
771 1.29378e-05
772 1.32937e-05
773 1.36466e-05
774 1.39958e-05
775 1.43408e-05
776 1.46812e-05
777 1.50164e-05
778 1.5346e-05
779 1.56695e-05
780 1.59865e-05
781 1.62966e-05
782 1.65994e-05
783 1.68947e-05
784 1.7182e-05
785 1.74611e-05
786 1.77318e-05
787 1.79939e-05
788 1.82472e-05
789 1.84915e-05
790 1.87268e-05
791 1.8953e-05
792 1.91701e-05
793 1.93782e-05
794 1.95773e-05
795 1.97675e-05
796 1.9949e-05
797 2.0122e-05
798 2.02867e-05
799 2.04435e-05
800 2.05927e-05
801 2.07347e-05
802 2.08699e-05
803 2.09988e-05
804 2.1122e-05
805 2.124e-05
806 2.13534e-05
807 2.1463e-05
808 2.15693e-05
809 2.16733e-05
810 2.17757e-05
811 2.18773e-05
812 2.1979e-05
813 2.20818e-05
814 2.21867e-05
815 2.22946e-05
816 2.24066e-05
817 2.25239e-05
818 2.26475e-05
819 2.27786e-05
820 2.29184e-05
821 2.30682e-05
822 2.32292e-05
823 2.34028e-05
824 2.35902e-05
825 2.37928e-05
826 2.40121e-05
827 2.42494e-05
828 2.45062e-05
829 2.47839e-05
830 2.50841e-05
831 2.54082e-05
832 2.57578e-05
833 2.61344e-05
834 2.65396e-05
835 2.6975e-05
836 2.74421e-05
837 2.79426e-05
838 2.84781e-05
839 2.90502e-05
840 2.96606e-05
841 3.03109e-05
842 3.10027e-05
843 3.17378e-05
844 3.25178e-05
845 3.33443e-05
846 3.42191e-05
847 3.51437e-05
848 3.612e-05
849 3.71495e-05
850 3.82339e-05
851 3.9375e-05
852 4.05743e-05
853 4.18336e-05
854 4.31546e-05
855 4.45388e-05
856 4.5988e-05
857 4.75038e-05
858 4.90878e-05
859 5.07418e-05
860 5.24673e-05
861 5.4266e-05
862 5.61396e-05
863 5.80896e-05
864 6.01178e-05
865 6.22256e-05
866 6.44148e-05
867 6.6687e-05
868 6.90437e-05
869 7.14865e-05
870 7.40172e-05
871 7.66372e-05
872 7.93482e-05
873 8.21518e-05
874 8.50496e-05
875 8.80431e-05
876 9.11341e-05
877 9.4324e-05
878 9.76145e-05
879 0.000101007
880 0.000104504
881 0.000108106
882 0.000111814
883 0.000115632
884 0.00011956
885 0.0001236
886 0.000127753
887 0.000132022
888 0.000136408
889 0.000140912
890 0.000145537
891 0.000150283
892 0.000155154
893 0.00016015
894 0.000165273
895 0.000170525
896 0.000175909
897 0.000181425
898 0.000187075
899 0.000192862
900 0.000198788
901 0.000204854
902 0.000211062
903 0.000217414
904 0.000223912
905 0.000230559
906 0.000237356
907 0.000244305
908 0.000251409
909 0.00025867
910 0.00026609
911 0.00027367
912 0.000281414
913 0.000289324
914 0.000297402
915 0.000305651
916 0.000314072
917 0.000322669
918 0.000331443
919 0.000340398
920 0.000349536
921 0.000358859
922 0.00036837
923 0.000378073
924 0.000387969
925 0.000398061
926 0.000408353
927 0.000418846
928 0.000429545
929 0.000440452
930 0.000451569
931 0.000462901
932 0.00047445
933 0.000486218
934 0.000498211
935 0.000510429
936 0.000522878
937 0.000535559
938 0.000548477
939 0.000561635
940 0.000575036
941 0.000588683
942 0.000602581
943 0.000616732
944 0.000631141
945 0.00064581
946 0.000660744
947 0.000675945
948 0.000691419
949 0.000707168
950 0.000723197
951 0.000739509
952 0.000756107
953 0.000772997
954 0.000790181
955 0.000807664
956 0.00082545
957 0.000843542
958 0.000861945
959 0.000880662
960 0.000899699
961 0.000919058
962 0.000938744
963 0.00095876
964 0.000979112
965 0.000999804
966 0.00102084
967 0.00104222
968 0.00106395
969 0.00108604
970 0.00110849
971 0.00113131
972 0.00115449
973 0.00117805
974 0.00120198
975 0.0012263
976 0.00125099
977 0.00127608
978 0.00130157
979 0.00132745
980 0.00135373
981 0.00138042
982 0.00140752
983 0.00143503
984 0.00146297
985 0.00149132
986 0.0015201
987 0.00154932
988 0.00157897
989 0.00160905
990 0.00163958
991 0.00167056
992 0.00170199
993 0.00173387
994 0.00176621
995 0.00179901
996 0.00183228
997 0.00186602
998 0.00190023
999 0.00193492
1000 0.00197008
1001 0.00200574
1002 0.00204187
1003 0.0020785
1004 0.00211563
1005 0.00215325
1006 0.00219137
1007 0.00222999
1008 0.00226912
1009 0.00230876
1010 0.00234891
1011 0.00238957
1012 0.00243075
1013 0.00247246
1014 0.00251468
1015 0.00255743
1016 0.00260071
1017 0.00264451
1018 0.00268885
1019 0.00273373
1020 0.00277913
1021 0.00282508
1022 0.00287156
1023 0.00291859
1024 0.00296616
1025 0.00301427
1026 0.00306292
1027 0.00311213
1028 0.00316188
1029 0.00321218
1030 0.00326302
1031 0.00331442
1032 0.00336637
1033 0.00341887
1034 0.00347191
1035 0.00352551
1036 0.00357966
1037 0.00363436
1038 0.00368962
1039 0.00374542
1040 0.00380177
1041 0.00385867
1042 0.00391611
1043 0.00397411
1044 0.00403265
1045 0.00409173
1046 0.00415136
1047 0.00421152
1048 0.00427223
1049 0.00433347
1050 0.00439525
1051 0.00445756
1052 0.0045204
1053 0.00458377
1054 0.00464766
1055 0.00471207
1056 0.004777
1057 0.00484244
1058 0.0049084
1059 0.00497486
1060 0.00504183
1061 0.00510929
1062 0.00517725
1063 0.0052457
1064 0.00531464
1065 0.00538405
1066 0.00545394
1067 0.0055243
1068 0.00559513
1069 0.00566641
1070 0.00573815
1071 0.00581033
1072 0.00588296
1073 0.00595602
1074 0.0060295
1075 0.00610341
1076 0.00617773
1077 0.00625246
1078 0.00632759
1079 0.0064031
1080 0.006479
1081 0.00655528
1082 0.00663192
1083 0.00670892
1084 0.00678628
1085 0.00686397
1086 0.00694199
1087 0.00702034
1088 0.007099
1089 0.00717797
1090 0.00725722
1091 0.00733677
1092 0.00741658
1093 0.00749666
1094 0.007577
1095 0.00765757
1096 0.00773838
1097 0.0078194
1098 0.00790063
1099 0.00798206
1100 0.00806368
1101 0.00814547
1102 0.00822742
1103 0.00830952
1104 0.00839175
1105 0.00847411
1106 0.00855658
1107 0.00863915
1108 0.00872181
1109 0.00880453
1110 0.00888732
1111 0.00897015
1112 0.00905301
1113 0.00913589
1114 0.00921877
1115 0.00930164
1116 0.00938449
1117 0.00946729
1118 0.00955004
1119 0.00963273
1120 0.00971532
1121 0.00979782
1122 0.00988021
1123 0.00996246
1124 0.0100446
1125 0.0101265
1126 0.0102083
1127 0.0102899
1128 0.0103713
1129 0.0104524
1130 0.0105333
1131 0.010614
1132 0.0106944
1133 0.0107745
1134 0.0108543
1135 0.0109338
1136 0.0110129
1137 0.0110917
1138 0.0111701
1139 0.0112482
1140 0.0113258
1141 0.011403
1142 0.0114798
1143 0.0115561
1144 0.011632
1145 0.0117074
1146 0.0117822
1147 0.0118566
1148 0.0119304
1149 0.0120037
1150 0.0120764
1151 0.0121485
1152 0.01222
1153 0.0122909
1154 0.0123611
1155 0.0124307
1156 0.0124996
1157 0.0125679
1158 0.0126354
1159 0.0127022
1160 0.0127683
1161 0.0128337
1162 0.0128983
1163 0.012962
1164 0.013025
1165 0.0130872
1166 0.0131486
1167 0.0132091
1168 0.0132687
1169 0.0133275
1170 0.0133854
1171 0.0134423
1172 0.0134984
1173 0.0135535
1174 0.0136077
1175 0.0136609
1176 0.0137131
1177 0.0137643
1178 0.0138145
1179 0.0138637
1180 0.0139119
1181 0.013959
1182 0.014005
1183 0.01405
1184 0.0140939
1185 0.0141367
1186 0.0141784
1187 0.014219
1188 0.0142584
1189 0.0142967
1190 0.0143338
1191 0.0143698
1192 0.0144046
1193 0.0144382
1194 0.0144706
1195 0.0145017
1196 0.0145317
1197 0.0145605
1198 0.014588
1199 0.0146142
1200 0.0146392
1201 0.014663
1202 0.0146855
1203 0.0147067
1204 0.0147266
1205 0.0147452
1206 0.0147625
1207 0.0147786
1208 0.0147933
1209 0.0148067
1210 0.0148188
1211 0.0148296
1212 0.014839
1213 0.0148471
1214 0.0148539
1215 0.0148593
1216 0.0148634
1217 0.0148662
1218 0.0148676
1219 0.0148676
1220 0.0148663
1221 0.0148637
1222 0.0148597
1223 0.0148543
1224 0.0148477
1225 0.0148396
1226 0.0148302
1227 0.0148195
1228 0.0148074
1229 0.0147939
1230 0.0147792
1231 0.014763
1232 0.0147456
1233 0.0147268
1234 0.0147067
1235 0.0146852
1236 0.0146625
1237 0.0146384
1238 0.014613
1239 0.0145863
1240 0.0145583
1241 0.014529
1242 0.0144985
1243 0.0144666
1244 0.0144335
1245 0.0143991
1246 0.0143635
1247 0.0143266
1248 0.0142885
1249 0.0142491
1250 0.0142085
1251 0.0141668
1252 0.0141238
1253 0.0140796
1254 0.0140343
1255 0.0139878
1256 0.0139401
1257 0.0138913
1258 0.0138413
1259 0.0137903
1260 0.0137381
1261 0.0136848
1262 0.0136305
1263 0.0135751
1264 0.0135186
1265 0.0134611
1266 0.0134026
1267 0.013343
1268 0.0132825
1269 0.013221
1270 0.0131585
1271 0.013095
1272 0.0130307
1273 0.0129654
1274 0.0128992
1275 0.0128321
1276 0.0127641
1277 0.0126953
1278 0.0126256
1279 0.0125551
1280 0.0124838
1281 0.0124118
1282 0.0123389
1283 0.0122653
1284 0.0121909
1285 0.0121159
1286 0.0120401
1287 0.0119637
1288 0.0118865
1289 0.0118088
1290 0.0117304
1291 0.0116513
1292 0.0115717
1293 0.0114916
1294 0.0114108
1295 0.0113295
1296 0.0112477
1297 0.0111654
1298 0.0110826
1299 0.0109994
1300 0.0109157
1301 0.0108315
1302 0.010747
1303 0.010662
1304 0.0105767
1305 0.010491
1306 0.010405
1307 0.0103187
1308 0.010232
1309 0.0101451
1310 0.010058
1311 0.00997052
1312 0.00988287
1313 0.009795
1314 0.00970694
1315 0.00961871
1316 0.00953032
1317 0.00944179
1318 0.00935314
1319 0.00926438
1320 0.00917554
1321 0.00908663
1322 0.00899766
1323 0.00890867
1324 0.00881965
1325 0.00873063
1326 0.00864163
1327 0.00855266
1328 0.00846373
1329 0.00837488
1330 0.0082861
1331 0.00819742
1332 0.00810885
1333 0.00802041
1334 0.00793211
1335 0.00784398
1336 0.00775601
1337 0.00766824
1338 0.00758067
1339 0.00749332
1340 0.0074062
1341 0.00731932
1342 0.00723271
1343 0.00714638
1344 0.00706033
1345 0.00697458
1346 0.00688915
1347 0.00680404
1348 0.00671928
1349 0.00663487
1350 0.00655083
1351 0.00646716
1352 0.00638388
1353 0.006301
1354 0.00621854
1355 0.0061365
1356 0.00605489
1357 0.00597373
1358 0.00589302
1359 0.00581278
1360 0.00573302
1361 0.00565374
1362 0.00557496
1363 0.00549668
1364 0.00541891
1365 0.00534167
1366 0.00526495
1367 0.00518878
1368 0.00511315
1369 0.00503807
1370 0.00496356
1371 0.00488961
1372 0.00481624
1373 0.00474345
1374 0.00467125
1375 0.00459965
1376 0.00452865
1377 0.00445825
1378 0.00438847
1379 0.0043193
1380 0.00425075
1381 0.00418283
1382 0.00411554
1383 0.00404889
1384 0.00398287
1385 0.0039175
1386 0.00385277
1387 0.00378869
1388 0.00372527
1389 0.00366249
1390 0.00360038
1391 0.00353892
1392 0.00347813
1393 0.00341799
1394 0.00335852
1395 0.00329972
1396 0.00324158
1397 0.00318411
1398 0.00312731
1399 0.00307117
1400 0.0030157
1401 0.0029609
1402 0.00290677
1403 0.00285331
1404 0.00280051
1405 0.00274838
1406 0.00269691
1407 0.00264611
1408 0.00259597
1409 0.00254649
1410 0.00249766
1411 0.0024495
1412 0.00240199
1413 0.00235513
1414 0.00230892
1415 0.00226336
1416 0.00221844
1417 0.00217416
1418 0.00213053
1419 0.00208752
1420 0.00204515
1421 0.00200341
1422 0.0019623
1423 0.0019218
1424 0.00188192
1425 0.00184266
1426 0.001804
1427 0.00176595
1428 0.0017285
1429 0.00169165
1430 0.00165538
1431 0.00161971
1432 0.00158462
1433 0.00155011
1434 0.00151616
1435 0.00148279
1436 0.00144998
1437 0.00141773
1438 0.00138603
1439 0.00135489
1440 0.00132428
1441 0.00129421
1442 0.00126467
1443 0.00123566
1444 0.00120717
1445 0.00117919
1446 0.00115173
1447 0.00112477
1448 0.00109831
1449 0.00107234
1450 0.00104686
1451 0.00102186
1452 0.000997341
1453 0.00097329
1454 0.000949703
1455 0.000926576
1456 0.000903901
1457 0.000881674
1458 0.000859888
1459 0.000838539
1460 0.000817619
1461 0.000797124
1462 0.000777047
1463 0.000757382
1464 0.000738124
1465 0.000719268
1466 0.000700807
1467 0.000682735
1468 0.000665047
1469 0.000647737
1470 0.000630799
1471 0.000614228
1472 0.000598018
1473 0.000582164
1474 0.000566659
1475 0.000551498
1476 0.000536676
1477 0.000522188
1478 0.000508026
1479 0.000494187
1480 0.000480665
1481 0.000467454
1482 0.000454549
1483 0.000441944
1484 0.000429635
1485 0.000417616
1486 0.000405883
1487 0.000394429
1488 0.000383249
1489 0.00037234
1490 0.000361695
1491 0.00035131
1492 0.00034118
1493 0.0003313
1494 0.000321665
1495 0.00031227
1496 0.000303111
1497 0.000294183
1498 0.000285482
1499 0.000277002
1500 0.00026874
1501 0.000260691
1502 0.000252851
1503 0.000245215
1504 0.000237779
1505 0.000230538
1506 0.000223489
1507 0.000216628
1508 0.00020995
1509 0.000203452
1510 0.000197129
1511 0.000190978
1512 0.000184995
1513 0.000179176
1514 0.000173518
1515 0.000168016
1516 0.000162667
1517 0.000157468
1518 0.000152416
1519 0.000147506
1520 0.000142735
1521 0.000138101
1522 0.000133599
1523 0.000129227
1524 0.000124982
1525 0.00012086
1526 0.000116859
1527 0.000112975
1528 0.000109206
1529 0.000105548
1530 0.000102
1531 9.85573e-05
1532 9.52183e-05
1533 9.19802e-05
1534 8.88402e-05
1535 8.5796e-05
1536 8.2845e-05
1537 7.99848e-05
1538 7.72129e-05
1539 7.4527e-05
1540 7.19249e-05
1541 6.94042e-05
1542 6.69629e-05
1543 6.45987e-05
1544 6.23095e-05
1545 6.00933e-05
1546 5.7948e-05
1547 5.58717e-05
1548 5.38625e-05
1549 5.19185e-05
1550 5.00378e-05
1551 4.82186e-05
1552 4.64592e-05
1553 4.47579e-05
1554 4.3113e-05
1555 4.15229e-05
1556 3.99859e-05
1557 3.85005e-05
1558 3.70652e-05
1559 3.56784e-05
1560 3.43389e-05
1561 3.3045e-05
1562 3.17955e-05
1563 3.05891e-05
1564 2.94243e-05
1565 2.83e-05
1566 2.72148e-05
1567 2.61676e-05
1568 2.51573e-05
1569 2.41825e-05
1570 2.32423e-05
1571 2.23356e-05
1572 2.14612e-05
1573 2.06182e-05
1574 1.98055e-05
1575 1.90222e-05
1576 1.82673e-05
1577 1.75399e-05
1578 1.68391e-05
1579 1.6164e-05
1580 1.55138e-05
1581 1.48877e-05
1582 1.42848e-05
1583 1.37044e-05
1584 1.31457e-05
1585 1.26081e-05
1586 1.20907e-05
1587 1.15928e-05
1588 1.1114e-05
1589 1.06533e-05
1590 1.02103e-05
1591 9.78439e-06
1592 9.37487e-06
1593 8.9812e-06
1594 8.60284e-06
1595 8.23924e-06
1596 7.88988e-06
1597 7.55425e-06
1598 7.23185e-06
1599 6.92223e-06
1600 6.6249e-06
1601 6.33944e-06
1602 6.0654e-06
1603 5.80237e-06
1604 5.54995e-06
1605 5.30773e-06
1606 5.07536e-06
1607 4.85245e-06
1608 4.63867e-06
1609 4.43365e-06
1610 4.23708e-06
1611 4.04864e-06
1612 3.86802e-06
1613 3.69491e-06
1614 3.52903e-06
1615 3.37011e-06
1616 3.21788e-06
1617 3.07207e-06
1618 2.93244e-06
1619 2.79874e-06
1620 2.67075e-06
1621 2.54824e-06
1622 2.43098e-06
1623 2.31879e-06
1624 2.21144e-06
1625 2.10875e-06
1626 2.01053e-06
1627 1.91661e-06
1628 1.8268e-06
1629 1.74094e-06
1630 1.65887e-06
1631 1.58044e-06
1632 1.50548e-06
1633 1.43388e-06
1634 1.36547e-06
1635 1.30013e-06
1636 1.23774e-06
1637 1.17816e-06
1638 1.12128e-06
1639 1.06699e-06
1640 1.01518e-06
1641 9.65738e-07
1642 9.18566e-07
1643 8.73566e-07
1644 8.30647e-07
1645 7.89718e-07
1646 7.50692e-07
1647 7.13487e-07
1648 6.78024e-07
1649 6.44227e-07
1650 6.12021e-07
1651 5.81338e-07
1652 5.5211e-07
1653 5.24271e-07
1654 4.97761e-07
1655 4.7252e-07
1656 4.48491e-07
1657 4.25618e-07
1658 4.03851e-07
1659 3.83139e-07
1660 3.63433e-07
1661 3.44689e-07
1662 3.26861e-07
1663 3.09908e-07
1664 2.9379e-07
1665 2.78467e-07
1666 2.63902e-07
1667 2.50062e-07
1668 2.3691e-07
1669 2.24416e-07
1670 2.12548e-07
1671 2.01277e-07
1672 1.90574e-07
1673 1.80412e-07
1674 1.70766e-07
1675 1.6161e-07
1676 1.52922e-07
1677 1.44678e-07
1678 1.36858e-07
1679 1.2944e-07
1680 1.22405e-07
1681 1.15735e-07
1682 1.09411e-07
1683 1.03417e-07
1684 9.77352e-08
1685 9.23516e-08
1686 8.72509e-08
1687 8.24191e-08
1688 7.78427e-08
1689 7.35088e-08
1690 6.94054e-08
1691 6.55208e-08
1692 6.18439e-08
1693 5.83641e-08
1694 5.50715e-08
1695 5.19565e-08
1696 4.90099e-08
1697 4.62232e-08
1698 4.35881e-08
1699 4.10967e-08
1700 3.87416e-08
1701 3.65156e-08
1702 3.44122e-08
1703 3.24247e-08
1704 3.05472e-08
1705 2.87739e-08
1706 2.70992e-08
1707 2.55179e-08
1708 2.40251e-08
1709 2.2616e-08
1710 2.12861e-08
1711 2.00313e-08
1712 1.88474e-08
1713 1.77307e-08
1714 1.66775e-08
1715 1.56843e-08
1716 1.4748e-08
1717 1.38653e-08
1718 1.30333e-08
1719 1.22493e-08
1720 1.15106e-08
1721 1.08148e-08
1722 1.01593e-08
1723 9.54209e-09
1724 8.9609e-09
1725 8.41376e-09
1726 7.89875e-09
1727 7.41407e-09
1728 6.958e-09
1729 6.52894e-09
1730 6.12534e-09
1731 5.74577e-09
1732 5.38884e-09
1733 5.05327e-09
1734 4.73782e-09
1735 4.44134e-09
1736 4.16274e-09
1737 3.90099e-09
1738 3.65509e-09
1739 3.42414e-09
1740 3.20726e-09
1741 3.00363e-09
1742 2.81246e-09
1743 2.63304e-09
1744 2.46465e-09
1745 2.30666e-09
1746 2.15844e-09
1747 2.01942e-09
1748 1.88904e-09
1749 1.76679e-09
1750 1.65217e-09
1751 1.54474e-09
1752 1.44406e-09
1753 1.34972e-09
1754 1.26133e-09
1755 1.17854e-09
1756 1.101e-09
1757 1.02839e-09
1758 9.60413e-10
1759 8.9678e-10
1760 8.37224e-10
1761 7.81495e-10
1762 7.29354e-10
1763 6.80579e-10
1764 6.34961e-10
1765 5.92303e-10
1766 5.52418e-10
1767 5.15134e-10
1768 4.80286e-10
1769 4.47721e-10
1770 4.17295e-10
1771 3.88871e-10
1772 3.62324e-10
1773 3.37532e-10
1774 3.14384e-10
1775 2.92775e-10
1776 2.72606e-10
1777 2.53783e-10
1778 2.36221e-10
1779 2.19837e-10
1780 2.04555e-10
1781 1.90304e-10
1782 1.77016e-10
1783 1.64628e-10
1784 1.53081e-10
1785 1.42321e-10
1786 1.32294e-10
1787 1.22953e-10
1788 1.14252e-10
1789 1.06149e-10
1790 9.86047e-11
1791 9.15806e-11
1792 8.50426e-11
1793 7.8958e-11
1794 7.32963e-11
1795 6.80291e-11
1796 6.31297e-11
1797 5.85732e-11
1798 5.43364e-11
1799 5.03974e-11
1800 4.67361e-11
1801 4.33334e-11
1802 4.01717e-11
1803 3.72342e-11
1804 3.45057e-11
1805 3.19717e-11
1806 2.96187e-11
1807 2.74343e-11
1808 2.54065e-11
1809 2.35247e-11
1810 2.17785e-11
1811 2.01585e-11
1812 1.86558e-11
1813 1.72621e-11
1814 1.59699e-11
1815 1.47718e-11
1816 1.36613e-11
1817 1.26321e-11
1818 1.16784e-11
1819 1.07949e-11
1820 9.97649e-12
1821 9.21855e-12
1822 8.51672e-12
1823 7.86697e-12
1824 7.26555e-12
1825 6.70894e-12
1826 6.1939e-12
1827 5.71742e-12
1828 5.27668e-12
1829 4.86908e-12
1830 4.49218e-12
1831 4.14374e-12
1832 3.82167e-12
1833 3.52402e-12
1834 3.24899e-12
1835 2.9949e-12
1836 2.76021e-12
1837 2.54346e-12
1838 2.34333e-12
1839 2.15857e-12
1840 1.98804e-12
1841 1.83065e-12
1842 1.68544e-12
1843 1.55147e-12
1844 1.4279e-12
1845 1.31394e-12
1846 1.20887e-12
1847 1.11201e-12
1848 1.02273e-12
1849 9.40448e-13
1850 8.64639e-13
1851 7.94801e-13
1852 7.30476e-13
1853 6.7124e-13
1854 6.16699e-13
1855 5.6649e-13
1856 5.20278e-13
1857 4.77752e-13
1858 4.38625e-13
1859 4.02631e-13
1860 3.69526e-13
1861 3.39083e-13
1862 3.11094e-13
1863 2.85365e-13
1864 2.61717e-13
1865 2.39987e-13
1866 2.20022e-13
1867 2.01682e-13
1868 1.84839e-13
1869 1.69372e-13
1870 1.55172e-13
1871 1.42138e-13
1872 1.30175e-13
1873 1.19198e-13
1874 1.09127e-13
1875 9.98895e-14
1876 9.14177e-14
1877 8.36495e-14
1878 7.65279e-14
1879 7.00001e-14
1880 6.40178e-14
1881 5.85363e-14
1882 5.35147e-14
1883 4.89151e-14
1884 4.47029e-14
1885 4.08462e-14
1886 3.73155e-14
1887 3.4084e-14
1888 3.11267e-14
1889 2.8421e-14
1890 2.59458e-14
1891 2.3682e-14
1892 2.16118e-14
1893 1.97191e-14
1894 1.79889e-14
1895 1.64075e-14
1896 1.49625e-14
1897 1.36424e-14
1898 1.24364e-14
1899 1.13351e-14
1900 1.03294e-14
1901 9.41126e-15
1902 8.57318e-15
1903 7.80834e-15
1904 7.11045e-15
1905 6.47377e-15
1906 5.89304e-15
1907 5.36344e-15
1908 4.88055e-15
1909 4.44034e-15
1910 4.03911e-15
1911 3.67347e-15
1912 3.34032e-15
1913 3.03684e-15
1914 2.76044e-15
1915 2.50873e-15
1916 2.27957e-15
1917 2.07097e-15
1918 1.88111e-15
1919 1.70835e-15
1920 1.55117e-15
1921 1.4082e-15
1922 1.27818e-15
1923 1.15995e-15
1924 1.05247e-15
1925 9.5477e-16
1926 8.65984e-16
1927 7.85312e-16
1928 7.12025e-16
1929 6.4546e-16
1930 5.85012e-16
1931 5.30128e-16
1932 4.80306e-16
1933 4.35087e-16
1934 3.94053e-16
1935 3.56824e-16
1936 3.23054e-16
1937 2.92426e-16
1938 2.64654e-16
1939 2.39475e-16
1940 2.16652e-16
1941 1.95969e-16
1942 1.77228e-16
1943 1.60249e-16
1944 1.44871e-16
1945 1.30945e-16
1946 1.18335e-16
1947 1.0692e-16
1948 9.65889e-17
1949 8.72398e-17
1950 7.87812e-17
1951 7.11296e-17
1952 6.42093e-17
1953 5.79517e-17
1954 5.22944e-17
1955 4.71806e-17
1956 4.25591e-17
1957 3.83832e-17
1958 3.46106e-17
1959 3.12031e-17
1960 2.81259e-17
1961 2.53475e-17
1962 2.28393e-17
1963 2.05756e-17
1964 1.85327e-17
1965 1.66897e-17
1966 1.50271e-17
1967 1.35276e-17
1968 1.21756e-17
1969 1.09566e-17
1970 9.85784e-18
1971 8.86762e-18
1972 7.9754e-18
1973 7.17161e-18
1974 6.44764e-18
1975 5.79568e-18
1976 5.20867e-18
1977 4.68025e-18
1978 4.20466e-18
1979 3.77669e-18
1980 3.39165e-18
1981 3.04529e-18
1982 2.7338e-18
1983 2.45371e-18
1984 2.20191e-18
1985 1.97558e-18
1986 1.77218e-18
1987 1.58942e-18
1988 1.42525e-18
1989 1.27779e-18
1990 1.14537e-18
1991 1.02648e-18
1992 9.19763e-19
1993 8.23982e-19
1994 7.38035e-19
1995 6.60929e-19
1996 5.91765e-19
1997 5.29738e-19
1998 4.74122e-19
1999 4.24264e-19
2000 3.79576e-19
2001 3.39529e-19
2002 3.03649e-19
2003 2.71507e-19
2004 2.4272e-19
2005 2.16942e-19
2006 1.93864e-19
2007 1.73206e-19
2008 1.54718e-19
2009 1.38175e-19
2010 1.23376e-19
2011 1.10139e-19
2012 9.83012e-20
2013 8.77171e-20
2014 7.82555e-20
2015 6.97991e-20
2016 6.22425e-20
2017 5.54912e-20
2018 4.94605e-20
2019 4.40746e-20
2020 3.92655e-20
2021 3.4972e-20
2022 3.11398e-20
2023 2.772e-20
2024 2.46687e-20
2025 2.19467e-20
2026 1.95191e-20
2027 1.73543e-20
2028 1.54244e-20
2029 1.37042e-20
2030 1.21712e-20
2031 1.08054e-20
2032 9.58876e-21
2033 8.50529e-21
2034 7.54065e-21
2035 6.68203e-21
2036 5.91797e-21
2037 5.23829e-21
2038 4.63387e-21
2039 4.09655e-21
2040 3.61911e-21
2041 3.19507e-21
2042 2.81866e-21
2043 2.48476e-21
2044 2.1888e-21
2045 1.9267e-21
2046 1.69487e-21
2047 1.49008e-21
