0 1.70836e-23
1 1.49974e-23
2 1.31878e-23
3 1.16245e-23
4 1.02824e-23
5 9.13929e-24
6 8.17608e-24
7 7.3769e-24
8 6.72802e-24
9 6.21827e-24
10 5.83875e-24
11 5.58233e-24
12 5.44415e-24
13 5.42089e-24
14 5.51112e-24
15 5.7152e-24
16 6.03489e-24
17 6.47407e-24
18 7.0383e-24
19 7.73489e-24
20 8.57287e-24
21 9.56365e-24
22 1.07208e-23
23 1.20598e-23
24 1.35994e-23
25 1.53608e-23
26 1.73677e-23
27 1.96482e-23
28 2.22334e-23
29 2.5159e-23
30 2.84649e-23
31 3.21971e-23
32 3.64057e-23
33 4.11479e-23
34 4.64898e-23
35 5.25023e-23
36 5.92674e-23
37 6.68762e-23
38 7.54308e-23
39 8.50469e-23
40 9.5852e-23
41 1.07991e-22
42 1.21624e-22
43 1.36932e-22
44 1.54118e-22
45 1.73408e-22
46 1.95054e-22
47 2.19339e-22
48 2.4658e-22
49 2.77131e-22
50 3.11386e-22
51 3.49788e-22
52 3.92828e-22
53 4.41059e-22
54 4.95097e-22
55 5.55631e-22
56 6.23423e-22
57 6.99331e-22
58 7.84312e-22
59 8.79428e-22
60 9.85871e-22
61 1.10497e-21
62 1.23819e-21
63 1.38718e-21
64 1.55379e-21
65 1.74005e-21
66 1.94823e-21
67 2.18089e-21
68 2.44084e-21
69 2.73123e-21
70 3.05554e-21
71 3.41769e-21
72 3.822e-21
73 4.27328e-21
74 4.7769e-21
75 5.33882e-21
76 5.96566e-21
77 6.66478e-21
78 7.44436e-21
79 8.31349e-21
80 9.28225e-21
81 1.03619e-20
82 1.15648e-20
83 1.29048e-20
84 1.43973e-20
85 1.60593e-20
86 1.79096e-20
87 1.99692e-20
88 2.22612e-20
89 2.48115e-20
90 2.76486e-20
91 3.08041e-20
92 3.43131e-20
93 3.82143e-20
94 4.25508e-20
95 4.73702e-20
96 5.27253e-20
97 5.86743e-20
98 6.52819e-20
99 7.26197e-20
100 8.07664e-20
101 8.98098e-20
102 9.98464e-20
103 1.10983e-19
104 1.23338e-19
105 1.37043e-19
106 1.5224e-19
107 1.6909e-19
108 1.87769e-19
109 2.08471e-19
110 2.31411e-19
111 2.56825e-19
112 2.84976e-19
113 3.1615e-19
114 3.50668e-19
115 3.88879e-19
116 4.31171e-19
117 4.77969e-19
118 5.29745e-19
119 5.87015e-19
120 6.50352e-19
121 7.20382e-19
122 7.97799e-19
123 8.83365e-19
124 9.77919e-19
125 1.08238e-18
126 1.19778e-18
127 1.32521e-18
128 1.46593e-18
129 1.62127e-18
130 1.79272e-18
131 1.98193e-18
132 2.19068e-18
133 2.42095e-18
134 2.6749e-18
135 2.95493e-18
136 3.26364e-18
137 3.60392e-18
138 3.9789e-18
139 4.39205e-18
140 4.84718e-18
141 5.34844e-18
142 5.9004e-18
143 6.50808e-18
144 7.17698e-18
145 7.9131e-18
146 8.72307e-18
147 9.61411e-18
148 1.05941e-17
149 1.16718e-17
150 1.28567e-17
151 1.41592e-17
152 1.55907e-17
153 1.71636e-17
154 1.88917e-17
155 2.07898e-17
156 2.28742e-17
157 2.51628e-17
158 2.76752e-17
159 3.04327e-17
160 3.34585e-17
161 3.67783e-17
162 4.04197e-17
163 4.44133e-17
164 4.87921e-17
165 5.35925e-17
166 5.8854e-17
167 6.46198e-17
168 7.09369e-17
169 7.78568e-17
170 8.54354e-17
171 9.37339e-17
172 1.02819e-16
173 1.12763e-16
174 1.23645e-16
175 1.35551e-16
176 1.48576e-16
177 1.62821e-16
178 1.78397e-16
179 1.95427e-16
180 2.14041e-16
181 2.34384e-16
182 2.56611e-16
183 2.80892e-16
184 3.07413e-16
185 3.36373e-16
186 3.67992e-16
187 4.02506e-16
188 4.40173e-16
189 4.81275e-16
190 5.26114e-16
191 5.75023e-16
192 6.28359e-16
193 6.86513e-16
194 7.49907e-16
195 8.19002e-16
196 8.94294e-16
197 9.76325e-16
198 1.06568e-15
199 1.163e-15
200 1.26896e-15
201 1.38432e-15
202 1.50989e-15
203 1.64654e-15
204 1.79523e-15
205 1.95697e-15
206 2.13289e-15
207 2.3242e-15
208 2.53219e-15
209 2.75829e-15
210 3.00401e-15
211 3.27102e-15
212 3.5611e-15
213 3.87618e-15
214 4.21836e-15
215 4.58989e-15
216 4.99322e-15
217 5.43098e-15
218 5.90602e-15
219 6.42141e-15
220 6.98047e-15
221 7.5868e-15
222 8.24424e-15
223 8.95699e-15
224 9.72953e-15
225 1.05667e-14
226 1.14738e-14
227 1.24564e-14
228 1.35206e-14
229 1.4673e-14
230 1.59207e-14
231 1.72711e-14
232 1.87326e-14
233 2.03139e-14
234 2.20246e-14
235 2.38749e-14
236 2.58757e-14
237 2.80389e-14
238 3.03773e-14
239 3.29045e-14
240 3.56354e-14
241 3.85856e-14
242 4.17723e-14
243 4.52137e-14
244 4.89296e-14
245 5.29409e-14
246 5.72706e-14
247 6.19428e-14
248 6.69839e-14
249 7.24218e-14
250 7.82868e-14
251 8.46112e-14
252 9.14298e-14
253 9.87799e-14
254 1.06701e-13
255 1.15237e-13
256 1.24433e-13
257 1.34338e-13
258 1.45006e-13
259 1.56492e-13
260 1.68858e-13
261 1.82167e-13
262 1.96491e-13
263 2.11902e-13
264 2.28481e-13
265 2.46313e-13
266 2.65489e-13
267 2.86106e-13
268 3.08268e-13
269 3.32087e-13
270 3.57681e-13
271 3.85179e-13
272 4.14715e-13
273 4.46435e-13
274 4.80495e-13
275 5.17058e-13
276 5.56302e-13
277 5.98416e-13
278 6.436e-13
279 6.92069e-13
280 7.44051e-13
281 7.99791e-13
282 8.59547e-13
283 9.23599e-13
284 9.9224e-13
285 1.06578e-12
286 1.14457e-12
287 1.22895e-12
288 1.31931e-12
289 1.41604e-12
290 1.51959e-12
291 1.63041e-12
292 1.74898e-12
293 1.87584e-12
294 2.01151e-12
295 2.15661e-12
296 2.31174e-12
297 2.47758e-12
298 2.65482e-12
299 2.84422e-12
300 3.04658e-12
301 3.26274e-12
302 3.49359e-12
303 3.74011e-12
304 4.00329e-12
305 4.28422e-12
306 4.58405e-12
307 4.90398e-12
308 5.2453e-12
309 5.60938e-12
310 5.99766e-12
311 6.4117e-12
312 6.85311e-12
313 7.32362e-12
314 7.82507e-12
315 8.35939e-12
316 8.92865e-12
317 9.53501e-12
318 1.01808e-11
319 1.08684e-11
320 1.16005e-11
321 1.23797e-11
322 1.3209e-11
323 1.40914e-11
324 1.50302e-11
325 1.60287e-11
326 1.70906e-11
327 1.82197e-11
328 1.942e-11
329 2.06958e-11
330 2.20515e-11
331 2.3492e-11
332 2.50221e-11
333 2.66472e-11
334 2.83728e-11
335 3.02048e-11
336 3.21493e-11
337 3.4213e-11
338 3.64025e-11
339 3.87252e-11
340 4.11886e-11
341 4.38009e-11
342 4.65703e-11
343 4.95058e-11
344 5.26166e-11
345 5.59128e-11
346 5.94045e-11
347 6.31026e-11
348 6.70186e-11
349 7.11645e-11
350 7.5553e-11
351 8.01973e-11
352 8.51114e-11
353 9.031e-11
354 9.58085e-11
355 1.01623e-10
356 1.07771e-10
357 1.1427e-10
358 1.21139e-10
359 1.28397e-10
360 1.36066e-10
361 1.44167e-10
362 1.52723e-10
363 1.61758e-10
364 1.71298e-10
365 1.81368e-10
366 1.91997e-10
367 2.03214e-10
368 2.15049e-10
369 2.27534e-10
370 2.40703e-10
371 2.54592e-10
372 2.69236e-10
373 2.84676e-10
374 3.00951e-10
375 3.18105e-10
376 3.36181e-10
377 3.55226e-10
378 3.75289e-10
379 3.9642e-10
380 4.18675e-10
381 4.42107e-10
382 4.66775e-10
383 4.92741e-10
384 5.20067e-10
385 5.4882e-10
386 5.7907e-10
387 6.10888e-10
388 6.44349e-10
389 6.79533e-10
390 7.16521e-10
391 7.55398e-10
392 7.96252e-10
393 8.39177e-10
394 8.84267e-10
395 9.31623e-10
396 9.81348e-10
397 1.03355e-09
398 1.08834e-09
399 1.14584e-09
400 1.20616e-09
401 1.26943e-09
402 1.33579e-09
403 1.40536e-09
404 1.47829e-09
405 1.55472e-09
406 1.6348e-09
407 1.71869e-09
408 1.80656e-09
409 1.89856e-09
410 1.99487e-09
411 2.09568e-09
412 2.20117e-09
413 2.31153e-09
414 2.42698e-09
415 2.5477e-09
416 2.67393e-09
417 2.80589e-09
418 2.94381e-09
419 3.08794e-09
420 3.23852e-09
421 3.39581e-09
422 3.56009e-09
423 3.73164e-09
424 3.91075e-09
425 4.09773e-09
426 4.29288e-09
427 4.49654e-09
428 4.70904e-09
429 4.93074e-09
430 5.16201e-09
431 5.40322e-09
432 5.65476e-09
433 5.91706e-09
434 6.19054e-09
435 6.47563e-09
436 6.77279e-09
437 7.0825e-09
438 7.40526e-09
439 7.74156e-09
440 8.09194e-09
441 8.45695e-09
442 8.83715e-09
443 9.23313e-09
444 9.64549e-09
445 1.00748e-08
446 1.05218e-08
447 1.09872e-08
448 1.14715e-08
449 1.19755e-08
450 1.24999e-08
451 1.30455e-08
452 1.3613e-08
453 1.42032e-08
454 1.4817e-08
455 1.5455e-08
456 1.61182e-08
457 1.68075e-08
458 1.75237e-08
459 1.82676e-08
460 1.90403e-08
461 1.98426e-08
462 2.06755e-08
463 2.15399e-08
464 2.24369e-08
465 2.33673e-08
466 2.43322e-08
467 2.53327e-08
468 2.63696e-08
469 2.74442e-08
470 2.85574e-08
471 2.97103e-08
472 3.0904e-08
473 3.21395e-08
474 3.3418e-08
475 3.47406e-08
476 3.61085e-08
477 3.75227e-08
478 3.89844e-08
479 4.04948e-08
480 4.20551e-08
481 4.36665e-08
482 4.53303e-08
483 4.70477e-08
484 4.88199e-08
485 5.06484e-08
486 5.25344e-08
487 5.44793e-08
488 5.64846e-08
489 5.85517e-08
490 6.06821e-08
491 6.28773e-08
492 6.5139e-08
493 6.74688e-08
494 6.98684e-08
495 7.23396e-08
496 7.48843e-08
497 7.75044e-08
498 8.02019e-08
499 8.29789e-08
500 8.58376e-08
501 8.87802e-08
502 9.18091e-08
503 9.49268e-08
504 9.81358e-08
505 1.01439e-07
506 1.04838e-07
507 1.08338e-07
508 1.11939e-07
509 1.15647e-07
510 1.19463e-07
511 1.23392e-07
512 1.27436e-07
513 1.31599e-07
514 1.35884e-07
515 1.40296e-07
516 1.44838e-07
517 1.49513e-07
518 1.54327e-07
519 1.59282e-07
520 1.64383e-07
521 1.69633e-07
522 1.75038e-07
523 1.806e-07
524 1.86324e-07
525 1.92214e-07
526 1.98274e-07
527 2.04507e-07
528 2.10919e-07
529 2.17511e-07
530 2.24289e-07
531 2.31256e-07
532 2.38414e-07
533 2.45767e-07
534 2.53319e-07
535 2.61071e-07
536 2.69027e-07
537 2.77188e-07
538 2.85557e-07
539 2.94135e-07
540 3.02924e-07
541 3.11924e-07
542 3.21137e-07
543 3.30563e-07
544 3.40202e-07
545 3.50053e-07
546 3.60116e-07
547 3.7039e-07
548 3.80873e-07
549 3.91564e-07
550 4.0246e-07
551 4.1356e-07
552 4.24859e-07
553 4.36356e-07
554 4.48046e-07
555 4.59926e-07
556 4.71992e-07
557 4.8424e-07
558 4.96666e-07
559 5.09266e-07
560 5.22035e-07
561 5.34968e-07
562 5.48061e-07
563 5.6131e-07
564 5.74711e-07
565 5.88259e-07
566 6.01951e-07
567 6.15784e-07
568 6.29754e-07
569 6.43859e-07
570 6.58097e-07
571 6.72466e-07
572 6.86967e-07
573 7.01598e-07
574 7.16361e-07
575 7.31257e-07
576 7.46288e-07
577 7.61459e-07
578 7.76774e-07
579 7.92239e-07
580 8.0786e-07
581 8.23646e-07
582 8.39605e-07
583 8.55748e-07
584 8.72086e-07
585 8.88633e-07
586 9.05403e-07
587 9.22411e-07
588 9.39672e-07
589 9.57207e-07
590 9.75032e-07
591 9.93168e-07
592 1.01164e-06
593 1.03046e-06
594 1.04966e-06
595 1.06926e-06
596 1.08928e-06
597 1.10975e-06
598 1.1307e-06
599 1.15215e-06
600 1.17412e-06
601 1.19664e-06
602 1.21974e-06
603 1.24344e-06
604 1.26777e-06
605 1.29274e-06
606 1.31838e-06
607 1.34471e-06
608 1.37176e-06
609 1.39953e-06
610 1.42804e-06
611 1.45732e-06
612 1.48736e-06
613 1.51818e-06
614 1.54979e-06
615 1.58218e-06
616 1.61536e-06
617 1.64932e-06
618 1.68406e-06
619 1.71956e-06
620 1.75581e-06
621 1.79279e-06
622 1.83048e-06
623 1.86885e-06
624 1.90786e-06
625 1.94749e-06
626 1.98768e-06
627 2.0284e-06
628 2.06959e-06
629 2.11119e-06
630 2.15315e-06
631 2.19541e-06
632 2.23789e-06
633 2.28052e-06
634 2.32323e-06
635 2.36593e-06
636 2.40854e-06
637 2.45097e-06
638 2.49313e-06
639 2.53493e-06
640 2.57627e-06
641 2.61705e-06
642 2.65718e-06
643 2.69654e-06
644 2.73505e-06
645 2.77259e-06
646 2.80907e-06
647 2.84438e-06
648 2.87842e-06
649 2.9111e-06
650 2.94231e-06
651 2.97197e-06
652 2.99999e-06
653 3.02627e-06
654 3.05074e-06
655 3.07333e-06
656 3.09396e-06
657 3.11257e-06
658 3.1291e-06
659 3.14351e-06
660 3.15575e-06
661 3.1658e-06
662 3.17362e-06
663 3.17921e-06
664 3.18257e-06
665 3.1837e-06
666 3.18261e-06
667 3.17935e-06
668 3.17395e-06
669 3.16647e-06
670 3.15696e-06
671 3.14551e-06
672 3.13221e-06
673 3.11716e-06
674 3.10048e-06
675 3.08228e-06
676 3.06271e-06
677 3.04193e-06
678 3.02009e-06
679 2.99737e-06
680 2.97395e-06
681 2.95003e-06
682 2.92581e-06
683 2.90152e-06
684 2.87738e-06
685 2.85362e-06
686 2.83048e-06
687 2.80821e-06
688 2.78706e-06
689 2.7673e-06
690 2.74919e-06
691 2.733e-06
692 2.71899e-06
693 2.70744e-06
694 2.69862e-06
695 2.6928e-06
696 2.69025e-06
697 2.69123e-06
698 2.696e-06
699 2.70482e-06
700 2.71794e-06
701 2.7356e-06
702 2.75802e-06
703 2.78544e-06
704 2.81806e-06
705 2.85608e-06
706 2.89968e-06
707 2.94903e-06
708 3.00428e-06
709 3.06557e-06
710 3.13302e-06
711 3.20672e-06
712 3.28675e-06
713 3.37317e-06
714 3.46602e-06
715 3.56532e-06
716 3.67105e-06
717 3.78318e-06
718 3.90166e-06
719 4.02641e-06
720 4.15733e-06
721 4.29429e-06
722 4.43713e-06
723 4.58569e-06
724 4.73975e-06
725 4.8991e-06
726 5.06348e-06
727 5.23262e-06
728 5.40622e-06
729 5.58396e-06
730 5.7655e-06
731 5.95048e-06
732 6.13851e-06
733 6.32919e-06
734 6.5221e-06
735 6.7168e-06
736 6.91283e-06
737 7.10972e-06
738 7.30699e-06
739 7.50415e-06
740 7.70069e-06
741 7.89609e-06
742 8.08983e-06
743 8.28139e-06
744 8.47023e-06
745 8.65581e-06
746 8.83762e-06
747 9.01511e-06
748 9.18775e-06
749 9.35503e-06
750 9.51643e-06
751 9.67144e-06
752 9.81957e-06
753 9.96034e-06
754 1.00933e-05
755 1.02179e-05
756 1.03339e-05
757 1.04408e-05
758 1.05381e-05
759 1.06256e-05
760 1.07029e-05
761 1.07698e-05
762 1.08258e-05
763 1.08709e-05
764 1.09047e-05
765 1.09271e-05
766 1.0938e-05
767 1.09372e-05
768 1.09247e-05
769 1.09005e-05
770 1.08645e-05
771 1.08169e-05
772 1.07577e-05
773 1.06871e-05
774 1.06053e-05
775 1.05124e-05
776 1.04087e-05
777 1.02947e-05
778 1.01705e-05
779 1.00367e-05
780 9.89367e-06
781 9.7419e-06
782 9.58195e-06
783 9.4144e-06
784 9.23986e-06
785 9.05902e-06
786 8.87257e-06
787 8.68127e-06
788 8.48591e-06
789 8.28732e-06
790 8.08637e-06
791 7.88397e-06
792 7.68106e-06
793 7.47862e-06
794 7.27765e-06
795 7.0792e-06
796 6.88435e-06
797 6.69418e-06
798 6.50983e-06
799 6.33244e-06
800 6.16321e-06
801 6.00332e-06
802 5.85399e-06
803 5.71646e-06
804 5.59198e-06
805 5.48181e-06
806 5.38725e-06
807 5.30957e-06
808 5.25008e-06
809 5.21008e-06
810 5.19089e-06
811 5.19381e-06
812 5.22018e-06
813 5.27129e-06
814 5.34848e-06
815 5.45304e-06
816 5.58629e-06
817 5.74952e-06
818 5.94404e-06
819 6.17111e-06
820 6.43201e-06
821 6.72799e-06
822 7.06031e-06
823 7.4302e-06
824 7.83886e-06
825 8.2875e-06
826 8.77729e-06
827 9.3094e-06
828 9.88497e-06
829 1.05051e-05
830 1.11709e-05
831 1.18835e-05
832 1.2644e-05
833 1.34532e-05
834 1.43124e-05
835 1.52224e-05
836 1.61842e-05
837 1.71989e-05
838 1.82672e-05
839 1.93902e-05
840 2.05687e-05
841 2.18036e-05
842 2.30956e-05
843 2.44458e-05
844 2.58547e-05
845 2.73234e-05
846 2.88524e-05
847 3.04426e-05
848 3.20947e-05
849 3.38095e-05
850 3.55877e-05
851 3.74299e-05
852 3.93369e-05
853 4.13093e-05
854 4.33479e-05
855 4.54533e-05
856 4.76261e-05
857 4.98672e-05
858 5.2177e-05
859 5.45564e-05
860 5.7006e-05
861 5.95264e-05
862 6.21183e-05
863 6.47825e-05
864 6.75197e-05
865 7.03305e-05
866 7.32158e-05
867 7.61762e-05
868 7.92125e-05
869 8.23256e-05
870 8.55162e-05
871 8.87851e-05
872 9.21333e-05
873 9.55616e-05
874 9.90709e-05
875 0.000102662
876 0.000106337
877 0.000110095
878 0.000113938
879 0.000117868
880 0.000121884
881 0.00012599
882 0.000130185
883 0.00013447
884 0.000138849
885 0.00014332
886 0.000147887
887 0.00015255
888 0.000157312
889 0.000162173
890 0.000167135
891 0.0001722
892 0.00017737
893 0.000182646
894 0.000188031
895 0.000193526
896 0.000199133
897 0.000204854
898 0.000210692
899 0.000216649
900 0.000222726
901 0.000228926
902 0.000235252
903 0.000241706
904 0.000248291
905 0.000255008
906 0.000261861
907 0.000268853
908 0.000275986
909 0.000283262
910 0.000290686
911 0.00029826
912 0.000305987
913 0.00031387
914 0.000321912
915 0.000330117
916 0.000338487
917 0.000347028
918 0.00035574
919 0.00036463
920 0.000373699
921 0.000382952
922 0.000392392
923 0.000402023
924 0.000411849
925 0.000421874
926 0.000432102
927 0.000442537
928 0.000453183
929 0.000464044
930 0.000475124
931 0.000486428
932 0.00049796
933 0.000509725
934 0.000521726
935 0.000533969
936 0.000546457
937 0.000559197
938 0.000572191
939 0.000585445
940 0.000598964
941 0.000612752
942 0.000626814
943 0.000641155
944 0.000655781
945 0.000670695
946 0.000685904
947 0.000701411
948 0.000717223
949 0.000733343
950 0.000749778
951 0.000766533
952 0.000783612
953 0.000801021
954 0.000818765
955 0.000836849
956 0.00085528
957 0.000874061
958 0.000893198
959 0.000912697
960 0.000932564
961 0.000952802
962 0.000973418
963 0.000994418
964 0.00101581
965 0.00103759
966 0.00105977
967 0.00108235
968 0.00110535
969 0.00112876
970 0.00115259
971 0.00117685
972 0.00120154
973 0.00122667
974 0.00125224
975 0.00127826
976 0.00130473
977 0.00133166
978 0.00135905
979 0.00138691
980 0.00141524
981 0.00144406
982 0.00147336
983 0.00150314
984 0.00153343
985 0.00156421
986 0.00159549
987 0.00162729
988 0.0016596
989 0.00169243
990 0.00172578
991 0.00175966
992 0.00179407
993 0.00182902
994 0.00186452
995 0.00190056
996 0.00193715
997 0.0019743
998 0.00201201
999 0.00205028
1000 0.00208912
1001 0.00212853
1002 0.00216852
1003 0.00220909
1004 0.00225024
1005 0.00229198
1006 0.00233431
1007 0.00237724
1008 0.00242076
1009 0.00246488
1010 0.00250961
1011 0.00255495
1012 0.00260089
1013 0.00264745
1014 0.00269462
1015 0.00274241
1016 0.00279083
1017 0.00283986
1018 0.00288952
1019 0.00293981
1020 0.00299072
1021 0.00304227
1022 0.00309445
1023 0.00314726
1024 0.0032007
1025 0.00325479
1026 0.00330951
1027 0.00336486
1028 0.00342086
1029 0.0034775
1030 0.00353477
1031 0.00359268
1032 0.00365124
1033 0.00371043
1034 0.00377026
1035 0.00383073
1036 0.00389184
1037 0.00395359
1038 0.00401597
1039 0.00407898
1040 0.00414263
1041 0.00420691
1042 0.00427181
1043 0.00433735
1044 0.00440351
1045 0.00447029
1046 0.00453769
1047 0.00460571
1048 0.00467434
1049 0.00474358
1050 0.00481343
1051 0.00488388
1052 0.00495493
1053 0.00502657
1054 0.0050988
1055 0.00517162
1056 0.00524502
1057 0.00531899
1058 0.00539353
1059 0.00546863
1060 0.0055443
1061 0.00562051
1062 0.00569727
1063 0.00577457
1064 0.0058524
1065 0.00593076
1066 0.00600963
1067 0.00608901
1068 0.00616889
1069 0.00624927
1070 0.00633013
1071 0.00641147
1072 0.00649328
1073 0.00657555
1074 0.00665826
1075 0.00674142
1076 0.00682501
1077 0.00690901
1078 0.00699343
1079 0.00707824
1080 0.00716345
1081 0.00724903
1082 0.00733498
1083 0.00742128
1084 0.00750792
1085 0.0075949
1086 0.00768219
1087 0.00776979
1088 0.00785768
1089 0.00794585
1090 0.00803429
1091 0.00812298
1092 0.00821192
1093 0.00830107
1094 0.00839044
1095 0.00848001
1096 0.00856976
1097 0.00865968
1098 0.00874975
1099 0.00883996
1100 0.00893029
1101 0.00902073
1102 0.00911126
1103 0.00920186
1104 0.00929252
1105 0.00938323
1106 0.00947396
1107 0.00956469
1108 0.00965542
1109 0.00974613
1110 0.00983679
1111 0.00992739
1112 0.0100179
1113 0.0101083
1114 0.0101987
1115 0.0102888
1116 0.0103789
1117 0.0104687
1118 0.0105584
1119 0.0106479
1120 0.0107372
1121 0.0108262
1122 0.0109149
1123 0.0110034
1124 0.0110915
1125 0.0111794
1126 0.0112669
1127 0.011354
1128 0.0114408
1129 0.0115272
1130 0.0116131
1131 0.0116987
1132 0.0117837
1133 0.0118683
1134 0.0119524
1135 0.012036
1136 0.012119
1137 0.0122015
1138 0.0122834
1139 0.0123648
1140 0.0124455
1141 0.0125255
1142 0.012605
1143 0.0126837
1144 0.0127618
1145 0.0128391
1146 0.0129157
1147 0.0129915
1148 0.0130666
1149 0.0131409
1150 0.0132144
1151 0.0132871
1152 0.0133589
1153 0.0134298
1154 0.0134998
1155 0.013569
1156 0.0136372
1157 0.0137045
1158 0.0137708
1159 0.0138362
1160 0.0139005
1161 0.0139638
1162 0.0140261
1163 0.0140874
1164 0.0141476
1165 0.0142067
1166 0.0142647
1167 0.0143216
1168 0.0143773
1169 0.0144319
1170 0.0144853
1171 0.0145376
1172 0.0145887
1173 0.0146385
1174 0.0146871
1175 0.0147345
1176 0.0147806
1177 0.0148255
1178 0.0148691
1179 0.0149113
1180 0.0149523
1181 0.0149919
1182 0.0150302
1183 0.0150672
1184 0.0151028
1185 0.015137
1186 0.0151699
1187 0.0152013
1188 0.0152314
1189 0.01526
1190 0.0152872
1191 0.015313
1192 0.0153374
1193 0.0153602
1194 0.0153817
1195 0.0154016
1196 0.0154201
1197 0.0154371
1198 0.0154527
1199 0.0154667
1200 0.0154792
1201 0.0154903
1202 0.0154998
1203 0.0155078
1204 0.0155143
1205 0.0155192
1206 0.0155227
1207 0.0155246
1208 0.015525
1209 0.0155238
1210 0.0155211
1211 0.0155169
1212 0.0155111
1213 0.0155038
1214 0.015495
1215 0.0154846
1216 0.0154727
1217 0.0154593
1218 0.0154444
1219 0.0154279
1220 0.0154099
1221 0.0153903
1222 0.0153693
1223 0.0153467
1224 0.0153227
1225 0.0152971
1226 0.01527
1227 0.0152415
1228 0.0152114
1229 0.0151799
1230 0.0151469
1231 0.0151125
1232 0.0150766
1233 0.0150392
1234 0.0150005
1235 0.0149603
1236 0.0149187
1237 0.0148756
1238 0.0148312
1239 0.0147854
1240 0.0147383
1241 0.0146897
1242 0.0146399
1243 0.0145887
1244 0.0145361
1245 0.0144823
1246 0.0144272
1247 0.0143708
1248 0.0143132
1249 0.0142543
1250 0.0141941
1251 0.0141328
1252 0.0140702
1253 0.0140065
1254 0.0139416
1255 0.0138756
1256 0.0138084
1257 0.0137401
1258 0.0136707
1259 0.0136003
1260 0.0135288
1261 0.0134562
1262 0.0133827
1263 0.0133081
1264 0.0132326
1265 0.0131561
1266 0.0130786
1267 0.0130003
1268 0.012921
1269 0.0128409
1270 0.0127599
1271 0.012678
1272 0.0125954
1273 0.0125119
1274 0.0124277
1275 0.0123428
1276 0.0122571
1277 0.0121707
1278 0.0120836
1279 0.0119959
1280 0.0119075
1281 0.0118185
1282 0.0117289
1283 0.0116388
1284 0.0115481
1285 0.0114569
1286 0.0113651
1287 0.0112729
1288 0.0111802
1289 0.0110871
1290 0.0109936
1291 0.0108997
1292 0.0108054
1293 0.0107108
1294 0.0106158
1295 0.0105205
1296 0.010425
1297 0.0103292
1298 0.0102332
1299 0.0101369
1300 0.0100405
1301 0.00994391
1302 0.00984716
1303 0.00975028
1304 0.0096533
1305 0.00955623
1306 0.0094591
1307 0.00936192
1308 0.00926473
1309 0.00916753
1310 0.00907035
1311 0.00897321
1312 0.00887613
1313 0.00877913
1314 0.00868223
1315 0.00858544
1316 0.00848879
1317 0.0083923
1318 0.00829598
1319 0.00819984
1320 0.00810392
1321 0.00800823
1322 0.00791278
1323 0.00781759
1324 0.00772269
1325 0.00762808
1326 0.00753378
1327 0.0074398
1328 0.00734618
1329 0.00725291
1330 0.00716002
1331 0.00706751
1332 0.00697542
1333 0.00688374
1334 0.00679249
1335 0.00670169
1336 0.00661135
1337 0.00652149
1338 0.00643211
1339 0.00634323
1340 0.00625486
1341 0.00616702
1342 0.0060797
1343 0.00599294
1344 0.00590673
1345 0.00582109
1346 0.00573603
1347 0.00565156
1348 0.00556769
1349 0.00548442
1350 0.00540177
1351 0.00531975
1352 0.00523836
1353 0.00515761
1354 0.00507751
1355 0.00499808
1356 0.0049193
1357 0.0048412
1358 0.00476378
1359 0.00468704
1360 0.004611
1361 0.00453565
1362 0.004461
1363 0.00438706
1364 0.00431384
1365 0.00424133
1366 0.00416954
1367 0.00409848
1368 0.00402815
1369 0.00395855
1370 0.00388969
1371 0.00382157
1372 0.00375419
1373 0.00368755
1374 0.00362166
1375 0.00355652
1376 0.00349212
1377 0.00342848
1378 0.00336559
1379 0.00330345
1380 0.00324206
1381 0.00318143
1382 0.00312155
1383 0.00306243
1384 0.00300406
1385 0.00294644
1386 0.00288957
1387 0.00283345
1388 0.00277808
1389 0.00272346
1390 0.00266958
1391 0.00261645
1392 0.00256406
1393 0.0025124
1394 0.00246149
1395 0.0024113
1396 0.00236185
1397 0.00231313
1398 0.00226512
1399 0.00221784
1400 0.00217128
1401 0.00212543
1402 0.00208028
1403 0.00203585
1404 0.00199211
1405 0.00194907
1406 0.00190672
1407 0.00186506
1408 0.00182407
1409 0.00178377
1410 0.00174413
1411 0.00170517
1412 0.00166686
1413 0.00162921
1414 0.00159221
1415 0.00155585
1416 0.00152013
1417 0.00148504
1418 0.00145058
1419 0.00141673
1420 0.00138351
1421 0.00135089
1422 0.00131887
1423 0.00128744
1424 0.00125661
1425 0.00122635
1426 0.00119667
1427 0.00116756
1428 0.00113902
1429 0.00111103
1430 0.00108358
1431 0.00105668
1432 0.00103032
1433 0.00100448
1434 0.000979163
1435 0.000954362
1436 0.000930069
1437 0.000906277
1438 0.000882979
1439 0.000860169
1440 0.000837839
1441 0.000815982
1442 0.000794592
1443 0.000773662
1444 0.000753184
1445 0.000733153
1446 0.000713561
1447 0.000694402
1448 0.000675668
1449 0.000657353
1450 0.00063945
1451 0.000621953
1452 0.000604855
1453 0.000588149
1454 0.000571828
1455 0.000555887
1456 0.000540319
1457 0.000525116
1458 0.000510274
1459 0.000495785
1460 0.000481643
1461 0.000467842
1462 0.000454375
1463 0.000441237
1464 0.000428421
1465 0.000415922
1466 0.000403733
1467 0.000391848
1468 0.000380262
1469 0.000368969
1470 0.000357962
1471 0.000347237
1472 0.000336787
1473 0.000326608
1474 0.000316693
1475 0.000307038
1476 0.000297636
1477 0.000288483
1478 0.000279573
1479 0.000270901
1480 0.000262462
1481 0.000254251
1482 0.000246264
1483 0.000238494
1484 0.000230938
1485 0.00022359
1486 0.000216447
1487 0.000209502
1488 0.000202753
1489 0.000196194
1490 0.00018982
1491 0.000183629
1492 0.000177614
1493 0.000171773
1494 0.000166101
1495 0.000160594
1496 0.000155247
1497 0.000150058
1498 0.000145022
1499 0.000140136
1500 0.000135395
1501 0.000130796
1502 0.000126336
1503 0.000122011
1504 0.000117817
1505 0.000113752
1506 0.000109811
1507 0.000105992
1508 0.000102291
1509 9.87058e-05
1510 9.52327e-05
1511 9.18688e-05
1512 8.86112e-05
1513 8.5457e-05
1514 8.24034e-05
1515 7.94476e-05
1516 7.6587e-05
1517 7.38189e-05
1518 7.11408e-05
1519 6.855e-05
1520 6.60441e-05
1521 6.36208e-05
1522 6.12777e-05
1523 5.90124e-05
1524 5.68227e-05
1525 5.47064e-05
1526 5.26613e-05
1527 5.06855e-05
1528 4.87767e-05
1529 4.69331e-05
1530 4.51527e-05
1531 4.34335e-05
1532 4.17737e-05
1533 4.01716e-05
1534 3.86253e-05
1535 3.71332e-05
1536 3.56935e-05
1537 3.43046e-05
1538 3.2965e-05
1539 3.16731e-05
1540 3.04274e-05
1541 2.92264e-05
1542 2.80687e-05
1543 2.69529e-05
1544 2.58777e-05
1545 2.48417e-05
1546 2.38437e-05
1547 2.28825e-05
1548 2.19567e-05
1549 2.10654e-05
1550 2.02072e-05
1551 1.93811e-05
1552 1.8586e-05
1553 1.78209e-05
1554 1.70848e-05
1555 1.63767e-05
1556 1.56956e-05
1557 1.50406e-05
1558 1.44107e-05
1559 1.38052e-05
1560 1.32232e-05
1561 1.26638e-05
1562 1.21262e-05
1563 1.16098e-05
1564 1.11137e-05
1565 1.06372e-05
1566 1.01796e-05
1567 9.74017e-06
1568 9.31835e-06
1569 8.91346e-06
1570 8.52489e-06
1571 8.15202e-06
1572 7.79429e-06
1573 7.45113e-06
1574 7.12201e-06
1575 6.80639e-06
1576 6.50378e-06
1577 6.21369e-06
1578 5.93563e-06
1579 5.66916e-06
1580 5.41382e-06
1581 5.16921e-06
1582 4.93489e-06
1583 4.71048e-06
1584 4.49559e-06
1585 4.28985e-06
1586 4.0929e-06
1587 3.9044e-06
1588 3.72401e-06
1589 3.55141e-06
1590 3.3863e-06
1591 3.22836e-06
1592 3.07732e-06
1593 2.9329e-06
1594 2.79482e-06
1595 2.66284e-06
1596 2.53669e-06
1597 2.41616e-06
1598 2.30099e-06
1599 2.19098e-06
1600 2.0859e-06
1601 1.98556e-06
1602 1.88975e-06
1603 1.79828e-06
1604 1.71098e-06
1605 1.62766e-06
1606 1.54816e-06
1607 1.47232e-06
1608 1.39997e-06
1609 1.33097e-06
1610 1.26517e-06
1611 1.20244e-06
1612 1.14264e-06
1613 1.08564e-06
1614 1.03133e-06
1615 9.79578e-07
1616 9.30279e-07
1617 8.83322e-07
1618 8.38603e-07
1619 7.96024e-07
1620 7.55487e-07
1621 7.16902e-07
1622 6.8018e-07
1623 6.45237e-07
1624 6.11993e-07
1625 5.8037e-07
1626 5.50293e-07
1627 5.21693e-07
1628 4.94501e-07
1629 4.68652e-07
1630 4.44083e-07
1631 4.20736e-07
1632 3.98553e-07
1633 3.77479e-07
1634 3.57462e-07
1635 3.38453e-07
1636 3.20404e-07
1637 3.03269e-07
1638 2.87004e-07
1639 2.71569e-07
1640 2.56922e-07
1641 2.43026e-07
1642 2.29845e-07
1643 2.17344e-07
1644 2.0549e-07
1645 1.94251e-07
1646 1.83598e-07
1647 1.73501e-07
1648 1.63932e-07
1649 1.54867e-07
1650 1.46279e-07
1651 1.38145e-07
1652 1.30442e-07
1653 1.23149e-07
1654 1.16245e-07
1655 1.0971e-07
1656 1.03526e-07
1657 9.76745e-08
1658 9.21388e-08
1659 8.69027e-08
1660 8.19509e-08
1661 7.72687e-08
1662 7.28421e-08
1663 6.8658e-08
1664 6.47036e-08
1665 6.0967e-08
1666 5.74369e-08
1667 5.41023e-08
1668 5.0953e-08
1669 4.79792e-08
1670 4.51715e-08
1671 4.25211e-08
1672 4.00197e-08
1673 3.76593e-08
1674 3.54323e-08
1675 3.33315e-08
1676 3.13501e-08
1677 2.94816e-08
1678 2.77199e-08
1679 2.60592e-08
1680 2.44939e-08
1681 2.30189e-08
1682 2.16291e-08
1683 2.03198e-08
1684 1.90867e-08
1685 1.79254e-08
1686 1.6832e-08
1687 1.58026e-08
1688 1.48338e-08
1689 1.3922e-08
1690 1.30641e-08
1691 1.2257e-08
1692 1.14979e-08
1693 1.0784e-08
1694 1.01127e-08
1695 9.48163e-09
1696 8.88845e-09
1697 8.331e-09
1698 7.80719e-09
1699 7.3151e-09
1700 6.85288e-09
1701 6.41878e-09
1702 6.01118e-09
1703 5.62852e-09
1704 5.26933e-09
1705 4.93223e-09
1706 4.61592e-09
1707 4.31917e-09
1708 4.04082e-09
1709 3.77977e-09
1710 3.53499e-09
1711 3.3055e-09
1712 3.09039e-09
1713 2.88879e-09
1714 2.69988e-09
1715 2.52291e-09
1716 2.35713e-09
1717 2.20187e-09
1718 2.05649e-09
1719 1.92039e-09
1720 1.79298e-09
1721 1.67375e-09
1722 1.56218e-09
1723 1.4578e-09
1724 1.36016e-09
1725 1.26885e-09
1726 1.18346e-09
1727 1.10363e-09
1728 1.02901e-09
1729 9.59276e-10
1730 8.94112e-10
1731 8.33233e-10
1732 7.76366e-10
1733 7.23256e-10
1734 6.73664e-10
1735 6.27364e-10
1736 5.84147e-10
1737 5.43814e-10
1738 5.06178e-10
1739 4.71066e-10
1740 4.38315e-10
1741 4.0777e-10
1742 3.79289e-10
1743 3.52736e-10
1744 3.27986e-10
1745 3.04919e-10
1746 2.83426e-10
1747 2.63403e-10
1748 2.44751e-10
1749 2.27381e-10
1750 2.11208e-10
1751 1.9615e-10
1752 1.82135e-10
1753 1.69092e-10
1754 1.56955e-10
1755 1.45665e-10
1756 1.35163e-10
1757 1.25396e-10
1758 1.16315e-10
1759 1.07873e-10
1760 1.00026e-10
1761 9.27342e-11
1762 8.59586e-11
1763 7.96642e-11
1764 7.38179e-11
1765 6.83886e-11
1766 6.33476e-11
1767 5.86679e-11
1768 5.43244e-11
1769 5.02937e-11
1770 4.65539e-11
1771 4.30847e-11
1772 3.9867e-11
1773 3.68831e-11
1774 3.41166e-11
1775 3.15521e-11
1776 2.91752e-11
1777 2.69726e-11
1778 2.49319e-11
1779 2.30416e-11
1780 2.12908e-11
1781 1.96696e-11
1782 1.81687e-11
1783 1.67793e-11
1784 1.54934e-11
1785 1.43036e-11
1786 1.32028e-11
1787 1.21846e-11
1788 1.12429e-11
1789 1.03721e-11
1790 9.56712e-12
1791 8.82303e-12
1792 8.13537e-12
1793 7.49998e-12
1794 6.91299e-12
1795 6.37081e-12
1796 5.87011e-12
1797 5.4078e-12
1798 4.98101e-12
1799 4.58709e-12
1800 4.22358e-12
1801 3.88817e-12
1802 3.57877e-12
1803 3.2934e-12
1804 3.03024e-12
1805 2.78761e-12
1806 2.56396e-12
1807 2.35782e-12
1808 2.16787e-12
1809 1.99287e-12
1810 1.83167e-12
1811 1.6832e-12
1812 1.54649e-12
1813 1.42063e-12
1814 1.30478e-12
1815 1.19817e-12
1816 1.10006e-12
1817 1.00981e-12
1818 9.26797e-13
1819 8.50454e-13
1820 7.8026e-13
1821 7.1573e-13
1822 6.5642e-13
1823 6.01915e-13
1824 5.51837e-13
1825 5.05834e-13
1826 4.63583e-13
1827 4.24784e-13
1828 3.89162e-13
1829 3.56463e-13
1830 3.26452e-13
1831 2.98914e-13
1832 2.7365e-13
1833 2.50475e-13
1834 2.29222e-13
1835 2.09734e-13
1836 1.91868e-13
1837 1.75492e-13
1838 1.60485e-13
1839 1.46734e-13
1840 1.34138e-13
1841 1.226e-13
1842 1.12034e-13
1843 1.02361e-13
1844 9.35055e-14
1845 8.54006e-14
1846 7.79841e-14
1847 7.11987e-14
1848 6.49919e-14
1849 5.93153e-14
1850 5.41247e-14
1851 4.93793e-14
1852 4.50417e-14
1853 4.10776e-14
1854 3.74556e-14
1855 3.41467e-14
1856 3.11244e-14
1857 2.83644e-14
1858 2.58445e-14
1859 2.35441e-14
1860 2.14445e-14
1861 1.95286e-14
1862 1.77806e-14
1863 1.61861e-14
1864 1.47319e-14
1865 1.34058e-14
1866 1.21969e-14
1867 1.1095e-14
1868 1.00907e-14
1869 9.17571e-15
1870 8.34212e-15
1871 7.58287e-15
1872 6.89144e-15
1873 6.26191e-15
1874 5.68884e-15
1875 5.16726e-15
1876 4.69264e-15
1877 4.26082e-15
1878 3.86803e-15
1879 3.5108e-15
1880 3.18597e-15
1881 2.89066e-15
1882 2.62224e-15
1883 2.3783e-15
1884 2.15666e-15
1885 1.95531e-15
1886 1.77243e-15
1887 1.60635e-15
1888 1.45557e-15
1889 1.3187e-15
1890 1.19448e-15
1891 1.08175e-15
1892 9.79485e-16
1893 8.86722e-16
1894 8.02594e-16
1895 7.26314e-16
1896 6.5716e-16
1897 5.94481e-16
1898 5.37679e-16
1899 4.86215e-16
1900 4.39594e-16
1901 3.9737e-16
1902 3.59134e-16
1903 3.24517e-16
1904 2.93182e-16
1905 2.64823e-16
1906 2.39163e-16
1907 2.15948e-16
1908 1.94951e-16
1909 1.75962e-16
1910 1.58793e-16
1911 1.43273e-16
1912 1.29245e-16
1913 1.16569e-16
1914 1.05116e-16
1915 9.47713e-17
1916 8.54283e-17
1917 7.69919e-17
1918 6.93756e-17
1919 6.2501e-17
1920 5.6297e-17
1921 5.06994e-17
1922 4.56497e-17
1923 4.10953e-17
1924 3.69883e-17
1925 3.32855e-17
1926 2.99477e-17
1927 2.69396e-17
1928 2.4229e-17
1929 2.17871e-17
1930 1.95876e-17
1931 1.76068e-17
1932 1.58233e-17
1933 1.42178e-17
1934 1.27728e-17
1935 1.14725e-17
1936 1.03027e-17
1937 9.25033e-18
1938 8.30391e-18
1939 7.45292e-18
1940 6.68787e-18
1941 6.00022e-18
1942 5.38225e-18
1943 4.82702e-18
1944 4.32824e-18
1945 3.88027e-18
1946 3.478e-18
1947 3.11685e-18
1948 2.79266e-18
1949 2.50172e-18
1950 2.24067e-18
1951 2.00648e-18
1952 1.79642e-18
1953 1.60805e-18
1954 1.43915e-18
1955 1.28775e-18
1956 1.15206e-18
1957 1.03047e-18
1958 9.21541e-19
1959 8.23967e-19
1960 7.36584e-19
1961 6.58342e-19
1962 5.883e-19
1963 5.25609e-19
1964 4.69509e-19
1965 4.19317e-19
1966 3.74419e-19
1967 3.34265e-19
1968 2.9836e-19
1969 2.66261e-19
1970 2.37569e-19
1971 2.11929e-19
1972 1.8902e-19
1973 1.68556e-19
1974 1.50278e-19
1975 1.33956e-19
1976 1.19384e-19
1977 1.06377e-19
1978 9.47692e-20
1979 8.44116e-20
1980 7.51717e-20
1981 6.69302e-20
1982 5.95809e-20
1983 5.30284e-20
1984 4.71875e-20
1985 4.19818e-20
1986 3.73433e-20
1987 3.32108e-20
1988 2.953e-20
1989 2.62521e-20
1990 2.33335e-20
1991 2.07354e-20
1992 1.8423e-20
1993 1.63653e-20
1994 1.45347e-20
1995 1.29063e-20
1996 1.14581e-20
1997 1.01705e-20
1998 9.02574e-21
1999 8.00832e-21
2000 7.10419e-21
2001 6.3009e-21
2002 5.58736e-21
2003 4.95363e-21
2004 4.39092e-21
2005 3.89136e-21
2006 3.44795e-21
2007 3.05446e-21
2008 2.70533e-21
2009 2.39562e-21
2010 2.12094e-21
2011 1.87737e-21
2012 1.66143e-21
2013 1.47002e-21
2014 1.30039e-21
2015 1.15009e-21
2016 1.01695e-21
2017 8.99017e-22
2018 7.94591e-22
2019 7.02134e-22
2020 6.20294e-22
2021 5.47867e-22
2022 4.83779e-22
2023 4.27084e-22
2024 3.76939e-22
2025 3.32594e-22
2026 2.93388e-22
2027 2.58733e-22
2028 2.28104e-22
2029 2.01042e-22
2030 1.77137e-22
2031 1.56023e-22
2032 1.37379e-22
2033 1.2092e-22
2034 1.06395e-22
2035 9.3578e-23
2036 8.22729e-23
2037 7.23037e-23
2038 6.35157e-23
2039 5.57719e-23
2040 4.89511e-23
2041 4.29469e-23
2042 3.76643e-23
2043 3.302e-23
2044 2.894e-23
2045 2.53605e-23
2046 2.22233e-23
2047 1.94792e-23
