0 1.44547e-87
1 1.4869e-87
2 1.74993e-87
3 2.27562e-87
4 3.14417e-87
5 4.48929e-87
6 6.51616e-87
7 9.53488e-87
8 1.40045e-86
9 2.06054e-86
10 3.03375e-86
11 4.4675e-86
12 6.57815e-86
13 9.68389e-86
14 1.42515e-85
15 2.09666e-85
16 3.08341e-85
17 4.53286e-85
18 6.66103e-85
19 9.78454e-85
20 1.4367e-84
21 2.10871e-84
22 3.09381e-84
23 4.53727e-84
24 6.65151e-84
25 9.74699e-84
26 1.42773e-83
27 2.09047e-83
28 3.05963e-83
29 4.47626e-83
30 6.54618e-83
31 9.56937e-83
32 1.39831e-82
33 2.04243e-82
34 2.98206e-82
35 4.3522e-82
36 6.3493e-82
37 9.25905e-82
38 1.34968e-81
39 1.96662e-81
40 2.8644e-81
41 4.17034e-81
42 6.06922e-81
43 8.82913e-81
44 1.28389e-80
45 1.86621e-80
46 2.71155e-80
47 3.93822e-80
48 5.71749e-80
49 8.29726e-80
50 1.20362e-79
51 1.74528e-79
52 2.52969e-79
53 3.66516e-79
54 5.30813e-79
55 7.68449e-79
56 1.11202e-78
57 1.60855e-78
58 2.32583e-78
59 3.36161e-78
60 4.8567e-78
61 7.01387e-78
62 1.01251e-77
63 1.46104e-77
64 2.10742e-77
65 3.03853e-77
66 4.37926e-77
67 6.309e-77
68 9.0854e-77
69 1.30783e-76
70 1.88184e-76
71 2.70669e-76
72 3.89151e-76
73 5.59269e-76
74 8.03429e-76
75 1.15371e-75
76 1.65605e-75
77 2.37613e-75
78 3.40794e-75
79 4.88582e-75
80 7.00175e-75
81 1.003e-74
82 1.4362e-74
83 2.05568e-74
84 2.94117e-74
85 4.20637e-74
86 6.01338e-74
87 8.59317e-74
88 1.22747e-73
89 1.75265e-73
90 2.5015e-73
91 3.56886e-73
92 5.08958e-73
93 7.25535e-73
94 1.03385e-72
95 1.47259e-72
96 2.09667e-72
97 2.98401e-72
98 4.24516e-72
99 6.03687e-72
100 8.58129e-72
101 1.21932e-71
102 1.73183e-71
103 2.45877e-71
104 3.48941e-71
105 4.95006e-71
106 7.01928e-71
107 9.94943e-71
108 1.4097e-70
109 1.99654e-70
110 2.82654e-70
111 3.99994e-70
112 5.65817e-70
113 8.00058e-70
114 1.13081e-69
115 1.59765e-69
116 2.25631e-69
117 3.1852e-69
118 4.49468e-69
119 6.33993e-69
120 8.93908e-69
121 1.25987e-68
122 1.77492e-68
123 2.49953e-68
124 3.51852e-68
125 4.9509e-68
126 6.96357e-68
127 9.79046e-68
128 1.37593e-67
129 1.93292e-67
130 2.71428e-67
131 3.80995e-67
132 5.34571e-67
133 7.49748e-67
134 1.05111e-66
135 1.473e-66
136 2.0634e-66
137 2.88925e-66
138 4.04398e-66
139 5.65793e-66
140 7.91277e-66
141 1.10617e-65
142 1.54575e-65
143 2.15913e-65
144 3.01468e-65
145 4.20753e-65
146 5.86996e-65
147 8.1859e-65
148 1.14109e-64
149 1.59e-64
150 2.21461e-64
151 3.08333e-64
152 4.29107e-64
153 5.96945e-64
154 8.3009e-64
155 1.15382e-63
156 1.60315e-63
157 2.22656e-63
158 3.09112e-63
159 4.28964e-63
160 5.95043e-63
161 8.25084e-63
162 1.14359e-62
163 1.5844e-62
164 2.19424e-62
165 3.03755e-62
166 4.20327e-62
167 5.81396e-62
168 8.0386e-62
169 1.11099e-61
170 1.53484e-61
171 2.11953e-61
172 2.92575e-61
173 4.03699e-61
174 5.56801e-61
175 7.67654e-61
176 1.05792e-60
177 1.45735e-60
178 2.00676e-60
179 2.76216e-60
180 3.80038e-60
181 5.22668e-60
182 7.18534e-60
183 9.87395e-60
184 1.3563e-59
185 1.86228e-59
186 2.55597e-59
187 3.50661e-59
188 4.80886e-59
189 6.59203e-59
190 9.03271e-59
191 1.2372e-58
192 1.69388e-58
193 2.31818e-58
194 3.17128e-58
195 4.33654e-58
196 5.92754e-58
197 8.09893e-58
198 1.10612e-57
199 1.51008e-57
200 2.06072e-57
201 2.81099e-57
202 3.83285e-57
203 5.22404e-57
204 7.11726e-57
205 9.69261e-57
206 1.31944e-56
207 1.7954e-56
208 2.44205e-56
209 3.32025e-56
210 4.51239e-56
211 6.13006e-56
212 8.32424e-56
213 1.12992e-55
214 1.5331e-55
215 2.07928e-55
216 2.8189e-55
217 3.82004e-55
218 5.1746e-55
219 7.0066e-55
220 9.48329e-55
221 1.28302e-54
222 1.73511e-54
223 2.34554e-54
224 3.16943e-54
225 4.28094e-54
226 5.77988e-54
227 7.80046e-54
228 1.05231e-53
229 1.41901e-53
230 1.91272e-53
231 2.57713e-53
232 3.47091e-53
233 4.67274e-53
234 6.28812e-53
235 8.45845e-53
236 1.13732e-52
237 1.5286e-52
238 2.05365e-52
239 2.75791e-52
240 3.70216e-52
241 4.96765e-52
242 6.66296e-52
243 8.93314e-52
244 1.19719e-51
245 1.60377e-51
246 2.14753e-51
247 2.87448e-51
248 3.84592e-51
249 5.14353e-51
250 6.87612e-51
251 9.18852e-51
252 1.22735e-50
253 1.63874e-50
254 2.18713e-50
255 2.91782e-50
256 3.89102e-50
257 5.18666e-50
258 6.91087e-50
259 9.20445e-50
260 1.22542e-49
261 1.63076e-49
262 2.16927e-49
263 2.88443e-49
264 3.83377e-49
265 5.09345e-49
266 6.76422e-49
267 8.97933e-49
268 1.19149e-48
269 1.58036e-48
270 2.09527e-48
271 2.77681e-48
272 3.6785e-48
273 4.87098e-48
274 6.44734e-48
275 8.53031e-48
276 1.12815e-47
277 1.49139e-47
278 1.97076e-47
279 2.60314e-47
280 3.43699e-47
281 4.53607e-47
282 5.98412e-47
283 7.89115e-47
284 1.04016e-46
285 1.3705e-46
286 1.80499e-46
287 2.37625e-46
288 3.127e-46
289 4.11322e-46
290 5.40824e-46
291 7.10802e-46
292 9.33814e-46
293 1.22628e-45
294 1.60968e-45
295 2.11207e-45
296 2.7701e-45
297 3.63162e-45
298 4.7591e-45
299 6.23401e-45
300 8.1626e-45
301 1.06834e-44
302 1.39767e-44
303 1.82777e-44
304 2.38923e-44
305 3.12184e-44
306 4.07738e-44
307 5.32317e-44
308 6.94669e-44
309 9.06156e-44
310 1.18153e-43
311 1.53995e-43
312 2.00626e-43
313 2.61267e-43
314 3.40094e-43
315 4.42518e-43
316 5.75547e-43
317 7.48253e-43
318 9.72374e-43
319 1.26309e-42
320 1.64005e-42
321 2.1286e-42
322 2.76152e-42
323 3.58112e-42
324 4.64203e-42
325 6.0147e-42
326 7.78999e-42
327 1.0085e-41
328 1.30507e-41
329 1.68813e-41
330 2.18272e-41
331 2.82101e-41
332 3.64441e-41
333 4.70617e-41
334 6.07469e-41
335 7.83785e-41
336 1.01085e-40
337 1.30314e-40
338 1.67924e-40
339 2.16297e-40
340 2.78486e-40
341 3.58405e-40
342 4.61061e-40
343 5.92871e-40
344 7.62038e-40
345 9.7906e-40
346 1.25735e-39
347 1.61406e-39
348 2.07109e-39
349 2.6564e-39
350 3.40567e-39
351 4.36442e-39
352 5.5907e-39
353 7.15847e-39
354 9.16198e-39
355 1.17212e-38
356 1.4989e-38
357 1.91595e-38
358 2.448e-38
359 3.12647e-38
360 3.99126e-38
361 5.09308e-38
362 6.49628e-38
363 8.28253e-38
364 1.05554e-37
365 1.34462e-37
366 1.71215e-37
367 2.17918e-37
368 2.77243e-37
369 3.52566e-37
370 4.48161e-37
371 5.6943e-37
372 7.23202e-37
373 9.18104e-37
374 1.16503e-36
375 1.47773e-36
376 1.87355e-36
377 2.37437e-36
378 3.00776e-36
379 3.80847e-36
380 4.82025e-36
381 6.09819e-36
382 7.7116e-36
383 9.74764e-36
384 1.23159e-35
385 1.55541e-35
386 1.96351e-35
387 2.47761e-35
388 3.12496e-35
389 3.93973e-35
390 4.96478e-35
391 6.25379e-35
392 7.87404e-35
393 9.90973e-35
394 1.24663e-34
395 1.56755e-34
396 1.97022e-34
397 2.47525e-34
398 3.10837e-34
399 3.90172e-34
400 4.89541e-34
401 6.13946e-34
402 7.69627e-34
403 9.64361e-34
404 1.20783e-33
405 1.51211e-33
406 1.8922e-33
407 2.36679e-33
408 2.9591e-33
409 3.698e-33
410 4.61937e-33
411 5.76773e-33
412 7.19838e-33
413 8.97989e-33
414 1.11973e-32
415 1.39561e-32
416 1.73868e-32
417 2.16512e-32
418 2.69495e-32
419 3.35293e-32
420 4.16969e-32
421 5.18308e-32
422 6.43987e-32
423 7.99782e-32
424 9.92819e-32
425 1.23189e-31
426 1.52785e-31
427 1.89405e-31
428 2.34696e-31
429 2.90686e-31
430 3.59869e-31
431 4.45316e-31
432 5.50801e-31
433 6.80963e-31
434 8.41501e-31
435 1.03941e-30
436 1.28328e-30
437 1.58364e-30
438 1.9534e-30
439 2.4084e-30
440 2.96801e-30
441 3.65597e-30
442 4.50131e-30
443 5.53956e-30
444 6.81412e-30
445 8.37806e-30
446 1.02962e-29
447 1.26475e-29
448 1.55286e-29
449 1.90572e-29
450 2.33766e-29
451 2.86616e-29
452 3.51249e-29
453 4.30255e-29
454 5.26783e-29
455 6.44664e-29
456 7.8855e-29
457 9.64095e-29
458 1.17816e-28
459 1.43907e-28
460 1.75692e-28
461 2.14396e-28
462 2.615e-28
463 3.188e-28
464 3.88469e-28
465 4.73135e-28
466 5.75976e-28
467 7.00831e-28
468 8.52337e-28
469 1.03609e-27
470 1.25885e-27
471 1.52875e-27
472 1.8556e-27
473 2.25124e-27
474 2.72988e-27
475 3.30865e-27
476 4.00815e-27
477 4.85311e-27
478 5.87327e-27
479 7.10432e-27
480 8.5891e-27
481 1.0379e-26
482 1.25355e-26
483 1.51325e-26
484 1.82581e-26
485 2.20182e-26
486 2.65391e-26
487 3.19718e-26
488 3.84968e-26
489 4.63295e-26
490 5.5727e-26
491 6.69958e-26
492 8.05012e-26
493 9.66785e-26
494 1.16046e-25
495 1.39219e-25
496 1.6693e-25
497 2.00052e-25
498 2.39616e-25
499 2.86852e-25
500 3.43213e-25
501 4.10425e-25
502 4.90532e-25
503 5.85954e-25
504 6.99552e-25
505 8.34711e-25
506 9.9543e-25
507 1.18643e-24
508 1.41329e-24
509 1.68257e-24
510 2.00202e-24
511 2.38076e-24
512 2.82952e-24
513 3.36093e-24
514 3.98982e-24
515 4.73361e-24
516 5.61276e-24
517 6.65123e-24
518 7.87714e-24
519 9.32339e-24
520 1.10285e-23
521 1.30375e-23
522 1.5403e-23
523 1.81863e-23
524 2.14593e-23
525 2.53054e-23
526 2.98219e-23
527 3.5122e-23
528 4.13375e-23
529 4.86212e-23
530 5.71508e-23
531 6.71322e-23
532 7.88042e-23
533 9.24431e-23
534 1.08369e-22
535 1.2695e-22
536 1.48614e-22
537 1.73852e-22
538 2.03232e-22
539 2.37406e-22
540 2.77125e-22
541 3.2325e-22
542 3.76771e-22
543 4.38821e-22
544 5.107e-22
545 5.93891e-22
546 6.9009e-22
547 8.01233e-22
548 9.29522e-22
549 1.07747e-21
550 1.24792e-21
551 1.44411e-21
552 1.6697e-21
553 1.92884e-21
554 2.22622e-21
555 2.56711e-21
556 2.95747e-21
557 3.40398e-21
558 3.91413e-21
559 4.49634e-21
560 5.15997e-21
561 5.91551e-21
562 6.77459e-21
563 7.75014e-21
564 8.85648e-21
565 1.01094e-20
566 1.15263e-20
567 1.31263e-20
568 1.49304e-20
569 1.69612e-20
570 1.92437e-20
571 2.18044e-20
572 2.46724e-20
573 2.78785e-20
574 3.14555e-20
575 3.54384e-20
576 3.98636e-20
577 4.47694e-20
578 5.01949e-20
579 5.61804e-20
580 6.2766e-20
581 6.99918e-20
582 7.7896e-20
583 8.65147e-20
584 9.58803e-20
585 1.0602e-19
586 1.16953e-19
587 1.28692e-19
588 1.41235e-19
589 1.54567e-19
590 1.68658e-19
591 1.83454e-19
592 1.9888e-19
593 2.14831e-19
594 2.31171e-19
595 2.4773e-19
596 2.64296e-19
597 2.80618e-19
598 2.96397e-19
599 3.11293e-19
600 3.24917e-19
601 3.36843e-19
602 3.46614e-19
603 3.5375e-19
604 3.57777e-19
605 3.58251e-19
606 3.548e-19
607 3.47184e-19
608 3.3537e-19
609 3.19633e-19
610 3.00694e-19
611 2.79886e-19
612 2.59378e-19
613 2.4246e-19
614 2.33897e-19
615 2.40379e-19
616 2.71084e-19
617 3.38383e-19
618 4.58702e-19
619 6.53608e-19
620 9.51131e-19
621 1.38739e-18
622 2.00859e-18
623 2.87346e-18
624 4.05621e-18
625 5.65013e-18
626 7.77198e-18
627 1.05672e-17
628 1.42164e-17
629 1.89428e-17
630 2.50218e-17
631 3.27916e-17
632 4.2667e-17
633 5.51545e-17
634 7.08719e-17
635 9.05706e-17
636 1.15162e-16
637 1.45751e-16
638 1.8367e-16
639 2.3053e-16
640 2.88267e-16
641 3.5921e-16
642 4.46151e-16
643 5.52437e-16
644 6.8207e-16
645 8.39827e-16
646 1.03141e-15
647 1.26359e-15
648 1.54446e-15
649 1.88358e-15
650 2.29232e-15
651 2.78415e-15
652 3.375e-15
653 4.08368e-15
654 4.93242e-15
655 5.94743e-15
656 7.15957e-15
657 8.60515e-15
658 1.03269e-14
659 1.23748e-14
660 1.48078e-14
661 1.76947e-14
662 2.11162e-14
663 2.51667e-14
664 2.99564e-14
665 3.56141e-14
666 4.22899e-14
667 5.01589e-14
668 5.94249e-14
669 7.0325e-14
670 8.31351e-14
671 9.81755e-14
672 1.15818e-13
673 1.36493e-13
674 1.60701e-13
675 1.89021e-13
676 2.22121e-13
677 2.60776e-13
678 3.05881e-13
679 3.58466e-13
680 4.19725e-13
681 4.91029e-13
682 5.7396e-13
683 6.7034e-13
684 7.82263e-13
685 9.12137e-13
686 1.06273e-12
687 1.23722e-12
688 1.43924e-12
689 1.67298e-12
690 1.94322e-12
691 2.25544e-12
692 2.61591e-12
693 3.03181e-12
694 3.51132e-12
695 4.06381e-12
696 4.69995e-12
697 5.43194e-12
698 6.27365e-12
699 7.24091e-12
700 8.35172e-12
701 9.6266e-12
702 1.10888e-11
703 1.27649e-11
704 1.46849e-11
705 1.6883e-11
706 1.93979e-11
707 2.22735e-11
708 2.55596e-11
709 2.93126e-11
710 3.35961e-11
711 3.84824e-11
712 4.40531e-11
713 5.04002e-11
714 5.76279e-11
715 6.58535e-11
716 7.52095e-11
717 8.58453e-11
718 9.7929e-11
719 1.1165e-10
720 1.27222e-10
721 1.44884e-10
722 1.64907e-10
723 1.87592e-10
724 2.13281e-10
725 2.42354e-10
726 2.75241e-10
727 3.12421e-10
728 3.54433e-10
729 4.0188e-10
730 4.55435e-10
731 5.15853e-10
732 5.83979e-10
733 6.60756e-10
734 7.47236e-10
735 8.44597e-10
736 9.5415e-10
737 1.07736e-09
738 1.21586e-09
739 1.37146e-09
740 1.54619e-09
741 1.7423e-09
742 1.96229e-09
743 2.20896e-09
744 2.4854e-09
745 2.79504e-09
746 3.14171e-09
747 3.52962e-09
748 3.96349e-09
749 4.44852e-09
750 4.99046e-09
751 5.59571e-09
752 6.27133e-09
753 7.02513e-09
754 7.86575e-09
755 8.80275e-09
756 9.84666e-09
757 1.10091e-08
758 1.2303e-08
759 1.37424e-08
760 1.5343e-08
761 1.7122e-08
762 1.90983e-08
763 2.12928e-08
764 2.37283e-08
765 2.64302e-08
766 2.9426e-08
767 3.27463e-08
768 3.64245e-08
769 4.04972e-08
770 4.50047e-08
771 4.9991e-08
772 5.55044e-08
773 6.15979e-08
774 6.83293e-08
775 7.5762e-08
776 8.39653e-08
777 9.3015e-08
778 1.02994e-07
779 1.13992e-07
780 1.26108e-07
781 1.39449e-07
782 1.54134e-07
783 1.70289e-07
784 1.88053e-07
785 2.07579e-07
786 2.29031e-07
787 2.52589e-07
788 2.78447e-07
789 3.06818e-07
790 3.37931e-07
791 3.72036e-07
792 4.09405e-07
793 4.50331e-07
794 4.95132e-07
795 5.44154e-07
796 5.9777e-07
797 6.56385e-07
798 7.20435e-07
799 7.90395e-07
800 8.66776e-07
801 9.50128e-07
802 1.04105e-06
803 1.14018e-06
804 1.24822e-06
805 1.36591e-06
806 1.49406e-06
807 1.63354e-06
808 1.78528e-06
809 1.95029e-06
810 2.12964e-06
811 2.32451e-06
812 2.53613e-06
813 2.76584e-06
814 3.01509e-06
815 3.28542e-06
816 3.57849e-06
817 3.89605e-06
818 4.24002e-06
819 4.61242e-06
820 5.01543e-06
821 5.45137e-06
822 5.92273e-06
823 6.43216e-06
824 6.9825e-06
825 7.57678e-06
826 8.21822e-06
827 8.91026e-06
828 9.65657e-06
829 1.04611e-05
830 1.13279e-05
831 1.22614e-05
832 1.32665e-05
833 1.4348e-05
834 1.55112e-05
835 1.67619e-05
836 1.81059e-05
837 1.95497e-05
838 2.11e-05
839 2.27638e-05
840 2.45488e-05
841 2.6463e-05
842 2.85147e-05
843 3.07129e-05
844 3.30671e-05
845 3.55872e-05
846 3.82837e-05
847 4.11679e-05
848 4.42512e-05
849 4.75462e-05
850 5.10658e-05
851 5.48236e-05
852 5.88341e-05
853 6.31124e-05
854 6.76744e-05
855 7.25367e-05
856 7.7717e-05
857 8.32335e-05
858 8.91057e-05
859 9.53536e-05
860 0.000101998
861 0.000109062
862 0.000116569
863 0.000124541
864 0.000133006
865 0.000141988
866 0.000151516
867 0.000161619
868 0.000172326
869 0.000183669
870 0.00019568
871 0.000208393
872 0.000221843
873 0.000236067
874 0.000251102
875 0.000266988
876 0.000283765
877 0.000301477
878 0.000320166
879 0.000339878
880 0.000360659
881 0.000382559
882 0.000405627
883 0.000429915
884 0.000455476
885 0.000482364
886 0.000510636
887 0.000540351
888 0.000571568
889 0.000604348
890 0.000638754
891 0.000674851
892 0.000712705
893 0.000752384
894 0.000793957
895 0.000837496
896 0.000883072
897 0.000930759
898 0.000980634
899 0.00103277
900 0.00108725
901 0.00114415
902 0.00120356
903 0.00126554
904 0.0013302
905 0.0013976
906 0.00146784
907 0.001541
908 0.00161717
909 0.00169644
910 0.00177889
911 0.00186461
912 0.00195369
913 0.00204622
914 0.00214228
915 0.00224198
916 0.00234539
917 0.0024526
918 0.0025637
919 0.00267879
920 0.00279793
921 0.00292123
922 0.00304876
923 0.00318061
924 0.00331685
925 0.00345758
926 0.00360285
927 0.00375276
928 0.00390736
929 0.00406674
930 0.00423095
931 0.00440007
932 0.00457415
933 0.00475325
934 0.00493743
935 0.00512673
936 0.00532119
937 0.00552087
938 0.0057258
939 0.005936
940 0.0061515
941 0.00637233
942 0.0065985
943 0.00683001
944 0.00706688
945 0.0073091
946 0.00755665
947 0.00780953
948 0.00806771
949 0.00833116
950 0.00859984
951 0.00887371
952 0.00915271
953 0.00943679
954 0.00972587
955 0.0100199
956 0.0103187
957 0.0106224
958 0.0109306
959 0.0112434
960 0.0115607
961 0.0118822
962 0.0122079
963 0.0125376
964 0.0128712
965 0.0132085
966 0.0135493
967 0.0138935
968 0.0142408
969 0.0145911
970 0.0149442
971 0.0152998
972 0.0156578
973 0.0160179
974 0.0163798
975 0.0167434
976 0.0171083
977 0.0174744
978 0.0178413
979 0.0182088
980 0.0185765
981 0.0189443
982 0.0193119
983 0.0196788
984 0.0200449
985 0.0204098
986 0.0207733
987 0.0211349
988 0.0214944
989 0.0218515
990 0.0222058
991 0.022557
992 0.0229049
993 0.023249
994 0.023589
995 0.0239246
996 0.0242556
997 0.0245815
998 0.024902
999 0.0252168
1000 0.0255257
1001 0.0258282
1002 0.0261241
1003 0.026413
1004 0.0266947
1005 0.0269688
1006 0.0272351
1007 0.0274932
1008 0.027743
1009 0.027984
1010 0.0282161
1011 0.0284391
1012 0.0286525
1013 0.0288563
1014 0.0290501
1015 0.0292338
1016 0.0294072
1017 0.02957
1018 0.0297221
1019 0.0298633
1020 0.0299934
1021 0.0301123
1022 0.0302198
1023 0.0303158
1024 0.0304003
1025 0.030473
1026 0.030534
1027 0.0305832
1028 0.0306204
1029 0.0306456
1030 0.0306589
1031 0.0306602
1032 0.0306495
1033 0.0306268
1034 0.0305921
1035 0.0305455
1036 0.0304871
1037 0.0304168
1038 0.0303349
1039 0.0302413
1040 0.0301362
1041 0.0300197
1042 0.0298919
1043 0.0297531
1044 0.0296033
1045 0.0294427
1046 0.0292715
1047 0.0290899
1048 0.0288982
1049 0.0286964
1050 0.0284849
1051 0.0282639
1052 0.0280336
1053 0.0277944
1054 0.0275463
1055 0.0272898
1056 0.0270251
1057 0.0267525
1058 0.0264722
1059 0.0261847
1060 0.0258901
1061 0.0255888
1062 0.0252811
1063 0.0249673
1064 0.0246477
1065 0.0243227
1066 0.0239926
1067 0.0236577
1068 0.0233184
1069 0.0229749
1070 0.0226276
1071 0.0222768
1072 0.0219229
1073 0.0215661
1074 0.0212068
1075 0.0208454
1076 0.0204821
1077 0.0201172
1078 0.0197511
1079 0.019384
1080 0.0190164
1081 0.0186483
1082 0.0182803
1083 0.0179125
1084 0.0175452
1085 0.0171787
1086 0.0168132
1087 0.0164491
1088 0.0160866
1089 0.0157259
1090 0.0153673
1091 0.0150109
1092 0.0146571
1093 0.014306
1094 0.0139579
1095 0.0136129
1096 0.0132712
1097 0.012933
1098 0.0125985
1099 0.0122678
1100 0.0119411
1101 0.0116186
1102 0.0113004
1103 0.0109866
1104 0.0106773
1105 0.0103726
1106 0.0100727
1107 0.0097776
1108 0.00948745
1109 0.0092023
1110 0.00892223
1111 0.00864729
1112 0.00837754
1113 0.00811302
1114 0.00785377
1115 0.00759983
1116 0.00735122
1117 0.00710796
1118 0.00687005
1119 0.00663751
1120 0.00641032
1121 0.00618849
1122 0.00597199
1123 0.0057608
1124 0.00555491
1125 0.00535428
1126 0.00515887
1127 0.00496865
1128 0.00478357
1129 0.00460357
1130 0.00442862
1131 0.00425864
1132 0.00409358
1133 0.00393338
1134 0.00377797
1135 0.00362728
1136 0.00348124
1137 0.00333977
1138 0.00320279
1139 0.00307022
1140 0.00294199
1141 0.00281802
1142 0.00269821
1143 0.00258248
1144 0.00247075
1145 0.00236293
1146 0.00225893
1147 0.00215866
1148 0.00206203
1149 0.00196896
1150 0.00187935
1151 0.00179312
1152 0.00171018
1153 0.00163043
1154 0.0015538
1155 0.00148018
1156 0.00140951
1157 0.00134168
1158 0.00127662
1159 0.00121423
1160 0.00115445
1161 0.00109718
1162 0.00104234
1163 0.000989854
1164 0.000939645
1165 0.000891634
1166 0.000845745
1167 0.000801904
1168 0.000760039
1169 0.000720078
1170 0.000681951
1171 0.000645591
1172 0.00061093
1173 0.000577905
1174 0.000546451
1175 0.000516508
1176 0.000488014
1177 0.000460912
1178 0.000435146
1179 0.000410659
1180 0.000387399
1181 0.000365314
1182 0.000344354
1183 0.000324469
1184 0.000305613
1185 0.000287741
1186 0.000270809
1187 0.000254773
1188 0.000239593
1189 0.00022523
1190 0.000211646
1191 0.000198803
1192 0.000186667
1193 0.000175203
1194 0.000164379
1195 0.000154164
1196 0.000144527
1197 0.00013544
1198 0.000126875
1199 0.000118805
1200 0.000111206
1201 0.000104051
1202 9.73196e-05
1203 9.09879e-05
1204 8.5035e-05
1205 7.94407e-05
1206 7.41856e-05
1207 6.92512e-05
1208 6.46199e-05
1209 6.02748e-05
1210 5.62001e-05
1211 5.23805e-05
1212 4.88015e-05
1213 4.54494e-05
1214 4.23111e-05
1215 3.93743e-05
1216 3.6627e-05
1217 3.40582e-05
1218 3.16573e-05
1219 2.94143e-05
1220 2.73195e-05
1221 2.53641e-05
1222 2.35396e-05
1223 2.18378e-05
1224 2.02512e-05
1225 1.87726e-05
1226 1.73953e-05
1227 1.61127e-05
1228 1.49189e-05
1229 1.38083e-05
1230 1.27753e-05
1231 1.18151e-05
1232 1.09228e-05
1233 1.00941e-05
1234 9.32455e-06
1235 8.61037e-06
1236 7.94783e-06
1237 7.33344e-06
1238 6.76393e-06
1239 6.23624e-06
1240 5.7475e-06
1241 5.29503e-06
1242 4.87629e-06
1243 4.48894e-06
1244 4.13077e-06
1245 3.79971e-06
1246 3.49385e-06
1247 3.21136e-06
1248 2.95058e-06
1249 2.70994e-06
1250 2.48797e-06
1251 2.2833e-06
1252 2.09466e-06
1253 1.92087e-06
1254 1.76082e-06
1255 1.61349e-06
1256 1.47792e-06
1257 1.35323e-06
1258 1.23858e-06
1259 1.1332e-06
1260 1.0364e-06
1261 9.47504e-07
1262 8.65901e-07
1263 7.91023e-07
1264 7.22345e-07
1265 6.59378e-07
1266 6.01669e-07
1267 5.48802e-07
1268 5.00389e-07
1269 4.56074e-07
1270 4.15524e-07
1271 3.78436e-07
1272 3.44527e-07
1273 3.13537e-07
1274 2.85226e-07
1275 2.59373e-07
1276 2.35773e-07
1277 2.1424e-07
1278 1.94599e-07
1279 1.76692e-07
1280 1.60372e-07
1281 1.45504e-07
1282 1.31964e-07
1283 1.1964e-07
1284 1.08425e-07
1285 9.82242e-08
1286 8.89497e-08
1287 8.05204e-08
1288 7.28625e-08
1289 6.5908e-08
1290 5.95948e-08
1291 5.38661e-08
1292 4.86697e-08
1293 4.39581e-08
1294 3.96877e-08
1295 3.58187e-08
1296 3.23147e-08
1297 2.91426e-08
1298 2.6272e-08
1299 2.36753e-08
1300 2.13272e-08
1301 1.92049e-08
1302 1.72873e-08
1303 1.55553e-08
1304 1.39917e-08
1305 1.25805e-08
1306 1.13074e-08
1307 1.01594e-08
1308 9.12456e-09
1309 8.19206e-09
1310 7.35213e-09
1311 6.59586e-09
1312 5.91519e-09
1313 5.3028e-09
1314 4.75204e-09
1315 4.25691e-09
1316 3.81196e-09
1317 3.41226e-09
1318 3.05333e-09
1319 2.73116e-09
1320 2.44207e-09
1321 2.18278e-09
1322 1.95031e-09
1323 1.74195e-09
1324 1.55528e-09
1325 1.3881e-09
1326 1.23844e-09
1327 1.10451e-09
1328 9.84698e-10
1329 8.77564e-10
1330 7.81801e-10
1331 6.96232e-10
1332 6.19803e-10
1333 5.51563e-10
1334 4.90657e-10
1335 4.36317e-10
1336 3.87854e-10
1337 3.44649e-10
1338 3.06145e-10
1339 2.71844e-10
1340 2.41299e-10
1341 2.14108e-10
1342 1.89913e-10
1343 1.68391e-10
1344 1.49253e-10
1345 1.32243e-10
1346 1.1713e-10
1347 1.03706e-10
1348 9.17874e-11
1349 8.12095e-11
1350 7.18248e-11
1351 6.35017e-11
1352 5.6123e-11
1353 4.95839e-11
1354 4.3791e-11
1355 3.8661e-11
1356 3.41198e-11
1357 3.01013e-11
1358 2.65465e-11
1359 2.34032e-11
1360 2.06248e-11
1361 1.81697e-11
1362 1.60012e-11
1363 1.40865e-11
1364 1.23964e-11
1365 1.09053e-11
1366 9.59016e-12
1367 8.43062e-12
1368 7.40865e-12
1369 6.50827e-12
1370 5.71529e-12
1371 5.01715e-12
1372 4.40274e-12
1373 3.86222e-12
1374 3.38686e-12
1375 2.96896e-12
1376 2.60171e-12
1377 2.27908e-12
1378 1.99577e-12
1379 1.74706e-12
1380 1.5288e-12
1381 1.33735e-12
1382 1.16946e-12
1383 1.02229e-12
1384 8.93329e-13
1385 7.80363e-13
1386 6.81445e-13
1387 5.94858e-13
1388 5.19092e-13
1389 4.52819e-13
1390 3.94869e-13
1391 3.44216e-13
1392 2.99956e-13
1393 2.61296e-13
1394 2.2754e-13
1395 1.98076e-13
1396 1.72368e-13
1397 1.49944e-13
1398 1.30393e-13
1399 1.13351e-13
1400 9.85028e-14
1401 8.55699e-14
1402 7.43093e-14
1403 6.45083e-14
1404 5.59806e-14
1405 4.85636e-14
1406 4.21146e-14
1407 3.65095e-14
1408 3.16395e-14
1409 2.74096e-14
1410 2.37371e-14
1411 2.05495e-14
1412 1.77839e-14
1413 1.53852e-14
1414 1.33055e-14
1415 1.15029e-14
1416 9.94112e-15
1417 8.58843e-15
1418 7.41726e-15
1419 6.4036e-15
1420 5.52656e-15
1421 4.76801e-15
1422 4.11217e-15
1423 3.54531e-15
1424 3.05555e-15
1425 2.63254e-15
1426 2.26732e-15
1427 1.95209e-15
1428 1.68012e-15
1429 1.44554e-15
1430 1.24329e-15
1431 1.06896e-15
1432 9.18769e-16
1433 7.89406e-16
1434 6.78024e-16
1435 5.82159e-16
1436 4.99676e-16
1437 4.28732e-16
1438 3.67735e-16
1439 3.15308e-16
1440 2.70262e-16
1441 2.31572e-16
1442 1.98353e-16
1443 1.69841e-16
1444 1.45377e-16
1445 1.24394e-16
1446 1.06403e-16
1447 9.0983e-17
1448 7.77708e-17
1449 6.64543e-17
1450 5.67649e-17
1451 4.84715e-17
1452 4.13756e-17
1453 3.53063e-17
1454 3.01169e-17
1455 2.56813e-17
1456 2.18915e-17
1457 1.86545e-17
1458 1.58906e-17
1459 1.35316e-17
1460 1.15188e-17
1461 9.80194e-18
1462 8.33812e-18
1463 7.09045e-18
1464 6.02738e-18
1465 5.12192e-18
1466 4.35097e-18
1467 3.69477e-18
1468 3.13645e-18
1469 2.66158e-18
1470 2.25781e-18
1471 1.91463e-18
1472 1.62304e-18
1473 1.37538e-18
1474 1.16511e-18
1475 9.86634e-19
1476 8.35208e-19
1477 7.06774e-19
1478 5.97881e-19
1479 5.05587e-19
1480 4.27391e-19
1481 3.61162e-19
1482 3.05088e-19
1483 2.5763e-19
1484 2.17477e-19
1485 1.83518e-19
1486 1.54807e-19
1487 1.30541e-19
1488 1.1004e-19
1489 9.2726e-20
1490 7.81085e-20
1491 6.5772e-20
1492 5.53643e-20
1493 4.65869e-20
1494 3.91871e-20
1495 3.2951e-20
1496 2.76974e-20
1497 2.32731e-20
1498 1.95486e-20
1499 1.64142e-20
1500 1.37775e-20
1501 1.15602e-20
1502 9.69625e-21
1503 8.12993e-21
1504 6.81419e-21
1505 5.70933e-21
1506 4.78189e-21
1507 4.00367e-21
1508 3.35089e-21
1509 2.80353e-21
1510 2.34473e-21
1511 1.96031e-21
1512 1.63832e-21
1513 1.36872e-21
1514 1.14307e-21
1515 9.54279e-22
1516 7.96377e-22
1517 6.64361e-22
1518 5.54028e-22
1519 4.6185e-22
1520 3.84868e-22
1521 3.206e-22
1522 2.66967e-22
1523 2.22224e-22
1524 1.84913e-22
1525 1.53809e-22
1526 1.27891e-22
1527 1.06301e-22
1528 8.83229e-23
1529 7.33586e-23
1530 6.09072e-23
1531 5.05505e-23
1532 4.19394e-23
1533 3.47824e-23
1534 2.8836e-23
1535 2.38974e-23
1536 1.97972e-23
1537 1.63944e-23
1538 1.35715e-23
1539 1.12305e-23
1540 9.28982e-24
1541 7.68165e-24
1542 6.3495e-24
1543 5.24642e-24
1544 4.33335e-24
1545 3.57785e-24
1546 2.95297e-24
1547 2.43631e-24
1548 2.00929e-24
1549 1.6565e-24
1550 1.36514e-24
1551 1.1246e-24
1552 9.26098e-25
1553 7.62346e-25
1554 6.27312e-25
1555 5.16002e-25
1556 4.24283e-25
1557 3.48735e-25
1558 2.86531e-25
1559 2.35333e-25
1560 1.9321e-25
1561 1.58567e-25
1562 1.30086e-25
1563 1.0668e-25
1564 8.74527e-26
1565 7.16633e-26
1566 5.87023e-26
1567 4.80671e-26
1568 3.93437e-26
1569 3.21912e-26
1570 2.63289e-26
1571 2.1526e-26
1572 1.75925e-26
1573 1.43723e-26
1574 1.17371e-26
1575 9.58131e-27
1576 7.81852e-27
1577 6.37761e-27
1578 5.20025e-27
1579 4.23862e-27
1580 3.45348e-27
1581 2.8127e-27
1582 2.28993e-27
1583 1.8636e-27
1584 1.51607e-27
1585 1.23286e-27
1586 1.00218e-27
1587 8.14342e-28
1588 6.61456e-28
1589 5.37065e-28
1590 4.35899e-28
1591 3.53652e-28
1592 2.86813e-28
1593 2.32516e-28
1594 1.88425e-28
1595 1.52636e-28
1596 1.23596e-28
1597 1.00043e-28
1598 8.09461e-29
1599 6.54695e-29
1600 5.29313e-29
1601 4.27777e-29
1602 3.45584e-29
1603 2.79074e-29
1604 2.25277e-29
1605 1.8178e-29
1606 1.46624e-29
1607 1.18221e-29
1608 9.52824e-30
1609 7.67649e-30
1610 6.18219e-30
1611 4.97683e-30
1612 4.00491e-30
1613 3.22154e-30
1614 2.59038e-30
1615 2.08206e-30
1616 1.67284e-30
1617 1.34352e-30
1618 1.07861e-30
1619 8.65588e-31
1620 6.94368e-31
1621 5.56798e-31
1622 4.46308e-31
1623 3.57603e-31
1624 2.86415e-31
1625 2.29309e-31
1626 1.83516e-31
1627 1.4681e-31
1628 1.174e-31
1629 9.38445e-32
1630 7.49856e-32
1631 5.9893e-32
1632 4.78192e-32
1633 3.81643e-32
1634 3.04468e-32
1635 2.42803e-32
1636 1.9355e-32
1637 1.54228e-32
1638 1.22846e-32
1639 9.78106e-33
1640 7.78466e-33
1641 6.19329e-33
1642 4.92529e-33
1643 3.91534e-33
1644 3.11126e-33
1645 2.47132e-33
1646 1.96224e-33
1647 1.5574e-33
1648 1.2356e-33
1649 9.79904e-34
1650 7.76813e-34
1651 6.15569e-34
1652 4.87601e-34
1653 3.86083e-34
1654 3.05579e-34
1655 2.41765e-34
1656 1.91202e-34
1657 1.51153e-34
1658 1.19445e-34
1659 9.43516e-35
1660 7.45e-35
1661 5.88018e-35
1662 4.63929e-35
1663 3.65881e-35
1664 2.8844e-35
1665 2.27299e-35
1666 1.79047e-35
1667 1.40982e-35
1668 1.10965e-35
1669 8.73047e-36
1670 6.86617e-36
1671 5.39782e-36
1672 4.24179e-36
1673 3.33201e-36
1674 2.61632e-36
1675 2.05353e-36
1676 1.61116e-36
1677 1.26358e-36
1678 9.90586e-37
1679 7.76263e-37
1680 6.08068e-37
1681 4.76126e-37
1682 3.72665e-37
1683 2.91569e-37
1684 2.28029e-37
1685 1.78265e-37
1686 1.39305e-37
1687 1.08817e-37
1688 8.49668e-38
1689 6.63177e-38
1690 5.17412e-38
1691 4.03524e-38
1692 3.14578e-38
1693 2.45139e-38
1694 1.90952e-38
1695 1.48683e-38
1696 1.15724e-38
1697 9.00355e-39
1698 7.00211e-39
1699 5.4434e-39
1700 4.22997e-39
1701 3.28572e-39
1702 2.55123e-39
1703 1.98013e-39
1704 1.53626e-39
1705 1.19141e-39
1706 9.236e-40
1707 7.15702e-40
1708 5.54378e-40
1709 4.29246e-40
1710 3.32224e-40
1711 2.57029e-40
1712 1.98774e-40
1713 1.5366e-40
1714 1.18738e-40
1715 9.17158e-41
1716 7.08147e-41
1717 5.46548e-41
1718 4.21657e-41
1719 3.25174e-41
1720 2.50667e-41
1721 1.93155e-41
1722 1.48778e-41
1723 1.1455e-41
1724 8.81617e-42
1725 6.7825e-42
1726 5.21584e-42
1727 4.00945e-42
1728 3.08085e-42
1729 2.36636e-42
1730 1.81685e-42
1731 1.39438e-42
1732 1.06971e-42
1733 8.20314e-43
1734 6.28808e-43
1735 4.81817e-43
1736 3.69038e-43
1737 2.82543e-43
1738 2.16234e-43
1739 1.6542e-43
1740 1.26497e-43
1741 9.66928e-44
1742 7.38813e-44
1743 5.64287e-44
1744 4.30816e-44
1745 3.28782e-44
1746 2.50812e-44
1747 1.91256e-44
1748 1.45783e-44
1749 1.11077e-44
1750 8.45993e-45
1751 6.44072e-45
1752 4.90148e-45
1753 3.72859e-45
1754 2.83523e-45
1755 2.15504e-45
1756 1.63738e-45
1757 1.24356e-45
1758 9.44084e-46
1759 7.16439e-46
1760 5.43466e-46
1761 4.12089e-46
1762 3.12345e-46
1763 2.36649e-46
1764 1.79225e-46
1765 1.3568e-46
1766 1.02674e-46
1767 7.76659e-47
1768 5.87252e-47
1769 4.43857e-47
1770 3.35342e-47
1771 2.53254e-47
1772 1.91184e-47
1773 1.44268e-47
1774 1.08822e-47
1775 8.2051e-48
1776 6.18413e-48
1777 4.65905e-48
1778 3.50866e-48
1779 2.64126e-48
1780 1.98749e-48
1781 1.49494e-48
1782 1.12401e-48
1783 8.44769e-49
1784 6.34646e-49
1785 4.76597e-49
1786 3.57763e-49
1787 2.6845e-49
1788 2.01353e-49
1789 1.50965e-49
1790 1.13141e-49
1791 8.47596e-50
1792 6.34721e-50
1793 4.75118e-50
1794 3.55504e-50
1795 2.65897e-50
1796 1.98795e-50
1797 1.48568e-50
1798 1.10986e-50
1799 8.28773e-51
1800 6.18627e-51
1801 4.61579e-51
1802 3.44262e-51
1803 2.56659e-51
1804 1.91271e-51
1805 1.42484e-51
1806 1.06098e-51
1807 7.89726e-52
1808 5.87582e-52
1809 4.37004e-52
1810 3.24883e-52
1811 2.41431e-52
1812 1.79343e-52
1813 1.33169e-52
1814 9.88424e-53
1815 7.33347e-53
1816 5.43877e-53
1817 4.03196e-53
1818 2.98784e-53
1819 2.21321e-53
1820 1.63875e-53
1821 1.21291e-53
1822 8.97366e-54
1823 6.63643e-54
1824 4.90597e-54
1825 3.62526e-54
1826 2.67781e-54
1827 1.97717e-54
1828 1.45926e-54
1829 1.07658e-54
1830 7.93939e-55
1831 5.85263e-55
1832 4.31261e-55
1833 3.17654e-55
1834 2.3388e-55
1835 1.7213e-55
1836 1.26632e-55
1837 9.31232e-56
1838 6.84536e-56
1839 5.0299e-56
1840 3.69442e-56
1841 2.71244e-56
1842 1.99066e-56
1843 1.46036e-56
1844 1.07089e-56
1845 7.8498e-57
1846 5.75169e-57
1847 4.21267e-57
1848 3.08421e-57
1849 2.25713e-57
1850 1.65117e-57
1851 1.20741e-57
1852 8.8255e-58
1853 6.44838e-58
1854 4.70962e-58
1855 3.43833e-58
1856 2.50918e-58
1857 1.83039e-58
1858 1.33468e-58
1859 9.72833e-59
1860 7.088e-59
1861 5.16218e-59
1862 3.7581e-59
1863 2.73481e-59
1864 1.98935e-59
1865 1.44651e-59
1866 1.05137e-59
1867 7.63862e-60
1868 5.54752e-60
1869 4.02724e-60
1870 2.92241e-60
1871 2.11983e-60
1872 1.53704e-60
1873 1.11402e-60
1874 8.07096e-61
1875 5.84499e-61
1876 4.23123e-61
1877 3.06178e-61
1878 2.21466e-61
1879 1.60127e-61
1880 1.1573e-61
1881 8.36094e-62
1882 6.03792e-62
1883 4.35858e-62
1884 3.14505e-62
1885 2.26847e-62
1886 1.63556e-62
1887 1.17875e-62
1888 8.49189e-63
1889 6.11521e-63
1890 4.40193e-63
1891 3.16737e-63
1892 2.27814e-63
1893 1.6379e-63
1894 1.17711e-63
1895 8.45618e-64
1896 6.07233e-64
1897 4.35874e-64
1898 3.12746e-64
1899 2.2431e-64
1900 1.60816e-64
1901 1.15248e-64
1902 8.2559e-65
1903 5.9118e-65
1904 4.23156e-65
1905 3.02765e-65
1906 2.16539e-65
1907 1.54807e-65
1908 1.1063e-65
1909 7.90272e-66
1910 5.64295e-66
1911 4.02774e-66
1912 2.8737e-66
1913 2.04949e-66
1914 1.46109e-66
1915 1.04119e-66
1916 7.41669e-67
1917 5.28098e-67
1918 3.75876e-67
1919 2.67423e-67
1920 1.90186e-67
1921 1.35202e-67
1922 9.60754e-68
1923 6.82444e-68
1924 4.84558e-68
1925 3.43914e-68
1926 2.43994e-68
1927 1.73035e-68
1928 1.22663e-68
1929 8.69196e-69
1930 6.15668e-69
1931 4.35914e-69
1932 3.08518e-69
1933 2.18265e-69
1934 1.54352e-69
1935 1.09111e-69
1936 7.70986e-70
1937 5.44566e-70
1938 3.84486e-70
1939 2.71353e-70
1940 1.91431e-70
1941 1.34995e-70
1942 9.51583e-71
1943 6.70503e-71
1944 4.72259e-71
1945 3.32494e-71
1946 2.33999e-71
1947 1.64614e-71
1948 1.15757e-71
1949 8.13675e-72
1950 5.71716e-72
1951 4.01545e-72
1952 2.81912e-72
1953 1.97842e-72
1954 1.38787e-72
1955 9.732e-73
1956 6.82153e-73
1957 4.77954e-73
1958 3.34746e-73
1959 2.34353e-73
1960 1.64002e-73
1961 1.14724e-73
1962 8.02203e-74
1963 5.60711e-74
1964 3.91759e-74
1965 2.73605e-74
1966 1.91009e-74
1967 1.33293e-74
1968 9.29799e-75
1969 6.48327e-75
1970 4.51881e-75
1971 3.14833e-75
1972 2.1926e-75
1973 1.52639e-75
1974 1.06217e-75
1975 7.38842e-76
1976 5.13727e-76
1977 3.57058e-76
1978 2.48067e-76
1979 1.72276e-76
1980 1.19593e-76
1981 8.29874e-77
1982 5.7563e-77
1983 3.99117e-77
1984 2.76619e-77
1985 1.91641e-77
1986 1.32715e-77
1987 9.18705e-78
1988 6.35709e-78
1989 4.39709e-78
1990 3.04017e-78
1991 2.10114e-78
1992 1.45157e-78
1993 1.00241e-78
1994 6.91954e-79
1995 4.77458e-79
1996 3.2932e-79
1997 2.27052e-79
1998 1.5648e-79
1999 1.078e-79
2000 7.42336e-80
2001 5.10986e-80
2002 3.51595e-80
2003 2.41825e-80
2004 1.66259e-80
2005 1.1426e-80
2006 7.84926e-81
2007 5.38999e-81
2008 3.69975e-81
2009 2.53853e-81
2010 1.74108e-81
2011 1.19365e-81
2012 8.18019e-82
2013 5.60368e-82
2014 3.83715e-82
2015 2.62645e-82
2016 1.79703e-82
2017 1.22904e-82
2018 8.40239e-83
2019 5.74202e-83
2020 3.9224e-83
2021 2.67833e-83
2022 1.8281e-83
2023 1.24728e-83
2024 8.50654e-84
2025 5.79919e-84
2026 3.95192e-84
2027 2.692e-84
2028 1.83303e-84
2029 1.24765e-84
2030 8.48875e-85
2031 5.77336e-85
2032 3.92504e-85
2033 2.66749e-85
2034 1.81218e-85
2035 1.23073e-85
2036 8.35578e-86
2037 5.67181e-86
2038 3.84934e-86
2039 2.61275e-86
2040 1.77406e-86
2041 1.206e-86
2042 8.21799e-87
2043 5.62975e-87
2044 3.89801e-87
2045 2.75868e-87
2046 2.03599e-87
2047 1.6198e-87
