0 1.08928e-31
1 9.07288e-32
2 7.57393e-32
3 6.35737e-32
4 5.39025e-32
5 4.6466e-32
6 4.10577e-32
7 3.75328e-32
8 3.57956e-32
9 3.5771e-32
10 3.74616e-32
11 4.08783e-32
12 4.60917e-32
13 5.32341e-32
14 6.24603e-32
15 7.39821e-32
16 8.80421e-32
17 1.04991e-31
18 1.25245e-31
19 1.49238e-31
20 1.77558e-31
21 2.10895e-31
22 2.49937e-31
23 2.95648e-31
24 3.49132e-31
25 4.11597e-31
26 4.84486e-31
27 5.6953e-31
28 6.68665e-31
29 7.84164e-31
30 9.18755e-31
31 1.07536e-30
32 1.25775e-30
33 1.47011e-30
34 1.71718e-30
35 2.00445e-30
36 2.33868e-30
37 2.72743e-30
38 3.17912e-30
39 3.70421e-30
40 4.31416e-30
41 5.02318e-30
42 5.84679e-30
43 6.80276e-30
44 7.91297e-30
45 9.20125e-30
46 1.06967e-29
47 1.24323e-29
48 1.44443e-29
49 1.67798e-29
50 1.94873e-29
51 2.26246e-29
52 2.62642e-29
53 3.04776e-29
54 3.53601e-29
55 4.10168e-29
56 4.75662e-29
57 5.51507e-29
58 6.39269e-29
59 7.40883e-29
60 8.58418e-29
61 9.94415e-29
62 1.15172e-28
63 1.33357e-28
64 1.54379e-28
65 1.78669e-28
66 2.06753e-28
67 2.39196e-28
68 2.76657e-28
69 3.19931e-28
70 3.69883e-28
71 4.27528e-28
72 4.94086e-28
73 5.70881e-28
74 6.59459e-28
75 7.61629e-28
76 8.79416e-28
77 1.01521e-27
78 1.17174e-27
79 1.35212e-27
80 1.5599e-27
81 1.79921e-27
82 2.07484e-27
83 2.39221e-27
84 2.75751e-27
85 3.17788e-27
86 3.66163e-27
87 4.21807e-27
88 4.858e-27
89 5.59397e-27
90 6.43991e-27
91 7.41226e-27
92 8.52969e-27
93 9.81328e-27
94 1.12878e-26
95 1.29811e-26
96 1.49251e-26
97 1.71568e-26
98 1.97178e-26
99 2.26563e-26
100 2.60273e-26
101 2.98935e-26
102 3.43263e-26
103 3.94081e-26
104 4.52328e-26
105 5.19067e-26
106 5.95537e-26
107 6.83124e-26
108 7.83416e-26
109 8.98248e-26
110 1.0297e-25
111 1.18012e-25
112 1.35223e-25
113 1.54911e-25
114 1.77427e-25
115 2.03175e-25
116 2.32609e-25
117 2.66248e-25
118 3.0469e-25
119 3.48606e-25
120 3.98769e-25
121 4.56053e-25
122 5.21452e-25
123 5.96106e-25
124 6.81299e-25
125 7.7851e-25
126 8.89403e-25
127 1.01587e-24
128 1.16008e-24
129 1.32447e-24
130 1.51185e-24
131 1.72538e-24
132 1.96864e-24
133 2.24573e-24
134 2.56127e-24
135 2.92053e-24
136 3.32949e-24
137 3.79492e-24
138 4.32448e-24
139 4.92692e-24
140 5.61209e-24
141 6.3912e-24
142 7.27694e-24
143 8.28366e-24
144 9.42766e-24
145 1.07274e-23
146 1.22038e-23
147 1.38803e-23
148 1.5784e-23
149 1.79448e-23
150 2.03971e-23
151 2.31797e-23
152 2.63362e-23
153 2.99163e-23
154 3.39758e-23
155 3.8578e-23
156 4.37943e-23
157 4.97053e-23
158 5.64021e-23
159 6.39876e-23
160 7.25778e-23
161 8.23037e-23
162 9.33131e-23
163 1.05773e-22
164 1.1987e-22
165 1.35818e-22
166 1.53856e-22
167 1.74251e-22
168 1.97308e-22
169 2.23369e-22
170 2.52818e-22
171 2.86089e-22
172 3.23671e-22
173 3.66112e-22
174 4.14031e-22
175 4.68122e-22
176 5.29169e-22
177 5.9805e-22
178 6.75756e-22
179 7.63398e-22
180 8.62226e-22
181 9.73642e-22
182 1.09923e-21
183 1.24075e-21
184 1.40019e-21
185 1.5798e-21
186 1.78208e-21
187 2.00983e-21
188 2.26621e-21
189 2.55477e-21
190 2.87946e-21
191 3.24474e-21
192 3.6556e-21
193 4.11762e-21
194 4.63706e-21
195 5.22093e-21
196 5.87709e-21
197 6.61433e-21
198 7.44249e-21
199 8.37258e-21
200 9.41692e-21
201 1.05893e-20
202 1.19051e-20
203 1.33817e-20
204 1.50382e-20
205 1.68961e-20
206 1.89796e-20
207 2.13156e-20
208 2.3934e-20
209 2.68683e-20
210 3.0156e-20
211 3.38388e-20
212 3.79634e-20
213 4.25817e-20
214 4.77517e-20
215 5.3538e-20
216 6.00128e-20
217 6.72564e-20
218 7.53583e-20
219 8.44183e-20
220 9.45477e-20
221 1.0587e-19
222 1.18523e-19
223 1.32661e-19
224 1.48453e-19
225 1.6609e-19
226 1.85784e-19
227 2.07769e-19
228 2.32307e-19
229 2.59689e-19
230 2.90237e-19
231 3.2431e-19
232 3.62308e-19
233 4.04674e-19
234 4.519e-19
235 5.04531e-19
236 5.63175e-19
237 6.28506e-19
238 7.01269e-19
239 7.82293e-19
240 8.72498e-19
241 9.72903e-19
242 1.08464e-18
243 1.20895e-18
244 1.34724e-18
245 1.50103e-18
246 1.67204e-18
247 1.86214e-18
248 2.07342e-18
249 2.30819e-18
250 2.56902e-18
251 2.85873e-18
252 3.18044e-18
253 3.53763e-18
254 3.93411e-18
255 4.37412e-18
256 4.86233e-18
257 5.40389e-18
258 6.00452e-18
259 6.67051e-18
260 7.40882e-18
261 8.22712e-18
262 9.13388e-18
263 1.01384e-17
264 1.12511e-17
265 1.24833e-17
266 1.38475e-17
267 1.53575e-17
268 1.70286e-17
269 1.88775e-17
270 2.09228e-17
271 2.31848e-17
272 2.56859e-17
273 2.84507e-17
274 3.15066e-17
275 3.48833e-17
276 3.86137e-17
277 4.27341e-17
278 4.72842e-17
279 5.23077e-17
280 5.78528e-17
281 6.39723e-17
282 7.07242e-17
283 7.81725e-17
284 8.63871e-17
285 9.54451e-17
286 1.05431e-16
287 1.16437e-16
288 1.28566e-16
289 1.41929e-16
290 1.56648e-16
291 1.72858e-16
292 1.90706e-16
293 2.10354e-16
294 2.31978e-16
295 2.55774e-16
296 2.81952e-16
297 3.10746e-16
298 3.4241e-16
299 3.77224e-16
300 4.15493e-16
301 4.57551e-16
302 5.03763e-16
303 5.5453e-16
304 6.10288e-16
305 6.71515e-16
306 7.38734e-16
307 8.12515e-16
308 8.93483e-16
309 9.82317e-16
310 1.07976e-15
311 1.18663e-15
312 1.3038e-15
313 1.43225e-15
314 1.57303e-15
315 1.72729e-15
316 1.89628e-15
317 2.08138e-15
318 2.28406e-15
319 2.50596e-15
320 2.74883e-15
321 3.01462e-15
322 3.30541e-15
323 3.62349e-15
324 3.97134e-15
325 4.35166e-15
326 4.7674e-15
327 5.22176e-15
328 5.71821e-15
329 6.26053e-15
330 6.85284e-15
331 7.4996e-15
332 8.20567e-15
333 8.97631e-15
334 9.81726e-15
335 1.07347e-14
336 1.17355e-14
337 1.28268e-14
338 1.40167e-14
339 1.53137e-14
340 1.67273e-14
341 1.82676e-14
342 1.99455e-14
343 2.17731e-14
344 2.37632e-14
345 2.59298e-14
346 2.82882e-14
347 3.08548e-14
348 3.36473e-14
349 3.66851e-14
350 3.99891e-14
351 4.35818e-14
352 4.74877e-14
353 5.17332e-14
354 5.6347e-14
355 6.13599e-14
356 6.68054e-14
357 7.27196e-14
358 7.91416e-14
359 8.61136e-14
360 9.36811e-14
361 1.01893e-13
362 1.10803e-13
363 1.20468e-13
364 1.30951e-13
365 1.42316e-13
366 1.54637e-13
367 1.67992e-13
368 1.82463e-13
369 1.9814e-13
370 2.15121e-13
371 2.33511e-13
372 2.5342e-13
373 2.74972e-13
374 2.98295e-13
375 3.2353e-13
376 3.50828e-13
377 3.8035e-13
378 4.12271e-13
379 4.46779e-13
380 4.84073e-13
381 5.24371e-13
382 5.67904e-13
383 6.14922e-13
384 6.65692e-13
385 7.20501e-13
386 7.79657e-13
387 8.4349e-13
388 9.12356e-13
389 9.86633e-13
390 1.06673e-12
391 1.15308e-12
392 1.24616e-12
393 1.34646e-12
394 1.45453e-12
395 1.57093e-12
396 1.69629e-12
397 1.83127e-12
398 1.97656e-12
399 2.13294e-12
400 2.3012e-12
401 2.48222e-12
402 2.67691e-12
403 2.88628e-12
404 3.11137e-12
405 3.35333e-12
406 3.61337e-12
407 3.89278e-12
408 4.19294e-12
409 4.51534e-12
410 4.86156e-12
411 5.23327e-12
412 5.63229e-12
413 6.06054e-12
414 6.52007e-12
415 7.01308e-12
416 7.54189e-12
417 8.10901e-12
418 8.71709e-12
419 9.36897e-12
420 1.00677e-11
421 1.08164e-11
422 1.16186e-11
423 1.24779e-11
424 1.33982e-11
425 1.43837e-11
426 1.54387e-11
427 1.65678e-11
428 1.77762e-11
429 1.90691e-11
430 2.0452e-11
431 2.1931e-11
432 2.35124e-11
433 2.5203e-11
434 2.70097e-11
435 2.89403e-11
436 3.10027e-11
437 3.32055e-11
438 3.55576e-11
439 3.80686e-11
440 4.07487e-11
441 4.36084e-11
442 4.66593e-11
443 4.99131e-11
444 5.33827e-11
445 5.70814e-11
446 6.10235e-11
447 6.52238e-11
448 6.96983e-11
449 7.44636e-11
450 7.95375e-11
451 8.49385e-11
452 9.06865e-11
453 9.68022e-11
454 1.03308e-10
455 1.10226e-10
456 1.17582e-10
457 1.254e-10
458 1.33709e-10
459 1.42538e-10
460 1.51915e-10
461 1.61874e-10
462 1.72448e-10
463 1.83673e-10
464 1.95586e-10
465 2.08227e-10
466 2.21637e-10
467 2.35861e-10
468 2.50944e-10
469 2.66936e-10
470 2.83888e-10
471 3.01854e-10
472 3.20892e-10
473 3.41062e-10
474 3.62427e-10
475 3.85055e-10
476 4.09016e-10
477 4.34384e-10
478 4.61237e-10
479 4.89658e-10
480 5.19734e-10
481 5.51555e-10
482 5.85218e-10
483 6.20823e-10
484 6.58477e-10
485 6.98291e-10
486 7.40383e-10
487 7.84874e-10
488 8.31895e-10
489 8.81581e-10
490 9.34073e-10
491 9.89522e-10
492 1.04808e-09
493 1.10992e-09
494 1.1752e-09
495 1.24411e-09
496 1.31683e-09
497 1.39356e-09
498 1.47451e-09
499 1.55988e-09
500 1.6499e-09
501 1.7448e-09
502 1.84482e-09
503 1.95022e-09
504 2.06125e-09
505 2.17819e-09
506 2.30132e-09
507 2.43094e-09
508 2.56735e-09
509 2.71087e-09
510 2.86183e-09
511 3.02057e-09
512 3.18743e-09
513 3.3628e-09
514 3.54704e-09
515 3.74055e-09
516 3.94373e-09
517 4.15701e-09
518 4.38082e-09
519 4.61561e-09
520 4.86184e-09
521 5.12e-09
522 5.39057e-09
523 5.67407e-09
524 5.97104e-09
525 6.28202e-09
526 6.60758e-09
527 6.9483e-09
528 7.3048e-09
529 7.6777e-09
530 8.06765e-09
531 8.47533e-09
532 8.90143e-09
533 9.34669e-09
534 9.81185e-09
535 1.02977e-08
536 1.0805e-08
537 1.13347e-08
538 1.18876e-08
539 1.24646e-08
540 1.30667e-08
541 1.36949e-08
542 1.43501e-08
543 1.50335e-08
544 1.57462e-08
545 1.64893e-08
546 1.72641e-08
547 1.80718e-08
548 1.89138e-08
549 1.97914e-08
550 2.0706e-08
551 2.16592e-08
552 2.26525e-08
553 2.36875e-08
554 2.4766e-08
555 2.58897e-08
556 2.70604e-08
557 2.82801e-08
558 2.95507e-08
559 3.08743e-08
560 3.22531e-08
561 3.36891e-08
562 3.51848e-08
563 3.67425e-08
564 3.83646e-08
565 4.00537e-08
566 4.18123e-08
567 4.36431e-08
568 4.55489e-08
569 4.75324e-08
570 4.95965e-08
571 5.17442e-08
572 5.39784e-08
573 5.63021e-08
574 5.87186e-08
575 6.12307e-08
576 6.38419e-08
577 6.65551e-08
578 6.93736e-08
579 7.23006e-08
580 7.53394e-08
581 7.84931e-08
582 8.17649e-08
583 8.5158e-08
584 8.86755e-08
585 9.23206e-08
586 9.60962e-08
587 1.00005e-07
588 1.04051e-07
589 1.08236e-07
590 1.12562e-07
591 1.17033e-07
592 1.21652e-07
593 1.26419e-07
594 1.31339e-07
595 1.36412e-07
596 1.41642e-07
597 1.47029e-07
598 1.52575e-07
599 1.58283e-07
600 1.64153e-07
601 1.70187e-07
602 1.76386e-07
603 1.82751e-07
604 1.89283e-07
605 1.95983e-07
606 2.02852e-07
607 2.0989e-07
608 2.17098e-07
609 2.24477e-07
610 2.32027e-07
611 2.39748e-07
612 2.47643e-07
613 2.5571e-07
614 2.63951e-07
615 2.72368e-07
616 2.8096e-07
617 2.89731e-07
618 2.9868e-07
619 3.07811e-07
620 3.17125e-07
621 3.26625e-07
622 3.36315e-07
623 3.46198e-07
624 3.56278e-07
625 3.6656e-07
626 3.77049e-07
627 3.87753e-07
628 3.98676e-07
629 4.09828e-07
630 4.21216e-07
631 4.32851e-07
632 4.44741e-07
633 4.56898e-07
634 4.69335e-07
635 4.82064e-07
636 4.95099e-07
637 5.08455e-07
638 5.22148e-07
639 5.36196e-07
640 5.50616e-07
641 5.65426e-07
642 5.80648e-07
643 5.96301e-07
644 6.12407e-07
645 6.28988e-07
646 6.46068e-07
647 6.6367e-07
648 6.81818e-07
649 7.00537e-07
650 7.19852e-07
651 7.39787e-07
652 7.60369e-07
653 7.81622e-07
654 8.0357e-07
655 8.2624e-07
656 8.49653e-07
657 8.73834e-07
658 8.98805e-07
659 9.24586e-07
660 9.51197e-07
661 9.78656e-07
662 1.00698e-06
663 1.03618e-06
664 1.06628e-06
665 1.09727e-06
666 1.12917e-06
667 1.16198e-06
668 1.1957e-06
669 1.23033e-06
670 1.26586e-06
671 1.30228e-06
672 1.33958e-06
673 1.37775e-06
674 1.41674e-06
675 1.45655e-06
676 1.49713e-06
677 1.53846e-06
678 1.58048e-06
679 1.62315e-06
680 1.66643e-06
681 1.71025e-06
682 1.75455e-06
683 1.79927e-06
684 1.84433e-06
685 1.88965e-06
686 1.93517e-06
687 1.98078e-06
688 2.0264e-06
689 2.07193e-06
690 2.11727e-06
691 2.16233e-06
692 2.20699e-06
693 2.25115e-06
694 2.29469e-06
695 2.33751e-06
696 2.37948e-06
697 2.42048e-06
698 2.46041e-06
699 2.49914e-06
700 2.53655e-06
701 2.57254e-06
702 2.60697e-06
703 2.63976e-06
704 2.67077e-06
705 2.69992e-06
706 2.7271e-06
707 2.75221e-06
708 2.77517e-06
709 2.79589e-06
710 2.8143e-06
711 2.83033e-06
712 2.84394e-06
713 2.85506e-06
714 2.86367e-06
715 2.86974e-06
716 2.87325e-06
717 2.87421e-06
718 2.87264e-06
719 2.86855e-06
720 2.86199e-06
721 2.85302e-06
722 2.84171e-06
723 2.82816e-06
724 2.81245e-06
725 2.79472e-06
726 2.77511e-06
727 2.75377e-06
728 2.73087e-06
729 2.7066e-06
730 2.68118e-06
731 2.65482e-06
732 2.62777e-06
733 2.60029e-06
734 2.57264e-06
735 2.54513e-06
736 2.51805e-06
737 2.49172e-06
738 2.46648e-06
739 2.44268e-06
740 2.42067e-06
741 2.40082e-06
742 2.38352e-06
743 2.36916e-06
744 2.35812e-06
745 2.35082e-06
746 2.34767e-06
747 2.34908e-06
748 2.35546e-06
749 2.36724e-06
750 2.38482e-06
751 2.40863e-06
752 2.43907e-06
753 2.47655e-06
754 2.52146e-06
755 2.57421e-06
756 2.63515e-06
757 2.70466e-06
758 2.78309e-06
759 2.87078e-06
760 2.96804e-06
761 3.07517e-06
762 3.19245e-06
763 3.32014e-06
764 3.45846e-06
765 3.60763e-06
766 3.76782e-06
767 3.93917e-06
768 4.12182e-06
769 4.31585e-06
770 4.52131e-06
771 4.73824e-06
772 4.96663e-06
773 5.20642e-06
774 5.45755e-06
775 5.7199e-06
776 5.99331e-06
777 6.2776e-06
778 6.57255e-06
779 6.8779e-06
780 7.19335e-06
781 7.51857e-06
782 7.85319e-06
783 8.19681e-06
784 8.549e-06
785 8.90927e-06
786 9.27714e-06
787 9.65208e-06
788 1.00335e-05
789 1.04209e-05
790 1.08135e-05
791 1.12108e-05
792 1.16121e-05
793 1.20167e-05
794 1.24239e-05
795 1.28331e-05
796 1.32434e-05
797 1.36541e-05
798 1.40646e-05
799 1.4474e-05
800 1.48816e-05
801 1.52866e-05
802 1.56883e-05
803 1.60861e-05
804 1.6479e-05
805 1.68665e-05
806 1.72478e-05
807 1.76223e-05
808 1.79893e-05
809 1.83482e-05
810 1.86984e-05
811 1.90393e-05
812 1.93705e-05
813 1.96914e-05
814 2.00017e-05
815 2.03009e-05
816 2.05887e-05
817 2.08649e-05
818 2.11291e-05
819 2.13813e-05
820 2.16213e-05
821 2.18492e-05
822 2.20649e-05
823 2.22686e-05
824 2.24604e-05
825 2.26406e-05
826 2.28095e-05
827 2.29676e-05
828 2.31153e-05
829 2.32533e-05
830 2.33821e-05
831 2.35026e-05
832 2.36155e-05
833 2.37219e-05
834 2.38227e-05
835 2.3919e-05
836 2.40121e-05
837 2.41033e-05
838 2.41938e-05
839 2.42853e-05
840 2.43792e-05
841 2.44773e-05
842 2.45813e-05
843 2.4693e-05
844 2.48145e-05
845 2.49476e-05
846 2.50946e-05
847 2.52576e-05
848 2.5439e-05
849 2.5641e-05
850 2.58663e-05
851 2.61173e-05
852 2.63966e-05
853 2.6707e-05
854 2.70513e-05
855 2.74322e-05
856 2.78528e-05
857 2.83161e-05
858 2.8825e-05
859 2.93829e-05
860 2.99928e-05
861 3.06581e-05
862 3.13821e-05
863 3.21682e-05
864 3.30198e-05
865 3.39405e-05
866 3.49338e-05
867 3.60033e-05
868 3.71527e-05
869 3.83856e-05
870 3.97059e-05
871 4.11174e-05
872 4.26238e-05
873 4.4229e-05
874 4.59369e-05
875 4.77516e-05
876 4.96769e-05
877 5.17168e-05
878 5.38755e-05
879 5.6157e-05
880 5.85653e-05
881 6.11047e-05
882 6.37792e-05
883 6.6593e-05
884 6.95504e-05
885 7.26556e-05
886 7.59128e-05
887 7.93263e-05
888 8.29004e-05
889 8.66394e-05
890 9.05477e-05
891 9.46296e-05
892 9.88895e-05
893 0.000103332
894 0.000107961
895 0.000112782
896 0.000117798
897 0.000123015
898 0.000128437
899 0.000134068
900 0.000139914
901 0.000145978
902 0.000152265
903 0.000158781
904 0.000165529
905 0.000172516
906 0.000179744
907 0.000187221
908 0.000194949
909 0.000202935
910 0.000211183
911 0.000219698
912 0.000228485
913 0.000237551
914 0.000246899
915 0.000256535
916 0.000266464
917 0.000276692
918 0.000287225
919 0.000298067
920 0.000309225
921 0.000320704
922 0.00033251
923 0.000344649
924 0.000357126
925 0.000369947
926 0.00038312
927 0.000396649
928 0.000410541
929 0.000424803
930 0.00043944
931 0.00045446
932 0.000469869
933 0.000485673
934 0.000501879
935 0.000518495
936 0.000535527
937 0.000552983
938 0.000570868
939 0.000589192
940 0.000607961
941 0.000627182
942 0.000646863
943 0.000667012
944 0.000687637
945 0.000708745
946 0.000730345
947 0.000752443
948 0.00077505
949 0.000798172
950 0.000821818
951 0.000845997
952 0.000870717
953 0.000895987
954 0.000921815
955 0.00094821
956 0.000975182
957 0.00100274
958 0.00103089
959 0.00105964
960 0.00108901
961 0.00111899
962 0.00114961
963 0.00118087
964 0.00121277
965 0.00124534
966 0.00127857
967 0.00131248
968 0.00134708
969 0.00138237
970 0.00141837
971 0.00145509
972 0.00149253
973 0.00153071
974 0.00156964
975 0.00160931
976 0.00164975
977 0.00169097
978 0.00173297
979 0.00177576
980 0.00181935
981 0.00186376
982 0.00190899
983 0.00195504
984 0.00200194
985 0.00204969
986 0.00209829
987 0.00214777
988 0.00219811
989 0.00224935
990 0.00230147
991 0.0023545
992 0.00240844
993 0.0024633
994 0.00251909
995 0.00257581
996 0.00263347
997 0.00269208
998 0.00275166
999 0.00281219
1000 0.0028737
1001 0.00293619
1002 0.00299966
1003 0.00306413
1004 0.00312959
1005 0.00319606
1006 0.00326353
1007 0.00333202
1008 0.00340153
1009 0.00347207
1010 0.00354363
1011 0.00361623
1012 0.00368986
1013 0.00376453
1014 0.00384025
1015 0.00391701
1016 0.00399482
1017 0.00407368
1018 0.00415359
1019 0.00423455
1020 0.00431657
1021 0.00439964
1022 0.00448377
1023 0.00456895
1024 0.00465518
1025 0.00474247
1026 0.0048308
1027 0.00492019
1028 0.00501061
1029 0.00510208
1030 0.00519459
1031 0.00528813
1032 0.0053827
1033 0.00547829
1034 0.00557491
1035 0.00567253
1036 0.00577116
1037 0.00587079
1038 0.00597141
1039 0.00607301
1040 0.00617558
1041 0.00627912
1042 0.00638361
1043 0.00648904
1044 0.00659541
1045 0.00670269
1046 0.00681088
1047 0.00691997
1048 0.00702994
1049 0.00714077
1050 0.00725246
1051 0.00736498
1052 0.00747833
1053 0.00759248
1054 0.00770741
1055 0.00782312
1056 0.00793958
1057 0.00805676
1058 0.00817467
1059 0.00829326
1060 0.00841253
1061 0.00853244
1062 0.00865299
1063 0.00877414
1064 0.00889588
1065 0.00901817
1066 0.009141
1067 0.00926434
1068 0.00938816
1069 0.00951244
1070 0.00963715
1071 0.00976227
1072 0.00988776
1073 0.0100136
1074 0.0101398
1075 0.0102662
1076 0.0103929
1077 0.0105199
1078 0.010647
1079 0.0107743
1080 0.0109018
1081 0.0110293
1082 0.0111569
1083 0.0112846
1084 0.0114123
1085 0.0115399
1086 0.0116675
1087 0.0117949
1088 0.0119223
1089 0.0120494
1090 0.0121764
1091 0.0123031
1092 0.0124295
1093 0.0125556
1094 0.0126814
1095 0.0128067
1096 0.0129317
1097 0.0130561
1098 0.0131801
1099 0.0133035
1100 0.0134263
1101 0.0135485
1102 0.01367
1103 0.0137909
1104 0.0139109
1105 0.0140302
1106 0.0141487
1107 0.0142664
1108 0.0143831
1109 0.0144989
1110 0.0146137
1111 0.0147274
1112 0.0148401
1113 0.0149518
1114 0.0150622
1115 0.0151715
1116 0.0152796
1117 0.0153865
1118 0.015492
1119 0.0155962
1120 0.015699
1121 0.0158004
1122 0.0159004
1123 0.0159988
1124 0.0160958
1125 0.0161911
1126 0.0162849
1127 0.0163771
1128 0.0164676
1129 0.0165563
1130 0.0166433
1131 0.0167286
1132 0.016812
1133 0.0168936
1134 0.0169733
1135 0.0170511
1136 0.017127
1137 0.0172009
1138 0.0172728
1139 0.0173426
1140 0.0174104
1141 0.0174761
1142 0.0175397
1143 0.0176011
1144 0.0176604
1145 0.0177174
1146 0.0177723
1147 0.0178248
1148 0.0178752
1149 0.0179232
1150 0.0179689
1151 0.0180122
1152 0.0180532
1153 0.0180919
1154 0.0181281
1155 0.0181619
1156 0.0181933
1157 0.0182222
1158 0.0182487
1159 0.0182728
1160 0.0182943
1161 0.0183133
1162 0.0183299
1163 0.0183439
1164 0.0183554
1165 0.0183644
1166 0.0183708
1167 0.0183747
1168 0.018376
1169 0.0183748
1170 0.0183711
1171 0.0183648
1172 0.0183559
1173 0.0183445
1174 0.0183306
1175 0.0183141
1176 0.018295
1177 0.0182735
1178 0.0182494
1179 0.0182227
1180 0.0181936
1181 0.0181619
1182 0.0181278
1183 0.0180912
1184 0.0180521
1185 0.0180106
1186 0.0179666
1187 0.0179202
1188 0.0178714
1189 0.0178202
1190 0.0177667
1191 0.0177108
1192 0.0176525
1193 0.017592
1194 0.0175292
1195 0.0174641
1196 0.0173968
1197 0.0173272
1198 0.0172555
1199 0.0171817
1200 0.0171057
1201 0.0170276
1202 0.0169474
1203 0.0168652
1204 0.016781
1205 0.0166948
1206 0.0166067
1207 0.0165166
1208 0.0164247
1209 0.016331
1210 0.0162354
1211 0.0161381
1212 0.016039
1213 0.0159383
1214 0.0158359
1215 0.0157318
1216 0.0156262
1217 0.0155191
1218 0.0154104
1219 0.0153003
1220 0.0151888
1221 0.0150759
1222 0.0149616
1223 0.0148461
1224 0.0147293
1225 0.0146113
1226 0.0144921
1227 0.0143718
1228 0.0142504
1229 0.014128
1230 0.0140045
1231 0.0138801
1232 0.0137548
1233 0.0136286
1234 0.0135017
1235 0.0133739
1236 0.0132453
1237 0.0131161
1238 0.0129863
1239 0.0128558
1240 0.0127247
1241 0.0125932
1242 0.0124611
1243 0.0123286
1244 0.0121957
1245 0.0120625
1246 0.0119289
1247 0.0117951
1248 0.0116611
1249 0.0115268
1250 0.0113924
1251 0.0112579
1252 0.0111233
1253 0.0109887
1254 0.0108541
1255 0.0107196
1256 0.0105851
1257 0.0104508
1258 0.0103166
1259 0.0101826
1260 0.0100489
1261 0.0099154
1262 0.00978222
1263 0.00964938
1264 0.00951691
1265 0.00938484
1266 0.00925322
1267 0.00912206
1268 0.0089914
1269 0.00886127
1270 0.00873171
1271 0.00860273
1272 0.00847438
1273 0.00834667
1274 0.00821964
1275 0.00809331
1276 0.00796771
1277 0.00784286
1278 0.00771879
1279 0.00759552
1280 0.00747308
1281 0.00735148
1282 0.00723076
1283 0.00711093
1284 0.00699201
1285 0.00687402
1286 0.00675699
1287 0.00664092
1288 0.00652584
1289 0.00641176
1290 0.00629871
1291 0.00618669
1292 0.00607572
1293 0.00596581
1294 0.00585699
1295 0.00574925
1296 0.00564262
1297 0.00553711
1298 0.00543271
1299 0.00532946
1300 0.00522735
1301 0.00512639
1302 0.0050266
1303 0.00492798
1304 0.00483053
1305 0.00473426
1306 0.00463918
1307 0.0045453
1308 0.00445261
1309 0.00436113
1310 0.00427084
1311 0.00418177
1312 0.0040939
1313 0.00400725
1314 0.0039218
1315 0.00383757
1316 0.00375455
1317 0.00367274
1318 0.00359214
1319 0.00351275
1320 0.00343456
1321 0.00335758
1322 0.00328179
1323 0.0032072
1324 0.00313381
1325 0.0030616
1326 0.00299058
1327 0.00292073
1328 0.00285206
1329 0.00278455
1330 0.0027182
1331 0.002653
1332 0.00258895
1333 0.00252603
1334 0.00246425
1335 0.00240359
1336 0.00234404
1337 0.00228559
1338 0.00222824
1339 0.00217198
1340 0.00211679
1341 0.00206267
1342 0.0020096
1343 0.00195759
1344 0.0019066
1345 0.00185664
1346 0.0018077
1347 0.00175975
1348 0.0017128
1349 0.00166683
1350 0.00162183
1351 0.00157778
1352 0.00153468
1353 0.00149251
1354 0.00145126
1355 0.00141091
1356 0.00137147
1357 0.00133291
1358 0.00129521
1359 0.00125838
1360 0.00122239
1361 0.00118724
1362 0.00115291
1363 0.00111938
1364 0.00108665
1365 0.0010547
1366 0.00102353
1367 0.000993107
1368 0.000963431
1369 0.000934486
1370 0.000906262
1371 0.000878743
1372 0.000851919
1373 0.000825776
1374 0.000800302
1375 0.000775486
1376 0.000751313
1377 0.000727773
1378 0.000704852
1379 0.00068254
1380 0.000660823
1381 0.000639691
1382 0.00061913
1383 0.000599131
1384 0.00057968
1385 0.000560766
1386 0.000542379
1387 0.000524506
1388 0.000507137
1389 0.000490261
1390 0.000473867
1391 0.000457944
1392 0.000442481
1393 0.000427468
1394 0.000412895
1395 0.000398751
1396 0.000385026
1397 0.000371711
1398 0.000358795
1399 0.00034627
1400 0.000334125
1401 0.000322351
1402 0.000310939
1403 0.00029988
1404 0.000289165
1405 0.000278786
1406 0.000268733
1407 0.000258998
1408 0.000249573
1409 0.00024045
1410 0.000231621
1411 0.000223078
1412 0.000214813
1413 0.000206818
1414 0.000199087
1415 0.000191612
1416 0.000184386
1417 0.000177401
1418 0.000170652
1419 0.000164131
1420 0.000157832
1421 0.000151749
1422 0.000145874
1423 0.000140203
1424 0.000134729
1425 0.000129446
1426 0.000124349
1427 0.000119431
1428 0.000114688
1429 0.000110115
1430 0.000105705
1431 0.000101454
1432 9.73571e-05
1433 9.34093e-05
1434 8.96059e-05
1435 8.59424e-05
1436 8.24142e-05
1437 7.90169e-05
1438 7.57465e-05
1439 7.25987e-05
1440 6.95694e-05
1441 6.66549e-05
1442 6.38512e-05
1443 6.11548e-05
1444 5.85619e-05
1445 5.6069e-05
1446 5.36728e-05
1447 5.137e-05
1448 4.91573e-05
1449 4.70316e-05
1450 4.49899e-05
1451 4.30292e-05
1452 4.11467e-05
1453 3.93396e-05
1454 3.76053e-05
1455 3.5941e-05
1456 3.43443e-05
1457 3.28127e-05
1458 3.13439e-05
1459 2.99355e-05
1460 2.85853e-05
1461 2.72912e-05
1462 2.6051e-05
1463 2.48628e-05
1464 2.37245e-05
1465 2.26344e-05
1466 2.15904e-05
1467 2.0591e-05
1468 1.96343e-05
1469 1.87188e-05
1470 1.78427e-05
1471 1.70046e-05
1472 1.6203e-05
1473 1.54364e-05
1474 1.47035e-05
1475 1.40029e-05
1476 1.33332e-05
1477 1.26933e-05
1478 1.2082e-05
1479 1.1498e-05
1480 1.09403e-05
1481 1.04078e-05
1482 9.89937e-06
1483 9.41413e-06
1484 8.95106e-06
1485 8.50924e-06
1486 8.08776e-06
1487 7.68578e-06
1488 7.30246e-06
1489 6.937e-06
1490 6.58865e-06
1491 6.25665e-06
1492 5.94031e-06
1493 5.63894e-06
1494 5.35189e-06
1495 5.07853e-06
1496 4.81826e-06
1497 4.5705e-06
1498 4.33469e-06
1499 4.1103e-06
1500 3.89682e-06
1501 3.69375e-06
1502 3.50063e-06
1503 3.31699e-06
1504 3.14242e-06
1505 2.97649e-06
1506 2.81881e-06
1507 2.669e-06
1508 2.52668e-06
1509 2.39151e-06
1510 2.26316e-06
1511 2.14131e-06
1512 2.02565e-06
1513 1.91588e-06
1514 1.81173e-06
1515 1.71292e-06
1516 1.61921e-06
1517 1.53034e-06
1518 1.44608e-06
1519 1.36621e-06
1520 1.29051e-06
1521 1.21879e-06
1522 1.15084e-06
1523 1.08647e-06
1524 1.02552e-06
1525 9.67806e-07
1526 9.13172e-07
1527 8.61464e-07
1528 8.12533e-07
1529 7.6624e-07
1530 7.2245e-07
1531 6.81037e-07
1532 6.41879e-07
1533 6.04861e-07
1534 5.69872e-07
1535 5.36807e-07
1536 5.05567e-07
1537 4.76056e-07
1538 4.48185e-07
1539 4.21868e-07
1540 3.97022e-07
1541 3.73569e-07
1542 3.51437e-07
1543 3.30555e-07
1544 3.10855e-07
1545 2.92275e-07
1546 2.74755e-07
1547 2.58236e-07
1548 2.42666e-07
1549 2.27991e-07
1550 2.14165e-07
1551 2.01139e-07
1552 1.8887e-07
1553 1.77316e-07
1554 1.66438e-07
1555 1.56198e-07
1556 1.46561e-07
1557 1.37492e-07
1558 1.28961e-07
1559 1.20936e-07
1560 1.13389e-07
1561 1.06293e-07
1562 9.96231e-08
1563 9.33537e-08
1564 8.74625e-08
1565 8.19276e-08
1566 7.67285e-08
1567 7.18459e-08
1568 6.72613e-08
1569 6.29573e-08
1570 5.89177e-08
1571 5.51268e-08
1572 5.15701e-08
1573 4.82338e-08
1574 4.51048e-08
1575 4.21708e-08
1576 3.94202e-08
1577 3.68421e-08
1578 3.4426e-08
1579 3.21623e-08
1580 3.00417e-08
1581 2.80557e-08
1582 2.61959e-08
1583 2.44548e-08
1584 2.28251e-08
1585 2.12999e-08
1586 1.98729e-08
1587 1.8538e-08
1588 1.72894e-08
1589 1.61219e-08
1590 1.50303e-08
1591 1.401e-08
1592 1.30564e-08
1593 1.21655e-08
1594 1.13331e-08
1595 1.05557e-08
1596 9.82978e-09
1597 9.152e-09
1598 8.51934e-09
1599 7.92889e-09
1600 7.37796e-09
1601 6.86399e-09
1602 6.38461e-09
1603 5.93757e-09
1604 5.52077e-09
1605 5.13225e-09
1606 4.77016e-09
1607 4.43276e-09
1608 4.11844e-09
1609 3.82567e-09
1610 3.55304e-09
1611 3.2992e-09
1612 3.0629e-09
1613 2.84299e-09
1614 2.63835e-09
1615 2.44798e-09
1616 2.27091e-09
1617 2.10624e-09
1618 1.95313e-09
1619 1.81081e-09
1620 1.67853e-09
1621 1.55562e-09
1622 1.44143e-09
1623 1.33536e-09
1624 1.23686e-09
1625 1.14541e-09
1626 1.06051e-09
1627 9.81714e-10
1628 9.08599e-10
1629 8.40766e-10
1630 7.77847e-10
1631 7.19498e-10
1632 6.65397e-10
1633 6.15245e-10
1634 5.68762e-10
1635 5.2569e-10
1636 4.85785e-10
1637 4.48823e-10
1638 4.14592e-10
1639 3.82898e-10
1640 3.53558e-10
1641 3.26403e-10
1642 3.01275e-10
1643 2.78028e-10
1644 2.56524e-10
1645 2.36638e-10
1646 2.1825e-10
1647 2.01253e-10
1648 1.85543e-10
1649 1.71025e-10
1650 1.57614e-10
1651 1.45225e-10
1652 1.33784e-10
1653 1.23221e-10
1654 1.13469e-10
1655 1.04469e-10
1656 9.61636e-11
1657 8.85014e-11
1658 8.14337e-11
1659 7.49159e-11
1660 6.89062e-11
1661 6.33663e-11
1662 5.82603e-11
1663 5.35553e-11
1664 4.92206e-11
1665 4.52279e-11
1666 4.1551e-11
1667 3.81654e-11
1668 3.50489e-11
1669 3.21806e-11
1670 2.95411e-11
1671 2.71129e-11
1672 2.48794e-11
1673 2.28253e-11
1674 2.09368e-11
1675 1.92007e-11
1676 1.76052e-11
1677 1.6139e-11
1678 1.4792e-11
1679 1.35548e-11
1680 1.24187e-11
1681 1.13755e-11
1682 1.04179e-11
1683 9.53903e-12
1684 8.73258e-12
1685 7.99274e-12
1686 7.31414e-12
1687 6.69183e-12
1688 6.12127e-12
1689 5.59825e-12
1690 5.1189e-12
1691 4.67968e-12
1692 4.2773e-12
1693 3.90874e-12
1694 3.57124e-12
1695 3.26223e-12
1696 2.97937e-12
1697 2.7205e-12
1698 2.48363e-12
1699 2.26694e-12
1700 2.06874e-12
1701 1.8875e-12
1702 1.72179e-12
1703 1.57032e-12
1704 1.43189e-12
1705 1.30541e-12
1706 1.18986e-12
1707 1.08432e-12
1708 9.87954e-13
1709 8.99969e-13
1710 8.19658e-13
1711 7.46364e-13
1712 6.7949e-13
1713 6.18484e-13
1714 5.62844e-13
1715 5.12107e-13
1716 4.65851e-13
1717 4.23689e-13
1718 3.85266e-13
1719 3.50258e-13
1720 3.18367e-13
1721 2.89323e-13
1722 2.62875e-13
1723 2.38798e-13
1724 2.16883e-13
1725 1.96939e-13
1726 1.78794e-13
1727 1.62288e-13
1728 1.47277e-13
1729 1.33627e-13
1730 1.21219e-13
1731 1.0994e-13
1732 9.96912e-14
1733 9.03796e-14
1734 8.19214e-14
1735 7.42398e-14
1736 6.72651e-14
1737 6.09335e-14
1738 5.51868e-14
1739 4.99721e-14
1740 4.52411e-14
1741 4.09498e-14
1742 3.70581e-14
1743 3.35295e-14
1744 3.03308e-14
1745 2.74318e-14
1746 2.48049e-14
1747 2.24251e-14
1748 2.02695e-14
1749 1.83174e-14
1750 1.655e-14
1751 1.49502e-14
1752 1.35023e-14
1753 1.21921e-14
1754 1.10069e-14
1755 9.9349e-15
1756 8.9655e-15
1757 8.08906e-15
1758 7.29683e-15
1759 6.58087e-15
1760 5.93396e-15
1761 5.34957e-15
1762 4.82176e-15
1763 4.34514e-15
1764 3.91485e-15
1765 3.52646e-15
1766 3.17597e-15
1767 2.85973e-15
1768 2.57446e-15
1769 2.31718e-15
1770 2.08519e-15
1771 1.87604e-15
1772 1.68754e-15
1773 1.51767e-15
1774 1.36462e-15
1775 1.22676e-15
1776 1.1026e-15
1777 9.90806e-16
1778 8.90169e-16
1779 7.99591e-16
1780 7.18085e-16
1781 6.44757e-16
1782 5.78799e-16
1783 5.19484e-16
1784 4.66153e-16
1785 4.18212e-16
1786 3.75125e-16
1787 3.3641e-16
1788 3.01629e-16
1789 2.70389e-16
1790 2.42336e-16
1791 2.17149e-16
1792 1.9454e-16
1793 1.7425e-16
1794 1.56044e-16
1795 1.39713e-16
1796 1.25065e-16
1797 1.1193e-16
1798 1.00154e-16
1799 8.95991e-17
1800 8.01401e-17
1801 7.16652e-17
1802 6.40735e-17
1803 5.72743e-17
1804 5.11862e-17
1805 4.5736e-17
1806 4.08577e-17
1807 3.64924e-17
1808 3.25868e-17
1809 2.90933e-17
1810 2.59691e-17
1811 2.31756e-17
1812 2.06784e-17
1813 1.84465e-17
1814 1.64522e-17
1815 1.46705e-17
1816 1.3079e-17
1817 1.16579e-17
1818 1.0389e-17
1819 9.25634e-18
1820 8.24549e-18
1821 7.34353e-18
1822 6.5389e-18
1823 5.82125e-18
1824 5.1813e-18
1825 4.61075e-18
1826 4.1022e-18
1827 3.64899e-18
1828 3.24519e-18
1829 2.88548e-18
1830 2.56512e-18
1831 2.27986e-18
1832 2.02591e-18
1833 1.79988e-18
1834 1.59874e-18
1835 1.41978e-18
1836 1.2606e-18
1837 1.11904e-18
1838 9.93168e-19
1839 8.81275e-19
1840 7.81829e-19
1841 6.93462e-19
1842 6.14956e-19
1843 5.45226e-19
1844 4.83304e-19
1845 4.28326e-19
1846 3.79525e-19
1847 3.36214e-19
1848 2.97785e-19
1849 2.63695e-19
1850 2.33459e-19
1851 2.06647e-19
1852 1.82877e-19
1853 1.61808e-19
1854 1.43137e-19
1855 1.26594e-19
1856 1.11941e-19
1857 9.89627e-20
1858 8.74714e-20
1859 7.72985e-20
1860 6.82947e-20
1861 6.03272e-20
1862 5.32783e-20
1863 4.70433e-20
1864 4.15294e-20
1865 3.66543e-20
1866 3.23448e-20
1867 2.8536e-20
1868 2.51706e-20
1869 2.21975e-20
1870 1.95716e-20
1871 1.72527e-20
1872 1.52055e-20
1873 1.33984e-20
1874 1.18036e-20
1875 1.03965e-20
1876 9.15528e-21
1877 8.06056e-21
1878 7.09528e-21
1879 6.2443e-21
1880 5.49425e-21
1881 4.83329e-21
1882 4.25097e-21
1883 3.73804e-21
1884 3.28631e-21
1885 2.88858e-21
1886 2.53846e-21
1887 2.23032e-21
1888 1.95917e-21
1889 1.72063e-21
1890 1.51083e-21
1891 1.32633e-21
1892 1.16412e-21
1893 1.02154e-21
1894 8.96233e-22
1895 7.86135e-22
1896 6.8942e-22
1897 6.04478e-22
1898 5.29891e-22
1899 4.64412e-22
1900 4.06939e-22
1901 3.56505e-22
1902 3.12257e-22
1903 2.73444e-22
1904 2.39406e-22
1905 2.09561e-22
1906 1.83399e-22
1907 1.60469e-22
1908 1.40377e-22
1909 1.22776e-22
1910 1.07359e-22
1911 9.38582e-23
1912 8.20384e-23
1913 7.16922e-23
1914 6.26377e-23
1915 5.47154e-23
1916 4.77852e-23
1917 4.17241e-23
1918 3.64241e-23
1919 3.17908e-23
1920 2.77412e-23
1921 2.42023e-23
1922 2.11104e-23
1923 1.84098e-23
1924 1.60513e-23
1925 1.3992e-23
1926 1.21944e-23
1927 1.06255e-23
1928 9.2565e-24
1929 8.06223e-24
1930 7.02058e-24
1931 6.11223e-24
1932 5.3203e-24
1933 4.63002e-24
1934 4.02844e-24
1935 3.50431e-24
1936 3.04773e-24
1937 2.65008e-24
1938 2.30384e-24
1939 2.00242e-24
1940 1.74007e-24
1941 1.51178e-24
1942 1.31316e-24
1943 1.1404e-24
1944 9.90157e-25
1945 8.59531e-25
1946 7.45983e-25
1947 6.473e-25
1948 5.61551e-25
1949 4.87061e-25
1950 4.22364e-25
1951 3.66185e-25
1952 3.17412e-25
1953 2.75076e-25
1954 2.38338e-25
1955 2.06463e-25
1956 1.78813e-25
1957 1.54834e-25
1958 1.34043e-25
1959 1.16019e-25
1960 1.00398e-25
1961 8.68612e-26
1962 7.51344e-26
1963 6.49773e-26
1964 5.61812e-26
1965 4.85658e-26
1966 4.19739e-26
1967 3.62691e-26
1968 3.13329e-26
1969 2.70631e-26
1970 2.33702e-26
1971 2.01769e-26
1972 1.74162e-26
1973 1.50301e-26
1974 1.29684e-26
1975 1.11869e-26
1976 9.64822e-27
1977 8.31942e-27
1978 7.17213e-27
1979 6.18176e-27
1980 5.32697e-27
1981 4.58948e-27
1982 3.95322e-27
1983 3.40445e-27
1984 2.93128e-27
1985 2.52329e-27
1986 2.17165e-27
1987 1.86863e-27
1988 1.60753e-27
1989 1.38265e-27
1990 1.18896e-27
1991 1.02219e-27
1992 8.78631e-28
1993 7.55073e-28
1994 6.48751e-28
1995 5.57276e-28
1996 4.78611e-28
1997 4.10957e-28
1998 3.52788e-28
1999 3.0279e-28
2000 2.59822e-28
2001 2.22909e-28
2002 1.91194e-28
2003 1.63958e-28
2004 1.40574e-28
2005 1.20495e-28
2006 1.03265e-28
2007 8.84756e-29
2008 7.57877e-29
2009 6.49104e-29
2010 5.55774e-29
2011 4.75763e-29
2012 4.07191e-29
2013 3.48411e-29
2014 2.98053e-29
2015 2.54908e-29
2016 2.17962e-29
2017 1.86321e-29
2018 1.59239e-29
2019 1.36053e-29
2020 1.16212e-29
2021 9.924e-30
2022 8.47204e-30
2023 7.23042e-30
2024 6.16867e-30
2025 5.26135e-30
2026 4.48554e-30
2027 3.8227e-30
2028 3.25671e-30
2029 2.77316e-30
2030 2.3603e-30
2031 2.00784e-30
2032 1.70694e-30
2033 1.45025e-30
2034 1.23129e-30
2035 1.04452e-30
2036 8.85326e-31
2037 7.49601e-31
2038 6.33985e-31
2039 5.35539e-31
2040 4.51773e-31
2041 3.80523e-31
2042 3.19953e-31
2043 2.68561e-31
2044 2.24964e-31
2045 1.88098e-31
2046 1.57003e-31
2047 1.30828e-31
