0 1.06034e-83
1 1.07303e-83
2 1.16759e-83
3 1.35771e-83
4 1.67085e-83
5 2.15219e-83
6 2.87098e-83
7 3.93041e-83
8 5.4822e-83
9 7.74806e-83
10 1.10509e-82
11 1.58602e-82
12 2.28581e-82
13 3.30348e-82
14 4.78269e-82
15 6.93177e-82
16 1.00527e-81
17 1.45831e-81
18 2.11566e-81
19 3.06907e-81
20 4.45131e-81
21 6.45442e-81
22 9.35607e-81
23 1.35576e-80
24 1.96389e-80
25 2.84372e-80
26 4.11612e-80
27 5.9555e-80
28 8.6134e-80
29 1.24525e-79
30 1.79955e-79
31 2.59951e-79
32 3.75357e-79
33 5.41775e-79
34 7.81657e-79
35 1.12729e-78
36 1.62509e-78
37 2.34175e-78
38 3.37307e-78
39 4.8566e-78
40 6.98974e-78
41 1.00557e-77
42 1.44605e-77
43 2.07863e-77
44 2.98671e-77
45 4.28974e-77
46 6.15871e-77
47 8.83833e-77
48 1.26786e-76
49 1.81801e-76
50 2.6058e-76
51 3.73343e-76
52 5.34683e-76
53 7.65431e-76
54 1.09531e-75
55 1.56672e-75
56 2.24008e-75
57 3.20155e-75
58 4.57379e-75
59 6.53153e-75
60 9.32341e-75
61 1.33032e-74
62 1.8974e-74
63 2.70509e-74
64 3.85502e-74
65 5.49152e-74
66 7.81951e-74
67 1.11298e-73
68 1.5835e-73
69 2.252e-73
70 3.2014e-73
71 4.54918e-73
72 6.46171e-73
73 9.17451e-73
74 1.30208e-72
75 1.84721e-72
76 2.61948e-72
77 3.71308e-72
78 5.26107e-72
79 7.45136e-72
80 1.05492e-71
81 1.49287e-71
82 2.11176e-71
83 2.986e-71
84 4.22041e-71
85 5.96267e-71
86 8.42069e-71
87 1.18871e-70
88 1.67735e-70
89 2.36588e-70
90 3.33567e-70
91 4.70104e-70
92 6.62254e-70
93 9.32559e-70
94 1.31265e-69
95 1.84689e-69
96 2.5975e-69
97 3.65165e-69
98 5.13148e-69
99 7.20805e-69
100 1.01208e-68
101 1.42046e-68
102 1.9928e-68
103 2.7946e-68
104 3.91739e-68
105 5.48901e-68
106 7.68795e-68
107 1.07634e-67
108 1.50628e-67
109 2.10709e-67
110 2.94633e-67
111 4.11812e-67
112 5.75356e-67
113 8.03516e-67
114 1.12169e-66
115 1.5652e-66
116 2.18317e-66
117 3.04387e-66
118 4.24213e-66
119 5.90965e-66
120 8.22923e-66
121 1.14545e-65
122 1.59373e-65
123 2.21652e-65
124 3.0814e-65
125 4.28197e-65
126 5.94785e-65
127 8.25839e-65
128 1.14617e-64
129 1.5901e-64
130 2.20506e-64
131 3.05656e-64
132 4.23513e-64
133 5.86569e-64
134 8.12066e-64
135 1.12378e-63
136 1.55451e-63
137 2.14943e-63
138 2.9708e-63
139 4.10433e-63
140 5.668e-63
141 7.82414e-63
142 1.0796e-62
143 1.48905e-62
144 2.05292e-62
145 2.82915e-62
146 3.89725e-62
147 5.36635e-62
148 7.38617e-62
149 1.0162e-61
150 1.39751e-61
151 1.92111e-61
152 2.63979e-61
153 3.62579e-61
154 4.97801e-61
155 6.83168e-61
156 9.37168e-61
157 1.28507e-60
158 1.76138e-60
159 2.41323e-60
160 3.30494e-60
161 4.52425e-60
162 6.19081e-60
163 8.46773e-60
164 1.15772e-59
165 1.5822e-59
166 2.1614e-59
167 2.95139e-59
168 4.02845e-59
169 5.49625e-59
170 7.49571e-59
171 1.02183e-58
172 1.39239e-58
173 1.89653e-58
174 2.58214e-58
175 3.51411e-58
176 4.78046e-58
177 6.50042e-58
178 8.8355e-58
179 1.20043e-57
180 1.63028e-57
181 2.21312e-57
182 3.00307e-57
183 4.07326e-57
184 5.52252e-57
185 7.48427e-57
186 1.01386e-56
187 1.37286e-56
188 1.85819e-56
189 2.51403e-56
190 3.39992e-56
191 4.59605e-56
192 6.21036e-56
193 8.38815e-56
194 1.13249e-55
195 1.52832e-55
196 2.06165e-55
197 2.77992e-55
198 3.74685e-55
199 5.04797e-55
200 6.79803e-55
201 9.15096e-55
202 1.23131e-54
203 1.65609e-54
204 2.22646e-54
205 2.99202e-54
206 4.01911e-54
207 5.3965e-54
208 7.24286e-54
209 9.71681e-54
210 1.30303e-53
211 1.74663e-53
212 2.34025e-53
213 3.1343e-53
214 4.19598e-53
215 5.61492e-53
216 7.51049e-53
217 1.00417e-52
218 1.34204e-52
219 1.79283e-52
220 2.39401e-52
221 3.19542e-52
222 4.26331e-52
223 5.68565e-52
224 7.57929e-52
225 1.00993e-51
226 1.34515e-51
227 1.79088e-51
228 2.38328e-51
229 3.17029e-51
230 4.21538e-51
231 5.60261e-51
232 7.44318e-51
233 9.8842e-51
234 1.31201e-50
235 1.74081e-50
236 2.30875e-50
237 3.06067e-50
238 4.05576e-50
239 5.37206e-50
240 7.11253e-50
241 9.41285e-50
242 1.24518e-49
243 1.64648e-49
244 2.17618e-49
245 2.87507e-49
246 3.79677e-49
247 5.01181e-49
248 6.61284e-49
249 8.72157e-49
250 1.14978e-48
251 1.51512e-48
252 1.9957e-48
253 2.62757e-48
254 3.45802e-48
255 4.54897e-48
256 5.98151e-48
257 7.86181e-48
258 1.03287e-47
259 1.35639e-47
260 1.78046e-47
261 2.33611e-47
262 3.06385e-47
263 4.01656e-47
264 5.26323e-47
265 6.89387e-47
266 9.02579e-47
267 1.18119e-46
268 1.54513e-46
269 2.02034e-46
270 2.64054e-46
271 3.44965e-46
272 4.50471e-46
273 5.87991e-46
274 7.6716e-46
275 1.00049e-45
276 1.30422e-45
277 1.69941e-45
278 2.21338e-45
279 2.88155e-45
280 3.74979e-45
281 4.87751e-45
282 6.34161e-45
283 8.24159e-45
284 1.07061e-44
285 1.39016e-44
286 1.80429e-44
287 2.34077e-44
288 3.03544e-44
289 3.93453e-44
290 5.09769e-44
291 6.60183e-44
292 8.54602e-44
293 1.10579e-43
294 1.43018e-43
295 1.84892e-43
296 2.38921e-43
297 3.08603e-43
298 3.98431e-43
299 5.1418e-43
300 6.63263e-43
301 8.55194e-43
302 1.10218e-42
303 1.41986e-42
304 1.82831e-42
305 2.35321e-42
306 3.02746e-42
307 3.89318e-42
308 5.00423e-42
309 6.42952e-42
310 8.25707e-42
311 1.05994e-41
312 1.36001e-41
313 1.74426e-41
314 2.23607e-41
315 2.86528e-41
316 3.66991e-41
317 4.69839e-41
318 6.01241e-41
319 7.6905e-41
320 9.83256e-41
321 1.25656e-40
322 1.60512e-40
323 2.04944e-40
324 2.61558e-40
325 3.33662e-40
326 4.25451e-40
327 5.42248e-40
328 6.90797e-40
329 8.79646e-40
330 1.11962e-39
331 1.42441e-39
332 1.81136e-39
333 2.30238e-39
334 2.92519e-39
335 3.7148e-39
336 4.71541e-39
337 5.98282e-39
338 7.58746e-39
339 9.6181e-39
340 1.21867e-38
341 1.54342e-38
342 1.95382e-38
343 2.47222e-38
344 3.12674e-38
345 3.95274e-38
346 4.99466e-38
347 6.30836e-38
348 7.96393e-38
349 1.00494e-37
350 1.26752e-37
351 1.59797e-37
352 2.01364e-37
353 2.53629e-37
354 3.19311e-37
355 4.01819e-37
356 5.05412e-37
357 6.35421e-37
358 7.98504e-37
359 1.00298e-36
360 1.25923e-36
361 1.58022e-36
362 1.98212e-36
363 2.48509e-36
364 3.11423e-36
365 3.90084e-36
366 4.88387e-36
367 6.11178e-36
368 7.64485e-36
369 9.55803e-36
370 1.19444e-35
371 1.49197e-35
372 1.86273e-35
373 2.32454e-35
374 2.8995e-35
375 3.61496e-35
376 4.50486e-35
377 5.6112e-35
378 6.98595e-35
379 8.69344e-35
380 1.08132e-34
381 1.34434e-34
382 1.67056e-34
383 2.07497e-34
384 2.57605e-34
385 3.19662e-34
386 3.96483e-34
387 4.91532e-34
388 6.09078e-34
389 7.54378e-34
390 9.33898e-34
391 1.15559e-33
392 1.42923e-33
393 1.76683e-33
394 2.18313e-33
395 2.69624e-33
396 3.32837e-33
397 4.10675e-33
398 5.06474e-33
399 6.24324e-33
400 7.69229e-33
401 9.47315e-33
402 1.16607e-32
403 1.43467e-32
404 1.76428e-32
405 2.16859e-32
406 2.66429e-32
407 3.27173e-32
408 4.01574e-32
409 4.9266e-32
410 6.04118e-32
411 7.40438e-32
412 9.07087e-32
413 1.11071e-31
414 1.3594e-31
415 1.66298e-31
416 2.03339e-31
417 2.48511e-31
418 3.03575e-31
419 3.70663e-31
420 4.52362e-31
421 5.51808e-31
422 6.72798e-31
423 8.19928e-31
424 9.98761e-31
425 1.21603e-30
426 1.47986e-30
427 1.80009e-30
428 2.18859e-30
429 2.65969e-30
430 3.23069e-30
431 3.92246e-30
432 4.76015e-30
433 5.77406e-30
434 7.00071e-30
435 8.48407e-30
436 1.0277e-29
437 1.24432e-29
438 1.50592e-29
439 1.82169e-29
440 2.20268e-29
441 2.66217e-29
442 3.21608e-29
443 3.88352e-29
444 4.68743e-29
445 5.65528e-29
446 6.82003e-29
447 8.22113e-29
448 9.90586e-29
449 1.19308e-28
450 1.43637e-28
451 1.72855e-28
452 2.07931e-28
453 2.50023e-28
454 3.00516e-28
455 3.61063e-28
456 4.3364e-28
457 5.20604e-28
458 6.24771e-28
459 7.495e-28
460 8.98799e-28
461 1.07745e-27
462 1.29115e-27
463 1.54669e-27
464 1.85218e-27
465 2.21727e-27
466 2.65345e-27
467 3.17442e-27
468 3.79651e-27
469 4.53913e-27
470 5.42542e-27
471 6.48291e-27
472 7.74439e-27
473 9.24888e-27
474 1.10428e-26
475 1.31814e-26
476 1.57305e-26
477 1.87683e-26
478 2.2388e-26
479 2.67002e-26
480 3.18369e-26
481 3.79549e-26
482 4.52407e-26
483 5.39166e-26
484 6.42466e-26
485 7.65453e-26
486 9.1187e-26
487 1.08617e-25
488 1.29365e-25
489 1.54063e-25
490 1.83461e-25
491 2.18454e-25
492 2.60107e-25
493 3.09688e-25
494 3.68706e-25
495 4.38962e-25
496 5.22596e-25
497 6.22162e-25
498 7.407e-25
499 8.81836e-25
500 1.04989e-24
501 1.25e-24
502 1.48831e-24
503 1.77214e-24
504 2.1102e-24
505 2.51289e-24
506 2.99261e-24
507 3.56415e-24
508 4.24513e-24
509 5.05659e-24
510 6.0236e-24
511 7.17609e-24
512 8.54973e-24
513 1.01871e-23
514 1.21389e-23
515 1.44657e-23
516 1.72398e-23
517 2.05472e-23
518 2.44907e-23
519 2.91927e-23
520 3.47992e-23
521 4.14845e-23
522 4.9456e-23
523 5.89611e-23
524 7.02948e-23
525 8.38084e-23
526 9.99205e-23
527 1.1913e-22
528 1.4203e-22
529 1.69328e-22
530 2.01867e-22
531 2.40647e-22
532 2.8686e-22
533 3.41925e-22
534 4.07527e-22
535 4.85672e-22
536 5.7874e-22
537 6.89563e-22
538 8.21501e-22
539 9.78547e-22
540 1.16544e-21
541 1.38779e-21
542 1.65227e-21
543 1.96679e-21
544 2.34071e-21
545 2.78512e-21
546 3.31316e-21
547 3.94038e-21
548 4.68518e-21
549 5.56933e-21
550 6.61854e-21
551 7.86321e-21
552 9.33925e-21
553 1.1089e-20
554 1.31625e-20
555 1.56188e-20
556 1.85272e-20
557 2.19699e-20
558 2.60432e-20
559 3.08607e-20
560 3.6556e-20
561 4.32862e-20
562 5.12361e-20
563 6.06224e-20
564 7.16999e-20
565 8.47675e-20
566 1.00176e-19
567 1.18335e-19
568 1.39728e-19
569 1.64917e-19
570 1.94563e-19
571 2.29436e-19
572 2.7044e-19
573 3.18628e-19
574 3.75231e-19
575 4.41686e-19
576 5.19668e-19
577 6.11131e-19
578 7.1835e-19
579 8.43975e-19
580 9.91092e-19
581 1.16329e-18
582 1.36473e-18
583 1.60026e-18
584 1.87551e-18
585 2.197e-18
586 2.5723e-18
587 3.01019e-18
588 3.52081e-18
589 4.11595e-18
590 4.8092e-18
591 5.6163e-18
592 6.55544e-18
593 7.64761e-18
594 8.91704e-18
595 1.03917e-17
596 1.21038e-17
597 1.40905e-17
598 1.63945e-17
599 1.9065e-17
600 2.21585e-17
601 2.57401e-17
602 2.98844e-17
603 3.4677e-17
604 4.02163e-17
605 4.66148e-17
606 5.40018e-17
607 6.25248e-17
608 7.2353e-17
609 8.36798e-17
610 9.6726e-17
611 1.11744e-16
612 1.29021e-16
613 1.48887e-16
614 1.71715e-16
615 1.97931e-16
616 2.28022e-16
617 2.62539e-16
618 3.02109e-16
619 3.47446e-16
620 3.9936e-16
621 4.58769e-16
622 5.26714e-16
623 6.04377e-16
624 6.93093e-16
625 7.94376e-16
626 9.09934e-16
627 1.0417e-15
628 1.19186e-15
629 1.36288e-15
630 1.55754e-15
631 1.77896e-15
632 2.03068e-15
633 2.31666e-15
634 2.64138e-15
635 3.00986e-15
636 3.42774e-15
637 3.90134e-15
638 4.43779e-15
639 5.04503e-15
640 5.73199e-15
641 6.50866e-15
642 7.38622e-15
643 8.37717e-15
644 9.49546e-15
645 1.07567e-14
646 1.21782e-14
647 1.37795e-14
648 1.55822e-14
649 1.76103e-14
650 1.98906e-14
651 2.24529e-14
652 2.53304e-14
653 2.85598e-14
654 3.21821e-14
655 3.62425e-14
656 4.07912e-14
657 4.58841e-14
658 5.15827e-14
659 5.79553e-14
660 6.50776e-14
661 7.30329e-14
662 8.19137e-14
663 9.18218e-14
664 1.0287e-13
665 1.15182e-13
666 1.28896e-13
667 1.44162e-13
668 1.61147e-13
669 1.80036e-13
670 2.01029e-13
671 2.2435e-13
672 2.50244e-13
673 2.78982e-13
674 3.10861e-13
675 3.46209e-13
676 3.85386e-13
677 4.28789e-13
678 4.76855e-13
679 5.30065e-13
680 5.8895e-13
681 6.54093e-13
682 7.26139e-13
683 8.05797e-13
684 8.93851e-13
685 9.91165e-13
686 1.09869e-12
687 1.21749e-12
688 1.34873e-12
689 1.4937e-12
690 1.65384e-12
691 1.83073e-12
692 2.02613e-12
693 2.24202e-12
694 2.48057e-12
695 2.74422e-12
696 3.03567e-12
697 3.35797e-12
698 3.71448e-12
699 4.10901e-12
700 4.5458e-12
701 5.02962e-12
702 5.56582e-12
703 6.16043e-12
704 6.82023e-12
705 7.55286e-12
706 8.36694e-12
707 9.27222e-12
708 1.02797e-11
709 1.14018e-11
710 1.26528e-11
711 1.40484e-11
712 1.56069e-11
713 1.73489e-11
714 1.92976e-11
715 2.14796e-11
716 2.39249e-11
717 2.66678e-11
718 2.97471e-11
719 3.32072e-11
720 3.70981e-11
721 4.14772e-11
722 4.64094e-11
723 5.19685e-11
724 5.82387e-11
725 6.53154e-11
726 7.33073e-11
727 8.23376e-11
728 9.25466e-11
729 1.04094e-10
730 1.17159e-10
731 1.31948e-10
732 1.48693e-10
733 1.67659e-10
734 1.89144e-10
735 2.13487e-10
736 2.41072e-10
737 2.72332e-10
738 3.0776e-10
739 3.47911e-10
740 3.93412e-10
741 4.44972e-10
742 5.03391e-10
743 5.69572e-10
744 6.44531e-10
745 7.29416e-10
746 8.25516e-10
747 9.34284e-10
748 1.05735e-09
749 1.19656e-09
750 1.35396e-09
751 1.53188e-09
752 1.73291e-09
753 1.95995e-09
754 2.21628e-09
755 2.50553e-09
756 2.83179e-09
757 3.19964e-09
758 3.61416e-09
759 4.08106e-09
760 4.6067e-09
761 5.19817e-09
762 5.86337e-09
763 6.61109e-09
764 7.45115e-09
765 8.39443e-09
766 9.45306e-09
767 1.06405e-08
768 1.19716e-08
769 1.34631e-08
770 1.51333e-08
771 1.70025e-08
772 1.90934e-08
773 2.14308e-08
774 2.40425e-08
775 2.69588e-08
776 3.02135e-08
777 3.38437e-08
778 3.78907e-08
779 4.23995e-08
780 4.742e-08
781 5.30071e-08
782 5.92213e-08
783 6.6129e-08
784 7.38031e-08
785 8.2324e-08
786 9.17795e-08
787 1.02266e-07
788 1.13891e-07
789 1.26768e-07
790 1.41026e-07
791 1.56803e-07
792 1.74252e-07
793 1.93538e-07
794 2.14844e-07
795 2.38368e-07
796 2.64326e-07
797 2.92955e-07
798 3.2451e-07
799 3.59273e-07
800 3.97549e-07
801 4.39669e-07
802 4.85993e-07
803 5.36915e-07
804 5.92859e-07
805 6.54287e-07
806 7.21701e-07
807 7.95644e-07
808 8.76705e-07
809 9.6552e-07
810 1.06278e-06
811 1.16923e-06
812 1.28568e-06
813 1.413e-06
814 1.55212e-06
815 1.70407e-06
816 1.86994e-06
817 2.05091e-06
818 2.24825e-06
819 2.46333e-06
820 2.69762e-06
821 2.95271e-06
822 3.23029e-06
823 3.5322e-06
824 3.86039e-06
825 4.21698e-06
826 4.60422e-06
827 5.02453e-06
828 5.4805e-06
829 5.97491e-06
830 6.51072e-06
831 7.09111e-06
832 7.71947e-06
833 8.39943e-06
834 9.13484e-06
835 9.92984e-06
836 1.07888e-05
837 1.17165e-05
838 1.27178e-05
839 1.3798e-05
840 1.49629e-05
841 1.62184e-05
842 1.75709e-05
843 1.90272e-05
844 2.05945e-05
845 2.22804e-05
846 2.4093e-05
847 2.60408e-05
848 2.8133e-05
849 3.0379e-05
850 3.27892e-05
851 3.53742e-05
852 3.81453e-05
853 4.11145e-05
854 4.42945e-05
855 4.76985e-05
856 5.13406e-05
857 5.52355e-05
858 5.93989e-05
859 6.3847e-05
860 6.85971e-05
861 7.36672e-05
862 7.90763e-05
863 8.48443e-05
864 9.09921e-05
865 9.75417e-05
866 0.000104516
867 0.000111939
868 0.000119835
869 0.000128231
870 0.000137155
871 0.000146635
872 0.000156701
873 0.000167383
874 0.000178716
875 0.000190731
876 0.000203465
877 0.000216955
878 0.000231237
879 0.000246352
880 0.000262341
881 0.000279246
882 0.000297112
883 0.000315983
884 0.000335908
885 0.000356935
886 0.000379114
887 0.000402499
888 0.000427142
889 0.0004531
890 0.00048043
891 0.00050919
892 0.000539441
893 0.000571246
894 0.000604669
895 0.000639776
896 0.000676633
897 0.000715311
898 0.000755879
899 0.000798411
900 0.000842981
901 0.000889663
902 0.000938536
903 0.000989677
904 0.00104317
905 0.00109909
906 0.00115752
907 0.00121855
908 0.00128226
909 0.00134875
910 0.00141808
911 0.00149037
912 0.00156568
913 0.00164412
914 0.00172577
915 0.00181073
916 0.00189909
917 0.00199093
918 0.00208636
919 0.00218546
920 0.00228832
921 0.00239504
922 0.0025057
923 0.00262041
924 0.00273924
925 0.00286228
926 0.00298963
927 0.00312137
928 0.00325758
929 0.00339835
930 0.00354375
931 0.00369388
932 0.00384879
933 0.00400857
934 0.00417329
935 0.00434301
936 0.0045178
937 0.00469773
938 0.00488284
939 0.00507319
940 0.00526883
941 0.0054698
942 0.00567615
943 0.0058879
944 0.00610509
945 0.00632775
946 0.00655589
947 0.00678951
948 0.00702864
949 0.00727327
950 0.00752339
951 0.00777899
952 0.00804005
953 0.00830654
954 0.00857842
955 0.00885566
956 0.00913821
957 0.009426
958 0.00971897
959 0.010017
960 0.0103201
961 0.0106282
962 0.010941
963 0.0112586
964 0.0115808
965 0.0119075
966 0.0122385
967 0.0125737
968 0.012913
969 0.0132561
970 0.013603
971 0.0139534
972 0.0143071
973 0.014664
974 0.0150239
975 0.0153865
976 0.0157516
977 0.016119
978 0.0164884
979 0.0168596
980 0.0172324
981 0.0176064
982 0.0179815
983 0.0183573
984 0.0187335
985 0.0191099
986 0.0194862
987 0.0198621
988 0.0202373
989 0.0206114
990 0.0209841
991 0.0213552
992 0.0217243
993 0.0220911
994 0.0224552
995 0.0228163
996 0.0231742
997 0.0235284
998 0.0238786
999 0.0242245
1000 0.0245658
1001 0.0249021
1002 0.0252331
1003 0.0255585
1004 0.0258779
1005 0.026191
1006 0.0264976
1007 0.0267972
1008 0.0270895
1009 0.0273743
1010 0.0276513
1011 0.0279202
1012 0.0281806
1013 0.0284323
1014 0.028675
1015 0.0289085
1016 0.0291325
1017 0.0293467
1018 0.029551
1019 0.029745
1020 0.0299286
1021 0.0301016
1022 0.0302637
1023 0.0304148
1024 0.0305547
1025 0.0306833
1026 0.0308004
1027 0.0309058
1028 0.0309996
1029 0.0310814
1030 0.0311513
1031 0.0312092
1032 0.031255
1033 0.0312887
1034 0.0313101
1035 0.0313194
1036 0.0313165
1037 0.0313013
1038 0.031274
1039 0.0312345
1040 0.0311829
1041 0.0311192
1042 0.0310436
1043 0.0309561
1044 0.0308569
1045 0.0307459
1046 0.0306235
1047 0.0304896
1048 0.0303446
1049 0.0301884
1050 0.0300214
1051 0.0298437
1052 0.0296555
1053 0.029457
1054 0.0292485
1055 0.0290301
1056 0.0288022
1057 0.0285649
1058 0.0283186
1059 0.0280635
1060 0.0277999
1061 0.0275281
1062 0.0272483
1063 0.0269609
1064 0.0266662
1065 0.0263644
1066 0.0260559
1067 0.0257411
1068 0.0254202
1069 0.0250935
1070 0.0247614
1071 0.0244242
1072 0.0240823
1073 0.0237359
1074 0.0233855
1075 0.0230312
1076 0.0226736
1077 0.0223128
1078 0.0219493
1079 0.0215833
1080 0.0212152
1081 0.0208453
1082 0.0204739
1083 0.0201013
1084 0.0197278
1085 0.0193538
1086 0.0189796
1087 0.0186053
1088 0.0182314
1089 0.017858
1090 0.0174856
1091 0.0171143
1092 0.0167443
1093 0.0163761
1094 0.0160097
1095 0.0156455
1096 0.0152836
1097 0.0149244
1098 0.0145679
1099 0.0142145
1100 0.0138642
1101 0.0135174
1102 0.0131742
1103 0.0128347
1104 0.0124991
1105 0.0121676
1106 0.0118403
1107 0.0115174
1108 0.011199
1109 0.0108851
1110 0.010576
1111 0.0102716
1112 0.00997223
1113 0.0096778
1114 0.00938845
1115 0.00910423
1116 0.00882521
1117 0.00855144
1118 0.00828298
1119 0.00801984
1120 0.00776208
1121 0.0075097
1122 0.00726273
1123 0.00702118
1124 0.00678505
1125 0.00655433
1126 0.00632903
1127 0.00610911
1128 0.00589457
1129 0.00568537
1130 0.00548149
1131 0.00528289
1132 0.00508953
1133 0.00490136
1134 0.00471833
1135 0.00454039
1136 0.00436748
1137 0.00419955
1138 0.00403652
1139 0.00387833
1140 0.00372491
1141 0.00357619
1142 0.00343208
1143 0.00329252
1144 0.00315743
1145 0.00302671
1146 0.0029003
1147 0.0027781
1148 0.00266003
1149 0.002546
1150 0.00243593
1151 0.00232973
1152 0.0022273
1153 0.00212856
1154 0.00203342
1155 0.00194179
1156 0.00185358
1157 0.0017687
1158 0.00168706
1159 0.00160858
1160 0.00153316
1161 0.00146072
1162 0.00139117
1163 0.00132443
1164 0.0012604
1165 0.00119902
1166 0.00114019
1167 0.00108383
1168 0.00102987
1169 0.000978221
1170 0.000928808
1171 0.000881556
1172 0.000836389
1173 0.000793234
1174 0.00075202
1175 0.000712676
1176 0.000675134
1177 0.000639327
1178 0.000605189
1179 0.000572656
1180 0.000541666
1181 0.000512159
1182 0.000484076
1183 0.000457359
1184 0.000431952
1185 0.000407803
1186 0.000384858
1187 0.000363066
1188 0.000342379
1189 0.000322748
1190 0.000304128
1191 0.000286473
1192 0.000269742
1193 0.000253891
1194 0.000238882
1195 0.000224675
1196 0.000211234
1197 0.000198521
1198 0.000186504
1199 0.000175147
1200 0.000164421
1201 0.000154293
1202 0.000144734
1203 0.000135716
1204 0.000127213
1205 0.000119197
1206 0.000111645
1207 0.000104531
1208 9.78343e-05
1209 9.15321e-05
1210 8.56037e-05
1211 8.00292e-05
1212 7.47896e-05
1213 6.98669e-05
1214 6.52437e-05
1215 6.09037e-05
1216 5.6831e-05
1217 5.30108e-05
1218 4.94289e-05
1219 4.60718e-05
1220 4.29267e-05
1221 3.99813e-05
1222 3.7224e-05
1223 3.4644e-05
1224 3.22308e-05
1225 2.99745e-05
1226 2.78657e-05
1227 2.58956e-05
1228 2.40559e-05
1229 2.23385e-05
1230 2.0736e-05
1231 1.92413e-05
1232 1.78477e-05
1233 1.65489e-05
1234 1.53388e-05
1235 1.4212e-05
1236 1.31631e-05
1237 1.2187e-05
1238 1.12792e-05
1239 1.0435e-05
1240 9.65053e-06
1241 8.92168e-06
1242 8.24483e-06
1243 7.6165e-06
1244 7.03345e-06
1245 6.49262e-06
1246 5.99117e-06
1247 5.5264e-06
1248 5.0958e-06
1249 4.69701e-06
1250 4.32783e-06
1251 3.9862e-06
1252 3.67018e-06
1253 3.37796e-06
1254 3.10787e-06
1255 2.85831e-06
1256 2.62783e-06
1257 2.41504e-06
1258 2.21866e-06
1259 2.0375e-06
1260 1.87045e-06
1261 1.71646e-06
1262 1.57456e-06
1263 1.44387e-06
1264 1.32354e-06
1265 1.21279e-06
1266 1.1109e-06
1267 1.01719e-06
1268 9.31051e-07
1269 8.51891e-07
1270 7.79175e-07
1271 7.12405e-07
1272 6.51118e-07
1273 5.94885e-07
1274 5.4331e-07
1275 4.96024e-07
1276 4.52688e-07
1277 4.12986e-07
1278 3.76629e-07
1279 3.43347e-07
1280 3.12891e-07
1281 2.85033e-07
1282 2.5956e-07
1283 2.36277e-07
1284 2.15004e-07
1285 1.95575e-07
1286 1.77836e-07
1287 1.61648e-07
1288 1.46879e-07
1289 1.33411e-07
1290 1.21134e-07
1291 1.09947e-07
1292 9.9756e-08
1293 9.04769e-08
1294 8.2031e-08
1295 7.43464e-08
1296 6.73571e-08
1297 6.10027e-08
1298 5.52276e-08
1299 4.9981e-08
1300 4.52164e-08
1301 4.08911e-08
1302 3.69661e-08
1303 3.34056e-08
1304 3.01771e-08
1305 2.72507e-08
1306 2.45992e-08
1307 2.21976e-08
1308 2.00231e-08
1309 1.80551e-08
1310 1.62746e-08
1311 1.46644e-08
1312 1.32086e-08
1313 1.18931e-08
1314 1.07047e-08
1315 9.63151e-09
1316 8.66279e-09
1317 7.78867e-09
1318 7.00021e-09
1319 6.28927e-09
1320 5.64849e-09
1321 5.07115e-09
1322 4.55117e-09
1323 4.08302e-09
1324 3.6617e-09
1325 3.28266e-09
1326 2.94179e-09
1327 2.63535e-09
1328 2.35998e-09
1329 2.11262e-09
1330 1.89049e-09
1331 1.69111e-09
1332 1.5122e-09
1333 1.35173e-09
1334 1.20786e-09
1335 1.0789e-09
1336 9.6336e-10
1337 8.59882e-10
1338 7.6724e-10
1339 6.8433e-10
1340 6.10159e-10
1341 5.43828e-10
1342 4.84533e-10
1343 4.31546e-10
1344 3.84214e-10
1345 3.41949e-10
1346 3.04223e-10
1347 2.7056e-10
1348 2.40536e-10
1349 2.13765e-10
1350 1.89905e-10
1351 1.68646e-10
1352 1.49713e-10
1353 1.32858e-10
1354 1.17857e-10
1355 1.04512e-10
1356 9.26442e-11
1357 8.20943e-11
1358 7.27193e-11
1359 6.43916e-11
1360 5.69968e-11
1361 5.04329e-11
1362 4.46087e-11
1363 3.94428e-11
1364 3.48624e-11
1365 3.08028e-11
1366 2.7206e-11
1367 2.40204e-11
1368 2.12002e-11
1369 1.87043e-11
1370 1.64962e-11
1371 1.45435e-11
1372 1.28173e-11
1373 1.12919e-11
1374 9.94443e-12
1375 8.75456e-12
1376 7.70426e-12
1377 6.77751e-12
1378 5.96007e-12
1379 5.23932e-12
1380 4.60406e-12
1381 4.04436e-12
1382 3.55141e-12
1383 3.11741e-12
1384 2.73545e-12
1385 2.39942e-12
1386 2.10391e-12
1387 1.84413e-12
1388 1.61583e-12
1389 1.41529e-12
1390 1.23918e-12
1391 1.0846e-12
1392 9.48955e-13
1393 8.29975e-13
1394 7.25649e-13
1395 6.34208e-13
1396 5.54089e-13
1397 4.83916e-13
1398 4.22478e-13
1399 3.68707e-13
1400 3.21663e-13
1401 2.80521e-13
1402 2.44552e-13
1403 2.13119e-13
1404 1.85659e-13
1405 1.61679e-13
1406 1.40745e-13
1407 1.22478e-13
1408 1.06543e-13
1409 9.26487e-14
1410 8.0537e-14
1411 6.99836e-14
1412 6.07913e-14
1413 5.27874e-14
1414 4.5821e-14
1415 3.97597e-14
1416 3.44878e-14
1417 2.99043e-14
1418 2.59207e-14
1419 2.24598e-14
1420 1.9454e-14
1421 1.68445e-14
1422 1.45798e-14
1423 1.26152e-14
1424 1.09114e-14
1425 9.43435e-15
1426 8.15437e-15
1427 7.04556e-15
1428 6.08538e-15
1429 5.25419e-15
1430 4.53494e-15
1431 3.91277e-15
1432 3.37477e-15
1433 2.90973e-15
1434 2.50789e-15
1435 2.16079e-15
1436 1.86107e-15
1437 1.60237e-15
1438 1.37916e-15
1439 1.18662e-15
1440 1.02061e-15
1441 8.77517e-16
1442 7.54227e-16
1443 6.48035e-16
1444 5.56603e-16
1445 4.77906e-16
1446 4.10195e-16
1447 3.51957e-16
1448 3.01884e-16
1449 2.58847e-16
1450 2.21869e-16
1451 1.90109e-16
1452 1.6284e-16
1453 1.39436e-16
1454 1.19355e-16
1455 1.02131e-16
1456 8.73634e-17
1457 7.47061e-17
1458 6.38612e-17
1459 5.45724e-17
1460 4.66191e-17
1461 3.98117e-17
1462 3.3987e-17
1463 2.90049e-17
1464 2.4745e-17
1465 2.11037e-17
1466 1.79924e-17
1467 1.53347e-17
1468 1.30654e-17
1469 1.11282e-17
1470 9.47519e-18
1471 8.0651e-18
1472 6.86264e-18
1473 5.83758e-18
1474 4.96403e-18
1475 4.21986e-18
1476 3.58609e-18
1477 3.04654e-18
1478 2.58735e-18
1479 2.19667e-18
1480 1.86439e-18
1481 1.58188e-18
1482 1.34175e-18
1483 1.13772e-18
1484 9.64416e-19
1485 8.17254e-19
1486 6.92333e-19
1487 5.86325e-19
1488 4.96396e-19
1489 4.20131e-19
1490 3.55474e-19
1491 3.00675e-19
1492 2.54246e-19
1493 2.14922e-19
1494 1.81625e-19
1495 1.5344e-19
1496 1.29589e-19
1497 1.09413e-19
1498 9.2351e-20
1499 7.79261e-20
1500 6.57348e-20
1501 5.54343e-20
1502 4.6734e-20
1503 3.93875e-20
1504 3.31861e-20
1505 2.79529e-20
1506 2.3538e-20
1507 1.98146e-20
1508 1.66753e-20
1509 1.40293e-20
1510 1.17997e-20
1511 9.92163e-21
1512 8.34004e-21
1513 7.00854e-21
1514 5.88791e-21
1515 4.94505e-21
1516 4.15198e-21
1517 3.4851e-21
1518 2.9245e-21
1519 2.45337e-21
1520 2.05756e-21
1521 1.72511e-21
1522 1.44596e-21
1523 1.21164e-21
1524 1.01501e-21
1525 8.50042e-22
1526 7.11686e-22
1527 5.95681e-22
1528 4.98444e-22
1529 4.16961e-22
1530 3.48701e-22
1531 2.91533e-22
1532 2.43668e-22
1533 2.03605e-22
1534 1.7008e-22
1535 1.42036e-22
1536 1.18582e-22
1537 9.89731e-23
1538 8.25834e-23
1539 6.88883e-23
1540 5.74481e-23
1541 4.78942e-23
1542 3.99178e-23
1543 3.32603e-23
1544 2.77054e-23
1545 2.30716e-23
1546 1.92073e-23
1547 1.59857e-23
1548 1.33007e-23
1549 1.10635e-23
1550 9.19995e-24
1551 7.6481e-24
1552 6.35619e-24
1553 5.28098e-24
1554 4.38639e-24
1555 3.64228e-24
1556 3.02353e-24
1557 2.50916e-24
1558 2.08169e-24
1559 1.72653e-24
1560 1.43156e-24
1561 1.18662e-24
1562 9.83309e-25
1563 8.14588e-25
1564 6.74617e-25
1565 5.58531e-25
1566 4.62283e-25
1567 3.82506e-25
1568 3.16401e-25
1569 2.61642e-25
1570 2.16294e-25
1571 1.78752e-25
1572 1.47681e-25
1573 1.21973e-25
1574 1.0071e-25
1575 8.31276e-26
1576 6.85938e-26
1577 5.65835e-26
1578 4.66616e-26
1579 3.84675e-26
1580 3.17024e-26
1581 2.61189e-26
1582 2.15119e-26
1583 1.77119e-26
1584 1.45786e-26
1585 1.19957e-26
1586 9.86726e-27
1587 8.11387e-27
1588 6.6699e-27
1589 5.48113e-27
1590 4.50277e-27
1591 3.69784e-27
1592 3.0358e-27
1593 2.49148e-27
1594 2.04407e-27
1595 1.67646e-27
1596 1.3745e-27
1597 1.12655e-27
1598 9.23023e-28
1599 7.56011e-28
1600 6.1901e-28
1601 5.06664e-28
1602 4.14567e-28
1603 3.39095e-28
1604 2.77269e-28
1605 2.26637e-28
1606 1.85187e-28
1607 1.51266e-28
1608 1.23515e-28
1609 1.00821e-28
1610 8.22675e-29
1611 6.71049e-29
1612 5.47177e-29
1613 4.46014e-29
1614 3.63426e-29
1615 2.96025e-29
1616 2.4104e-29
1617 1.96197e-29
1618 1.5964e-29
1619 1.29848e-29
1620 1.05578e-29
1621 8.58135e-30
1622 6.97236e-30
1623 5.663e-30
1624 4.59786e-30
1625 3.7317e-30
1626 3.0276e-30
1627 2.45546e-30
1628 1.9907e-30
1629 1.61332e-30
1630 1.30699e-30
1631 1.05844e-30
1632 8.56836e-31
1633 6.93375e-31
1634 5.60889e-31
1635 4.53548e-31
1636 3.66612e-31
1637 2.96229e-31
1638 2.39269e-31
1639 1.93188e-31
1640 1.55923e-31
1641 1.25799e-31
1642 1.01456e-31
1643 8.17924e-32
1644 6.59149e-32
1645 5.30993e-32
1646 4.27591e-32
1647 3.44192e-32
1648 2.76954e-32
1649 2.22765e-32
1650 1.7911e-32
1651 1.43955e-32
1652 1.15655e-32
1653 9.28821e-33
1654 7.45647e-33
1655 5.98365e-33
1656 4.79988e-33
1657 3.8488e-33
1658 3.08497e-33
1659 2.47176e-33
1660 1.97967e-33
1661 1.58493e-33
1662 1.2684e-33
1663 1.01468e-33
1664 8.114e-34
1665 6.48588e-34
1666 5.18241e-34
1667 4.13926e-34
1668 3.30478e-34
1669 2.63749e-34
1670 2.1041e-34
1671 1.67791e-34
1672 1.33752e-34
1673 1.06576e-34
1674 8.48879e-35
1675 6.75863e-35
1676 5.37896e-35
1677 4.27923e-35
1678 3.40297e-35
1679 2.70507e-35
1680 2.14943e-35
1681 1.70724e-35
1682 1.35548e-35
1683 1.07576e-35
1684 8.53425e-36
1685 6.76768e-36
1686 5.36463e-36
1687 4.25074e-36
1688 3.36678e-36
1689 2.66557e-36
1690 2.10955e-36
1691 1.66883e-36
1692 1.31966e-36
1693 1.04312e-36
1694 8.242e-37
1695 6.5096e-37
1696 5.13925e-37
1697 4.05574e-37
1698 3.19936e-37
1699 2.52279e-37
1700 1.98848e-37
1701 1.5667e-37
1702 1.23388e-37
1703 9.71369e-38
1704 7.64396e-38
1705 6.01279e-38
1706 4.72777e-38
1707 3.71587e-38
1708 2.91935e-38
1709 2.29264e-38
1710 1.79973e-38
1711 1.41222e-38
1712 1.10769e-38
1713 8.68479e-39
1714 6.80646e-39
1715 5.33219e-39
1716 4.17554e-39
1717 3.26845e-39
1718 2.55737e-39
1719 2.00017e-39
1720 1.56373e-39
1721 1.22202e-39
1722 9.54593e-40
1723 7.45383e-40
1724 5.81785e-40
1725 4.53908e-40
1726 3.53992e-40
1727 2.75957e-40
1728 2.15036e-40
1729 1.67496e-40
1730 1.30412e-40
1731 1.01496e-40
1732 7.89599e-41
1733 6.14022e-41
1734 4.77291e-41
1735 3.70854e-41
1736 2.88034e-41
1737 2.23618e-41
1738 1.73537e-41
1739 1.34616e-41
1740 1.04381e-41
1741 8.09039e-42
1742 6.26813e-42
1743 4.85431e-42
1744 3.75784e-42
1745 2.90784e-42
1746 2.24917e-42
1747 1.73899e-42
1748 1.34397e-42
1749 1.03826e-42
1750 8.01757e-43
1751 6.18871e-43
1752 4.77506e-43
1753 3.6828e-43
1754 2.83921e-43
1755 2.18795e-43
1756 1.68539e-43
1757 1.29772e-43
1758 9.98815e-44
1759 7.68438e-44
1760 5.90954e-44
1761 4.54275e-44
1762 3.49064e-44
1763 2.68109e-44
1764 2.05844e-44
1765 1.57975e-44
1766 1.21187e-44
1767 9.29278e-45
1768 7.12288e-45
1769 5.45741e-45
1770 4.17963e-45
1771 3.19971e-45
1772 2.44852e-45
1773 1.87291e-45
1774 1.43202e-45
1775 1.09447e-45
1776 8.36142e-46
1777 6.38522e-46
1778 4.87408e-46
1779 3.71903e-46
1780 2.83653e-46
1781 2.16255e-46
1782 1.64803e-46
1783 1.25541e-46
1784 9.55926e-47
1785 7.27587e-47
1786 5.53562e-47
1787 4.20987e-47
1788 3.2003e-47
1789 2.43183e-47
1790 1.84713e-47
1791 1.40243e-47
1792 1.06436e-47
1793 8.07445e-48
1794 6.12293e-48
1795 4.64116e-48
1796 3.51653e-48
1797 2.66331e-48
1798 2.01628e-48
1799 1.52581e-48
1800 1.15417e-48
1801 8.72694e-49
1802 6.59589e-49
1803 4.98317e-49
1804 3.76321e-49
1805 2.84075e-49
1806 2.14352e-49
1807 1.61675e-49
1808 1.21893e-49
1809 9.18616e-50
1810 6.92008e-50
1811 5.21086e-50
1812 3.92218e-50
1813 2.95099e-50
1814 2.21936e-50
1815 1.66843e-50
1816 1.25375e-50
1817 9.41744e-51
1818 7.07093e-51
1819 5.3069e-51
1820 3.98131e-51
1821 2.9856e-51
1822 2.23799e-51
1823 1.6769e-51
1824 1.25596e-51
1825 9.40294e-52
1826 7.03678e-52
1827 5.26387e-52
1828 3.93602e-52
1829 2.94191e-52
1830 2.19798e-52
1831 1.64149e-52
1832 1.22539e-52
1833 9.14389e-53
1834 6.82038e-53
1835 5.08519e-53
1836 3.78989e-53
1837 2.82337e-53
1838 2.10247e-53
1839 1.56499e-53
1840 1.16444e-53
1841 8.66046e-54
1842 6.43853e-54
1843 4.78469e-54
1844 3.5542e-54
1845 2.63907e-54
1846 1.95876e-54
1847 1.45323e-54
1848 1.07772e-54
1849 7.98913e-55
1850 5.9199e-55
1851 4.38481e-55
1852 3.24644e-55
1853 2.40263e-55
1854 1.7774e-55
1855 1.31434e-55
1856 9.71515e-56
1857 7.17816e-56
1858 5.30149e-56
1859 3.91385e-56
1860 2.88823e-56
1861 2.13049e-56
1862 1.57091e-56
1863 1.15782e-56
1864 8.53011e-57
1865 6.28187e-57
1866 4.62428e-57
1867 3.40268e-57
1868 2.50276e-57
1869 1.84009e-57
1870 1.35232e-57
1871 9.93444e-58
1872 7.29504e-58
1873 5.35468e-58
1874 3.9288e-58
1875 2.88144e-58
1876 2.11241e-58
1877 1.548e-58
1878 1.13392e-58
1879 8.30269e-59
1880 6.0768e-59
1881 4.44583e-59
1882 3.25127e-59
1883 2.3767e-59
1884 1.73667e-59
1885 1.26847e-59
1886 9.2612e-60
1887 6.75888e-60
1888 4.93065e-60
1889 3.59547e-60
1890 2.62077e-60
1891 1.90951e-60
1892 1.39072e-60
1893 1.01246e-60
1894 7.36779e-61
1895 5.35943e-61
1896 3.89693e-61
1897 2.83235e-61
1898 2.05776e-61
1899 1.49439e-61
1900 1.08481e-61
1901 7.87167e-62
1902 5.70954e-62
1903 4.13959e-62
1904 3.0001e-62
1905 2.17338e-62
1906 1.57383e-62
1907 1.13921e-62
1908 8.24267e-63
1909 5.96151e-63
1910 4.30989e-63
1911 3.11457e-63
1912 2.24984e-63
1913 1.62453e-63
1914 1.17253e-63
1915 8.45952e-64
1916 6.10081e-64
1917 4.39797e-64
1918 3.16912e-64
1919 2.28269e-64
1920 1.64353e-64
1921 1.18285e-64
1922 8.5095e-65
1923 6.11929e-65
1924 4.39866e-65
1925 3.16054e-65
1926 2.26999e-65
1927 1.62971e-65
1928 1.16955e-65
1929 8.38973e-66
1930 6.0159e-66
1931 4.31196e-66
1932 3.08938e-66
1933 2.21254e-66
1934 1.58392e-66
1935 1.13343e-66
1936 8.1074e-67
1937 5.79682e-67
1938 4.14305e-67
1939 2.95987e-67
1940 2.11373e-67
1941 1.50885e-67
1942 1.07663e-67
1943 7.67907e-68
1944 5.47487e-68
1945 3.90177e-68
1946 2.77953e-68
1947 1.97926e-68
1948 1.40883e-68
1949 1.00239e-68
1950 7.1291e-69
1951 5.06823e-69
1952 3.60165e-69
1953 2.5584e-69
1954 1.8166e-69
1955 1.28935e-69
1956 9.14756e-70
1957 6.48728e-70
1958 4.59878e-70
1959 3.2587e-70
1960 2.30818e-70
1961 1.63425e-70
1962 1.15661e-70
1963 8.18241e-71
1964 5.78625e-71
1965 4.09011e-71
1966 2.88999e-71
1967 2.04117e-71
1968 1.44107e-71
1969 1.01699e-71
1970 7.17409e-72
1971 5.05873e-72
1972 3.56565e-72
1973 2.51223e-72
1974 1.7693e-72
1975 1.24557e-72
1976 8.76507e-73
1977 6.16548e-73
1978 4.33511e-73
1979 3.04689e-73
1980 2.14061e-73
1981 1.50328e-73
1982 1.05527e-73
1983 7.40479e-74
1984 5.19378e-74
1985 3.64148e-74
1986 2.55208e-74
1987 1.78786e-74
1988 1.25198e-74
1989 8.76359e-75
1990 6.13184e-75
1991 4.28866e-75
1992 2.99831e-75
1993 2.09534e-75
1994 1.46371e-75
1995 1.02206e-75
1996 7.13385e-76
1997 4.97729e-76
1998 3.47125e-76
1999 2.41992e-76
2000 1.68632e-76
2001 1.17463e-76
2002 8.17871e-77
2003 5.69236e-77
2004 3.96026e-77
2005 2.75408e-77
2006 1.91449e-77
2007 1.33031e-77
2008 9.2401e-78
2009 6.41539e-78
2010 4.45238e-78
2011 3.08877e-78
2012 2.14191e-78
2013 1.48471e-78
2014 1.02873e-78
2015 7.12507e-79
2016 4.93286e-79
2017 3.41375e-79
2018 2.36151e-79
2019 1.63294e-79
2020 1.1287e-79
2021 7.79848e-80
2022 5.38604e-80
2023 3.71841e-80
2024 2.56612e-80
2025 1.77023e-80
2026 1.22074e-80
2027 8.41522e-81
2028 5.79918e-81
2029 3.99524e-81
2030 2.75182e-81
2031 1.8951e-81
2032 1.30506e-81
2033 8.98861e-82
2034 6.19337e-82
2035 4.27066e-82
2036 2.94869e-82
2037 2.04018e-82
2038 1.41612e-82
2039 9.87712e-83
2040 6.93836e-83
2041 4.92481e-83
2042 3.54794e-83
2043 2.61004e-83
2044 1.97609e-83
2045 1.55467e-83
2046 1.28489e-83
2047 1.12771e-83
