0 4.6872e-29
1 4.03695e-29
2 3.49204e-29
3 3.0399e-29
4 2.67e-29
5 2.37365e-29
6 2.14378e-29
7 1.97494e-29
8 1.86315e-29
9 1.80532e-29
10 1.79989e-29
11 1.8463e-29
12 1.94518e-29
13 2.09808e-29
14 2.30816e-29
15 2.57918e-29
16 2.91603e-29
17 3.32688e-29
18 3.81929e-29
19 4.40301e-29
20 5.09063e-29
21 5.8954e-29
22 6.83293e-29
23 7.92388e-29
24 9.19153e-29
25 1.06576e-28
26 1.23526e-28
27 1.43143e-28
28 1.65808e-28
29 1.91926e-28
30 2.22074e-28
31 2.56861e-28
32 2.96919e-28
33 3.43131e-28
34 3.96332e-28
35 4.57561e-28
36 5.28141e-28
37 6.09358e-28
38 7.02815e-28
39 8.10361e-28
40 9.33992e-28
41 1.07626e-27
42 1.23983e-27
43 1.4278e-27
44 1.64398e-27
45 1.89229e-27
46 2.17758e-27
47 2.50529e-27
48 2.88161e-27
49 3.31367e-27
50 3.8095e-27
51 4.37875e-27
52 5.03181e-27
53 5.78088e-27
54 6.64016e-27
55 7.6254e-27
56 8.75474e-27
57 1.00495e-26
58 1.15331e-26
59 1.32327e-26
60 1.51799e-26
61 1.74098e-26
62 1.99628e-26
63 2.28849e-26
64 2.62295e-26
65 3.00574e-26
66 3.44358e-26
67 3.94441e-26
68 4.51703e-26
69 5.17167e-26
70 5.92013e-26
71 6.77543e-26
72 7.75274e-26
73 8.86885e-26
74 1.01436e-25
75 1.15995e-25
76 1.32612e-25
77 1.51579e-25
78 1.73225e-25
79 1.97917e-25
80 2.26082e-25
81 2.58203e-25
82 2.94826e-25
83 3.36574e-25
84 3.84152e-25
85 4.38364e-25
86 5.00127e-25
87 5.7047e-25
88 6.5057e-25
89 7.41775e-25
90 8.45576e-25
91 9.63696e-25
92 1.09812e-24
93 1.25101e-24
94 1.4249e-24
95 1.62261e-24
96 1.84737e-24
97 2.10287e-24
98 2.39316e-24
99 2.72296e-24
100 3.09758e-24
101 3.52301e-24
102 4.00604e-24
103 4.55436e-24
104 5.17665e-24
105 5.88273e-24
106 6.68372e-24
107 7.5922e-24
108 8.62237e-24
109 9.79027e-24
110 1.11141e-23
111 1.26142e-23
112 1.43139e-23
113 1.62392e-23
114 1.84197e-23
115 2.08886e-23
116 2.36833e-23
117 2.68465e-23
118 3.04259e-23
119 3.44752e-23
120 3.90554e-23
121 4.42349e-23
122 5.00909e-23
123 5.67102e-23
124 6.41911e-23
125 7.26435e-23
126 8.21921e-23
127 9.29767e-23
128 1.05154e-22
129 1.18902e-22
130 1.3442e-22
131 1.51931e-22
132 1.71688e-22
133 1.93974e-22
134 2.19108e-22
135 2.47448e-22
136 2.79396e-22
137 3.15404e-22
138 3.55978e-22
139 4.0169e-22
140 4.53179e-22
141 5.11162e-22
142 5.76446e-22
143 6.49934e-22
144 7.3264e-22
145 8.25701e-22
146 9.30391e-22
147 1.04814e-21
148 1.18055e-21
149 1.32941e-21
150 1.49673e-21
151 1.68477e-21
152 1.89604e-21
153 2.13336e-21
154 2.3999e-21
155 2.69918e-21
156 3.03515e-21
157 3.41224e-21
158 3.83538e-21
159 4.31011e-21
160 4.8426e-21
161 5.43975e-21
162 6.10927e-21
163 6.85977e-21
164 7.70088e-21
165 8.64333e-21
166 9.69912e-21
167 1.08816e-20
168 1.22057e-20
169 1.36882e-20
170 1.53475e-20
171 1.72044e-20
172 1.9282e-20
173 2.16059e-20
174 2.42051e-20
175 2.71112e-20
176 3.03601e-20
177 3.39912e-20
178 3.80488e-20
179 4.25821e-20
180 4.76456e-20
181 5.33003e-20
182 5.96139e-20
183 6.66617e-20
184 7.45275e-20
185 8.33044e-20
186 9.30959e-20
187 1.04017e-19
188 1.16196e-19
189 1.29774e-19
190 1.44909e-19
191 1.61776e-19
192 1.8057e-19
193 2.01507e-19
194 2.24825e-19
195 2.50791e-19
196 2.79698e-19
197 3.11875e-19
198 3.47682e-19
199 3.87522e-19
200 4.31839e-19
201 4.81126e-19
202 5.35929e-19
203 5.96853e-19
204 6.64568e-19
205 7.39814e-19
206 8.23412e-19
207 9.1627e-19
208 1.01939e-18
209 1.13389e-18
210 1.26098e-18
211 1.40204e-18
212 1.55855e-18
213 1.73219e-18
214 1.92477e-18
215 2.13832e-18
216 2.37508e-18
217 2.63751e-18
218 2.92834e-18
219 3.25056e-18
220 3.6075e-18
221 4.00282e-18
222 4.44054e-18
223 4.92511e-18
224 5.46144e-18
225 6.05493e-18
226 6.71153e-18
227 7.43782e-18
228 8.241e-18
229 9.12905e-18
230 1.01107e-17
231 1.11957e-17
232 1.23945e-17
233 1.3719e-17
234 1.51818e-17
235 1.67972e-17
236 1.85808e-17
237 2.05495e-17
238 2.27223e-17
239 2.51197e-17
240 2.77645e-17
241 3.06815e-17
242 3.38981e-17
243 3.74445e-17
244 4.13535e-17
245 4.56615e-17
246 5.04081e-17
247 5.5637e-17
248 6.13959e-17
249 6.77375e-17
250 7.4719e-17
251 8.24036e-17
252 9.08604e-17
253 1.00165e-16
254 1.104e-16
255 1.21657e-16
256 1.34035e-16
257 1.47642e-16
258 1.62598e-16
259 1.79033e-16
260 1.9709e-16
261 2.16924e-16
262 2.38706e-16
263 2.62622e-16
264 2.88875e-16
265 3.17689e-16
266 3.49306e-16
267 3.83992e-16
268 4.22036e-16
269 4.63755e-16
270 5.09494e-16
271 5.5963e-16
272 6.14573e-16
273 6.74774e-16
274 7.4072e-16
275 8.12945e-16
276 8.92029e-16
277 9.78607e-16
278 1.07337e-15
279 1.17707e-15
280 1.29052e-15
281 1.41461e-15
282 1.55033e-15
283 1.69872e-15
284 1.86093e-15
285 2.03822e-15
286 2.23194e-15
287 2.44358e-15
288 2.67475e-15
289 2.9272e-15
290 3.20282e-15
291 3.5037e-15
292 3.83207e-15
293 4.19038e-15
294 4.58127e-15
295 5.00763e-15
296 5.47258e-15
297 5.97951e-15
298 6.53211e-15
299 7.13436e-15
300 7.7906e-15
301 8.50552e-15
302 9.28422e-15
303 1.01322e-14
304 1.10555e-14
305 1.20605e-14
306 1.31544e-14
307 1.43446e-14
308 1.56394e-14
309 1.70478e-14
310 1.85793e-14
311 2.02445e-14
312 2.20545e-14
313 2.40217e-14
314 2.61592e-14
315 2.84812e-14
316 3.10033e-14
317 3.3742e-14
318 3.67153e-14
319 3.99427e-14
320 4.34451e-14
321 4.72452e-14
322 5.13674e-14
323 5.58381e-14
324 6.06856e-14
325 6.59408e-14
326 7.16365e-14
327 7.78084e-14
328 8.4495e-14
329 9.17376e-14
330 9.95808e-14
331 1.08072e-13
332 1.17264e-13
333 1.27212e-13
334 1.37976e-13
335 1.49619e-13
336 1.62212e-13
337 1.7583e-13
338 1.90551e-13
339 2.06463e-13
340 2.23658e-13
341 2.42236e-13
342 2.62304e-13
343 2.83977e-13
344 3.07379e-13
345 3.32642e-13
346 3.59909e-13
347 3.89333e-13
348 4.21079e-13
349 4.55322e-13
350 4.92253e-13
351 5.32073e-13
352 5.75002e-13
353 6.21272e-13
354 6.71135e-13
355 7.24857e-13
356 7.82729e-13
357 8.45057e-13
358 9.12172e-13
359 9.84428e-13
360 1.0622e-12
361 1.1459e-12
362 1.23597e-12
363 1.33285e-12
364 1.43706e-12
365 1.54911e-12
366 1.66959e-12
367 1.7991e-12
368 1.93828e-12
369 2.08784e-12
370 2.24851e-12
371 2.42108e-12
372 2.6064e-12
373 2.80536e-12
374 3.01894e-12
375 3.24815e-12
376 3.49409e-12
377 3.75793e-12
378 4.0409e-12
379 4.34434e-12
380 4.66965e-12
381 5.01833e-12
382 5.39198e-12
383 5.79231e-12
384 6.22112e-12
385 6.68035e-12
386 7.17203e-12
387 7.69836e-12
388 8.26164e-12
389 8.86433e-12
390 9.50906e-12
391 1.01986e-11
392 1.09359e-11
393 1.17241e-11
394 1.25665e-11
395 1.34667e-11
396 1.44284e-11
397 1.54556e-11
398 1.65526e-11
399 1.77237e-11
400 1.89738e-11
401 2.03079e-11
402 2.17313e-11
403 2.32498e-11
404 2.48693e-11
405 2.65962e-11
406 2.84373e-11
407 3.03996e-11
408 3.24909e-11
409 3.47192e-11
410 3.70929e-11
411 3.96211e-11
412 4.23134e-11
413 4.51797e-11
414 4.8231e-11
415 5.14784e-11
416 5.4934e-11
417 5.86105e-11
418 6.25213e-11
419 6.66805e-11
420 7.11033e-11
421 7.58054e-11
422 8.08037e-11
423 8.61158e-11
424 9.17605e-11
425 9.77575e-11
426 1.04128e-10
427 1.10893e-10
428 1.18077e-10
429 1.25704e-10
430 1.33799e-10
431 1.42391e-10
432 1.51507e-10
433 1.61178e-10
434 1.71435e-10
435 1.82313e-10
436 1.93846e-10
437 2.06071e-10
438 2.19027e-10
439 2.32755e-10
440 2.47298e-10
441 2.627e-10
442 2.7901e-10
443 2.96277e-10
444 3.14552e-10
445 3.33891e-10
446 3.54351e-10
447 3.7599e-10
448 3.98873e-10
449 4.23064e-10
450 4.48633e-10
451 4.75651e-10
452 5.04193e-10
453 5.34339e-10
454 5.6617e-10
455 5.99772e-10
456 6.35236e-10
457 6.72655e-10
458 7.12128e-10
459 7.53757e-10
460 7.97649e-10
461 8.43917e-10
462 8.92677e-10
463 9.44051e-10
464 9.98168e-10
465 1.05516e-09
466 1.11517e-09
467 1.17834e-09
468 1.24482e-09
469 1.31477e-09
470 1.38836e-09
471 1.46577e-09
472 1.54717e-09
473 1.63274e-09
474 1.72271e-09
475 1.81726e-09
476 1.91661e-09
477 2.021e-09
478 2.13065e-09
479 2.24582e-09
480 2.36676e-09
481 2.49375e-09
482 2.62707e-09
483 2.767e-09
484 2.91387e-09
485 3.06799e-09
486 3.22969e-09
487 3.39934e-09
488 3.57729e-09
489 3.76393e-09
490 3.95965e-09
491 4.16488e-09
492 4.38004e-09
493 4.60559e-09
494 4.842e-09
495 5.08974e-09
496 5.34934e-09
497 5.62131e-09
498 5.90621e-09
499 6.20461e-09
500 6.51708e-09
501 6.84425e-09
502 7.18674e-09
503 7.54521e-09
504 7.92034e-09
505 8.31281e-09
506 8.72335e-09
507 9.15269e-09
508 9.60162e-09
509 1.00709e-08
510 1.05613e-08
511 1.10738e-08
512 1.16091e-08
513 1.21681e-08
514 1.27517e-08
515 1.33608e-08
516 1.39965e-08
517 1.46595e-08
518 1.53509e-08
519 1.60718e-08
520 1.6823e-08
521 1.76057e-08
522 1.84209e-08
523 1.92697e-08
524 2.01532e-08
525 2.10724e-08
526 2.20286e-08
527 2.30229e-08
528 2.40565e-08
529 2.51305e-08
530 2.62462e-08
531 2.74048e-08
532 2.86076e-08
533 2.98559e-08
534 3.11511e-08
535 3.24943e-08
536 3.38871e-08
537 3.53309e-08
538 3.68271e-08
539 3.83771e-08
540 3.99826e-08
541 4.16451e-08
542 4.33662e-08
543 4.51476e-08
544 4.6991e-08
545 4.88984e-08
546 5.08714e-08
547 5.29121e-08
548 5.50224e-08
549 5.72046e-08
550 5.94607e-08
551 6.1793e-08
552 6.4204e-08
553 6.66961e-08
554 6.9272e-08
555 7.19342e-08
556 7.46857e-08
557 7.75295e-08
558 8.04686e-08
559 8.35062e-08
560 8.66458e-08
561 8.98908e-08
562 9.32449e-08
563 9.67119e-08
564 1.00296e-07
565 1.04e-07
566 1.0783e-07
567 1.1179e-07
568 1.15884e-07
569 1.20116e-07
570 1.24492e-07
571 1.29017e-07
572 1.33696e-07
573 1.38533e-07
574 1.43534e-07
575 1.48705e-07
576 1.54051e-07
577 1.59577e-07
578 1.6529e-07
579 1.71194e-07
580 1.77295e-07
581 1.83598e-07
582 1.9011e-07
583 1.96836e-07
584 2.0378e-07
585 2.10949e-07
586 2.18348e-07
587 2.2598e-07
588 2.33852e-07
589 2.41967e-07
590 2.5033e-07
591 2.58945e-07
592 2.67815e-07
593 2.76944e-07
594 2.86334e-07
595 2.95988e-07
596 3.05909e-07
597 3.16096e-07
598 3.26553e-07
599 3.37279e-07
600 3.48274e-07
601 3.59538e-07
602 3.71069e-07
603 3.82867e-07
604 3.94928e-07
605 4.07251e-07
606 4.19832e-07
607 4.32666e-07
608 4.4575e-07
609 4.59078e-07
610 4.72645e-07
611 4.86445e-07
612 5.00472e-07
613 5.14718e-07
614 5.29176e-07
615 5.43838e-07
616 5.58698e-07
617 5.73747e-07
618 5.88976e-07
619 6.04378e-07
620 6.19944e-07
621 6.35666e-07
622 6.51537e-07
623 6.67549e-07
624 6.83695e-07
625 6.99968e-07
626 7.16363e-07
627 7.32874e-07
628 7.49497e-07
629 7.66229e-07
630 7.83066e-07
631 8.00009e-07
632 8.17058e-07
633 8.34214e-07
634 8.5148e-07
635 8.68861e-07
636 8.86365e-07
637 9.03999e-07
638 9.21774e-07
639 9.39703e-07
640 9.578e-07
641 9.76082e-07
642 9.94567e-07
643 1.01328e-06
644 1.03224e-06
645 1.05147e-06
646 1.07101e-06
647 1.09088e-06
648 1.11112e-06
649 1.13176e-06
650 1.15283e-06
651 1.17439e-06
652 1.19646e-06
653 1.21909e-06
654 1.24233e-06
655 1.26622e-06
656 1.29082e-06
657 1.31615e-06
658 1.34229e-06
659 1.36927e-06
660 1.39715e-06
661 1.42598e-06
662 1.45581e-06
663 1.48668e-06
664 1.51865e-06
665 1.55177e-06
666 1.58607e-06
667 1.62161e-06
668 1.65842e-06
669 1.69654e-06
670 1.73601e-06
671 1.77686e-06
672 1.81912e-06
673 1.86281e-06
674 1.90795e-06
675 1.95455e-06
676 2.00262e-06
677 2.05216e-06
678 2.10316e-06
679 2.15562e-06
680 2.20951e-06
681 2.26481e-06
682 2.32148e-06
683 2.37947e-06
684 2.43875e-06
685 2.49924e-06
686 2.56089e-06
687 2.6236e-06
688 2.6873e-06
689 2.75189e-06
690 2.81727e-06
691 2.88332e-06
692 2.94992e-06
693 3.01693e-06
694 3.08422e-06
695 3.15165e-06
696 3.21904e-06
697 3.28624e-06
698 3.35308e-06
699 3.41937e-06
700 3.48493e-06
701 3.54957e-06
702 3.61308e-06
703 3.67528e-06
704 3.73595e-06
705 3.79488e-06
706 3.85187e-06
707 3.90669e-06
708 3.95913e-06
709 4.00899e-06
710 4.05604e-06
711 4.10009e-06
712 4.14091e-06
713 4.17831e-06
714 4.21209e-06
715 4.24207e-06
716 4.26805e-06
717 4.28987e-06
718 4.30735e-06
719 4.32036e-06
720 4.32874e-06
721 4.33237e-06
722 4.33114e-06
723 4.32496e-06
724 4.31373e-06
725 4.29741e-06
726 4.27594e-06
727 4.2493e-06
728 4.2175e-06
729 4.18054e-06
730 4.13847e-06
731 4.09135e-06
732 4.03927e-06
733 3.98235e-06
734 3.92071e-06
735 3.85452e-06
736 3.78397e-06
737 3.70926e-06
738 3.63064e-06
739 3.54838e-06
740 3.46276e-06
741 3.37409e-06
742 3.28273e-06
743 3.18904e-06
744 3.0934e-06
745 2.99624e-06
746 2.89799e-06
747 2.79912e-06
748 2.70011e-06
749 2.60147e-06
750 2.50372e-06
751 2.4074e-06
752 2.31307e-06
753 2.22131e-06
754 2.13272e-06
755 2.04789e-06
756 1.96744e-06
757 1.892e-06
758 1.8222e-06
759 1.75869e-06
760 1.70209e-06
761 1.65307e-06
762 1.61226e-06
763 1.58032e-06
764 1.55788e-06
765 1.54558e-06
766 1.54405e-06
767 1.55391e-06
768 1.57577e-06
769 1.61021e-06
770 1.65782e-06
771 1.71915e-06
772 1.79474e-06
773 1.88512e-06
774 1.99077e-06
775 2.11217e-06
776 2.24976e-06
777 2.40394e-06
778 2.5751e-06
779 2.7636e-06
780 2.96975e-06
781 3.19383e-06
782 3.43609e-06
783 3.69673e-06
784 3.97594e-06
785 4.27385e-06
786 4.59054e-06
787 4.92609e-06
788 5.28049e-06
789 5.65373e-06
790 6.04574e-06
791 6.45641e-06
792 6.8856e-06
793 7.33312e-06
794 7.79875e-06
795 8.28222e-06
796 8.78323e-06
797 9.30145e-06
798 9.83649e-06
799 1.03879e-05
800 1.09554e-05
801 1.15383e-05
802 1.21363e-05
803 1.27487e-05
804 1.3375e-05
805 1.40147e-05
806 1.46671e-05
807 1.53316e-05
808 1.60076e-05
809 1.66944e-05
810 1.73914e-05
811 1.80978e-05
812 1.88131e-05
813 1.95366e-05
814 2.02674e-05
815 2.10051e-05
816 2.17489e-05
817 2.24982e-05
818 2.32522e-05
819 2.40105e-05
820 2.47723e-05
821 2.55371e-05
822 2.63044e-05
823 2.70735e-05
824 2.78441e-05
825 2.86156e-05
826 2.93876e-05
827 3.01598e-05
828 3.09317e-05
829 3.17032e-05
830 3.2474e-05
831 3.32438e-05
832 3.40127e-05
833 3.47805e-05
834 3.55472e-05
835 3.63129e-05
836 3.70778e-05
837 3.7842e-05
838 3.86058e-05
839 3.93696e-05
840 4.01338e-05
841 4.0899e-05
842 4.16657e-05
843 4.24345e-05
844 4.32064e-05
845 4.39821e-05
846 4.47625e-05
847 4.55487e-05
848 4.63418e-05
849 4.7143e-05
850 4.79536e-05
851 4.87751e-05
852 4.96087e-05
853 5.04563e-05
854 5.13193e-05
855 5.21997e-05
856 5.30991e-05
857 5.40197e-05
858 5.49634e-05
859 5.59324e-05
860 5.69289e-05
861 5.79552e-05
862 5.90137e-05
863 6.0107e-05
864 6.12376e-05
865 6.24083e-05
866 6.36217e-05
867 6.48807e-05
868 6.61884e-05
869 6.75476e-05
870 6.89616e-05
871 7.04335e-05
872 7.19666e-05
873 7.35642e-05
874 7.52298e-05
875 7.69668e-05
876 7.87789e-05
877 8.06697e-05
878 8.26428e-05
879 8.47022e-05
880 8.68517e-05
881 8.90952e-05
882 9.14366e-05
883 9.38801e-05
884 9.64297e-05
885 9.90897e-05
886 0.000101864
887 0.000104758
888 0.000107774
889 0.000110918
890 0.000114195
891 0.000117607
892 0.000121161
893 0.000124861
894 0.000128711
895 0.000132716
896 0.000136881
897 0.00014121
898 0.000145709
899 0.000150382
900 0.000155234
901 0.000160271
902 0.000165497
903 0.000170917
904 0.000176536
905 0.00018236
906 0.000188393
907 0.000194641
908 0.000201109
909 0.000207802
910 0.000214726
911 0.000221885
912 0.000229286
913 0.000236934
914 0.000244833
915 0.000252991
916 0.000261411
917 0.0002701
918 0.000279064
919 0.000288307
920 0.000297836
921 0.000307657
922 0.000317774
923 0.000328195
924 0.000338924
925 0.000349967
926 0.000361332
927 0.000373022
928 0.000385045
929 0.000397407
930 0.000410113
931 0.00042317
932 0.000436583
933 0.00045036
934 0.000464506
935 0.000479028
936 0.000493931
937 0.000509223
938 0.000524909
939 0.000540997
940 0.000557492
941 0.000574401
942 0.000591732
943 0.000609489
944 0.000627681
945 0.000646314
946 0.000665395
947 0.00068493
948 0.000704926
949 0.00072539
950 0.00074633
951 0.000767752
952 0.000789663
953 0.00081207
954 0.000834981
955 0.000858402
956 0.00088234
957 0.000906804
958 0.000931799
959 0.000957334
960 0.000983415
961 0.00101005
962 0.00103725
963 0.00106501
964 0.00109335
965 0.00112228
966 0.00115179
967 0.00118191
968 0.00121263
969 0.00124396
970 0.00127591
971 0.00130849
972 0.00134171
973 0.00137557
974 0.00141008
975 0.00144525
976 0.00148108
977 0.00151759
978 0.00155477
979 0.00159265
980 0.00163122
981 0.00167049
982 0.00171047
983 0.00175116
984 0.00179258
985 0.00183473
986 0.00187762
987 0.00192125
988 0.00196564
989 0.00201078
990 0.00205668
991 0.00210336
992 0.00215082
993 0.00219906
994 0.00224809
995 0.00229792
996 0.00234856
997 0.0024
998 0.00245226
999 0.00250534
1000 0.00255924
1001 0.00261398
1002 0.00266955
1003 0.00272597
1004 0.00278324
1005 0.00284135
1006 0.00290033
1007 0.00296016
1008 0.00302086
1009 0.00308243
1010 0.00314487
1011 0.0032082
1012 0.0032724
1013 0.00333748
1014 0.00340345
1015 0.00347031
1016 0.00353806
1017 0.00360671
1018 0.00367625
1019 0.00374669
1020 0.00381803
1021 0.00389026
1022 0.0039634
1023 0.00403744
1024 0.00411238
1025 0.00418823
1026 0.00426497
1027 0.00434261
1028 0.00442116
1029 0.0045006
1030 0.00458093
1031 0.00466216
1032 0.00474429
1033 0.0048273
1034 0.0049112
1035 0.00499598
1036 0.00508163
1037 0.00516816
1038 0.00525556
1039 0.00534383
1040 0.00543295
1041 0.00552293
1042 0.00561375
1043 0.00570542
1044 0.00579791
1045 0.00589123
1046 0.00598537
1047 0.00608032
1048 0.00617607
1049 0.00627261
1050 0.00636993
1051 0.00646802
1052 0.00656687
1053 0.00666647
1054 0.00676681
1055 0.00686788
1056 0.00696966
1057 0.00707214
1058 0.0071753
1059 0.00727915
1060 0.00738365
1061 0.00748879
1062 0.00759457
1063 0.00770096
1064 0.00780795
1065 0.00791552
1066 0.00802365
1067 0.00813233
1068 0.00824155
1069 0.00835127
1070 0.00846148
1071 0.00857217
1072 0.00868331
1073 0.00879488
1074 0.00890687
1075 0.00901924
1076 0.00913199
1077 0.00924508
1078 0.0093585
1079 0.00947222
1080 0.00958622
1081 0.00970048
1082 0.00981497
1083 0.00992966
1084 0.0100445
1085 0.0101596
1086 0.0102747
1087 0.01039
1088 0.0105054
1089 0.0106208
1090 0.0107362
1091 0.0108516
1092 0.010967
1093 0.0110824
1094 0.0111976
1095 0.0113127
1096 0.0114277
1097 0.0115426
1098 0.0116572
1099 0.0117716
1100 0.0118857
1101 0.0119995
1102 0.012113
1103 0.0122261
1104 0.0123389
1105 0.0124512
1106 0.0125631
1107 0.0126746
1108 0.0127855
1109 0.0128958
1110 0.0130056
1111 0.0131148
1112 0.0132233
1113 0.0133312
1114 0.0134383
1115 0.0135447
1116 0.0136504
1117 0.0137552
1118 0.0138593
1119 0.0139624
1120 0.0140647
1121 0.014166
1122 0.0142663
1123 0.0143657
1124 0.014464
1125 0.0145613
1126 0.0146574
1127 0.0147525
1128 0.0148464
1129 0.0149391
1130 0.0150306
1131 0.0151208
1132 0.0152098
1133 0.0152974
1134 0.0153837
1135 0.0154686
1136 0.0155522
1137 0.0156343
1138 0.0157149
1139 0.015794
1140 0.0158717
1141 0.0159478
1142 0.0160223
1143 0.0160952
1144 0.0161665
1145 0.0162361
1146 0.0163041
1147 0.0163703
1148 0.0164348
1149 0.0164976
1150 0.0165586
1151 0.0166177
1152 0.0166751
1153 0.0167306
1154 0.0167842
1155 0.016836
1156 0.0168858
1157 0.0169338
1158 0.0169797
1159 0.0170237
1160 0.0170657
1161 0.0171057
1162 0.0171437
1163 0.0171797
1164 0.0172136
1165 0.0172454
1166 0.0172752
1167 0.0173028
1168 0.0173284
1169 0.0173519
1170 0.0173732
1171 0.0173924
1172 0.0174094
1173 0.0174243
1174 0.0174371
1175 0.0174476
1176 0.017456
1177 0.0174622
1178 0.0174663
1179 0.0174681
1180 0.0174678
1181 0.0174652
1182 0.0174605
1183 0.0174536
1184 0.0174445
1185 0.0174332
1186 0.0174197
1187 0.0174041
1188 0.0173862
1189 0.0173662
1190 0.017344
1191 0.0173197
1192 0.0172931
1193 0.0172645
1194 0.0172337
1195 0.0172008
1196 0.0171657
1197 0.0171286
1198 0.0170894
1199 0.017048
1200 0.0170046
1201 0.0169592
1202 0.0169117
1203 0.0168622
1204 0.0168107
1205 0.0167572
1206 0.0167017
1207 0.0166443
1208 0.016585
1209 0.0165237
1210 0.0164605
1211 0.0163955
1212 0.0163287
1213 0.01626
1214 0.0161895
1215 0.0161172
1216 0.0160432
1217 0.0159674
1218 0.01589
1219 0.0158109
1220 0.0157301
1221 0.0156477
1222 0.0155638
1223 0.0154782
1224 0.0153912
1225 0.0153026
1226 0.0152126
1227 0.0151211
1228 0.0150282
1229 0.0149339
1230 0.0148383
1231 0.0147413
1232 0.0146431
1233 0.0145436
1234 0.0144429
1235 0.014341
1236 0.0142379
1237 0.0141338
1238 0.0140285
1239 0.0139222
1240 0.0138149
1241 0.0137065
1242 0.0135973
1243 0.0134871
1244 0.013376
1245 0.0132641
1246 0.0131514
1247 0.0130379
1248 0.0129236
1249 0.0128087
1250 0.0126931
1251 0.0125768
1252 0.0124599
1253 0.0123425
1254 0.0122246
1255 0.0121061
1256 0.0119872
1257 0.0118678
1258 0.0117481
1259 0.011628
1260 0.0115076
1261 0.0113868
1262 0.0112659
1263 0.0111447
1264 0.0110233
1265 0.0109017
1266 0.01078
1267 0.0106583
1268 0.0105364
1269 0.0104146
1270 0.0102927
1271 0.0101709
1272 0.0100491
1273 0.00992747
1274 0.00980593
1275 0.00968456
1276 0.00956336
1277 0.00944238
1278 0.00932165
1279 0.00920119
1280 0.00908102
1281 0.00896119
1282 0.00884171
1283 0.00872261
1284 0.00860392
1285 0.00848566
1286 0.00836786
1287 0.00825055
1288 0.00813374
1289 0.00801746
1290 0.00790174
1291 0.00778659
1292 0.00767205
1293 0.00755812
1294 0.00744484
1295 0.00733223
1296 0.00722029
1297 0.00710906
1298 0.00699856
1299 0.00688879
1300 0.00677979
1301 0.00667156
1302 0.00656412
1303 0.0064575
1304 0.0063517
1305 0.00624674
1306 0.00614264
1307 0.00603941
1308 0.00593707
1309 0.00583562
1310 0.00573508
1311 0.00563547
1312 0.00553679
1313 0.00543905
1314 0.00534227
1315 0.00524645
1316 0.00515161
1317 0.00505775
1318 0.00496488
1319 0.00487302
1320 0.00478215
1321 0.0046923
1322 0.00460347
1323 0.00451567
1324 0.00442889
1325 0.00434315
1326 0.00425845
1327 0.00417479
1328 0.00409218
1329 0.00401061
1330 0.0039301
1331 0.00385064
1332 0.00377223
1333 0.00369487
1334 0.00361857
1335 0.00354333
1336 0.00346914
1337 0.003396
1338 0.00332392
1339 0.00325288
1340 0.0031829
1341 0.00311396
1342 0.00304606
1343 0.0029792
1344 0.00291338
1345 0.00284859
1346 0.00278483
1347 0.00272209
1348 0.00266038
1349 0.00259967
1350 0.00253997
1351 0.00248127
1352 0.00242357
1353 0.00236686
1354 0.00231113
1355 0.00225638
1356 0.00220259
1357 0.00214976
1358 0.00209789
1359 0.00204696
1360 0.00199697
1361 0.00194791
1362 0.00189977
1363 0.00185254
1364 0.00180621
1365 0.00176077
1366 0.00171622
1367 0.00167255
1368 0.00162974
1369 0.00158778
1370 0.00154667
1371 0.0015064
1372 0.00146696
1373 0.00142833
1374 0.0013905
1375 0.00135348
1376 0.00131723
1377 0.00128177
1378 0.00124706
1379 0.00121312
1380 0.00117991
1381 0.00114744
1382 0.00111569
1383 0.00108466
1384 0.00105432
1385 0.00102468
1386 0.000995719
1387 0.000967426
1388 0.000939791
1389 0.000912806
1390 0.000886458
1391 0.000860738
1392 0.000835634
1393 0.000811137
1394 0.000787236
1395 0.000763921
1396 0.000741181
1397 0.000719006
1398 0.000697385
1399 0.000676309
1400 0.000655768
1401 0.000635751
1402 0.000616248
1403 0.00059725
1404 0.000578747
1405 0.00056073
1406 0.000543187
1407 0.000526111
1408 0.000509491
1409 0.000493318
1410 0.000477584
1411 0.000462278
1412 0.000447391
1413 0.000432916
1414 0.000418842
1415 0.000405162
1416 0.000391866
1417 0.000378946
1418 0.000366394
1419 0.000354202
1420 0.00034236
1421 0.000330861
1422 0.000319698
1423 0.000308862
1424 0.000298345
1425 0.00028814
1426 0.00027824
1427 0.000268637
1428 0.000259323
1429 0.000250292
1430 0.000241537
1431 0.000233051
1432 0.000224826
1433 0.000216857
1434 0.000209137
1435 0.000201659
1436 0.000194416
1437 0.000187404
1438 0.000180615
1439 0.000174044
1440 0.000167685
1441 0.000161533
1442 0.00015558
1443 0.000149823
1444 0.000144255
1445 0.000138872
1446 0.000133667
1447 0.000128637
1448 0.000123776
1449 0.000119079
1450 0.000114542
1451 0.00011016
1452 0.000105928
1453 0.000101842
1454 9.78974e-05
1455 9.40903e-05
1456 9.04165e-05
1457 8.68718e-05
1458 8.34525e-05
1459 8.01545e-05
1460 7.69743e-05
1461 7.39081e-05
1462 7.09523e-05
1463 6.81035e-05
1464 6.53584e-05
1465 6.27135e-05
1466 6.01658e-05
1467 5.7712e-05
1468 5.53491e-05
1469 5.30742e-05
1470 5.08844e-05
1471 4.87768e-05
1472 4.67488e-05
1473 4.47976e-05
1474 4.29208e-05
1475 4.11157e-05
1476 3.938e-05
1477 3.77113e-05
1478 3.61073e-05
1479 3.45657e-05
1480 3.30844e-05
1481 3.16613e-05
1482 3.02944e-05
1483 2.89816e-05
1484 2.77211e-05
1485 2.65109e-05
1486 2.53493e-05
1487 2.42345e-05
1488 2.31649e-05
1489 2.21387e-05
1490 2.11544e-05
1491 2.02105e-05
1492 1.93054e-05
1493 1.84378e-05
1494 1.76061e-05
1495 1.68092e-05
1496 1.60455e-05
1497 1.5314e-05
1498 1.46134e-05
1499 1.39424e-05
1500 1.33e-05
1501 1.2685e-05
1502 1.20964e-05
1503 1.15332e-05
1504 1.09943e-05
1505 1.04787e-05
1506 9.9857e-06
1507 9.51423e-06
1508 9.06347e-06
1509 8.63258e-06
1510 8.22078e-06
1511 7.82727e-06
1512 7.45133e-06
1513 7.09222e-06
1514 6.74926e-06
1515 6.42179e-06
1516 6.10915e-06
1517 5.81073e-06
1518 5.52594e-06
1519 5.2542e-06
1520 4.99496e-06
1521 4.74769e-06
1522 4.51189e-06
1523 4.28705e-06
1524 4.07272e-06
1525 3.86844e-06
1526 3.67376e-06
1527 3.48828e-06
1528 3.31159e-06
1529 3.1433e-06
1530 2.98305e-06
1531 2.83048e-06
1532 2.68524e-06
1533 2.54702e-06
1534 2.41549e-06
1535 2.29035e-06
1536 2.17132e-06
1537 2.05812e-06
1538 1.95048e-06
1539 1.84815e-06
1540 1.75088e-06
1541 1.65844e-06
1542 1.5706e-06
1543 1.48716e-06
1544 1.40791e-06
1545 1.33264e-06
1546 1.26118e-06
1547 1.19334e-06
1548 1.12895e-06
1549 1.06785e-06
1550 1.00988e-06
1551 9.54889e-07
1552 9.02733e-07
1553 8.53275e-07
1554 8.06385e-07
1555 7.61938e-07
1556 7.19814e-07
1557 6.79898e-07
1558 6.42083e-07
1559 6.06264e-07
1560 5.72342e-07
1561 5.40222e-07
1562 5.09814e-07
1563 4.81033e-07
1564 4.53797e-07
1565 4.28026e-07
1566 4.03647e-07
1567 3.80589e-07
1568 3.58785e-07
1569 3.3817e-07
1570 3.18682e-07
1571 3.00264e-07
1572 2.8286e-07
1573 2.66417e-07
1574 2.50885e-07
1575 2.36217e-07
1576 2.22366e-07
1577 2.0929e-07
1578 1.96948e-07
1579 1.85301e-07
1580 1.74311e-07
1581 1.63943e-07
1582 1.54164e-07
1583 1.44943e-07
1584 1.36249e-07
1585 1.28053e-07
1586 1.20329e-07
1587 1.1305e-07
1588 1.06193e-07
1589 9.9733e-08
1590 9.36495e-08
1591 8.79212e-08
1592 8.25285e-08
1593 7.74525e-08
1594 7.26756e-08
1595 6.81811e-08
1596 6.39529e-08
1597 5.99761e-08
1598 5.62364e-08
1599 5.27203e-08
1600 4.94152e-08
1601 4.63088e-08
1602 4.33899e-08
1603 4.06476e-08
1604 3.80717e-08
1605 3.56525e-08
1606 3.33811e-08
1607 3.12486e-08
1608 2.92471e-08
1609 2.73688e-08
1610 2.56065e-08
1611 2.39532e-08
1612 2.24027e-08
1613 2.09487e-08
1614 1.95855e-08
1615 1.83076e-08
1616 1.71101e-08
1617 1.59879e-08
1618 1.49366e-08
1619 1.39519e-08
1620 1.30297e-08
1621 1.21662e-08
1622 1.13579e-08
1623 1.06014e-08
1624 9.89339e-09
1625 9.23101e-09
1626 8.61139e-09
1627 8.03189e-09
1628 7.49001e-09
1629 6.9834e-09
1630 6.50987e-09
1631 6.06732e-09
1632 5.65382e-09
1633 5.26753e-09
1634 4.90673e-09
1635 4.5698e-09
1636 4.25522e-09
1637 3.96156e-09
1638 3.68749e-09
1639 3.43175e-09
1640 3.19315e-09
1641 2.97059e-09
1642 2.76303e-09
1643 2.5695e-09
1644 2.38908e-09
1645 2.22092e-09
1646 2.06421e-09
1647 1.9182e-09
1648 1.78219e-09
1649 1.65552e-09
1650 1.53756e-09
1651 1.42774e-09
1652 1.32552e-09
1653 1.23039e-09
1654 1.14187e-09
1655 1.05953e-09
1656 9.82938e-10
1657 9.11715e-10
1658 8.45494e-10
1659 7.83937e-10
1660 7.26726e-10
1661 6.73565e-10
1662 6.24175e-10
1663 5.783e-10
1664 5.35695e-10
1665 4.96137e-10
1666 4.59414e-10
1667 4.2533e-10
1668 3.937e-10
1669 3.64355e-10
1670 3.37133e-10
1671 3.11887e-10
1672 2.88477e-10
1673 2.66775e-10
1674 2.46658e-10
1675 2.28016e-10
1676 2.10743e-10
1677 1.94742e-10
1678 1.79923e-10
1679 1.66199e-10
1680 1.53494e-10
1681 1.41733e-10
1682 1.30848e-10
1683 1.20777e-10
1684 1.1146e-10
1685 1.02842e-10
1686 9.48729e-11
1687 8.75046e-11
1688 8.06933e-11
1689 7.43981e-11
1690 6.85811e-11
1691 6.32069e-11
1692 5.82429e-11
1693 5.36585e-11
1694 4.94257e-11
1695 4.55181e-11
1696 4.19115e-11
1697 3.85833e-11
1698 3.55127e-11
1699 3.26803e-11
1700 3.00681e-11
1701 2.76594e-11
1702 2.54388e-11
1703 2.33921e-11
1704 2.15059e-11
1705 1.97681e-11
1706 1.81673e-11
1707 1.66929e-11
1708 1.53352e-11
1709 1.40853e-11
1710 1.29347e-11
1711 1.18759e-11
1712 1.09017e-11
1713 1.00055e-11
1714 9.18124e-12
1715 8.42325e-12
1716 7.72637e-12
1717 7.08579e-12
1718 6.49707e-12
1719 5.95613e-12
1720 5.45918e-12
1721 5.00273e-12
1722 4.58357e-12
1723 4.19873e-12
1724 3.84546e-12
1725 3.52124e-12
1726 3.22374e-12
1727 2.95081e-12
1728 2.70046e-12
1729 2.47088e-12
1730 2.26039e-12
1731 2.06743e-12
1732 1.89058e-12
1733 1.72852e-12
1734 1.58005e-12
1735 1.44406e-12
1736 1.31951e-12
1737 1.20548e-12
1738 1.10109e-12
1739 1.00555e-12
1740 9.18115e-13
1741 8.38125e-13
1742 7.64956e-13
1743 6.9804e-13
1744 6.36855e-13
1745 5.80921e-13
1746 5.29797e-13
1747 4.83079e-13
1748 4.40395e-13
1749 4.01406e-13
1750 3.65797e-13
1751 3.33283e-13
1752 3.036e-13
1753 2.76507e-13
1754 2.51783e-13
1755 2.29226e-13
1756 2.08649e-13
1757 1.89882e-13
1758 1.7277e-13
1759 1.57169e-13
1760 1.42949e-13
1761 1.29991e-13
1762 1.18184e-13
1763 1.07429e-13
1764 9.76335e-14
1765 8.8714e-14
1766 8.05936e-14
1767 7.32023e-14
1768 6.6476e-14
1769 6.03559e-14
1770 5.47886e-14
1771 4.97252e-14
1772 4.51209e-14
1773 4.09349e-14
1774 3.71301e-14
1775 3.36723e-14
1776 3.05306e-14
1777 2.76766e-14
1778 2.50845e-14
1779 2.27308e-14
1780 2.05938e-14
1781 1.86542e-14
1782 1.68939e-14
1783 1.52967e-14
1784 1.38478e-14
1785 1.25337e-14
1786 1.13421e-14
1787 1.02618e-14
1788 9.28251e-15
1789 8.39506e-15
1790 7.59097e-15
1791 6.86255e-15
1792 6.20281e-15
1793 5.6054e-15
1794 5.06453e-15
1795 4.57496e-15
1796 4.1319e-15
1797 3.73101e-15
1798 3.36836e-15
1799 3.04036e-15
1800 2.74376e-15
1801 2.47561e-15
1802 2.23322e-15
1803 2.01417e-15
1804 1.81625e-15
1805 1.63746e-15
1806 1.47597e-15
1807 1.33015e-15
1808 1.1985e-15
1809 1.07967e-15
1810 9.72427e-16
1811 8.75664e-16
1812 7.88374e-16
1813 7.09646e-16
1814 6.38653e-16
1815 5.74649e-16
1816 5.16958e-16
1817 4.64966e-16
1818 4.1812e-16
1819 3.7592e-16
1820 3.37913e-16
1821 3.03688e-16
1822 2.72875e-16
1823 2.4514e-16
1824 2.20181e-16
1825 1.97724e-16
1826 1.77522e-16
1827 1.59352e-16
1828 1.43014e-16
1829 1.28326e-16
1830 1.15123e-16
1831 1.03258e-16
1832 9.25977e-17
1833 8.30214e-17
1834 7.44208e-17
1835 6.66978e-17
1836 5.97645e-17
1837 5.35412e-17
1838 4.79564e-17
1839 4.29456e-17
1840 3.84508e-17
1841 3.44195e-17
1842 3.08048e-17
1843 2.75642e-17
1844 2.46596e-17
1845 2.20567e-17
1846 1.97246e-17
1847 1.76355e-17
1848 1.57646e-17
1849 1.40894e-17
1850 1.25896e-17
1851 1.12473e-17
1852 1.00461e-17
1853 8.97136e-18
1854 8.01002e-18
1855 7.15027e-18
1856 6.38152e-18
1857 5.69428e-18
1858 5.08004e-18
1859 4.53116e-18
1860 4.04077e-18
1861 3.60273e-18
1862 3.21154e-18
1863 2.86225e-18
1864 2.55044e-18
1865 2.27214e-18
1866 2.02381e-18
1867 1.80226e-18
1868 1.60463e-18
1869 1.4284e-18
1870 1.27126e-18
1871 1.13118e-18
1872 1.00634e-18
1873 8.95097e-19
1874 7.9599e-19
1875 7.07714e-19
1876 6.29102e-19
1877 5.5911e-19
1878 4.96805e-19
1879 4.41355e-19
1880 3.92014e-19
1881 3.4812e-19
1882 3.09079e-19
1883 2.74361e-19
1884 2.43493e-19
1885 2.16055e-19
1886 1.91671e-19
1887 1.70004e-19
1888 1.50756e-19
1889 1.3366e-19
1890 1.1848e-19
1891 1.05002e-19
1892 9.30386e-20
1893 8.24218e-20
1894 7.30017e-20
1895 6.46452e-20
1896 5.72338e-20
1897 5.06618e-20
1898 4.48355e-20
1899 3.96712e-20
1900 3.50946e-20
1901 3.10398e-20
1902 2.74479e-20
1903 2.42667e-20
1904 2.145e-20
1905 1.89563e-20
1906 1.67492e-20
1907 1.4796e-20
1908 1.3068e-20
1909 1.15394e-20
1910 1.01876e-20
1911 8.99236e-21
1912 7.93572e-21
1913 7.00182e-21
1914 6.17657e-21
1915 5.44749e-21
1916 4.8035e-21
1917 4.23478e-21
1918 3.73264e-21
1919 3.28937e-21
1920 2.89815e-21
1921 2.55295e-21
1922 2.24841e-21
1923 1.97979e-21
1924 1.74292e-21
1925 1.53407e-21
1926 1.34997e-21
1927 1.18773e-21
1928 1.04477e-21
1929 9.18835e-22
1930 8.07913e-22
1931 7.10238e-22
1932 6.24245e-22
1933 5.48552e-22
1934 4.81939e-22
1935 4.23329e-22
1936 3.71772e-22
1937 3.26427e-22
1938 2.86554e-22
1939 2.515e-22
1940 2.2069e-22
1941 1.93615e-22
1942 1.69826e-22
1943 1.48931e-22
1944 1.30579e-22
1945 1.14466e-22
1946 1.00321e-22
1947 8.79053e-23
1948 7.70108e-23
1949 6.74526e-23
1950 5.90687e-23
1951 5.17163e-23
1952 4.52699e-23
1953 3.96189e-23
1954 3.46662e-23
1955 3.03266e-23
1956 2.65247e-23
1957 2.31947e-23
1958 2.02786e-23
1959 1.77255e-23
1960 1.54907e-23
1961 1.35349e-23
1962 1.18236e-23
1963 1.03266e-23
1964 9.0172e-24
1965 7.87227e-24
1966 6.87131e-24
1967 5.99639e-24
1968 5.23181e-24
1969 4.56376e-24
1970 3.98022e-24
1971 3.47058e-24
1972 3.02557e-24
1973 2.63708e-24
1974 2.298e-24
1975 2.00212e-24
1976 1.74397e-24
1977 1.51879e-24
1978 1.32242e-24
1979 1.1512e-24
1980 1.00195e-24
1981 8.71865e-25
1982 7.58512e-25
1983 6.59759e-25
1984 5.73749e-25
1985 4.98851e-25
1986 4.33635e-25
1987 3.76871e-25
1988 3.27472e-25
1989 2.84486e-25
1990 2.47093e-25
1991 2.14572e-25
1992 1.86291e-25
1993 1.61706e-25
1994 1.40336e-25
1995 1.21764e-25
1996 1.05628e-25
1997 9.16122e-26
1998 7.94392e-26
1999 6.88692e-26
2000 5.96944e-26
2001 5.17303e-26
2002 4.48193e-26
2003 3.88238e-26
2004 3.36235e-26
2005 2.91134e-26
2006 2.52029e-26
2007 2.18133e-26
2008 1.88754e-26
2009 1.63298e-26
2010 1.41246e-26
2011 1.22146e-26
2012 1.05606e-26
2013 9.12857e-27
2014 7.8889e-27
2015 6.81623e-27
2016 5.8881e-27
2017 5.0852e-27
2018 4.39076e-27
2019 3.79028e-27
2020 3.27126e-27
2021 2.82253e-27
2022 2.43477e-27
2023 2.09981e-27
2024 1.81044e-27
2025 1.56052e-27
2026 1.34474e-27
2027 1.1585e-27
2028 9.97719e-28
2029 8.59022e-28
2030 7.39361e-28
2031 6.36146e-28
2032 5.47169e-28
2033 4.70448e-28
2034 4.04335e-28
2035 3.47358e-28
2036 2.98279e-28
2037 2.5603e-28
2038 2.19644e-28
2039 1.88357e-28
2040 1.61459e-28
2041 1.38321e-28
2042 1.18457e-28
2043 1.01421e-28
2044 8.68219e-29
2045 7.43244e-29
2046 6.36565e-29
2047 5.45778e-29
