0 1.64208e-49
1 1.46225e-49
2 1.34216e-49
3 1.27549e-49
4 1.2586e-49
5 1.29041e-49
6 1.37224e-49
7 1.50794e-49
8 1.70403e-49
9 1.96998e-49
10 2.31871e-49
11 2.76717e-49
12 3.33714e-49
13 4.05629e-49
14 4.95948e-49
15 6.09042e-49
16 7.50371e-49
17 9.26749e-49
18 1.14666e-48
19 1.42066e-48
20 1.76186e-48
21 2.18657e-48
22 2.71505e-48
23 3.37243e-48
24 4.18991e-48
25 5.20619e-48
26 6.46931e-48
27 8.03879e-48
28 9.98846e-48
29 1.24098e-47
30 1.54161e-47
31 1.91479e-47
32 2.3779e-47
33 2.95247e-47
34 3.66515e-47
35 4.54892e-47
36 5.64457e-47
37 7.00257e-47
38 8.68529e-47
39 1.07699e-46
40 1.33517e-46
41 1.65484e-46
42 2.05056e-46
43 2.5403e-46
44 3.14623e-46
45 3.89573e-46
46 4.82259e-46
47 5.9685e-46
48 7.38486e-46
49 9.13506e-46
50 1.12972e-45
51 1.39677e-45
52 1.72652e-45
53 2.13358e-45
54 2.63595e-45
55 3.2558e-45
56 4.02042e-45
57 4.96338e-45
58 6.12597e-45
59 7.55902e-45
60 9.32501e-45
61 1.15007e-44
62 1.41806e-44
63 1.74807e-44
64 2.15434e-44
65 2.6544e-44
66 3.26972e-44
67 4.02671e-44
68 4.95774e-44
69 6.10258e-44
70 7.50996e-44
71 9.23969e-44
72 1.13651e-43
73 1.39761e-43
74 1.71828e-43
75 2.11202e-43
76 2.59536e-43
77 3.18857e-43
78 3.91644e-43
79 4.80932e-43
80 5.90437e-43
81 7.24705e-43
82 8.89296e-43
83 1.09101e-42
84 1.33817e-42
85 1.64092e-42
86 2.01171e-42
87 2.4657e-42
88 3.02142e-42
89 3.70154e-42
90 4.53367e-42
91 5.55157e-42
92 6.7964e-42
93 8.31841e-42
94 1.01788e-41
95 1.24524e-41
96 1.52302e-41
97 1.86233e-41
98 2.27668e-41
99 2.78257e-41
100 3.40005e-41
101 4.15356e-41
102 5.07284e-41
103 6.1941e-41
104 7.56138e-41
105 9.22823e-41
106 1.12598e-40
107 1.37353e-40
108 1.6751e-40
109 2.04238e-40
110 2.48959e-40
111 3.03398e-40
112 3.69651e-40
113 4.50261e-40
114 5.48315e-40
115 6.67559e-40
116 8.12536e-40
117 9.88757e-40
118 1.2029e-39
119 1.46306e-39
120 1.77905e-39
121 2.16276e-39
122 2.62857e-39
123 3.19393e-39
124 3.87994e-39
125 4.71214e-39
126 5.72142e-39
127 6.94518e-39
128 8.42864e-39
129 1.02265e-38
130 1.24047e-38
131 1.50433e-38
132 1.82387e-38
133 2.21075e-38
134 2.67904e-38
135 3.24575e-38
136 3.93139e-38
137 4.76072e-38
138 5.76363e-38
139 6.97612e-38
140 8.44168e-38
141 1.02127e-37
142 1.23524e-37
143 1.49367e-37
144 1.80575e-37
145 2.18252e-37
146 2.63728e-37
147 3.18605e-37
148 3.84809e-37
149 4.64662e-37
150 5.60955e-37
151 6.77044e-37
152 8.16965e-37
153 9.85574e-37
154 1.1887e-36
155 1.43336e-36
156 1.72798e-36
157 2.08266e-36
158 2.50955e-36
159 3.02324e-36
160 3.64123e-36
161 4.38452e-36
162 5.2783e-36
163 6.35279e-36
164 7.6442e-36
165 9.19597e-36
166 1.10601e-35
167 1.32991e-35
168 1.59874e-35
169 1.92147e-35
170 2.30879e-35
171 2.77353e-35
172 3.33102e-35
173 3.9996e-35
174 4.80123e-35
175 5.76215e-35
176 6.91371e-35
177 8.2934e-35
178 9.94603e-35
179 1.19251e-34
180 1.42945e-34
181 1.71304e-34
182 2.0524e-34
183 2.45839e-34
184 2.94398e-34
185 3.52461e-34
186 4.21873e-34
187 5.0483e-34
188 6.03953e-34
189 7.22361e-34
190 8.63773e-34
191 1.03261e-33
192 1.23416e-33
193 1.47468e-33
194 1.76164e-33
195 2.10393e-33
196 2.51211e-33
197 2.99876e-33
198 3.57881e-33
199 4.27002e-33
200 5.0935e-33
201 6.07432e-33
202 7.24225e-33
203 8.63268e-33
204 1.02876e-32
205 1.22568e-32
206 1.45994e-32
207 1.73857e-32
208 2.06988e-32
209 2.46373e-32
210 2.93184e-32
211 3.48806e-32
212 4.14883e-32
213 4.93361e-32
214 5.86546e-32
215 6.97168e-32
216 8.2846e-32
217 9.84246e-32
218 1.16905e-31
219 1.38824e-31
220 1.64813e-31
221 1.95623e-31
222 2.32137e-31
223 2.75404e-31
224 3.26658e-31
225 3.87361e-31
226 4.59238e-31
227 5.44325e-31
228 6.45026e-31
229 7.64178e-31
230 9.05129e-31
231 1.07183e-30
232 1.26893e-30
233 1.50192e-30
234 1.77727e-30
235 2.10261e-30
236 2.48692e-30
237 2.94077e-30
238 3.47662e-30
239 4.10913e-30
240 4.85555e-30
241 5.73619e-30
242 6.77491e-30
243 7.9998e-30
244 9.44386e-30
245 1.11459e-29
246 1.31515e-29
247 1.55142e-29
248 1.82969e-29
249 2.15735e-29
250 2.54307e-29
251 2.99701e-29
252 3.53111e-29
253 4.15937e-29
254 4.89822e-29
255 5.76689e-29
256 6.78794e-29
257 7.9878e-29
258 9.39744e-29
259 1.10531e-28
260 1.29973e-28
261 1.52797e-28
262 1.79585e-28
263 2.11018e-28
264 2.47892e-28
265 2.91137e-28
266 3.41843e-28
267 4.01283e-28
268 4.70944e-28
269 5.52563e-28
270 6.48171e-28
271 7.60138e-28
272 8.91231e-28
273 1.04468e-27
274 1.22426e-27
275 1.43436e-27
276 1.68012e-27
277 1.96752e-27
278 2.30354e-27
279 2.6963e-27
280 3.15529e-27
281 3.69154e-27
282 4.31791e-27
283 5.04938e-27
284 5.90338e-27
285 6.90021e-27
286 8.06348e-27
287 9.42067e-27
288 1.10037e-26
289 1.28498e-26
290 1.50021e-26
291 1.75109e-26
292 2.04344e-26
293 2.38405e-26
294 2.78079e-26
295 3.24279e-26
296 3.78067e-26
297 4.40674e-26
298 5.13528e-26
299 5.98287e-26
300 6.96871e-26
301 8.11509e-26
302 9.44782e-26
303 1.09968e-25
304 1.27967e-25
305 1.48877e-25
306 1.73162e-25
307 2.01361e-25
308 2.34095e-25
309 2.72085e-25
310 3.16163e-25
311 3.67293e-25
312 4.26587e-25
313 4.95333e-25
314 5.75017e-25
315 6.67355e-25
316 7.74331e-25
317 8.98232e-25
318 1.0417e-24
319 1.20779e-24
320 1.4e-24
321 1.62241e-24
322 1.87967e-24
323 2.17719e-24
324 2.52116e-24
325 2.91876e-24
326 3.37821e-24
327 3.909e-24
328 4.52207e-24
329 5.22998e-24
330 6.0472e-24
331 6.99037e-24
332 8.07864e-24
333 9.33401e-24
334 1.07818e-23
335 1.2451e-23
336 1.43752e-23
337 1.65926e-23
338 1.91474e-23
339 2.20901e-23
340 2.54788e-23
341 2.93803e-23
342 3.3871e-23
343 3.90386e-23
344 4.49838e-23
345 5.18221e-23
346 5.96856e-23
347 6.87259e-23
348 7.91168e-23
349 9.10572e-23
350 1.04775e-22
351 1.20531e-22
352 1.38624e-22
353 1.59396e-22
354 1.83237e-22
355 2.10595e-22
356 2.41982e-22
357 2.77983e-22
358 3.19265e-22
359 3.66593e-22
360 4.20839e-22
361 4.83001e-22
362 5.54216e-22
363 6.35783e-22
364 7.29186e-22
365 8.36117e-22
366 9.58504e-22
367 1.09855e-21
368 1.25876e-21
369 1.442e-21
370 1.65153e-21
371 1.89105e-21
372 2.16479e-21
373 2.47757e-21
374 2.83486e-21
375 3.2429e-21
376 3.70878e-21
377 4.24055e-21
378 4.84739e-21
379 5.53971e-21
380 6.32935e-21
381 7.22977e-21
382 8.25623e-21
383 9.42607e-21
384 1.0759e-20
385 1.22773e-20
386 1.40063e-20
387 1.59748e-20
388 1.82153e-20
389 2.07647e-20
390 2.3665e-20
391 2.69634e-20
392 3.07136e-20
393 3.49765e-20
394 3.98208e-20
395 4.53244e-20
396 5.15753e-20
397 5.86732e-20
398 6.67308e-20
399 7.58753e-20
400 8.62508e-20
401 9.802e-20
402 1.11367e-19
403 1.26498e-19
404 1.43649e-19
405 1.63084e-19
406 1.85102e-19
407 2.10039e-19
408 2.38275e-19
409 2.70241e-19
410 3.06418e-19
411 3.47352e-19
412 3.93658e-19
413 4.46027e-19
414 5.0524e-19
415 5.72175e-19
416 6.47822e-19
417 7.33294e-19
418 8.29845e-19
419 9.38885e-19
420 1.062e-18
421 1.20098e-18
422 1.35783e-18
423 1.53481e-18
424 1.73445e-18
425 1.9596e-18
426 2.21347e-18
427 2.49966e-18
428 2.8222e-18
429 3.18563e-18
430 3.59504e-18
431 4.05614e-18
432 4.57534e-18
433 5.15981e-18
434 5.81762e-18
435 6.55778e-18
436 7.39041e-18
437 8.32685e-18
438 9.37977e-18
439 1.05634e-17
440 1.18936e-17
441 1.33881e-17
442 1.50669e-17
443 1.69523e-17
444 1.90689e-17
445 2.14448e-17
446 2.41108e-17
447 2.71017e-17
448 3.04561e-17
449 3.42173e-17
450 3.84334e-17
451 4.31582e-17
452 4.84517e-17
453 5.43805e-17
454 6.10193e-17
455 6.8451e-17
456 7.67678e-17
457 8.60727e-17
458 9.64802e-17
459 1.08117e-16
460 1.21126e-16
461 1.35664e-16
462 1.51906e-16
463 1.70047e-16
464 1.90303e-16
465 2.12914e-16
466 2.38147e-16
467 2.66298e-16
468 2.97696e-16
469 3.32705e-16
470 3.71729e-16
471 4.15218e-16
472 4.63668e-16
473 5.17631e-16
474 5.77718e-16
475 6.44605e-16
476 7.19043e-16
477 8.01861e-16
478 8.9398e-16
479 9.96416e-16
480 1.1103e-15
481 1.23687e-15
482 1.37751e-15
483 1.53375e-15
484 1.70727e-15
485 1.89994e-15
486 2.11381e-15
487 2.35118e-15
488 2.61455e-15
489 2.9067e-15
490 3.23072e-15
491 3.58999e-15
492 3.98827e-15
493 4.42968e-15
494 4.91879e-15
495 5.46064e-15
496 6.06079e-15
497 6.72536e-15
498 7.46112e-15
499 8.2755e-15
500 9.17673e-15
501 1.01739e-14
502 1.12768e-14
503 1.24967e-14
504 1.38454e-14
505 1.53364e-14
506 1.69842e-14
507 1.8805e-14
508 2.08164e-14
509 2.3038e-14
510 2.54912e-14
511 2.81993e-14
512 3.11884e-14
513 3.44866e-14
514 3.81252e-14
515 4.21382e-14
516 4.6563e-14
517 5.14408e-14
518 5.68165e-14
519 6.27394e-14
520 6.92634e-14
521 7.64476e-14
522 8.43566e-14
523 9.30611e-14
524 1.02638e-13
525 1.13173e-13
526 1.24757e-13
527 1.37492e-13
528 1.51487e-13
529 1.66862e-13
530 1.83748e-13
531 2.02289e-13
532 2.2264e-13
533 2.44969e-13
534 2.69462e-13
535 2.96321e-13
536 3.25762e-13
537 3.58025e-13
538 3.93368e-13
539 4.32072e-13
540 4.74444e-13
541 5.20814e-13
542 5.71544e-13
543 6.27025e-13
544 6.87683e-13
545 7.53977e-13
546 8.26409e-13
547 9.05522e-13
548 9.91903e-13
549 1.08619e-12
550 1.18907e-12
551 1.3013e-12
552 1.42369e-12
553 1.55712e-12
554 1.70253e-12
555 1.86097e-12
556 2.03354e-12
557 2.22146e-12
558 2.42603e-12
559 2.64867e-12
560 2.89092e-12
561 3.15442e-12
562 3.44099e-12
563 3.75255e-12
564 4.09122e-12
565 4.45926e-12
566 4.85914e-12
567 5.29352e-12
568 5.76527e-12
569 6.27752e-12
570 6.83362e-12
571 7.43722e-12
572 8.09225e-12
573 8.80299e-12
574 9.57401e-12
575 1.04103e-11
576 1.13173e-11
577 1.23007e-11
578 1.33668e-11
579 1.45225e-11
580 1.5775e-11
581 1.71323e-11
582 1.86028e-11
583 2.01959e-11
584 2.19214e-11
585 2.379e-11
586 2.58134e-11
587 2.80039e-11
588 3.0375e-11
589 3.29412e-11
590 3.57179e-11
591 3.8722e-11
592 4.19713e-11
593 4.54853e-11
594 4.92848e-11
595 5.3392e-11
596 5.78309e-11
597 6.26272e-11
598 6.78085e-11
599 7.34041e-11
600 7.94457e-11
601 8.5967e-11
602 9.30042e-11
603 1.00596e-10
604 1.08783e-10
605 1.1761e-10
606 1.27123e-10
607 1.37372e-10
608 1.48411e-10
609 1.60296e-10
610 1.73087e-10
611 1.86847e-10
612 2.01645e-10
613 2.17552e-10
614 2.34644e-10
615 2.53002e-10
616 2.72712e-10
617 2.93862e-10
618 3.16549e-10
619 3.40872e-10
620 3.66938e-10
621 3.94859e-10
622 4.24752e-10
623 4.56741e-10
624 4.90957e-10
625 5.27537e-10
626 5.66625e-10
627 6.08372e-10
628 6.52938e-10
629 7.00488e-10
630 7.512e-10
631 8.05255e-10
632 8.62846e-10
633 9.24175e-10
634 9.89454e-10
635 1.0589e-09
636 1.13276e-09
637 1.21126e-09
638 1.29466e-09
639 1.38323e-09
640 1.47725e-09
641 1.57702e-09
642 1.68283e-09
643 1.79503e-09
644 1.91394e-09
645 2.03993e-09
646 2.17337e-09
647 2.31465e-09
648 2.46421e-09
649 2.62247e-09
650 2.78991e-09
651 2.96701e-09
652 3.15429e-09
653 3.35231e-09
654 3.56165e-09
655 3.78292e-09
656 4.01679e-09
657 4.26394e-09
658 4.52513e-09
659 4.80114e-09
660 5.09281e-09
661 5.40104e-09
662 5.72677e-09
663 6.07104e-09
664 6.43493e-09
665 6.8196e-09
666 7.22628e-09
667 7.6563e-09
668 8.11107e-09
669 8.59211e-09
670 9.10101e-09
671 9.63951e-09
672 1.02094e-08
673 1.08127e-08
674 1.14515e-08
675 1.2128e-08
676 1.28445e-08
677 1.36036e-08
678 1.44079e-08
679 1.52603e-08
680 1.61638e-08
681 1.71217e-08
682 1.81371e-08
683 1.92139e-08
684 2.03556e-08
685 2.15664e-08
686 2.28503e-08
687 2.42118e-08
688 2.56556e-08
689 2.71864e-08
690 2.88093e-08
691 3.05296e-08
692 3.23529e-08
693 3.42849e-08
694 3.63315e-08
695 3.84989e-08
696 4.07935e-08
697 4.32218e-08
698 4.57908e-08
699 4.85072e-08
700 5.13783e-08
701 5.44112e-08
702 5.76134e-08
703 6.09924e-08
704 6.45558e-08
705 6.83111e-08
706 7.2266e-08
707 7.64281e-08
708 8.08051e-08
709 8.54044e-08
710 9.02334e-08
711 9.52993e-08
712 1.00609e-07
713 1.06169e-07
714 1.11987e-07
715 1.18067e-07
716 1.24415e-07
717 1.31037e-07
718 1.37937e-07
719 1.45118e-07
720 1.52584e-07
721 1.60338e-07
722 1.68379e-07
723 1.7671e-07
724 1.85329e-07
725 1.94236e-07
726 2.03426e-07
727 2.12898e-07
728 2.22644e-07
729 2.3266e-07
730 2.42937e-07
731 2.53465e-07
732 2.64235e-07
733 2.75233e-07
734 2.86446e-07
735 2.97859e-07
736 3.09453e-07
737 3.21211e-07
738 3.33112e-07
739 3.45135e-07
740 3.57255e-07
741 3.69447e-07
742 3.81685e-07
743 3.93941e-07
744 4.06185e-07
745 4.18387e-07
746 4.30516e-07
747 4.42537e-07
748 4.5442e-07
749 4.66128e-07
750 4.77629e-07
751 4.88887e-07
752 4.99868e-07
753 5.10539e-07
754 5.20866e-07
755 5.30817e-07
756 5.40362e-07
757 5.49472e-07
758 5.5812e-07
759 5.66283e-07
760 5.7394e-07
761 5.81073e-07
762 5.8767e-07
763 5.93724e-07
764 5.9923e-07
765 6.04193e-07
766 6.08622e-07
767 6.12533e-07
768 6.1595e-07
769 6.18907e-07
770 6.21446e-07
771 6.23616e-07
772 6.25482e-07
773 6.27115e-07
774 6.28601e-07
775 6.30037e-07
776 6.31533e-07
777 6.33213e-07
778 6.35215e-07
779 6.37695e-07
780 6.40821e-07
781 6.44779e-07
782 6.49772e-07
783 6.56019e-07
784 6.63759e-07
785 6.73248e-07
786 6.84761e-07
787 6.98591e-07
788 7.15054e-07
789 7.3448e-07
790 7.57224e-07
791 7.83659e-07
792 8.14176e-07
793 8.49189e-07
794 8.89129e-07
795 9.34449e-07
796 9.85619e-07
797 1.04313e-06
798 1.10749e-06
799 1.17923e-06
800 1.25888e-06
801 1.34701e-06
802 1.4442e-06
803 1.55103e-06
804 1.66811e-06
805 1.79605e-06
806 1.93549e-06
807 2.08705e-06
808 2.25139e-06
809 2.42917e-06
810 2.62103e-06
811 2.82764e-06
812 3.04968e-06
813 3.2878e-06
814 3.54267e-06
815 3.81496e-06
816 4.10532e-06
817 4.4144e-06
818 4.74284e-06
819 5.09129e-06
820 5.46035e-06
821 5.85063e-06
822 6.26273e-06
823 6.69721e-06
824 7.15463e-06
825 7.63551e-06
826 8.14037e-06
827 8.66969e-06
828 9.22392e-06
829 9.80349e-06
830 1.04088e-05
831 1.10403e-05
832 1.16982e-05
833 1.23828e-05
834 1.30946e-05
835 1.38336e-05
836 1.46002e-05
837 1.53945e-05
838 1.62167e-05
839 1.70669e-05
840 1.79452e-05
841 1.88517e-05
842 1.97864e-05
843 2.07494e-05
844 2.17407e-05
845 2.27603e-05
846 2.38081e-05
847 2.48842e-05
848 2.59884e-05
849 2.71208e-05
850 2.82813e-05
851 2.947e-05
852 3.06867e-05
853 3.19316e-05
854 3.32045e-05
855 3.45058e-05
856 3.58353e-05
857 3.71934e-05
858 3.85801e-05
859 3.99959e-05
860 4.14411e-05
861 4.29161e-05
862 4.44215e-05
863 4.59579e-05
864 4.75261e-05
865 4.9127e-05
866 5.07615e-05
867 5.2431e-05
868 5.41367e-05
869 5.58801e-05
870 5.76629e-05
871 5.9487e-05
872 6.13546e-05
873 6.32679e-05
874 6.52295e-05
875 6.72422e-05
876 6.93091e-05
877 7.14336e-05
878 7.36193e-05
879 7.58701e-05
880 7.81903e-05
881 8.05845e-05
882 8.30577e-05
883 8.56152e-05
884 8.82626e-05
885 9.1006e-05
886 9.38518e-05
887 9.6807e-05
888 9.98788e-05
889 0.000103075
890 0.000106404
891 0.000109874
892 0.000113494
893 0.000117274
894 0.000121224
895 0.000125355
896 0.000129678
897 0.000134204
898 0.000138945
899 0.000143915
900 0.000149127
901 0.000154594
902 0.00016033
903 0.000166352
904 0.000172674
905 0.000179313
906 0.000186285
907 0.000193607
908 0.000201298
909 0.000209376
910 0.00021786
911 0.000226771
912 0.000236127
913 0.000245951
914 0.000256264
915 0.000267087
916 0.000278444
917 0.000290358
918 0.000302854
919 0.000315954
920 0.000329686
921 0.000344074
922 0.000359144
923 0.000374924
924 0.000391441
925 0.000408723
926 0.000426799
927 0.000445697
928 0.000465447
929 0.000486078
930 0.000507623
931 0.000530111
932 0.000553575
933 0.000578046
934 0.000603556
935 0.000630139
936 0.000657828
937 0.000686656
938 0.000716657
939 0.000747867
940 0.000780318
941 0.000814047
942 0.000849089
943 0.00088548
944 0.000923254
945 0.000962449
946 0.0010031
947 0.00104524
948 0.00108892
949 0.00113416
950 0.001181
951 0.00122948
952 0.00127964
953 0.00133151
954 0.00138514
955 0.00144055
956 0.00149778
957 0.00155687
958 0.00161786
959 0.00168079
960 0.00174568
961 0.00181257
962 0.00188151
963 0.00195252
964 0.00202564
965 0.00210091
966 0.00217835
967 0.002258
968 0.0023399
969 0.00242407
970 0.00251055
971 0.00259937
972 0.00269055
973 0.00278413
974 0.00288014
975 0.0029786
976 0.00307954
977 0.00318298
978 0.00328896
979 0.00339749
980 0.00350859
981 0.00362229
982 0.00373861
983 0.00385756
984 0.00397917
985 0.00410345
986 0.00423041
987 0.00436006
988 0.00449243
989 0.00462752
990 0.00476533
991 0.00490587
992 0.00504916
993 0.00519518
994 0.00534395
995 0.00549546
996 0.00564971
997 0.0058067
998 0.00596641
999 0.00612884
1000 0.00629398
1001 0.00646182
1002 0.00663234
1003 0.00680551
1004 0.00698134
1005 0.00715978
1006 0.00734081
1007 0.00752442
1008 0.00771056
1009 0.00789922
1010 0.00809034
1011 0.0082839
1012 0.00847985
1013 0.00867815
1014 0.00887877
1015 0.00908164
1016 0.00928672
1017 0.00949396
1018 0.0097033
1019 0.00991468
1020 0.010128
1021 0.0103433
1022 0.0105605
1023 0.0107794
1024 0.011
1025 0.0112222
1026 0.0114461
1027 0.0116713
1028 0.011898
1029 0.012126
1030 0.0123552
1031 0.0125856
1032 0.012817
1033 0.0130493
1034 0.0132825
1035 0.0135164
1036 0.0137509
1037 0.013986
1038 0.0142216
1039 0.0144574
1040 0.0146935
1041 0.0149296
1042 0.0151658
1043 0.0154018
1044 0.0156375
1045 0.0158729
1046 0.0161078
1047 0.0163421
1048 0.0165756
1049 0.0168082
1050 0.0170399
1051 0.0172704
1052 0.0174997
1053 0.0177276
1054 0.017954
1055 0.0181787
1056 0.0184017
1057 0.0186227
1058 0.0188417
1059 0.0190586
1060 0.0192731
1061 0.0194852
1062 0.0196947
1063 0.0199015
1064 0.0201055
1065 0.0203065
1066 0.0205044
1067 0.0206991
1068 0.0208904
1069 0.0210782
1070 0.0212625
1071 0.021443
1072 0.0216197
1073 0.0217924
1074 0.021961
1075 0.0221254
1076 0.0222855
1077 0.0224411
1078 0.0225922
1079 0.0227387
1080 0.0228804
1081 0.0230173
1082 0.0231492
1083 0.0232761
1084 0.0233978
1085 0.0235144
1086 0.0236256
1087 0.0237314
1088 0.0238317
1089 0.0239265
1090 0.0240157
1091 0.0240992
1092 0.024177
1093 0.0242489
1094 0.024315
1095 0.0243752
1096 0.0244295
1097 0.0244777
1098 0.0245199
1099 0.0245561
1100 0.0245861
1101 0.0246101
1102 0.0246279
1103 0.0246395
1104 0.024645
1105 0.0246443
1106 0.0246375
1107 0.0246245
1108 0.0246053
1109 0.02458
1110 0.0245485
1111 0.024511
1112 0.0244674
1113 0.0244177
1114 0.024362
1115 0.0243004
1116 0.0242328
1117 0.0241594
1118 0.0240801
1119 0.0239951
1120 0.0239044
1121 0.023808
1122 0.023706
1123 0.0235986
1124 0.0234858
1125 0.0233676
1126 0.0232442
1127 0.0231156
1128 0.0229819
1129 0.0228433
1130 0.0226997
1131 0.0225515
1132 0.0223985
1133 0.022241
1134 0.022079
1135 0.0219127
1136 0.0217422
1137 0.0215676
1138 0.0213889
1139 0.0212064
1140 0.0210202
1141 0.0208304
1142 0.020637
1143 0.0204404
1144 0.0202404
1145 0.0200374
1146 0.0198315
1147 0.0196226
1148 0.0194111
1149 0.0191971
1150 0.0189806
1151 0.0187618
1152 0.0185409
1153 0.0183179
1154 0.018093
1155 0.0178664
1156 0.0176382
1157 0.0174086
1158 0.0171775
1159 0.0169453
1160 0.016712
1161 0.0164777
1162 0.0162426
1163 0.0160069
1164 0.0157705
1165 0.0155338
1166 0.0152967
1167 0.0150595
1168 0.0148222
1169 0.0145849
1170 0.0143479
1171 0.0141111
1172 0.0138747
1173 0.0136389
1174 0.0134036
1175 0.0131692
1176 0.0129355
1177 0.0127028
1178 0.0124711
1179 0.0122406
1180 0.0120113
1181 0.0117833
1182 0.0115568
1183 0.0113317
1184 0.0111082
1185 0.0108864
1186 0.0106663
1187 0.0104481
1188 0.0102317
1189 0.0100173
1190 0.00980492
1191 0.00959462
1192 0.00938646
1193 0.0091805
1194 0.00897681
1195 0.00877543
1196 0.0085764
1197 0.00837978
1198 0.0081856
1199 0.00799392
1200 0.00780476
1201 0.00761815
1202 0.00743414
1203 0.00725275
1204 0.00707401
1205 0.00689794
1206 0.00672455
1207 0.00655388
1208 0.00638594
1209 0.00622073
1210 0.00605828
1211 0.00589858
1212 0.00574165
1213 0.0055875
1214 0.00543611
1215 0.0052875
1216 0.00514166
1217 0.00499859
1218 0.00485828
1219 0.00472072
1220 0.00458591
1221 0.00445382
1222 0.00432446
1223 0.0041978
1224 0.00407382
1225 0.00395252
1226 0.00383386
1227 0.00371783
1228 0.00360441
1229 0.00349357
1230 0.00338529
1231 0.00327955
1232 0.00317631
1233 0.00307554
1234 0.00297723
1235 0.00288134
1236 0.00278783
1237 0.00269668
1238 0.00260786
1239 0.00252133
1240 0.00243706
1241 0.00235502
1242 0.00227516
1243 0.00219746
1244 0.00212188
1245 0.00204839
1246 0.00197695
1247 0.00190751
1248 0.00184006
1249 0.00177454
1250 0.00171093
1251 0.00164918
1252 0.00158927
1253 0.00153114
1254 0.00147477
1255 0.00142012
1256 0.00136715
1257 0.00131582
1258 0.0012661
1259 0.00121796
1260 0.00117135
1261 0.00112624
1262 0.0010826
1263 0.00104039
1264 0.000999566
1265 0.000960106
1266 0.000921972
1267 0.00088513
1268 0.000849547
1269 0.000815189
1270 0.000782023
1271 0.000750018
1272 0.000719142
1273 0.000689363
1274 0.000660651
1275 0.000632976
1276 0.000606307
1277 0.000580615
1278 0.000555873
1279 0.00053205
1280 0.000509121
1281 0.000487057
1282 0.000465831
1283 0.000445419
1284 0.000425794
1285 0.000406931
1286 0.000388806
1287 0.000371394
1288 0.000354673
1289 0.00033862
1290 0.000323212
1291 0.000308427
1292 0.000294245
1293 0.000280644
1294 0.000267605
1295 0.000255107
1296 0.000243131
1297 0.00023166
1298 0.000220675
1299 0.000210157
1300 0.000200091
1301 0.000190458
1302 0.000181244
1303 0.000172433
1304 0.000164009
1305 0.000155957
1306 0.000148263
1307 0.000140914
1308 0.000133895
1309 0.000127194
1310 0.000120798
1311 0.000114695
1312 0.000108873
1313 0.000103321
1314 9.80269e-05
1315 9.29813e-05
1316 8.81733e-05
1317 8.3593e-05
1318 7.92309e-05
1319 7.50777e-05
1320 7.11244e-05
1321 6.73625e-05
1322 6.37837e-05
1323 6.03799e-05
1324 5.71436e-05
1325 5.40673e-05
1326 5.11438e-05
1327 4.83664e-05
1328 4.57285e-05
1329 4.32237e-05
1330 4.0846e-05
1331 3.85894e-05
1332 3.64485e-05
1333 3.44178e-05
1334 3.24922e-05
1335 3.06668e-05
1336 2.89367e-05
1337 2.72975e-05
1338 2.57447e-05
1339 2.42743e-05
1340 2.28822e-05
1341 2.15646e-05
1342 2.03178e-05
1343 1.91384e-05
1344 1.8023e-05
1345 1.69685e-05
1346 1.59716e-05
1347 1.50297e-05
1348 1.41398e-05
1349 1.32993e-05
1350 1.25057e-05
1351 1.17565e-05
1352 1.10495e-05
1353 1.03825e-05
1354 9.75332e-06
1355 9.16001e-06
1356 8.60068e-06
1357 8.07352e-06
1358 7.5768e-06
1359 7.10889e-06
1360 6.66824e-06
1361 6.25336e-06
1362 5.86285e-06
1363 5.49537e-06
1364 5.14966e-06
1365 4.82452e-06
1366 4.51879e-06
1367 4.23139e-06
1368 3.9613e-06
1369 3.70753e-06
1370 3.46917e-06
1371 3.24533e-06
1372 3.03519e-06
1373 2.83796e-06
1374 2.65289e-06
1375 2.47928e-06
1376 2.31646e-06
1377 2.1638e-06
1378 2.02071e-06
1379 1.88661e-06
1380 1.76098e-06
1381 1.64331e-06
1382 1.53312e-06
1383 1.42998e-06
1384 1.33344e-06
1385 1.24311e-06
1386 1.15862e-06
1387 1.0796e-06
1388 1.00573e-06
1389 9.36678e-07
1390 8.72153e-07
1391 8.11874e-07
1392 7.55574e-07
1393 7.03006e-07
1394 6.53934e-07
1395 6.08138e-07
1396 5.65409e-07
1397 5.25553e-07
1398 4.88387e-07
1399 4.53737e-07
1400 4.21442e-07
1401 3.91349e-07
1402 3.63315e-07
1403 3.37207e-07
1404 3.12897e-07
1405 2.90269e-07
1406 2.69211e-07
1407 2.4962e-07
1408 2.31397e-07
1409 2.14452e-07
1410 1.98698e-07
1411 1.84057e-07
1412 1.70453e-07
1413 1.57816e-07
1414 1.46079e-07
1415 1.35183e-07
1416 1.25068e-07
1417 1.15682e-07
1418 1.06974e-07
1419 9.88975e-08
1420 9.14082e-08
1421 8.44655e-08
1422 7.80309e-08
1423 7.20689e-08
1424 6.65461e-08
1425 6.14316e-08
1426 5.66963e-08
1427 5.23132e-08
1428 4.82572e-08
1429 4.45048e-08
1430 4.10342e-08
1431 3.7825e-08
1432 3.48583e-08
1433 3.21165e-08
1434 2.95831e-08
1435 2.72429e-08
1436 2.50818e-08
1437 2.30865e-08
1438 2.12447e-08
1439 1.95451e-08
1440 1.79772e-08
1441 1.6531e-08
1442 1.51974e-08
1443 1.39681e-08
1444 1.2835e-08
1445 1.17911e-08
1446 1.08294e-08
1447 9.9437e-09
1448 9.12826e-09
1449 8.37766e-09
1450 7.68692e-09
1451 7.05143e-09
1452 6.4669e-09
1453 5.9294e-09
1454 5.43526e-09
1455 4.98109e-09
1456 4.56377e-09
1457 4.1804e-09
1458 3.82831e-09
1459 3.50503e-09
1460 3.20827e-09
1461 2.93592e-09
1462 2.68605e-09
1463 2.45685e-09
1464 2.24666e-09
1465 2.05396e-09
1466 1.87733e-09
1467 1.71548e-09
1468 1.5672e-09
1469 1.4314e-09
1470 1.30704e-09
1471 1.1932e-09
1472 1.08902e-09
1473 9.93685e-10
1474 9.06481e-10
1475 8.26729e-10
1476 7.53812e-10
1477 6.8716e-10
1478 6.2625e-10
1479 5.70601e-10
1480 5.19771e-10
1481 4.73355e-10
1482 4.3098e-10
1483 3.92303e-10
1484 3.57011e-10
1485 3.24815e-10
1486 2.95451e-10
1487 2.68677e-10
1488 2.4427e-10
1489 2.22027e-10
1490 2.0176e-10
1491 1.83299e-10
1492 1.66487e-10
1493 1.5118e-10
1494 1.37248e-10
1495 1.24569e-10
1496 1.13035e-10
1497 1.02543e-10
1498 9.30031e-11
1499 8.43302e-11
1500 7.64477e-11
1501 6.92852e-11
1502 6.27787e-11
1503 5.68695e-11
1504 5.1504e-11
1505 4.66336e-11
1506 4.22135e-11
1507 3.82032e-11
1508 3.45655e-11
1509 3.12667e-11
1510 2.82759e-11
1511 2.55651e-11
1512 2.31086e-11
1513 2.08831e-11
1514 1.88674e-11
1515 1.70422e-11
1516 1.53898e-11
1517 1.38943e-11
1518 1.25412e-11
1519 1.13171e-11
1520 1.021e-11
1521 9.20901e-12
1522 8.30418e-12
1523 7.48646e-12
1524 6.74764e-12
1525 6.08029e-12
1526 5.47762e-12
1527 4.93351e-12
1528 4.44238e-12
1529 3.99919e-12
1530 3.59936e-12
1531 3.23872e-12
1532 2.91353e-12
1533 2.62036e-12
1534 2.35612e-12
1535 2.11803e-12
1536 1.90354e-12
1537 1.71037e-12
1538 1.53643e-12
1539 1.37985e-12
1540 1.23893e-12
1541 1.11214e-12
1542 9.98088e-13
1543 8.95518e-13
1544 8.03296e-13
1545 7.204e-13
1546 6.45905e-13
1547 5.78974e-13
1548 5.18856e-13
1549 4.64869e-13
1550 4.164e-13
1551 3.72896e-13
1552 3.33857e-13
1553 2.98834e-13
1554 2.67422e-13
1555 2.39254e-13
1556 2.14002e-13
1557 1.9137e-13
1558 1.7109e-13
1559 1.52923e-13
1560 1.36652e-13
1561 1.22084e-13
1562 1.09043e-13
1563 9.7371e-14
1564 8.6928e-14
1565 7.75865e-14
1566 6.92324e-14
1567 6.1763e-14
1568 5.50864e-14
1569 4.91198e-14
1570 4.3789e-14
1571 3.90275e-14
1572 3.47754e-14
1573 3.09792e-14
1574 2.75908e-14
1575 2.45671e-14
1576 2.18697e-14
1577 1.94637e-14
1578 1.73183e-14
1579 1.54057e-14
1580 1.37011e-14
1581 1.21822e-14
1582 1.08291e-14
1583 9.62399e-15
1584 8.55096e-15
1585 7.59576e-15
1586 6.74566e-15
1587 5.98927e-15
1588 5.31643e-15
1589 4.71806e-15
1590 4.18604e-15
1591 3.71313e-15
1592 3.29287e-15
1593 2.91948e-15
1594 2.58781e-15
1595 2.29328e-15
1596 2.03179e-15
1597 1.79969e-15
1598 1.59372e-15
1599 1.41099e-15
1600 1.24892e-15
1601 1.1052e-15
1602 9.77788e-16
1603 8.6486e-16
1604 7.64793e-16
1605 6.76145e-16
1606 5.9763e-16
1607 5.28107e-16
1608 4.66562e-16
1609 4.12092e-16
1610 3.63895e-16
1611 3.21259e-16
1612 2.83552e-16
1613 2.50211e-16
1614 2.20738e-16
1615 1.94691e-16
1616 1.71677e-16
1617 1.51348e-16
1618 1.33394e-16
1619 1.17543e-16
1620 1.0355e-16
1621 9.1202e-17
1622 8.03073e-17
1623 7.06973e-17
1624 6.22226e-17
1625 5.47509e-17
1626 4.8165e-17
1627 4.23613e-17
1628 3.72481e-17
1629 3.27444e-17
1630 2.87784e-17
1631 2.52868e-17
1632 2.22136e-17
1633 1.95092e-17
1634 1.71301e-17
1635 1.50375e-17
1636 1.31975e-17
1637 1.15798e-17
1638 1.0158e-17
1639 8.90874e-18
1640 7.81123e-18
1641 6.84731e-18
1642 6.00092e-18
1643 5.25791e-18
1644 4.60581e-18
1645 4.03363e-18
1646 3.53169e-18
1647 3.09149e-18
1648 2.70551e-18
1649 2.36717e-18
1650 2.07064e-18
1651 1.81084e-18
1652 1.58325e-18
1653 1.38395e-18
1654 1.20944e-18
1655 1.05669e-18
1656 9.23016e-19
1657 8.06061e-19
1658 7.03758e-19
1659 6.14295e-19
1660 5.36078e-19
1661 4.67709e-19
1662 4.07964e-19
1663 3.55767e-19
1664 3.10175e-19
1665 2.70362e-19
1666 2.35603e-19
1667 2.05265e-19
1668 1.78792e-19
1669 1.55696e-19
1670 1.35551e-19
1671 1.17985e-19
1672 1.02672e-19
1673 8.93247e-20
1674 7.76944e-20
1675 6.75625e-20
1676 5.87381e-20
1677 5.10542e-20
1678 4.43651e-20
1679 3.85433e-20
1680 3.34777e-20
1681 2.90709e-20
1682 2.52383e-20
1683 2.19058e-20
1684 1.90089e-20
1685 1.64912e-20
1686 1.43036e-20
1687 1.24033e-20
1688 1.07529e-20
1689 9.31998e-21
1690 8.07608e-21
1691 6.99656e-21
1692 6.05991e-21
1693 5.24742e-21
1694 4.5428e-21
1695 3.93187e-21
1696 3.4023e-21
1697 2.94336e-21
1698 2.54574e-21
1699 2.20131e-21
1700 1.90303e-21
1701 1.64479e-21
1702 1.42125e-21
1703 1.22781e-21
1704 1.06044e-21
1705 9.15677e-22
1706 7.90488e-22
1707 6.82254e-22
1708 5.887e-22
1709 5.07856e-22
1710 4.38011e-22
1711 3.77683e-22
1712 3.25587e-22
1713 2.80611e-22
1714 2.41791e-22
1715 2.08293e-22
1716 1.79393e-22
1717 1.54466e-22
1718 1.32972e-22
1719 1.14442e-22
1720 9.84709e-23
1721 8.47087e-23
1722 7.28528e-23
1723 6.26415e-23
1724 5.38487e-23
1725 4.62793e-23
1726 3.97646e-23
1727 3.41589e-23
1728 2.93365e-23
1729 2.5189e-23
1730 2.16228e-23
1731 1.85572e-23
1732 1.59224e-23
1733 1.36585e-23
1734 1.17137e-23
1735 1.00435e-23
1736 8.60944e-24
1737 7.37839e-24
1738 6.32188e-24
1739 5.41538e-24
1740 4.63778e-24
1741 3.9709e-24
1742 3.39911e-24
1743 2.90898e-24
1744 2.48894e-24
1745 2.12905e-24
1746 1.82077e-24
1747 1.55677e-24
1748 1.33073e-24
1749 1.13725e-24
1750 9.71665e-25
1751 8.29999e-25
1752 7.08821e-25
1753 6.05193e-25
1754 5.16594e-25
1755 4.40863e-25
1756 3.76145e-25
1757 3.20853e-25
1758 2.73624e-25
1759 2.33293e-25
1760 1.98859e-25
1761 1.69469e-25
1762 1.44388e-25
1763 1.2299e-25
1764 1.04739e-25
1765 8.91753e-26
1766 7.59064e-26
1767 6.45968e-26
1768 5.49593e-26
1769 4.67488e-26
1770 3.97555e-26
1771 3.38004e-26
1772 2.87306e-26
1773 2.44155e-26
1774 2.07436e-26
1775 1.76198e-26
1776 1.49629e-26
1777 1.27037e-26
1778 1.0783e-26
1779 9.15061e-27
1780 7.76349e-27
1781 6.58509e-27
1782 5.58424e-27
1783 4.7344e-27
1784 4.01295e-27
1785 3.40063e-27
1786 2.88107e-27
1787 2.44032e-27
1788 2.0665e-27
1789 1.74954e-27
1790 1.48085e-27
1791 1.25312e-27
1792 1.06017e-27
1793 8.96715e-28
1794 7.58283e-28
1795 6.41071e-28
1796 5.4185e-28
1797 4.57878e-28
1798 3.86829e-28
1799 3.26727e-28
1800 2.75899e-28
1801 2.32923e-28
1802 1.96595e-28
1803 1.65894e-28
1804 1.39955e-28
1805 1.18043e-28
1806 9.95391e-29
1807 8.39159e-29
1808 7.07282e-29
1809 5.9599e-29
1810 5.02092e-29
1811 4.22888e-29
1812 3.56095e-29
1813 2.99781e-29
1814 2.52314e-29
1815 2.12313e-29
1816 1.78611e-29
1817 1.50224e-29
1818 1.26319e-29
1819 1.06193e-29
1820 8.92529e-30
1821 7.49973e-30
1822 6.30039e-30
1823 5.2916e-30
1824 4.44329e-30
1825 3.73011e-30
1826 3.13066e-30
1827 2.62692e-30
1828 2.20373e-30
1829 1.84827e-30
1830 1.54979e-30
1831 1.2992e-30
1832 1.08888e-30
1833 9.12388e-31
1834 7.64325e-31
1835 6.40139e-31
1836 5.36004e-31
1837 4.48705e-31
1838 3.75535e-31
1839 3.14223e-31
1840 2.6286e-31
1841 2.1984e-31
1842 1.83818e-31
1843 1.53662e-31
1844 1.28423e-31
1845 1.07304e-31
1846 8.96375e-32
1847 7.48616e-32
1848 6.25067e-32
1849 5.21784e-32
1850 4.35465e-32
1851 3.6334e-32
1852 3.03089e-32
1853 2.5277e-32
1854 2.10755e-32
1855 1.75682e-32
1856 1.46411e-32
1857 1.21989e-32
1858 1.01616e-32
1859 8.46254e-33
1860 7.04592e-33
1861 5.86506e-33
1862 4.88095e-33
1863 4.061e-33
1864 3.378e-33
1865 2.80921e-33
1866 2.33564e-33
1867 1.94144e-33
1868 1.61339e-33
1869 1.34046e-33
1870 1.11344e-33
1871 9.24643e-34
1872 7.6768e-34
1873 6.37212e-34
1874 5.28792e-34
1875 4.38716e-34
1876 3.63898e-34
1877 3.01768e-34
1878 2.50187e-34
1879 2.07374e-34
1880 1.71846e-34
1881 1.42372e-34
1882 1.17925e-34
1883 9.76525e-35
1884 8.08463e-35
1885 6.69166e-35
1886 5.53739e-35
1887 4.58115e-35
1888 3.78914e-35
1889 3.13332e-35
1890 2.5904e-35
1891 2.14105e-35
1892 1.76922e-35
1893 1.46163e-35
1894 1.20723e-35
1895 9.96869e-36
1896 8.22971e-36
1897 6.79248e-36
1898 5.60492e-36
1899 4.6239e-36
1900 3.81368e-36
1901 3.14469e-36
1902 2.59244e-36
1903 2.13666e-36
1904 1.7606e-36
1905 1.45038e-36
1906 1.19454e-36
1907 9.83599e-37
1908 8.09713e-37
1909 6.6641e-37
1910 5.48338e-37
1911 4.51079e-37
1912 3.70982e-37
1913 3.05036e-37
1914 2.50753e-37
1915 2.0608e-37
1916 1.69326e-37
1917 1.39094e-37
1918 1.14233e-37
1919 9.37925e-38
1920 7.69914e-38
1921 6.31849e-38
1922 5.18419e-38
1923 4.2525e-38
1924 3.48742e-38
1925 2.85931e-38
1926 2.34377e-38
1927 1.92072e-38
1928 1.57365e-38
1929 1.289e-38
1930 1.05558e-38
1931 8.64221e-39
1932 7.07385e-39
1933 5.78873e-39
1934 4.73595e-39
1935 3.87371e-39
1936 3.1677e-39
1937 2.58974e-39
1938 2.11673e-39
1939 1.7297e-39
1940 1.4131e-39
1941 1.15417e-39
1942 9.42463e-40
1943 7.69405e-40
1944 6.27974e-40
1945 5.12419e-40
1946 4.18027e-40
1947 3.40942e-40
1948 2.78005e-40
1949 2.26632e-40
1950 1.84708e-40
1951 1.50504e-40
1952 1.22604e-40
1953 9.98526e-41
1954 8.13036e-41
1955 6.61846e-41
1956 5.38641e-41
1957 4.38267e-41
1958 3.56512e-41
1959 2.89939e-41
1960 2.35741e-41
1961 1.91628e-41
1962 1.55732e-41
1963 1.26531e-41
1964 1.0278e-41
1965 8.34676e-42
1966 6.77677e-42
1967 5.50077e-42
1968 4.46396e-42
1969 3.62171e-42
1970 2.93766e-42
1971 2.38225e-42
1972 1.93138e-42
1973 1.56546e-42
1974 1.26857e-42
1975 1.02774e-42
1976 8.32423e-43
1977 6.74066e-43
1978 5.45702e-43
1979 4.41677e-43
1980 3.57395e-43
1981 2.89127e-43
1982 2.33842e-43
1983 1.89083e-43
1984 1.52854e-43
1985 1.23537e-43
1986 9.98183e-44
1987 8.06342e-44
1988 6.51213e-44
1989 5.25801e-44
1990 4.24438e-44
1991 3.42533e-44
1992 2.76366e-44
1993 2.22926e-44
1994 1.79776e-44
1995 1.44943e-44
1996 1.16831e-44
1997 9.41484e-45
1998 7.58511e-45
1999 6.10949e-45
2000 4.91975e-45
2001 3.96072e-45
2002 3.18787e-45
2003 2.5652e-45
2004 2.06365e-45
2005 1.65976e-45
2006 1.3346e-45
2007 1.07287e-45
2008 8.62266e-46
2009 6.92835e-46
2010 5.56561e-46
2011 4.46984e-46
2012 3.58894e-46
2013 2.88095e-46
2014 2.31208e-46
2015 1.8551e-46
2016 1.48809e-46
2017 1.19341e-46
2018 9.56863e-47
2019 7.67029e-47
2020 6.14719e-47
2021 4.92546e-47
2022 3.94571e-47
2023 3.16021e-47
2024 2.5306e-47
2025 2.02606e-47
2026 1.62184e-47
2027 1.29809e-47
2028 1.03884e-47
2029 8.31293e-48
2030 6.65183e-48
2031 5.32268e-48
2032 4.25942e-48
2033 3.40909e-48
2034 2.72923e-48
2035 2.18583e-48
2036 1.75163e-48
2037 1.40482e-48
2038 1.12794e-48
2039 9.07001e-49
2040 7.30837e-49
2041 5.90518e-49
2042 4.78915e-49
2043 3.90349e-49
2044 3.20302e-49
2045 2.65191e-49
2046 2.22195e-49
2047 1.89102e-49
