0 3.89994e-49
1 3.56339e-49
2 3.33638e-49
3 3.20717e-49
4 3.16895e-49
5 3.21946e-49
6 3.36092e-49
7 3.60003e-49
8 3.94832e-49
9 4.42267e-49
10 5.04613e-49
11 5.84893e-49
12 6.86998e-49
13 8.15866e-49
14 9.77717e-49
15 1.18034e-48
16 1.43348e-48
17 1.74924e-48
18 2.14274e-48
19 2.63273e-48
20 3.2425e-48
21 4.00098e-48
22 4.94407e-48
23 6.11628e-48
24 7.57282e-48
25 9.38211e-48
26 1.16289e-47
27 1.44184e-47
28 1.78805e-47
29 2.21763e-47
30 2.75054e-47
31 3.41144e-47
32 4.23087e-47
33 5.24659e-47
34 6.5053e-47
35 8.06474e-47
36 9.99627e-47
37 1.23881e-46
38 1.5349e-46
39 1.90137e-46
40 2.35482e-46
41 2.91575e-46
42 3.60946e-46
43 4.46718e-46
44 5.52742e-46
45 6.83764e-46
46 8.45639e-46
47 1.04558e-45
48 1.29249e-45
49 1.59731e-45
50 1.97354e-45
51 2.43778e-45
52 3.01049e-45
53 3.71683e-45
54 4.58777e-45
55 5.66142e-45
56 6.98461e-45
57 8.61496e-45
58 1.06233e-44
59 1.30966e-44
60 1.61418e-44
61 1.98903e-44
62 2.45033e-44
63 3.01789e-44
64 3.71602e-44
65 4.57455e-44
66 5.63009e-44
67 6.92751e-44
68 8.5219e-44
69 1.04808e-43
70 1.28868e-43
71 1.58415e-43
72 1.94689e-43
73 2.39214e-43
74 2.93852e-43
75 3.60885e-43
76 4.43104e-43
77 5.43928e-43
78 6.67536e-43
79 8.19041e-43
80 1.00469e-42
81 1.23214e-42
82 1.51073e-42
83 1.85186e-42
84 2.2695e-42
85 2.78066e-42
86 3.40615e-42
87 4.17135e-42
88 5.10726e-42
89 6.25166e-42
90 7.65069e-42
91 9.36057e-42
92 1.14499e-41
93 1.40022e-41
94 1.71193e-41
95 2.09254e-41
96 2.55716e-41
97 3.12418e-41
98 3.81602e-41
99 4.65993e-41
100 5.68911e-41
101 6.9439e-41
102 8.47338e-41
103 1.03373e-40
104 1.26081e-40
105 1.53739e-40
106 1.8742e-40
107 2.28423e-40
108 2.78328e-40
109 3.39054e-40
110 4.12928e-40
111 5.02775e-40
112 6.1202e-40
113 7.4482e-40
114 9.06213e-40
115 1.10231e-39
116 1.34051e-39
117 1.62978e-39
118 1.98099e-39
119 2.40729e-39
120 2.92461e-39
121 3.55225e-39
122 4.31352e-39
123 5.23666e-39
124 6.35583e-39
125 7.71231e-39
126 9.35602e-39
127 1.13473e-38
128 1.37591e-38
129 1.66795e-38
130 2.02149e-38
131 2.44938e-38
132 2.96713e-38
133 3.59347e-38
134 4.35099e-38
135 5.26694e-38
136 6.3742e-38
137 7.71243e-38
138 9.32941e-38
139 1.12827e-37
140 1.36418e-37
141 1.64903e-37
142 1.99289e-37
143 2.40789e-37
144 2.90862e-37
145 3.51267e-37
146 4.24117e-37
147 5.11956e-37
148 6.17843e-37
149 7.45456e-37
150 8.99218e-37
151 1.08444e-36
152 1.30751e-36
153 1.5761e-36
154 1.89942e-36
155 2.28853e-36
156 2.7567e-36
157 3.31987e-36
158 3.99715e-36
159 4.81146e-36
160 5.7903e-36
161 6.96663e-36
162 8.37995e-36
163 1.00776e-35
164 1.21163e-35
165 1.45639e-35
166 1.75018e-35
167 2.10272e-35
168 2.52568e-35
169 3.03298e-35
170 3.64131e-35
171 4.37059e-35
172 5.24466e-35
173 6.292e-35
174 7.54667e-35
175 9.04934e-35
176 1.08486e-34
177 1.30023e-34
178 1.55799e-34
179 1.86639e-34
180 2.23529e-34
181 2.67645e-34
182 3.2039e-34
183 3.83436e-34
184 4.58775e-34
185 5.48783e-34
186 6.56291e-34
187 7.84667e-34
188 9.37927e-34
189 1.12085e-33
190 1.33912e-33
191 1.59951e-33
192 1.91007e-33
193 2.28037e-33
194 2.72181e-33
195 3.24792e-33
196 3.87479e-33
197 4.62155e-33
198 5.5109e-33
199 6.56983e-33
200 7.83037e-33
201 9.33054e-33
202 1.11155e-32
203 1.32388e-32
204 1.57639e-32
205 1.87663e-32
206 2.23353e-32
207 2.65768e-32
208 3.16163e-32
209 3.76026e-32
210 4.47119e-32
211 5.3153e-32
212 6.31729e-32
213 7.50642e-32
214 8.91731e-32
215 1.05909e-31
216 1.25757e-31
217 1.4929e-31
218 1.77185e-31
219 2.10244e-31
220 2.49412e-31
221 2.95809e-31
222 3.50754e-31
223 4.15808e-31
224 4.92813e-31
225 5.8394e-31
226 6.91756e-31
227 8.19286e-31
228 9.70098e-31
229 1.1484e-30
230 1.35915e-30
231 1.60819e-30
232 1.90242e-30
233 2.24994e-30
234 2.6603e-30
235 3.14475e-30
236 3.71653e-30
237 4.39121e-30
238 5.18711e-30
239 6.12579e-30
240 7.23258e-30
241 8.53726e-30
242 1.00748e-29
243 1.18864e-29
244 1.40204e-29
245 1.65333e-29
246 1.9492e-29
247 2.29744e-29
248 2.70724e-29
249 3.18935e-29
250 3.75639e-29
251 4.42316e-29
252 5.20701e-29
253 6.12826e-29
254 7.21075e-29
255 8.48236e-29
256 9.97578e-29
257 1.17293e-28
258 1.37876e-28
259 1.62032e-28
260 1.90374e-28
261 2.2362e-28
262 2.62607e-28
263 3.08318e-28
264 3.61898e-28
265 4.24687e-28
266 4.98251e-28
267 5.84417e-28
268 6.85322e-28
269 8.03458e-28
270 9.41735e-28
271 1.10355e-27
272 1.29286e-27
273 1.51429e-27
274 1.77323e-27
275 2.07596e-27
276 2.42981e-27
277 2.84331e-27
278 3.32639e-27
279 3.89065e-27
280 4.54957e-27
281 5.31884e-27
282 6.21675e-27
283 7.26454e-27
284 8.48697e-27
285 9.91279e-27
286 1.15755e-26
287 1.35139e-26
288 1.57732e-26
289 1.8406e-26
290 2.14732e-26
291 2.50457e-26
292 2.92057e-26
293 3.40487e-26
294 3.96853e-26
295 4.62443e-26
296 5.38744e-26
297 6.27486e-26
298 7.30672e-26
299 8.50623e-26
300 9.90028e-26
301 1.152e-25
302 1.34015e-25
303 1.55866e-25
304 1.81235e-25
305 2.10682e-25
306 2.44854e-25
307 2.84499e-25
308 3.30481e-25
309 3.83802e-25
310 4.45615e-25
311 5.17256e-25
312 6.00266e-25
313 6.96424e-25
314 8.07787e-25
315 9.36723e-25
316 1.08597e-24
317 1.25868e-24
318 1.4585e-24
319 1.68962e-24
320 1.95688e-24
321 2.26585e-24
322 2.62295e-24
323 3.03557e-24
324 3.51223e-24
325 4.06274e-24
326 4.69837e-24
327 5.4321e-24
328 6.27889e-24
329 7.25589e-24
330 8.38286e-24
331 9.68251e-24
332 1.11809e-23
333 1.29081e-23
334 1.48985e-23
335 1.71917e-23
336 1.98331e-23
337 2.28748e-23
338 2.63767e-23
339 3.04076e-23
340 3.50461e-23
341 4.03827e-23
342 4.65209e-23
343 5.35796e-23
344 6.16949e-23
345 7.10227e-23
346 8.17418e-23
347 9.40567e-23
348 1.08202e-22
349 1.24445e-22
350 1.43094e-22
351 1.645e-22
352 1.89064e-22
353 2.17245e-22
354 2.4957e-22
355 2.86637e-22
356 3.29134e-22
357 3.77843e-22
358 4.3366e-22
359 4.97606e-22
360 5.70848e-22
361 6.54716e-22
362 7.5073e-22
363 8.60621e-22
364 9.86363e-22
365 1.13021e-21
366 1.29472e-21
367 1.48282e-21
368 1.69785e-21
369 1.94358e-21
370 2.22434e-21
371 2.54503e-21
372 2.91125e-21
373 3.32934e-21
374 3.80653e-21
375 4.35104e-21
376 4.97219e-21
377 5.68061e-21
378 6.48832e-21
379 7.40902e-21
380 8.45823e-21
381 9.65357e-21
382 1.1015e-20
383 1.25653e-20
384 1.43302e-20
385 1.63387e-20
386 1.8624e-20
387 2.12235e-20
388 2.41796e-20
389 2.75404e-20
390 3.13604e-20
391 3.57011e-20
392 4.06322e-20
393 4.62327e-20
394 5.25917e-20
395 5.98102e-20
396 6.80022e-20
397 7.72968e-20
398 8.78398e-20
399 9.97957e-20
400 1.13351e-19
401 1.28715e-19
402 1.46126e-19
403 1.6585e-19
404 1.88192e-19
405 2.13491e-19
406 2.42132e-19
407 2.74549e-19
408 3.11232e-19
409 3.52731e-19
410 3.99669e-19
411 4.52746e-19
412 5.12751e-19
413 5.80573e-19
414 6.57212e-19
415 7.43794e-19
416 8.41588e-19
417 9.5202e-19
418 1.0767e-18
419 1.21742e-18
420 1.37622e-18
421 1.55537e-18
422 1.75745e-18
423 1.98532e-18
424 2.24223e-18
425 2.5318e-18
426 2.85811e-18
427 3.22574e-18
428 3.63982e-18
429 4.1061e-18
430 4.63105e-18
431 5.22188e-18
432 5.88672e-18
433 6.63465e-18
434 7.47584e-18
435 8.42168e-18
436 9.48492e-18
437 1.06798e-17
438 1.20224e-17
439 1.35304e-17
440 1.52238e-17
441 1.7125e-17
442 1.92587e-17
443 2.1653e-17
444 2.43387e-17
445 2.73507e-17
446 3.07275e-17
447 3.45124e-17
448 3.87535e-17
449 4.35045e-17
450 4.88251e-17
451 5.47821e-17
452 6.14497e-17
453 6.89105e-17
454 7.72566e-17
455 8.65905e-17
456 9.7026e-17
457 1.0869e-16
458 1.21724e-16
459 1.36283e-16
460 1.52543e-16
461 1.70698e-16
462 1.90961e-16
463 2.13572e-16
464 2.38796e-16
465 2.66928e-16
466 2.98295e-16
467 3.33258e-16
468 3.72221e-16
469 4.15629e-16
470 4.63978e-16
471 5.17815e-16
472 5.77749e-16
473 6.44454e-16
474 7.18675e-16
475 8.01241e-16
476 8.93067e-16
477 9.95167e-16
478 1.10866e-15
479 1.2348e-15
480 1.37495e-15
481 1.53064e-15
482 1.70355e-15
483 1.89553e-15
484 2.10866e-15
485 2.3452e-15
486 2.60767e-15
487 2.89885e-15
488 3.2218e-15
489 3.57993e-15
490 3.97696e-15
491 4.41704e-15
492 4.90472e-15
493 5.44503e-15
494 6.04354e-15
495 6.70636e-15
496 7.44023e-15
497 8.2526e-15
498 9.15166e-15
499 1.01464e-14
500 1.12469e-14
501 1.24639e-14
502 1.38096e-14
503 1.52972e-14
504 1.69412e-14
505 1.87578e-14
506 2.07644e-14
507 2.29804e-14
508 2.5427e-14
509 2.81276e-14
510 3.11078e-14
511 3.43955e-14
512 3.80216e-14
513 4.20198e-14
514 4.6427e-14
515 5.12837e-14
516 5.66343e-14
517 6.25272e-14
518 6.90155e-14
519 7.61573e-14
520 8.40159e-14
521 9.26607e-14
522 1.02167e-13
523 1.12619e-13
524 1.24105e-13
525 1.36725e-13
526 1.50585e-13
527 1.65804e-13
528 1.82508e-13
529 2.00837e-13
530 2.20942e-13
531 2.42989e-13
532 2.67157e-13
533 2.93642e-13
534 3.22656e-13
535 3.54431e-13
536 3.89219e-13
537 4.27293e-13
538 4.68951e-13
539 5.14516e-13
540 5.64339e-13
541 6.18802e-13
542 6.78317e-13
543 7.43336e-13
544 8.14347e-13
545 8.91879e-13
546 9.76508e-13
547 1.06886e-12
548 1.1696e-12
549 1.27948e-12
550 1.39929e-12
551 1.52989e-12
552 1.67222e-12
553 1.8273e-12
554 1.99623e-12
555 2.1802e-12
556 2.38051e-12
557 2.59857e-12
558 2.83589e-12
559 3.09412e-12
560 3.37505e-12
561 3.68062e-12
562 4.01293e-12
563 4.37424e-12
564 4.76703e-12
565 5.19394e-12
566 5.65788e-12
567 6.16195e-12
568 6.70956e-12
569 7.30434e-12
570 7.95027e-12
571 8.65161e-12
572 9.41301e-12
573 1.02395e-11
574 1.11364e-11
575 1.21096e-11
576 1.31654e-11
577 1.43107e-11
578 1.55527e-11
579 1.68995e-11
580 1.83595e-11
581 1.99419e-11
582 2.16568e-11
583 2.35148e-11
584 2.55273e-11
585 2.77068e-11
586 3.00667e-11
587 3.26211e-11
588 3.53854e-11
589 3.83762e-11
590 4.16111e-11
591 4.5109e-11
592 4.88903e-11
593 5.29768e-11
594 5.73916e-11
595 6.21597e-11
596 6.73077e-11
597 7.28639e-11
598 7.88587e-11
599 8.53244e-11
600 9.22953e-11
601 9.98082e-11
602 1.07902e-10
603 1.16619e-10
604 1.26002e-10
605 1.36098e-10
606 1.46958e-10
607 1.58634e-10
608 1.71182e-10
609 1.84661e-10
610 1.99134e-10
611 2.14667e-10
612 2.31331e-10
613 2.49199e-10
614 2.68351e-10
615 2.88868e-10
616 3.10839e-10
617 3.34355e-10
618 3.59514e-10
619 3.86419e-10
620 4.15176e-10
621 4.45901e-10
622 4.78713e-10
623 5.13738e-10
624 5.51111e-10
625 5.9097e-10
626 6.33464e-10
627 6.78748e-10
628 7.26987e-10
629 7.78353e-10
630 8.33027e-10
631 8.91204e-10
632 9.53084e-10
633 1.01888e-09
634 1.08882e-09
635 1.16314e-09
636 1.2421e-09
637 1.32596e-09
638 1.41499e-09
639 1.50951e-09
640 1.60983e-09
641 1.71627e-09
642 1.8292e-09
643 1.949e-09
644 2.07606e-09
645 2.21081e-09
646 2.35371e-09
647 2.50523e-09
648 2.66588e-09
649 2.83623e-09
650 3.01684e-09
651 3.20833e-09
652 3.41138e-09
653 3.62667e-09
654 3.85498e-09
655 4.09709e-09
656 4.35386e-09
657 4.62621e-09
658 4.91511e-09
659 5.2216e-09
660 5.54678e-09
661 5.89183e-09
662 6.258e-09
663 6.64663e-09
664 7.05915e-09
665 7.49705e-09
666 7.96196e-09
667 8.45556e-09
668 8.97966e-09
669 9.53618e-09
670 1.01271e-08
671 1.07547e-08
672 1.14211e-08
673 1.21287e-08
674 1.28801e-08
675 1.36778e-08
676 1.45247e-08
677 1.54237e-08
678 1.63778e-08
679 1.73903e-08
680 1.84644e-08
681 1.96036e-08
682 2.08116e-08
683 2.2092e-08
684 2.34489e-08
685 2.48862e-08
686 2.6408e-08
687 2.80188e-08
688 2.97227e-08
689 3.15244e-08
690 3.34285e-08
691 3.54396e-08
692 3.75625e-08
693 3.98021e-08
694 4.21632e-08
695 4.46508e-08
696 4.72697e-08
697 5.0025e-08
698 5.29214e-08
699 5.59638e-08
700 5.9157e-08
701 6.25056e-08
702 6.60141e-08
703 6.96869e-08
704 7.35281e-08
705 7.75416e-08
706 8.17311e-08
707 8.61e-08
708 9.06512e-08
709 9.53874e-08
710 1.00311e-07
711 1.05423e-07
712 1.10726e-07
713 1.1622e-07
714 1.21905e-07
715 1.27781e-07
716 1.33847e-07
717 1.40101e-07
718 1.46541e-07
719 1.53163e-07
720 1.59965e-07
721 1.6694e-07
722 1.74085e-07
723 1.81392e-07
724 1.88855e-07
725 1.96467e-07
726 2.04217e-07
727 2.12098e-07
728 2.20098e-07
729 2.28208e-07
730 2.36416e-07
731 2.44709e-07
732 2.53076e-07
733 2.61502e-07
734 2.69975e-07
735 2.7848e-07
736 2.87004e-07
737 2.95532e-07
738 3.04051e-07
739 3.12546e-07
740 3.21005e-07
741 3.29414e-07
742 3.37762e-07
743 3.46037e-07
744 3.5423e-07
745 3.62333e-07
746 3.70338e-07
747 3.78242e-07
748 3.86042e-07
749 3.93739e-07
750 4.01336e-07
751 4.08839e-07
752 4.16259e-07
753 4.23611e-07
754 4.30913e-07
755 4.38187e-07
756 4.45464e-07
757 4.52777e-07
758 4.60166e-07
759 4.67677e-07
760 4.75363e-07
761 4.83285e-07
762 4.9151e-07
763 5.00115e-07
764 5.09183e-07
765 5.18806e-07
766 5.29088e-07
767 5.40138e-07
768 5.52078e-07
769 5.65039e-07
770 5.79163e-07
771 5.946e-07
772 6.11515e-07
773 6.3008e-07
774 6.5048e-07
775 6.72912e-07
776 6.97582e-07
777 7.2471e-07
778 7.54525e-07
779 7.87268e-07
780 8.23192e-07
781 8.62559e-07
782 9.05642e-07
783 9.52727e-07
784 1.00411e-06
785 1.06008e-06
786 1.12097e-06
787 1.18708e-06
788 1.25875e-06
789 1.33632e-06
790 1.42011e-06
791 1.51049e-06
792 1.60779e-06
793 1.71237e-06
794 1.82459e-06
795 1.9448e-06
796 2.07337e-06
797 2.21063e-06
798 2.35696e-06
799 2.51268e-06
800 2.67816e-06
801 2.85371e-06
802 3.03967e-06
803 3.23636e-06
804 3.44407e-06
805 3.6631e-06
806 3.89374e-06
807 4.13623e-06
808 4.39082e-06
809 4.65774e-06
810 4.93718e-06
811 5.22933e-06
812 5.53435e-06
813 5.85236e-06
814 6.18347e-06
815 6.52776e-06
816 6.88528e-06
817 7.25605e-06
818 7.64005e-06
819 8.03725e-06
820 8.44758e-06
821 8.87092e-06
822 9.30713e-06
823 9.75606e-06
824 1.02175e-05
825 1.06912e-05
826 1.11769e-05
827 1.16744e-05
828 1.21832e-05
829 1.27031e-05
830 1.32336e-05
831 1.37744e-05
832 1.4325e-05
833 1.4885e-05
834 1.54539e-05
835 1.60313e-05
836 1.66166e-05
837 1.72094e-05
838 1.78092e-05
839 1.84155e-05
840 1.90278e-05
841 1.96456e-05
842 2.02685e-05
843 2.08959e-05
844 2.15277e-05
845 2.21632e-05
846 2.28023e-05
847 2.34446e-05
848 2.40899e-05
849 2.4738e-05
850 2.53889e-05
851 2.60426e-05
852 2.6699e-05
853 2.73585e-05
854 2.80212e-05
855 2.86875e-05
856 2.93581e-05
857 3.00334e-05
858 3.07144e-05
859 3.1402e-05
860 3.20973e-05
861 3.28015e-05
862 3.35162e-05
863 3.4243e-05
864 3.49839e-05
865 3.57408e-05
866 3.65162e-05
867 3.73125e-05
868 3.81326e-05
869 3.89795e-05
870 3.98567e-05
871 4.07677e-05
872 4.17163e-05
873 4.27069e-05
874 4.3744e-05
875 4.48323e-05
876 4.59772e-05
877 4.7184e-05
878 4.84586e-05
879 4.98074e-05
880 5.12368e-05
881 5.27539e-05
882 5.4366e-05
883 5.60809e-05
884 5.79067e-05
885 5.9852e-05
886 6.19258e-05
887 6.41374e-05
888 6.64967e-05
889 6.9014e-05
890 7.17e-05
891 7.45658e-05
892 7.7623e-05
893 8.08838e-05
894 8.43605e-05
895 8.80662e-05
896 9.20144e-05
897 9.62189e-05
898 0.000100694
899 0.000105455
900 0.000110517
901 0.000115895
902 0.000121607
903 0.000127668
904 0.000134096
905 0.000140909
906 0.000148125
907 0.000155762
908 0.000163841
909 0.000172379
910 0.000181398
911 0.000190917
912 0.000200959
913 0.000211543
914 0.000222693
915 0.000234431
916 0.000246778
917 0.00025976
918 0.000273398
919 0.000287718
920 0.000302744
921 0.000318501
922 0.000335013
923 0.000352308
924 0.000370411
925 0.000389348
926 0.000409146
927 0.000429834
928 0.000451438
929 0.000473986
930 0.000497507
931 0.000522029
932 0.000547582
933 0.000574195
934 0.000601897
935 0.000630718
936 0.000660689
937 0.00069184
938 0.000724202
939 0.000757806
940 0.000792683
941 0.000828864
942 0.000866381
943 0.000905265
944 0.00094555
945 0.000987267
946 0.00103045
947 0.00107513
948 0.00112133
949 0.0011691
950 0.00121846
951 0.00126945
952 0.0013221
953 0.00137644
954 0.00143251
955 0.00149034
956 0.00154995
957 0.00161139
958 0.00167468
959 0.00173986
960 0.00180696
961 0.00187601
962 0.00194704
963 0.00202009
964 0.00209518
965 0.00217234
966 0.00225161
967 0.00233302
968 0.00241659
969 0.00250235
970 0.00259033
971 0.00268057
972 0.00277308
973 0.00286789
974 0.00296503
975 0.00306453
976 0.0031664
977 0.00327068
978 0.00337738
979 0.00348652
980 0.00359813
981 0.00371223
982 0.00382883
983 0.00394796
984 0.00406962
985 0.00419384
986 0.00432062
987 0.00444999
988 0.00458194
989 0.0047165
990 0.00485367
991 0.00499345
992 0.00513586
993 0.00528089
994 0.00542854
995 0.00557882
996 0.00573173
997 0.00588726
998 0.00604541
999 0.00620616
1000 0.00636952
1001 0.00653546
1002 0.00670398
1003 0.00687505
1004 0.00704867
1005 0.00722481
1006 0.00740345
1007 0.00758457
1008 0.00776813
1009 0.00795411
1010 0.00814248
1011 0.0083332
1012 0.00852624
1013 0.00872155
1014 0.0089191
1015 0.00911885
1016 0.00932073
1017 0.00952472
1018 0.00973075
1019 0.00993876
1020 0.0101487
1021 0.0103605
1022 0.0105742
1023 0.0107895
1024 0.0110066
1025 0.0112253
1026 0.0114454
1027 0.0116671
1028 0.0118901
1029 0.0121145
1030 0.01234
1031 0.0125667
1032 0.0127944
1033 0.0130231
1034 0.0132526
1035 0.0134829
1036 0.0137139
1037 0.0139454
1038 0.0141774
1039 0.0144097
1040 0.0146423
1041 0.014875
1042 0.0151078
1043 0.0153405
1044 0.015573
1045 0.0158052
1046 0.0160369
1047 0.0162681
1048 0.0164986
1049 0.0167284
1050 0.0169572
1051 0.017185
1052 0.0174117
1053 0.017637
1054 0.0178609
1055 0.0180833
1056 0.018304
1057 0.018523
1058 0.0187399
1059 0.0189549
1060 0.0191676
1061 0.019378
1062 0.019586
1063 0.0197913
1064 0.019994
1065 0.0201939
1066 0.0203907
1067 0.0205845
1068 0.0207751
1069 0.0209623
1070 0.0211461
1071 0.0213263
1072 0.0215027
1073 0.0216754
1074 0.0218441
1075 0.0220087
1076 0.0221692
1077 0.0223254
1078 0.0224772
1079 0.0226245
1080 0.0227672
1081 0.0229052
1082 0.0230383
1083 0.0231666
1084 0.0232899
1085 0.0234082
1086 0.0235212
1087 0.023629
1088 0.0237315
1089 0.0238285
1090 0.0239201
1091 0.0240062
1092 0.0240866
1093 0.0241613
1094 0.0242304
1095 0.0242936
1096 0.024351
1097 0.0244026
1098 0.0244482
1099 0.0244879
1100 0.0245216
1101 0.0245492
1102 0.0245709
1103 0.0245865
1104 0.024596
1105 0.0245995
1106 0.0245968
1107 0.0245881
1108 0.0245733
1109 0.0245525
1110 0.0245256
1111 0.0244926
1112 0.0244537
1113 0.0244087
1114 0.0243578
1115 0.024301
1116 0.0242383
1117 0.0241697
1118 0.0240954
1119 0.0240153
1120 0.0239296
1121 0.0238382
1122 0.0237412
1123 0.0236388
1124 0.023531
1125 0.0234178
1126 0.0232994
1127 0.0231758
1128 0.0230471
1129 0.0229135
1130 0.0227749
1131 0.0226315
1132 0.0224834
1133 0.0223307
1134 0.0221735
1135 0.022012
1136 0.0218461
1137 0.0216761
1138 0.021502
1139 0.021324
1140 0.0211422
1141 0.0209567
1142 0.0207676
1143 0.0205751
1144 0.0203793
1145 0.0201803
1146 0.0199782
1147 0.0197732
1148 0.0195655
1149 0.019355
1150 0.019142
1151 0.0189266
1152 0.018709
1153 0.0184892
1154 0.0182674
1155 0.0180438
1156 0.0178184
1157 0.0175915
1158 0.017363
1159 0.0171333
1160 0.0169023
1161 0.0166703
1162 0.0164373
1163 0.0162035
1164 0.0159691
1165 0.0157341
1166 0.0154986
1167 0.0152628
1168 0.0150269
1169 0.0147909
1170 0.0145549
1171 0.0143191
1172 0.0140836
1173 0.0138485
1174 0.0136139
1175 0.0133799
1176 0.0131466
1177 0.0129142
1178 0.0126827
1179 0.0124522
1180 0.0122228
1181 0.0119946
1182 0.0117678
1183 0.0115423
1184 0.0113183
1185 0.0110959
1186 0.0108751
1187 0.010656
1188 0.0104387
1189 0.0102233
1190 0.0100098
1191 0.00979834
1192 0.00958892
1193 0.00938162
1194 0.00917649
1195 0.00897361
1196 0.008773
1197 0.00857474
1198 0.00837885
1199 0.00818538
1200 0.00799438
1201 0.00780587
1202 0.0076199
1203 0.0074365
1204 0.0072557
1205 0.00707751
1206 0.00690198
1207 0.00672911
1208 0.00655893
1209 0.00639145
1210 0.00622669
1211 0.00606466
1212 0.00590537
1213 0.00574882
1214 0.00559503
1215 0.00544398
1216 0.00529569
1217 0.00515016
1218 0.00500736
1219 0.00486732
1220 0.00473
1221 0.00459541
1222 0.00446354
1223 0.00433437
1224 0.00420788
1225 0.00408407
1226 0.00396291
1227 0.00384439
1228 0.00372848
1229 0.00361516
1230 0.00350441
1231 0.00339621
1232 0.00329052
1233 0.00318733
1234 0.00308661
1235 0.00298832
1236 0.00289245
1237 0.00279895
1238 0.0027078
1239 0.00261896
1240 0.00253241
1241 0.00244811
1242 0.00236602
1243 0.00228612
1244 0.00220836
1245 0.00213272
1246 0.00205916
1247 0.00198764
1248 0.00191812
1249 0.00185057
1250 0.00178496
1251 0.00172125
1252 0.0016594
1253 0.00159937
1254 0.00154113
1255 0.00148464
1256 0.00142986
1257 0.00137676
1258 0.00132531
1259 0.00127546
1260 0.00122718
1261 0.00118043
1262 0.00113518
1263 0.00109139
1264 0.00104903
1265 0.00100806
1266 0.000968455
1267 0.000930171
1268 0.000893178
1269 0.000857441
1270 0.00082293
1271 0.000789611
1272 0.000757452
1273 0.000726421
1274 0.000696488
1275 0.000667621
1276 0.000639792
1277 0.000612969
1278 0.000587125
1279 0.00056223
1280 0.000538256
1281 0.000515175
1282 0.000492962
1283 0.000471588
1284 0.000451028
1285 0.000431257
1286 0.00041225
1287 0.000393982
1288 0.000376429
1289 0.000359569
1290 0.000343378
1291 0.000327834
1292 0.000312915
1293 0.000298601
1294 0.000284871
1295 0.000271704
1296 0.00025908
1297 0.000246982
1298 0.000235389
1299 0.000224285
1300 0.000213651
1301 0.00020347
1302 0.000193727
1303 0.000184403
1304 0.000175485
1305 0.000166956
1306 0.000158802
1307 0.000151008
1308 0.000143561
1309 0.000136448
1310 0.000129654
1311 0.000123168
1312 0.000116977
1313 0.00011107
1314 0.000105434
1315 0.00010006
1316 9.49357e-05
1317 9.00516e-05
1318 8.53974e-05
1319 8.09636e-05
1320 7.67408e-05
1321 7.27202e-05
1322 6.88931e-05
1323 6.52512e-05
1324 6.17864e-05
1325 5.8491e-05
1326 5.53577e-05
1327 5.23791e-05
1328 4.95485e-05
1329 4.68593e-05
1330 4.4305e-05
1331 4.18795e-05
1332 3.9577e-05
1333 3.73919e-05
1334 3.53186e-05
1335 3.3352e-05
1336 3.14871e-05
1337 2.97192e-05
1338 2.80435e-05
1339 2.64558e-05
1340 2.49519e-05
1341 2.35276e-05
1342 2.21791e-05
1343 2.09027e-05
1344 1.9695e-05
1345 1.85524e-05
1346 1.74719e-05
1347 1.64502e-05
1348 1.54844e-05
1349 1.45718e-05
1350 1.37095e-05
1351 1.28951e-05
1352 1.21261e-05
1353 1.14002e-05
1354 1.07151e-05
1355 1.00687e-05
1356 9.45894e-06
1357 8.88394e-06
1358 8.34185e-06
1359 7.83092e-06
1360 7.34947e-06
1361 6.89594e-06
1362 6.46881e-06
1363 6.06664e-06
1364 5.68809e-06
1365 5.33185e-06
1366 4.9967e-06
1367 4.68147e-06
1368 4.38505e-06
1369 4.1064e-06
1370 3.84451e-06
1371 3.59844e-06
1372 3.3673e-06
1373 3.15024e-06
1374 2.94644e-06
1375 2.75516e-06
1376 2.57567e-06
1377 2.40728e-06
1378 2.24935e-06
1379 2.10126e-06
1380 1.96245e-06
1381 1.83235e-06
1382 1.71047e-06
1383 1.5963e-06
1384 1.48939e-06
1385 1.38929e-06
1386 1.29561e-06
1387 1.20795e-06
1388 1.12594e-06
1389 1.04925e-06
1390 9.77541e-07
1391 9.10509e-07
1392 8.47867e-07
1393 7.89341e-07
1394 7.34675e-07
1395 6.83628e-07
1396 6.35972e-07
1397 5.91493e-07
1398 5.49991e-07
1399 5.11276e-07
1400 4.75169e-07
1401 4.41504e-07
1402 4.10124e-07
1403 3.80881e-07
1404 3.53637e-07
1405 3.28261e-07
1406 3.04631e-07
1407 2.82633e-07
1408 2.6216e-07
1409 2.4311e-07
1410 2.25389e-07
1411 2.08909e-07
1412 1.93586e-07
1413 1.79344e-07
1414 1.66108e-07
1415 1.53812e-07
1416 1.42391e-07
1417 1.31786e-07
1418 1.21941e-07
1419 1.12804e-07
1420 1.04326e-07
1421 9.64615e-08
1422 8.91682e-08
1423 8.24062e-08
1424 7.61384e-08
1425 7.03301e-08
1426 6.49491e-08
1427 5.99652e-08
1428 5.53502e-08
1429 5.1078e-08
1430 4.7124e-08
1431 4.34655e-08
1432 4.00813e-08
1433 3.69516e-08
1434 3.40579e-08
1435 3.13833e-08
1436 2.89116e-08
1437 2.66282e-08
1438 2.45191e-08
1439 2.25716e-08
1440 2.07738e-08
1441 1.91145e-08
1442 1.75835e-08
1443 1.61711e-08
1444 1.48687e-08
1445 1.36678e-08
1446 1.25609e-08
1447 1.15408e-08
1448 1.0601e-08
1449 9.73535e-09
1450 8.93825e-09
1451 8.20443e-09
1452 7.52904e-09
1453 6.90758e-09
1454 6.33588e-09
1455 5.8101e-09
1456 5.32666e-09
1457 4.88227e-09
1458 4.47388e-09
1459 4.09866e-09
1460 3.75401e-09
1461 3.43751e-09
1462 3.14693e-09
1463 2.88022e-09
1464 2.63549e-09
1465 2.41096e-09
1466 2.20504e-09
1467 2.01622e-09
1468 1.84312e-09
1469 1.68448e-09
1470 1.53912e-09
1471 1.40597e-09
1472 1.28403e-09
1473 1.17238e-09
1474 1.07018e-09
1475 9.76659e-10
1476 8.91094e-10
1477 8.1283e-10
1478 7.41261e-10
1479 6.75831e-10
1480 6.16029e-10
1481 5.61383e-10
1482 5.11462e-10
1483 4.65867e-10
1484 4.24236e-10
1485 3.86231e-10
1486 3.51547e-10
1487 3.199e-10
1488 2.91032e-10
1489 2.64706e-10
1490 2.40703e-10
1491 2.18824e-10
1492 1.98886e-10
1493 1.80721e-10
1494 1.64175e-10
1495 1.49109e-10
1496 1.35392e-10
1497 1.22908e-10
1498 1.11548e-10
1499 1.01214e-10
1500 9.18145e-11
1501 8.32683e-11
1502 7.54994e-11
1503 6.84388e-11
1504 6.20237e-11
1505 5.61963e-11
1506 5.09043e-11
1507 4.60994e-11
1508 4.17381e-11
1509 3.77803e-11
1510 3.41896e-11
1511 3.09328e-11
1512 2.79794e-11
1513 2.5302e-11
1514 2.28753e-11
1515 2.06763e-11
1516 1.86843e-11
1517 1.68801e-11
1518 1.52465e-11
1519 1.37677e-11
1520 1.24293e-11
1521 1.12184e-11
1522 1.0123e-11
1523 9.13238e-12
1524 8.23673e-12
1525 7.42715e-12
1526 6.69553e-12
1527 6.03455e-12
1528 5.43751e-12
1529 4.89838e-12
1530 4.41164e-12
1531 3.97233e-12
1532 3.5759e-12
1533 3.21828e-12
1534 2.89572e-12
1535 2.60488e-12
1536 2.34269e-12
1537 2.10638e-12
1538 1.89347e-12
1539 1.70166e-12
1540 1.52893e-12
1541 1.3734e-12
1542 1.2334e-12
1543 1.10741e-12
1544 9.94046e-13
1545 8.92078e-13
1546 8.0038e-13
1547 7.17937e-13
1548 6.43833e-13
1549 5.7724e-13
1550 5.17412e-13
1551 4.63675e-13
1552 4.15421e-13
1553 3.72099e-13
1554 3.33216e-13
1555 2.98326e-13
1556 2.67025e-13
1557 2.38952e-13
1558 2.13779e-13
1559 1.91213e-13
1560 1.70988e-13
1561 1.52866e-13
1562 1.36632e-13
1563 1.22093e-13
1564 1.09075e-13
1565 9.74226e-14
1566 8.69939e-14
1567 7.76631e-14
1568 6.93167e-14
1569 6.18525e-14
1570 5.5179e-14
1571 4.92138e-14
1572 4.38831e-14
1573 3.91204e-14
1574 3.48664e-14
1575 3.10676e-14
1576 2.76761e-14
1577 2.46489e-14
1578 2.19477e-14
1579 1.95378e-14
1580 1.73884e-14
1581 1.54718e-14
1582 1.37632e-14
1583 1.22403e-14
1584 1.08834e-14
1585 9.6746e-15
1586 8.59801e-15
1587 7.63941e-15
1588 6.78607e-15
1589 6.02662e-15
1590 5.3509e-15
1591 4.74981e-15
1592 4.21524e-15
1593 3.73995e-15
1594 3.31746e-15
1595 2.94201e-15
1596 2.60842e-15
1597 2.31211e-15
1598 2.04898e-15
1599 1.81536e-15
1600 1.608e-15
1601 1.42399e-15
1602 1.26074e-15
1603 1.11593e-15
1604 9.8753e-16
1605 8.73694e-16
1606 7.72798e-16
1607 6.83392e-16
1608 6.04186e-16
1609 5.34035e-16
1610 4.71917e-16
1611 4.16926e-16
1612 3.68256e-16
1613 3.25191e-16
1614 2.87094e-16
1615 2.53401e-16
1616 2.23609e-16
1617 1.97273e-16
1618 1.73998e-16
1619 1.53433e-16
1620 1.35266e-16
1621 1.19223e-16
1622 1.05057e-16
1623 9.2553e-17
1624 8.15179e-17
1625 7.17815e-17
1626 6.31932e-17
1627 5.56193e-17
1628 4.89417e-17
1629 4.30556e-17
1630 3.78685e-17
1631 3.32985e-17
1632 2.92731e-17
1633 2.57282e-17
1634 2.26073e-17
1635 1.98603e-17
1636 1.7443e-17
1637 1.53163e-17
1638 1.34457e-17
1639 1.18008e-17
1640 1.03547e-17
1641 9.08361e-18
1642 7.96671e-18
1643 6.9855e-18
1644 6.12369e-18
1645 5.36694e-18
1646 4.7026e-18
1647 4.11952e-18
1648 3.60788e-18
1649 3.15905e-18
1650 2.7654e-18
1651 2.42023e-18
1652 2.11765e-18
1653 1.85246e-18
1654 1.62009e-18
1655 1.41654e-18
1656 1.23827e-18
1657 1.08218e-18
1658 9.45547e-19
1659 8.25967e-19
1660 7.21341e-19
1661 6.29819e-19
1662 5.49779e-19
1663 4.79799e-19
1664 4.18627e-19
1665 3.65168e-19
1666 3.18461e-19
1667 2.77663e-19
1668 2.42034e-19
1669 2.10928e-19
1670 1.83776e-19
1671 1.60081e-19
1672 1.39409e-19
1673 1.21378e-19
1674 1.05654e-19
1675 9.19453e-20
1676 7.99966e-20
1677 6.95844e-20
1678 6.05131e-20
1679 5.26121e-20
1680 4.57319e-20
1681 3.97421e-20
1682 3.45288e-20
1683 2.99923e-20
1684 2.60457e-20
1685 2.26131e-20
1686 1.96283e-20
1687 1.70335e-20
1688 1.47782e-20
1689 1.28185e-20
1690 1.11161e-20
1691 9.63756e-21
1692 8.35369e-21
1693 7.23916e-21
1694 6.27186e-21
1695 5.43253e-21
1696 4.70443e-21
1697 4.07296e-21
1698 3.52542e-21
1699 3.05077e-21
1700 2.63941e-21
1701 2.28298e-21
1702 1.97422e-21
1703 1.70682e-21
1704 1.47529e-21
1705 1.27487e-21
1706 1.10142e-21
1707 9.51346e-22
1708 8.21526e-22
1709 7.09255e-22
1710 6.12183e-22
1711 5.28274e-22
1712 4.55758e-22
1713 3.93104e-22
1714 3.38984e-22
1715 2.92246e-22
1716 2.51894e-22
1717 2.17062e-22
1718 1.87002e-22
1719 1.61068e-22
1720 1.38698e-22
1721 1.19406e-22
1722 1.02774e-22
1723 8.84376e-23
1724 7.60833e-23
1725 6.54394e-23
1726 5.62713e-23
1727 4.83764e-23
1728 4.15793e-23
1729 3.57289e-23
1730 3.06945e-23
1731 2.63632e-23
1732 2.26378e-23
1733 1.94343e-23
1734 1.66802e-23
1735 1.4313e-23
1736 1.22789e-23
1737 1.05314e-23
1738 9.03049e-24
1739 7.74166e-24
1740 6.63521e-24
1741 5.68557e-24
1742 4.8707e-24
1743 4.17164e-24
1744 3.57207e-24
1745 3.05796e-24
1746 2.61723e-24
1747 2.2395e-24
1748 1.91583e-24
1749 1.63856e-24
1750 1.40109e-24
1751 1.19775e-24
1752 1.02369e-24
1753 8.74712e-25
1754 7.47243e-25
1755 6.382e-25
1756 5.44942e-25
1757 4.65203e-25
1758 3.97038e-25
1759 3.38782e-25
1760 2.89007e-25
1761 2.46487e-25
1762 2.10173e-25
1763 1.79168e-25
1764 1.527e-25
1765 1.30113e-25
1766 1.1084e-25
1767 9.44002e-26
1768 8.03798e-26
1769 6.84258e-26
1770 5.82359e-26
1771 4.95519e-26
1772 4.2153e-26
1773 3.58504e-26
1774 3.04831e-26
1775 2.59133e-26
1776 2.20233e-26
1777 1.8713e-26
1778 1.58964e-26
1779 1.35007e-26
1780 1.14633e-26
1781 9.73111e-27
1782 8.25873e-27
1783 7.00748e-27
1784 5.94441e-27
1785 5.04143e-27
1786 4.27461e-27
1787 3.62358e-27
1788 3.07098e-27
1789 2.60205e-27
1790 2.2042e-27
1791 1.86674e-27
1792 1.58058e-27
1793 1.33797e-27
1794 1.13233e-27
1795 9.58073e-28
1796 8.10443e-28
1797 6.854e-28
1798 5.79514e-28
1799 4.89871e-28
1800 4.13997e-28
1801 3.49793e-28
1802 2.95477e-28
1803 2.49536e-28
1804 2.10688e-28
1805 1.77847e-28
1806 1.5009e-28
1807 1.26635e-28
1808 1.0682e-28
1809 9.00847e-29
1810 7.59534e-29
1811 6.40239e-29
1812 5.39553e-29
1813 4.54595e-29
1814 3.82925e-29
1815 3.22479e-29
1816 2.7151e-29
1817 2.28544e-29
1818 1.92332e-29
1819 1.61819e-29
1820 1.36116e-29
1821 1.14468e-29
1822 9.62408e-30
1823 8.08969e-30
1824 6.79834e-30
1825 5.71179e-30
1826 4.79777e-30
1827 4.02907e-30
1828 3.38274e-30
1829 2.83943e-30
1830 2.38282e-30
1831 1.99917e-30
1832 1.6769e-30
1833 1.40625e-30
1834 1.17901e-30
1835 9.88252e-31
1836 8.28166e-31
1837 6.93849e-31
1838 5.81181e-31
1839 4.86694e-31
1840 4.07472e-31
1841 3.41066e-31
1842 2.85415e-31
1843 2.38788e-31
1844 1.99732e-31
1845 1.67025e-31
1846 1.3964e-31
1847 1.16718e-31
1848 9.75362e-32
1849 8.14873e-32
1850 6.80631e-32
1851 5.68371e-32
1852 4.74515e-32
1853 3.96064e-32
1854 3.30505e-32
1855 2.75733e-32
1856 2.29984e-32
1857 1.9178e-32
1858 1.59885e-32
1859 1.33263e-32
1860 1.11048e-32
1861 9.25138e-33
1862 7.7055e-33
1863 6.41642e-33
1864 5.34174e-33
1865 4.446e-33
1866 3.6996e-33
1867 3.07777e-33
1868 2.55986e-33
1869 2.1286e-33
1870 1.76957e-33
1871 1.47076e-33
1872 1.22211e-33
1873 1.01526e-33
1874 8.43226e-34
1875 7.00175e-34
1876 5.81255e-34
1877 4.82419e-34
1878 4.00294e-34
1879 3.32072e-34
1880 2.75412e-34
1881 2.28366e-34
1882 1.89311e-34
1883 1.56899e-34
1884 1.30005e-34
1885 1.07696e-34
1886 8.91939e-35
1887 7.38531e-35
1888 6.11365e-35
1889 5.05975e-35
1890 4.18655e-35
1891 3.46322e-35
1892 2.86419e-35
1893 2.36822e-35
1894 1.95767e-35
1895 1.61791e-35
1896 1.3368e-35
1897 1.10427e-35
1898 9.11979e-36
1899 7.52992e-36
1900 6.21575e-36
1901 5.12972e-36
1902 4.23245e-36
1903 3.4913e-36
1904 2.87926e-36
1905 2.37395e-36
1906 1.95686e-36
1907 1.61267e-36
1908 1.3287e-36
1909 1.09448e-36
1910 9.01331e-37
1911 7.42094e-37
1912 6.10845e-37
1913 5.0269e-37
1914 4.13586e-37
1915 3.40196e-37
1916 2.79763e-37
1917 2.3001e-37
1918 1.89061e-37
1919 1.55365e-37
1920 1.27644e-37
1921 1.04845e-37
1922 8.60969e-38
1923 7.06848e-38
1924 5.80178e-38
1925 4.76095e-38
1926 3.90591e-38
1927 3.20367e-38
1928 2.62706e-38
1929 2.15371e-38
1930 1.76524e-38
1931 1.44649e-38
1932 1.18501e-38
1933 9.70572e-39
1934 7.94747e-39
1935 6.50618e-39
1936 5.32501e-39
1937 4.35723e-39
1938 3.56449e-39
1939 2.91528e-39
1940 2.38375e-39
1941 1.94866e-39
1942 1.59261e-39
1943 1.3013e-39
1944 1.06302e-39
1945 8.68168e-40
1946 7.08862e-40
1947 5.7865e-40
1948 4.72244e-40
1949 3.85313e-40
1950 3.14309e-40
1951 2.56329e-40
1952 2.08994e-40
1953 1.70359e-40
1954 1.38834e-40
1955 1.13115e-40
1956 9.21389e-41
1957 7.50345e-41
1958 6.10908e-41
1959 4.97264e-41
1960 4.04664e-41
1961 3.2923e-41
1962 2.67793e-41
1963 2.17769e-41
1964 1.77047e-41
1965 1.43906e-41
1966 1.1694e-41
1967 9.50051e-42
1968 7.71659e-42
1969 6.26614e-42
1970 5.0871e-42
1971 4.12893e-42
1972 3.35043e-42
1973 2.71807e-42
1974 2.20453e-42
1975 1.78758e-42
1976 1.44915e-42
1977 1.17451e-42
1978 9.51691e-43
1979 7.70958e-43
1980 6.24398e-43
1981 5.05577e-43
1982 4.09269e-43
1983 3.31228e-43
1984 2.68003e-43
1985 2.16794e-43
1986 1.75328e-43
1987 1.41759e-43
1988 1.14589e-43
1989 9.26049e-44
1990 7.48201e-44
1991 6.04363e-44
1992 4.88059e-44
1993 3.94041e-44
1994 3.18058e-44
1995 2.56664e-44
1996 2.07071e-44
1997 1.6702e-44
1998 1.34683e-44
1999 1.0858e-44
2000 8.75152e-45
2001 7.05198e-45
2002 5.68112e-45
2003 4.57564e-45
2004 3.68438e-45
2005 2.96601e-45
2006 2.38712e-45
2007 1.92076e-45
2008 1.54514e-45
2009 1.24268e-45
2010 9.99183e-46
2011 8.0321e-46
2012 6.45521e-46
2013 5.1867e-46
2014 4.1665e-46
2015 3.34621e-46
2016 2.68682e-46
2017 2.15689e-46
2018 1.73112e-46
2019 1.38911e-46
2020 1.11446e-46
2021 8.93949e-47
2022 7.16952e-47
2023 5.74916e-47
2024 4.60964e-47
2025 3.69566e-47
2026 2.96276e-47
2027 2.3752e-47
2028 1.90428e-47
2029 1.52694e-47
2030 1.22466e-47
2031 9.82567e-48
2032 7.88731e-48
2033 6.33572e-48
2034 5.09406e-48
2035 4.10073e-48
2036 3.30631e-48
2037 2.6712e-48
2038 2.16367e-48
2039 1.75832e-48
2040 1.4348e-48
2041 1.17685e-48
2042 9.71482e-49
2043 8.08317e-49
2044 6.79105e-49
2045 5.77297e-49
2046 4.97722e-49
2047 4.36332e-49
