0 1.17314e-33
1 1.04323e-33
2 9.37737e-34
3 8.53381e-34
4 7.87983e-34
5 7.39575e-34
6 7.06552e-34
7 6.88029e-34
8 6.83501e-34
9 6.92628e-34
10 7.1558e-34
11 7.53026e-34
12 8.05958e-34
13 8.75302e-34
14 9.63283e-34
15 1.07253e-33
16 1.20541e-33
17 1.36565e-33
18 1.5574e-33
19 1.7861e-33
20 2.05754e-33
21 2.37836e-33
22 2.75767e-33
23 3.20545e-33
24 3.73289e-33
25 4.35358e-33
26 5.08532e-33
27 5.94579e-33
28 6.95544e-33
29 8.14337e-33
30 9.5391e-33
31 1.11772e-32
32 1.31022e-32
33 1.53614e-32
34 1.80107e-32
35 2.11183e-32
36 2.47646e-32
37 2.90405e-32
38 3.40521e-32
39 3.9926e-32
40 4.68074e-32
41 5.4869e-32
42 6.43144e-32
43 7.53728e-32
44 8.83164e-32
45 1.03468e-31
46 1.21195e-31
47 1.41939e-31
48 1.66205e-31
49 1.94571e-31
50 2.27747e-31
51 2.66515e-31
52 3.11819e-31
53 3.64772e-31
54 4.26591e-31
55 4.9883e-31
56 5.83165e-31
57 6.81569e-31
58 7.96447e-31
59 9.30517e-31
60 1.08694e-30
61 1.26928e-30
62 1.48191e-30
63 1.72993e-30
64 2.01888e-30
65 2.35559e-30
66 2.74814e-30
67 3.20506e-30
68 3.73723e-30
69 4.35687e-30
70 5.07806e-30
71 5.91736e-30
72 6.89383e-30
73 8.03028e-30
74 9.35099e-30
75 1.08872e-29
76 1.26734e-29
77 1.47488e-29
78 1.71607e-29
79 1.99621e-29
80 2.32162e-29
81 2.69939e-29
82 3.13815e-29
83 3.64728e-29
84 4.2381e-29
85 4.92384e-29
86 5.71877e-29
87 6.64074e-29
88 7.7099e-29
89 8.94918e-29
90 1.03855e-28
91 1.20495e-28
92 1.39773e-28
93 1.62102e-28
94 1.8795e-28
95 2.17877e-28
96 2.52517e-28
97 2.92593e-28
98 3.38966e-28
99 3.92603e-28
100 4.54624e-28
101 5.26332e-28
102 6.09216e-28
103 7.05006e-28
104 8.15678e-28
105 9.43522e-28
106 1.09117e-27
107 1.26164e-27
108 1.45843e-27
109 1.68556e-27
110 1.94765e-27
111 2.25e-27
112 2.59873e-27
113 3.00085e-27
114 3.46444e-27
115 3.99881e-27
116 4.61455e-27
117 5.32401e-27
118 6.14125e-27
119 7.08233e-27
120 8.16589e-27
121 9.41318e-27
122 1.08486e-26
123 1.25002e-26
124 1.44002e-26
125 1.65854e-26
126 1.90978e-26
127 2.19863e-26
128 2.53063e-26
129 2.91209e-26
130 3.35032e-26
131 3.85371e-26
132 4.43174e-26
133 5.09538e-26
134 5.85712e-26
135 6.73122e-26
136 7.73418e-26
137 8.88465e-26
138 1.0204e-25
139 1.17167e-25
140 1.34507e-25
141 1.54381e-25
142 1.77154e-25
143 2.0324e-25
144 2.33119e-25
145 2.67332e-25
146 3.06498e-25
147 3.51329e-25
148 4.0263e-25
149 4.61323e-25
150 5.28459e-25
151 6.05233e-25
152 6.93013e-25
153 7.93355e-25
154 9.0803e-25
155 1.03906e-24
156 1.18874e-24
157 1.35969e-24
158 1.55489e-24
159 1.77774e-24
160 2.03208e-24
161 2.32233e-24
162 2.65346e-24
163 3.03114e-24
164 3.46186e-24
165 3.95293e-24
166 4.51268e-24
167 5.1506e-24
168 5.87742e-24
169 6.70539e-24
170 7.64834e-24
171 8.72201e-24
172 9.94426e-24
173 1.13353e-23
174 1.29183e-23
175 1.4719e-23
176 1.67672e-23
177 1.90962e-23
178 2.17441e-23
179 2.47538e-23
180 2.8174e-23
181 3.20597e-23
182 3.64735e-23
183 4.1486e-23
184 4.71771e-23
185 5.36373e-23
186 6.09689e-23
187 6.92876e-23
188 7.87243e-23
189 8.9427e-23
190 1.01563e-22
191 1.1532e-22
192 1.30913e-22
193 1.48582e-22
194 1.686e-22
195 1.91272e-22
196 2.16948e-22
197 2.46017e-22
198 2.7892e-22
199 3.16156e-22
200 3.58287e-22
201 4.05944e-22
202 4.59843e-22
203 5.20786e-22
204 5.8968e-22
205 6.67544e-22
206 7.55529e-22
207 8.54929e-22
208 9.672e-22
209 1.09398e-21
210 1.23712e-21
211 1.39868e-21
212 1.58101e-21
213 1.78673e-21
214 2.01879e-21
215 2.2805e-21
216 2.5756e-21
217 2.90825e-21
218 3.28318e-21
219 3.70565e-21
220 4.18159e-21
221 4.71765e-21
222 5.3213e-21
223 6.00092e-21
224 6.76588e-21
225 7.62672e-21
226 8.59526e-21
227 9.68471e-21
228 1.09099e-20
229 1.22875e-20
230 1.3836e-20
231 1.55764e-20
232 1.75318e-20
233 1.97285e-20
234 2.21957e-20
235 2.4966e-20
236 2.80761e-20
237 3.15667e-20
238 3.54836e-20
239 3.9878e-20
240 4.48068e-20
241 5.03339e-20
242 5.65307e-20
243 6.34765e-20
244 7.12604e-20
245 7.99815e-20
246 8.97505e-20
247 1.00691e-19
248 1.12941e-19
249 1.26653e-19
250 1.42e-19
251 1.59173e-19
252 1.78383e-19
253 1.9987e-19
254 2.23896e-19
255 2.50757e-19
256 2.80781e-19
257 3.14332e-19
258 3.51817e-19
259 3.93689e-19
260 4.4045e-19
261 4.92661e-19
262 5.50944e-19
263 6.15992e-19
264 6.88574e-19
265 7.69546e-19
266 8.59858e-19
267 9.60566e-19
268 1.07284e-18
269 1.19799e-18
270 1.33746e-18
271 1.49284e-18
272 1.66593e-18
273 1.8587e-18
274 2.07333e-18
275 2.31226e-18
276 2.57818e-18
277 2.87408e-18
278 3.20326e-18
279 3.56938e-18
280 3.97651e-18
281 4.42914e-18
282 4.93224e-18
283 5.49132e-18
284 6.11247e-18
285 6.80242e-18
286 7.56865e-18
287 8.41937e-18
288 9.36371e-18
289 1.04117e-17
290 1.15746e-17
291 1.28645e-17
292 1.42951e-17
293 1.58814e-17
294 1.76399e-17
295 1.95888e-17
296 2.17484e-17
297 2.41408e-17
298 2.67906e-17
299 2.97249e-17
300 3.29733e-17
301 3.65689e-17
302 4.05477e-17
303 4.49497e-17
304 4.98189e-17
305 5.52036e-17
306 6.11571e-17
307 6.7738e-17
308 7.5011e-17
309 8.3047e-17
310 9.19242e-17
311 1.01729e-16
312 1.12555e-16
313 1.24506e-16
314 1.37698e-16
315 1.52254e-16
316 1.68314e-16
317 1.86029e-16
318 2.05565e-16
319 2.27104e-16
320 2.50848e-16
321 2.77016e-16
322 3.0585e-16
323 3.37614e-16
324 3.726e-16
325 4.11125e-16
326 4.5354e-16
327 5.00226e-16
328 5.51604e-16
329 6.08132e-16
330 6.70313e-16
331 7.387e-16
332 8.13894e-16
333 8.96556e-16
334 9.87407e-16
335 1.08724e-15
336 1.19691e-15
337 1.31738e-15
338 1.44966e-15
339 1.59489e-15
340 1.75431e-15
341 1.92925e-15
342 2.12119e-15
343 2.33173e-15
344 2.56262e-15
345 2.81578e-15
346 3.09329e-15
347 3.39742e-15
348 3.73065e-15
349 4.09569e-15
350 4.49548e-15
351 4.93322e-15
352 5.41242e-15
353 5.93689e-15
354 6.51076e-15
355 7.13855e-15
356 7.82517e-15
357 8.57596e-15
358 9.39674e-15
359 1.02938e-14
360 1.12741e-14
361 1.2345e-14
362 1.35148e-14
363 1.47921e-14
364 1.61867e-14
365 1.77088e-14
366 1.93699e-14
367 2.11823e-14
368 2.31592e-14
369 2.53152e-14
370 2.76659e-14
371 3.02285e-14
372 3.30214e-14
373 3.60646e-14
374 3.938e-14
375 4.29911e-14
376 4.69234e-14
377 5.12047e-14
378 5.58649e-14
379 6.09366e-14
380 6.64549e-14
381 7.2458e-14
382 7.89872e-14
383 8.60869e-14
384 9.38056e-14
385 1.02196e-13
386 1.11313e-13
387 1.2122e-13
388 1.31981e-13
389 1.43668e-13
390 1.56359e-13
391 1.70136e-13
392 1.8509e-13
393 2.01317e-13
394 2.18922e-13
395 2.38019e-13
396 2.58729e-13
397 2.81183e-13
398 3.05524e-13
399 3.31904e-13
400 3.60487e-13
401 3.91451e-13
402 4.24987e-13
403 4.61299e-13
404 5.0061e-13
405 5.43157e-13
406 5.89196e-13
407 6.39002e-13
408 6.92871e-13
409 7.5112e-13
410 8.14092e-13
411 8.82152e-13
412 9.55696e-13
413 1.03515e-12
414 1.12096e-12
415 1.21361e-12
416 1.31364e-12
417 1.4216e-12
418 1.53809e-12
419 1.66376e-12
420 1.7993e-12
421 1.94545e-12
422 2.103e-12
423 2.2728e-12
424 2.45577e-12
425 2.65288e-12
426 2.86518e-12
427 3.09377e-12
428 3.33987e-12
429 3.60475e-12
430 3.88978e-12
431 4.19642e-12
432 4.52626e-12
433 4.88096e-12
434 5.26232e-12
435 5.67226e-12
436 6.11283e-12
437 6.58621e-12
438 7.09476e-12
439 7.64098e-12
440 8.22754e-12
441 8.8573e-12
442 9.53329e-12
443 1.02588e-11
444 1.10373e-11
445 1.18724e-11
446 1.27682e-11
447 1.37289e-11
448 1.4759e-11
449 1.58632e-11
450 1.70466e-11
451 1.83149e-11
452 1.96736e-11
453 2.11291e-11
454 2.26879e-11
455 2.4357e-11
456 2.61439e-11
457 2.80564e-11
458 3.01031e-11
459 3.22929e-11
460 3.46354e-11
461 3.71405e-11
462 3.98191e-11
463 4.26826e-11
464 4.57431e-11
465 4.90133e-11
466 5.25069e-11
467 5.62383e-11
468 6.02227e-11
469 6.44764e-11
470 6.90163e-11
471 7.38607e-11
472 7.90286e-11
473 8.45404e-11
474 9.04173e-11
475 9.66821e-11
476 1.03359e-10
477 1.10472e-10
478 1.18049e-10
479 1.26118e-10
480 1.34708e-10
481 1.43851e-10
482 1.53579e-10
483 1.63928e-10
484 1.74934e-10
485 1.86636e-10
486 1.99074e-10
487 2.12292e-10
488 2.26334e-10
489 2.41248e-10
490 2.57085e-10
491 2.73897e-10
492 2.91739e-10
493 3.10671e-10
494 3.30754e-10
495 3.52052e-10
496 3.74635e-10
497 3.98574e-10
498 4.23945e-10
499 4.50828e-10
500 4.79307e-10
501 5.09469e-10
502 5.41409e-10
503 5.75224e-10
504 6.11018e-10
505 6.48898e-10
506 6.8898e-10
507 7.31384e-10
508 7.76237e-10
509 8.23672e-10
510 8.73829e-10
511 9.26857e-10
512 9.8291e-10
513 1.04215e-09
514 1.10476e-09
515 1.1709e-09
516 1.24078e-09
517 1.31459e-09
518 1.39255e-09
519 1.47486e-09
520 1.56177e-09
521 1.65352e-09
522 1.75036e-09
523 1.85256e-09
524 1.9604e-09
525 2.07417e-09
526 2.19418e-09
527 2.32075e-09
528 2.45422e-09
529 2.59494e-09
530 2.74327e-09
531 2.8996e-09
532 3.06433e-09
533 3.23786e-09
534 3.42064e-09
535 3.61311e-09
536 3.81575e-09
537 4.02903e-09
538 4.25346e-09
539 4.48956e-09
540 4.73789e-09
541 4.99899e-09
542 5.27344e-09
543 5.56186e-09
544 5.86486e-09
545 6.18307e-09
546 6.51717e-09
547 6.86782e-09
548 7.23574e-09
549 7.62165e-09
550 8.02628e-09
551 8.4504e-09
552 8.89479e-09
553 9.36027e-09
554 9.84767e-09
555 1.03578e-08
556 1.08916e-08
557 1.14499e-08
558 1.20337e-08
559 1.26439e-08
560 1.32814e-08
561 1.39473e-08
562 1.46425e-08
563 1.53682e-08
564 1.61254e-08
565 1.69152e-08
566 1.77388e-08
567 1.85972e-08
568 1.94919e-08
569 2.04239e-08
570 2.13945e-08
571 2.24052e-08
572 2.34572e-08
573 2.45521e-08
574 2.56912e-08
575 2.68762e-08
576 2.81086e-08
577 2.939e-08
578 3.07223e-08
579 3.21072e-08
580 3.35466e-08
581 3.50425e-08
582 3.65969e-08
583 3.82119e-08
584 3.98899e-08
585 4.16332e-08
586 4.34442e-08
587 4.53255e-08
588 4.72799e-08
589 4.93101e-08
590 5.14191e-08
591 5.361e-08
592 5.58861e-08
593 5.82507e-08
594 6.07074e-08
595 6.32598e-08
596 6.59119e-08
597 6.86676e-08
598 7.15311e-08
599 7.45068e-08
600 7.7599e-08
601 8.08125e-08
602 8.41522e-08
603 8.76228e-08
604 9.12297e-08
605 9.49779e-08
606 9.8873e-08
607 1.0292e-07
608 1.07126e-07
609 1.11495e-07
610 1.16034e-07
611 1.20748e-07
612 1.25644e-07
613 1.30727e-07
614 1.36004e-07
615 1.4148e-07
616 1.47162e-07
617 1.53056e-07
618 1.59167e-07
619 1.65501e-07
620 1.72065e-07
621 1.78863e-07
622 1.85901e-07
623 1.93184e-07
624 2.00717e-07
625 2.08504e-07
626 2.1655e-07
627 2.24859e-07
628 2.33434e-07
629 2.42278e-07
630 2.51394e-07
631 2.60785e-07
632 2.70451e-07
633 2.80395e-07
634 2.90616e-07
635 3.01115e-07
636 3.11891e-07
637 3.22943e-07
638 3.34269e-07
639 3.45867e-07
640 3.57734e-07
641 3.69866e-07
642 3.82259e-07
643 3.94908e-07
644 4.07807e-07
645 4.2095e-07
646 4.34331e-07
647 4.47942e-07
648 4.61776e-07
649 4.75826e-07
650 4.90082e-07
651 5.04536e-07
652 5.19179e-07
653 5.34003e-07
654 5.48998e-07
655 5.64156e-07
656 5.79468e-07
657 5.94925e-07
658 6.10519e-07
659 6.26242e-07
660 6.42089e-07
661 6.58052e-07
662 6.74127e-07
663 6.90308e-07
664 7.06594e-07
665 7.22983e-07
666 7.39474e-07
667 7.56069e-07
668 7.72771e-07
669 7.89586e-07
670 8.0652e-07
671 8.23583e-07
672 8.40788e-07
673 8.58148e-07
674 8.7568e-07
675 8.93405e-07
676 9.11344e-07
677 9.29523e-07
678 9.47971e-07
679 9.66718e-07
680 9.858e-07
681 1.00525e-06
682 1.02512e-06
683 1.04545e-06
684 1.06627e-06
685 1.08766e-06
686 1.10965e-06
687 1.1323e-06
688 1.15567e-06
689 1.17983e-06
690 1.20484e-06
691 1.23075e-06
692 1.25765e-06
693 1.2856e-06
694 1.31467e-06
695 1.34494e-06
696 1.37647e-06
697 1.40934e-06
698 1.44363e-06
699 1.47941e-06
700 1.51674e-06
701 1.55571e-06
702 1.59638e-06
703 1.63881e-06
704 1.68307e-06
705 1.72923e-06
706 1.77734e-06
707 1.82744e-06
708 1.8796e-06
709 1.93385e-06
710 1.99022e-06
711 2.04875e-06
712 2.10945e-06
713 2.17234e-06
714 2.23742e-06
715 2.30469e-06
716 2.37414e-06
717 2.44574e-06
718 2.51945e-06
719 2.59523e-06
720 2.67302e-06
721 2.75276e-06
722 2.83435e-06
723 2.91771e-06
724 3.00272e-06
725 3.08928e-06
726 3.17723e-06
727 3.26644e-06
728 3.35675e-06
729 3.44797e-06
730 3.53993e-06
731 3.63242e-06
732 3.72524e-06
733 3.81814e-06
734 3.9109e-06
735 4.00327e-06
736 4.09498e-06
737 4.18577e-06
738 4.27534e-06
739 4.36342e-06
740 4.4497e-06
741 4.53387e-06
742 4.61563e-06
743 4.69466e-06
744 4.77062e-06
745 4.84321e-06
746 4.9121e-06
747 4.97695e-06
748 5.03744e-06
749 5.09325e-06
750 5.14407e-06
751 5.18958e-06
752 5.22947e-06
753 5.26345e-06
754 5.29124e-06
755 5.31257e-06
756 5.32717e-06
757 5.33481e-06
758 5.33525e-06
759 5.32831e-06
760 5.31378e-06
761 5.29152e-06
762 5.26139e-06
763 5.22328e-06
764 5.1771e-06
765 5.12281e-06
766 5.06038e-06
767 4.98983e-06
768 4.91121e-06
769 4.82459e-06
770 4.73008e-06
771 4.62786e-06
772 4.5181e-06
773 4.40105e-06
774 4.27697e-06
775 4.14618e-06
776 4.00904e-06
777 3.86594e-06
778 3.71733e-06
779 3.56368e-06
780 3.40553e-06
781 3.24344e-06
782 3.07803e-06
783 2.90994e-06
784 2.73986e-06
785 2.56855e-06
786 2.39676e-06
787 2.22531e-06
788 2.05506e-06
789 1.88689e-06
790 1.72172e-06
791 1.56052e-06
792 1.40428e-06
793 1.25401e-06
794 1.11076e-06
795 9.7561e-07
796 8.49657e-07
797 7.34024e-07
798 6.29852e-07
799 5.38301e-07
800 4.60544e-07
801 3.9777e-07
802 3.51173e-07
803 3.2196e-07
804 3.11337e-07
805 3.20516e-07
806 3.50707e-07
807 4.03114e-07
808 4.78938e-07
809 5.7937e-07
810 7.05587e-07
811 8.58755e-07
812 1.04002e-06
813 1.25051e-06
814 1.49133e-06
815 1.76356e-06
816 2.06826e-06
817 2.40645e-06
818 2.77913e-06
819 3.18724e-06
820 3.63173e-06
821 4.11348e-06
822 4.63334e-06
823 5.19213e-06
824 5.7906e-06
825 6.4295e-06
826 7.1095e-06
827 7.83125e-06
828 8.59534e-06
829 9.40234e-06
830 1.02528e-05
831 1.1147e-05
832 1.20856e-05
833 1.30689e-05
834 1.40971e-05
835 1.51707e-05
836 1.62899e-05
837 1.74548e-05
838 1.86657e-05
839 1.99226e-05
840 2.12258e-05
841 2.25752e-05
842 2.3971e-05
843 2.54132e-05
844 2.69017e-05
845 2.84365e-05
846 3.00177e-05
847 3.16451e-05
848 3.33187e-05
849 3.50384e-05
850 3.68042e-05
851 3.8616e-05
852 4.04737e-05
853 4.23773e-05
854 4.43268e-05
855 4.63221e-05
856 4.83633e-05
857 5.04504e-05
858 5.25835e-05
859 5.47627e-05
860 5.69881e-05
861 5.926e-05
862 6.15786e-05
863 6.39442e-05
864 6.63573e-05
865 6.88182e-05
866 7.13276e-05
867 7.38859e-05
868 7.6494e-05
869 7.91525e-05
870 8.18624e-05
871 8.46247e-05
872 8.74404e-05
873 9.03106e-05
874 9.32368e-05
875 9.62203e-05
876 9.92627e-05
877 0.000102366
878 0.000105531
879 0.00010876
880 0.000112056
881 0.00011542
882 0.000118856
883 0.000122365
884 0.000125949
885 0.000129613
886 0.000133359
887 0.000137189
888 0.000141108
889 0.000145119
890 0.000149225
891 0.000153431
892 0.00015774
893 0.000162156
894 0.000166684
895 0.000171328
896 0.000176093
897 0.000180984
898 0.000186006
899 0.000191164
900 0.000196464
901 0.000201911
902 0.00020751
903 0.000213269
904 0.000219193
905 0.000225288
906 0.000231561
907 0.000238019
908 0.000244668
909 0.000251516
910 0.00025857
911 0.000265837
912 0.000273324
913 0.00028104
914 0.000288993
915 0.00029719
916 0.00030564
917 0.000314352
918 0.000323333
919 0.000332593
920 0.000342141
921 0.000351985
922 0.000362135
923 0.0003726
924 0.000383391
925 0.000394515
926 0.000405984
927 0.000417808
928 0.000429995
929 0.000442558
930 0.000455505
931 0.000468848
932 0.000482597
933 0.000496763
934 0.000511357
935 0.000526389
936 0.000541871
937 0.000557814
938 0.00057423
939 0.000591129
940 0.000608523
941 0.000626424
942 0.000644844
943 0.000663794
944 0.000683285
945 0.000703331
946 0.000723943
947 0.000745133
948 0.000766913
949 0.000789295
950 0.000812292
951 0.000835915
952 0.000860178
953 0.000885092
954 0.000910671
955 0.000936925
956 0.000963869
957 0.000991513
958 0.00101987
959 0.00104896
960 0.00107878
961 0.00110936
962 0.00114069
963 0.00117281
964 0.00120571
965 0.00123942
966 0.00127394
967 0.00130928
968 0.00134547
969 0.0013825
970 0.0014204
971 0.00145917
972 0.00149883
973 0.00153939
974 0.00158086
975 0.00162326
976 0.00166659
977 0.00171086
978 0.0017561
979 0.0018023
980 0.00184949
981 0.00189767
982 0.00194685
983 0.00199704
984 0.00204827
985 0.00210052
986 0.00215382
987 0.00220818
988 0.00226361
989 0.00232011
990 0.0023777
991 0.00243638
992 0.00249617
993 0.00255707
994 0.00261909
995 0.00268224
996 0.00274653
997 0.00281197
998 0.00287856
999 0.00294631
1000 0.00301523
1001 0.00308532
1002 0.0031566
1003 0.00322906
1004 0.00330272
1005 0.00337757
1006 0.00345363
1007 0.00353089
1008 0.00360936
1009 0.00368905
1010 0.00376996
1011 0.00385209
1012 0.00393544
1013 0.00402002
1014 0.00410582
1015 0.00419285
1016 0.00428112
1017 0.0043706
1018 0.00446132
1019 0.00455326
1020 0.00464643
1021 0.00474083
1022 0.00483644
1023 0.00493327
1024 0.00503131
1025 0.00513057
1026 0.00523103
1027 0.00533268
1028 0.00543553
1029 0.00553957
1030 0.00564479
1031 0.00575117
1032 0.00585872
1033 0.00596742
1034 0.00607727
1035 0.00618825
1036 0.00630035
1037 0.00641355
1038 0.00652786
1039 0.00664325
1040 0.00675971
1041 0.00687722
1042 0.00699577
1043 0.00711535
1044 0.00723593
1045 0.0073575
1046 0.00748004
1047 0.00760353
1048 0.00772795
1049 0.00785329
1050 0.00797951
1051 0.00810661
1052 0.00823455
1053 0.00836331
1054 0.00849287
1055 0.0086232
1056 0.00875427
1057 0.00888607
1058 0.00901857
1059 0.00915173
1060 0.00928552
1061 0.00941993
1062 0.00955491
1063 0.00969044
1064 0.00982649
1065 0.00996302
1066 0.0101
1067 0.0102374
1068 0.0103752
1069 0.0105133
1070 0.0106518
1071 0.0107905
1072 0.0109295
1073 0.0110687
1074 0.011208
1075 0.0113475
1076 0.011487
1077 0.0116266
1078 0.0117662
1079 0.0119058
1080 0.0120453
1081 0.0121847
1082 0.012324
1083 0.012463
1084 0.0126018
1085 0.0127403
1086 0.0128785
1087 0.0130163
1088 0.0131537
1089 0.0132907
1090 0.0134271
1091 0.013563
1092 0.0136982
1093 0.0138329
1094 0.0139668
1095 0.0141
1096 0.0142324
1097 0.014364
1098 0.0144947
1099 0.0146245
1100 0.0147533
1101 0.0148811
1102 0.0150078
1103 0.0151334
1104 0.0152578
1105 0.0153811
1106 0.0155031
1107 0.0156237
1108 0.0157431
1109 0.015861
1110 0.0159775
1111 0.0160925
1112 0.016206
1113 0.0163179
1114 0.0164282
1115 0.0165368
1116 0.0166437
1117 0.0167488
1118 0.0168522
1119 0.0169537
1120 0.0170533
1121 0.017151
1122 0.0172467
1123 0.0173405
1124 0.0174321
1125 0.0175217
1126 0.0176092
1127 0.0176945
1128 0.0177776
1129 0.0178584
1130 0.017937
1131 0.0180133
1132 0.0180872
1133 0.0181588
1134 0.0182279
1135 0.0182946
1136 0.0183588
1137 0.0184206
1138 0.0184798
1139 0.0185364
1140 0.0185905
1141 0.018642
1142 0.0186908
1143 0.018737
1144 0.0187805
1145 0.0188213
1146 0.0188593
1147 0.0188947
1148 0.0189273
1149 0.0189571
1150 0.0189841
1151 0.0190083
1152 0.0190298
1153 0.0190484
1154 0.0190641
1155 0.019077
1156 0.0190871
1157 0.0190943
1158 0.0190986
1159 0.0191001
1160 0.0190987
1161 0.0190944
1162 0.0190873
1163 0.0190772
1164 0.0190644
1165 0.0190486
1166 0.01903
1167 0.0190085
1168 0.0189842
1169 0.0189571
1170 0.0189271
1171 0.0188944
1172 0.0188588
1173 0.0188204
1174 0.0187793
1175 0.0187353
1176 0.0186887
1177 0.0186393
1178 0.0185873
1179 0.0185325
1180 0.0184752
1181 0.0184151
1182 0.0183525
1183 0.0182873
1184 0.0182195
1185 0.0181492
1186 0.0180764
1187 0.0180011
1188 0.0179234
1189 0.0178433
1190 0.0177609
1191 0.017676
1192 0.0175889
1193 0.0174995
1194 0.0174079
1195 0.0173141
1196 0.0172182
1197 0.0171201
1198 0.0170199
1199 0.0169177
1200 0.0168136
1201 0.0167074
1202 0.0165994
1203 0.0164895
1204 0.0163778
1205 0.0162643
1206 0.0161491
1207 0.0160322
1208 0.0159137
1209 0.0157935
1210 0.0156718
1211 0.0155487
1212 0.0154241
1213 0.015298
1214 0.0151707
1215 0.015042
1216 0.0149121
1217 0.0147809
1218 0.0146487
1219 0.0145153
1220 0.0143808
1221 0.0142454
1222 0.014109
1223 0.0139717
1224 0.0138335
1225 0.0136945
1226 0.0135548
1227 0.0134143
1228 0.0132733
1229 0.0131316
1230 0.0129893
1231 0.0128465
1232 0.0127033
1233 0.0125597
1234 0.0124157
1235 0.0122713
1236 0.0121268
1237 0.0119819
1238 0.011837
1239 0.0116919
1240 0.0115467
1241 0.0114014
1242 0.0112562
1243 0.0111111
1244 0.010966
1245 0.0108211
1246 0.0106764
1247 0.0105318
1248 0.0103876
1249 0.0102437
1250 0.0101001
1251 0.00995691
1252 0.00981416
1253 0.00967187
1254 0.00953009
1255 0.00938885
1256 0.00924819
1257 0.00910814
1258 0.00896875
1259 0.00883004
1260 0.00869204
1261 0.0085548
1262 0.00841834
1263 0.00828269
1264 0.00814788
1265 0.00801394
1266 0.0078809
1267 0.00774879
1268 0.00761764
1269 0.00748746
1270 0.00735829
1271 0.00723015
1272 0.00710306
1273 0.00697704
1274 0.00685212
1275 0.00672832
1276 0.00660565
1277 0.00648414
1278 0.0063638
1279 0.00624465
1280 0.00612671
1281 0.00601
1282 0.00589452
1283 0.00578029
1284 0.00566732
1285 0.00555563
1286 0.00544523
1287 0.00533613
1288 0.00522833
1289 0.00512185
1290 0.0050167
1291 0.00491287
1292 0.00481039
1293 0.00470925
1294 0.00460946
1295 0.00451102
1296 0.00441394
1297 0.00431822
1298 0.00422386
1299 0.00413086
1300 0.00403923
1301 0.00394896
1302 0.00386005
1303 0.00377251
1304 0.00368633
1305 0.0036015
1306 0.00351803
1307 0.00343591
1308 0.00335514
1309 0.00327571
1310 0.00319761
1311 0.00312085
1312 0.00304541
1313 0.00297128
1314 0.00289847
1315 0.00282696
1316 0.00275674
1317 0.00268781
1318 0.00262015
1319 0.00255376
1320 0.00248862
1321 0.00242473
1322 0.00236208
1323 0.00230065
1324 0.00224043
1325 0.00218142
1326 0.00212359
1327 0.00206695
1328 0.00201147
1329 0.00195714
1330 0.00190395
1331 0.00185188
1332 0.00180093
1333 0.00175108
1334 0.00170231
1335 0.00165462
1336 0.00160799
1337 0.0015624
1338 0.00151783
1339 0.00147429
1340 0.00143174
1341 0.00139018
1342 0.0013496
1343 0.00130997
1344 0.00127128
1345 0.00123352
1346 0.00119667
1347 0.00116072
1348 0.00112566
1349 0.00109146
1350 0.00105812
1351 0.00102561
1352 0.000993934
1353 0.000963063
1354 0.000932988
1355 0.000903693
1356 0.000875164
1357 0.000847387
1358 0.000820346
1359 0.000794029
1360 0.00076842
1361 0.000743506
1362 0.000719272
1363 0.000695705
1364 0.000672791
1365 0.000650516
1366 0.000628867
1367 0.000607831
1368 0.000587394
1369 0.000567543
1370 0.000548266
1371 0.000529549
1372 0.000511379
1373 0.000493745
1374 0.000476634
1375 0.000460033
1376 0.000443932
1377 0.000428317
1378 0.000413177
1379 0.000398501
1380 0.000384277
1381 0.000370495
1382 0.000357142
1383 0.000344209
1384 0.000331684
1385 0.000319558
1386 0.000307819
1387 0.000296459
1388 0.000285466
1389 0.00027483
1390 0.000264544
1391 0.000254596
1392 0.000244978
1393 0.000235681
1394 0.000226695
1395 0.000218013
1396 0.000209625
1397 0.000201523
1398 0.000193699
1399 0.000186146
1400 0.000178854
1401 0.000171816
1402 0.000165026
1403 0.000158475
1404 0.000152156
1405 0.000146063
1406 0.000140188
1407 0.000134525
1408 0.000129067
1409 0.000123808
1410 0.000118742
1411 0.000113862
1412 0.000109163
1413 0.000104638
1414 0.000100283
1415 9.60917e-05
1416 9.20585e-05
1417 8.81784e-05
1418 8.44464e-05
1419 8.08575e-05
1420 7.7407e-05
1421 7.40901e-05
1422 7.09024e-05
1423 6.78393e-05
1424 6.48967e-05
1425 6.20703e-05
1426 5.93561e-05
1427 5.67501e-05
1428 5.42486e-05
1429 5.18478e-05
1430 4.95441e-05
1431 4.7334e-05
1432 4.52142e-05
1433 4.31814e-05
1434 4.12323e-05
1435 3.9364e-05
1436 3.75733e-05
1437 3.58575e-05
1438 3.42137e-05
1439 3.26393e-05
1440 3.11315e-05
1441 2.96879e-05
1442 2.83059e-05
1443 2.69833e-05
1444 2.57177e-05
1445 2.45069e-05
1446 2.33488e-05
1447 2.22413e-05
1448 2.11823e-05
1449 2.017e-05
1450 1.92025e-05
1451 1.82781e-05
1452 1.73948e-05
1453 1.65512e-05
1454 1.57455e-05
1455 1.49763e-05
1456 1.42419e-05
1457 1.35411e-05
1458 1.28723e-05
1459 1.22342e-05
1460 1.16256e-05
1461 1.10452e-05
1462 1.04918e-05
1463 9.96429e-06
1464 9.46149e-06
1465 8.98237e-06
1466 8.52591e-06
1467 8.09111e-06
1468 7.67705e-06
1469 7.28279e-06
1470 6.90749e-06
1471 6.55028e-06
1472 6.21037e-06
1473 5.88699e-06
1474 5.57939e-06
1475 5.28686e-06
1476 5.00872e-06
1477 4.74432e-06
1478 4.49302e-06
1479 4.25422e-06
1480 4.02735e-06
1481 3.81186e-06
1482 3.60721e-06
1483 3.4129e-06
1484 3.22844e-06
1485 3.05337e-06
1486 2.88725e-06
1487 2.72964e-06
1488 2.58015e-06
1489 2.43838e-06
1490 2.30396e-06
1491 2.17653e-06
1492 2.05577e-06
1493 1.94133e-06
1494 1.83291e-06
1495 1.73022e-06
1496 1.63296e-06
1497 1.54088e-06
1498 1.45372e-06
1499 1.37122e-06
1500 1.29316e-06
1501 1.21931e-06
1502 1.14946e-06
1503 1.0834e-06
1504 1.02094e-06
1505 9.61898e-07
1506 9.06097e-07
1507 8.5337e-07
1508 8.03557e-07
1509 7.56506e-07
1510 7.12074e-07
1511 6.70123e-07
1512 6.30522e-07
1513 5.93148e-07
1514 5.57881e-07
1515 5.24611e-07
1516 4.9323e-07
1517 4.63637e-07
1518 4.35735e-07
1519 4.09434e-07
1520 3.84646e-07
1521 3.6129e-07
1522 3.39286e-07
1523 3.18561e-07
1524 2.99044e-07
1525 2.80668e-07
1526 2.63371e-07
1527 2.47092e-07
1528 2.31775e-07
1529 2.17364e-07
1530 2.03811e-07
1531 1.91065e-07
1532 1.79082e-07
1533 1.67818e-07
1534 1.57232e-07
1535 1.47285e-07
1536 1.37941e-07
1537 1.29164e-07
1538 1.20922e-07
1539 1.13184e-07
1540 1.05921e-07
1541 9.91043e-08
1542 9.27084e-08
1543 8.67084e-08
1544 8.10809e-08
1545 7.58038e-08
1546 7.08564e-08
1547 6.6219e-08
1548 6.18729e-08
1549 5.78009e-08
1550 5.39862e-08
1551 5.04135e-08
1552 4.7068e-08
1553 4.39359e-08
1554 4.10042e-08
1555 3.82606e-08
1556 3.56936e-08
1557 3.32924e-08
1558 3.10465e-08
1559 2.89465e-08
1560 2.69833e-08
1561 2.51482e-08
1562 2.34334e-08
1563 2.18312e-08
1564 2.03346e-08
1565 1.89368e-08
1566 1.76317e-08
1567 1.64133e-08
1568 1.52761e-08
1569 1.42148e-08
1570 1.32247e-08
1571 1.23012e-08
1572 1.14399e-08
1573 1.06368e-08
1574 9.8881e-09
1575 9.19032e-09
1576 8.54009e-09
1577 7.93431e-09
1578 7.37004e-09
1579 6.84456e-09
1580 6.35528e-09
1581 5.89982e-09
1582 5.47592e-09
1583 5.08148e-09
1584 4.71451e-09
1585 4.37318e-09
1586 4.05577e-09
1587 3.76065e-09
1588 3.48631e-09
1589 3.23135e-09
1590 2.99444e-09
1591 2.77435e-09
1592 2.56993e-09
1593 2.3801e-09
1594 2.20385e-09
1595 2.04025e-09
1596 1.88843e-09
1597 1.74755e-09
1598 1.61686e-09
1599 1.49565e-09
1600 1.38325e-09
1601 1.27904e-09
1602 1.18245e-09
1603 1.09294e-09
1604 1.01e-09
1605 9.33169e-10
1606 8.62011e-10
1607 7.96121e-10
1608 7.35121e-10
1609 6.7866e-10
1610 6.26411e-10
1611 5.78068e-10
1612 5.33351e-10
1613 4.91994e-10
1614 4.53753e-10
1615 4.18402e-10
1616 3.85727e-10
1617 3.55533e-10
1618 3.27637e-10
1619 3.0187e-10
1620 2.78073e-10
1621 2.56101e-10
1622 2.35818e-10
1623 2.17098e-10
1624 1.99824e-10
1625 1.83887e-10
1626 1.69188e-10
1627 1.55633e-10
1628 1.43134e-10
1629 1.31614e-10
1630 1.20996e-10
1631 1.11212e-10
1632 1.02199e-10
1633 9.38978e-11
1634 8.62534e-11
1635 7.92155e-11
1636 7.27372e-11
1637 6.67752e-11
1638 6.12897e-11
1639 5.62435e-11
1640 5.16023e-11
1641 4.73347e-11
1642 4.34112e-11
1643 3.9805e-11
1644 3.6491e-11
1645 3.34461e-11
1646 3.06492e-11
1647 2.80805e-11
1648 2.57219e-11
1649 2.35567e-11
1650 2.15694e-11
1651 1.97457e-11
1652 1.80726e-11
1653 1.6538e-11
1654 1.51306e-11
1655 1.38401e-11
1656 1.26572e-11
1657 1.15731e-11
1658 1.05796e-11
1659 9.66954e-12
1660 8.83595e-12
1661 8.07258e-12
1662 7.37368e-12
1663 6.73392e-12
1664 6.14842e-12
1665 5.6127e-12
1666 5.12262e-12
1667 4.67438e-12
1668 4.26451e-12
1669 3.88978e-12
1670 3.54726e-12
1671 3.23425e-12
1672 2.94826e-12
1673 2.68702e-12
1674 2.44842e-12
1675 2.23056e-12
1676 2.03168e-12
1677 1.85015e-12
1678 1.6845e-12
1679 1.53336e-12
1680 1.39551e-12
1681 1.26979e-12
1682 1.15516e-12
1683 1.05066e-12
1684 9.55427e-13
1685 8.68646e-13
1686 7.89587e-13
1687 7.17577e-13
1688 6.52002e-13
1689 5.92299e-13
1690 5.37953e-13
1691 4.88494e-13
1692 4.43491e-13
1693 4.02553e-13
1694 3.65319e-13
1695 3.31461e-13
1696 3.0068e-13
1697 2.72702e-13
1698 2.47277e-13
1699 2.24176e-13
1700 2.03192e-13
1701 1.84135e-13
1702 1.66831e-13
1703 1.51122e-13
1704 1.36865e-13
1705 1.23927e-13
1706 1.12189e-13
1707 1.01542e-13
1708 9.18873e-14
1709 8.31332e-14
1710 7.51978e-14
1711 6.80059e-14
1712 6.14893e-14
1713 5.55857e-14
1714 5.02387e-14
1715 4.53967e-14
1716 4.1013e-14
1717 3.7045e-14
1718 3.34541e-14
1719 3.0205e-14
1720 2.72659e-14
1721 2.46078e-14
1722 2.22043e-14
1723 2.00314e-14
1724 1.80674e-14
1725 1.62926e-14
1726 1.46892e-14
1727 1.32409e-14
1728 1.19329e-14
1729 1.07519e-14
1730 9.68579e-15
1731 8.7236e-15
1732 7.85539e-15
1733 7.07213e-15
1734 6.36566e-15
1735 5.72858e-15
1736 5.15421e-15
1737 4.63647e-15
1738 4.16987e-15
1739 3.74946e-15
1740 3.37075e-15
1741 3.02966e-15
1742 2.72252e-15
1743 2.44602e-15
1744 2.19715e-15
1745 1.97319e-15
1746 1.7717e-15
1747 1.59045e-15
1748 1.42745e-15
1749 1.28089e-15
1750 1.14914e-15
1751 1.03073e-15
1752 9.24331e-16
1753 8.28744e-16
1754 7.42888e-16
1755 6.65789e-16
1756 5.96569e-16
1757 5.34434e-16
1758 4.78673e-16
1759 4.2864e-16
1760 3.83758e-16
1761 3.43505e-16
1762 3.0741e-16
1763 2.75051e-16
1764 2.46047e-16
1765 2.20057e-16
1766 1.96771e-16
1767 1.75912e-16
1768 1.57232e-16
1769 1.40507e-16
1770 1.25535e-16
1771 1.12135e-16
1772 1.00145e-16
1773 8.94179e-17
1774 7.98235e-17
1775 7.12439e-17
1776 6.35732e-17
1777 5.67167e-17
1778 5.05891e-17
1779 4.51142e-17
1780 4.02235e-17
1781 3.58556e-17
1782 3.19553e-17
1783 2.84734e-17
1784 2.53656e-17
1785 2.25923e-17
1786 2.01181e-17
1787 1.79111e-17
1788 1.59429e-17
1789 1.4188e-17
1790 1.26237e-17
1791 1.12295e-17
1792 9.98725e-18
1793 8.88055e-18
1794 7.89484e-18
1795 7.01708e-18
1796 6.23562e-18
1797 5.54003e-18
1798 4.92101e-18
1799 4.37024e-18
1800 3.88031e-18
1801 3.44459e-18
1802 3.05716e-18
1803 2.71274e-18
1804 2.40662e-18
1805 2.1346e-18
1806 1.89293e-18
1807 1.67827e-18
1808 1.48764e-18
1809 1.31839e-18
1810 1.16816e-18
1811 1.03482e-18
1812 9.16519e-19
1813 8.11569e-19
1814 7.18487e-19
1815 6.35948e-19
1816 5.62774e-19
1817 4.97915e-19
1818 4.40439e-19
1819 3.89517e-19
1820 3.4441e-19
1821 3.04462e-19
1822 2.69092e-19
1823 2.37782e-19
1824 2.1007e-19
1825 1.8555e-19
1826 1.63857e-19
1827 1.4467e-19
1828 1.27703e-19
1829 1.12703e-19
1830 9.94433e-20
1831 8.77255e-20
1832 7.73723e-20
1833 6.82267e-20
1834 6.01495e-20
1835 5.30175e-20
1836 4.67213e-20
1837 4.11643e-20
1838 3.62605e-20
1839 3.19343e-20
1840 2.81183e-20
1841 2.47531e-20
1842 2.17862e-20
1843 1.91708e-20
1844 1.68658e-20
1845 1.48349e-20
1846 1.30458e-20
1847 1.147e-20
1848 1.00825e-20
1849 8.86095e-21
1850 7.78576e-21
1851 6.83961e-21
1852 6.00717e-21
1853 5.27494e-21
1854 4.63099e-21
1855 4.06479e-21
1856 3.56707e-21
1857 3.12964e-21
1858 2.74527e-21
1859 2.40761e-21
1860 2.11103e-21
1861 1.85059e-21
1862 1.62195e-21
1863 1.42125e-21
1864 1.24513e-21
1865 1.0906e-21
1866 9.55049e-22
1867 8.3617e-22
1868 7.31933e-22
1869 6.40557e-22
1870 5.60469e-22
1871 4.90292e-22
1872 4.28811e-22
1873 3.74961e-22
1874 3.27804e-22
1875 2.86518e-22
1876 2.50378e-22
1877 2.18751e-22
1878 1.91079e-22
1879 1.66872e-22
1880 1.45701e-22
1881 1.27189e-22
1882 1.11006e-22
1883 9.68612e-23
1884 8.45011e-23
1885 7.37027e-23
1886 6.42707e-23
1887 5.60339e-23
1888 4.88424e-23
1889 4.25648e-23
1890 3.70863e-23
1891 3.23061e-23
1892 2.81361e-23
1893 2.44991e-23
1894 2.13278e-23
1895 1.85631e-23
1896 1.61533e-23
1897 1.40535e-23
1898 1.22239e-23
1899 1.06304e-23
1900 9.24257e-24
1901 8.03425e-24
1902 6.98242e-24
1903 6.06703e-24
1904 5.27052e-24
1905 4.5776e-24
1906 3.97495e-24
1907 3.4509e-24
1908 2.99531e-24
1909 2.59932e-24
1910 2.2552e-24
1911 1.95622e-24
1912 1.69652e-24
1913 1.47098e-24
1914 1.27516e-24
1915 1.10517e-24
1916 9.57641e-25
1917 8.29629e-25
1918 7.18573e-25
1919 6.22255e-25
1920 5.38733e-25
1921 4.66321e-25
1922 4.03557e-25
1923 3.49167e-25
1924 3.02043e-25
1925 2.61223e-25
1926 2.25872e-25
1927 1.95264e-25
1928 1.68768e-25
1929 1.45835e-25
1930 1.25992e-25
1931 1.08827e-25
1932 9.39792e-26
1933 8.11404e-26
1934 7.00407e-26
1935 6.04465e-26
1936 5.21556e-26
1937 4.49921e-26
1938 3.88041e-26
1939 3.34604e-26
1940 2.88463e-26
1941 2.48631e-26
1942 2.14254e-26
1943 1.84591e-26
1944 1.59002e-26
1945 1.36929e-26
1946 1.17897e-26
1947 1.01488e-26
1948 8.73439e-27
1949 7.51554e-27
1950 6.46537e-27
1951 5.56079e-27
1952 4.78173e-27
1953 4.11095e-27
1954 3.5335e-27
1955 3.03652e-27
1956 2.6089e-27
1957 2.241e-27
1958 1.92458e-27
1959 1.65248e-27
1960 1.41855e-27
1961 1.21748e-27
1962 1.04468e-27
1963 8.9622e-28
1964 7.6869e-28
1965 6.59169e-28
1966 5.65131e-28
1967 4.84402e-28
1968 4.1512e-28
1969 3.55671e-28
1970 3.04668e-28
1971 2.60925e-28
1972 2.23414e-28
1973 1.91255e-28
1974 1.6369e-28
1975 1.40068e-28
1976 1.19828e-28
1977 1.02493e-28
1978 8.76463e-29
1979 7.49335e-29
1980 6.4051e-29
1981 5.47377e-29
1982 4.67691e-29
1983 3.99509e-29
1984 3.41197e-29
1985 2.91335e-29
1986 2.48705e-29
1987 2.12269e-29
1988 1.81134e-29
1989 1.5453e-29
1990 1.31807e-29
1991 1.12401e-29
1992 9.58301e-30
1993 8.16863e-30
1994 6.96143e-30
1995 5.93142e-30
1996 5.0526e-30
1997 4.3032e-30
1998 3.66427e-30
1999 3.11932e-30
2000 2.65496e-30
2001 2.25925e-30
2002 1.92203e-30
2003 1.63487e-30
2004 1.39033e-30
2005 1.18209e-30
2006 1.00484e-30
2007 8.53996e-31
2008 7.25622e-31
2009 6.16418e-31
2010 5.23554e-31
2011 4.44578e-31
2012 3.77447e-31
2013 3.20389e-31
2014 2.719e-31
2015 2.30704e-31
2016 1.95714e-31
2017 1.66002e-31
2018 1.4077e-31
2019 1.19355e-31
2020 1.01183e-31
2021 8.57602e-32
2022 7.26797e-32
2023 6.15861e-32
2024 5.21784e-32
2025 4.42035e-32
2026 3.74449e-32
2027 3.17183e-32
2028 2.68668e-32
2029 2.27571e-32
2030 1.92772e-32
2031 1.63321e-32
2032 1.38385e-32
2033 1.17285e-32
2034 9.94395e-33
2035 8.43483e-33
2036 7.15887e-33
2037 6.07998e-33
2038 5.1689e-33
2039 4.39938e-33
2040 3.74978e-33
2041 3.202e-33
2042 2.74054e-33
2043 2.35209e-33
2044 2.02543e-33
2045 1.75146e-33
2046 1.52235e-33
2047 1.33144e-33
