0 1.14641e-39
1 9.25656e-40
2 7.55078e-40
3 6.28415e-40
4 5.40899e-40
5 4.89101e-40
6 4.7094e-40
7 4.85534e-40
8 5.33154e-40
9 6.15183e-40
10 7.34397e-40
11 8.94789e-40
12 1.10145e-39
13 1.36143e-39
14 1.68364e-39
15 2.07911e-39
16 2.56089e-39
17 3.14503e-39
18 3.85195e-39
19 4.70557e-39
20 5.73412e-39
21 6.97175e-39
22 8.46013e-39
23 1.02503e-38
24 1.24021e-38
25 1.49856e-38
26 1.80863e-38
27 2.18095e-38
28 2.6279e-38
29 3.16385e-38
30 3.80638e-38
31 4.57714e-38
32 5.50153e-38
33 6.60911e-38
34 7.93582e-38
35 9.52549e-38
36 1.14299e-37
37 1.371e-37
38 1.6439e-37
39 1.97058e-37
40 2.36156e-37
41 2.82922e-37
42 3.38855e-37
43 4.05748e-37
44 4.85715e-37
45 5.81288e-37
46 6.95515e-37
47 8.31976e-37
48 9.94977e-37
49 1.18961e-36
50 1.42198e-36
51 1.69937e-36
52 2.03036e-36
53 2.42527e-36
54 2.89635e-36
55 3.45815e-36
56 4.12793e-36
57 4.92635e-36
58 5.87781e-36
59 7.01137e-36
60 8.36194e-36
61 9.97021e-36
62 1.1885e-35
63 1.41645e-35
64 1.68774e-35
65 2.01052e-35
66 2.3945e-35
67 2.85124e-35
68 3.39428e-35
69 4.03981e-35
70 4.80693e-35
71 5.71872e-35
72 6.80197e-35
73 8.08824e-35
74 9.61564e-35
75 1.14289e-34
76 1.35812e-34
77 1.61352e-34
78 1.91648e-34
79 2.27589e-34
80 2.70207e-34
81 3.20727e-34
82 3.80613e-34
83 4.51574e-34
84 5.3564e-34
85 6.35222e-34
86 7.5315e-34
87 8.92755e-34
88 1.058e-33
89 1.25356e-33
90 1.48491e-33
91 1.75858e-33
92 2.08221e-33
93 2.46482e-33
94 2.91706e-33
95 3.45151e-33
96 4.08301e-33
97 4.82893e-33
98 5.70974e-33
99 6.74971e-33
100 7.97737e-33
101 9.42607e-33
102 1.11353e-32
103 1.31517e-32
104 1.55296e-32
105 1.83334e-32
106 2.16384e-32
107 2.55333e-32
108 3.01227e-32
109 3.55285e-32
110 4.18957e-32
111 4.93927e-32
112 5.82181e-32
113 6.8605e-32
114 8.08267e-32
115 9.52042e-32
116 1.12115e-31
117 1.31999e-31
118 1.55375e-31
119 1.8285e-31
120 2.15136e-31
121 2.53063e-31
122 2.97611e-31
123 3.49928e-31
124 4.11346e-31
125 4.83433e-31
126 5.6803e-31
127 6.67285e-31
128 7.83705e-31
129 9.20224e-31
130 1.08029e-30
131 1.26791e-30
132 1.48779e-30
133 1.7454e-30
134 2.04716e-30
135 2.40058e-30
136 2.81431e-30
137 3.29865e-30
138 3.86551e-30
139 4.52872e-30
140 5.30454e-30
141 6.21187e-30
142 7.27271e-30
143 8.51279e-30
144 9.96213e-30
145 1.16556e-29
146 1.36338e-29
147 1.59441e-29
148 1.86417e-29
149 2.17907e-29
150 2.5466e-29
151 2.97546e-29
152 3.47572e-29
153 4.05918e-29
154 4.7395e-29
155 5.53257e-29
156 6.45692e-29
157 7.53401e-29
158 8.78872e-29
159 1.02501e-28
160 1.19518e-28
161 1.39328e-28
162 1.62386e-28
163 1.89216e-28
164 2.2043e-28
165 2.56734e-28
166 2.98951e-28
167 3.48032e-28
168 4.0508e-28
169 4.71373e-28
170 5.48392e-28
171 6.37852e-28
172 7.41741e-28
173 8.62357e-28
174 1.00236e-27
175 1.16484e-27
176 1.35335e-27
177 1.57202e-27
178 1.82562e-27
179 2.11965e-27
180 2.46049e-27
181 2.8555e-27
182 3.31319e-27
183 3.84338e-27
184 4.45743e-27
185 5.16844e-27
186 5.99151e-27
187 6.94412e-27
188 8.0464e-27
189 9.32156e-27
190 1.07964e-26
191 1.25018e-26
192 1.44733e-26
193 1.6752e-26
194 1.93851e-26
195 2.24271e-26
196 2.59406e-26
197 2.99977e-26
198 3.46817e-26
199 4.00879e-26
200 4.63264e-26
201 5.35237e-26
202 6.18251e-26
203 7.13979e-26
204 8.24344e-26
205 9.51551e-26
206 1.09814e-25
207 1.26703e-25
208 1.46155e-25
209 1.68556e-25
210 1.94346e-25
211 2.24031e-25
212 2.58192e-25
213 2.97493e-25
214 3.427e-25
215 3.94686e-25
216 4.54456e-25
217 5.23159e-25
218 6.02111e-25
219 6.92821e-25
220 7.97017e-25
221 9.16677e-25
222 1.05406e-24
223 1.21177e-24
224 1.39275e-24
225 1.60041e-24
226 1.83862e-24
227 2.1118e-24
228 2.42504e-24
229 2.78411e-24
230 3.19564e-24
231 3.66718e-24
232 4.20736e-24
233 4.82604e-24
234 5.53446e-24
235 6.34546e-24
236 7.27368e-24
237 8.33583e-24
238 9.55098e-24
239 1.09408e-23
240 1.25302e-23
241 1.43472e-23
242 1.6424e-23
243 1.87974e-23
244 2.15089e-23
245 2.46061e-23
246 2.81431e-23
247 3.21813e-23
248 3.67907e-23
249 4.2051e-23
250 4.80527e-23
251 5.48987e-23
252 6.27061e-23
253 7.16077e-23
254 8.17547e-23
255 9.33186e-23
256 1.06494e-22
257 1.21503e-22
258 1.38595e-22
259 1.58056e-22
260 1.80209e-22
261 2.05421e-22
262 2.34106e-22
263 2.66737e-22
264 3.03847e-22
265 3.46041e-22
266 3.94004e-22
267 4.48513e-22
268 5.10448e-22
269 5.80801e-22
270 6.60702e-22
271 7.51422e-22
272 8.54404e-22
273 9.71278e-22
274 1.10389e-21
275 1.25432e-21
276 1.42492e-21
277 1.61836e-21
278 1.83765e-21
279 2.08617e-21
280 2.36777e-21
281 2.68677e-21
282 3.04806e-21
283 3.45716e-21
284 3.92028e-21
285 4.44443e-21
286 5.03754e-21
287 5.70853e-21
288 6.46743e-21
289 7.3256e-21
290 8.29579e-21
291 9.39238e-21
292 1.06316e-20
293 1.20316e-20
294 1.36129e-20
295 1.53987e-20
296 1.74149e-20
297 1.96907e-20
298 2.22591e-20
299 2.51569e-20
300 2.84256e-20
301 3.21121e-20
302 3.62686e-20
303 4.09541e-20
304 4.62347e-20
305 5.21846e-20
306 5.88872e-20
307 6.6436e-20
308 7.49359e-20
309 8.45045e-20
310 9.52737e-20
311 1.07391e-19
312 1.21023e-19
313 1.36355e-19
314 1.53595e-19
315 1.72976e-19
316 1.94758e-19
317 2.19234e-19
318 2.46729e-19
319 2.77611e-19
320 3.12287e-19
321 3.51214e-19
322 3.94903e-19
323 4.43926e-19
324 4.98921e-19
325 5.606e-19
326 6.29759e-19
327 7.07288e-19
328 7.94179e-19
329 8.9154e-19
330 1.00061e-18
331 1.12276e-18
332 1.25953e-18
333 1.41263e-18
334 1.58399e-18
335 1.77572e-18
336 1.9902e-18
337 2.23008e-18
338 2.4983e-18
339 2.79813e-18
340 3.13324e-18
341 3.50767e-18
342 3.92596e-18
343 4.39314e-18
344 4.91479e-18
345 5.49714e-18
346 6.14711e-18
347 6.87239e-18
348 7.68152e-18
349 8.58399e-18
350 9.59036e-18
351 1.07123e-17
352 1.19629e-17
353 1.33565e-17
354 1.49092e-17
355 1.66387e-17
356 1.85647e-17
357 2.07092e-17
358 2.30962e-17
359 2.57529e-17
360 2.87088e-17
361 3.1997e-17
362 3.5654e-17
363 3.97204e-17
364 4.42408e-17
365 4.92649e-17
366 5.48476e-17
367 6.10496e-17
368 6.7938e-17
369 7.5587e-17
370 8.40787e-17
371 9.35038e-17
372 1.03962e-16
373 1.15565e-16
374 1.28434e-16
375 1.42705e-16
376 1.58526e-16
377 1.76061e-16
378 1.95491e-16
379 2.17017e-16
380 2.40859e-16
381 2.67259e-16
382 2.96485e-16
383 3.28832e-16
384 3.64623e-16
385 4.04218e-16
386 4.48008e-16
387 4.96428e-16
388 5.49952e-16
389 6.09106e-16
390 6.74464e-16
391 7.46662e-16
392 8.26394e-16
393 9.14426e-16
394 1.0116e-15
395 1.11883e-15
396 1.23715e-15
397 1.36765e-15
398 1.51157e-15
399 1.67024e-15
400 1.84514e-15
401 2.03787e-15
402 2.25021e-15
403 2.48411e-15
404 2.74167e-15
405 3.02525e-15
406 3.33739e-15
407 3.6809e-15
408 4.05883e-15
409 4.47455e-15
410 4.93174e-15
411 5.43441e-15
412 5.98698e-15
413 6.59426e-15
414 7.26153e-15
415 7.99455e-15
416 8.79962e-15
417 9.68365e-15
418 1.06542e-14
419 1.17194e-14
420 1.28883e-14
421 1.41708e-14
422 1.55775e-14
423 1.71202e-14
424 1.88116e-14
425 2.06658e-14
426 2.26978e-14
427 2.49243e-14
428 2.73633e-14
429 3.00347e-14
430 3.29597e-14
431 3.61619e-14
432 3.96667e-14
433 4.35019e-14
434 4.76976e-14
435 5.22866e-14
436 5.73047e-14
437 6.27908e-14
438 6.87869e-14
439 7.53391e-14
440 8.24972e-14
441 9.03153e-14
442 9.88523e-14
443 1.08172e-13
444 1.18343e-13
445 1.29441e-13
446 1.41548e-13
447 1.54751e-13
448 1.69147e-13
449 1.84839e-13
450 2.01939e-13
451 2.20569e-13
452 2.40861e-13
453 2.62956e-13
454 2.87011e-13
455 3.1319e-13
456 3.41675e-13
457 3.7266e-13
458 4.06356e-13
459 4.42992e-13
460 4.82813e-13
461 5.26086e-13
462 5.73097e-13
463 6.24157e-13
464 6.796e-13
465 7.39788e-13
466 8.0511e-13
467 8.75988e-13
468 9.52876e-13
469 1.03626e-12
470 1.12668e-12
471 1.22469e-12
472 1.33091e-12
473 1.446e-12
474 1.57068e-12
475 1.70571e-12
476 1.85192e-12
477 2.0102e-12
478 2.18151e-12
479 2.36689e-12
480 2.56745e-12
481 2.78438e-12
482 3.01898e-12
483 3.27264e-12
484 3.54684e-12
485 3.84319e-12
486 4.16341e-12
487 4.50937e-12
488 4.88306e-12
489 5.28661e-12
490 5.72233e-12
491 6.1927e-12
492 6.70037e-12
493 7.24818e-12
494 7.8392e-12
495 8.4767e-12
496 9.16419e-12
497 9.90546e-12
498 1.07045e-11
499 1.15658e-11
500 1.24937e-11
501 1.34934e-11
502 1.45702e-11
503 1.57297e-11
504 1.69779e-11
505 1.83214e-11
506 1.97671e-11
507 2.13225e-11
508 2.29953e-11
509 2.4794e-11
510 2.67277e-11
511 2.88059e-11
512 3.10388e-11
513 3.34373e-11
514 3.6013e-11
515 3.87782e-11
516 4.1746e-11
517 4.49304e-11
518 4.83462e-11
519 5.20092e-11
520 5.5936e-11
521 6.01446e-11
522 6.46538e-11
523 6.94835e-11
524 7.46551e-11
525 8.0191e-11
526 8.61152e-11
527 9.2453e-11
528 9.92312e-11
529 1.06478e-10
530 1.14224e-10
531 1.22501e-10
532 1.31343e-10
533 1.40785e-10
534 1.50866e-10
535 1.61624e-10
536 1.73104e-10
537 1.8535e-10
538 1.98409e-10
539 2.12331e-10
540 2.2717e-10
541 2.42983e-10
542 2.59828e-10
543 2.7777e-10
544 2.96874e-10
545 3.17211e-10
546 3.38857e-10
547 3.61891e-10
548 3.86396e-10
549 4.12461e-10
550 4.4018e-10
551 4.69653e-10
552 5.00984e-10
553 5.34286e-10
554 5.69677e-10
555 6.0728e-10
556 6.47229e-10
557 6.89662e-10
558 7.34729e-10
559 7.82586e-10
560 8.33398e-10
561 8.8734e-10
562 9.44598e-10
563 1.00537e-09
564 1.06986e-09
565 1.13828e-09
566 1.21087e-09
567 1.28787e-09
568 1.36954e-09
569 1.45615e-09
570 1.54798e-09
571 1.64534e-09
572 1.74853e-09
573 1.8579e-09
574 1.97379e-09
575 2.09658e-09
576 2.22664e-09
577 2.36438e-09
578 2.51023e-09
579 2.66463e-09
580 2.82805e-09
581 3.00097e-09
582 3.1839e-09
583 3.37737e-09
584 3.58194e-09
585 3.79817e-09
586 4.02668e-09
587 4.26808e-09
588 4.52303e-09
589 4.79218e-09
590 5.07625e-09
591 5.37596e-09
592 5.69204e-09
593 6.02528e-09
594 6.37648e-09
595 6.74644e-09
596 7.13603e-09
597 7.54612e-09
598 7.9776e-09
599 8.43141e-09
600 8.90848e-09
601 9.40981e-09
602 9.93638e-09
603 1.04892e-08
604 1.10694e-08
605 1.1678e-08
606 1.23161e-08
607 1.29848e-08
608 1.36853e-08
609 1.44187e-08
610 1.51864e-08
611 1.59895e-08
612 1.68292e-08
613 1.77069e-08
614 1.8624e-08
615 1.95817e-08
616 2.05815e-08
617 2.16249e-08
618 2.27132e-08
619 2.38481e-08
620 2.50311e-08
621 2.62639e-08
622 2.7548e-08
623 2.88854e-08
624 3.02777e-08
625 3.1727e-08
626 3.32351e-08
627 3.48042e-08
628 3.64364e-08
629 3.81339e-08
630 3.98992e-08
631 4.17347e-08
632 4.36431e-08
633 4.56271e-08
634 4.76897e-08
635 4.9834e-08
636 5.20633e-08
637 5.4381e-08
638 5.67907e-08
639 5.92964e-08
640 6.19022e-08
641 6.46124e-08
642 6.74315e-08
643 7.03646e-08
644 7.34166e-08
645 7.65931e-08
646 7.98996e-08
647 8.33424e-08
648 8.69277e-08
649 9.06621e-08
650 9.45528e-08
651 9.8607e-08
652 1.02832e-07
653 1.07237e-07
654 1.11829e-07
655 1.16618e-07
656 1.21612e-07
657 1.26821e-07
658 1.32255e-07
659 1.37923e-07
660 1.43836e-07
661 1.50004e-07
662 1.56439e-07
663 1.63151e-07
664 1.70151e-07
665 1.77452e-07
666 1.85064e-07
667 1.93e-07
668 2.0127e-07
669 2.09887e-07
670 2.18862e-07
671 2.28207e-07
672 2.37932e-07
673 2.48049e-07
674 2.58568e-07
675 2.695e-07
676 2.80855e-07
677 2.9264e-07
678 3.04866e-07
679 3.1754e-07
680 3.30669e-07
681 3.44259e-07
682 3.58315e-07
683 3.7284e-07
684 3.87839e-07
685 4.03311e-07
686 4.19258e-07
687 4.35678e-07
688 4.52568e-07
689 4.69923e-07
690 4.87738e-07
691 5.06004e-07
692 5.24711e-07
693 5.43848e-07
694 5.634e-07
695 5.83353e-07
696 6.03688e-07
697 6.24386e-07
698 6.45425e-07
699 6.66781e-07
700 6.88428e-07
701 7.10338e-07
702 7.32482e-07
703 7.54827e-07
704 7.77341e-07
705 7.99988e-07
706 8.22731e-07
707 8.45532e-07
708 8.68352e-07
709 8.9115e-07
710 9.13886e-07
711 9.36516e-07
712 9.58999e-07
713 9.81291e-07
714 1.00335e-06
715 1.02514e-06
716 1.04661e-06
717 1.06772e-06
718 1.08844e-06
719 1.10873e-06
720 1.12855e-06
721 1.14787e-06
722 1.16667e-06
723 1.18492e-06
724 1.20259e-06
725 1.21967e-06
726 1.23616e-06
727 1.25203e-06
728 1.26729e-06
729 1.28195e-06
730 1.29602e-06
731 1.30952e-06
732 1.32247e-06
733 1.33491e-06
734 1.34689e-06
735 1.35845e-06
736 1.36967e-06
737 1.3806e-06
738 1.39133e-06
739 1.40196e-06
740 1.41259e-06
741 1.42332e-06
742 1.43429e-06
743 1.44562e-06
744 1.45746e-06
745 1.46998e-06
746 1.48333e-06
747 1.4977e-06
748 1.51328e-06
749 1.53027e-06
750 1.54887e-06
751 1.56931e-06
752 1.59182e-06
753 1.61664e-06
754 1.64402e-06
755 1.67421e-06
756 1.70748e-06
757 1.74409e-06
758 1.78432e-06
759 1.82846e-06
760 1.87678e-06
761 1.92957e-06
762 1.98712e-06
763 2.04973e-06
764 2.11767e-06
765 2.19123e-06
766 2.27071e-06
767 2.35636e-06
768 2.44848e-06
769 2.54732e-06
770 2.65314e-06
771 2.76618e-06
772 2.88668e-06
773 3.01486e-06
774 3.15092e-06
775 3.29505e-06
776 3.44742e-06
777 3.60818e-06
778 3.77745e-06
779 3.95536e-06
780 4.14197e-06
781 4.33734e-06
782 4.54151e-06
783 4.75448e-06
784 4.97622e-06
785 5.20668e-06
786 5.44576e-06
787 5.69335e-06
788 5.9493e-06
789 6.21341e-06
790 6.48547e-06
791 6.76523e-06
792 7.0524e-06
793 7.34666e-06
794 7.64764e-06
795 7.95496e-06
796 8.26819e-06
797 8.58687e-06
798 8.91052e-06
799 9.2386e-06
800 9.57058e-06
801 9.90585e-06
802 1.02438e-05
803 1.05838e-05
804 1.09253e-05
805 1.12674e-05
806 1.16096e-05
807 1.1951e-05
808 1.2291e-05
809 1.26288e-05
810 1.29637e-05
811 1.32949e-05
812 1.36216e-05
813 1.39431e-05
814 1.42585e-05
815 1.45673e-05
816 1.48685e-05
817 1.51616e-05
818 1.54457e-05
819 1.57203e-05
820 1.59846e-05
821 1.6238e-05
822 1.64801e-05
823 1.67101e-05
824 1.69277e-05
825 1.71324e-05
826 1.73239e-05
827 1.75017e-05
828 1.76657e-05
829 1.78156e-05
830 1.79514e-05
831 1.8073e-05
832 1.81804e-05
833 1.82739e-05
834 1.83536e-05
835 1.84199e-05
836 1.84731e-05
837 1.8514e-05
838 1.85429e-05
839 1.85609e-05
840 1.85686e-05
841 1.85672e-05
842 1.85576e-05
843 1.85413e-05
844 1.85195e-05
845 1.84937e-05
846 1.84656e-05
847 1.8437e-05
848 1.84097e-05
849 1.83859e-05
850 1.83676e-05
851 1.83574e-05
852 1.83576e-05
853 1.83709e-05
854 1.84e-05
855 1.84479e-05
856 1.85176e-05
857 1.86125e-05
858 1.87357e-05
859 1.88909e-05
860 1.90817e-05
861 1.93118e-05
862 1.95854e-05
863 1.99063e-05
864 2.0279e-05
865 2.07076e-05
866 2.11969e-05
867 2.17513e-05
868 2.23757e-05
869 2.3075e-05
870 2.38542e-05
871 2.47186e-05
872 2.56733e-05
873 2.67239e-05
874 2.78759e-05
875 2.91349e-05
876 3.05068e-05
877 3.19973e-05
878 3.36126e-05
879 3.53587e-05
880 3.72419e-05
881 3.92684e-05
882 4.14447e-05
883 4.37773e-05
884 4.62729e-05
885 4.89381e-05
886 5.17798e-05
887 5.48048e-05
888 5.80201e-05
889 6.14329e-05
890 6.50502e-05
891 6.88793e-05
892 7.29275e-05
893 7.72022e-05
894 8.1711e-05
895 8.64613e-05
896 9.14609e-05
897 9.67174e-05
898 0.000102239
899 0.000108033
900 0.000114107
901 0.00012047
902 0.00012713
903 0.000134095
904 0.000141374
905 0.000148974
906 0.000156904
907 0.000165173
908 0.000173789
909 0.000182761
910 0.000192099
911 0.00020181
912 0.000211904
913 0.000222391
914 0.000233278
915 0.000244576
916 0.000256295
917 0.000268443
918 0.000281031
919 0.000294068
920 0.000307564
921 0.00032153
922 0.000335975
923 0.00035091
924 0.000366346
925 0.000382293
926 0.000398761
927 0.000415763
928 0.000433308
929 0.000451409
930 0.000470076
931 0.000489322
932 0.000509157
933 0.000529595
934 0.000550647
935 0.000572324
936 0.000594641
937 0.000617609
938 0.000641241
939 0.000665551
940 0.000690551
941 0.000716254
942 0.000742675
943 0.000769827
944 0.000797724
945 0.00082638
946 0.00085581
947 0.000886027
948 0.000917046
949 0.000948883
950 0.000981552
951 0.00101507
952 0.00104945
953 0.00108471
954 0.00112086
955 0.00115792
956 0.0011959
957 0.00123483
958 0.00127472
959 0.00131558
960 0.00135743
961 0.00140028
962 0.00144417
963 0.00148909
964 0.00153507
965 0.00158212
966 0.00163026
967 0.00167952
968 0.00172989
969 0.00178141
970 0.00183409
971 0.00188795
972 0.001943
973 0.00199926
974 0.00205674
975 0.00211547
976 0.00217546
977 0.00223673
978 0.00229929
979 0.00236316
980 0.00242836
981 0.0024949
982 0.0025628
983 0.00263207
984 0.00270273
985 0.0027748
986 0.00284828
987 0.0029232
988 0.00299957
989 0.0030774
990 0.00315671
991 0.0032375
992 0.00331979
993 0.0034036
994 0.00348893
995 0.0035758
996 0.00366422
997 0.0037542
998 0.00384574
999 0.00393886
1000 0.00403356
1001 0.00412986
1002 0.00422776
1003 0.00432726
1004 0.00442838
1005 0.00453111
1006 0.00463547
1007 0.00474145
1008 0.00484906
1009 0.0049583
1010 0.00506917
1011 0.00518168
1012 0.00529582
1013 0.00541158
1014 0.00552898
1015 0.00564799
1016 0.00576863
1017 0.00589088
1018 0.00601474
1019 0.0061402
1020 0.00626725
1021 0.00639588
1022 0.00652609
1023 0.00665785
1024 0.00679116
1025 0.00692601
1026 0.00706237
1027 0.00720023
1028 0.00733958
1029 0.00748039
1030 0.00762265
1031 0.00776633
1032 0.00791141
1033 0.00805786
1034 0.00820568
1035 0.00835481
1036 0.00850525
1037 0.00865695
1038 0.0088099
1039 0.00896406
1040 0.00911939
1041 0.00927586
1042 0.00943344
1043 0.0095921
1044 0.00975178
1045 0.00991246
1046 0.0100741
1047 0.0102366
1048 0.0104001
1049 0.0105643
1050 0.0107293
1051 0.0108951
1052 0.0110615
1053 0.0112286
1054 0.0113963
1055 0.0115645
1056 0.0117332
1057 0.0119023
1058 0.0120719
1059 0.0122417
1060 0.0124118
1061 0.0125821
1062 0.0127525
1063 0.0129231
1064 0.0130937
1065 0.0132642
1066 0.0134347
1067 0.0136049
1068 0.013775
1069 0.0139448
1070 0.0141142
1071 0.0142833
1072 0.0144518
1073 0.0146198
1074 0.0147872
1075 0.0149538
1076 0.0151198
1077 0.0152849
1078 0.0154491
1079 0.0156123
1080 0.0157745
1081 0.0159356
1082 0.0160955
1083 0.0162542
1084 0.0164116
1085 0.0165675
1086 0.016722
1087 0.016875
1088 0.0170264
1089 0.0171761
1090 0.017324
1091 0.0174701
1092 0.0176144
1093 0.0177567
1094 0.0178969
1095 0.0180351
1096 0.0181711
1097 0.0183049
1098 0.0184363
1099 0.0185654
1100 0.0186921
1101 0.0188163
1102 0.0189379
1103 0.0190569
1104 0.0191733
1105 0.0192868
1106 0.0193976
1107 0.0195055
1108 0.0196105
1109 0.0197125
1110 0.0198115
1111 0.0199074
1112 0.0200001
1113 0.0200896
1114 0.020176
1115 0.020259
1116 0.0203387
1117 0.020415
1118 0.0204878
1119 0.0205572
1120 0.0206232
1121 0.0206855
1122 0.0207443
1123 0.0207995
1124 0.020851
1125 0.0208988
1126 0.0209429
1127 0.0209833
1128 0.0210199
1129 0.0210528
1130 0.0210818
1131 0.0211071
1132 0.0211284
1133 0.021146
1134 0.0211596
1135 0.0211694
1136 0.0211753
1137 0.0211773
1138 0.0211754
1139 0.0211696
1140 0.0211599
1141 0.0211463
1142 0.0211288
1143 0.0211074
1144 0.0210822
1145 0.021053
1146 0.0210201
1147 0.0209833
1148 0.0209426
1149 0.0208982
1150 0.02085
1151 0.020798
1152 0.0207423
1153 0.0206829
1154 0.0206199
1155 0.0205532
1156 0.0204828
1157 0.020409
1158 0.0203315
1159 0.0202506
1160 0.0201663
1161 0.0200785
1162 0.0199873
1163 0.0198929
1164 0.0197951
1165 0.0196942
1166 0.0195901
1167 0.0194828
1168 0.0193726
1169 0.0192593
1170 0.019143
1171 0.0190239
1172 0.0189019
1173 0.0187772
1174 0.0186498
1175 0.0185197
1176 0.0183871
1177 0.0182519
1178 0.0181143
1179 0.0179744
1180 0.0178321
1181 0.0176876
1182 0.017541
1183 0.0173922
1184 0.0172415
1185 0.0170887
1186 0.0169342
1187 0.0167778
1188 0.0166197
1189 0.0164599
1190 0.0162985
1191 0.0161357
1192 0.0159714
1193 0.0158058
1194 0.0156389
1195 0.0154708
1196 0.0153016
1197 0.0151313
1198 0.01496
1199 0.0147879
1200 0.0146149
1201 0.0144412
1202 0.0142668
1203 0.0140918
1204 0.0139162
1205 0.0137402
1206 0.0135638
1207 0.0133871
1208 0.0132102
1209 0.0130331
1210 0.0128558
1211 0.0126786
1212 0.0125013
1213 0.0123242
1214 0.0121472
1215 0.0119705
1216 0.011794
1217 0.0116179
1218 0.0114422
1219 0.011267
1220 0.0110923
1221 0.0109182
1222 0.0107447
1223 0.010572
1224 0.0104
1225 0.0102288
1226 0.0100585
1227 0.00988914
1228 0.00972071
1229 0.00955329
1230 0.00938693
1231 0.00922167
1232 0.00905755
1233 0.00889463
1234 0.00873293
1235 0.0085725
1236 0.00841338
1237 0.00825561
1238 0.00809921
1239 0.00794422
1240 0.00779068
1241 0.00763861
1242 0.00748805
1243 0.00733903
1244 0.00719156
1245 0.00704568
1246 0.00690141
1247 0.00675876
1248 0.00661777
1249 0.00647846
1250 0.00634083
1251 0.00620491
1252 0.00607071
1253 0.00593825
1254 0.00580754
1255 0.0056786
1256 0.00555142
1257 0.00542603
1258 0.00530243
1259 0.00518062
1260 0.00506061
1261 0.00494242
1262 0.00482603
1263 0.00471145
1264 0.00459869
1265 0.00448774
1266 0.00437861
1267 0.00427128
1268 0.00416577
1269 0.00406205
1270 0.00396014
1271 0.00386002
1272 0.00376168
1273 0.00366512
1274 0.00357034
1275 0.00347732
1276 0.00338604
1277 0.00329651
1278 0.00320871
1279 0.00312263
1280 0.00303825
1281 0.00295557
1282 0.00287456
1283 0.00279521
1284 0.00271752
1285 0.00264145
1286 0.00256701
1287 0.00249416
1288 0.0024229
1289 0.0023532
1290 0.00228505
1291 0.00221843
1292 0.00215332
1293 0.0020897
1294 0.00202755
1295 0.00196686
1296 0.0019076
1297 0.00184975
1298 0.0017933
1299 0.00173822
1300 0.0016845
1301 0.0016321
1302 0.00158102
1303 0.00153122
1304 0.0014827
1305 0.00143542
1306 0.00138937
1307 0.00134452
1308 0.00130086
1309 0.00125836
1310 0.00121701
1311 0.00117677
1312 0.00113763
1313 0.00109958
1314 0.00106258
1315 0.00102661
1316 0.000991664
1317 0.00095771
1318 0.000924731
1319 0.000892706
1320 0.000861614
1321 0.000831436
1322 0.000802151
1323 0.00077374
1324 0.000746183
1325 0.000719461
1326 0.000693554
1327 0.000668443
1328 0.00064411
1329 0.000620536
1330 0.000597702
1331 0.000575591
1332 0.000554185
1333 0.000533465
1334 0.000513415
1335 0.000494018
1336 0.000475256
1337 0.000457113
1338 0.000439572
1339 0.000422618
1340 0.000406234
1341 0.000390406
1342 0.000375117
1343 0.000360354
1344 0.0003461
1345 0.000332342
1346 0.000319065
1347 0.000306256
1348 0.000293901
1349 0.000281986
1350 0.000270499
1351 0.000259427
1352 0.000248756
1353 0.000238476
1354 0.000228573
1355 0.000219037
1356 0.000209855
1357 0.000201017
1358 0.000192512
1359 0.000184329
1360 0.000176457
1361 0.000168886
1362 0.000161608
1363 0.000154611
1364 0.000147886
1365 0.000141425
1366 0.000135219
1367 0.000129258
1368 0.000123535
1369 0.00011804
1370 0.000112767
1371 0.000107708
1372 0.000102854
1373 9.81982e-05
1374 9.37342e-05
1375 8.94547e-05
1376 8.5353e-05
1377 8.14225e-05
1378 7.76571e-05
1379 7.40505e-05
1380 7.05968e-05
1381 6.72903e-05
1382 6.41255e-05
1383 6.10968e-05
1384 5.81992e-05
1385 5.54276e-05
1386 5.2777e-05
1387 5.02428e-05
1388 4.78204e-05
1389 4.55053e-05
1390 4.32934e-05
1391 4.11804e-05
1392 3.91625e-05
1393 3.72357e-05
1394 3.53964e-05
1395 3.36409e-05
1396 3.19659e-05
1397 3.03679e-05
1398 2.88439e-05
1399 2.73906e-05
1400 2.60052e-05
1401 2.46847e-05
1402 2.34263e-05
1403 2.22275e-05
1404 2.10857e-05
1405 1.99983e-05
1406 1.8963e-05
1407 1.79776e-05
1408 1.70399e-05
1409 1.61477e-05
1410 1.5299e-05
1411 1.44918e-05
1412 1.37244e-05
1413 1.29949e-05
1414 1.23017e-05
1415 1.16429e-05
1416 1.10171e-05
1417 1.04228e-05
1418 9.8585e-06
1419 9.32277e-06
1420 8.81431e-06
1421 8.33183e-06
1422 7.87411e-06
1423 7.43997e-06
1424 7.02829e-06
1425 6.638e-06
1426 6.26806e-06
1427 5.9175e-06
1428 5.58537e-06
1429 5.27078e-06
1430 4.97286e-06
1431 4.69079e-06
1432 4.42379e-06
1433 4.17111e-06
1434 3.93203e-06
1435 3.70588e-06
1436 3.492e-06
1437 3.28978e-06
1438 3.09861e-06
1439 2.91793e-06
1440 2.74722e-06
1441 2.58594e-06
1442 2.43362e-06
1443 2.2898e-06
1444 2.15401e-06
1445 2.02586e-06
1446 1.90492e-06
1447 1.79083e-06
1448 1.68322e-06
1449 1.58174e-06
1450 1.48606e-06
1451 1.39588e-06
1452 1.3109e-06
1453 1.23083e-06
1454 1.1554e-06
1455 1.08438e-06
1456 1.0175e-06
1457 9.54544e-07
1458 8.95296e-07
1459 8.39549e-07
1460 7.87107e-07
1461 7.37785e-07
1462 6.91408e-07
1463 6.4781e-07
1464 6.06833e-07
1465 5.68328e-07
1466 5.32154e-07
1467 4.98177e-07
1468 4.66271e-07
1469 4.36317e-07
1470 4.082e-07
1471 3.81815e-07
1472 3.5706e-07
1473 3.3384e-07
1474 3.12063e-07
1475 2.91646e-07
1476 2.72506e-07
1477 2.54569e-07
1478 2.37763e-07
1479 2.22018e-07
1480 2.07273e-07
1481 1.93466e-07
1482 1.8054e-07
1483 1.68443e-07
1484 1.57122e-07
1485 1.46532e-07
1486 1.36626e-07
1487 1.27363e-07
1488 1.18703e-07
1489 1.10608e-07
1490 1.03043e-07
1491 9.59753e-08
1492 8.93734e-08
1493 8.32079e-08
1494 7.74513e-08
1495 7.20776e-08
1496 6.70625e-08
1497 6.23831e-08
1498 5.80178e-08
1499 5.39465e-08
1500 5.01503e-08
1501 4.66112e-08
1502 4.33127e-08
1503 4.0239e-08
1504 3.73755e-08
1505 3.47084e-08
1506 3.22247e-08
1507 2.99124e-08
1508 2.77601e-08
1509 2.57571e-08
1510 2.38936e-08
1511 2.21602e-08
1512 2.05481e-08
1513 1.90492e-08
1514 1.7656e-08
1515 1.63611e-08
1516 1.51579e-08
1517 1.40403e-08
1518 1.30022e-08
1519 1.20384e-08
1520 1.11436e-08
1521 1.03131e-08
1522 9.54247e-09
1523 8.82754e-09
1524 8.16443e-09
1525 7.54952e-09
1526 6.97943e-09
1527 6.45101e-09
1528 5.96133e-09
1529 5.50764e-09
1530 5.08739e-09
1531 4.6982e-09
1532 4.33786e-09
1533 4.0043e-09
1534 3.6956e-09
1535 3.40997e-09
1536 3.14575e-09
1537 2.90137e-09
1538 2.67541e-09
1539 2.46652e-09
1540 2.27346e-09
1541 2.09506e-09
1542 1.93024e-09
1543 1.77801e-09
1544 1.63744e-09
1545 1.50766e-09
1546 1.38786e-09
1547 1.27732e-09
1548 1.17532e-09
1549 1.08124e-09
1550 9.94481e-10
1551 9.14485e-10
1552 8.40743e-10
1553 7.72783e-10
1554 7.10164e-10
1555 6.52479e-10
1556 5.99352e-10
1557 5.50432e-10
1558 5.05397e-10
1559 4.63947e-10
1560 4.25806e-10
1561 3.90716e-10
1562 3.58441e-10
1563 3.28762e-10
1564 3.01475e-10
1565 2.76394e-10
1566 2.53345e-10
1567 2.32168e-10
1568 2.12716e-10
1569 1.94851e-10
1570 1.78449e-10
1571 1.63392e-10
1572 1.49574e-10
1573 1.36894e-10
1574 1.25263e-10
1575 1.14595e-10
1576 1.04813e-10
1577 9.58459e-11
1578 8.76268e-11
1579 8.00953e-11
1580 7.31954e-11
1581 6.68754e-11
1582 6.1088e-11
1583 5.57895e-11
1584 5.09395e-11
1585 4.65011e-11
1586 4.24403e-11
1587 3.87258e-11
1588 3.53288e-11
1589 3.22228e-11
1590 2.93836e-11
1591 2.67887e-11
1592 2.44178e-11
1593 2.22519e-11
1594 2.02737e-11
1595 1.84674e-11
1596 1.68184e-11
1597 1.53134e-11
1598 1.394e-11
1599 1.26871e-11
1600 1.15443e-11
1601 1.05022e-11
1602 9.55208e-12
1603 8.68605e-12
1604 7.89683e-12
1605 7.17778e-12
1606 6.52279e-12
1607 5.9263e-12
1608 5.38319e-12
1609 4.8888e-12
1610 4.43886e-12
1611 4.02946e-12
1612 3.65703e-12
1613 3.31831e-12
1614 3.01031e-12
1615 2.73031e-12
1616 2.47582e-12
1617 2.24457e-12
1618 2.03447e-12
1619 1.84365e-12
1620 1.67036e-12
1621 1.51303e-12
1622 1.37023e-12
1623 1.24064e-12
1624 1.12306e-12
1625 1.0164e-12
1626 9.19678e-13
1627 8.31978e-13
1628 7.52478e-13
1629 6.80428e-13
1630 6.15144e-13
1631 5.56003e-13
1632 5.0244e-13
1633 4.53938e-13
1634 4.1003e-13
1635 3.70289e-13
1636 3.34327e-13
1637 3.01793e-13
1638 2.72366e-13
1639 2.45754e-13
1640 2.21695e-13
1641 1.99948e-13
1642 1.80295e-13
1643 1.62539e-13
1644 1.465e-13
1645 1.32014e-13
1646 1.18936e-13
1647 1.07129e-13
1648 9.64742e-14
1649 8.68599e-14
1650 7.81868e-14
1651 7.03645e-14
1652 6.33111e-14
1653 5.69523e-14
1654 5.12211e-14
1655 4.60566e-14
1656 4.14039e-14
1657 3.72132e-14
1658 3.34393e-14
1659 3.00417e-14
1660 2.69834e-14
1661 2.42312e-14
1662 2.1755e-14
1663 1.95276e-14
1664 1.75244e-14
1665 1.57234e-14
1666 1.41043e-14
1667 1.26493e-14
1668 1.13419e-14
1669 1.01674e-14
1670 9.11255e-15
1671 8.16537e-15
1672 7.31506e-15
1673 6.55187e-15
1674 5.86704e-15
1675 5.25265e-15
1676 4.70157e-15
1677 4.2074e-15
1678 3.76436e-15
1679 3.36723e-15
1680 3.01135e-15
1681 2.69249e-15
1682 2.40688e-15
1683 2.15109e-15
1684 1.92208e-15
1685 1.71707e-15
1686 1.53359e-15
1687 1.36942e-15
1688 1.22256e-15
1689 1.09122e-15
1690 9.73769e-16
1691 8.68774e-16
1692 7.74931e-16
1693 6.91075e-16
1694 6.16159e-16
1695 5.49245e-16
1696 4.89491e-16
1697 4.36143e-16
1698 3.88525e-16
1699 3.4603e-16
1700 3.08117e-16
1701 2.74297e-16
1702 2.44137e-16
1703 2.17246e-16
1704 1.93274e-16
1705 1.7191e-16
1706 1.52875e-16
1707 1.35917e-16
1708 1.20815e-16
1709 1.07367e-16
1710 9.53949e-17
1711 8.47395e-17
1712 7.52579e-17
1713 6.68227e-17
1714 5.93199e-17
1715 5.26481e-17
1716 4.67165e-17
1717 4.14442e-17
1718 3.67588e-17
1719 3.25961e-17
1720 2.88984e-17
1721 2.56147e-17
1722 2.26991e-17
1723 2.0111e-17
1724 1.78141e-17
1725 1.57761e-17
1726 1.39682e-17
1727 1.23647e-17
1728 1.0943e-17
1729 9.68263e-18
1730 8.56555e-18
1731 7.57569e-18
1732 6.69877e-18
1733 5.92206e-18
1734 5.23427e-18
1735 4.62535e-18
1736 4.08637e-18
1737 3.60941e-18
1738 3.18743e-18
1739 2.81417e-18
1740 2.48408e-18
1741 2.19223e-18
1742 1.93424e-18
1743 1.70624e-18
1744 1.50479e-18
1745 1.32684e-18
1746 1.16967e-18
1747 1.0309e-18
1748 9.08389e-19
1749 8.00265e-19
1750 7.04857e-19
1751 6.20688e-19
1752 5.4645e-19
1753 4.80987e-19
1754 4.23273e-19
1755 3.72404e-19
1756 3.27576e-19
1757 2.88081e-19
1758 2.53293e-19
1759 2.22657e-19
1760 1.95684e-19
1761 1.71941e-19
1762 1.51045e-19
1763 1.3266e-19
1764 1.16487e-19
1765 1.02264e-19
1766 8.97577e-20
1767 7.87635e-20
1768 6.91009e-20
1769 6.06104e-20
1770 5.31515e-20
1771 4.66003e-20
1772 4.08477e-20
1773 3.57973e-20
1774 3.13645e-20
1775 2.74746e-20
1776 2.40619e-20
1777 2.10685e-20
1778 1.84434e-20
1779 1.61419e-20
1780 1.41244e-20
1781 1.23564e-20
1782 1.08074e-20
1783 9.45046e-21
1784 8.26209e-21
1785 7.22157e-21
1786 6.31071e-21
1787 5.51353e-21
1788 4.816e-21
1789 4.20579e-21
1790 3.67209e-21
1791 3.20542e-21
1792 2.79744e-21
1793 2.44085e-21
1794 2.12925e-21
1795 1.85702e-21
1796 1.61924e-21
1797 1.4116e-21
1798 1.23031e-21
1799 1.07207e-21
1800 9.33984e-22
1801 8.13502e-22
1802 7.08406e-22
1803 6.16753e-22
1804 5.3684e-22
1805 4.67178e-22
1806 4.06467e-22
1807 3.53568e-22
1808 3.07487e-22
1809 2.67352e-22
1810 2.32405e-22
1811 2.01982e-22
1812 1.75503e-22
1813 1.52461e-22
1814 1.32416e-22
1815 1.14981e-22
1816 9.98198e-23
1817 8.66386e-23
1818 7.51815e-23
1819 6.52252e-23
1820 5.65749e-23
1821 4.90611e-23
1822 4.25359e-23
1823 3.68704e-23
1824 3.19525e-23
1825 2.76845e-23
1826 2.39813e-23
1827 2.07689e-23
1828 1.79829e-23
1829 1.55671e-23
1830 1.3473e-23
1831 1.16579e-23
1832 1.00852e-23
1833 8.72274e-24
1834 7.54267e-24
1835 6.52081e-24
1836 5.63615e-24
1837 4.87044e-24
1838 4.20783e-24
1839 3.63457e-24
1840 3.13871e-24
1841 2.70991e-24
1842 2.33917e-24
1843 2.01871e-24
1844 1.74177e-24
1845 1.50249e-24
1846 1.29579e-24
1847 1.11729e-24
1848 9.63162e-25
1849 8.30114e-25
1850 7.15287e-25
1851 6.16208e-25
1852 5.30736e-25
1853 4.57019e-25
1854 3.93454e-25
1855 3.38656e-25
1856 2.91425e-25
1857 2.50727e-25
1858 2.15664e-25
1859 1.85464e-25
1860 1.59458e-25
1861 1.37068e-25
1862 1.17796e-25
1863 1.01212e-25
1864 8.69427e-26
1865 7.46691e-26
1866 6.4114e-26
1867 5.50388e-26
1868 4.72378e-26
1869 4.05335e-26
1870 3.47731e-26
1871 2.98247e-26
1872 2.55749e-26
1873 2.19258e-26
1874 1.87932e-26
1875 1.61047e-26
1876 1.37977e-26
1877 1.18185e-26
1878 1.01211e-26
1879 8.66549e-27
1880 7.4176e-27
1881 6.34802e-27
1882 5.43147e-27
1883 4.64623e-27
1884 3.97363e-27
1885 3.39765e-27
1886 2.90452e-27
1887 2.48241e-27
1888 2.12117e-27
1889 1.8121e-27
1890 1.54773e-27
1891 1.32163e-27
1892 1.12831e-27
1893 9.63056e-28
1894 8.21823e-28
1895 7.01147e-28
1896 5.98059e-28
1897 5.10015e-28
1898 4.34836e-28
1899 3.70657e-28
1900 3.1588e-28
1901 2.69139e-28
1902 2.29263e-28
1903 1.95253e-28
1904 1.6625e-28
1905 1.41525e-28
1906 1.2045e-28
1907 1.02491e-28
1908 8.71897e-29
1909 7.41566e-29
1910 6.30578e-29
1911 5.36083e-29
1912 4.55647e-29
1913 3.87195e-29
1914 3.28953e-29
1915 2.7941e-29
1916 2.37276e-29
1917 2.01451e-29
1918 1.70997e-29
1919 1.45115e-29
1920 1.23123e-29
1921 1.04441e-29
1922 8.85738e-30
1923 7.51007e-30
1924 6.36629e-30
1925 5.3955e-30
1926 4.57173e-30
1927 3.87289e-30
1928 3.28014e-30
1929 2.77749e-30
1930 2.35136e-30
1931 1.99015e-30
1932 1.68406e-30
1933 1.42473e-30
1934 1.20507e-30
1935 1.01905e-30
1936 8.6155e-31
1937 7.28234e-31
1938 6.1541e-31
1939 5.19948e-31
1940 4.39198e-31
1941 3.70907e-31
1942 3.13164e-31
1943 2.64352e-31
1944 2.23099e-31
1945 1.88242e-31
1946 1.58795e-31
1947 1.33925e-31
1948 1.12924e-31
1949 9.51963e-32
1950 8.02333e-32
1951 6.76069e-32
1952 5.69554e-32
1953 4.79711e-32
1954 4.0395e-32
1955 3.40077e-32
1956 2.86241e-32
1957 2.40875e-32
1958 2.02653e-32
1959 1.70458e-32
1960 1.43346e-32
1961 1.20519e-32
1962 1.01305e-32
1963 8.51349e-33
1964 7.15301e-33
1965 6.00859e-33
1966 5.04614e-33
1967 4.23692e-33
1968 3.55667e-33
1969 2.98498e-33
1970 2.50462e-33
1971 2.10109e-33
1972 1.76218e-33
1973 1.47762e-33
1974 1.23872e-33
1975 1.03822e-33
1976 8.69982e-34
1977 7.2884e-34
1978 6.10459e-34
1979 5.11194e-34
1980 4.27975e-34
1981 3.58223e-34
1982 2.99772e-34
1983 2.50802e-34
1984 2.09786e-34
1985 1.75439e-34
1986 1.46681e-34
1987 1.2261e-34
1988 1.02467e-34
1989 8.56132e-35
1990 7.15163e-35
1991 5.97269e-35
1992 4.98697e-35
1993 4.163e-35
1994 3.47439e-35
1995 2.89904e-35
1996 2.41843e-35
1997 2.01705e-35
1998 1.68189e-35
1999 1.40213e-35
2000 1.16863e-35
2001 9.73788e-36
2002 8.11259e-36
2003 6.75687e-36
2004 5.62658e-36
2005 4.68444e-36
2006 3.89903e-36
2007 3.24448e-36
2008 2.69924e-36
2009 2.24521e-36
2010 1.86708e-36
2011 1.55221e-36
2012 1.29019e-36
2013 1.07216e-36
2014 8.90733e-37
2015 7.39829e-37
2016 6.14354e-37
2017 5.10037e-37
2018 4.23317e-37
2019 3.51241e-37
2020 2.91368e-37
2021 2.41641e-37
2022 2.00335e-37
2023 1.66038e-37
2024 1.37575e-37
2025 1.13954e-37
2026 9.43507e-38
2027 7.80895e-38
2028 6.46051e-38
2029 5.34247e-38
2030 4.41564e-38
2031 3.64755e-38
2032 3.01113e-38
2033 2.48398e-38
2034 2.04741e-38
2035 1.686e-38
2036 1.38691e-38
2037 1.13944e-38
2038 9.34787e-39
2039 7.65637e-39
2040 6.25931e-39
2041 5.10607e-39
2042 4.15516e-39
2043 3.37249e-39
2044 2.72962e-39
2045 2.20304e-39
2046 1.77355e-39
2047 1.42557e-39
