0 2.04453e-58
1 1.78637e-58
2 1.69442e-58
3 1.7613e-58
4 1.99002e-58
5 2.39415e-58
6 2.99855e-58
7 3.84095e-58
8 4.97423e-58
9 6.46965e-58
10 8.42136e-58
11 1.09521e-57
12 1.42209e-57
13 1.84329e-57
14 2.38519e-57
15 3.08167e-57
16 3.97619e-57
17 5.12447e-57
18 6.59788e-57
19 8.48781e-57
20 1.09113e-56
21 1.4018e-56
22 1.79995e-56
23 2.31009e-56
24 2.96355e-56
25 3.80037e-56
26 4.87175e-56
27 6.24309e-56
28 7.99796e-56
29 1.02431e-55
30 1.31147e-55
31 1.67867e-55
32 2.1481e-55
33 2.7481e-55
34 3.51478e-55
35 4.4942e-55
36 5.7451e-55
37 7.34233e-55
38 9.38127e-55
39 1.19834e-54
40 1.53036e-54
41 1.95388e-54
42 2.49399e-54
43 3.1826e-54
44 4.06033e-54
45 5.17884e-54
46 6.60379e-54
47 8.41868e-54
48 1.07296e-53
49 1.36714e-53
50 1.74153e-53
51 2.21787e-53
52 2.82375e-53
53 3.59422e-53
54 4.57369e-53
55 5.81854e-53
56 7.40023e-53
57 9.40934e-53
58 1.19607e-52
59 1.51996e-52
60 1.93104e-52
61 2.45261e-52
62 3.1142e-52
63 3.95314e-52
64 5.01668e-52
65 6.36454e-52
66 8.07224e-52
67 1.02352e-51
68 1.2974e-51
69 1.6441e-51
70 2.08284e-51
71 2.63789e-51
72 3.33988e-51
73 4.22744e-51
74 5.3493e-51
75 6.76688e-51
76 8.55759e-51
77 1.0819e-50
78 1.36739e-50
79 1.72771e-50
80 2.18233e-50
81 2.75576e-50
82 3.47883e-50
83 4.39032e-50
84 5.53899e-50
85 6.98614e-50
86 8.80877e-50
87 1.11036e-49
88 1.39923e-49
89 1.76272e-49
90 2.21999e-49
91 2.79508e-49
92 3.51811e-49
93 4.4269e-49
94 5.56885e-49
95 7.00337e-49
96 8.80491e-49
97 1.10667e-48
98 1.39057e-48
99 1.7468e-48
100 2.19368e-48
101 2.75411e-48
102 3.45678e-48
103 4.33754e-48
104 5.44124e-48
105 6.82392e-48
106 8.55568e-48
107 1.07241e-47
108 1.34385e-47
109 1.68355e-47
110 2.10858e-47
111 2.64023e-47
112 3.30507e-47
113 4.13628e-47
114 5.17523e-47
115 6.4735e-47
116 8.09543e-47
117 1.01212e-46
118 1.26508e-46
119 1.58088e-46
120 1.97502e-46
121 2.46683e-46
122 3.08035e-46
123 3.84554e-46
124 4.79966e-46
125 5.98907e-46
126 7.47144e-46
127 9.31851e-46
128 1.16194e-45
129 1.4485e-45
130 1.80531e-45
131 2.24948e-45
132 2.80226e-45
133 3.49005e-45
134 4.34562e-45
135 5.40965e-45
136 6.73261e-45
137 8.3771e-45
138 1.04208e-44
139 1.29599e-44
140 1.61139e-44
141 2.00306e-44
142 2.48933e-44
143 3.09289e-44
144 3.84186e-44
145 4.77102e-44
146 5.92343e-44
147 7.35239e-44
148 9.12379e-44
149 1.13191e-43
150 1.40392e-43
151 1.74085e-43
152 2.15808e-43
153 2.67464e-43
154 3.31398e-43
155 4.10509e-43
156 5.08374e-43
157 6.29404e-43
158 7.79044e-43
159 9.64006e-43
160 1.19257e-42
161 1.47492e-42
162 1.82365e-42
163 2.25421e-42
164 2.78569e-42
165 3.44154e-42
166 4.25066e-42
167 5.24857e-42
168 6.47899e-42
169 7.99568e-42
170 9.86471e-42
171 1.21673e-41
172 1.50033e-41
173 1.84952e-41
174 2.27936e-41
175 2.80832e-41
176 3.4591e-41
177 4.25951e-41
178 5.2437e-41
179 6.45353e-41
180 7.94032e-41
181 9.767e-41
182 1.20107e-40
183 1.47657e-40
184 1.81479e-40
185 2.22987e-40
186 2.73916e-40
187 3.36388e-40
188 4.12998e-40
189 5.06921e-40
190 6.22041e-40
191 7.63105e-40
192 9.35914e-40
193 1.14756e-39
194 1.40671e-39
195 1.72393e-39
196 2.11216e-39
197 2.58715e-39
198 3.16817e-39
199 3.87871e-39
200 4.74741e-39
201 5.80923e-39
202 7.1068e-39
203 8.69206e-39
204 1.06283e-38
205 1.29928e-38
206 1.58795e-38
207 1.94028e-38
208 2.37021e-38
209 2.89473e-38
210 3.53447e-38
211 4.31457e-38
212 5.26561e-38
213 6.42476e-38
214 7.83724e-38
215 9.558e-38
216 1.16538e-37
217 1.42059e-37
218 1.73127e-37
219 2.10941e-37
220 2.56953e-37
221 3.12928e-37
222 3.81006e-37
223 4.63786e-37
224 5.64417e-37
225 6.86719e-37
226 8.35323e-37
227 1.01584e-36
228 1.23507e-36
229 1.50126e-36
230 1.82437e-36
231 2.21648e-36
232 2.69221e-36
233 3.26925e-36
234 3.96898e-36
235 4.81729e-36
236 5.84544e-36
237 7.09126e-36
238 8.60042e-36
239 1.04281e-35
240 1.2641e-35
241 1.53195e-35
242 1.85609e-35
243 2.24822e-35
244 2.72249e-35
245 3.29594e-35
246 3.98914e-35
247 4.82687e-35
248 5.83897e-35
249 7.06142e-35
250 8.53753e-35
251 1.03194e-34
252 1.24699e-34
253 1.50646e-34
254 1.81941e-34
255 2.19679e-34
256 2.65174e-34
257 3.20004e-34
258 3.86066e-34
259 4.65641e-34
260 5.61467e-34
261 6.7683e-34
262 8.15678e-34
263 9.82745e-34
264 1.18371e-33
265 1.4254e-33
266 1.71597e-33
267 2.06522e-33
268 2.4849e-33
269 2.98907e-33
270 3.59459e-33
271 4.32164e-33
272 5.19438e-33
273 6.24175e-33
274 7.49836e-33
275 9.00563e-33
276 1.08131e-32
277 1.29801e-32
278 1.55773e-32
279 1.86896e-32
280 2.2418e-32
281 2.68835e-32
282 3.22305e-32
283 3.86314e-32
284 4.62922e-32
285 5.54586e-32
286 6.64239e-32
287 7.9538e-32
288 9.52184e-32
289 1.13963e-31
290 1.36364e-31
291 1.63131e-31
292 1.95104e-31
293 2.3329e-31
294 2.78884e-31
295 3.33309e-31
296 3.98263e-31
297 4.75763e-31
298 5.68211e-31
299 6.78464e-31
300 8.09921e-31
301 9.66621e-31
302 1.15337e-30
303 1.37587e-30
304 1.64091e-30
305 1.95654e-30
306 2.33234e-30
307 2.77965e-30
308 3.31197e-30
309 3.94527e-30
310 4.69855e-30
311 5.5943e-30
312 6.65921e-30
313 7.92488e-30
314 9.42881e-30
315 1.12154e-29
316 1.33371e-29
317 1.58563e-29
318 1.88467e-29
319 2.23952e-29
320 2.66052e-29
321 3.15985e-29
322 3.75194e-29
323 4.45381e-29
324 5.2856e-29
325 6.2711e-29
326 7.43838e-29
327 8.82061e-29
328 1.04569e-28
329 1.23935e-28
330 1.46847e-28
331 1.73948e-28
332 2.05996e-28
333 2.43882e-28
334 2.88657e-28
335 3.41559e-28
336 4.04046e-28
337 4.77835e-28
338 5.64944e-28
339 6.67751e-28
340 7.8905e-28
341 9.32127e-28
342 1.10085e-27
343 1.29975e-27
344 1.53417e-27
345 1.81038e-27
346 2.13573e-27
347 2.51887e-27
348 2.96994e-27
349 3.50084e-27
350 4.12553e-27
351 4.8604e-27
352 5.72463e-27
353 6.74075e-27
354 7.93513e-27
355 9.3387e-27
356 1.09877e-26
357 1.29244e-26
358 1.51987e-26
359 1.78685e-26
360 2.1002e-26
361 2.46788e-26
362 2.89919e-26
363 3.40504e-26
364 3.99815e-26
365 4.69342e-26
366 5.50824e-26
367 6.46295e-26
368 7.5813e-26
369 8.89104e-26
370 1.04245e-25
371 1.22196e-25
372 1.43204e-25
373 1.67784e-25
374 1.96537e-25
375 2.30163e-25
376 2.6948e-25
377 3.15438e-25
378 3.69149e-25
379 4.31905e-25
380 5.05212e-25
381 5.90824e-25
382 6.90782e-25
383 8.07464e-25
384 9.43634e-25
385 1.10251e-24
386 1.28783e-24
387 1.50395e-24
388 1.75592e-24
389 2.04962e-24
390 2.39187e-24
391 2.7906e-24
392 3.25501e-24
393 3.79578e-24
394 4.42531e-24
395 5.15797e-24
396 6.01043e-24
397 7.00202e-24
398 8.15514e-24
399 9.49574e-24
400 1.10539e-23
401 1.28644e-23
402 1.49675e-23
403 1.74098e-23
404 2.02453e-23
405 2.35364e-23
406 2.7355e-23
407 3.17846e-23
408 3.69214e-23
409 4.28766e-23
410 4.97785e-23
411 5.77755e-23
412 6.70383e-23
413 7.77643e-23
414 9.0181e-23
415 1.04551e-22
416 1.21175e-22
417 1.40404e-22
418 1.62636e-22
419 1.88336e-22
420 2.18033e-22
421 2.52341e-22
422 2.91962e-22
423 3.37708e-22
424 3.90509e-22
425 4.51435e-22
426 5.21717e-22
427 6.02769e-22
428 6.96213e-22
429 8.03915e-22
430 9.28015e-22
431 1.07097e-21
432 1.2356e-21
433 1.42514e-21
434 1.64329e-21
435 1.89432e-21
436 2.1831e-21
437 2.51521e-21
438 2.89707e-21
439 3.33601e-21
440 3.84044e-21
441 4.41998e-21
442 5.08564e-21
443 5.85005e-21
444 6.72763e-21
445 7.7349e-21
446 8.89074e-21
447 1.02168e-20
448 1.17377e-20
449 1.34817e-20
450 1.54811e-20
451 1.77728e-20
452 2.03989e-20
453 2.34074e-20
454 2.68534e-20
455 3.07996e-20
456 3.53174e-20
457 4.04888e-20
458 4.64067e-20
459 5.31774e-20
460 6.09222e-20
461 6.97793e-20
462 7.99059e-20
463 9.14815e-20
464 1.0471e-19
465 1.19825e-19
466 1.37091e-19
467 1.56809e-19
468 1.79322e-19
469 2.0502e-19
470 2.34348e-19
471 2.67808e-19
472 3.05975e-19
473 3.49498e-19
474 3.99118e-19
475 4.55674e-19
476 5.20117e-19
477 5.9353e-19
478 6.77137e-19
479 7.72328e-19
480 8.80677e-19
481 1.00397e-18
482 1.14423e-18
483 1.30374e-18
484 1.48508e-18
485 1.6912e-18
486 1.92541e-18
487 2.19144e-18
488 2.49353e-18
489 2.83647e-18
490 3.22564e-18
491 3.66715e-18
492 4.16788e-18
493 4.73558e-18
494 5.379e-18
495 6.108e-18
496 6.93369e-18
497 7.8686e-18
498 8.9268e-18
499 1.01242e-17
500 1.14786e-17
501 1.301e-17
502 1.47412e-17
503 1.66974e-17
504 1.89071e-17
505 2.14025e-17
506 2.42194e-17
507 2.73983e-17
508 3.09846e-17
509 3.5029e-17
510 3.95886e-17
511 4.47274e-17
512 5.05172e-17
513 5.70384e-17
514 6.4381e-17
515 7.2646e-17
516 8.19465e-17
517 9.2409e-17
518 1.04175e-16
519 1.17404e-16
520 1.32272e-16
521 1.48979e-16
522 1.67747e-16
523 1.88823e-16
524 2.12487e-16
525 2.39048e-16
526 2.68853e-16
527 3.02292e-16
528 3.39797e-16
529 3.81853e-16
530 4.29001e-16
531 4.81846e-16
532 5.41063e-16
533 6.07406e-16
534 6.81716e-16
535 7.64933e-16
536 8.58105e-16
537 9.62403e-16
538 1.07913e-15
539 1.20974e-15
540 1.35587e-15
541 1.51931e-15
542 1.7021e-15
543 1.90647e-15
544 2.13494e-15
545 2.39031e-15
546 2.67567e-15
547 2.99451e-15
548 3.35067e-15
549 3.74846e-15
550 4.19264e-15
551 4.68855e-15
552 5.24209e-15
553 5.85983e-15
554 6.54909e-15
555 7.31798e-15
556 8.17553e-15
557 9.13173e-15
558 1.01977e-14
559 1.13858e-14
560 1.27097e-14
561 1.41845e-14
562 1.5827e-14
563 1.76559e-14
564 1.96918e-14
565 2.19574e-14
566 2.44779e-14
567 2.72813e-14
568 3.03984e-14
569 3.38632e-14
570 3.77132e-14
571 4.19901e-14
572 4.67394e-14
573 5.20116e-14
574 5.78623e-14
575 6.43526e-14
576 7.15499e-14
577 7.95281e-14
578 8.83687e-14
579 9.81612e-14
580 1.09004e-13
581 1.21004e-13
582 1.34281e-13
583 1.48963e-13
584 1.65194e-13
585 1.83128e-13
586 2.02936e-13
587 2.24804e-13
588 2.48937e-13
589 2.75556e-13
590 3.04905e-13
591 3.37251e-13
592 3.72882e-13
593 4.12115e-13
594 4.55295e-13
595 5.02797e-13
596 5.55031e-13
597 6.12442e-13
598 6.75516e-13
599 7.44781e-13
600 8.2081e-13
601 9.04228e-13
602 9.95713e-13
603 1.096e-12
604 1.2059e-12
605 1.32627e-12
606 1.45806e-12
607 1.6023e-12
608 1.7601e-12
609 1.93267e-12
610 2.12132e-12
611 2.32748e-12
612 2.55268e-12
613 2.79861e-12
614 3.06709e-12
615 3.36009e-12
616 3.67975e-12
617 4.0284e-12
618 4.40856e-12
619 4.82298e-12
620 5.27463e-12
621 5.76675e-12
622 6.30283e-12
623 6.8867e-12
624 7.5225e-12
625 8.21473e-12
626 8.96828e-12
627 9.78848e-12
628 1.06811e-11
629 1.16525e-11
630 1.27094e-11
631 1.38594e-11
632 1.51104e-11
633 1.64715e-11
634 1.7952e-11
635 1.95626e-11
636 2.13146e-11
637 2.32204e-11
638 2.52934e-11
639 2.75484e-11
640 3.00014e-11
641 3.26697e-11
642 3.55725e-11
643 3.87302e-11
644 4.21653e-11
645 4.59024e-11
646 4.99679e-11
647 5.43908e-11
648 5.92025e-11
649 6.44371e-11
650 7.01319e-11
651 7.6327e-11
652 8.30662e-11
653 9.03969e-11
654 9.83705e-11
655 1.07043e-10
656 1.16474e-10
657 1.26729e-10
658 1.3788e-10
659 1.50001e-10
660 1.63176e-10
661 1.77493e-10
662 1.93048e-10
663 2.09944e-10
664 2.28292e-10
665 2.48212e-10
666 2.69831e-10
667 2.93287e-10
668 3.18727e-10
669 3.46309e-10
670 3.76201e-10
671 4.08584e-10
672 4.4365e-10
673 4.81603e-10
674 5.22662e-10
675 5.67057e-10
676 6.15036e-10
677 6.66858e-10
678 7.228e-10
679 7.83153e-10
680 8.48225e-10
681 9.18342e-10
682 9.93844e-10
683 1.07509e-09
684 1.16246e-09
685 1.25634e-09
686 1.35715e-09
687 1.46532e-09
688 1.58129e-09
689 1.70553e-09
690 1.83853e-09
691 1.98078e-09
692 2.1328e-09
693 2.29513e-09
694 2.4683e-09
695 2.65289e-09
696 2.84946e-09
697 3.05861e-09
698 3.28093e-09
699 3.51702e-09
700 3.76749e-09
701 4.03298e-09
702 4.31408e-09
703 4.61143e-09
704 4.92564e-09
705 5.25733e-09
706 5.60709e-09
707 5.97553e-09
708 6.36323e-09
709 6.77075e-09
710 7.19863e-09
711 7.64739e-09
712 8.11754e-09
713 8.60952e-09
714 9.12378e-09
715 9.66071e-09
716 1.02207e-08
717 1.08039e-08
718 1.14108e-08
719 1.20415e-08
720 1.26963e-08
721 1.33751e-08
722 1.40782e-08
723 1.48056e-08
724 1.55572e-08
725 1.6333e-08
726 1.71329e-08
727 1.79568e-08
728 1.88046e-08
729 1.96761e-08
730 2.05712e-08
731 2.14897e-08
732 2.24315e-08
733 2.33965e-08
734 2.43848e-08
735 2.53964e-08
736 2.64315e-08
737 2.74905e-08
738 2.8574e-08
739 2.96827e-08
740 3.08177e-08
741 3.19804e-08
742 3.31724e-08
743 3.43959e-08
744 3.56536e-08
745 3.69488e-08
746 3.82853e-08
747 3.96676e-08
748 4.11012e-08
749 4.25924e-08
750 4.41484e-08
751 4.57778e-08
752 4.749e-08
753 4.92962e-08
754 5.12087e-08
755 5.32418e-08
756 5.54112e-08
757 5.77347e-08
758 6.02322e-08
759 6.29256e-08
760 6.58397e-08
761 6.90013e-08
762 7.24405e-08
763 7.619e-08
764 8.02858e-08
765 8.47673e-08
766 8.96775e-08
767 9.50632e-08
768 1.00975e-07
769 1.07468e-07
770 1.14602e-07
771 1.22441e-07
772 1.31054e-07
773 1.40515e-07
774 1.50903e-07
775 1.62304e-07
776 1.74809e-07
777 1.88514e-07
778 2.03522e-07
779 2.19943e-07
780 2.37893e-07
781 2.57493e-07
782 2.78875e-07
783 3.02174e-07
784 3.27534e-07
785 3.55106e-07
786 3.85048e-07
787 4.17527e-07
788 4.52714e-07
789 4.90792e-07
790 5.31947e-07
791 5.76376e-07
792 6.24281e-07
793 6.75873e-07
794 7.31369e-07
795 7.90993e-07
796 8.54978e-07
797 9.23559e-07
798 9.96982e-07
799 1.0755e-06
800 1.15936e-06
801 1.24883e-06
802 1.34418e-06
803 1.44567e-06
804 1.55358e-06
805 1.66819e-06
806 1.78979e-06
807 1.91864e-06
808 2.05505e-06
809 2.19929e-06
810 2.35166e-06
811 2.51244e-06
812 2.68192e-06
813 2.86039e-06
814 3.04812e-06
815 3.24541e-06
816 3.45253e-06
817 3.66976e-06
818 3.89736e-06
819 4.1356e-06
820 4.38474e-06
821 4.64505e-06
822 4.91675e-06
823 5.20011e-06
824 5.49535e-06
825 5.80269e-06
826 6.12238e-06
827 6.45461e-06
828 6.79959e-06
829 7.15754e-06
830 7.52864e-06
831 7.91309e-06
832 8.31108e-06
833 8.72279e-06
834 9.14841e-06
835 9.58813e-06
836 1.00421e-05
837 1.05106e-05
838 1.09937e-05
839 1.14917e-05
840 1.20048e-05
841 1.25333e-05
842 1.30773e-05
843 1.36372e-05
844 1.42133e-05
845 1.48059e-05
846 1.54153e-05
847 1.60421e-05
848 1.66867e-05
849 1.73496e-05
850 1.80314e-05
851 1.87328e-05
852 1.94544e-05
853 2.01973e-05
854 2.09622e-05
855 2.17502e-05
856 2.25625e-05
857 2.34004e-05
858 2.42652e-05
859 2.51585e-05
860 2.60821e-05
861 2.70378e-05
862 2.80279e-05
863 2.90545e-05
864 3.01201e-05
865 3.12276e-05
866 3.23798e-05
867 3.35802e-05
868 3.48321e-05
869 3.61395e-05
870 3.75064e-05
871 3.89373e-05
872 4.04372e-05
873 4.2011e-05
874 4.36645e-05
875 4.54036e-05
876 4.72348e-05
877 4.91648e-05
878 5.12009e-05
879 5.33511e-05
880 5.56236e-05
881 5.80272e-05
882 6.05713e-05
883 6.3266e-05
884 6.61216e-05
885 6.91495e-05
886 7.23613e-05
887 7.57695e-05
888 7.93873e-05
889 8.32284e-05
890 8.73074e-05
891 9.16395e-05
892 9.62408e-05
893 0.000101128
894 0.000106319
895 0.000111831
896 0.000117685
897 0.0001239
898 0.000130497
899 0.000137499
900 0.000144926
901 0.000152805
902 0.000161158
903 0.000170011
904 0.000179392
905 0.000189326
906 0.000199843
907 0.000210972
908 0.000222743
909 0.000235188
910 0.000248339
911 0.000262229
912 0.000276893
913 0.000292365
914 0.000308683
915 0.000325884
916 0.000344006
917 0.000363087
918 0.00038317
919 0.000404295
920 0.000426503
921 0.00044984
922 0.000474348
923 0.000500073
924 0.00052706
925 0.000555358
926 0.000585013
927 0.000616074
928 0.000648591
929 0.000682614
930 0.000718194
931 0.000755382
932 0.000794231
933 0.000834795
934 0.000877127
935 0.00092128
936 0.000967311
937 0.00101527
938 0.00106523
939 0.00111722
940 0.00117132
941 0.00122758
942 0.00128605
943 0.00134679
944 0.00140986
945 0.00147532
946 0.00154322
947 0.00161363
948 0.00168659
949 0.00176217
950 0.00184043
951 0.00192141
952 0.00200518
953 0.00209179
954 0.0021813
955 0.00227375
956 0.00236921
957 0.00246772
958 0.00256934
959 0.00267412
960 0.0027821
961 0.00289334
962 0.00300788
963 0.00312577
964 0.00324705
965 0.00337177
966 0.00349995
967 0.00363165
968 0.0037669
969 0.00390574
970 0.00404819
971 0.00419429
972 0.00434407
973 0.00449755
974 0.00465475
975 0.0048157
976 0.00498041
977 0.0051489
978 0.00532118
979 0.00549725
980 0.00567714
981 0.00586083
982 0.00604833
983 0.00623963
984 0.00643472
985 0.0066336
986 0.00683625
987 0.00704265
988 0.00725277
989 0.0074666
990 0.00768409
991 0.00790522
992 0.00812995
993 0.00835823
994 0.00859001
995 0.00882525
996 0.00906389
997 0.00930586
998 0.0095511
999 0.00979955
1000 0.0100511
1001 0.0103057
1002 0.0105633
1003 0.0108238
1004 0.011087
1005 0.011353
1006 0.0116215
1007 0.0118925
1008 0.0121659
1009 0.0124415
1010 0.0127193
1011 0.012999
1012 0.0132807
1013 0.013564
1014 0.013849
1015 0.0141355
1016 0.0144233
1017 0.0147122
1018 0.0150022
1019 0.015293
1020 0.0155846
1021 0.0158766
1022 0.0161691
1023 0.0164617
1024 0.0167543
1025 0.0170468
1026 0.0173389
1027 0.0176305
1028 0.0179214
1029 0.0182114
1030 0.0185003
1031 0.018788
1032 0.0190741
1033 0.0193586
1034 0.0196412
1035 0.0199217
1036 0.0202
1037 0.0204758
1038 0.0207489
1039 0.0210192
1040 0.0212864
1041 0.0215503
1042 0.0218108
1043 0.0220675
1044 0.0223205
1045 0.0225693
1046 0.0228139
1047 0.023054
1048 0.0232895
1049 0.0235201
1050 0.0237458
1051 0.0239662
1052 0.0241812
1053 0.0243907
1054 0.0245944
1055 0.0247922
1056 0.024984
1057 0.0251695
1058 0.0253486
1059 0.0255211
1060 0.025687
1061 0.025846
1062 0.025998
1063 0.0261429
1064 0.0262806
1065 0.0264109
1066 0.0265337
1067 0.026649
1068 0.0267566
1069 0.0268564
1070 0.0269483
1071 0.0270323
1072 0.0271082
1073 0.0271761
1074 0.0272357
1075 0.0272872
1076 0.0273305
1077 0.0273654
1078 0.027392
1079 0.0274103
1080 0.0274202
1081 0.0274218
1082 0.0274149
1083 0.0273998
1084 0.0273762
1085 0.0273443
1086 0.0273042
1087 0.0272558
1088 0.0271991
1089 0.0271343
1090 0.0270614
1091 0.0269805
1092 0.0268916
1093 0.0267948
1094 0.0266902
1095 0.0265779
1096 0.026458
1097 0.0263307
1098 0.0261959
1099 0.0260539
1100 0.0259048
1101 0.0257487
1102 0.0255857
1103 0.025416
1104 0.0252397
1105 0.025057
1106 0.0248681
1107 0.024673
1108 0.0244721
1109 0.0242653
1110 0.024053
1111 0.0238353
1112 0.0236124
1113 0.0233844
1114 0.0231516
1115 0.0229141
1116 0.0226721
1117 0.0224259
1118 0.0221755
1119 0.0219213
1120 0.0216635
1121 0.0214021
1122 0.0211374
1123 0.0208697
1124 0.0205991
1125 0.0203258
1126 0.0200501
1127 0.019772
1128 0.0194919
1129 0.0192099
1130 0.0189263
1131 0.0186411
1132 0.0183547
1133 0.0180672
1134 0.0177788
1135 0.0174896
1136 0.0172
1137 0.01691
1138 0.0166198
1139 0.0163296
1140 0.0160397
1141 0.0157501
1142 0.015461
1143 0.0151727
1144 0.0148852
1145 0.0145987
1146 0.0143134
1147 0.0140294
1148 0.0137469
1149 0.013466
1150 0.0131868
1151 0.0129095
1152 0.0126342
1153 0.012361
1154 0.0120901
1155 0.0118215
1156 0.0115554
1157 0.0112919
1158 0.011031
1159 0.0107729
1160 0.0105177
1161 0.0102654
1162 0.0100161
1163 0.00976991
1164 0.00952691
1165 0.00928714
1166 0.00905068
1167 0.00881758
1168 0.00858788
1169 0.00836165
1170 0.00813892
1171 0.00791974
1172 0.00770414
1173 0.00749215
1174 0.0072838
1175 0.00707911
1176 0.0068781
1177 0.00668079
1178 0.00648719
1179 0.0062973
1180 0.00611114
1181 0.0059287
1182 0.00574998
1183 0.00557497
1184 0.00540367
1185 0.00523606
1186 0.00507213
1187 0.00491186
1188 0.00475523
1189 0.00460222
1190 0.0044528
1191 0.00430694
1192 0.00416461
1193 0.00402579
1194 0.00389043
1195 0.0037585
1196 0.00362995
1197 0.00350477
1198 0.00338288
1199 0.00326427
1200 0.00314888
1201 0.00303666
1202 0.00292757
1203 0.00282156
1204 0.00271858
1205 0.00261858
1206 0.00252152
1207 0.00242733
1208 0.00233596
1209 0.00224737
1210 0.0021615
1211 0.00207829
1212 0.0019977
1213 0.00191967
1214 0.00184413
1215 0.00177105
1216 0.00170036
1217 0.00163201
1218 0.00156595
1219 0.00150212
1220 0.00144047
1221 0.00138094
1222 0.00132348
1223 0.00126804
1224 0.00121457
1225 0.001163
1226 0.00111331
1227 0.00106542
1228 0.00101929
1229 0.000974879
1230 0.000932127
1231 0.00089099
1232 0.000851419
1233 0.000813368
1234 0.00077679
1235 0.000741641
1236 0.000707877
1237 0.000675452
1238 0.000644325
1239 0.000614454
1240 0.000585797
1241 0.000558314
1242 0.000531966
1243 0.000506714
1244 0.000482521
1245 0.00045935
1246 0.000437164
1247 0.00041593
1248 0.000395612
1249 0.000376178
1250 0.000357595
1251 0.000339832
1252 0.000322857
1253 0.000306642
1254 0.000291157
1255 0.000276375
1256 0.000262267
1257 0.000248808
1258 0.000235971
1259 0.000223732
1260 0.000212066
1261 0.000200952
1262 0.000190364
1263 0.000180283
1264 0.000170686
1265 0.000161554
1266 0.000152867
1267 0.000144605
1268 0.00013675
1269 0.000129285
1270 0.000122192
1271 0.000115455
1272 0.000109058
1273 0.000102987
1274 9.7225e-05
1275 9.17593e-05
1276 8.65761e-05
1277 8.16622e-05
1278 7.70052e-05
1279 7.25929e-05
1280 6.84139e-05
1281 6.4457e-05
1282 6.07115e-05
1283 5.71673e-05
1284 5.38147e-05
1285 5.06441e-05
1286 4.76467e-05
1287 4.48139e-05
1288 4.21374e-05
1289 3.96095e-05
1290 3.72226e-05
1291 3.49695e-05
1292 3.28434e-05
1293 3.08378e-05
1294 2.89463e-05
1295 2.71632e-05
1296 2.54825e-05
1297 2.38991e-05
1298 2.24076e-05
1299 2.10032e-05
1300 1.96812e-05
1301 1.84372e-05
1302 1.72668e-05
1303 1.61662e-05
1304 1.51314e-05
1305 1.41588e-05
1306 1.32449e-05
1307 1.23865e-05
1308 1.15804e-05
1309 1.08237e-05
1310 1.01135e-05
1311 9.44727e-06
1312 8.82241e-06
1313 8.23653e-06
1314 7.68737e-06
1315 7.17278e-06
1316 6.69074e-06
1317 6.23931e-06
1318 5.8167e-06
1319 5.42116e-06
1320 5.05109e-06
1321 4.70495e-06
1322 4.38129e-06
1323 4.07873e-06
1324 3.79599e-06
1325 3.53185e-06
1326 3.28516e-06
1327 3.05483e-06
1328 2.83985e-06
1329 2.63925e-06
1330 2.45213e-06
1331 2.27764e-06
1332 2.11496e-06
1333 1.96335e-06
1334 1.82209e-06
1335 1.69052e-06
1336 1.56801e-06
1337 1.45397e-06
1338 1.34784e-06
1339 1.24911e-06
1340 1.15728e-06
1341 1.07191e-06
1342 9.92555e-07
1343 9.18817e-07
1344 8.5032e-07
1345 7.86709e-07
1346 7.27653e-07
1347 6.72843e-07
1348 6.21987e-07
1349 5.74816e-07
1350 5.31073e-07
1351 4.90523e-07
1352 4.52944e-07
1353 4.18127e-07
1354 3.85879e-07
1355 3.5602e-07
1356 3.2838e-07
1357 3.02802e-07
1358 2.7914e-07
1359 2.57255e-07
1360 2.37021e-07
1361 2.18318e-07
1362 2.01035e-07
1363 1.8507e-07
1364 1.70325e-07
1365 1.56713e-07
1366 1.44148e-07
1367 1.32555e-07
1368 1.2186e-07
1369 1.11998e-07
1370 1.02906e-07
1371 9.45259e-08
1372 8.68046e-08
1373 7.96923e-08
1374 7.31427e-08
1375 6.71132e-08
1376 6.15639e-08
1377 5.64581e-08
1378 5.17617e-08
1379 4.7443e-08
1380 4.34728e-08
1381 3.98241e-08
1382 3.64717e-08
1383 3.33925e-08
1384 3.05649e-08
1385 2.79693e-08
1386 2.55871e-08
1387 2.34014e-08
1388 2.13967e-08
1389 1.95585e-08
1390 1.78733e-08
1391 1.63289e-08
1392 1.4914e-08
1393 1.36179e-08
1394 1.24312e-08
1395 1.13448e-08
1396 1.03505e-08
1397 9.4409e-09
1398 8.60887e-09
1399 7.84806e-09
1400 7.15255e-09
1401 6.51693e-09
1402 5.93619e-09
1403 5.40575e-09
1404 4.92139e-09
1405 4.47922e-09
1406 4.07568e-09
1407 3.70749e-09
1408 3.37166e-09
1409 3.06543e-09
1410 2.78626e-09
1411 2.53183e-09
1412 2.30002e-09
1413 2.08887e-09
1414 1.8966e-09
1415 1.72156e-09
1416 1.56225e-09
1417 1.41731e-09
1418 1.28547e-09
1419 1.16557e-09
1420 1.05658e-09
1421 9.57521e-10
1422 8.67516e-10
1423 7.8576e-10
1424 7.11518e-10
1425 6.44117e-10
1426 5.82945e-10
1427 5.2744e-10
1428 4.77092e-10
1429 4.31434e-10
1430 3.90041e-10
1431 3.52525e-10
1432 3.18532e-10
1433 2.87739e-10
1434 2.59854e-10
1435 2.34608e-10
1436 2.11758e-10
1437 1.91082e-10
1438 1.72379e-10
1439 1.55464e-10
1440 1.40172e-10
1441 1.26351e-10
1442 1.13862e-10
1443 1.02579e-10
1444 9.23904e-11
1445 8.31913e-11
1446 7.48881e-11
1447 6.73957e-11
1448 6.06367e-11
1449 5.4541e-11
1450 4.9045e-11
1451 4.40911e-11
1452 3.9627e-11
1453 3.56055e-11
1454 3.19836e-11
1455 2.87225e-11
1456 2.5787e-11
1457 2.31454e-11
1458 2.0769e-11
1459 1.86316e-11
1460 1.67097e-11
1461 1.49821e-11
1462 1.34296e-11
1463 1.20348e-11
1464 1.0782e-11
1465 9.6571e-12
1466 8.64727e-12
1467 7.741e-12
1468 6.92789e-12
1469 6.19856e-12
1470 5.54456e-12
1471 4.95826e-12
1472 4.4328e-12
1473 3.96198e-12
1474 3.54025e-12
1475 3.16258e-12
1476 2.82446e-12
1477 2.52183e-12
1478 2.25105e-12
1479 2.00881e-12
1480 1.79217e-12
1481 1.59849e-12
1482 1.42536e-12
1483 1.27065e-12
1484 1.13244e-12
1485 1.00901e-12
1486 8.98789e-13
1487 8.00404e-13
1488 7.12604e-13
1489 6.34271e-13
1490 5.64402e-13
1491 5.021e-13
1492 4.4656e-13
1493 3.9706e-13
1494 3.52956e-13
1495 3.1367e-13
1496 2.78684e-13
1497 2.47537e-13
1498 2.19814e-13
1499 1.95145e-13
1500 1.73201e-13
1501 1.53684e-13
1502 1.36331e-13
1503 1.20906e-13
1504 1.07199e-13
1505 9.50214e-14
1506 8.42053e-14
1507 7.46011e-14
1508 6.60752e-14
1509 5.85087e-14
1510 5.17952e-14
1511 4.58402e-14
1512 4.05594e-14
1513 3.58777e-14
1514 3.17282e-14
1515 2.80514e-14
1516 2.47942e-14
1517 2.19096e-14
1518 1.93556e-14
1519 1.70949e-14
1520 1.50943e-14
1521 1.33244e-14
1522 1.17591e-14
1523 1.03749e-14
1524 9.15129e-15
1525 8.06992e-15
1526 7.11449e-15
1527 6.27055e-15
1528 5.5253e-15
1529 4.86737e-15
1530 4.28667e-15
1531 3.77428e-15
1532 3.32227e-15
1533 2.92365e-15
1534 2.57219e-15
1535 2.26239e-15
1536 1.9894e-15
1537 1.74889e-15
1538 1.53707e-15
1539 1.35055e-15
1540 1.18636e-15
1541 1.04186e-15
1542 9.14731e-16
1543 8.02905e-16
1544 7.04569e-16
1545 6.18117e-16
1546 5.42134e-16
1547 4.7537e-16
1548 4.1672e-16
1549 3.65213e-16
1550 3.1999e-16
1551 2.80296e-16
1552 2.45462e-16
1553 2.14903e-16
1554 1.881e-16
1555 1.64598e-16
1556 1.43995e-16
1557 1.25939e-16
1558 1.1012e-16
1559 9.62625e-17
1560 8.41277e-17
1561 7.35039e-17
1562 6.42054e-17
1563 5.60689e-17
1564 4.89511e-17
1565 4.27261e-17
1566 3.72832e-17
1567 3.25255e-17
1568 2.83677e-17
1569 2.47351e-17
1570 2.15623e-17
1571 1.87917e-17
1572 1.63729e-17
1573 1.42619e-17
1574 1.24199e-17
1575 1.08131e-17
1576 9.41182e-18
1577 8.19005e-18
1578 7.12508e-18
1579 6.19704e-18
1580 5.38851e-18
1581 4.6843e-18
1582 4.07109e-18
1583 3.53726e-18
1584 3.07266e-18
1585 2.66841e-18
1586 2.31676e-18
1587 2.01095e-18
1588 1.74507e-18
1589 1.51396e-18
1590 1.31312e-18
1591 1.13864e-18
1592 9.87101e-19
1593 8.55512e-19
1594 7.41278e-19
1595 6.42136e-19
1596 5.56113e-19
1597 4.81493e-19
1598 4.16781e-19
1599 3.60676e-19
1600 3.12044e-19
1601 2.69902e-19
1602 2.33392e-19
1603 2.0177e-19
1604 1.74389e-19
1605 1.50685e-19
1606 1.30171e-19
1607 1.12421e-19
1608 9.7067e-20
1609 8.37888e-20
1610 7.23087e-20
1611 6.23858e-20
1612 5.38111e-20
1613 4.64032e-20
1614 4.0005e-20
1615 3.44804e-20
1616 2.97111e-20
1617 2.55951e-20
1618 2.20438e-20
1619 1.89804e-20
1620 1.63386e-20
1621 1.40609e-20
1622 1.20977e-20
1623 1.0406e-20
1624 8.94863e-21
1625 7.6934e-21
1626 6.61258e-21
1627 5.68217e-21
1628 4.88144e-21
1629 4.19249e-21
1630 3.59987e-21
1631 3.09025e-21
1632 2.6521e-21
1633 2.2755e-21
1634 1.95189e-21
1635 1.67388e-21
1636 1.43511e-21
1637 1.23009e-21
1638 1.05409e-21
1639 9.03054e-22
1640 7.73461e-22
1641 6.623e-22
1642 5.66973e-22
1643 4.85245e-22
1644 4.15195e-22
1645 3.55168e-22
1646 3.03744e-22
1647 2.59701e-22
1648 2.21988e-22
1649 1.89705e-22
1650 1.62076e-22
1651 1.38437e-22
1652 1.18216e-22
1653 1.00924e-22
1654 8.61393e-23
1655 7.35025e-23
1656 6.27039e-23
1657 5.34786e-23
1658 4.55991e-23
1659 3.8871e-23
1660 3.31274e-23
1661 2.82255e-23
1662 2.4043e-23
1663 2.04751e-23
1664 1.74324e-23
1665 1.48382e-23
1666 1.26269e-23
1667 1.07425e-23
1668 9.13704e-24
1669 7.7696e-24
1670 6.60517e-24
1671 5.61386e-24
1672 4.77015e-24
1673 4.05224e-24
1674 3.44152e-24
1675 2.92211e-24
1676 2.48049e-24
1677 2.10508e-24
1678 1.78605e-24
1679 1.51499e-24
1680 1.28475e-24
1681 1.08923e-24
1682 9.23234e-25
1683 7.82343e-25
1684 6.62787e-25
1685 5.61363e-25
1686 4.7534e-25
1687 4.024e-25
1688 3.40567e-25
1689 2.88164e-25
1690 2.43764e-25
1691 2.06153e-25
1692 1.74302e-25
1693 1.47335e-25
1694 1.2451e-25
1695 1.05194e-25
1696 8.88525e-26
1697 7.5031e-26
1698 6.33437e-26
1699 5.34635e-26
1700 4.51132e-26
1701 3.80576e-26
1702 3.20974e-26
1703 2.70639e-26
1704 2.28141e-26
1705 1.92268e-26
1706 1.61995e-26
1707 1.36455e-26
1708 1.14913e-26
1709 9.6747e-27
1710 8.14328e-27
1711 6.85256e-27
1712 5.76498e-27
1713 4.8488e-27
1714 4.07721e-27
1715 3.42754e-27
1716 2.88068e-27
1717 2.42047e-27
1718 2.03327e-27
1719 1.70759e-27
1720 1.43371e-27
1721 1.20347e-27
1722 1.00995e-27
1723 8.47332e-28
1724 7.10725e-28
1725 5.95994e-28
1726 4.9966e-28
1727 4.18793e-28
1728 3.50927e-28
1729 2.93986e-28
1730 2.46223e-28
1731 2.06169e-28
1732 1.72588e-28
1733 1.44441e-28
1734 1.20855e-28
1735 1.01095e-28
1736 8.45448e-29
1737 7.06867e-29
1738 5.90856e-29
1739 4.93763e-29
1740 4.12523e-29
1741 3.44564e-29
1742 2.8773e-29
1743 2.40211e-29
1744 2.00491e-29
1745 1.67297e-29
1746 1.39565e-29
1747 1.16401e-29
1748 9.70574e-30
1749 8.09086e-30
1750 6.743e-30
1751 5.6183e-30
1752 4.68004e-30
1753 3.89751e-30
1754 3.24502e-30
1755 2.70109e-30
1756 2.24779e-30
1757 1.8701e-30
1758 1.55548e-30
1759 1.29348e-30
1760 1.07534e-30
1761 8.93765e-31
1762 7.42668e-31
1763 6.16961e-31
1764 5.12405e-31
1765 4.25463e-31
1766 3.53185e-31
1767 2.93112e-31
1768 2.43197e-31
1769 2.01732e-31
1770 1.67295e-31
1771 1.38702e-31
1772 1.14968e-31
1773 9.52706e-32
1774 7.89286e-32
1775 6.53734e-32
1776 5.41327e-32
1777 4.48136e-32
1778 3.70895e-32
1779 3.06891e-32
1780 2.53868e-32
1781 2.09954e-32
1782 1.73593e-32
1783 1.43493e-32
1784 1.18582e-32
1785 9.79714e-33
1786 8.09228e-33
1787 6.68242e-33
1788 5.51681e-33
1789 4.55337e-33
1790 3.75724e-33
1791 3.09954e-33
1792 2.55632e-33
1793 2.10778e-33
1794 1.7375e-33
1795 1.43192e-33
1796 1.17978e-33
1797 9.71797e-34
1798 8.00279e-34
1799 6.58868e-34
1800 5.42309e-34
1801 4.46258e-34
1802 3.67128e-34
1803 3.01953e-34
1804 2.48287e-34
1805 2.04108e-34
1806 1.67748e-34
1807 1.3783e-34
1808 1.13221e-34
1809 9.29817e-35
1810 7.63416e-35
1811 6.26638e-35
1812 5.14238e-35
1813 4.21895e-35
1814 3.46047e-35
1815 2.83765e-35
1816 2.32634e-35
1817 1.9067e-35
1818 1.56236e-35
1819 1.27989e-35
1820 1.04823e-35
1821 8.58287e-36
1822 7.02588e-36
1823 5.74991e-36
1824 4.7045e-36
1825 3.84821e-36
1826 3.14699e-36
1827 2.57291e-36
1828 2.10303e-36
1829 1.71854e-36
1830 1.40399e-36
1831 1.14673e-36
1832 9.36379e-37
1833 7.64423e-37
1834 6.23889e-37
1835 5.09064e-37
1836 4.15269e-37
1837 3.38671e-37
1838 2.76133e-37
1839 2.25087e-37
1840 1.83432e-37
1841 1.49448e-37
1842 1.2173e-37
1843 9.91274e-38
1844 8.07017e-38
1845 6.56844e-38
1846 5.34482e-38
1847 4.34805e-38
1848 3.53628e-38
1849 2.87534e-38
1850 2.33734e-38
1851 1.89953e-38
1852 1.54333e-38
1853 1.25361e-38
1854 1.01802e-38
1855 8.26494e-39
1856 6.7083e-39
1857 5.44347e-39
1858 4.41599e-39
1859 3.58154e-39
1860 2.90403e-39
1861 2.35408e-39
1862 1.90779e-39
1863 1.54571e-39
1864 1.25203e-39
1865 1.01389e-39
1866 8.20837e-40
1867 6.64371e-40
1868 5.37592e-40
1869 4.34894e-40
1870 3.51725e-40
1871 2.84387e-40
1872 2.29883e-40
1873 1.85777e-40
1874 1.50094e-40
1875 1.21234e-40
1876 9.78981e-41
1877 7.90336e-41
1878 6.37878e-41
1879 5.14698e-41
1880 4.15198e-41
1881 3.34846e-41
1882 2.69976e-41
1883 2.17617e-41
1884 1.75367e-41
1885 1.41284e-41
1886 1.13796e-41
1887 9.16318e-42
1888 7.3766e-42
1889 5.93683e-42
1890 4.77685e-42
1891 3.84253e-42
1892 3.09016e-42
1893 2.48447e-42
1894 1.99699e-42
1895 1.60475e-42
1896 1.28922e-42
1897 1.03546e-42
1898 8.31443e-43
1899 6.67451e-43
1900 5.35667e-43
1901 4.29794e-43
1902 3.44758e-43
1903 2.76476e-43
1904 2.21661e-43
1905 1.77669e-43
1906 1.42371e-43
1907 1.14057e-43
1908 9.13509e-44
1909 7.31462e-44
1910 5.85544e-44
1911 4.68616e-44
1912 3.74941e-44
1913 2.99915e-44
1914 2.39841e-44
1915 1.91751e-44
1916 1.53264e-44
1917 1.2247e-44
1918 9.78389e-45
1919 7.81412e-45
1920 6.23933e-45
1921 4.98062e-45
1922 3.97482e-45
1923 3.17132e-45
1924 2.52959e-45
1925 2.0172e-45
1926 1.60818e-45
1927 1.28176e-45
1928 1.02134e-45
1929 8.1361e-46
1930 6.47964e-46
1931 5.15908e-46
1932 4.10658e-46
1933 3.26794e-46
1934 2.59989e-46
1935 2.06786e-46
1936 1.64427e-46
1937 1.3071e-46
1938 1.0388e-46
1939 8.25351e-47
1940 6.55587e-47
1941 5.20602e-47
1942 4.133e-47
1943 3.28027e-47
1944 2.60278e-47
1945 2.06466e-47
1946 1.63735e-47
1947 1.29813e-47
1948 1.02891e-47
1949 8.15303e-48
1950 6.45867e-48
1951 5.11503e-48
1952 4.04982e-48
1953 3.20557e-48
1954 2.53662e-48
1955 2.00672e-48
1956 1.58708e-48
1957 1.25485e-48
1958 9.9189e-49
1959 7.83821e-49
1960 6.19228e-49
1961 4.89063e-49
1962 3.86152e-49
1963 3.04812e-49
1964 2.40538e-49
1965 1.89765e-49
1966 1.49668e-49
1967 1.1801e-49
1968 9.30231e-50
1969 7.33062e-50
1970 5.77524e-50
1971 4.5486e-50
1972 3.5815e-50
1973 2.81924e-50
1974 2.21859e-50
1975 1.74543e-50
1976 1.3728e-50
1977 1.07942e-50
1978 8.48498e-51
1979 6.66794e-51
1980 5.23856e-51
1981 4.11445e-51
1982 3.23066e-51
1983 2.536e-51
1984 1.99015e-51
1985 1.56136e-51
1986 1.22462e-51
1987 9.60234e-52
1988 7.5272e-52
1989 5.89887e-52
1990 4.62152e-52
1991 3.61977e-52
1992 2.83437e-52
1993 2.21877e-52
1994 1.73639e-52
1995 1.35851e-52
1996 1.06258e-52
1997 8.30876e-53
1998 6.4952e-53
1999 5.07609e-53
2000 3.96594e-53
2001 3.09773e-53
2002 2.41892e-53
2003 1.88833e-53
2004 1.47373e-53
2005 1.14983e-53
2006 8.96875e-54
2007 6.99374e-54
2008 5.45213e-54
2009 4.24915e-54
2010 3.31068e-54
2011 2.57876e-54
2012 2.00809e-54
2013 1.56327e-54
2014 1.21664e-54
2015 9.46597e-55
2016 7.36283e-55
2017 5.72531e-55
2018 4.45069e-55
2019 3.45881e-55
2020 2.68718e-55
2021 2.08706e-55
2022 1.62046e-55
2023 1.25778e-55
2024 9.75949e-56
2025 7.5701e-56
2026 5.86977e-56
2027 4.54965e-56
2028 3.525e-56
2029 2.72994e-56
2030 2.11321e-56
2031 1.63495e-56
2032 1.26419e-56
2033 9.76864e-57
2034 7.54267e-57
2035 5.81882e-57
2036 4.48437e-57
2037 3.45185e-57
2038 2.65341e-57
2039 2.03646e-57
2040 1.56025e-57
2041 1.19323e-57
2042 9.11038e-58
2043 6.9488e-58
2044 5.30315e-58
2045 4.0631e-58
2046 3.14518e-58
2047 2.48728e-58
