0 1.38516e-41
1 1.13051e-41
2 9.37632e-42
3 7.98776e-42
4 7.08304e-42
5 6.62461e-42
6 6.59213e-42
7 6.98106e-42
8 7.80236e-42
9 9.08621e-42
10 1.08782e-41
11 1.32409e-41
12 1.6261e-41
13 2.005e-41
14 2.47468e-41
15 3.05208e-41
16 3.75819e-41
17 4.61906e-41
18 5.66615e-41
19 6.93718e-41
20 8.47816e-41
21 1.03455e-40
22 1.26067e-40
23 1.53427e-40
24 1.8652e-40
25 2.26541e-40
26 2.74923e-40
27 3.3339e-40
28 4.04022e-40
29 4.89343e-40
30 5.92382e-40
31 7.16767e-40
32 8.66892e-40
33 1.04808e-39
34 1.26666e-39
35 1.53029e-39
36 1.84822e-39
37 2.2315e-39
38 2.69348e-39
39 3.25015e-39
40 3.92085e-39
41 4.72874e-39
42 5.70155e-39
43 6.87262e-39
44 8.28239e-39
45 9.97906e-39
46 1.202e-38
47 1.44749e-38
48 1.7427e-38
49 2.09767e-38
50 2.52432e-38
51 3.03695e-38
52 3.65293e-38
53 4.39291e-38
54 5.28157e-38
55 6.34837e-38
56 7.62867e-38
57 9.16534e-38
58 1.10097e-37
59 1.32216e-37
60 1.58735e-37
61 1.90537e-37
62 2.2867e-37
63 2.74359e-37
64 3.29086e-37
65 3.94658e-37
66 4.73204e-37
67 5.67246e-37
68 6.79795e-37
69 8.14493e-37
70 9.75711e-37
71 1.16855e-36
72 1.39912e-36
73 1.67487e-36
74 2.00457e-36
75 2.39852e-36
76 2.86916e-36
77 3.43149e-36
78 4.10324e-36
79 4.90521e-36
80 5.86245e-36
81 7.00506e-36
82 8.36835e-36
83 9.99477e-36
84 1.19346e-35
85 1.42475e-35
86 1.70048e-35
87 2.0291e-35
88 2.42068e-35
89 2.88715e-35
90 3.44272e-35
91 4.10425e-35
92 4.89177e-35
93 5.82908e-35
94 6.94436e-35
95 8.27113e-35
96 9.84911e-35
97 1.17254e-34
98 1.3956e-34
99 1.66071e-34
100 1.97573e-34
101 2.34996e-34
102 2.79444e-34
103 3.32222e-34
104 3.94876e-34
105 4.69243e-34
106 5.57487e-34
107 6.62172e-34
108 7.86336e-34
109 9.33568e-34
110 1.10812e-33
111 1.315e-33
112 1.56015e-33
113 1.8506e-33
114 2.19462e-33
115 2.60199e-33
116 3.08428e-33
117 3.65513e-33
118 4.33066e-33
119 5.1299e-33
120 6.07527e-33
121 7.1932e-33
122 8.51493e-33
123 1.00773e-32
124 1.19236e-32
125 1.4105e-32
126 1.66817e-32
127 1.97247e-32
128 2.33174e-32
129 2.75582e-32
130 3.25633e-32
131 3.84687e-32
132 4.54342e-32
133 5.36492e-32
134 6.33353e-32
135 7.47528e-32
136 8.82083e-32
137 1.04062e-31
138 1.22739e-31
139 1.44734e-31
140 1.70631e-31
141 2.01115e-31
142 2.36993e-31
143 2.79207e-31
144 3.28862e-31
145 3.87263e-31
146 4.5593e-31
147 5.36647e-31
148 6.31511e-31
149 7.42974e-31
150 8.73905e-31
151 1.02768e-30
152 1.20823e-30
153 1.42017e-30
154 1.66891e-30
155 1.96077e-30
156 2.30314e-30
157 2.70466e-30
158 3.17545e-30
159 3.72734e-30
160 4.37414e-30
161 5.13201e-30
162 6.0198e-30
163 7.05957e-30
164 8.27703e-30
165 9.70222e-30
166 1.13702e-29
167 1.3322e-29
168 1.56052e-29
169 1.82756e-29
170 2.1398e-29
171 2.50484e-29
172 2.93147e-29
173 3.43e-29
174 4.0124e-29
175 4.69262e-29
176 5.48693e-29
177 6.41425e-29
178 7.4966e-29
179 8.75961e-29
180 1.02331e-28
181 1.19518e-28
182 1.3956e-28
183 1.62925e-28
184 1.90161e-28
185 2.21899e-28
186 2.58876e-28
187 3.01947e-28
188 3.52104e-28
189 4.105e-28
190 4.78474e-28
191 5.57577e-28
192 6.49611e-28
193 7.56665e-28
194 8.81162e-28
195 1.02591e-27
196 1.19416e-27
197 1.38969e-27
198 1.61687e-27
199 1.88076e-27
200 2.18722e-27
201 2.54303e-27
202 2.95605e-27
203 3.43536e-27
204 3.99148e-27
205 4.63655e-27
206 5.38463e-27
207 6.25199e-27
208 7.25737e-27
209 8.4225e-27
210 9.77245e-27
211 1.13361e-26
212 1.3147e-26
213 1.52436e-26
214 1.76705e-26
215 2.04791e-26
216 2.37286e-26
217 2.74873e-26
218 3.18342e-26
219 3.686e-26
220 4.26695e-26
221 4.93833e-26
222 5.71403e-26
223 6.61007e-26
224 7.64486e-26
225 8.83964e-26
226 1.02188e-25
227 1.18105e-25
228 1.3647e-25
229 1.57654e-25
230 1.82086e-25
231 2.10257e-25
232 2.42731e-25
233 2.80157e-25
234 3.23281e-25
235 3.72959e-25
236 4.30174e-25
237 4.96055e-25
238 5.71897e-25
239 6.59186e-25
240 7.59628e-25
241 8.75178e-25
242 1.00808e-24
243 1.1609e-24
244 1.33659e-24
245 1.53853e-24
246 1.77057e-24
247 2.03716e-24
248 2.34335e-24
249 2.69496e-24
250 3.09864e-24
251 3.56197e-24
252 4.09366e-24
253 4.70366e-24
254 5.40332e-24
255 6.20566e-24
256 7.12551e-24
257 8.17984e-24
258 9.38805e-24
259 1.07722e-23
260 1.23577e-23
261 1.41733e-23
262 1.62519e-23
263 1.8631e-23
264 2.13535e-23
265 2.44682e-23
266 2.80308e-23
267 3.21046e-23
268 3.6762e-23
269 4.20853e-23
270 4.81683e-23
271 5.51178e-23
272 6.30554e-23
273 7.21192e-23
274 8.24669e-23
275 9.42774e-23
276 1.07754e-22
277 1.23129e-22
278 1.40666e-22
279 1.60662e-22
280 1.83459e-22
281 2.09442e-22
282 2.39051e-22
283 2.72782e-22
284 3.11201e-22
285 3.5495e-22
286 4.04757e-22
287 4.61447e-22
288 5.25958e-22
289 5.99351e-22
290 6.82829e-22
291 7.77759e-22
292 8.85686e-22
293 1.00836e-21
294 1.14777e-21
295 1.30616e-21
296 1.48607e-21
297 1.69038e-21
298 1.92235e-21
299 2.18567e-21
300 2.4845e-21
301 2.82355e-21
302 3.20815e-21
303 3.64433e-21
304 4.13889e-21
305 4.69951e-21
306 5.33488e-21
307 6.0548e-21
308 6.87032e-21
309 7.79395e-21
310 8.83976e-21
311 1.00236e-20
312 1.13635e-20
313 1.28796e-20
314 1.45947e-20
315 1.65344e-20
316 1.87277e-20
317 2.1207e-20
318 2.40092e-20
319 2.71754e-20
320 3.07521e-20
321 3.47915e-20
322 3.93526e-20
323 4.45013e-20
324 5.0312e-20
325 5.68683e-20
326 6.4264e-20
327 7.26047e-20
328 8.20088e-20
329 9.26094e-20
330 1.04556e-19
331 1.18016e-19
332 1.33177e-19
333 1.50251e-19
334 1.69474e-19
335 1.91112e-19
336 2.15462e-19
337 2.42858e-19
338 2.73673e-19
339 3.08326e-19
340 3.47285e-19
341 3.91075e-19
342 4.40285e-19
343 4.95571e-19
344 5.5767e-19
345 6.27405e-19
346 7.05697e-19
347 7.93575e-19
348 8.92191e-19
349 1.00283e-18
350 1.12693e-18
351 1.2661e-18
352 1.42214e-18
353 1.59704e-18
354 1.79304e-18
355 2.01265e-18
356 2.25864e-18
357 2.53413e-18
358 2.84259e-18
359 3.18787e-18
360 3.5743e-18
361 4.00668e-18
362 4.49037e-18
363 5.03133e-18
364 5.63621e-18
365 6.3124e-18
366 7.06816e-18
367 7.91265e-18
368 8.85608e-18
369 9.90979e-18
370 1.10864e-17
371 1.24e-17
372 1.38661e-17
373 1.55022e-17
374 1.73274e-17
375 1.93631e-17
376 2.16332e-17
377 2.4164e-17
378 2.69847e-17
379 3.0128e-17
380 3.36297e-17
381 3.75298e-17
382 4.18727e-17
383 4.67074e-17
384 5.20884e-17
385 5.80758e-17
386 6.47364e-17
387 7.21441e-17
388 8.03807e-17
389 8.95366e-17
390 9.97119e-17
391 1.11017e-16
392 1.23576e-16
393 1.37522e-16
394 1.53005e-16
395 1.70191e-16
396 1.89263e-16
397 2.10421e-16
398 2.33889e-16
399 2.59912e-16
400 2.88761e-16
401 3.20735e-16
402 3.56164e-16
403 3.95412e-16
404 4.38881e-16
405 4.87012e-16
406 5.40293e-16
407 5.9926e-16
408 6.64506e-16
409 7.36682e-16
410 8.16504e-16
411 9.04764e-16
412 1.00233e-15
413 1.11016e-15
414 1.2293e-15
415 1.36092e-15
416 1.50628e-15
417 1.66679e-15
418 1.84398e-15
419 2.03954e-15
420 2.25534e-15
421 2.49341e-15
422 2.756e-15
423 3.04556e-15
424 3.3648e-15
425 3.71669e-15
426 4.10447e-15
427 4.53171e-15
428 5.00234e-15
429 5.52064e-15
430 6.09131e-15
431 6.71951e-15
432 7.41089e-15
433 8.17164e-15
434 9.00852e-15
435 9.92895e-15
436 1.0941e-14
437 1.20537e-14
438 1.32766e-14
439 1.46203e-14
440 1.60966e-14
441 1.77179e-14
442 1.94983e-14
443 2.14528e-14
444 2.3598e-14
445 2.59518e-14
446 2.8534e-14
447 3.13659e-14
448 3.44711e-14
449 3.78749e-14
450 4.16052e-14
451 4.56923e-14
452 5.0169e-14
453 5.50714e-14
454 6.04385e-14
455 6.63128e-14
456 7.27406e-14
457 7.97721e-14
458 8.74621e-14
459 9.587e-14
460 1.0506e-13
461 1.15103e-13
462 1.26075e-13
463 1.38059e-13
464 1.51143e-13
465 1.65427e-13
466 1.81016e-13
467 1.98023e-13
468 2.16575e-13
469 2.36805e-13
470 2.5886e-13
471 2.82898e-13
472 3.09092e-13
473 3.37627e-13
474 3.68705e-13
475 4.02544e-13
476 4.39381e-13
477 4.79471e-13
478 5.23092e-13
479 5.70543e-13
480 6.22149e-13
481 6.78262e-13
482 7.39259e-13
483 8.05553e-13
484 8.77588e-13
485 9.55842e-13
486 1.04084e-12
487 1.13313e-12
488 1.23333e-12
489 1.34209e-12
490 1.46012e-12
491 1.58819e-12
492 1.72711e-12
493 1.87777e-12
494 2.04115e-12
495 2.21826e-12
496 2.41024e-12
497 2.61829e-12
498 2.8437e-12
499 3.08788e-12
500 3.35233e-12
501 3.63869e-12
502 3.9487e-12
503 4.28425e-12
504 4.64736e-12
505 5.04021e-12
506 5.46515e-12
507 5.92471e-12
508 6.42158e-12
509 6.95869e-12
510 7.53914e-12
511 8.16631e-12
512 8.84378e-12
513 9.57541e-12
514 1.03653e-11
515 1.1218e-11
516 1.21381e-11
517 1.31308e-11
518 1.42015e-11
519 1.5356e-11
520 1.66006e-11
521 1.79418e-11
522 1.93868e-11
523 2.09432e-11
524 2.26191e-11
525 2.44231e-11
526 2.63645e-11
527 2.8453e-11
528 3.06992e-11
529 3.31142e-11
530 3.57099e-11
531 3.8499e-11
532 4.1495e-11
533 4.47122e-11
534 4.81659e-11
535 5.18724e-11
536 5.58488e-11
537 6.01136e-11
538 6.46863e-11
539 6.95876e-11
540 7.48395e-11
541 8.04655e-11
542 8.64904e-11
543 9.29407e-11
544 9.98443e-11
545 1.07231e-10
546 1.15133e-10
547 1.23583e-10
548 1.32617e-10
549 1.42273e-10
550 1.52592e-10
551 1.63615e-10
552 1.75388e-10
553 1.8796e-10
554 2.01381e-10
555 2.15707e-10
556 2.30993e-10
557 2.47302e-10
558 2.64699e-10
559 2.83253e-10
560 3.03036e-10
561 3.24128e-10
562 3.4661e-10
563 3.7057e-10
564 3.96102e-10
565 4.23304e-10
566 4.52282e-10
567 4.83146e-10
568 5.16016e-10
569 5.51016e-10
570 5.88279e-10
571 6.27947e-10
572 6.70169e-10
573 7.15104e-10
574 7.62919e-10
575 8.13792e-10
576 8.67912e-10
577 9.25476e-10
578 9.86696e-10
579 1.05179e-09
580 1.121e-09
581 1.19458e-09
582 1.27277e-09
583 1.35586e-09
584 1.44414e-09
585 1.53791e-09
586 1.6375e-09
587 1.74324e-09
588 1.85549e-09
589 1.97462e-09
590 2.10103e-09
591 2.23511e-09
592 2.3773e-09
593 2.52805e-09
594 2.68782e-09
595 2.85711e-09
596 3.03642e-09
597 3.22629e-09
598 3.42725e-09
599 3.6399e-09
600 3.86483e-09
601 4.10265e-09
602 4.35401e-09
603 4.61958e-09
604 4.90003e-09
605 5.19609e-09
606 5.50849e-09
607 5.83798e-09
608 6.18536e-09
609 6.55142e-09
610 6.937e-09
611 7.34294e-09
612 7.77014e-09
613 8.2195e-09
614 8.69193e-09
615 9.1884e-09
616 9.70988e-09
617 1.02574e-08
618 1.08319e-08
619 1.14346e-08
620 1.20664e-08
621 1.27286e-08
622 1.34222e-08
623 1.41484e-08
624 1.49084e-08
625 1.57035e-08
626 1.6535e-08
627 1.74042e-08
628 1.83124e-08
629 1.9261e-08
630 2.02515e-08
631 2.12855e-08
632 2.23645e-08
633 2.34901e-08
634 2.4664e-08
635 2.58881e-08
636 2.71641e-08
637 2.8494e-08
638 2.98799e-08
639 3.13239e-08
640 3.28283e-08
641 3.43954e-08
642 3.60278e-08
643 3.77282e-08
644 3.94993e-08
645 4.13441e-08
646 4.32658e-08
647 4.52677e-08
648 4.73534e-08
649 4.95266e-08
650 5.17914e-08
651 5.41518e-08
652 5.66125e-08
653 5.91781e-08
654 6.18538e-08
655 6.46447e-08
656 6.75565e-08
657 7.05951e-08
658 7.37669e-08
659 7.70784e-08
660 8.05364e-08
661 8.41484e-08
662 8.7922e-08
663 9.18651e-08
664 9.59862e-08
665 1.00294e-07
666 1.04797e-07
667 1.09506e-07
668 1.1443e-07
669 1.19579e-07
670 1.24963e-07
671 1.30594e-07
672 1.36483e-07
673 1.4264e-07
674 1.49078e-07
675 1.55808e-07
676 1.62843e-07
677 1.70193e-07
678 1.77873e-07
679 1.85893e-07
680 1.94266e-07
681 2.03005e-07
682 2.12121e-07
683 2.21626e-07
684 2.31532e-07
685 2.41849e-07
686 2.5259e-07
687 2.63764e-07
688 2.75381e-07
689 2.87449e-07
690 2.99979e-07
691 3.12975e-07
692 3.26446e-07
693 3.40396e-07
694 3.5483e-07
695 3.69751e-07
696 3.8516e-07
697 4.01058e-07
698 4.17442e-07
699 4.3431e-07
700 4.51657e-07
701 4.69476e-07
702 4.87758e-07
703 5.06494e-07
704 5.25669e-07
705 5.4527e-07
706 5.65279e-07
707 5.85676e-07
708 6.06441e-07
709 6.27549e-07
710 6.48974e-07
711 6.70688e-07
712 6.92659e-07
713 7.14856e-07
714 7.37242e-07
715 7.59782e-07
716 7.82435e-07
717 8.0516e-07
718 8.27915e-07
719 8.50656e-07
720 8.73337e-07
721 8.95911e-07
722 9.1833e-07
723 9.40546e-07
724 9.6251e-07
725 9.84173e-07
726 1.00549e-06
727 1.0264e-06
728 1.04687e-06
729 1.06685e-06
730 1.0863e-06
731 1.10517e-06
732 1.12342e-06
733 1.14102e-06
734 1.15794e-06
735 1.17414e-06
736 1.18961e-06
737 1.20432e-06
738 1.21827e-06
739 1.23144e-06
740 1.24384e-06
741 1.25548e-06
742 1.26637e-06
743 1.27653e-06
744 1.286e-06
745 1.29483e-06
746 1.30305e-06
747 1.31075e-06
748 1.31799e-06
749 1.32486e-06
750 1.33146e-06
751 1.3379e-06
752 1.3443e-06
753 1.35079e-06
754 1.35753e-06
755 1.36468e-06
756 1.37241e-06
757 1.38092e-06
758 1.3904e-06
759 1.40107e-06
760 1.41317e-06
761 1.42694e-06
762 1.44262e-06
763 1.46051e-06
764 1.48086e-06
765 1.50399e-06
766 1.53018e-06
767 1.55977e-06
768 1.59308e-06
769 1.63043e-06
770 1.67218e-06
771 1.71867e-06
772 1.77027e-06
773 1.82734e-06
774 1.89023e-06
775 1.95933e-06
776 2.03501e-06
777 2.11763e-06
778 2.20756e-06
779 2.30518e-06
780 2.41085e-06
781 2.52492e-06
782 2.64774e-06
783 2.77966e-06
784 2.92099e-06
785 3.07206e-06
786 3.23317e-06
787 3.4046e-06
788 3.58662e-06
789 3.77948e-06
790 3.9834e-06
791 4.19858e-06
792 4.4252e-06
793 4.6634e-06
794 4.91332e-06
795 5.17504e-06
796 5.44862e-06
797 5.73409e-06
798 6.03144e-06
799 6.34064e-06
800 6.6616e-06
801 6.99422e-06
802 7.33835e-06
803 7.69379e-06
804 8.06032e-06
805 8.43767e-06
806 8.82554e-06
807 9.22359e-06
808 9.63143e-06
809 1.00486e-05
810 1.04748e-05
811 1.09093e-05
812 1.13518e-05
813 1.18016e-05
814 1.22581e-05
815 1.27208e-05
816 1.31889e-05
817 1.36618e-05
818 1.41388e-05
819 1.46192e-05
820 1.51021e-05
821 1.5587e-05
822 1.60729e-05
823 1.65591e-05
824 1.70448e-05
825 1.75293e-05
826 1.80117e-05
827 1.84914e-05
828 1.89675e-05
829 1.94392e-05
830 1.9906e-05
831 2.0367e-05
832 2.08216e-05
833 2.12693e-05
834 2.17094e-05
835 2.21414e-05
836 2.25648e-05
837 2.29792e-05
838 2.33842e-05
839 2.37797e-05
840 2.41653e-05
841 2.45411e-05
842 2.49068e-05
843 2.52627e-05
844 2.56089e-05
845 2.59456e-05
846 2.62734e-05
847 2.65926e-05
848 2.69039e-05
849 2.72081e-05
850 2.7506e-05
851 2.77989e-05
852 2.80877e-05
853 2.83739e-05
854 2.86589e-05
855 2.89445e-05
856 2.92323e-05
857 2.95246e-05
858 2.98232e-05
859 3.01308e-05
860 3.04497e-05
861 3.07826e-05
862 3.11325e-05
863 3.15025e-05
864 3.18958e-05
865 3.23158e-05
866 3.27664e-05
867 3.32513e-05
868 3.37746e-05
869 3.43407e-05
870 3.49539e-05
871 3.56189e-05
872 3.63408e-05
873 3.71245e-05
874 3.79753e-05
875 3.88988e-05
876 3.99008e-05
877 4.0987e-05
878 4.21638e-05
879 4.34373e-05
880 4.48141e-05
881 4.6301e-05
882 4.79049e-05
883 4.96329e-05
884 5.14925e-05
885 5.3491e-05
886 5.56363e-05
887 5.79363e-05
888 6.03991e-05
889 6.30329e-05
890 6.58463e-05
891 6.88479e-05
892 7.20466e-05
893 7.54514e-05
894 7.90715e-05
895 8.29163e-05
896 8.69953e-05
897 9.13183e-05
898 9.58951e-05
899 0.000100736
900 0.000105851
901 0.00011125
902 0.000116944
903 0.000122944
904 0.00012926
905 0.000135904
906 0.000142887
907 0.00015022
908 0.000157914
909 0.000165981
910 0.000174433
911 0.000183281
912 0.000192539
913 0.000202217
914 0.000212328
915 0.000222885
916 0.0002339
917 0.000245386
918 0.000257357
919 0.000269824
920 0.000282801
921 0.000296302
922 0.000310339
923 0.000324928
924 0.00034008
925 0.000355811
926 0.000372134
927 0.000389064
928 0.000406614
929 0.0004248
930 0.000443635
931 0.000463136
932 0.000483316
933 0.000504191
934 0.000525776
935 0.000548086
936 0.000571138
937 0.000594946
938 0.000619526
939 0.000644895
940 0.000671069
941 0.000698064
942 0.000725896
943 0.000754582
944 0.000784139
945 0.000814584
946 0.000845933
947 0.000878204
948 0.000911415
949 0.000945581
950 0.000980722
951 0.00101685
952 0.001054
953 0.00109217
954 0.00113138
955 0.00117166
956 0.00121302
957 0.00125548
958 0.00129906
959 0.00134378
960 0.00138965
961 0.0014367
962 0.00148493
963 0.00153438
964 0.00158506
965 0.00163699
966 0.00169019
967 0.00174467
968 0.00180046
969 0.00185757
970 0.00191602
971 0.00197583
972 0.00203702
973 0.00209961
974 0.00216362
975 0.00222905
976 0.00229594
977 0.00236429
978 0.00243414
979 0.00250548
980 0.00257834
981 0.00265275
982 0.0027287
983 0.00280622
984 0.00288533
985 0.00296604
986 0.00304837
987 0.00313232
988 0.00321792
989 0.00330518
990 0.00339411
991 0.00348472
992 0.00357703
993 0.00367105
994 0.00376679
995 0.00386425
996 0.00396346
997 0.00406441
998 0.00416712
999 0.00427159
1000 0.00437784
1001 0.00448586
1002 0.00459567
1003 0.00470726
1004 0.00482064
1005 0.00493582
1006 0.00505279
1007 0.00517155
1008 0.00529211
1009 0.00541447
1010 0.00553862
1011 0.00566456
1012 0.00579228
1013 0.00592178
1014 0.00605305
1015 0.00618608
1016 0.00632088
1017 0.00645741
1018 0.00659568
1019 0.00673567
1020 0.00687737
1021 0.00702075
1022 0.00716582
1023 0.00731254
1024 0.00746089
1025 0.00761086
1026 0.00776243
1027 0.00791557
1028 0.00807025
1029 0.00822645
1030 0.00838415
1031 0.0085433
1032 0.00870389
1033 0.00886588
1034 0.00902923
1035 0.00919391
1036 0.00935989
1037 0.00952712
1038 0.00969557
1039 0.0098652
1040 0.010036
1041 0.0102078
1042 0.0103807
1043 0.0105546
1044 0.0107294
1045 0.0109051
1046 0.0110817
1047 0.0112591
1048 0.0114372
1049 0.011616
1050 0.0117954
1051 0.0119754
1052 0.0121559
1053 0.0123368
1054 0.0125181
1055 0.0126998
1056 0.0128817
1057 0.0130638
1058 0.013246
1059 0.0134283
1060 0.0136106
1061 0.0137928
1062 0.0139748
1063 0.0141566
1064 0.0143381
1065 0.0145193
1066 0.0147
1067 0.0148802
1068 0.0150597
1069 0.0152386
1070 0.0154168
1071 0.0155941
1072 0.0157705
1073 0.0159459
1074 0.0161202
1075 0.0162934
1076 0.0164654
1077 0.0166361
1078 0.0168053
1079 0.0169731
1080 0.0171394
1081 0.017304
1082 0.0174668
1083 0.0176279
1084 0.0177872
1085 0.0179444
1086 0.0180996
1087 0.0182528
1088 0.0184037
1089 0.0185523
1090 0.0186986
1091 0.0188425
1092 0.0189838
1093 0.0191226
1094 0.0192587
1095 0.0193921
1096 0.0195227
1097 0.0196504
1098 0.0197752
1099 0.0198969
1100 0.0200156
1101 0.0201311
1102 0.0202434
1103 0.0203524
1104 0.0204581
1105 0.0205604
1106 0.0206592
1107 0.0207545
1108 0.0208462
1109 0.0209342
1110 0.0210186
1111 0.0210993
1112 0.0211761
1113 0.0212491
1114 0.0213183
1115 0.0213835
1116 0.0214448
1117 0.0215021
1118 0.0215553
1119 0.0216045
1120 0.0216496
1121 0.0216905
1122 0.0217273
1123 0.0217599
1124 0.0217883
1125 0.0218125
1126 0.0218324
1127 0.0218481
1128 0.0218595
1129 0.0218666
1130 0.0218695
1131 0.0218681
1132 0.0218623
1133 0.0218523
1134 0.021838
1135 0.0218194
1136 0.0217966
1137 0.0217694
1138 0.0217381
1139 0.0217025
1140 0.0216626
1141 0.0216186
1142 0.0215704
1143 0.0215181
1144 0.0214616
1145 0.021401
1146 0.0213364
1147 0.0212678
1148 0.0211951
1149 0.0211186
1150 0.0210381
1151 0.0209537
1152 0.0208656
1153 0.0207737
1154 0.020678
1155 0.0205787
1156 0.0204758
1157 0.0203694
1158 0.0202594
1159 0.0201461
1160 0.0200293
1161 0.0199092
1162 0.019786
1163 0.0196595
1164 0.0195299
1165 0.0193973
1166 0.0192617
1167 0.0191232
1168 0.0189819
1169 0.0188379
1170 0.0186912
1171 0.0185419
1172 0.0183901
1173 0.0182359
1174 0.0180793
1175 0.0179205
1176 0.0177594
1177 0.0175963
1178 0.0174311
1179 0.017264
1180 0.0170951
1181 0.0169244
1182 0.0167519
1183 0.0165779
1184 0.0164024
1185 0.0162255
1186 0.0160472
1187 0.0158676
1188 0.0156869
1189 0.0155051
1190 0.0153223
1191 0.0151385
1192 0.014954
1193 0.0147686
1194 0.0145826
1195 0.0143961
1196 0.014209
1197 0.0140215
1198 0.0138336
1199 0.0136455
1200 0.0134572
1201 0.0132688
1202 0.0130804
1203 0.012892
1204 0.0127037
1205 0.0125156
1206 0.0123278
1207 0.0121404
1208 0.0119533
1209 0.0117667
1210 0.0115807
1211 0.0113952
1212 0.0112105
1213 0.0110265
1214 0.0108432
1215 0.0106609
1216 0.0104795
1217 0.010299
1218 0.0101196
1219 0.00994125
1220 0.00976405
1221 0.00958805
1222 0.00941328
1223 0.00923981
1224 0.00906767
1225 0.00889691
1226 0.00872758
1227 0.00855971
1228 0.00839334
1229 0.00822851
1230 0.00806527
1231 0.00790363
1232 0.00774364
1233 0.00758533
1234 0.00742873
1235 0.00727386
1236 0.00712075
1237 0.00696943
1238 0.00681991
1239 0.00667223
1240 0.00652641
1241 0.00638245
1242 0.00624037
1243 0.00610021
1244 0.00596195
1245 0.00582563
1246 0.00569125
1247 0.00555882
1248 0.00542835
1249 0.00529984
1250 0.0051733
1251 0.00504874
1252 0.00492616
1253 0.00480556
1254 0.00468694
1255 0.0045703
1256 0.00445564
1257 0.00434295
1258 0.00423223
1259 0.00412348
1260 0.00401669
1261 0.00391185
1262 0.00380896
1263 0.00370799
1264 0.00360896
1265 0.00351183
1266 0.00341661
1267 0.00332328
1268 0.00323182
1269 0.00314223
1270 0.00305447
1271 0.00296855
1272 0.00288445
1273 0.00280214
1274 0.0027216
1275 0.00264283
1276 0.00256581
1277 0.0024905
1278 0.0024169
1279 0.00234498
1280 0.00227472
1281 0.00220611
1282 0.00213911
1283 0.00207371
1284 0.00200989
1285 0.00194763
1286 0.00188689
1287 0.00182767
1288 0.00176993
1289 0.00171365
1290 0.00165881
1291 0.00160539
1292 0.00155335
1293 0.00150269
1294 0.00145338
1295 0.00140538
1296 0.00135868
1297 0.00131326
1298 0.00126908
1299 0.00122613
1300 0.00118438
1301 0.00114381
1302 0.0011044
1303 0.00106612
1304 0.00102895
1305 0.000992857
1306 0.000957831
1307 0.000923844
1308 0.000890873
1309 0.000858896
1310 0.00082789
1311 0.000797834
1312 0.000768705
1313 0.000740482
1314 0.000713143
1315 0.000686667
1316 0.000661033
1317 0.00063622
1318 0.000612208
1319 0.000588976
1320 0.000566505
1321 0.000544775
1322 0.000523767
1323 0.000503461
1324 0.000483839
1325 0.000464883
1326 0.000446573
1327 0.000428893
1328 0.000411826
1329 0.000395352
1330 0.000379457
1331 0.000364123
1332 0.000349333
1333 0.000335073
1334 0.000321326
1335 0.000308078
1336 0.000295312
1337 0.000283015
1338 0.000271172
1339 0.000259769
1340 0.000248792
1341 0.000238228
1342 0.000228064
1343 0.000218287
1344 0.000208884
1345 0.000199844
1346 0.000191154
1347 0.000182802
1348 0.000174778
1349 0.000167071
1350 0.000159669
1351 0.000152563
1352 0.000145742
1353 0.000139196
1354 0.000132915
1355 0.000126891
1356 0.000121114
1357 0.000115575
1358 0.000110266
1359 0.000105178
1360 0.000100304
1361 9.56348e-05
1362 9.11636e-05
1363 8.68828e-05
1364 8.27853e-05
1365 7.88642e-05
1366 7.51127e-05
1367 7.15244e-05
1368 6.80929e-05
1369 6.48121e-05
1370 6.16762e-05
1371 5.86794e-05
1372 5.58163e-05
1373 5.30814e-05
1374 5.04698e-05
1375 4.79764e-05
1376 4.55963e-05
1377 4.3325e-05
1378 4.11581e-05
1379 3.90911e-05
1380 3.71199e-05
1381 3.52406e-05
1382 3.34492e-05
1383 3.1742e-05
1384 3.01155e-05
1385 2.85662e-05
1386 2.70908e-05
1387 2.5686e-05
1388 2.43489e-05
1389 2.30764e-05
1390 2.18656e-05
1391 2.07139e-05
1392 1.96187e-05
1393 1.85773e-05
1394 1.75874e-05
1395 1.66467e-05
1396 1.57529e-05
1397 1.49039e-05
1398 1.40975e-05
1399 1.33319e-05
1400 1.26052e-05
1401 1.19155e-05
1402 1.12611e-05
1403 1.06403e-05
1404 1.00516e-05
1405 9.49338e-06
1406 8.96422e-06
1407 8.46273e-06
1408 7.98755e-06
1409 7.53743e-06
1410 7.11112e-06
1411 6.70747e-06
1412 6.32536e-06
1413 5.96372e-06
1414 5.62154e-06
1415 5.29784e-06
1416 4.99169e-06
1417 4.70221e-06
1418 4.42856e-06
1419 4.16993e-06
1420 3.92554e-06
1421 3.69468e-06
1422 3.47664e-06
1423 3.27075e-06
1424 3.07639e-06
1425 2.89295e-06
1426 2.71985e-06
1427 2.55656e-06
1428 2.40254e-06
1429 2.25732e-06
1430 2.12041e-06
1431 1.99137e-06
1432 1.86977e-06
1433 1.75522e-06
1434 1.64733e-06
1435 1.54574e-06
1436 1.45009e-06
1437 1.36007e-06
1438 1.27536e-06
1439 1.19566e-06
1440 1.12071e-06
1441 1.05022e-06
1442 9.83949e-07
1443 9.21661e-07
1444 8.63129e-07
1445 8.08138e-07
1446 7.56487e-07
1447 7.07982e-07
1448 6.62444e-07
1449 6.197e-07
1450 5.79588e-07
1451 5.41954e-07
1452 5.06654e-07
1453 4.73551e-07
1454 4.42514e-07
1455 4.13421e-07
1456 3.86157e-07
1457 3.60612e-07
1458 3.36685e-07
1459 3.14276e-07
1460 2.93295e-07
1461 2.73655e-07
1462 2.55275e-07
1463 2.38078e-07
1464 2.2199e-07
1465 2.06945e-07
1466 1.92878e-07
1467 1.79727e-07
1468 1.67437e-07
1469 1.55953e-07
1470 1.45225e-07
1471 1.35206e-07
1472 1.25851e-07
1473 1.17117e-07
1474 1.08966e-07
1475 1.0136e-07
1476 9.42638e-08
1477 8.76457e-08
1478 8.14744e-08
1479 7.57212e-08
1480 7.03588e-08
1481 6.53619e-08
1482 6.07067e-08
1483 5.63706e-08
1484 5.23329e-08
1485 4.85737e-08
1486 4.50747e-08
1487 4.18187e-08
1488 3.87893e-08
1489 3.59715e-08
1490 3.33511e-08
1491 3.09149e-08
1492 2.86503e-08
1493 2.65458e-08
1494 2.45905e-08
1495 2.27742e-08
1496 2.10875e-08
1497 1.95214e-08
1498 1.80677e-08
1499 1.67185e-08
1500 1.54667e-08
1501 1.43055e-08
1502 1.32286e-08
1503 1.22301e-08
1504 1.13044e-08
1505 1.04465e-08
1506 9.65166e-09
1507 8.9153e-09
1508 8.23331e-09
1509 7.60183e-09
1510 7.01724e-09
1511 6.47619e-09
1512 5.97554e-09
1513 5.51239e-09
1514 5.08402e-09
1515 4.68791e-09
1516 4.32171e-09
1517 3.98325e-09
1518 3.67049e-09
1519 3.38154e-09
1520 3.11466e-09
1521 2.86822e-09
1522 2.64069e-09
1523 2.43068e-09
1524 2.23688e-09
1525 2.05808e-09
1526 1.89316e-09
1527 1.74107e-09
1528 1.60085e-09
1529 1.4716e-09
1530 1.35249e-09
1531 1.24275e-09
1532 1.14166e-09
1533 1.04857e-09
1534 9.62851e-10
1535 8.83949e-10
1536 8.11335e-10
1537 7.44523e-10
1538 6.83063e-10
1539 6.26539e-10
1540 5.74567e-10
1541 5.2679e-10
1542 4.8288e-10
1543 4.42533e-10
1544 4.05469e-10
1545 3.71427e-10
1546 3.40169e-10
1547 3.11473e-10
1548 2.85135e-10
1549 2.60967e-10
1550 2.38795e-10
1551 2.18459e-10
1552 1.99811e-10
1553 1.82715e-10
1554 1.67044e-10
1555 1.52684e-10
1556 1.39528e-10
1557 1.27478e-10
1558 1.16443e-10
1559 1.06339e-10
1560 9.7091e-11
1561 8.86277e-11
1562 8.08844e-11
1563 7.38013e-11
1564 6.73237e-11
1565 6.14012e-11
1566 5.59873e-11
1567 5.10396e-11
1568 4.65188e-11
1569 4.23892e-11
1570 3.86176e-11
1571 3.51739e-11
1572 3.20302e-11
1573 2.91611e-11
1574 2.65431e-11
1575 2.41548e-11
1576 2.19766e-11
1577 1.99904e-11
1578 1.81797e-11
1579 1.65294e-11
1580 1.50256e-11
1581 1.36555e-11
1582 1.24077e-11
1583 1.12714e-11
1584 1.02369e-11
1585 9.29535e-12
1586 8.43851e-12
1587 7.65896e-12
1588 6.9499e-12
1589 6.30509e-12
1590 5.71885e-12
1591 5.18597e-12
1592 4.70171e-12
1593 4.26173e-12
1594 3.86208e-12
1595 3.49913e-12
1596 3.16959e-12
1597 2.87046e-12
1598 2.59898e-12
1599 2.35266e-12
1600 2.12922e-12
1601 1.92657e-12
1602 1.74283e-12
1603 1.57626e-12
1604 1.4253e-12
1605 1.28852e-12
1606 1.1646e-12
1607 1.05237e-12
1608 9.50744e-13
1609 8.58744e-13
1610 7.75476e-13
1611 7.00128e-13
1612 6.31962e-13
1613 5.70307e-13
1614 5.14553e-13
1615 4.64148e-13
1616 4.18589e-13
1617 3.77418e-13
1618 3.40221e-13
1619 3.06623e-13
1620 2.76283e-13
1621 2.48889e-13
1622 2.24162e-13
1623 2.01847e-13
1624 1.81714e-13
1625 1.63553e-13
1626 1.47174e-13
1627 1.32406e-13
1628 1.19094e-13
1629 1.07097e-13
1630 9.62869e-14
1631 8.65489e-14
1632 7.77786e-14
1633 6.98816e-14
1634 6.27726e-14
1635 5.63743e-14
1636 5.0617e-14
1637 4.54376e-14
1638 4.07792e-14
1639 3.65903e-14
1640 3.28244e-14
1641 2.94397e-14
1642 2.63981e-14
1643 2.36655e-14
1644 2.12111e-14
1645 1.90071e-14
1646 1.70283e-14
1647 1.52521e-14
1648 1.36582e-14
1649 1.22282e-14
1650 1.09454e-14
1651 9.7951e-15
1652 8.76372e-15
1653 7.83921e-15
1654 7.01068e-15
1655 6.26833e-15
1656 5.60334e-15
1657 5.0078e-15
1658 4.47456e-15
1659 3.99722e-15
1660 3.57002e-15
1661 3.18776e-15
1662 2.84581e-15
1663 2.53998e-15
1664 2.26651e-15
1665 2.02204e-15
1666 1.80354e-15
1667 1.60829e-15
1668 1.43387e-15
1669 1.27808e-15
1670 1.13896e-15
1671 1.01477e-15
1672 9.03913e-16
1673 8.04991e-16
1674 7.16736e-16
1675 6.38016e-16
1676 5.67817e-16
1677 5.05229e-16
1678 4.49442e-16
1679 3.99726e-16
1680 3.5543e-16
1681 3.15974e-16
1682 2.80835e-16
1683 2.49549e-16
1684 2.217e-16
1685 1.96915e-16
1686 1.74862e-16
1687 1.55244e-16
1688 1.37797e-16
1689 1.22284e-16
1690 1.08493e-16
1691 9.62361e-17
1692 8.53451e-17
1693 7.56699e-17
1694 6.70766e-17
1695 5.94461e-17
1696 5.2672e-17
1697 4.66594e-17
1698 4.13241e-17
1699 3.65907e-17
1700 3.23923e-17
1701 2.86693e-17
1702 2.53686e-17
1703 2.24429e-17
1704 1.98503e-17
1705 1.75532e-17
1706 1.55185e-17
1707 1.37167e-17
1708 1.21213e-17
1709 1.07092e-17
1710 9.45944e-18
1711 8.35369e-18
1712 7.37556e-18
1713 6.51052e-18
1714 5.74566e-18
1715 5.06953e-18
1716 4.47198e-18
1717 3.94398e-18
1718 3.47756e-18
1719 3.06561e-18
1720 2.70187e-18
1721 2.38075e-18
1722 2.09734e-18
1723 1.84725e-18
1724 1.62663e-18
1725 1.43203e-18
1726 1.26044e-18
1727 1.10916e-18
1728 9.75823e-19
1729 8.58324e-19
1730 7.54806e-19
1731 6.63626e-19
1732 5.8333e-19
1733 5.12637e-19
1734 4.50411e-19
1735 3.95651e-19
1736 3.47471e-19
1737 3.0509e-19
1738 2.6782e-19
1739 2.3505e-19
1740 2.06244e-19
1741 1.80929e-19
1742 1.58685e-19
1743 1.39145e-19
1744 1.21985e-19
1745 1.06917e-19
1746 9.36893e-20
1747 8.208e-20
1748 7.18934e-20
1749 6.2957e-20
1750 5.51192e-20
1751 4.82464e-20
1752 4.22213e-20
1753 3.69403e-20
1754 3.23128e-20
1755 2.82586e-20
1756 2.47077e-20
1757 2.15981e-20
1758 1.88757e-20
1759 1.64928e-20
1760 1.44076e-20
1761 1.25831e-20
1762 1.09873e-20
1763 9.59173e-21
1764 8.37155e-21
1765 7.30498e-21
1766 6.37287e-21
1767 5.55846e-21
1768 4.84705e-21
1769 4.22576e-21
1770 3.68328e-21
1771 3.20973e-21
1772 2.79644e-21
1773 2.43582e-21
1774 2.12124e-21
1775 1.84687e-21
1776 1.60764e-21
1777 1.39908e-21
1778 1.21731e-21
1779 1.05892e-21
1780 9.20928e-22
1781 8.00744e-22
1782 6.9609e-22
1783 6.04979e-22
1784 5.25676e-22
1785 4.56668e-22
1786 3.9663e-22
1787 3.44408e-22
1788 2.98996e-22
1789 2.59514e-22
1790 2.25196e-22
1791 1.95372e-22
1792 1.6946e-22
1793 1.46953e-22
1794 1.27406e-22
1795 1.10435e-22
1796 9.5703e-23
1797 8.29179e-23
1798 7.18248e-23
1799 6.2202e-23
1800 5.38564e-23
1801 4.66202e-23
1802 4.03473e-23
1803 3.49106e-23
1804 3.01998e-23
1805 2.61189e-23
1806 2.25844e-23
1807 1.95238e-23
1808 1.68743e-23
1809 1.45811e-23
1810 1.25967e-23
1811 1.088e-23
1812 9.39509e-24
1813 8.11107e-24
1814 7.00098e-24
1815 6.04147e-24
1816 5.2123e-24
1817 4.49593e-24
1818 3.87716e-24
1819 3.3428e-24
1820 2.88145e-24
1821 2.48321e-24
1822 2.13954e-24
1823 1.84302e-24
1824 1.58724e-24
1825 1.36666e-24
1826 1.17646e-24
1827 1.01251e-24
1828 8.71218e-25
1829 7.49473e-25
1830 6.44596e-25
1831 5.54272e-25
1832 4.76498e-25
1833 4.09545e-25
1834 3.51922e-25
1835 3.02339e-25
1836 2.59683e-25
1837 2.22996e-25
1838 1.9145e-25
1839 1.64329e-25
1840 1.41019e-25
1841 1.20988e-25
1842 1.0378e-25
1843 8.89987e-26
1844 7.6306e-26
1845 6.54089e-26
1846 5.60555e-26
1847 4.80288e-26
1848 4.11424e-26
1849 3.52354e-26
1850 3.01698e-26
1851 2.58267e-26
1852 2.21039e-26
1853 1.89135e-26
1854 1.61799e-26
1855 1.38384e-26
1856 1.18331e-26
1857 1.01161e-26
1858 8.64628e-27
1859 7.38839e-27
1860 6.3121e-27
1861 5.39139e-27
1862 4.60395e-27
1863 3.93064e-27
1864 3.35505e-27
1865 2.86311e-27
1866 2.44275e-27
1867 2.08365e-27
1868 1.77694e-27
1869 1.51504e-27
1870 1.29145e-27
1871 1.10061e-27
1872 9.37762e-28
1873 7.98832e-28
1874 6.80331e-28
1875 5.7928e-28
1876 4.93128e-28
1877 4.19695e-28
1878 3.57117e-28
1879 3.03802e-28
1880 2.58388e-28
1881 2.19714e-28
1882 1.86787e-28
1883 1.58758e-28
1884 1.34906e-28
1885 1.14611e-28
1886 9.73477e-29
1887 8.26661e-29
1888 7.0183e-29
1889 5.95715e-29
1890 5.05532e-29
1891 4.28905e-29
1892 3.63811e-29
1893 3.08527e-29
1894 2.61586e-29
1895 2.21737e-29
1896 1.87916e-29
1897 1.59218e-29
1898 1.34872e-29
1899 1.14223e-29
1900 9.67144e-30
1901 8.1871e-30
1902 6.92901e-30
1903 5.86293e-30
1904 4.95977e-30
1905 4.19479e-30
1906 3.547e-30
1907 2.99858e-30
1908 2.53438e-30
1909 2.14157e-30
1910 1.80923e-30
1911 1.52812e-30
1912 1.2904e-30
1913 1.08942e-30
1914 9.19529e-31
1915 7.75961e-31
1916 6.54662e-31
1917 5.522e-31
1918 4.6567e-31
1919 3.92611e-31
1920 3.30941e-31
1921 2.78895e-31
1922 2.34981e-31
1923 1.97937e-31
1924 1.66695e-31
1925 1.40353e-31
1926 1.18148e-31
1927 9.94329e-32
1928 8.36637e-32
1929 7.03795e-32
1930 5.91913e-32
1931 4.97705e-32
1932 4.18397e-32
1933 3.51647e-32
1934 2.9548e-32
1935 2.48229e-32
1936 2.08486e-32
1937 1.75068e-32
1938 1.46973e-32
1939 1.23359e-32
1940 1.03515e-32
1941 8.68443e-33
1942 7.28419e-33
1943 6.10832e-33
1944 5.12112e-33
1945 4.29251e-33
1946 3.59716e-33
1947 3.01377e-33
1948 2.52442e-33
1949 2.11405e-33
1950 1.76999e-33
1951 1.4816e-33
1952 1.23991e-33
1953 1.03742e-33
1954 8.67797e-34
1955 7.25744e-34
1956 6.0681e-34
1957 5.07252e-34
1958 4.23931e-34
1959 3.54217e-34
1960 2.959e-34
1961 2.47129e-34
1962 2.0635e-34
1963 1.72261e-34
1964 1.43771e-34
1965 1.19966e-34
1966 1.0008e-34
1967 8.34707e-35
1968 6.96027e-35
1969 5.80254e-35
1970 4.83632e-35
1971 4.03007e-35
1972 3.35747e-35
1973 2.79649e-35
1974 2.32871e-35
1975 1.93875e-35
1976 1.61372e-35
1977 1.34288e-35
1978 1.11724e-35
1979 9.29308e-36
1980 7.72811e-36
1981 6.42526e-36
1982 5.34083e-36
1983 4.43839e-36
1984 3.68763e-36
1985 3.06318e-36
1986 2.54389e-36
1987 2.11214e-36
1988 1.75327e-36
1989 1.45506e-36
1990 1.2073e-36
1991 1.00148e-36
1992 8.30573e-37
1993 6.8868e-37
1994 5.70897e-37
1995 4.73145e-37
1996 3.92041e-37
1997 3.24769e-37
1998 2.68981e-37
1999 2.22724e-37
2000 1.84377e-37
2001 1.526e-37
2002 1.26272e-37
2003 1.04462e-37
2004 8.63972e-38
2005 7.14412e-38
2006 5.90617e-38
2007 4.88153e-38
2008 4.03369e-38
2009 3.33236e-38
2010 2.75238e-38
2011 2.27277e-38
2012 1.87628e-38
2013 1.5486e-38
2014 1.27787e-38
2015 1.05421e-38
2016 8.69456e-39
2017 7.16922e-39
2018 5.91008e-39
2019 4.87081e-39
2020 4.01324e-39
2021 3.30572e-39
2022 2.72221e-39
2023 2.24109e-39
2024 1.84442e-39
2025 1.51746e-39
2026 1.24807e-39
2027 1.02615e-39
2028 8.43353e-40
2029 6.92817e-40
2030 5.68904e-40
2031 4.66919e-40
2032 3.82996e-40
2033 3.13955e-40
2034 2.57179e-40
2035 2.10502e-40
2036 1.72134e-40
2037 1.40608e-40
2038 1.14718e-40
2039 9.34675e-41
2040 7.60348e-41
2041 6.17458e-41
2042 5.00489e-41
2043 4.04884e-41
2044 3.26923e-41
2045 2.63559e-41
2046 2.12314e-41
2047 1.71172e-41
