0 9.82457e-25
1 8.97297e-25
2 8.23904e-25
3 7.60948e-25
4 7.07333e-25
5 6.62112e-25
6 6.24429e-25
7 5.93644e-25
8 5.69176e-25
9 5.50559e-25
10 5.37457e-25
11 5.29654e-25
12 5.26961e-25
13 5.29286e-25
14 5.36687e-25
15 5.49248e-25
16 5.67147e-25
17 5.90668e-25
18 6.20182e-25
19 6.56179e-25
20 6.99204e-25
21 7.4995e-25
22 8.09204e-25
23 8.77919e-25
24 9.57221e-25
25 1.04829e-24
26 1.15264e-24
27 1.27189e-24
28 1.40784e-24
29 1.56267e-24
30 1.73875e-24
31 1.93881e-24
32 2.16598e-24
33 2.42372e-24
34 2.71597e-24
35 3.04712e-24
36 3.42222e-24
37 3.84708e-24
38 4.32793e-24
39 4.87202e-24
40 5.48748e-24
41 6.18351e-24
42 6.97043e-24
43 7.85979e-24
44 8.86477e-24
45 1.00001e-23
46 1.12824e-23
47 1.27303e-23
48 1.43648e-23
49 1.62097e-23
50 1.82915e-23
51 2.06397e-23
52 2.32886e-23
53 2.62756e-23
54 2.96432e-23
55 3.3439e-23
56 3.77166e-23
57 4.25365e-23
58 4.79657e-23
59 5.40803e-23
60 6.09653e-23
61 6.87162e-23
62 7.74406e-23
63 8.72579e-23
64 9.83029e-23
65 1.10727e-22
66 1.247e-22
67 1.4041e-22
68 1.58071e-22
69 1.7792e-22
70 2.00226e-22
71 2.25285e-22
72 2.53433e-22
73 2.85044e-22
74 3.20536e-22
75 3.60379e-22
76 4.05096e-22
77 4.55272e-22
78 5.11564e-22
79 5.74706e-22
80 6.45513e-22
81 7.24903e-22
82 8.13899e-22
83 9.13637e-22
84 1.0254e-21
85 1.15061e-21
86 1.29084e-21
87 1.44788e-21
88 1.62371e-21
89 1.82053e-21
90 2.0408e-21
91 2.28727e-21
92 2.563e-21
93 2.87139e-21
94 3.21626e-21
95 3.60182e-21
96 4.03281e-21
97 4.51447e-21
98 5.05266e-21
99 5.65389e-21
100 6.3254e-21
101 7.07526e-21
102 7.91245e-21
103 8.84695e-21
104 9.88985e-21
105 1.10535e-20
106 1.23517e-20
107 1.37995e-20
108 1.54141e-20
109 1.72141e-20
110 1.92205e-20
111 2.14566e-20
112 2.39482e-20
113 2.67237e-20
114 2.98151e-20
115 3.32576e-20
116 3.70902e-20
117 4.13564e-20
118 4.61043e-20
119 5.13871e-20
120 5.7264e-20
121 6.38005e-20
122 7.10692e-20
123 7.91504e-20
124 8.81333e-20
125 9.81163e-20
126 1.09209e-19
127 1.21531e-19
128 1.35218e-19
129 1.50416e-19
130 1.6729e-19
131 1.8602e-19
132 2.06806e-19
133 2.2987e-19
134 2.55456e-19
135 2.83834e-19
136 3.15302e-19
137 3.5019e-19
138 3.88861e-19
139 4.31719e-19
140 4.79205e-19
141 5.31809e-19
142 5.90072e-19
143 6.5459e-19
144 7.26018e-19
145 8.05082e-19
146 8.9258e-19
147 9.89393e-19
148 1.09649e-18
149 1.21494e-18
150 1.34593e-18
151 1.49074e-18
152 1.65081e-18
153 1.82771e-18
154 2.02317e-18
155 2.2391e-18
156 2.47758e-18
157 2.74093e-18
158 3.03168e-18
159 3.35262e-18
160 3.70681e-18
161 4.09762e-18
162 4.52876e-18
163 5.00429e-18
164 5.52867e-18
165 6.10682e-18
166 6.74413e-18
167 7.4465e-18
168 8.22042e-18
169 9.07303e-18
170 1.00121e-17
171 1.10463e-17
172 1.21849e-17
173 1.34383e-17
174 1.48178e-17
175 1.63358e-17
176 1.80057e-17
177 1.98425e-17
178 2.18625e-17
179 2.40835e-17
180 2.65249e-17
181 2.92082e-17
182 3.21567e-17
183 3.53961e-17
184 3.89541e-17
185 4.28616e-17
186 4.71518e-17
187 5.18614e-17
188 5.70303e-17
189 6.27021e-17
190 6.89247e-17
191 7.57501e-17
192 8.32351e-17
193 9.1442e-17
194 1.00439e-16
195 1.10299e-16
196 1.21103e-16
197 1.3294e-16
198 1.45906e-16
199 1.60105e-16
200 1.75652e-16
201 1.92671e-16
202 2.11298e-16
203 2.31681e-16
204 2.53981e-16
205 2.78373e-16
206 3.05049e-16
207 3.34217e-16
208 3.66103e-16
209 4.00954e-16
210 4.39039e-16
211 4.80648e-16
212 5.261e-16
213 5.75739e-16
214 6.29942e-16
215 6.89116e-16
216 7.53705e-16
217 8.24191e-16
218 9.01097e-16
219 9.84991e-16
220 1.07649e-15
221 1.17627e-15
222 1.28505e-15
223 1.40363e-15
224 1.53286e-15
225 1.67367e-15
226 1.82706e-15
227 1.99414e-15
228 2.17609e-15
229 2.37418e-15
230 2.58982e-15
231 2.82452e-15
232 3.07989e-15
233 3.35772e-15
234 3.65991e-15
235 3.98854e-15
236 4.34586e-15
237 4.73428e-15
238 5.15644e-15
239 5.61517e-15
240 6.11354e-15
241 6.65487e-15
242 7.24274e-15
243 7.88104e-15
244 8.57395e-15
245 9.32599e-15
246 1.0142e-14
247 1.10274e-14
248 1.19877e-14
249 1.30291e-14
250 1.41583e-14
251 1.53825e-14
252 1.67092e-14
253 1.81469e-14
254 1.97044e-14
255 2.13916e-14
256 2.32188e-14
257 2.51972e-14
258 2.7339e-14
259 2.96571e-14
260 3.21657e-14
261 3.48799e-14
262 3.78158e-14
263 4.09912e-14
264 4.44247e-14
265 4.81368e-14
266 5.21492e-14
267 5.64854e-14
268 6.11707e-14
269 6.62322e-14
270 7.16992e-14
271 7.76029e-14
272 8.39771e-14
273 9.0858e-14
274 9.82845e-14
275 1.06298e-13
276 1.14944e-13
277 1.24271e-13
278 1.34329e-13
279 1.45174e-13
280 1.56867e-13
281 1.69469e-13
282 1.83051e-13
283 1.97684e-13
284 2.13449e-13
285 2.30427e-13
286 2.48711e-13
287 2.68395e-13
288 2.89584e-13
289 3.12388e-13
290 3.36925e-13
291 3.63322e-13
292 3.91714e-13
293 4.22247e-13
294 4.55074e-13
295 4.90361e-13
296 5.28286e-13
297 5.69036e-13
298 6.12815e-13
299 6.59837e-13
300 7.10334e-13
301 7.64549e-13
302 8.22747e-13
303 8.85208e-13
304 9.52228e-13
305 1.02413e-12
306 1.10125e-12
307 1.18395e-12
308 1.27262e-12
309 1.36767e-12
310 1.46954e-12
311 1.5787e-12
312 1.69564e-12
313 1.82091e-12
314 1.95505e-12
315 2.09868e-12
316 2.25244e-12
317 2.41701e-12
318 2.59312e-12
319 2.78153e-12
320 2.98308e-12
321 3.19864e-12
322 3.42915e-12
323 3.67558e-12
324 3.939e-12
325 4.22053e-12
326 4.52135e-12
327 4.84273e-12
328 5.18601e-12
329 5.55263e-12
330 5.94409e-12
331 6.36202e-12
332 6.8081e-12
333 7.28417e-12
334 7.79213e-12
335 8.33404e-12
336 8.91206e-12
337 9.52848e-12
338 1.01857e-11
339 1.08864e-11
340 1.16332e-11
341 1.2429e-11
342 1.3277e-11
343 1.41803e-11
344 1.51423e-11
345 1.61667e-11
346 1.72574e-11
347 1.84184e-11
348 1.96539e-11
349 2.09686e-11
350 2.23672e-11
351 2.38548e-11
352 2.54367e-11
353 2.71185e-11
354 2.89063e-11
355 3.08062e-11
356 3.2825e-11
357 3.49696e-11
358 3.72475e-11
359 3.96662e-11
360 4.22342e-11
361 4.496e-11
362 4.78527e-11
363 5.09218e-11
364 5.41776e-11
365 5.76307e-11
366 6.12921e-11
367 6.51738e-11
368 6.92882e-11
369 7.36483e-11
370 7.82679e-11
371 8.31615e-11
372 8.83442e-11
373 9.38322e-11
374 9.96423e-11
375 1.05792e-10
376 1.12301e-10
377 1.19187e-10
378 1.26473e-10
379 1.34178e-10
380 1.42327e-10
381 1.50944e-10
382 1.60053e-10
383 1.6968e-10
384 1.79855e-10
385 1.90606e-10
386 2.01963e-10
387 2.1396e-10
388 2.26629e-10
389 2.40007e-10
390 2.54131e-10
391 2.6904e-10
392 2.84775e-10
393 3.01379e-10
394 3.18898e-10
395 3.37379e-10
396 3.56871e-10
397 3.77427e-10
398 3.99101e-10
399 4.2195e-10
400 4.46033e-10
401 4.71414e-10
402 4.98157e-10
403 5.26331e-10
404 5.56006e-10
405 5.87258e-10
406 6.20164e-10
407 6.54805e-10
408 6.91266e-10
409 7.29635e-10
410 7.70004e-10
411 8.12468e-10
412 8.57129e-10
413 9.04088e-10
414 9.53455e-10
415 1.00534e-09
416 1.05987e-09
417 1.11715e-09
418 1.17732e-09
419 1.2405e-09
420 1.30684e-09
421 1.37647e-09
422 1.44954e-09
423 1.52621e-09
424 1.60663e-09
425 1.69096e-09
426 1.77939e-09
427 1.87208e-09
428 1.96921e-09
429 2.07099e-09
430 2.1776e-09
431 2.28926e-09
432 2.40617e-09
433 2.52855e-09
434 2.65664e-09
435 2.79067e-09
436 2.93089e-09
437 3.07756e-09
438 3.23093e-09
439 3.3913e-09
440 3.55894e-09
441 3.73415e-09
442 3.91724e-09
443 4.10854e-09
444 4.30837e-09
445 4.51709e-09
446 4.73505e-09
447 4.96264e-09
448 5.20023e-09
449 5.44825e-09
450 5.7071e-09
451 5.97722e-09
452 6.25907e-09
453 6.55313e-09
454 6.85987e-09
455 7.17982e-09
456 7.5135e-09
457 7.86146e-09
458 8.22427e-09
459 8.60252e-09
460 8.99682e-09
461 9.40781e-09
462 9.83614e-09
463 1.02825e-08
464 1.07476e-08
465 1.12321e-08
466 1.17368e-08
467 1.22625e-08
468 1.28099e-08
469 1.33799e-08
470 1.39734e-08
471 1.45911e-08
472 1.5234e-08
473 1.5903e-08
474 1.65991e-08
475 1.73231e-08
476 1.80761e-08
477 1.8859e-08
478 1.9673e-08
479 2.05189e-08
480 2.1398e-08
481 2.23112e-08
482 2.32597e-08
483 2.42445e-08
484 2.52669e-08
485 2.63279e-08
486 2.74287e-08
487 2.85705e-08
488 2.97545e-08
489 3.09818e-08
490 3.22538e-08
491 3.35715e-08
492 3.49363e-08
493 3.63494e-08
494 3.7812e-08
495 3.93254e-08
496 4.0891e-08
497 4.25099e-08
498 4.41836e-08
499 4.59133e-08
500 4.77004e-08
501 4.95462e-08
502 5.14521e-08
503 5.34195e-08
504 5.54499e-08
505 5.75447e-08
506 5.97054e-08
507 6.19335e-08
508 6.42306e-08
509 6.65982e-08
510 6.90381e-08
511 7.15519e-08
512 7.41415e-08
513 7.68085e-08
514 7.9555e-08
515 8.23829e-08
516 8.52942e-08
517 8.82911e-08
518 9.13758e-08
519 9.45507e-08
520 9.78181e-08
521 1.01181e-07
522 1.04641e-07
523 1.08202e-07
524 1.11866e-07
525 1.15637e-07
526 1.19517e-07
527 1.2351e-07
528 1.2762e-07
529 1.31849e-07
530 1.36202e-07
531 1.40683e-07
532 1.45294e-07
533 1.50042e-07
534 1.54929e-07
535 1.5996e-07
536 1.6514e-07
537 1.70473e-07
538 1.75964e-07
539 1.81617e-07
540 1.87439e-07
541 1.93432e-07
542 1.99603e-07
543 2.05957e-07
544 2.12498e-07
545 2.19231e-07
546 2.26162e-07
547 2.33296e-07
548 2.40636e-07
549 2.48189e-07
550 2.55959e-07
551 2.6395e-07
552 2.72166e-07
553 2.80612e-07
554 2.89291e-07
555 2.98208e-07
556 3.07365e-07
557 3.16766e-07
558 3.26412e-07
559 3.36308e-07
560 3.46453e-07
561 3.5685e-07
562 3.675e-07
563 3.78403e-07
564 3.8956e-07
565 4.0097e-07
566 4.12631e-07
567 4.24543e-07
568 4.36704e-07
569 4.4911e-07
570 4.6176e-07
571 4.74648e-07
572 4.87772e-07
573 5.01125e-07
574 5.14704e-07
575 5.28503e-07
576 5.42515e-07
577 5.56735e-07
578 5.71155e-07
579 5.85768e-07
580 6.00567e-07
581 6.15544e-07
582 6.30691e-07
583 6.46002e-07
584 6.61467e-07
585 6.77079e-07
586 6.9283e-07
587 7.08713e-07
588 7.24722e-07
589 7.40848e-07
590 7.57086e-07
591 7.7343e-07
592 7.89875e-07
593 8.06418e-07
594 8.23054e-07
595 8.39782e-07
596 8.566e-07
597 8.73508e-07
598 8.90507e-07
599 9.076e-07
600 9.2479e-07
601 9.42084e-07
602 9.59487e-07
603 9.7701e-07
604 9.94661e-07
605 1.01245e-06
606 1.0304e-06
607 1.04852e-06
608 1.06682e-06
609 1.08534e-06
610 1.10408e-06
611 1.12307e-06
612 1.14234e-06
613 1.16191e-06
614 1.18181e-06
615 1.20208e-06
616 1.22273e-06
617 1.24381e-06
618 1.26534e-06
619 1.28737e-06
620 1.30992e-06
621 1.33304e-06
622 1.35675e-06
623 1.38111e-06
624 1.40614e-06
625 1.43188e-06
626 1.45837e-06
627 1.48565e-06
628 1.51375e-06
629 1.5427e-06
630 1.57254e-06
631 1.6033e-06
632 1.63501e-06
633 1.66769e-06
634 1.70136e-06
635 1.73605e-06
636 1.77178e-06
637 1.80856e-06
638 1.84639e-06
639 1.88529e-06
640 1.92525e-06
641 1.96627e-06
642 2.00834e-06
643 2.05145e-06
644 2.09558e-06
645 2.14069e-06
646 2.18677e-06
647 2.23377e-06
648 2.28164e-06
649 2.33034e-06
650 2.37981e-06
651 2.42998e-06
652 2.48079e-06
653 2.53216e-06
654 2.584e-06
655 2.63623e-06
656 2.68875e-06
657 2.74146e-06
658 2.79425e-06
659 2.847e-06
660 2.8996e-06
661 2.95192e-06
662 3.00384e-06
663 3.05521e-06
664 3.10591e-06
665 3.1558e-06
666 3.20472e-06
667 3.25254e-06
668 3.2991e-06
669 3.34427e-06
670 3.38788e-06
671 3.4298e-06
672 3.46987e-06
673 3.50795e-06
674 3.54389e-06
675 3.57756e-06
676 3.60882e-06
677 3.63754e-06
678 3.66358e-06
679 3.68685e-06
680 3.70721e-06
681 3.72457e-06
682 3.73883e-06
683 3.74991e-06
684 3.75773e-06
685 3.76223e-06
686 3.76336e-06
687 3.76107e-06
688 3.75535e-06
689 3.74617e-06
690 3.73355e-06
691 3.7175e-06
692 3.69805e-06
693 3.67525e-06
694 3.64916e-06
695 3.61988e-06
696 3.58749e-06
697 3.55212e-06
698 3.5139e-06
699 3.47297e-06
700 3.42952e-06
701 3.38371e-06
702 3.33576e-06
703 3.28588e-06
704 3.23432e-06
705 3.18132e-06
706 3.12715e-06
707 3.07209e-06
708 3.01645e-06
709 2.96053e-06
710 2.90466e-06
711 2.84918e-06
712 2.79443e-06
713 2.74078e-06
714 2.68859e-06
715 2.63824e-06
716 2.59011e-06
717 2.54459e-06
718 2.50209e-06
719 2.46298e-06
720 2.42768e-06
721 2.39658e-06
722 2.37008e-06
723 2.34858e-06
724 2.33247e-06
725 2.32214e-06
726 2.31796e-06
727 2.32031e-06
728 2.32955e-06
729 2.34602e-06
730 2.37007e-06
731 2.40203e-06
732 2.44218e-06
733 2.49083e-06
734 2.54824e-06
735 2.61466e-06
736 2.69033e-06
737 2.77544e-06
738 2.87019e-06
739 2.97472e-06
740 3.08917e-06
741 3.21365e-06
742 3.34823e-06
743 3.49296e-06
744 3.64786e-06
745 3.81292e-06
746 3.98811e-06
747 4.17334e-06
748 4.36851e-06
749 4.57351e-06
750 4.78815e-06
751 5.01225e-06
752 5.24558e-06
753 5.48789e-06
754 5.73889e-06
755 5.99826e-06
756 6.26566e-06
757 6.54072e-06
758 6.82303e-06
759 7.11217e-06
760 7.40769e-06
761 7.70912e-06
762 8.01595e-06
763 8.32766e-06
764 8.64373e-06
765 8.96358e-06
766 9.28664e-06
767 9.61233e-06
768 9.94004e-06
769 1.02692e-05
770 1.05991e-05
771 1.09292e-05
772 1.12588e-05
773 1.15872e-05
774 1.1914e-05
775 1.22384e-05
776 1.25597e-05
777 1.28774e-05
778 1.31909e-05
779 1.34995e-05
780 1.38027e-05
781 1.40998e-05
782 1.43904e-05
783 1.46738e-05
784 1.49497e-05
785 1.52174e-05
786 1.54765e-05
787 1.57266e-05
788 1.59673e-05
789 1.61982e-05
790 1.6419e-05
791 1.66294e-05
792 1.68291e-05
793 1.7018e-05
794 1.71958e-05
795 1.73624e-05
796 1.75177e-05
797 1.76618e-05
798 1.77946e-05
799 1.79162e-05
800 1.80267e-05
801 1.81263e-05
802 1.82152e-05
803 1.82936e-05
804 1.8362e-05
805 1.84206e-05
806 1.847e-05
807 1.85106e-05
808 1.8543e-05
809 1.85678e-05
810 1.85857e-05
811 1.85974e-05
812 1.86036e-05
813 1.86052e-05
814 1.86032e-05
815 1.85983e-05
816 1.85917e-05
817 1.85844e-05
818 1.85775e-05
819 1.85721e-05
820 1.85695e-05
821 1.8571e-05
822 1.85777e-05
823 1.85911e-05
824 1.86126e-05
825 1.86437e-05
826 1.86857e-05
827 1.87403e-05
828 1.88089e-05
829 1.88933e-05
830 1.89951e-05
831 1.91158e-05
832 1.92574e-05
833 1.94214e-05
834 1.96097e-05
835 1.9824e-05
836 2.00663e-05
837 2.03383e-05
838 2.06419e-05
839 2.09791e-05
840 2.13517e-05
841 2.17617e-05
842 2.2211e-05
843 2.27017e-05
844 2.32356e-05
845 2.38149e-05
846 2.44414e-05
847 2.51172e-05
848 2.58444e-05
849 2.66248e-05
850 2.74607e-05
851 2.8354e-05
852 2.93068e-05
853 3.0321e-05
854 3.13988e-05
855 3.25421e-05
856 3.37531e-05
857 3.50337e-05
858 3.6386e-05
859 3.7812e-05
860 3.93137e-05
861 4.08932e-05
862 4.25525e-05
863 4.42936e-05
864 4.61185e-05
865 4.80291e-05
866 5.00276e-05
867 5.21159e-05
868 5.42959e-05
869 5.65697e-05
870 5.89393e-05
871 6.14066e-05
872 6.39736e-05
873 6.66423e-05
874 6.94146e-05
875 7.22925e-05
876 7.52779e-05
877 7.8373e-05
878 8.15795e-05
879 8.48995e-05
880 8.83349e-05
881 9.18878e-05
882 9.55602e-05
883 9.93539e-05
884 0.000103271
885 0.000107314
886 0.000111484
887 0.000115783
888 0.000120214
889 0.000124779
890 0.000129479
891 0.000134317
892 0.000139295
893 0.000144415
894 0.00014968
895 0.00015509
896 0.00016065
897 0.00016636
898 0.000172223
899 0.000178242
900 0.000184418
901 0.000190755
902 0.000197254
903 0.000203918
904 0.00021075
905 0.000217752
906 0.000224926
907 0.000232276
908 0.000239803
909 0.000247511
910 0.000255403
911 0.00026348
912 0.000271747
913 0.000280205
914 0.000288858
915 0.00029771
916 0.000306762
917 0.000316018
918 0.000325481
919 0.000335155
920 0.000345042
921 0.000355147
922 0.000365473
923 0.000376022
924 0.000386799
925 0.000397807
926 0.00040905
927 0.000420531
928 0.000432255
929 0.000444226
930 0.000456446
931 0.00046892
932 0.000481653
933 0.000494648
934 0.000507909
935 0.000521442
936 0.000535249
937 0.000549335
938 0.000563706
939 0.000578365
940 0.000593316
941 0.000608565
942 0.000624117
943 0.000639975
944 0.000656145
945 0.000672631
946 0.000689439
947 0.000706574
948 0.000724039
949 0.000741842
950 0.000759985
951 0.000778476
952 0.000797319
953 0.000816519
954 0.000836081
955 0.000856012
956 0.000876316
957 0.000896999
958 0.000918066
959 0.000939523
960 0.000961375
961 0.000983628
962 0.00100629
963 0.00102936
964 0.00105285
965 0.00107676
966 0.00110111
967 0.00112588
968 0.0011511
969 0.00117677
970 0.00120288
971 0.00122946
972 0.0012565
973 0.00128401
974 0.00131199
975 0.00134046
976 0.00136941
977 0.00139886
978 0.0014288
979 0.00145925
980 0.00149021
981 0.00152168
982 0.00155368
983 0.0015862
984 0.00161926
985 0.00165285
986 0.00168699
987 0.00172167
988 0.00175692
989 0.00179272
990 0.00182909
991 0.00186603
992 0.00190354
993 0.00194164
994 0.00198032
995 0.0020196
996 0.00205947
997 0.00209995
998 0.00214103
999 0.00218272
1000 0.00222503
1001 0.00226795
1002 0.00231151
1003 0.00235569
1004 0.00240051
1005 0.00244596
1006 0.00249205
1007 0.00253879
1008 0.00258619
1009 0.00263423
1010 0.00268293
1011 0.00273229
1012 0.00278232
1013 0.00283301
1014 0.00288437
1015 0.0029364
1016 0.00298911
1017 0.0030425
1018 0.00309656
1019 0.00315131
1020 0.00320675
1021 0.00326287
1022 0.00331968
1023 0.00337718
1024 0.00343537
1025 0.00349425
1026 0.00355383
1027 0.0036141
1028 0.00367507
1029 0.00373673
1030 0.00379909
1031 0.00386214
1032 0.00392589
1033 0.00399033
1034 0.00405547
1035 0.0041213
1036 0.00418782
1037 0.00425503
1038 0.00432294
1039 0.00439153
1040 0.00446081
1041 0.00453077
1042 0.00460141
1043 0.00467273
1044 0.00474472
1045 0.00481739
1046 0.00489073
1047 0.00496473
1048 0.00503939
1049 0.0051147
1050 0.00519067
1051 0.00526729
1052 0.00534455
1053 0.00542244
1054 0.00550097
1055 0.00558012
1056 0.00565989
1057 0.00574027
1058 0.00582125
1059 0.00590284
1060 0.00598502
1061 0.00606778
1062 0.00615111
1063 0.00623501
1064 0.00631948
1065 0.00640449
1066 0.00649004
1067 0.00657613
1068 0.00666273
1069 0.00674985
1070 0.00683747
1071 0.00692558
1072 0.00701418
1073 0.00710324
1074 0.00719276
1075 0.00728272
1076 0.00737312
1077 0.00746394
1078 0.00755517
1079 0.0076468
1080 0.00773881
1081 0.00783119
1082 0.00792393
1083 0.00801701
1084 0.00811041
1085 0.00820413
1086 0.00829815
1087 0.00839245
1088 0.00848702
1089 0.00858184
1090 0.0086769
1091 0.00877217
1092 0.00886765
1093 0.00896332
1094 0.00905916
1095 0.00915515
1096 0.00925127
1097 0.00934751
1098 0.00944385
1099 0.00954027
1100 0.00963676
1101 0.00973328
1102 0.00982983
1103 0.00992639
1104 0.0100229
1105 0.0101194
1106 0.0102159
1107 0.0103123
1108 0.0104086
1109 0.0105048
1110 0.0106008
1111 0.0106967
1112 0.0107924
1113 0.0108879
1114 0.0109832
1115 0.0110783
1116 0.0111731
1117 0.0112676
1118 0.0113619
1119 0.0114558
1120 0.0115493
1121 0.0116425
1122 0.0117353
1123 0.0118276
1124 0.0119196
1125 0.0120111
1126 0.0121021
1127 0.0121926
1128 0.0122825
1129 0.0123719
1130 0.0124608
1131 0.0125491
1132 0.0126367
1133 0.0127237
1134 0.01281
1135 0.0128957
1136 0.0129806
1137 0.0130649
1138 0.0131483
1139 0.013231
1140 0.0133129
1141 0.013394
1142 0.0134742
1143 0.0135536
1144 0.0136321
1145 0.0137097
1146 0.0137863
1147 0.013862
1148 0.0139367
1149 0.0140104
1150 0.0140832
1151 0.0141548
1152 0.0142254
1153 0.014295
1154 0.0143634
1155 0.0144307
1156 0.0144969
1157 0.0145619
1158 0.0146257
1159 0.0146884
1160 0.0147498
1161 0.01481
1162 0.0148689
1163 0.0149265
1164 0.0149829
1165 0.0150379
1166 0.0150916
1167 0.015144
1168 0.015195
1169 0.0152446
1170 0.0152928
1171 0.0153396
1172 0.015385
1173 0.0154289
1174 0.0154714
1175 0.0155124
1176 0.0155519
1177 0.0155899
1178 0.0156264
1179 0.0156614
1180 0.0156948
1181 0.0157267
1182 0.0157571
1183 0.0157858
1184 0.015813
1185 0.0158386
1186 0.0158625
1187 0.0158849
1188 0.0159056
1189 0.0159247
1190 0.0159422
1191 0.015958
1192 0.0159722
1193 0.0159847
1194 0.0159956
1195 0.0160048
1196 0.0160123
1197 0.0160181
1198 0.0160223
1199 0.0160247
1200 0.0160255
1201 0.0160246
1202 0.016022
1203 0.0160177
1204 0.0160117
1205 0.016004
1206 0.0159946
1207 0.0159836
1208 0.0159708
1209 0.0159564
1210 0.0159403
1211 0.0159225
1212 0.015903
1213 0.0158818
1214 0.015859
1215 0.0158345
1216 0.0158084
1217 0.0157806
1218 0.0157511
1219 0.0157201
1220 0.0156874
1221 0.0156531
1222 0.0156171
1223 0.0155796
1224 0.0155405
1225 0.0154998
1226 0.0154575
1227 0.0154137
1228 0.0153684
1229 0.0153215
1230 0.0152731
1231 0.0152232
1232 0.0151718
1233 0.0151189
1234 0.0150645
1235 0.0150088
1236 0.0149516
1237 0.0148929
1238 0.0148329
1239 0.0147715
1240 0.0147088
1241 0.0146447
1242 0.0145792
1243 0.0145125
1244 0.0144445
1245 0.0143752
1246 0.0143047
1247 0.0142329
1248 0.01416
1249 0.0140858
1250 0.0140105
1251 0.0139341
1252 0.0138565
1253 0.0137778
1254 0.0136981
1255 0.0136172
1256 0.0135354
1257 0.0134526
1258 0.0133687
1259 0.0132839
1260 0.0131982
1261 0.0131116
1262 0.013024
1263 0.0129356
1264 0.0128464
1265 0.0127563
1266 0.0126655
1267 0.0125738
1268 0.0124815
1269 0.0123884
1270 0.0122946
1271 0.0122002
1272 0.0121051
1273 0.0120094
1274 0.0119131
1275 0.0118162
1276 0.0117188
1277 0.0116208
1278 0.0115224
1279 0.0114235
1280 0.0113242
1281 0.0112244
1282 0.0111243
1283 0.0110238
1284 0.0109229
1285 0.0108217
1286 0.0107203
1287 0.0106185
1288 0.0105166
1289 0.0104144
1290 0.010312
1291 0.0102094
1292 0.0101067
1293 0.0100038
1294 0.00990089
1295 0.00979787
1296 0.0096948
1297 0.00959169
1298 0.00948858
1299 0.00938548
1300 0.00928242
1301 0.00917942
1302 0.00907649
1303 0.00897367
1304 0.00887098
1305 0.00876843
1306 0.00866604
1307 0.00856384
1308 0.00846185
1309 0.00836008
1310 0.00825856
1311 0.00815731
1312 0.00805634
1313 0.00795568
1314 0.00785534
1315 0.00775534
1316 0.0076557
1317 0.00755644
1318 0.00745757
1319 0.00735911
1320 0.00726108
1321 0.0071635
1322 0.00706637
1323 0.00696973
1324 0.00687357
1325 0.00677792
1326 0.0066828
1327 0.00658821
1328 0.00649416
1329 0.00640069
1330 0.00630779
1331 0.00621548
1332 0.00612377
1333 0.00603268
1334 0.00594221
1335 0.00585238
1336 0.00576321
1337 0.00567469
1338 0.00558684
1339 0.00549968
1340 0.0054132
1341 0.00532743
1342 0.00524236
1343 0.00515802
1344 0.0050744
1345 0.00499151
1346 0.00490937
1347 0.00482797
1348 0.00474734
1349 0.00466746
1350 0.00458836
1351 0.00451003
1352 0.00443247
1353 0.00435571
1354 0.00427974
1355 0.00420456
1356 0.00413018
1357 0.0040566
1358 0.00398383
1359 0.00391187
1360 0.00384073
1361 0.0037704
1362 0.00370088
1363 0.00363219
1364 0.00356432
1365 0.00349727
1366 0.00343104
1367 0.00336564
1368 0.00330106
1369 0.0032373
1370 0.00317437
1371 0.00311227
1372 0.00305099
1373 0.00299053
1374 0.00293089
1375 0.00287207
1376 0.00281407
1377 0.00275688
1378 0.00270051
1379 0.00264495
1380 0.00259019
1381 0.00253624
1382 0.0024831
1383 0.00243075
1384 0.00237919
1385 0.00232843
1386 0.00227845
1387 0.00222925
1388 0.00218084
1389 0.00213319
1390 0.00208632
1391 0.0020402
1392 0.00199485
1393 0.00195025
1394 0.00190639
1395 0.00186328
1396 0.0018209
1397 0.00177925
1398 0.00173833
1399 0.00169812
1400 0.00165862
1401 0.00161983
1402 0.00158174
1403 0.00154434
1404 0.00150762
1405 0.00147158
1406 0.00143621
1407 0.00140151
1408 0.00136746
1409 0.00133406
1410 0.0013013
1411 0.00126918
1412 0.00123768
1413 0.00120681
1414 0.00117654
1415 0.00114688
1416 0.00111782
1417 0.00108935
1418 0.00106146
1419 0.00103415
1420 0.0010074
1421 0.000981212
1422 0.000955575
1423 0.000930481
1424 0.000905923
1425 0.000881893
1426 0.000858383
1427 0.000835387
1428 0.000812895
1429 0.000790901
1430 0.000769397
1431 0.000748374
1432 0.000727827
1433 0.000707746
1434 0.000688124
1435 0.000668954
1436 0.000650228
1437 0.00063194
1438 0.00061408
1439 0.000596643
1440 0.00057962
1441 0.000563005
1442 0.00054679
1443 0.000530968
1444 0.000515532
1445 0.000500475
1446 0.00048579
1447 0.000471469
1448 0.000457507
1449 0.000443896
1450 0.000430629
1451 0.0004177
1452 0.000405102
1453 0.000392829
1454 0.000380874
1455 0.00036923
1456 0.000357892
1457 0.000346853
1458 0.000336106
1459 0.000325647
1460 0.000315468
1461 0.000305564
1462 0.000295928
1463 0.000286556
1464 0.000277441
1465 0.000268577
1466 0.00025996
1467 0.000251583
1468 0.000243441
1469 0.000235529
1470 0.000227841
1471 0.000220373
1472 0.000213119
1473 0.000206073
1474 0.000199233
1475 0.000192591
1476 0.000186144
1477 0.000179887
1478 0.000173815
1479 0.000167924
1480 0.000162208
1481 0.000156665
1482 0.000151289
1483 0.000146077
1484 0.000141023
1485 0.000136125
1486 0.000131378
1487 0.000126777
1488 0.00012232
1489 0.000118003
1490 0.000113821
1491 0.000109771
1492 0.00010585
1493 0.000102054
1494 9.838e-05
1495 9.4824e-05
1496 9.13832e-05
1497 8.80543e-05
1498 8.48342e-05
1499 8.17198e-05
1500 7.87081e-05
1501 7.57962e-05
1502 7.29812e-05
1503 7.02604e-05
1504 6.7631e-05
1505 6.50904e-05
1506 6.26359e-05
1507 6.0265e-05
1508 5.79752e-05
1509 5.57641e-05
1510 5.36293e-05
1511 5.15685e-05
1512 4.95796e-05
1513 4.76602e-05
1514 4.58083e-05
1515 4.40217e-05
1516 4.22984e-05
1517 4.06365e-05
1518 3.9034e-05
1519 3.74891e-05
1520 3.59999e-05
1521 3.45646e-05
1522 3.31816e-05
1523 3.1849e-05
1524 3.05654e-05
1525 2.9329e-05
1526 2.81384e-05
1527 2.6992e-05
1528 2.58883e-05
1529 2.48261e-05
1530 2.38037e-05
1531 2.282e-05
1532 2.18736e-05
1533 2.09633e-05
1534 2.00878e-05
1535 1.92458e-05
1536 1.84364e-05
1537 1.76583e-05
1538 1.69104e-05
1539 1.61917e-05
1540 1.55012e-05
1541 1.48378e-05
1542 1.42006e-05
1543 1.35887e-05
1544 1.30012e-05
1545 1.24371e-05
1546 1.18957e-05
1547 1.1376e-05
1548 1.08774e-05
1549 1.03991e-05
1550 9.94019e-06
1551 9.50009e-06
1552 9.07806e-06
1553 8.67342e-06
1554 8.28554e-06
1555 7.91377e-06
1556 7.55749e-06
1557 7.21614e-06
1558 6.88912e-06
1559 6.57589e-06
1560 6.27593e-06
1561 5.98871e-06
1562 5.71374e-06
1563 5.45054e-06
1564 5.19864e-06
1565 4.95761e-06
1566 4.72701e-06
1567 4.50643e-06
1568 4.29546e-06
1569 4.09373e-06
1570 3.90085e-06
1571 3.71648e-06
1572 3.54026e-06
1573 3.37186e-06
1574 3.21096e-06
1575 3.05726e-06
1576 2.91046e-06
1577 2.77026e-06
1578 2.6364e-06
1579 2.5086e-06
1580 2.38662e-06
1581 2.27022e-06
1582 2.15914e-06
1583 2.05317e-06
1584 1.95209e-06
1585 1.85569e-06
1586 1.76377e-06
1587 1.67614e-06
1588 1.5926e-06
1589 1.51298e-06
1590 1.43712e-06
1591 1.36484e-06
1592 1.29598e-06
1593 1.2304e-06
1594 1.16795e-06
1595 1.10849e-06
1596 1.05189e-06
1597 9.9802e-07
1598 9.46754e-07
1599 8.97975e-07
1600 8.51572e-07
1601 8.07436e-07
1602 7.65464e-07
1603 7.25555e-07
1604 6.87615e-07
1605 6.51553e-07
1606 6.17282e-07
1607 5.84718e-07
1608 5.53782e-07
1609 5.24397e-07
1610 4.9649e-07
1611 4.69991e-07
1612 4.44834e-07
1613 4.20954e-07
1614 3.98291e-07
1615 3.76787e-07
1616 3.56385e-07
1617 3.37032e-07
1618 3.18678e-07
1619 3.01274e-07
1620 2.84774e-07
1621 2.69132e-07
1622 2.54309e-07
1623 2.40261e-07
1624 2.26953e-07
1625 2.14346e-07
1626 2.02406e-07
1627 1.911e-07
1628 1.80395e-07
1629 1.70262e-07
1630 1.60671e-07
1631 1.51595e-07
1632 1.43008e-07
1633 1.34886e-07
1634 1.27203e-07
1635 1.19938e-07
1636 1.1307e-07
1637 1.06576e-07
1638 1.00439e-07
1639 9.46399e-08
1640 8.91605e-08
1641 8.39842e-08
1642 7.90953e-08
1643 7.44785e-08
1644 7.01195e-08
1645 6.60045e-08
1646 6.21206e-08
1647 5.84555e-08
1648 5.49973e-08
1649 5.17351e-08
1650 4.86581e-08
1651 4.57565e-08
1652 4.30207e-08
1653 4.04416e-08
1654 3.80107e-08
1655 3.572e-08
1656 3.35616e-08
1657 3.15283e-08
1658 2.96132e-08
1659 2.78097e-08
1660 2.61116e-08
1661 2.45131e-08
1662 2.30085e-08
1663 2.15926e-08
1664 2.02604e-08
1665 1.90071e-08
1666 1.78284e-08
1667 1.67199e-08
1668 1.56776e-08
1669 1.46978e-08
1670 1.37769e-08
1671 1.29115e-08
1672 1.20984e-08
1673 1.13346e-08
1674 1.06172e-08
1675 9.94343e-09
1676 9.31086e-09
1677 8.71705e-09
1678 8.1597e-09
1679 7.63668e-09
1680 7.14595e-09
1681 6.68562e-09
1682 6.25386e-09
1683 5.84897e-09
1684 5.46936e-09
1685 5.11351e-09
1686 4.77998e-09
1687 4.46744e-09
1688 4.17462e-09
1689 3.90031e-09
1690 3.6434e-09
1691 3.40282e-09
1692 3.17758e-09
1693 2.96674e-09
1694 2.7694e-09
1695 2.58475e-09
1696 2.41198e-09
1697 2.25038e-09
1698 2.09924e-09
1699 1.95791e-09
1700 1.82577e-09
1701 1.70226e-09
1702 1.58683e-09
1703 1.47897e-09
1704 1.3782e-09
1705 1.28407e-09
1706 1.19616e-09
1707 1.11408e-09
1708 1.03744e-09
1709 9.65915e-10
1710 8.9916e-10
1711 8.36872e-10
1712 7.78762e-10
1713 7.24561e-10
1714 6.74014e-10
1715 6.26883e-10
1716 5.82945e-10
1717 5.41992e-10
1718 5.03828e-10
1719 4.68268e-10
1720 4.35142e-10
1721 4.04288e-10
1722 3.75556e-10
1723 3.48804e-10
1724 3.23901e-10
1725 3.00722e-10
1726 2.79153e-10
1727 2.59085e-10
1728 2.40418e-10
1729 2.23056e-10
1730 2.06911e-10
1731 1.91901e-10
1732 1.77948e-10
1733 1.6498e-10
1734 1.5293e-10
1735 1.41736e-10
1736 1.31337e-10
1737 1.2168e-10
1738 1.12712e-10
1739 1.04387e-10
1740 9.66601e-11
1741 8.94889e-11
1742 8.28349e-11
1743 7.66621e-11
1744 7.09366e-11
1745 6.5627e-11
1746 6.0704e-11
1747 5.61402e-11
1748 5.19103e-11
1749 4.79905e-11
1750 4.43588e-11
1751 4.09946e-11
1752 3.78787e-11
1753 3.49934e-11
1754 3.23221e-11
1755 2.98493e-11
1756 2.75608e-11
1757 2.54432e-11
1758 2.3484e-11
1759 2.16719e-11
1760 1.99959e-11
1761 1.84463e-11
1762 1.70137e-11
1763 1.56895e-11
1764 1.44658e-11
1765 1.33351e-11
1766 1.22906e-11
1767 1.13258e-11
1768 1.04349e-11
1769 9.61237e-12
1770 8.85306e-12
1771 8.15225e-12
1772 7.50556e-12
1773 6.90892e-12
1774 6.35855e-12
1775 5.85097e-12
1776 5.38294e-12
1777 4.95144e-12
1778 4.55371e-12
1779 4.18716e-12
1780 3.84942e-12
1781 3.53828e-12
1782 3.2517e-12
1783 2.98779e-12
1784 2.74479e-12
1785 2.5211e-12
1786 2.31522e-12
1787 2.12576e-12
1788 1.95146e-12
1789 1.79111e-12
1790 1.64364e-12
1791 1.50804e-12
1792 1.38338e-12
1793 1.26878e-12
1794 1.16347e-12
1795 1.0667e-12
1796 9.77804e-13
1797 8.96151e-13
1798 8.21166e-13
1799 7.52317e-13
1800 6.89114e-13
1801 6.31106e-13
1802 5.77874e-13
1803 5.29035e-13
1804 4.84235e-13
1805 4.43147e-13
1806 4.05471e-13
1807 3.7093e-13
1808 3.39269e-13
1809 3.10253e-13
1810 2.83667e-13
1811 2.59311e-13
1812 2.37003e-13
1813 2.16573e-13
1814 1.97869e-13
1815 1.80746e-13
1816 1.65075e-13
1817 1.50734e-13
1818 1.37614e-13
1819 1.25613e-13
1820 1.14637e-13
1821 1.04601e-13
1822 9.54258e-14
1823 8.70393e-14
1824 7.93751e-14
1825 7.23724e-14
1826 6.59753e-14
1827 6.01324e-14
1828 5.47969e-14
1829 4.99255e-14
1830 4.54787e-14
1831 4.14203e-14
1832 3.7717e-14
1833 3.43384e-14
1834 3.12567e-14
1835 2.84463e-14
1836 2.58837e-14
1837 2.35476e-14
1838 2.14183e-14
1839 1.9478e-14
1840 1.77101e-14
1841 1.60997e-14
1842 1.46329e-14
1843 1.32974e-14
1844 1.20814e-14
1845 1.09746e-14
1846 9.96737e-15
1847 9.05086e-15
1848 8.21708e-15
1849 7.45872e-15
1850 6.76907e-15
1851 6.14205e-15
1852 5.57206e-15
1853 5.05401e-15
1854 4.58328e-15
1855 4.1556e-15
1856 3.76713e-15
1857 3.41433e-15
1858 3.09399e-15
1859 2.80318e-15
1860 2.53922e-15
1861 2.29969e-15
1862 2.08236e-15
1863 1.88521e-15
1864 1.70641e-15
1865 1.54427e-15
1866 1.39728e-15
1867 1.26404e-15
1868 1.14329e-15
1869 1.03388e-15
1870 9.34765e-16
1871 8.44991e-16
1872 7.63695e-16
1873 6.9009e-16
1874 6.23461e-16
1875 5.63159e-16
1876 5.08593e-16
1877 4.59227e-16
1878 4.14575e-16
1879 3.74193e-16
1880 3.37681e-16
1881 3.04673e-16
1882 2.7484e-16
1883 2.47881e-16
1884 2.23525e-16
1885 2.01523e-16
1886 1.81652e-16
1887 1.6371e-16
1888 1.47511e-16
1889 1.32891e-16
1890 1.19696e-16
1891 1.07792e-16
1892 9.70522e-17
1893 8.73663e-17
1894 7.86321e-17
1895 7.07575e-17
1896 6.36595e-17
1897 5.72625e-17
1898 5.14986e-17
1899 4.6306e-17
1900 4.1629e-17
1901 3.74172e-17
1902 3.36252e-17
1903 3.02117e-17
1904 2.71395e-17
1905 2.43751e-17
1906 2.18881e-17
1907 1.9651e-17
1908 1.76393e-17
1909 1.58304e-17
1910 1.42043e-17
1911 1.27428e-17
1912 1.14295e-17
1913 1.02496e-17
1914 9.18975e-18
1915 8.2379e-18
1916 7.38322e-18
1917 6.61594e-18
1918 5.92726e-18
1919 5.30925e-18
1920 4.75476e-18
1921 4.25737e-18
1922 3.81127e-18
1923 3.41126e-18
1924 3.05265e-18
1925 2.73121e-18
1926 2.44315e-18
1927 2.18505e-18
1928 1.95384e-18
1929 1.74676e-18
1930 1.56132e-18
1931 1.3953e-18
1932 1.2467e-18
1933 1.11371e-18
1934 9.94708e-19
1935 8.88254e-19
1936 7.93039e-19
1937 7.07894e-19
1938 6.31768e-19
1939 5.6372e-19
1940 5.02904e-19
1941 4.48563e-19
1942 4.00016e-19
1943 3.56654e-19
1944 3.17931e-19
1945 2.83357e-19
1946 2.52495e-19
1947 2.2495e-19
1948 2.00371e-19
1949 1.78443e-19
1950 1.58884e-19
1951 1.41442e-19
1952 1.25889e-19
1953 1.12026e-19
1954 9.96692e-20
1955 8.86585e-20
1956 7.88488e-20
1957 7.01109e-20
1958 6.23293e-20
1959 5.54005e-20
1960 4.92324e-20
1961 4.37425e-20
1962 3.88573e-20
1963 3.45109e-20
1964 3.06447e-20
1965 2.72063e-20
1966 2.4149e-20
1967 2.14311e-20
1968 1.90154e-20
1969 1.68687e-20
1970 1.49615e-20
1971 1.32672e-20
1972 1.17626e-20
1973 1.04265e-20
1974 9.24045e-21
1975 8.18769e-21
1976 7.25346e-21
1977 6.42457e-21
1978 5.68928e-21
1979 5.03718e-21
1980 4.45894e-21
1981 3.94631e-21
1982 3.49194e-21
1983 3.08928e-21
1984 2.73252e-21
1985 2.41649e-21
1986 2.13659e-21
1987 1.88875e-21
1988 1.66933e-21
1989 1.47511e-21
1990 1.30324e-21
1991 1.15117e-21
1992 1.01665e-21
1993 8.97676e-22
1994 7.92472e-22
1995 6.99462e-22
1996 6.1725e-22
1997 5.44598e-22
1998 4.80406e-22
1999 4.23699e-22
2000 3.73617e-22
2001 3.29392e-22
2002 2.90349e-22
2003 2.55886e-22
2004 2.25474e-22
2005 1.98639e-22
2006 1.74967e-22
2007 1.5409e-22
2008 1.3568e-22
2009 1.1945e-22
2010 1.05144e-22
2011 9.25361e-23
2012 8.14284e-23
2013 7.16428e-23
2014 6.30247e-23
2015 5.5436e-23
2016 4.8755e-23
2017 4.28744e-23
2018 3.76994e-23
2019 3.31463e-23
2020 2.9141e-23
2021 2.56183e-23
2022 2.25208e-23
2023 1.97978e-23
2024 1.74044e-23
2025 1.53011e-23
2026 1.34532e-23
2027 1.18301e-23
2028 1.04045e-23
2029 9.15293e-24
2030 8.05414e-24
2031 7.08987e-24
2032 6.24376e-24
2033 5.50145e-24
2034 4.85051e-24
2035 4.27978e-24
2036 3.77948e-24
2037 3.34105e-24
2038 2.95693e-24
2039 2.62057e-24
2040 2.32619e-24
2041 2.06864e-24
2042 1.8434e-24
2043 1.64659e-24
2044 1.47477e-24
2045 1.32492e-24
2046 1.19441e-24
2047 1.0809e-24
