0 9.82821e-77
1 1.0344e-76
2 2.04455e-76
3 4.13372e-76
4 7.55332e-76
5 1.27158e-75
6 2.02441e-75
7 3.10456e-75
8 4.64206e-75
9 6.82169e-75
10 9.90488e-75
11 1.42607e-74
12 2.04093e-74
13 2.90835e-74
14 4.13143e-74
15 5.85522e-74
16 8.28365e-74
17 1.17033e-73
18 1.65168e-73
19 2.32892e-73
20 3.28138e-73
21 4.62035e-73
22 6.50184e-73
23 9.14456e-73
24 1.28549e-72
25 1.8062e-72
26 2.53663e-72
27 3.56083e-72
28 4.99632e-72
29 7.00741e-72
30 9.82366e-72
31 1.37658e-71
32 1.92814e-71
33 2.69953e-71
34 3.7779e-71
35 5.28476e-71
36 7.38945e-71
37 1.03279e-70
38 1.44286e-70
39 2.01489e-70
40 2.81248e-70
41 3.9241e-70
42 5.47273e-70
43 7.62922e-70
44 1.06309e-69
45 1.48071e-69
46 2.06151e-69
47 2.86888e-69
48 3.99072e-69
49 5.54884e-69
50 7.71197e-69
51 1.07137e-68
52 1.48775e-68
53 2.06504e-68
54 2.8651e-68
55 3.97342e-68
56 5.50807e-68
57 7.63215e-68
58 1.05708e-67
59 1.46345e-67
60 2.02516e-67
61 2.80125e-67
62 3.87309e-67
63 5.35271e-67
64 7.39437e-67
65 1.02103e-66
66 1.40925e-66
67 1.94424e-66
68 2.68116e-66
69 3.69577e-66
70 5.09212e-66
71 7.01298e-66
72 9.65422e-66
73 1.32844e-65
74 1.82717e-65
75 2.51203e-65
76 3.45209e-65
77 4.74186e-65
78 6.51067e-65
79 8.93537e-65
80 1.22577e-64
81 1.6808e-64
82 2.30374e-64
83 3.15617e-64
84 4.32212e-64
85 5.91619e-64
86 8.09464e-64
87 1.10704e-63
88 1.51334e-63
89 2.06785e-63
90 2.82431e-63
91 3.8558e-63
92 5.26168e-63
93 7.17702e-63
94 9.78526e-63
95 1.33355e-62
96 1.81658e-62
97 2.47348e-62
98 3.36644e-62
99 4.57976e-62
100 6.22761e-62
101 8.46465e-62
102 1.15002e-61
103 1.56174e-61
104 2.11992e-61
105 2.87632e-61
106 3.9009e-61
107 5.28809e-61
108 7.1654e-61
109 9.70486e-61
110 1.31385e-60
111 1.77791e-60
112 2.40481e-60
113 3.25131e-60
114 4.39382e-60
115 5.93518e-60
116 8.01368e-60
117 1.08153e-59
118 1.45898e-59
119 1.96728e-59
120 2.65149e-59
121 3.57206e-59
122 4.81011e-59
123 6.47437e-59
124 8.71054e-59
125 1.17138e-58
126 1.57456e-58
127 2.11555e-58
128 2.84114e-58
129 3.81389e-58
130 5.1174e-58
131 6.86334e-58
132 9.20081e-58
133 1.23288e-57
134 1.65129e-57
135 2.21069e-57
136 2.95826e-57
137 3.95686e-57
138 5.29016e-57
139 7.06955e-57
140 9.44318e-57
141 1.26081e-56
142 1.68261e-56
143 2.24451e-56
144 2.9927e-56
145 3.98849e-56
146 5.31321e-56
147 7.07471e-56
148 9.41594e-56
149 1.25263e-55
150 1.66564e-55
151 2.21384e-55
152 2.94112e-55
153 3.90554e-55
154 5.18385e-55
155 6.87742e-55
156 9.12014e-55
157 1.20887e-54
158 1.60162e-54
159 2.121e-54
160 2.80752e-54
161 3.71456e-54
162 4.9124e-54
163 6.49354e-54
164 8.57965e-54
165 1.13308e-53
166 1.49572e-53
167 1.97352e-53
168 2.60275e-53
169 3.43104e-53
170 4.52084e-53
171 5.95404e-53
172 7.838e-53
173 1.03133e-52
174 1.35641e-52
175 1.78314e-52
176 2.34303e-52
177 3.07731e-52
178 4.03983e-52
179 5.30096e-52
180 6.95256e-52
181 9.11453e-52
182 1.19433e-51
183 1.56426e-51
184 2.04784e-51
185 2.67966e-51
186 3.5048e-51
187 4.58189e-51
188 5.98721e-51
189 7.81991e-51
190 1.02089e-50
191 1.33214e-50
192 1.73749e-50
193 2.26512e-50
194 2.9516e-50
195 3.84434e-50
196 5.00476e-50
197 6.51241e-50
198 8.47027e-50
199 1.10116e-49
200 1.43087e-49
201 1.85843e-49
202 2.41262e-49
203 3.13061e-49
204 4.06036e-49
205 5.26378e-49
206 6.82066e-49
207 8.83388e-49
208 1.1436e-48
209 1.47976e-48
210 1.91383e-48
211 2.47408e-48
212 3.19683e-48
213 4.12876e-48
214 5.32987e-48
215 6.87717e-48
216 8.86947e-48
217 1.14336e-47
218 1.4732e-47
219 1.8973e-47
220 2.44234e-47
221 3.14248e-47
222 4.04142e-47
223 5.19506e-47
224 6.67486e-47
225 8.57215e-47
226 1.10035e-46
227 1.41179e-46
228 1.81052e-46
229 2.32078e-46
230 2.97343e-46
231 3.80783e-46
232 4.87409e-46
233 6.23598e-46
234 7.97465e-46
235 1.01933e-45
236 1.3023e-45
237 1.66305e-45
238 2.12274e-45
239 2.70821e-45
240 3.45355e-45
241 4.40194e-45
242 5.60815e-45
243 7.14153e-45
244 9.08993e-45
245 1.15645e-44
246 1.47058e-44
247 1.86918e-44
248 2.3747e-44
249 3.01554e-44
250 3.82753e-44
251 4.85592e-44
252 6.15777e-44
253 7.80502e-44
254 9.88835e-44
255 1.2522e-43
256 1.58498e-43
257 2.00527e-43
258 2.53586e-43
259 3.20537e-43
260 4.04979e-43
261 5.11433e-43
262 6.45577e-43
263 8.14537e-43
264 1.02725e-42
265 1.29494e-42
266 1.63164e-42
267 2.05497e-42
268 2.58699e-42
269 3.25528e-42
270 4.09441e-42
271 5.14757e-42
272 6.46878e-42
273 8.12555e-42
274 1.02022e-41
275 1.2804e-41
276 1.60624e-41
277 2.01414e-41
278 2.52455e-41
279 3.16295e-41
280 3.96112e-41
281 4.95862e-41
282 6.20473e-41
283 7.76077e-41
284 9.70303e-41
285 1.21264e-40
286 1.51489e-40
287 1.89171e-40
288 2.36132e-40
289 2.94633e-40
290 3.67484e-40
291 4.58168e-40
292 5.7101e-40
293 7.11372e-40
294 8.85899e-40
295 1.10283e-39
296 1.37237e-39
297 1.70716e-39
298 2.12285e-39
299 2.63881e-39
300 3.279e-39
301 4.07308e-39
302 5.05771e-39
303 6.27821e-39
304 7.79059e-39
305 9.66407e-39
306 1.19842e-38
307 1.48564e-38
308 1.84111e-38
309 2.28093e-38
310 2.82493e-38
311 3.4976e-38
312 4.32916e-38
313 5.35684e-38
314 6.62656e-38
315 8.19489e-38
316 1.01316e-37
317 1.25225e-37
318 1.54735e-37
319 1.91148e-37
320 2.36068e-37
321 2.91471e-37
322 3.59786e-37
323 4.44004e-37
324 5.47804e-37
325 6.75711e-37
326 8.3329e-37
327 1.02738e-36
328 1.26641e-36
329 1.5607e-36
330 1.92296e-36
331 2.36882e-36
332 2.91745e-36
333 3.59242e-36
334 4.42267e-36
335 5.44374e-36
336 6.69926e-36
337 8.24279e-36
338 1.01401e-35
339 1.24717e-35
340 1.53368e-35
341 1.88566e-35
342 2.31802e-35
343 2.849e-35
344 3.50101e-35
345 4.30149e-35
346 5.28408e-35
347 6.49001e-35
348 7.96979e-35
349 9.78529e-35
350 1.20123e-34
351 1.47436e-34
352 1.80929e-34
353 2.21991e-34
354 2.72324e-34
355 3.34011e-34
356 4.09599e-34
357 5.02202e-34
358 6.15629e-34
359 7.54535e-34
360 9.24609e-34
361 1.1328e-33
362 1.38761e-33
363 1.69939e-33
364 2.08081e-33
365 2.54733e-33
366 3.11778e-33
367 3.81518e-33
368 4.66756e-33
369 5.70912e-33
370 6.98153e-33
371 8.53558e-33
372 1.04331e-32
373 1.27494e-32
374 1.55762e-32
375 1.90249e-32
376 2.32314e-32
377 2.83606e-32
378 3.46132e-32
379 4.22328e-32
380 5.15157e-32
381 6.28214e-32
382 7.65865e-32
383 9.33407e-32
384 1.13727e-31
385 1.38523e-31
386 1.68675e-31
387 2.05326e-31
388 2.49863e-31
389 3.03963e-31
390 3.69657e-31
391 4.494e-31
392 5.46165e-31
393 6.6354e-31
394 8.05865e-31
395 9.78379e-31
396 1.18741e-30
397 1.44058e-30
398 1.74712e-30
399 2.11811e-30
400 2.56694e-30
401 3.10973e-30
402 3.7659e-30
403 4.55881e-30
404 5.51658e-30
405 6.67304e-30
406 8.06884e-30
407 9.75284e-30
408 1.17837e-29
409 1.4232e-29
410 1.71821e-29
411 2.07357e-29
412 2.50143e-29
413 3.01638e-29
414 3.6359e-29
415 4.38091e-29
416 5.27648e-29
417 6.35258e-29
418 7.6451e-29
419 9.19693e-29
420 1.10593e-28
421 1.32936e-28
422 1.59728e-28
423 1.91844e-28
424 2.30327e-28
425 2.76419e-28
426 3.31604e-28
427 3.97651e-28
428 4.76666e-28
429 5.7116e-28
430 6.84122e-28
431 8.19111e-28
432 9.80363e-28
433 1.17291e-27
434 1.40276e-27
435 1.67702e-27
436 2.00417e-27
437 2.39426e-27
438 2.85925e-27
439 3.41332e-27
440 4.07334e-27
441 4.85929e-27
442 5.7949e-27
443 6.90832e-27
444 8.23293e-27
445 9.80831e-27
446 1.16814e-26
447 1.39077e-26
448 1.65533e-26
449 1.9696e-26
450 2.34284e-26
451 2.786e-26
452 3.31202e-26
453 3.93626e-26
454 4.67687e-26
455 5.55534e-26
456 6.59709e-26
457 7.83219e-26
458 9.29622e-26
459 1.10312e-25
460 1.3087e-25
461 1.55223e-25
462 1.84066e-25
463 2.18222e-25
464 2.58662e-25
465 3.06533e-25
466 3.63191e-25
467 4.30239e-25
468 5.09569e-25
469 6.03418e-25
470 7.14424e-25
471 8.45707e-25
472 1.00095e-24
473 1.18449e-24
474 1.40147e-24
475 1.65794e-24
476 1.96106e-24
477 2.31924e-24
478 2.74245e-24
479 3.24243e-24
480 3.83302e-24
481 4.53056e-24
482 5.35431e-24
483 6.32696e-24
484 7.4753e-24
485 8.83085e-24
486 1.04308e-23
487 1.2319e-23
488 1.45469e-23
489 1.71753e-23
490 2.02758e-23
491 2.39326e-23
492 2.82446e-23
493 3.33287e-23
494 3.93217e-23
495 4.63851e-23
496 5.47083e-23
497 6.45142e-23
498 7.60646e-23
499 8.96669e-23
500 1.05682e-22
501 1.24534e-22
502 1.4672e-22
503 1.72824e-22
504 2.03528e-22
505 2.39636e-22
506 2.82086e-22
507 3.31978e-22
508 3.90602e-22
509 4.59463e-22
510 5.40326e-22
511 6.35254e-22
512 7.46655e-22
513 8.77346e-22
514 1.03062e-21
515 1.2103e-21
516 1.42088e-21
517 1.66758e-21
518 1.95647e-21
519 2.29466e-21
520 2.6904e-21
521 3.15329e-21
522 3.69451e-21
523 4.32706e-21
524 5.06603e-21
525 5.92896e-21
526 6.93619e-21
527 8.11134e-21
528 9.48179e-21
529 1.10792e-20
530 1.29405e-20
531 1.51079e-20
532 1.76309e-20
533 2.05662e-20
534 2.39796e-20
535 2.79469e-20
536 3.25557e-20
537 3.79071e-20
538 4.41176e-20
539 5.13212e-20
540 5.96725e-20
541 6.93493e-20
542 8.05559e-20
543 9.35272e-20
544 1.08533e-19
545 1.25883e-19
546 1.45933e-19
547 1.6909e-19
548 1.95821e-19
549 2.26661e-19
550 2.6222e-19
551 3.03199e-19
552 3.50397e-19
553 4.04727e-19
554 4.67233e-19
555 5.39105e-19
556 6.21698e-19
557 7.1656e-19
558 8.25451e-19
559 9.50376e-19
560 1.09362e-18
561 1.25776e-18
562 1.44576e-18
563 1.66097e-18
564 1.90717e-18
565 2.18868e-18
566 2.5104e-18
567 2.87785e-18
568 3.29732e-18
569 3.77591e-18
570 4.32167e-18
571 4.94369e-18
572 5.65228e-18
573 6.45906e-18
574 7.37717e-18
575 8.42147e-18
576 9.60872e-18
577 1.09578e-17
578 1.24902e-17
579 1.42298e-17
580 1.6204e-17
581 1.84432e-17
582 2.09822e-17
583 2.38597e-17
584 2.71197e-17
585 3.08116e-17
586 3.49911e-17
587 3.97211e-17
588 4.50722e-17
589 5.11243e-17
590 5.79671e-17
591 6.57019e-17
592 7.44428e-17
593 8.43186e-17
594 9.54742e-17
595 1.08073e-16
596 1.22301e-16
597 1.38364e-16
598 1.565e-16
599 1.76972e-16
600 2.00082e-16
601 2.26167e-16
602 2.55612e-16
603 2.8885e-16
604 3.26371e-16
605 3.68731e-16
606 4.16558e-16
607 4.70566e-16
608 5.31561e-16
609 6.00461e-16
610 6.78306e-16
611 7.66275e-16
612 8.65711e-16
613 9.78136e-16
614 1.10528e-15
615 1.24912e-15
616 1.4119e-15
617 1.59616e-15
618 1.80481e-15
619 2.04115e-15
620 2.30897e-15
621 2.61254e-15
622 2.95677e-15
623 3.34724e-15
624 3.7903e-15
625 4.29322e-15
626 4.86425e-15
627 5.51285e-15
628 6.24976e-15
629 7.08726e-15
630 8.03932e-15
631 9.12192e-15
632 1.03532e-14
633 1.1754e-14
634 1.33478e-14
635 1.51616e-14
636 1.7226e-14
637 1.9576e-14
638 2.22512e-14
639 2.5297e-14
640 2.87648e-14
641 3.2713e-14
642 3.72082e-14
643 4.23259e-14
644 4.8152e-14
645 5.47836e-14
646 6.23315e-14
647 7.09207e-14
648 8.06932e-14
649 9.18097e-14
650 1.04452e-13
651 1.18826e-13
652 1.35165e-13
653 1.53731e-13
654 1.74822e-13
655 1.98771e-13
656 2.25957e-13
657 2.56805e-13
658 2.91795e-13
659 3.31464e-13
660 3.76421e-13
661 4.27346e-13
662 4.85003e-13
663 5.50251e-13
664 6.24052e-13
665 7.07484e-13
666 8.01752e-13
667 9.08208e-13
668 1.02836e-12
669 1.16389e-12
670 1.31668e-12
671 1.48882e-12
672 1.68265e-12
673 1.90078e-12
674 2.14608e-12
675 2.42178e-12
676 2.73144e-12
677 3.07902e-12
678 3.46891e-12
679 3.90597e-12
680 4.39558e-12
681 4.94368e-12
682 5.55686e-12
683 6.24235e-12
684 7.00817e-12
685 7.86311e-12
686 8.81689e-12
687 9.88017e-12
688 1.10647e-11
689 1.23833e-11
690 1.38501e-11
691 1.54805e-11
692 1.72916e-11
693 1.93018e-11
694 2.15313e-11
695 2.40022e-11
696 2.67387e-11
697 2.97668e-11
698 3.31153e-11
699 3.6815e-11
700 4.08998e-11
701 4.54061e-11
702 5.03736e-11
703 5.58452e-11
704 6.18673e-11
705 6.84901e-11
706 7.57675e-11
707 8.3758e-11
708 9.25243e-11
709 1.02134e-10
710 1.12659e-10
711 1.24179e-10
712 1.36775e-10
713 1.50537e-10
714 1.65562e-10
715 1.8195e-10
716 1.9981e-10
717 2.19259e-10
718 2.40419e-10
719 2.63421e-10
720 2.88404e-10
721 3.15514e-10
722 3.44908e-10
723 3.76749e-10
724 4.11212e-10
725 4.48477e-10
726 4.88739e-10
727 5.32197e-10
728 5.79064e-10
729 6.29562e-10
730 6.83921e-10
731 7.42384e-10
732 8.05203e-10
733 8.7264e-10
734 9.44967e-10
735 1.02247e-09
736 1.10544e-09
737 1.19417e-09
738 1.289e-09
739 1.39022e-09
740 1.49819e-09
741 1.61324e-09
742 1.73573e-09
743 1.86602e-09
744 2.00447e-09
745 2.15149e-09
746 2.30744e-09
747 2.47275e-09
748 2.64783e-09
749 2.8331e-09
750 3.02901e-09
751 3.23602e-09
752 3.4546e-09
753 3.68524e-09
754 3.92848e-09
755 4.18485e-09
756 4.45495e-09
757 4.73939e-09
758 5.03884e-09
759 5.35404e-09
760 5.68578e-09
761 6.03493e-09
762 6.40246e-09
763 6.78945e-09
764 7.19712e-09
765 7.62684e-09
766 8.08015e-09
767 8.55884e-09
768 9.0649e-09
769 9.60065e-09
770 1.01687e-08
771 1.07722e-08
772 1.14144e-08
773 1.20996e-08
774 1.28321e-08
775 1.36173e-08
776 1.44613e-08
777 1.5371e-08
778 1.63543e-08
779 1.74203e-08
780 1.85793e-08
781 1.98433e-08
782 2.12257e-08
783 2.27418e-08
784 2.44092e-08
785 2.62476e-08
786 2.82794e-08
787 3.05301e-08
788 3.30282e-08
789 3.5806e-08
790 3.89001e-08
791 4.23513e-08
792 4.62056e-08
793 5.05146e-08
794 5.53359e-08
795 6.07343e-08
796 6.67817e-08
797 7.35587e-08
798 8.11548e-08
799 8.96698e-08
800 9.92143e-08
801 1.09911e-07
802 1.21897e-07
803 1.35323e-07
804 1.50354e-07
805 1.67177e-07
806 1.85993e-07
807 2.07026e-07
808 2.30525e-07
809 2.56758e-07
810 2.86025e-07
811 3.18652e-07
812 3.54997e-07
813 3.95453e-07
814 4.40449e-07
815 4.90454e-07
816 5.4598e-07
817 6.07586e-07
818 6.75881e-07
819 7.51527e-07
820 8.35247e-07
821 9.27824e-07
822 1.03011e-06
823 1.14303e-06
824 1.26758e-06
825 1.40485e-06
826 1.55601e-06
827 1.72232e-06
828 1.90517e-06
829 2.10603e-06
830 2.3265e-06
831 2.56829e-06
832 2.83325e-06
833 3.12339e-06
834 3.44084e-06
835 3.78791e-06
836 4.16706e-06
837 4.58095e-06
838 5.03243e-06
839 5.52452e-06
840 6.0605e-06
841 6.64384e-06
842 7.27827e-06
843 7.96777e-06
844 8.71658e-06
845 9.52922e-06
846 1.04105e-05
847 1.13656e-05
848 1.24e-05
849 1.35195e-05
850 1.47302e-05
851 1.60387e-05
852 1.74521e-05
853 1.89776e-05
854 2.06231e-05
855 2.23969e-05
856 2.43077e-05
857 2.63649e-05
858 2.85783e-05
859 3.09582e-05
860 3.35155e-05
861 3.62618e-05
862 3.92093e-05
863 4.23708e-05
864 4.57597e-05
865 4.93903e-05
866 5.32775e-05
867 5.7437e-05
868 6.18852e-05
869 6.66394e-05
870 7.17178e-05
871 7.71393e-05
872 8.29238e-05
873 8.90922e-05
874 9.56662e-05
875 0.000102669
876 0.000110123
877 0.000118055
878 0.000126489
879 0.000135454
880 0.000144976
881 0.000155086
882 0.000165813
883 0.00017719
884 0.00018925
885 0.000202026
886 0.000215554
887 0.000229871
888 0.000245015
889 0.000261026
890 0.000277944
891 0.000295812
892 0.000314673
893 0.000334573
894 0.000355558
895 0.000377676
896 0.000400976
897 0.000425511
898 0.000451331
899 0.000478491
900 0.000507047
901 0.000537055
902 0.000568573
903 0.000601662
904 0.000636384
905 0.000672799
906 0.000710974
907 0.000750973
908 0.000792863
909 0.000836713
910 0.000882592
911 0.000930571
912 0.000980723
913 0.00103312
914 0.00108784
915 0.00114495
916 0.00120454
917 0.00126667
918 0.00133144
919 0.00139891
920 0.00146917
921 0.00154229
922 0.00161837
923 0.00169748
924 0.0017797
925 0.00186511
926 0.00195381
927 0.00204586
928 0.00214136
929 0.00224038
930 0.00234301
931 0.00244933
932 0.00255941
933 0.00267335
934 0.00279121
935 0.00291308
936 0.00303903
937 0.00316913
938 0.00330347
939 0.00344211
940 0.00358513
941 0.00373258
942 0.00388455
943 0.00404108
944 0.00420224
945 0.00436809
946 0.00453868
947 0.00471406
948 0.00489428
949 0.00507939
950 0.00526942
951 0.00546442
952 0.0056644
953 0.00586941
954 0.00607945
955 0.00629456
956 0.00651474
957 0.00673999
958 0.00697033
959 0.00720575
960 0.00744624
961 0.00769177
962 0.00794234
963 0.00819791
964 0.00845845
965 0.00872392
966 0.00899426
967 0.00926943
968 0.00954935
969 0.00983397
970 0.0101232
971 0.010417
972 0.0107152
973 0.0110177
974 0.0113245
975 0.0116354
976 0.0119503
977 0.0122691
978 0.0125915
979 0.0129176
980 0.0132471
981 0.0135799
982 0.0139158
983 0.0142546
984 0.0145961
985 0.0149402
986 0.0152866
987 0.0156352
988 0.0159857
989 0.016338
990 0.0166917
991 0.0170466
992 0.0174026
993 0.0177593
994 0.0181166
995 0.0184741
996 0.0188316
997 0.0191888
998 0.0195455
999 0.0199014
1000 0.0202561
1001 0.0206095
1002 0.0209612
1003 0.0213109
1004 0.0216583
1005 0.0220032
1006 0.0223452
1007 0.0226841
1008 0.0230195
1009 0.0233511
1010 0.0236787
1011 0.0240019
1012 0.0243204
1013 0.024634
1014 0.0249423
1015 0.0252451
1016 0.025542
1017 0.0258327
1018 0.026117
1019 0.0263946
1020 0.0266652
1021 0.0269285
1022 0.0271844
1023 0.0274324
1024 0.0276723
1025 0.027904
1026 0.0281271
1027 0.0283414
1028 0.0285467
1029 0.0287428
1030 0.0289295
1031 0.0291065
1032 0.0292737
1033 0.0294309
1034 0.029578
1035 0.0297147
1036 0.0298409
1037 0.0299564
1038 0.0300613
1039 0.0301552
1040 0.0302382
1041 0.0303102
1042 0.030371
1043 0.0304206
1044 0.0304589
1045 0.0304859
1046 0.0305016
1047 0.0305059
1048 0.0304989
1049 0.0304805
1050 0.0304508
1051 0.0304098
1052 0.0303575
1053 0.0302941
1054 0.0302195
1055 0.0301339
1056 0.0300374
1057 0.02993
1058 0.0298119
1059 0.0296832
1060 0.0295441
1061 0.0293947
1062 0.0292352
1063 0.0290657
1064 0.0288864
1065 0.0286976
1066 0.0284994
1067 0.0282921
1068 0.0280758
1069 0.0278507
1070 0.0276173
1071 0.0273756
1072 0.0271259
1073 0.0268685
1074 0.0266036
1075 0.0263316
1076 0.0260526
1077 0.0257671
1078 0.0254752
1079 0.0251772
1080 0.0248735
1081 0.0245643
1082 0.0242499
1083 0.0239307
1084 0.0236069
1085 0.0232788
1086 0.0229468
1087 0.0226111
1088 0.0222721
1089 0.02193
1090 0.0215851
1091 0.0212378
1092 0.0208883
1093 0.0205369
1094 0.020184
1095 0.0198297
1096 0.0194745
1097 0.0191185
1098 0.0187621
1099 0.0184055
1100 0.018049
1101 0.0176928
1102 0.0173373
1103 0.0169826
1104 0.016629
1105 0.0162767
1106 0.015926
1107 0.0155771
1108 0.0152302
1109 0.0148855
1110 0.0145433
1111 0.0142036
1112 0.0138668
1113 0.0135329
1114 0.0132022
1115 0.0128749
1116 0.012551
1117 0.0122307
1118 0.0119142
1119 0.0116017
1120 0.0112931
1121 0.0109887
1122 0.0106886
1123 0.0103929
1124 0.0101016
1125 0.0098148
1126 0.00953268
1127 0.00925526
1128 0.0089826
1129 0.00871477
1130 0.00845182
1131 0.00819379
1132 0.00794071
1133 0.00769262
1134 0.00744955
1135 0.00721151
1136 0.00697851
1137 0.00675057
1138 0.00652767
1139 0.00630982
1140 0.006097
1141 0.0058892
1142 0.0056864
1143 0.00548857
1144 0.00529569
1145 0.00510771
1146 0.00492461
1147 0.00474633
1148 0.00457283
1149 0.00440407
1150 0.00423998
1151 0.00408052
1152 0.00392562
1153 0.00377522
1154 0.00362926
1155 0.00348767
1156 0.00335039
1157 0.00321733
1158 0.00308843
1159 0.00296362
1160 0.00284282
1161 0.00272595
1162 0.00261293
1163 0.00250369
1164 0.00239814
1165 0.00229621
1166 0.00219781
1167 0.00210287
1168 0.0020113
1169 0.00192301
1170 0.00183794
1171 0.00175599
1172 0.00167709
1173 0.00160116
1174 0.0015281
1175 0.00145786
1176 0.00139034
1177 0.00132547
1178 0.00126316
1179 0.00120336
1180 0.00114597
1181 0.00109092
1182 0.00103814
1183 0.00098756
1184 0.000939105
1185 0.000892705
1186 0.000848293
1187 0.000805799
1188 0.000765159
1189 0.000726307
1190 0.000689179
1191 0.000653715
1192 0.000619852
1193 0.000587532
1194 0.000556698
1195 0.000527292
1196 0.000499261
1197 0.00047255
1198 0.000447107
1199 0.000422883
1200 0.000399828
1201 0.000377895
1202 0.000357037
1203 0.000337209
1204 0.000318368
1205 0.000300473
1206 0.000283482
1207 0.000267356
1208 0.000252058
1209 0.00023755
1210 0.000223797
1211 0.000210765
1212 0.000198421
1213 0.000186734
1214 0.000175672
1215 0.000165206
1216 0.000155309
1217 0.000145953
1218 0.000137111
1219 0.000128759
1220 0.000120873
1221 0.000113429
1222 0.000106406
1223 9.97827e-05
1224 9.35381e-05
1225 8.76532e-05
1226 8.21093e-05
1227 7.68887e-05
1228 7.19745e-05
1229 6.73504e-05
1230 6.30011e-05
1231 5.89117e-05
1232 5.50683e-05
1233 5.14573e-05
1234 4.80661e-05
1235 4.48824e-05
1236 4.18948e-05
1237 3.90922e-05
1238 3.64641e-05
1239 3.40007e-05
1240 3.16925e-05
1241 2.95306e-05
1242 2.75063e-05
1243 2.56118e-05
1244 2.38394e-05
1245 2.21817e-05
1246 2.0632e-05
1247 1.91838e-05
1248 1.7831e-05
1249 1.65677e-05
1250 1.53885e-05
1251 1.42881e-05
1252 1.32618e-05
1253 1.23048e-05
1254 1.14129e-05
1255 1.05819e-05
1256 9.80792e-06
1257 9.08736e-06
1258 8.41676e-06
1259 7.79291e-06
1260 7.21276e-06
1261 6.67345e-06
1262 6.17228e-06
1263 5.70675e-06
1264 5.27447e-06
1265 4.87322e-06
1266 4.50091e-06
1267 4.15558e-06
1268 3.8354e-06
1269 3.53865e-06
1270 3.2637e-06
1271 3.00907e-06
1272 2.77332e-06
1273 2.55515e-06
1274 2.35331e-06
1275 2.16666e-06
1276 1.99411e-06
1277 1.83466e-06
1278 1.68737e-06
1279 1.55136e-06
1280 1.42581e-06
1281 1.30996e-06
1282 1.20311e-06
1283 1.10458e-06
1284 1.01377e-06
1285 9.30095e-07
1286 8.53031e-07
1287 7.82078e-07
1288 7.16777e-07
1289 6.56699e-07
1290 6.01446e-07
1291 5.50649e-07
1292 5.03967e-07
1293 4.61082e-07
1294 4.21699e-07
1295 3.85545e-07
1296 3.52369e-07
1297 3.21935e-07
1298 2.94027e-07
1299 2.68445e-07
1300 2.45004e-07
1301 2.23532e-07
1302 2.03871e-07
1303 1.85874e-07
1304 1.69408e-07
1305 1.54347e-07
1306 1.40576e-07
1307 1.27989e-07
1308 1.16489e-07
1309 1.05986e-07
1310 9.63965e-08
1311 8.76443e-08
1312 7.96593e-08
1313 7.23768e-08
1314 6.57374e-08
1315 5.96865e-08
1316 5.41739e-08
1317 4.91536e-08
1318 4.45832e-08
1319 4.04239e-08
1320 3.664e-08
1321 3.3199e-08
1322 3.00708e-08
1323 2.72281e-08
1324 2.46457e-08
1325 2.23006e-08
1326 2.01718e-08
1327 1.82399e-08
1328 1.64875e-08
1329 1.48984e-08
1330 1.34578e-08
1331 1.21525e-08
1332 1.097e-08
1333 9.89925e-09
1334 8.92998e-09
1335 8.0529e-09
1336 7.25951e-09
1337 6.54209e-09
1338 5.89358e-09
1339 5.30758e-09
1340 4.77824e-09
1341 4.30025e-09
1342 3.86878e-09
1343 3.47944e-09
1344 3.12824e-09
1345 2.81155e-09
1346 2.52608e-09
1347 2.26884e-09
1348 2.03712e-09
1349 1.82846e-09
1350 1.64063e-09
1351 1.4716e-09
1352 1.31956e-09
1353 1.18284e-09
1354 1.05993e-09
1355 9.4948e-10
1356 8.50263e-10
1357 7.61164e-10
1358 6.81179e-10
1359 6.094e-10
1360 5.45007e-10
1361 4.8726e-10
1362 4.3549e-10
1363 3.89094e-10
1364 3.47528e-10
1365 3.10303e-10
1366 2.76975e-10
1367 2.47148e-10
1368 2.20461e-10
1369 1.96593e-10
1370 1.75253e-10
1371 1.56179e-10
1372 1.39137e-10
1373 1.23915e-10
1374 1.10323e-10
1375 9.81907e-11
1376 8.73648e-11
1377 7.77079e-11
1378 6.90965e-11
1379 6.14201e-11
1380 5.45792e-11
1381 4.8485e-11
1382 4.30577e-11
1383 3.82259e-11
1384 3.39257e-11
1385 3.00998e-11
1386 2.6697e-11
1387 2.36716e-11
1388 2.09824e-11
1389 1.85929e-11
1390 1.64705e-11
1391 1.45858e-11
1392 1.29127e-11
1393 1.1428e-11
1394 1.01109e-11
1395 8.94287e-12
1396 7.9073e-12
1397 6.9895e-12
1398 6.17632e-12
1399 5.45608e-12
1400 4.81834e-12
1401 4.25384e-12
1402 3.75433e-12
1403 3.31245e-12
1404 2.92169e-12
1405 2.57624e-12
1406 2.27094e-12
1407 2.00121e-12
1408 1.76298e-12
1409 1.55263e-12
1410 1.36697e-12
1411 1.20314e-12
1412 1.05862e-12
1413 9.31179e-13
1414 8.18831e-13
1415 7.19819e-13
1416 6.32587e-13
1417 5.55758e-13
1418 4.88112e-13
1419 4.28569e-13
1420 3.76176e-13
1421 3.30087e-13
1422 2.89558e-13
1423 2.53928e-13
1424 2.22614e-13
1425 1.95103e-13
1426 1.7094e-13
1427 1.49724e-13
1428 1.31101e-13
1429 1.1476e-13
1430 1.00425e-13
1431 8.78544e-14
1432 7.68338e-14
1433 6.71752e-14
1434 5.87129e-14
1435 5.1301e-14
1436 4.48112e-14
1437 3.91305e-14
1438 3.41595e-14
1439 2.98109e-14
1440 2.6008e-14
1441 2.26833e-14
1442 1.97776e-14
1443 1.72388e-14
1444 1.50214e-14
1445 1.30852e-14
1446 1.1395e-14
1447 9.92016e-15
1448 8.63355e-15
1449 7.51151e-15
1450 6.53329e-15
1451 5.68072e-15
1452 4.93789e-15
1453 4.29088e-15
1454 3.72751e-15
1455 3.2371e-15
1456 2.81036e-15
1457 2.43912e-15
1458 2.11626e-15
1459 1.83558e-15
1460 1.59164e-15
1461 1.37968e-15
1462 1.19559e-15
1463 1.03574e-15
1464 8.96983e-16
1465 7.76577e-16
1466 6.72126e-16
1467 5.81544e-16
1468 5.03014e-16
1469 4.34954e-16
1470 3.75987e-16
1471 3.24913e-16
1472 2.80691e-16
1473 2.42412e-16
1474 2.09289e-16
1475 1.80636e-16
1476 1.55857e-16
1477 1.34436e-16
1478 1.15923e-16
1479 9.9929e-17
1480 8.61148e-17
1481 7.41873e-17
1482 6.38922e-17
1483 5.50088e-17
1484 4.73458e-17
1485 4.07378e-17
1486 3.50413e-17
1487 3.0132e-17
1488 2.59026e-17
1489 2.226e-17
1490 1.91237e-17
1491 1.64243e-17
1492 1.41016e-17
1493 1.21036e-17
1494 1.03856e-17
1495 8.9087e-18
1496 7.63948e-18
1497 6.5491e-18
1498 5.61263e-18
1499 4.80861e-18
1500 4.11852e-18
1501 3.52639e-18
1502 3.01848e-18
1503 2.58294e-18
1504 2.20958e-18
1505 1.88962e-18
1506 1.61551e-18
1507 1.38074e-18
1508 1.17974e-18
1509 1.00769e-18
1510 8.60484e-19
1511 7.3456e-19
1512 6.26877e-19
1513 5.34821e-19
1514 4.56149e-19
1515 3.88934e-19
1516 3.31526e-19
1517 2.82508e-19
1518 2.40667e-19
1519 2.04963e-19
1520 1.74505e-19
1521 1.48529e-19
1522 1.26384e-19
1523 1.07509e-19
1524 9.14262e-20
1525 7.7727e-20
1526 6.60615e-20
1527 5.61306e-20
1528 4.76789e-20
1529 4.04882e-20
1530 3.43722e-20
1531 2.91717e-20
1532 2.4751e-20
1533 2.09942e-20
1534 1.78027e-20
1535 1.5092e-20
1536 1.27905e-20
1537 1.08369e-20
1538 9.17909e-21
1539 7.77273e-21
1540 6.58e-21
1541 5.56874e-21
1542 4.71159e-21
1543 3.98526e-21
1544 3.36997e-21
1545 2.84888e-21
1546 2.4077e-21
1547 2.03428e-21
1548 1.7183e-21
1549 1.451e-21
1550 1.22494e-21
1551 1.03382e-21
1552 8.72279e-22
1553 7.35778e-22
1554 6.20467e-22
1555 5.23084e-22
1556 4.40865e-22
1557 3.71467e-22
1558 3.12908e-22
1559 2.63508e-22
1560 2.21847e-22
1561 1.86721e-22
1562 1.57114e-22
1563 1.32165e-22
1564 1.11148e-22
1565 9.34474e-23
1566 7.85442e-23
1567 6.59997e-23
1568 5.54435e-23
1569 4.6563e-23
1570 3.90941e-23
1571 3.28143e-23
1572 2.75357e-23
1573 2.30998e-23
1574 1.93732e-23
1575 1.62434e-23
1576 1.36154e-23
1577 1.14094e-23
1578 9.55826e-24
1579 8.00521e-24
1580 6.70264e-24
1581 5.61046e-24
1582 4.69494e-24
1583 3.92773e-24
1584 3.28497e-24
1585 2.74662e-24
1586 2.29586e-24
1587 1.91853e-24
1588 1.60277e-24
1589 1.3386e-24
1590 1.11766e-24
1591 9.32917e-25
1592 7.78492e-25
1593 6.49445e-25
1594 5.41634e-25
1595 4.51592e-25
1596 3.76411e-25
1597 3.13657e-25
1598 2.61289e-25
1599 2.17603e-25
1600 1.81168e-25
1601 1.5079e-25
1602 1.2547e-25
1603 1.04371e-25
1604 8.67951e-26
1605 7.21579e-26
1606 5.99716e-26
1607 4.98289e-26
1608 4.13894e-26
1609 3.43693e-26
1610 2.85315e-26
1611 2.36784e-26
1612 1.96449e-26
1613 1.62938e-26
1614 1.35103e-26
1615 1.1199e-26
1616 9.28043e-27
1617 7.68824e-27
1618 6.36733e-27
1619 5.27181e-27
1620 4.36348e-27
1621 3.61058e-27
1622 2.98671e-27
1623 2.4699e-27
1624 2.04192e-27
1625 1.68759e-27
1626 1.39434e-27
1627 1.1517e-27
1628 9.51003e-28
1629 7.85047e-28
1630 6.47859e-28
1631 5.34486e-28
1632 4.40822e-28
1633 3.63464e-28
1634 2.99593e-28
1635 2.46873e-28
1636 2.0337e-28
1637 1.67483e-28
1638 1.37889e-28
1639 1.1349e-28
1640 9.33809e-29
1641 7.68124e-29
1642 6.31651e-29
1643 5.19273e-29
1644 4.26764e-29
1645 3.50633e-29
1646 2.87999e-29
1647 2.36484e-29
1648 1.94128e-29
1649 1.59312e-29
1650 1.30702e-29
1651 1.07199e-29
1652 8.78973e-30
1653 7.20501e-30
1654 5.90431e-30
1655 4.83705e-30
1656 3.96157e-30
1657 3.24362e-30
1658 2.65504e-30
1659 2.17264e-30
1660 1.77739e-30
1661 1.45363e-30
1662 1.18852e-30
1663 9.71479e-31
1664 7.93854e-31
1665 6.48526e-31
1666 5.29655e-31
1667 4.32453e-31
1668 3.52991e-31
1669 2.88051e-31
1670 2.34994e-31
1671 1.91656e-31
1672 1.56269e-31
1673 1.2738e-31
1674 1.03804e-31
1675 8.4568e-32
1676 6.88782e-32
1677 5.60842e-32
1678 4.56542e-32
1679 3.7154e-32
1680 3.02282e-32
1681 2.45868e-32
1682 1.99929e-32
1683 1.6253e-32
1684 1.32092e-32
1685 1.07325e-32
1686 8.71788e-33
1687 7.07954e-33
1688 5.74755e-33
1689 4.66493e-33
1690 3.78523e-33
1691 3.0706e-33
1692 2.49023e-33
1693 2.01902e-33
1694 1.63653e-33
1695 1.32615e-33
1696 1.07435e-33
1697 8.70131e-34
1698 7.04541e-34
1699 5.70311e-34
1700 4.61531e-34
1701 3.734e-34
1702 3.02016e-34
1703 2.44214e-34
1704 1.97421e-34
1705 1.5955e-34
1706 1.28909e-34
1707 1.04125e-34
1708 8.40824e-35
1709 6.78794e-35
1710 5.47837e-35
1711 4.42023e-35
1712 3.56549e-35
1713 2.87524e-35
1714 2.31796e-35
1715 1.86818e-35
1716 1.50525e-35
1717 1.21249e-35
1718 9.76387e-36
1719 7.86039e-36
1720 6.32619e-36
1721 5.08997e-36
1722 4.09415e-36
1723 3.2922e-36
1724 2.64657e-36
1725 2.12693e-36
1726 1.70881e-36
1727 1.37249e-36
1728 1.10203e-36
1729 8.84601e-37
1730 7.09859e-37
1731 5.69463e-37
1732 4.56696e-37
1733 3.66147e-37
1734 2.93462e-37
1735 2.35133e-37
1736 1.88339e-37
1737 1.5081e-37
1738 1.20722e-37
1739 9.66058e-38
1740 7.72828e-38
1741 6.1805e-38
1742 4.94112e-38
1743 3.94899e-38
1744 3.15505e-38
1745 2.51991e-38
1746 2.01196e-38
1747 1.60588e-38
1748 1.28133e-38
1749 1.02203e-38
1750 8.14929e-39
1751 6.49576e-39
1752 5.17598e-39
1753 4.12294e-39
1754 3.28302e-39
1755 2.6133e-39
1756 2.07948e-39
1757 1.65413e-39
1758 1.31532e-39
1759 1.04554e-39
1760 8.30798e-40
1761 6.59929e-40
1762 5.24015e-40
1763 4.15943e-40
1764 3.30041e-40
1765 2.61785e-40
1766 2.0757e-40
1767 1.64522e-40
1768 1.30354e-40
1769 1.03244e-40
1770 8.17422e-41
1771 6.46942e-41
1772 5.11826e-41
1773 4.04778e-41
1774 3.19998e-41
1775 2.5288e-41
1776 1.99764e-41
1777 1.57745e-41
1778 1.24516e-41
1779 9.82498e-42
1780 7.74944e-42
1781 6.11e-42
1782 4.81553e-42
1783 3.79383e-42
1784 2.98774e-42
1785 2.35201e-42
1786 1.85082e-42
1787 1.45585e-42
1788 1.14473e-42
1789 8.99731e-43
1790 7.0689e-43
1791 5.5516e-43
1792 4.35824e-43
1793 3.42004e-43
1794 2.68273e-43
1795 2.10353e-43
1796 1.64871e-43
1797 1.29171e-43
1798 1.0116e-43
1799 7.91916e-44
1800 6.19686e-44
1801 4.84716e-44
1802 3.78988e-44
1803 2.962e-44
1804 2.31403e-44
1805 1.80706e-44
1806 1.41058e-44
1807 1.10064e-44
1808 8.58442e-45
1809 6.69265e-45
1810 5.21561e-45
1811 4.06286e-45
1812 3.16358e-45
1813 2.46232e-45
1814 1.9157e-45
1815 1.48981e-45
1816 1.15812e-45
1817 8.99895e-46
1818 6.98955e-46
1819 5.42655e-46
1820 4.2113e-46
1821 3.26682e-46
1822 2.53309e-46
1823 1.96333e-46
1824 1.52108e-46
1825 1.17795e-46
1826 9.11843e-47
1827 7.0555e-47
1828 5.45696e-47
1829 4.21881e-47
1830 3.2602e-47
1831 2.51833e-47
1832 1.94445e-47
1833 1.50071e-47
1834 1.15774e-47
1835 8.92768e-48
1836 6.88148e-48
1837 5.30199e-48
1838 4.08329e-48
1839 3.14337e-48
1840 2.41877e-48
1841 1.86041e-48
1842 1.43033e-48
1843 1.0992e-48
1844 8.44362e-49
1845 6.4833e-49
1846 4.97596e-49
1847 3.81742e-49
1848 2.92737e-49
1849 2.24386e-49
1850 1.71921e-49
1851 1.31666e-49
1852 1.00794e-49
1853 7.71265e-50
1854 5.89912e-50
1855 4.51007e-50
1856 3.44661e-50
1857 2.63277e-50
1858 2.01023e-50
1859 1.53424e-50
1860 1.17044e-50
1861 8.92525e-51
1862 6.80304e-51
1863 5.1832e-51
1864 3.94734e-51
1865 3.00485e-51
1866 2.28641e-51
1867 1.73899e-51
1868 1.32206e-51
1869 1.00466e-51
1870 7.63126e-52
1871 5.79411e-52
1872 4.39733e-52
1873 3.33583e-52
1874 2.52947e-52
1875 1.9172e-52
1876 1.4525e-52
1877 1.09996e-52
1878 8.32629e-53
1879 6.29994e-53
1880 4.76467e-53
1881 3.60198e-53
1882 2.72184e-53
1883 2.05586e-53
1884 1.55216e-53
1885 1.17137e-53
1886 8.8361e-54
1887 6.66253e-54
1888 5.02146e-54
1889 3.78297e-54
1890 2.8487e-54
1891 2.14424e-54
1892 1.61329e-54
1893 1.21328e-54
1894 9.12058e-55
1895 6.85324e-55
1896 5.14732e-55
1897 3.86437e-55
1898 2.89993e-55
1899 2.17524e-55
1900 1.63095e-55
1901 1.22232e-55
1902 9.15677e-56
1903 6.85664e-56
1904 5.13206e-56
1905 3.83959e-56
1906 2.87137e-56
1907 2.14638e-56
1908 1.60374e-56
1909 1.19778e-56
1910 8.94189e-57
1911 6.67259e-57
1912 4.97705e-57
1913 3.71075e-57
1914 2.76544e-57
1915 2.06005e-57
1916 1.53393e-57
1917 1.14168e-57
1918 8.49367e-58
1919 6.31625e-58
1920 4.695e-58
1921 3.48838e-58
1922 2.59075e-58
1923 1.92326e-58
1924 1.42714e-58
1925 1.05853e-58
1926 7.84794e-59
1927 5.81594e-59
1928 4.30821e-59
1929 3.18997e-59
1930 2.36096e-59
1931 1.74665e-59
1932 1.29161e-59
1933 9.54715e-60
1934 7.05388e-60
1935 5.20949e-60
1936 3.8457e-60
1937 2.83771e-60
1938 2.09302e-60
1939 1.5431e-60
1940 1.13717e-60
1941 8.37667e-61
1942 6.1678e-61
1943 4.53944e-61
1944 3.33955e-61
1945 2.45576e-61
1946 1.80509e-61
1947 1.32625e-61
1948 9.7401e-62
1949 7.15016e-62
1950 5.24665e-62
1951 3.84824e-62
1952 2.82134e-62
1953 2.06758e-62
1954 1.51455e-62
1955 1.10896e-62
1956 8.11644e-63
1957 5.93783e-63
1958 4.34214e-63
1959 3.1739e-63
1960 2.31898e-63
1961 1.69362e-63
1962 1.23637e-63
1963 9.02179e-64
1964 6.58041e-64
1965 4.79763e-64
1966 3.49635e-64
1967 2.54694e-64
1968 1.85453e-64
1969 1.34979e-64
1970 9.82001e-65
1971 7.14121e-65
1972 5.19094e-65
1973 3.77168e-65
1974 2.73929e-65
1975 1.98864e-65
1976 1.44308e-65
1977 1.04673e-65
1978 7.58924e-66
1979 5.50016e-66
1980 3.98443e-66
1981 2.88518e-66
1982 2.0883e-66
1983 1.51088e-66
1984 1.09265e-66
1985 7.89853e-67
1986 5.70725e-67
1987 4.12214e-67
1988 2.97601e-67
1989 2.14763e-67
1990 1.54918e-67
1991 1.11701e-67
1992 8.05063e-68
1993 5.79985e-68
1994 4.17656e-68
1995 3.00633e-68
1996 2.16307e-68
1997 1.55567e-68
1998 1.11836e-68
1999 8.0364e-69
2000 5.77241e-69
2001 4.14446e-69
2002 2.97436e-69
2003 2.13371e-69
2004 1.53001e-69
2005 1.09665e-69
2006 7.85698e-70
2007 5.62679e-70
2008 4.02793e-70
2009 2.88216e-70
2010 2.06144e-70
2011 1.4738e-70
2012 1.05323e-70
2013 7.52355e-71
2014 5.37203e-71
2015 3.83415e-71
2016 2.73537e-71
2017 1.95064e-71
2018 1.39045e-71
2019 9.90705e-72
2020 7.05582e-72
2021 5.023e-72
2022 3.57428e-72
2023 2.54227e-72
2024 1.80741e-72
2025 1.28438e-72
2026 9.12257e-73
2027 6.47624e-73
2028 4.59507e-73
2029 3.25841e-73
2030 2.30903e-73
2031 1.63501e-73
2032 1.15669e-73
2033 8.17396e-74
2034 5.76813e-74
2035 4.063e-74
2036 2.85502e-74
2037 1.99964e-74
2038 1.39427e-74
2039 9.66115e-75
2040 6.63568e-75
2041 4.50078e-75
2042 2.99795e-75
2043 1.94477e-75
2044 1.21312e-75
2045 7.13772e-76
2046 3.85678e-76
2047 1.88607e-76
