0 8.55241e-31
1 7.65829e-31
2 6.91674e-31
3 6.30902e-31
4 5.82065e-31
5 5.43872e-31
6 5.15242e-31
7 4.95599e-31
8 4.84386e-31
9 4.81108e-31
10 4.85812e-31
11 4.98546e-31
12 5.19534e-31
13 5.49168e-31
14 5.88364e-31
15 6.37795e-31
16 6.98472e-31
17 7.72151e-31
18 8.60279e-31
19 9.65019e-31
20 1.08861e-30
21 1.23408e-30
22 1.40454e-30
23 1.60389e-30
24 1.83689e-30
25 2.10815e-30
26 2.425e-30
27 2.7939e-30
28 3.22247e-30
29 3.7212e-30
30 4.30058e-30
31 4.9742e-30
32 5.75668e-30
33 6.66433e-30
34 7.7197e-30
35 8.94381e-30
36 1.03627e-29
37 1.20111e-29
38 1.39196e-29
39 1.61323e-29
40 1.86987e-29
41 2.16713e-29
42 2.51163e-29
43 2.91044e-29
44 3.3725e-29
45 3.9073e-29
46 4.52643e-29
47 5.24309e-29
48 6.07188e-29
49 7.03059e-29
50 8.13892e-29
51 9.42111e-29
52 1.09032e-28
53 1.26156e-28
54 1.45949e-28
55 1.68807e-28
56 1.95204e-28
57 2.25697e-28
58 2.60895e-28
59 3.01525e-28
60 3.48412e-28
61 4.02496e-28
62 4.6489e-28
63 5.36848e-28
64 6.19805e-28
65 7.15423e-28
66 8.25639e-28
67 9.52626e-28
68 1.0989e-27
69 1.26742e-27
70 1.46145e-27
71 1.68479e-27
72 1.94188e-27
73 2.23772e-27
74 2.57812e-27
75 2.96967e-27
76 3.4199e-27
77 3.93758e-27
78 4.53266e-27
79 5.2166e-27
80 6.00251e-27
81 6.90524e-27
82 7.942e-27
83 9.13259e-27
84 1.04994e-26
85 1.20683e-26
86 1.38688e-26
87 1.59341e-26
88 1.83032e-26
89 2.10203e-26
90 2.41351e-26
91 2.77065e-26
92 3.17992e-26
93 3.64882e-26
94 4.18603e-26
95 4.80133e-26
96 5.50589e-26
97 6.31245e-26
98 7.23566e-26
99 8.29213e-26
100 9.501e-26
101 1.08837e-25
102 1.24649e-25
103 1.4273e-25
104 1.63397e-25
105 1.87019e-25
106 2.14011e-25
107 2.44845e-25
108 2.80065e-25
109 3.20281e-25
110 3.66197e-25
111 4.18609e-25
112 4.78421e-25
113 5.46662e-25
114 6.24501e-25
115 7.13283e-25
116 8.14514e-25
117 9.29911e-25
118 1.06144e-24
119 1.2113e-24
120 1.38204e-24
121 1.57652e-24
122 1.79798e-24
123 2.05011e-24
124 2.33712e-24
125 2.66374e-24
126 3.03536e-24
127 3.4581e-24
128 3.93888e-24
129 4.48553e-24
130 5.107e-24
131 5.81335e-24
132 6.61596e-24
133 7.52781e-24
134 8.56351e-24
135 9.73965e-24
136 1.1075e-23
137 1.25907e-23
138 1.43109e-23
139 1.62626e-23
140 1.84766e-23
141 2.09876e-23
142 2.38347e-23
143 2.70624e-23
144 3.07207e-23
145 3.48663e-23
146 3.95629e-23
147 4.48826e-23
148 5.09069e-23
149 5.77278e-23
150 6.54487e-23
151 7.41869e-23
152 8.40741e-23
153 9.52586e-23
154 1.07909e-22
155 1.22213e-22
156 1.38385e-22
157 1.56664e-22
158 1.7732e-22
159 2.00658e-22
160 2.2702e-22
161 2.56791e-22
162 2.90407e-22
163 3.28354e-22
164 3.71182e-22
165 4.1951e-22
166 4.7403e-22
167 5.35523e-22
168 6.04868e-22
169 6.83049e-22
170 7.71175e-22
171 8.70489e-22
172 9.82386e-22
173 1.10844e-21
174 1.2504e-21
175 1.41024e-21
176 1.59019e-21
177 1.79272e-21
178 2.02063e-21
179 2.27702e-21
180 2.56541e-21
181 2.88972e-21
182 3.25435e-21
183 3.66421e-21
184 4.12481e-21
185 4.64235e-21
186 5.22371e-21
187 5.87664e-21
188 6.60979e-21
189 7.43284e-21
190 8.35661e-21
191 9.39321e-21
192 1.05562e-20
193 1.18606e-20
194 1.33235e-20
195 1.49636e-20
196 1.68021e-20
197 1.88625e-20
198 2.11712e-20
199 2.37574e-20
200 2.66539e-20
201 2.98974e-20
202 3.35286e-20
203 3.75929e-20
204 4.21411e-20
205 4.72298e-20
206 5.29219e-20
207 5.92878e-20
208 6.64055e-20
209 7.43623e-20
210 8.32553e-20
211 9.31925e-20
212 1.04294e-19
213 1.16694e-19
214 1.30541e-19
215 1.46002e-19
216 1.63259e-19
217 1.82519e-19
218 2.04009e-19
219 2.27981e-19
220 2.54718e-19
221 2.84532e-19
222 3.17769e-19
223 3.54816e-19
224 3.961e-19
225 4.42095e-19
226 4.93329e-19
227 5.50387e-19
228 6.13916e-19
229 6.84636e-19
230 7.63343e-19
231 8.50922e-19
232 9.4835e-19
233 1.05671e-18
234 1.17721e-18
235 1.31118e-18
236 1.46008e-18
237 1.62556e-18
238 1.80941e-18
239 2.01363e-18
240 2.24043e-18
241 2.49226e-18
242 2.7718e-18
243 3.08206e-18
244 3.42632e-18
245 3.80824e-18
246 4.23184e-18
247 4.70157e-18
248 5.22235e-18
249 5.7996e-18
250 6.43931e-18
251 7.14808e-18
252 7.93321e-18
253 8.80275e-18
254 9.76555e-18
255 1.08314e-17
256 1.20111e-17
257 1.33165e-17
258 1.47608e-17
259 1.63583e-17
260 1.81249e-17
261 2.00782e-17
262 2.22374e-17
263 2.46238e-17
264 2.72606e-17
265 3.01737e-17
266 3.33911e-17
267 3.69441e-17
268 4.08668e-17
269 4.51968e-17
270 4.99754e-17
271 5.52479e-17
272 6.10642e-17
273 6.7479e-17
274 7.45526e-17
275 8.23508e-17
276 9.09462e-17
277 1.00418e-16
278 1.10854e-16
279 1.2235e-16
280 1.35009e-16
281 1.48949e-16
282 1.64293e-16
283 1.81182e-16
284 1.99765e-16
285 2.20209e-16
286 2.42695e-16
287 2.67422e-16
288 2.94607e-16
289 3.24488e-16
290 3.57326e-16
291 3.93406e-16
292 4.33038e-16
293 4.76564e-16
294 5.24355e-16
295 5.76818e-16
296 6.34397e-16
297 6.97579e-16
298 7.66892e-16
299 8.42916e-16
300 9.26282e-16
301 1.01768e-15
302 1.11786e-15
303 1.22765e-15
304 1.34794e-15
305 1.4797e-15
306 1.62401e-15
307 1.78201e-15
308 1.95499e-15
309 2.1443e-15
310 2.35146e-15
311 2.57811e-15
312 2.82601e-15
313 3.09711e-15
314 3.39352e-15
315 3.71753e-15
316 4.07164e-15
317 4.45858e-15
318 4.88129e-15
319 5.34299e-15
320 5.84717e-15
321 6.39763e-15
322 6.9985e-15
323 7.65427e-15
324 8.36979e-15
325 9.15036e-15
326 1.00017e-14
327 1.09301e-14
328 1.19422e-14
329 1.30455e-14
330 1.42479e-14
331 1.55579e-14
332 1.69851e-14
333 1.85394e-14
334 2.02319e-14
335 2.20745e-14
336 2.40801e-14
337 2.62626e-14
338 2.86372e-14
339 3.12201e-14
340 3.40292e-14
341 3.70836e-14
342 4.04039e-14
343 4.40125e-14
344 4.79337e-14
345 5.21935e-14
346 5.68202e-14
347 6.18444e-14
348 6.7299e-14
349 7.32195e-14
350 7.96444e-14
351 8.66151e-14
352 9.41763e-14
353 1.02376e-13
354 1.11267e-13
355 1.20904e-13
356 1.31349e-13
357 1.42666e-13
358 1.54925e-13
359 1.68203e-13
360 1.8258e-13
361 1.98144e-13
362 2.1499e-13
363 2.33219e-13
364 2.52941e-13
365 2.74273e-13
366 2.97343e-13
367 3.22285e-13
368 3.49247e-13
369 3.78385e-13
370 4.09871e-13
371 4.43884e-13
372 4.80621e-13
373 5.20292e-13
374 5.63123e-13
375 6.09355e-13
376 6.5925e-13
377 7.13086e-13
378 7.71164e-13
379 8.33805e-13
380 9.01355e-13
381 9.74184e-13
382 1.05269e-12
383 1.1373e-12
384 1.22846e-12
385 1.32668e-12
386 1.43247e-12
387 1.54639e-12
388 1.66905e-12
389 1.80109e-12
390 1.9432e-12
391 2.09612e-12
392 2.26063e-12
393 2.43758e-12
394 2.62788e-12
395 2.83248e-12
396 3.05242e-12
397 3.2888e-12
398 3.5428e-12
399 3.81567e-12
400 4.10875e-12
401 4.42347e-12
402 4.76136e-12
403 5.12405e-12
404 5.51326e-12
405 5.93085e-12
406 6.37878e-12
407 6.85917e-12
408 7.37423e-12
409 7.92635e-12
410 8.51806e-12
411 9.15205e-12
412 9.8312e-12
413 1.05585e-11
414 1.13373e-11
415 1.2171e-11
416 1.30632e-11
417 1.40179e-11
418 1.50391e-11
419 1.61313e-11
420 1.72992e-11
421 1.85476e-11
422 1.98819e-11
423 2.13076e-11
424 2.28306e-11
425 2.44572e-11
426 2.61942e-11
427 2.80485e-11
428 3.00278e-11
429 3.21398e-11
430 3.43931e-11
431 3.67967e-11
432 3.93599e-11
433 4.20929e-11
434 4.50064e-11
435 4.81115e-11
436 5.14204e-11
437 5.49456e-11
438 5.87006e-11
439 6.26996e-11
440 6.69577e-11
441 7.14909e-11
442 7.6316e-11
443 8.14509e-11
444 8.69145e-11
445 9.27269e-11
446 9.89092e-11
447 1.05484e-10
448 1.12474e-10
449 1.19906e-10
450 1.27805e-10
451 1.36199e-10
452 1.45119e-10
453 1.54594e-10
454 1.64658e-10
455 1.75345e-10
456 1.86693e-10
457 1.98739e-10
458 2.11524e-10
459 2.25092e-10
460 2.39486e-10
461 2.54755e-10
462 2.70948e-10
463 2.88118e-10
464 3.0632e-10
465 3.25611e-10
466 3.46054e-10
467 3.6771e-10
468 3.90649e-10
469 4.14939e-10
470 4.40655e-10
471 4.67874e-10
472 4.96676e-10
473 5.27147e-10
474 5.59375e-10
475 5.93453e-10
476 6.29479e-10
477 6.67553e-10
478 7.07782e-10
479 7.50276e-10
480 7.95153e-10
481 8.42532e-10
482 8.9254e-10
483 9.45309e-10
484 1.00098e-09
485 1.05969e-09
486 1.12159e-09
487 1.18684e-09
488 1.25561e-09
489 1.32806e-09
490 1.40437e-09
491 1.48472e-09
492 1.56932e-09
493 1.65836e-09
494 1.75205e-09
495 1.85061e-09
496 1.95428e-09
497 2.06329e-09
498 2.1779e-09
499 2.29836e-09
500 2.42494e-09
501 2.55794e-09
502 2.69765e-09
503 2.84439e-09
504 2.99847e-09
505 3.16024e-09
506 3.33005e-09
507 3.50828e-09
508 3.69531e-09
509 3.89155e-09
510 4.09742e-09
511 4.31337e-09
512 4.53985e-09
513 4.77736e-09
514 5.02639e-09
515 5.28748e-09
516 5.56118e-09
517 5.84806e-09
518 6.14872e-09
519 6.46379e-09
520 6.79392e-09
521 7.13979e-09
522 7.5021e-09
523 7.8816e-09
524 8.27905e-09
525 8.69524e-09
526 9.131e-09
527 9.58719e-09
528 1.00647e-08
529 1.05644e-08
530 1.10874e-08
531 1.16345e-08
532 1.22068e-08
533 1.28054e-08
534 1.34312e-08
535 1.40855e-08
536 1.47694e-08
537 1.54841e-08
538 1.62307e-08
539 1.70106e-08
540 1.78249e-08
541 1.8675e-08
542 1.95622e-08
543 2.04878e-08
544 2.14533e-08
545 2.246e-08
546 2.35093e-08
547 2.46028e-08
548 2.57418e-08
549 2.69279e-08
550 2.81626e-08
551 2.94473e-08
552 3.07837e-08
553 3.21733e-08
554 3.36176e-08
555 3.51183e-08
556 3.6677e-08
557 3.82952e-08
558 3.99746e-08
559 4.17169e-08
560 4.35236e-08
561 4.53965e-08
562 4.73373e-08
563 4.93477e-08
564 5.14293e-08
565 5.3584e-08
566 5.58134e-08
567 5.81195e-08
568 6.05041e-08
569 6.2969e-08
570 6.55162e-08
571 6.81477e-08
572 7.08654e-08
573 7.36715e-08
574 7.65681e-08
575 7.95576e-08
576 8.26421e-08
577 8.58243e-08
578 8.91065e-08
579 9.24916e-08
580 9.59822e-08
581 9.95813e-08
582 1.03292e-07
583 1.07118e-07
584 1.11061e-07
585 1.15127e-07
586 1.19318e-07
587 1.23639e-07
588 1.28094e-07
589 1.32687e-07
590 1.37424e-07
591 1.42308e-07
592 1.47346e-07
593 1.52542e-07
594 1.57902e-07
595 1.63433e-07
596 1.69141e-07
597 1.75031e-07
598 1.81112e-07
599 1.8739e-07
600 1.93872e-07
601 2.00566e-07
602 2.0748e-07
603 2.14622e-07
604 2.22e-07
605 2.29622e-07
606 2.37498e-07
607 2.45636e-07
608 2.54045e-07
609 2.62734e-07
610 2.71712e-07
611 2.80988e-07
612 2.90572e-07
613 3.00471e-07
614 3.10696e-07
615 3.21254e-07
616 3.32154e-07
617 3.43405e-07
618 3.55014e-07
619 3.66989e-07
620 3.79336e-07
621 3.92063e-07
622 4.05174e-07
623 4.18676e-07
624 4.32573e-07
625 4.46868e-07
626 4.61566e-07
627 4.76666e-07
628 4.92172e-07
629 5.08082e-07
630 5.24396e-07
631 5.41112e-07
632 5.58225e-07
633 5.75733e-07
634 5.93628e-07
635 6.11904e-07
636 6.30552e-07
637 6.49562e-07
638 6.68924e-07
639 6.88624e-07
640 7.0865e-07
641 7.28986e-07
642 7.49614e-07
643 7.70519e-07
644 7.9168e-07
645 8.13078e-07
646 8.34692e-07
647 8.56499e-07
648 8.78477e-07
649 9.00601e-07
650 9.22847e-07
651 9.45191e-07
652 9.67606e-07
653 9.90067e-07
654 1.01255e-06
655 1.03503e-06
656 1.05747e-06
657 1.07986e-06
658 1.10218e-06
659 1.12439e-06
660 1.14647e-06
661 1.16842e-06
662 1.1902e-06
663 1.2118e-06
664 1.2332e-06
665 1.2544e-06
666 1.27538e-06
667 1.29614e-06
668 1.31667e-06
669 1.33698e-06
670 1.35706e-06
671 1.37692e-06
672 1.39658e-06
673 1.41605e-06
674 1.43535e-06
675 1.4545e-06
676 1.47354e-06
677 1.49249e-06
678 1.5114e-06
679 1.53032e-06
680 1.54928e-06
681 1.56835e-06
682 1.58758e-06
683 1.60705e-06
684 1.62681e-06
685 1.64695e-06
686 1.66754e-06
687 1.68867e-06
688 1.71044e-06
689 1.73292e-06
690 1.75622e-06
691 1.78045e-06
692 1.8057e-06
693 1.83208e-06
694 1.8597e-06
695 1.88868e-06
696 1.91912e-06
697 1.95115e-06
698 1.98488e-06
699 2.02042e-06
700 2.05789e-06
701 2.09739e-06
702 2.13905e-06
703 2.18297e-06
704 2.22925e-06
705 2.27799e-06
706 2.3293e-06
707 2.38325e-06
708 2.43993e-06
709 2.49942e-06
710 2.56179e-06
711 2.62708e-06
712 2.69536e-06
713 2.76666e-06
714 2.841e-06
715 2.9184e-06
716 2.99887e-06
717 3.08239e-06
718 3.16894e-06
719 3.25848e-06
720 3.35095e-06
721 3.44629e-06
722 3.54441e-06
723 3.6452e-06
724 3.74855e-06
725 3.85433e-06
726 3.96237e-06
727 4.07251e-06
728 4.18457e-06
729 4.29833e-06
730 4.41357e-06
731 4.53006e-06
732 4.64754e-06
733 4.76574e-06
734 4.88437e-06
735 5.00313e-06
736 5.1217e-06
737 5.23974e-06
738 5.35692e-06
739 5.47287e-06
740 5.58724e-06
741 5.69963e-06
742 5.80967e-06
743 5.91696e-06
744 6.02109e-06
745 6.12168e-06
746 6.21829e-06
747 6.31053e-06
748 6.39799e-06
749 6.48025e-06
750 6.5569e-06
751 6.62756e-06
752 6.69181e-06
753 6.74929e-06
754 6.79961e-06
755 6.8424e-06
756 6.87734e-06
757 6.90407e-06
758 6.9223e-06
759 6.93172e-06
760 6.93207e-06
761 6.9231e-06
762 6.90459e-06
763 6.87635e-06
764 6.83822e-06
765 6.79007e-06
766 6.7318e-06
767 6.66334e-06
768 6.58467e-06
769 6.4958e-06
770 6.39678e-06
771 6.2877e-06
772 6.1687e-06
773 6.03994e-06
774 5.90165e-06
775 5.75409e-06
776 5.59757e-06
777 5.43243e-06
778 5.25909e-06
779 5.07799e-06
780 4.88961e-06
781 4.69451e-06
782 4.49326e-06
783 4.28649e-06
784 4.0749e-06
785 3.85919e-06
786 3.64014e-06
787 3.41856e-06
788 3.19531e-06
789 2.97128e-06
790 2.74742e-06
791 2.52469e-06
792 2.30411e-06
793 2.08674e-06
794 1.87366e-06
795 1.66599e-06
796 1.46487e-06
797 1.27148e-06
798 1.08704e-06
799 9.12751e-07
800 7.4988e-07
801 5.99691e-07
802 4.6347e-07
803 3.42518e-07
804 2.38147e-07
805 1.51678e-07
806 8.444e-08
807 3.77661e-08
808 1.29901e-08
809 1.14453e-08
810 3.4461e-08
811 8.33604e-08
812 1.59458e-07
813 2.64056e-07
814 3.98445e-07
815 5.63897e-07
816 7.61667e-07
817 9.92989e-07
818 1.25907e-06
819 1.56111e-06
820 1.90025e-06
821 2.27763e-06
822 2.69435e-06
823 3.15148e-06
824 3.65005e-06
825 4.19107e-06
826 4.77549e-06
827 5.40425e-06
828 6.07824e-06
829 6.7983e-06
830 7.56526e-06
831 8.37988e-06
832 9.24291e-06
833 1.0155e-05
834 1.11169e-05
835 1.21292e-05
836 1.31924e-05
837 1.43071e-05
838 1.54739e-05
839 1.66931e-05
840 1.79653e-05
841 1.92907e-05
842 2.06699e-05
843 2.21032e-05
844 2.35909e-05
845 2.51332e-05
846 2.67305e-05
847 2.8383e-05
848 3.0091e-05
849 3.18546e-05
850 3.36742e-05
851 3.55499e-05
852 3.74819e-05
853 3.94704e-05
854 4.15156e-05
855 4.36178e-05
856 4.5777e-05
857 4.79937e-05
858 5.0268e-05
859 5.26002e-05
860 5.49906e-05
861 5.74394e-05
862 5.99472e-05
863 6.25141e-05
864 6.51408e-05
865 6.78276e-05
866 7.0575e-05
867 7.33838e-05
868 7.62544e-05
869 7.91875e-05
870 8.2184e-05
871 8.52447e-05
872 8.83704e-05
873 9.15621e-05
874 9.48209e-05
875 9.8148e-05
876 0.000101545
877 0.000105012
878 0.000108551
879 0.000112165
880 0.000115853
881 0.000119619
882 0.000123463
883 0.000127389
884 0.000131397
885 0.00013549
886 0.000139671
887 0.000143941
888 0.000148304
889 0.000152762
890 0.000157317
891 0.000161974
892 0.000166734
893 0.000171601
894 0.000176579
895 0.00018167
896 0.000186879
897 0.000192209
898 0.000197664
899 0.000203249
900 0.000208966
901 0.000214822
902 0.000220819
903 0.000226964
904 0.00023326
905 0.000239713
906 0.000246327
907 0.000253108
908 0.000260061
909 0.000267192
910 0.000274506
911 0.000282009
912 0.000289707
913 0.000297607
914 0.000305713
915 0.000314034
916 0.000322574
917 0.000331342
918 0.000340343
919 0.000349584
920 0.000359073
921 0.000368817
922 0.000378822
923 0.000389097
924 0.000399649
925 0.000410486
926 0.000421615
927 0.000433044
928 0.000444782
929 0.000456837
930 0.000469216
931 0.000481928
932 0.000494982
933 0.000508386
934 0.000522149
935 0.000536279
936 0.000550787
937 0.000565679
938 0.000580966
939 0.000596657
940 0.000612761
941 0.000629287
942 0.000646244
943 0.000663643
944 0.000681492
945 0.000699802
946 0.000718581
947 0.00073784
948 0.000757588
949 0.000777835
950 0.000798592
951 0.000819867
952 0.000841672
953 0.000864015
954 0.000886908
955 0.00091036
956 0.000934381
957 0.000958981
958 0.000984171
959 0.00100996
960 0.00103636
961 0.00106338
962 0.00109103
963 0.00111932
964 0.00114826
965 0.00117786
966 0.00120814
967 0.00123909
968 0.00127074
969 0.00130308
970 0.00133614
971 0.00136992
972 0.00140443
973 0.00143969
974 0.00147569
975 0.00151246
976 0.00154999
977 0.00158831
978 0.00162742
979 0.00166732
980 0.00170804
981 0.00174957
982 0.00179193
983 0.00183513
984 0.00187918
985 0.00192407
986 0.00196984
987 0.00201647
988 0.00206399
989 0.00211239
990 0.00216169
991 0.0022119
992 0.00226302
993 0.00231506
994 0.00236803
995 0.00242194
996 0.00247679
997 0.00253259
998 0.00258935
999 0.00264707
1000 0.00270576
1001 0.00276543
1002 0.00282608
1003 0.00288772
1004 0.00295035
1005 0.00301398
1006 0.00307861
1007 0.00314425
1008 0.0032109
1009 0.00327857
1010 0.00334726
1011 0.00341698
1012 0.00348771
1013 0.00355948
1014 0.00363229
1015 0.00370612
1016 0.00378099
1017 0.0038569
1018 0.00393385
1019 0.00401184
1020 0.00409087
1021 0.00417094
1022 0.00425204
1023 0.00433419
1024 0.00441737
1025 0.0045016
1026 0.00458685
1027 0.00467314
1028 0.00476045
1029 0.00484879
1030 0.00493815
1031 0.00502853
1032 0.00511993
1033 0.00521233
1034 0.00530573
1035 0.00540013
1036 0.00549552
1037 0.0055919
1038 0.00568924
1039 0.00578756
1040 0.00588683
1041 0.00598706
1042 0.00608822
1043 0.00619032
1044 0.00629333
1045 0.00639725
1046 0.00650207
1047 0.00660777
1048 0.00671435
1049 0.00682178
1050 0.00693006
1051 0.00703917
1052 0.00714909
1053 0.00725982
1054 0.00737133
1055 0.0074836
1056 0.00759663
1057 0.00771039
1058 0.00782486
1059 0.00794003
1060 0.00805587
1061 0.00817237
1062 0.00828951
1063 0.00840726
1064 0.00852561
1065 0.00864452
1066 0.00876399
1067 0.00888398
1068 0.00900447
1069 0.00912544
1070 0.00924686
1071 0.00936871
1072 0.00949096
1073 0.00961359
1074 0.00973656
1075 0.00985986
1076 0.00998344
1077 0.0101073
1078 0.0102314
1079 0.0103557
1080 0.0104802
1081 0.0106048
1082 0.0107295
1083 0.0108543
1084 0.0109792
1085 0.0111041
1086 0.011229
1087 0.0113538
1088 0.0114786
1089 0.0116032
1090 0.0117277
1091 0.0118521
1092 0.0119762
1093 0.0121
1094 0.0122236
1095 0.0123469
1096 0.0124698
1097 0.0125923
1098 0.0127144
1099 0.0128361
1100 0.0129572
1101 0.0130778
1102 0.0131978
1103 0.0133172
1104 0.013436
1105 0.0135541
1106 0.0136715
1107 0.0137881
1108 0.0139039
1109 0.0140189
1110 0.014133
1111 0.0142461
1112 0.0143584
1113 0.0144696
1114 0.0145799
1115 0.0146891
1116 0.0147971
1117 0.0149041
1118 0.0150099
1119 0.0151144
1120 0.0152177
1121 0.0153198
1122 0.0154205
1123 0.0155198
1124 0.0156178
1125 0.0157144
1126 0.0158094
1127 0.015903
1128 0.0159951
1129 0.0160856
1130 0.0161744
1131 0.0162617
1132 0.0163473
1133 0.0164312
1134 0.0165133
1135 0.0165937
1136 0.0166723
1137 0.0167491
1138 0.016824
1139 0.0168971
1140 0.0169682
1141 0.0170374
1142 0.0171046
1143 0.0171698
1144 0.017233
1145 0.0172942
1146 0.0173533
1147 0.0174102
1148 0.0174651
1149 0.0175178
1150 0.0175684
1151 0.0176167
1152 0.0176629
1153 0.0177068
1154 0.0177485
1155 0.0177879
1156 0.0178251
1157 0.0178599
1158 0.0178924
1159 0.0179226
1160 0.0179505
1161 0.017976
1162 0.0179991
1163 0.0180199
1164 0.0180383
1165 0.0180542
1166 0.0180678
1167 0.018079
1168 0.0180877
1169 0.018094
1170 0.0180979
1171 0.0180994
1172 0.0180984
1173 0.018095
1174 0.0180891
1175 0.0180808
1176 0.0180701
1177 0.0180569
1178 0.0180413
1179 0.0180233
1180 0.0180029
1181 0.01798
1182 0.0179548
1183 0.0179271
1184 0.0178971
1185 0.0178646
1186 0.0178298
1187 0.0177927
1188 0.0177532
1189 0.0177114
1190 0.0176672
1191 0.0176208
1192 0.017572
1193 0.017521
1194 0.0174678
1195 0.0174123
1196 0.0173546
1197 0.0172948
1198 0.0172327
1199 0.0171686
1200 0.0171023
1201 0.0170339
1202 0.0169634
1203 0.0168909
1204 0.0168163
1205 0.0167398
1206 0.0166613
1207 0.0165809
1208 0.0164985
1209 0.0164143
1210 0.0163283
1211 0.0162404
1212 0.0161507
1213 0.0160593
1214 0.0159662
1215 0.0158714
1216 0.0157749
1217 0.0156768
1218 0.0155772
1219 0.015476
1220 0.0153733
1221 0.0152691
1222 0.0151635
1223 0.0150564
1224 0.0149481
1225 0.0148383
1226 0.0147274
1227 0.0146151
1228 0.0145017
1229 0.0143871
1230 0.0142713
1231 0.0141545
1232 0.0140366
1233 0.0139177
1234 0.0137979
1235 0.0136771
1236 0.0135554
1237 0.0134329
1238 0.0133096
1239 0.0131855
1240 0.0130607
1241 0.0129352
1242 0.012809
1243 0.0126823
1244 0.0125549
1245 0.0124271
1246 0.0122988
1247 0.01217
1248 0.0120408
1249 0.0119113
1250 0.0117814
1251 0.0116513
1252 0.0115209
1253 0.0113903
1254 0.0112595
1255 0.0111286
1256 0.0109976
1257 0.0108666
1258 0.0107355
1259 0.0106045
1260 0.0104735
1261 0.0103426
1262 0.0102119
1263 0.0100813
1264 0.00995086
1265 0.00982069
1266 0.00969078
1267 0.00956118
1268 0.0094319
1269 0.009303
1270 0.00917449
1271 0.0090464
1272 0.00891878
1273 0.00879164
1274 0.00866503
1275 0.00853896
1276 0.00841346
1277 0.00828857
1278 0.00816431
1279 0.00804071
1280 0.00791779
1281 0.00779557
1282 0.00767409
1283 0.00755337
1284 0.00743343
1285 0.00731428
1286 0.00719597
1287 0.0070785
1288 0.00696189
1289 0.00684617
1290 0.00673135
1291 0.00661746
1292 0.00650451
1293 0.00639252
1294 0.00628151
1295 0.00617148
1296 0.00606246
1297 0.00595446
1298 0.0058475
1299 0.00574158
1300 0.00563672
1301 0.00553293
1302 0.00543023
1303 0.00532862
1304 0.00522811
1305 0.00512871
1306 0.00503043
1307 0.00493328
1308 0.00483726
1309 0.00474239
1310 0.00464866
1311 0.00455608
1312 0.00446466
1313 0.00437441
1314 0.00428532
1315 0.00419739
1316 0.00411064
1317 0.00402505
1318 0.00394065
1319 0.00385741
1320 0.00377535
1321 0.00369446
1322 0.00361475
1323 0.0035362
1324 0.00345883
1325 0.00338263
1326 0.00330758
1327 0.00323371
1328 0.00316098
1329 0.00308942
1330 0.003019
1331 0.00294972
1332 0.00288159
1333 0.00281459
1334 0.00274871
1335 0.00268396
1336 0.00262032
1337 0.00255779
1338 0.00249636
1339 0.00243602
1340 0.00237676
1341 0.00231858
1342 0.00226147
1343 0.00220541
1344 0.00215041
1345 0.00209644
1346 0.00204351
1347 0.00199159
1348 0.00194069
1349 0.00189078
1350 0.00184187
1351 0.00179393
1352 0.00174697
1353 0.00170096
1354 0.0016559
1355 0.00161177
1356 0.00156857
1357 0.00152628
1358 0.0014849
1359 0.0014444
1360 0.00140478
1361 0.00136603
1362 0.00132813
1363 0.00129108
1364 0.00125486
1365 0.00121945
1366 0.00118485
1367 0.00115105
1368 0.00111803
1369 0.00108578
1370 0.00105429
1371 0.00102355
1372 0.000993539
1373 0.000964252
1374 0.000935676
1375 0.000907798
1376 0.000880607
1377 0.00085409
1378 0.000828236
1379 0.000803032
1380 0.000778468
1381 0.000754531
1382 0.00073121
1383 0.000708493
1384 0.000686368
1385 0.000664825
1386 0.000643851
1387 0.000623437
1388 0.000603569
1389 0.000584238
1390 0.000565433
1391 0.000547142
1392 0.000529355
1393 0.000512062
1394 0.000495251
1395 0.000478912
1396 0.000463035
1397 0.00044761
1398 0.000432627
1399 0.000418076
1400 0.000403947
1401 0.00039023
1402 0.000376916
1403 0.000363995
1404 0.000351459
1405 0.000339298
1406 0.000327502
1407 0.000316064
1408 0.000304974
1409 0.000294224
1410 0.000283805
1411 0.000273709
1412 0.000263928
1413 0.000254454
1414 0.000245278
1415 0.000236394
1416 0.000227793
1417 0.000219468
1418 0.000211411
1419 0.000203616
1420 0.000196075
1421 0.000188782
1422 0.000181729
1423 0.00017491
1424 0.000168319
1425 0.000161948
1426 0.000155792
1427 0.000149845
1428 0.0001441
1429 0.000138552
1430 0.000133195
1431 0.000128023
1432 0.000123032
1433 0.000118214
1434 0.000113566
1435 0.000109082
1436 0.000104757
1437 0.000100587
1438 9.65658e-05
1439 9.26896e-05
1440 8.89538e-05
1441 8.5354e-05
1442 8.18858e-05
1443 7.8545e-05
1444 7.53275e-05
1445 7.22294e-05
1446 6.92468e-05
1447 6.6376e-05
1448 6.36132e-05
1449 6.09548e-05
1450 5.83975e-05
1451 5.59378e-05
1452 5.35724e-05
1453 5.12981e-05
1454 4.91119e-05
1455 4.70107e-05
1456 4.49916e-05
1457 4.30517e-05
1458 4.11883e-05
1459 3.93987e-05
1460 3.76803e-05
1461 3.60305e-05
1462 3.4447e-05
1463 3.29273e-05
1464 3.14691e-05
1465 3.00703e-05
1466 2.87286e-05
1467 2.7442e-05
1468 2.62084e-05
1469 2.50258e-05
1470 2.38924e-05
1471 2.28064e-05
1472 2.17659e-05
1473 2.07692e-05
1474 1.98146e-05
1475 1.89006e-05
1476 1.80256e-05
1477 1.7188e-05
1478 1.63865e-05
1479 1.56196e-05
1480 1.48859e-05
1481 1.41842e-05
1482 1.35132e-05
1483 1.28717e-05
1484 1.22584e-05
1485 1.16723e-05
1486 1.11122e-05
1487 1.05771e-05
1488 1.00661e-05
1489 9.57796e-06
1490 9.11191e-06
1491 8.667e-06
1492 8.24234e-06
1493 7.8371e-06
1494 7.45045e-06
1495 7.08162e-06
1496 6.72984e-06
1497 6.3944e-06
1498 6.07459e-06
1499 5.76975e-06
1500 5.47923e-06
1501 5.2024e-06
1502 4.93868e-06
1503 4.68749e-06
1504 4.44827e-06
1505 4.22051e-06
1506 4.0037e-06
1507 3.79734e-06
1508 3.60097e-06
1509 3.41414e-06
1510 3.23642e-06
1511 3.06741e-06
1512 2.90669e-06
1513 2.7539e-06
1514 2.60868e-06
1515 2.47067e-06
1516 2.33953e-06
1517 2.21496e-06
1518 2.09664e-06
1519 1.98429e-06
1520 1.87761e-06
1521 1.77635e-06
1522 1.68025e-06
1523 1.58905e-06
1524 1.50254e-06
1525 1.42048e-06
1526 1.34265e-06
1527 1.26886e-06
1528 1.19891e-06
1529 1.13261e-06
1530 1.06978e-06
1531 1.01025e-06
1532 9.53861e-07
1533 9.00455e-07
1534 8.49884e-07
1535 8.02006e-07
1536 7.56688e-07
1537 7.138e-07
1538 6.7322e-07
1539 6.34831e-07
1540 5.98521e-07
1541 5.64185e-07
1542 5.31721e-07
1543 5.01033e-07
1544 4.72029e-07
1545 4.44623e-07
1546 4.18732e-07
1547 3.94275e-07
1548 3.71179e-07
1549 3.49371e-07
1550 3.28784e-07
1551 3.09353e-07
1552 2.91017e-07
1553 2.73717e-07
1554 2.57398e-07
1555 2.42007e-07
1556 2.27495e-07
1557 2.13813e-07
1558 2.00917e-07
1559 1.88764e-07
1560 1.77313e-07
1561 1.66526e-07
1562 1.56366e-07
1563 1.46799e-07
1564 1.37792e-07
1565 1.29313e-07
1566 1.21334e-07
1567 1.13826e-07
1568 1.06762e-07
1569 1.00119e-07
1570 9.38711e-08
1571 8.79969e-08
1572 8.24749e-08
1573 7.72851e-08
1574 7.24084e-08
1575 6.78267e-08
1576 6.35232e-08
1577 5.94816e-08
1578 5.56867e-08
1579 5.21243e-08
1580 4.87806e-08
1581 4.56429e-08
1582 4.26991e-08
1583 3.99376e-08
1584 3.73478e-08
1585 3.49194e-08
1586 3.26427e-08
1587 3.05088e-08
1588 2.8509e-08
1589 2.66354e-08
1590 2.48802e-08
1591 2.32363e-08
1592 2.16969e-08
1593 2.02558e-08
1594 1.89068e-08
1595 1.76443e-08
1596 1.6463e-08
1597 1.53579e-08
1598 1.43243e-08
1599 1.33578e-08
1600 1.24541e-08
1601 1.16094e-08
1602 1.08199e-08
1603 1.00822e-08
1604 9.39304e-09
1605 8.74933e-09
1606 8.14819e-09
1607 7.58692e-09
1608 7.06297e-09
1609 6.57396e-09
1610 6.11765e-09
1611 5.69193e-09
1612 5.29484e-09
1613 4.92451e-09
1614 4.57922e-09
1615 4.25733e-09
1616 3.95731e-09
1617 3.67774e-09
1618 3.41727e-09
1619 3.17464e-09
1620 2.94867e-09
1621 2.73827e-09
1622 2.5424e-09
1623 2.36009e-09
1624 2.19044e-09
1625 2.03259e-09
1626 1.88576e-09
1627 1.7492e-09
1628 1.62222e-09
1629 1.50417e-09
1630 1.39445e-09
1631 1.29248e-09
1632 1.19774e-09
1633 1.10973e-09
1634 1.02799e-09
1635 9.52093e-10
1636 8.81628e-10
1637 8.16222e-10
1638 7.55524e-10
1639 6.99205e-10
1640 6.46961e-10
1641 5.98505e-10
1642 5.53573e-10
1643 5.11915e-10
1644 4.73302e-10
1645 4.37517e-10
1646 4.04359e-10
1647 3.73643e-10
1648 3.45194e-10
1649 3.1885e-10
1650 2.94459e-10
1651 2.71882e-10
1652 2.50988e-10
1653 2.31655e-10
1654 2.13769e-10
1655 1.97227e-10
1656 1.8193e-10
1657 1.67787e-10
1658 1.54713e-10
1659 1.42631e-10
1660 1.31466e-10
1661 1.21152e-10
1662 1.11626e-10
1663 1.02829e-10
1664 9.47071e-11
1665 8.72097e-11
1666 8.02902e-11
1667 7.39055e-11
1668 6.80152e-11
1669 6.25823e-11
1670 5.75722e-11
1671 5.2953e-11
1672 4.86949e-11
1673 4.47705e-11
1674 4.11543e-11
1675 3.7823e-11
1676 3.47545e-11
1677 3.19287e-11
1678 2.9327e-11
1679 2.69321e-11
1680 2.47279e-11
1681 2.26997e-11
1682 2.08338e-11
1683 1.91175e-11
1684 1.75392e-11
1685 1.60881e-11
1686 1.47542e-11
1687 1.35282e-11
1688 1.24016e-11
1689 1.13667e-11
1690 1.04161e-11
1691 9.5431e-12
1692 8.74158e-12
1693 8.00581e-12
1694 7.33054e-12
1695 6.71092e-12
1696 6.14246e-12
1697 5.62106e-12
1698 5.14291e-12
1699 4.70451e-12
1700 4.30264e-12
1701 3.93432e-12
1702 3.59683e-12
1703 3.28765e-12
1704 3.00445e-12
1705 2.74511e-12
1706 2.50766e-12
1707 2.2903e-12
1708 2.09138e-12
1709 1.90935e-12
1710 1.74282e-12
1711 1.59051e-12
1712 1.45122e-12
1713 1.32387e-12
1714 1.20746e-12
1715 1.10107e-12
1716 1.00385e-12
1717 9.15039e-13
1718 8.3392e-13
1719 7.59842e-13
1720 6.92208e-13
1721 6.3047e-13
1722 5.74125e-13
1723 5.22713e-13
1724 4.75811e-13
1725 4.33031e-13
1726 3.9402e-13
1727 3.58453e-13
1728 3.26031e-13
1729 2.96484e-13
1730 2.69561e-13
1731 2.45034e-13
1732 2.22695e-13
1733 2.02353e-13
1734 1.83832e-13
1735 1.66973e-13
1736 1.51631e-13
1737 1.37671e-13
1738 1.24971e-13
1739 1.1342e-13
1740 1.02917e-13
1741 9.33675e-14
1742 8.46874e-14
1743 7.6799e-14
1744 6.96316e-14
1745 6.31205e-14
1746 5.72069e-14
1747 5.1837e-14
1748 4.69619e-14
1749 4.25368e-14
1750 3.85209e-14
1751 3.48773e-14
1752 3.1572e-14
1753 2.85743e-14
1754 2.5856e-14
1755 2.33917e-14
1756 2.11581e-14
1757 1.91339e-14
1758 1.72999e-14
1759 1.56386e-14
1760 1.4134e-14
1761 1.27716e-14
1762 1.15382e-14
1763 1.04219e-14
1764 9.41165e-15
1765 8.49766e-15
1766 7.6709e-15
1767 6.92319e-15
1768 6.24712e-15
1769 5.63594e-15
1770 5.08354e-15
1771 4.58436e-15
1772 4.13338e-15
1773 3.72601e-15
1774 3.35812e-15
1775 3.02595e-15
1776 2.72609e-15
1777 2.45545e-15
1778 2.21124e-15
1779 1.99091e-15
1780 1.79218e-15
1781 1.61297e-15
1782 1.45138e-15
1783 1.30572e-15
1784 1.17444e-15
1785 1.05615e-15
1786 9.49585e-16
1787 8.53599e-16
1788 7.67161e-16
1789 6.89338e-16
1790 6.19284e-16
1791 5.56238e-16
1792 4.9951e-16
1793 4.48477e-16
1794 4.02577e-16
1795 3.61302e-16
1796 3.24193e-16
1797 2.90838e-16
1798 2.60861e-16
1799 2.33927e-16
1800 2.09732e-16
1801 1.88001e-16
1802 1.68488e-16
1803 1.5097e-16
1804 1.35246e-16
1805 1.21135e-16
1806 1.08474e-16
1807 9.71174e-17
1808 8.6932e-17
1809 7.77991e-17
1810 6.96116e-17
1811 6.22732e-17
1812 5.56971e-17
1813 4.98054e-17
1814 4.45279e-17
1815 3.98016e-17
1816 3.55697e-17
1817 3.17814e-17
1818 2.83908e-17
1819 2.53568e-17
1820 2.26424e-17
1821 2.02145e-17
1822 1.80433e-17
1823 1.6102e-17
1824 1.43667e-17
1825 1.28158e-17
1826 1.143e-17
1827 1.0192e-17
1828 9.08623e-18
1829 8.09879e-18
1830 7.21719e-18
1831 6.43026e-18
1832 5.72797e-18
1833 5.10134e-18
1834 4.54234e-18
1835 4.04378e-18
1836 3.5992e-18
1837 3.20286e-18
1838 2.84957e-18
1839 2.53474e-18
1840 2.25424e-18
1841 2.00437e-18
1842 1.78183e-18
1843 1.58368e-18
1844 1.40728e-18
1845 1.25027e-18
1846 1.11055e-18
1847 9.8625e-19
1848 8.7568e-19
1849 7.77348e-19
1850 6.89917e-19
1851 6.12195e-19
1852 5.43118e-19
1853 4.81737e-19
1854 4.27206e-19
1855 3.7877e-19
1856 3.35757e-19
1857 2.97568e-19
1858 2.63669e-19
1859 2.33584e-19
1860 2.06889e-19
1861 1.83208e-19
1862 1.62204e-19
1863 1.43579e-19
1864 1.27066e-19
1865 1.1243e-19
1866 9.94589e-20
1867 8.79665e-20
1868 7.7786e-20
1869 6.87697e-20
1870 6.07861e-20
1871 5.37182e-20
1872 4.74625e-20
1873 4.19267e-20
1874 3.7029e-20
1875 3.26967e-20
1876 2.88653e-20
1877 2.54777e-20
1878 2.2483e-20
1879 1.98363e-20
1880 1.74976e-20
1881 1.54314e-20
1882 1.36064e-20
1883 1.19948e-20
1884 1.05719e-20
1885 9.31591e-21
1886 8.20743e-21
1887 7.22936e-21
1888 6.36654e-21
1889 5.60555e-21
1890 4.9345e-21
1891 4.34289e-21
1892 3.82143e-21
1893 3.36189e-21
1894 2.957e-21
1895 2.60034e-21
1896 2.28623e-21
1897 2.00964e-21
1898 1.76616e-21
1899 1.55185e-21
1900 1.36327e-21
1901 1.19736e-21
1902 1.05142e-21
1903 9.23083e-22
1904 8.10241e-22
1905 7.11048e-22
1906 6.23869e-22
1907 5.47266e-22
1908 4.7997e-22
1909 4.20863e-22
1910 3.68958e-22
1911 3.23387e-22
1912 2.83387e-22
1913 2.48283e-22
1914 2.17483e-22
1915 1.90464e-22
1916 1.66768e-22
1917 1.45989e-22
1918 1.27773e-22
1919 1.11807e-22
1920 9.78154e-23
1921 8.55572e-23
1922 7.48197e-23
1923 6.54163e-23
1924 5.71829e-23
1925 4.99754e-23
1926 4.36673e-23
1927 3.81476e-23
1928 3.33186e-23
1929 2.90949e-23
1930 2.54014e-23
1931 2.21722e-23
1932 1.93495e-23
1933 1.68826e-23
1934 1.47272e-23
1935 1.28443e-23
1936 1.11999e-23
1937 9.7639e-24
1938 8.51029e-24
1939 7.41608e-24
1940 6.46123e-24
1941 5.62815e-24
1942 4.90147e-24
1943 4.26772e-24
1944 3.71515e-24
1945 3.23345e-24
1946 2.81362e-24
1947 2.44779e-24
1948 2.12909e-24
1949 1.8515e-24
1950 1.60976e-24
1951 1.3993e-24
1952 1.2161e-24
1953 1.05666e-24
1954 9.17941e-25
1955 7.97263e-25
1956 6.92308e-25
1957 6.01041e-25
1958 5.217e-25
1959 4.52738e-25
1960 3.92808e-25
1961 3.40743e-25
1962 2.95518e-25
1963 2.56238e-25
1964 2.22134e-25
1965 1.9253e-25
1966 1.66837e-25
1967 1.44543e-25
1968 1.25201e-25
1969 1.08424e-25
1970 9.38769e-26
1971 8.1263e-26
1972 7.03302e-26
1973 6.08562e-26
1974 5.26465e-26
1975 4.55354e-26
1976 3.9376e-26
1977 3.4043e-26
1978 2.94265e-26
1979 2.54302e-26
1980 2.19721e-26
1981 1.89805e-26
1982 1.63927e-26
1983 1.41546e-26
1984 1.22197e-26
1985 1.05471e-26
1986 9.10148e-27
1987 7.85232e-27
1988 6.77317e-27
1989 5.84125e-27
1990 5.03642e-27
1991 4.34157e-27
1992 3.74184e-27
1993 3.22427e-27
1994 2.7777e-27
1995 2.39247e-27
1996 2.06024e-27
1997 1.77379e-27
1998 1.52686e-27
1999 1.31402e-27
2000 1.1306e-27
2001 9.72601e-28
2002 8.36518e-28
2003 7.19309e-28
2004 6.18401e-28
2005 5.31548e-28
2006 4.5679e-28
2007 3.92473e-28
2008 3.37145e-28
2009 2.89556e-28
2010 2.48634e-28
2011 2.13459e-28
2012 1.83222e-28
2013 1.57237e-28
2014 1.34914e-28
2015 1.15738e-28
2016 9.9273e-29
2017 8.51331e-29
2018 7.29962e-29
2019 6.25811e-29
2020 5.36422e-29
2021 4.59752e-29
2022 3.93974e-29
2023 3.37573e-29
2024 2.89249e-29
2025 2.47798e-29
2026 2.12285e-29
2027 1.81869e-29
2028 1.55803e-29
2029 1.33487e-29
2030 1.14377e-29
2031 9.80232e-30
2032 8.40247e-30
2033 7.20518e-30
2034 6.18073e-30
2035 5.30466e-30
2036 4.55604e-30
2037 3.91601e-30
2038 3.36933e-30
2039 2.90252e-30
2040 2.50433e-30
2041 2.1643e-30
2042 1.87459e-30
2043 1.62813e-30
2044 1.4184e-30
2045 1.24045e-30
2046 1.08972e-30
2047 9.62345e-31
