0 1.43551e-47
1 1.11611e-47
2 8.93861e-48
3 7.57743e-48
4 7.00784e-48
5 7.19733e-48
6 8.14886e-48
7 9.90079e-48
8 1.25284e-47
9 1.61471e-47
10 2.09175e-47
11 2.70525e-47
12 3.48263e-47
13 4.45874e-47
14 5.67728e-47
15 7.19281e-47
16 9.07309e-47
17 1.14022e-46
18 1.42839e-46
19 1.78467e-46
20 2.22488e-46
21 2.76858e-46
22 3.43983e-46
23 4.26832e-46
24 5.29057e-46
25 6.5516e-46
26 8.10681e-46
27 1.00244e-45
28 1.23881e-45
29 1.53013e-45
30 1.88906e-45
31 2.33122e-45
32 2.87577e-45
33 3.54625e-45
34 4.37161e-45
35 5.3874e-45
36 6.63723e-45
37 8.1747e-45
38 1.00655e-44
39 1.23904e-44
40 1.52483e-44
41 1.87605e-44
42 2.30759e-44
43 2.83768e-44
44 3.48869e-44
45 4.28799e-44
46 5.26911e-44
47 6.47315e-44
48 7.9504e-44
49 9.76241e-44
50 1.19845e-43
51 1.47088e-43
52 1.8048e-43
53 2.21399e-43
54 2.7153e-43
55 3.32931e-43
56 4.08117e-43
57 5.00162e-43
58 6.12819e-43
59 7.50667e-43
60 9.19297e-43
61 1.12554e-42
62 1.37772e-42
63 1.68598e-42
64 2.06272e-42
65 2.52304e-42
66 3.08533e-42
67 3.77203e-42
68 4.61042e-42
69 5.63381e-42
70 6.88273e-42
71 8.40644e-42
72 1.0265e-41
73 1.25314e-41
74 1.52947e-41
75 1.86627e-41
76 2.27669e-41
77 2.7767e-41
78 3.38572e-41
79 4.12735e-41
80 5.03022e-41
81 6.12912e-41
82 7.46633e-41
83 9.09316e-41
84 1.10718e-40
85 1.34778e-40
86 1.64028e-40
87 1.9958e-40
88 2.4278e-40
89 2.9526e-40
90 3.59003e-40
91 4.36405e-40
92 5.3037e-40
93 6.44416e-40
94 7.82804e-40
95 9.50692e-40
96 1.15432e-39
97 1.40123e-39
98 1.70056e-39
99 2.06335e-39
100 2.50296e-39
101 3.03553e-39
102 3.68054e-39
103 4.46159e-39
104 5.40713e-39
105 6.5515e-39
106 7.93622e-39
107 9.61138e-39
108 1.16374e-38
109 1.40872e-38
110 1.70486e-38
111 2.06278e-38
112 2.49526e-38
113 3.01769e-38
114 3.64864e-38
115 4.41046e-38
116 5.3301e-38
117 6.43995e-38
118 7.77903e-38
119 9.39433e-38
120 1.13423e-37
121 1.3691e-37
122 1.65221e-37
123 1.99338e-37
124 2.40442e-37
125 2.89952e-37
126 3.49573e-37
127 4.21353e-37
128 5.07749e-37
129 6.11713e-37
130 7.36787e-37
131 8.8722e-37
132 1.06811e-36
133 1.28557e-36
134 1.54694e-36
135 1.861e-36
136 2.23828e-36
137 2.6914e-36
138 3.23547e-36
139 3.8886e-36
140 4.67246e-36
141 5.61299e-36
142 6.74123e-36
143 8.09434e-36
144 9.71674e-36
145 1.16615e-35
146 1.39923e-35
147 1.6785e-35
148 2.01302e-35
149 2.41365e-35
150 2.89334e-35
151 3.46754e-35
152 4.15474e-35
153 4.97695e-35
154 5.96047e-35
155 7.1367e-35
156 8.54308e-35
157 1.02242e-34
158 1.22333e-34
159 1.46338e-34
160 1.75013e-34
161 2.09259e-34
162 2.50147e-34
163 2.98955e-34
164 3.57205e-34
165 4.26706e-34
166 5.09609e-34
167 6.0848e-34
168 7.26367e-34
169 8.66889e-34
170 1.03436e-33
171 1.23389e-33
172 1.47157e-33
173 1.75463e-33
174 2.09164e-33
175 2.4928e-33
176 2.9702e-33
177 3.5382e-33
178 4.21384e-33
179 5.0173e-33
180 5.97255e-33
181 7.108e-33
182 8.4573e-33
183 1.00604e-32
184 1.19644e-32
185 1.42255e-32
186 1.69098e-32
187 2.00958e-32
188 2.38764e-32
189 2.83614e-32
190 3.36809e-32
191 3.99885e-32
192 4.74659e-32
193 5.63281e-32
194 6.68287e-32
195 7.92678e-32
196 9.39997e-32
197 1.11443e-31
198 1.32091e-31
199 1.56527e-31
200 1.85439e-31
201 2.19638e-31
202 2.60083e-31
203 3.07901e-31
204 3.64424e-31
205 4.3122e-31
206 5.10137e-31
207 6.03354e-31
208 7.13434e-31
209 8.43398e-31
210 9.96801e-31
211 1.17783e-30
212 1.3914e-30
213 1.64331e-30
214 1.94038e-30
215 2.29061e-30
216 2.70343e-30
217 3.18989e-30
218 3.76302e-30
219 4.43808e-30
220 5.23303e-30
221 6.16894e-30
222 7.27054e-30
223 8.56688e-30
224 1.0092e-29
225 1.18859e-29
226 1.39955e-29
227 1.64757e-29
228 1.93909e-29
229 2.28166e-29
230 2.68414e-29
231 3.15688e-29
232 3.71202e-29
233 4.36378e-29
234 5.12879e-29
235 6.02652e-29
236 7.07973e-29
237 8.31507e-29
238 9.7637e-29
239 1.1462e-28
240 1.34526e-28
241 1.57852e-28
242 1.85179e-28
243 2.17186e-28
244 2.54665e-28
245 2.98541e-28
246 3.49893e-28
247 4.09981e-28
248 4.80274e-28
249 5.62485e-28
250 6.58611e-28
251 7.7098e-28
252 9.02305e-28
253 1.05575e-27
254 1.23498e-27
255 1.4443e-27
256 1.68869e-27
257 1.97395e-27
258 2.30684e-27
259 2.69523e-27
260 3.14824e-27
261 3.6765e-27
262 4.29236e-27
263 5.01017e-27
264 5.84661e-27
265 6.82105e-27
266 7.95596e-27
267 9.27747e-27
268 1.08159e-26
269 1.26064e-26
270 1.46897e-26
271 1.71132e-26
272 1.99318e-26
273 2.32091e-26
274 2.70188e-26
275 3.14463e-26
276 3.65908e-26
277 4.25667e-26
278 4.95069e-26
279 5.7565e-26
280 6.69191e-26
281 7.77748e-26
282 9.03705e-26
283 1.04981e-25
284 1.21926e-25
285 1.41573e-25
286 1.64348e-25
287 1.90742e-25
288 2.21324e-25
289 2.56749e-25
290 2.97776e-25
291 3.4528e-25
292 4.00269e-25
293 4.63908e-25
294 5.37542e-25
295 6.2272e-25
296 7.21229e-25
297 8.35129e-25
298 9.66792e-25
299 1.11895e-24
300 1.29477e-24
301 1.49785e-24
302 1.73239e-24
303 2.00319e-24
304 2.31578e-24
305 2.67652e-24
306 3.09273e-24
307 3.57282e-24
308 4.12646e-24
309 4.76478e-24
310 5.50052e-24
311 6.34837e-24
312 7.32515e-24
313 8.4502e-24
314 9.74571e-24
315 1.12371e-23
316 1.29537e-23
317 1.49288e-23
318 1.72009e-23
319 1.98141e-23
320 2.28186e-23
321 2.62724e-23
322 3.02415e-23
323 3.48017e-23
324 4.00398e-23
325 4.6055e-23
326 5.29608e-23
327 6.08872e-23
328 6.99827e-23
329 8.04172e-23
330 9.23848e-23
331 1.06107e-22
332 1.21838e-22
333 1.39867e-22
334 1.60525e-22
335 1.84188e-22
336 2.11289e-22
337 2.42317e-22
338 2.77836e-22
339 3.18483e-22
340 3.64989e-22
341 4.18185e-22
342 4.7902e-22
343 5.48574e-22
344 6.28076e-22
345 7.1893e-22
346 8.22732e-22
347 9.41299e-22
348 1.0767e-21
349 1.23129e-21
350 1.40774e-21
351 1.60911e-21
352 1.83885e-21
353 2.10091e-21
354 2.39976e-21
355 2.74048e-21
356 3.12886e-21
357 3.57146e-21
358 4.07573e-21
359 4.65014e-21
360 5.30428e-21
361 6.04905e-21
362 6.8968e-21
363 7.86156e-21
364 8.95922e-21
365 1.02078e-20
366 1.16277e-20
367 1.3242e-20
368 1.5077e-20
369 1.71622e-20
370 1.95314e-20
371 2.22223e-20
372 2.52781e-20
373 2.87474e-20
374 3.26851e-20
375 3.71533e-20
376 4.22223e-20
377 4.79715e-20
378 5.44904e-20
379 6.18803e-20
380 7.02554e-20
381 7.97447e-20
382 9.04936e-20
383 1.02666e-19
384 1.16447e-19
385 1.32046e-19
386 1.49697e-19
387 1.69666e-19
388 1.9225e-19
389 2.17786e-19
390 2.46652e-19
391 2.79274e-19
392 3.16131e-19
393 3.57762e-19
394 4.04774e-19
395 4.57848e-19
396 5.17749e-19
397 5.85341e-19
398 6.61589e-19
399 7.47581e-19
400 8.44538e-19
401 9.53829e-19
402 1.07699e-18
403 1.21576e-18
404 1.37206e-18
405 1.54807e-18
406 1.74622e-18
407 1.96926e-18
408 2.22023e-18
409 2.50257e-18
410 2.82014e-18
411 3.17722e-18
412 3.57866e-18
413 4.02985e-18
414 4.53683e-18
415 5.10638e-18
416 5.74608e-18
417 6.46438e-18
418 7.27076e-18
419 8.17583e-18
420 9.19143e-18
421 1.03308e-17
422 1.16087e-17
423 1.30417e-17
424 1.46482e-17
425 1.64489e-17
426 1.84667e-17
427 2.07273e-17
428 2.32595e-17
429 2.6095e-17
430 2.92695e-17
431 3.28229e-17
432 3.67993e-17
433 4.1248e-17
434 4.62241e-17
435 5.17887e-17
436 5.80099e-17
437 6.49636e-17
438 7.27342e-17
439 8.14154e-17
440 9.11117e-17
441 1.01939e-16
442 1.14026e-16
443 1.27517e-16
444 1.4257e-16
445 1.59362e-16
446 1.78088e-16
447 1.98968e-16
448 2.22241e-16
449 2.48176e-16
450 2.77068e-16
451 3.09248e-16
452 3.45079e-16
453 3.84965e-16
454 4.29353e-16
455 4.78737e-16
456 5.33664e-16
457 5.94739e-16
458 6.62633e-16
459 7.38086e-16
460 8.21916e-16
461 9.15026e-16
462 1.01842e-15
463 1.13319e-15
464 1.26056e-15
465 1.40189e-15
466 1.55863e-15
467 1.73245e-15
468 1.92514e-15
469 2.13869e-15
470 2.3753e-15
471 2.63738e-15
472 2.92761e-15
473 3.24893e-15
474 3.60456e-15
475 3.99807e-15
476 4.43338e-15
477 4.91482e-15
478 5.44714e-15
479 6.03556e-15
480 6.68585e-15
481 7.40433e-15
482 8.19797e-15
483 9.07441e-15
484 1.00421e-14
485 1.11102e-14
486 1.2289e-14
487 1.35896e-14
488 1.50242e-14
489 1.66064e-14
490 1.83509e-14
491 2.02739e-14
492 2.23933e-14
493 2.47287e-14
494 2.73014e-14
495 3.0135e-14
496 3.32553e-14
497 3.66906e-14
498 4.04718e-14
499 4.4633e-14
500 4.92113e-14
501 5.42474e-14
502 5.9786e-14
503 6.58759e-14
504 7.25704e-14
505 7.9928e-14
506 8.80126e-14
507 9.6894e-14
508 1.06648e-13
509 1.17359e-13
510 1.29118e-13
511 1.42023e-13
512 1.56183e-13
513 1.71717e-13
514 1.88754e-13
515 2.07433e-13
516 2.27909e-13
517 2.50347e-13
518 2.7493e-13
519 3.01856e-13
520 3.31339e-13
521 3.63612e-13
522 3.98932e-13
523 4.37572e-13
524 4.79835e-13
525 5.26044e-13
526 5.76554e-13
527 6.31749e-13
528 6.92043e-13
529 7.57889e-13
530 8.29774e-13
531 9.08228e-13
532 9.93824e-13
533 1.08718e-12
534 1.18897e-12
535 1.29993e-12
536 1.42082e-12
537 1.55251e-12
538 1.69592e-12
539 1.85203e-12
540 2.02191e-12
541 2.20672e-12
542 2.40772e-12
543 2.62624e-12
544 2.86374e-12
545 3.1218e-12
546 3.4021e-12
547 3.70647e-12
548 4.03688e-12
549 4.39545e-12
550 4.78447e-12
551 5.20641e-12
552 5.66392e-12
553 6.15988e-12
554 6.69736e-12
555 7.2797e-12
556 7.91048e-12
557 8.59356e-12
558 9.3331e-12
559 1.01336e-11
560 1.09998e-11
561 1.19371e-11
562 1.29508e-11
563 1.40472e-11
564 1.52327e-11
565 1.65142e-11
566 1.78994e-11
567 1.93962e-11
568 2.10135e-11
569 2.27605e-11
570 2.46475e-11
571 2.66853e-11
572 2.88855e-11
573 3.12608e-11
574 3.38246e-11
575 3.65916e-11
576 3.95773e-11
577 4.27985e-11
578 4.62733e-11
579 5.00211e-11
580 5.40626e-11
581 5.84202e-11
582 6.31178e-11
583 6.81811e-11
584 7.36376e-11
585 7.95169e-11
586 8.58506e-11
587 9.26723e-11
588 1.00018e-10
589 1.07927e-10
590 1.16441e-10
591 1.25603e-10
592 1.3546e-10
593 1.46063e-10
594 1.57466e-10
595 1.69725e-10
596 1.82902e-10
597 1.9706e-10
598 2.12269e-10
599 2.28601e-10
600 2.46135e-10
601 2.64952e-10
602 2.8514e-10
603 3.0679e-10
604 3.3e-10
605 3.54875e-10
606 3.81522e-10
607 4.10057e-10
608 4.40603e-10
609 4.73286e-10
610 5.08243e-10
611 5.45615e-10
612 5.85552e-10
613 6.28211e-10
614 6.73759e-10
615 7.22368e-10
616 7.7422e-10
617 8.29507e-10
618 8.88428e-10
619 9.51193e-10
620 1.01802e-09
621 1.08914e-09
622 1.1648e-09
623 1.24524e-09
624 1.33072e-09
625 1.42153e-09
626 1.51795e-09
627 1.62027e-09
628 1.72881e-09
629 1.8439e-09
630 1.96588e-09
631 2.0951e-09
632 2.23194e-09
633 2.37679e-09
634 2.53005e-09
635 2.69216e-09
636 2.86355e-09
637 3.0447e-09
638 3.2361e-09
639 3.43826e-09
640 3.65173e-09
641 3.87706e-09
642 4.11487e-09
643 4.36577e-09
644 4.63044e-09
645 4.90957e-09
646 5.20389e-09
647 5.5142e-09
648 5.84131e-09
649 6.18611e-09
650 6.54951e-09
651 6.9325e-09
652 7.33611e-09
653 7.76147e-09
654 8.20974e-09
655 8.68217e-09
656 9.18009e-09
657 9.70491e-09
658 1.02581e-08
659 1.08414e-08
660 1.14563e-08
661 1.21048e-08
662 1.27887e-08
663 1.35101e-08
664 1.42712e-08
665 1.50743e-08
666 1.59219e-08
667 1.68165e-08
668 1.77609e-08
669 1.87581e-08
670 1.98112e-08
671 2.09234e-08
672 2.20983e-08
673 2.33394e-08
674 2.46507e-08
675 2.60362e-08
676 2.75003e-08
677 2.90472e-08
678 3.06819e-08
679 3.24092e-08
680 3.42342e-08
681 3.61624e-08
682 3.81992e-08
683 4.03506e-08
684 4.26225e-08
685 4.50211e-08
686 4.7553e-08
687 5.02246e-08
688 5.30429e-08
689 5.60148e-08
690 5.91475e-08
691 6.24481e-08
692 6.59243e-08
693 6.95833e-08
694 7.34328e-08
695 7.74805e-08
696 8.17339e-08
697 8.62006e-08
698 9.08883e-08
699 9.58044e-08
700 1.00956e-07
701 1.06351e-07
702 1.11995e-07
703 1.17896e-07
704 1.2406e-07
705 1.30493e-07
706 1.372e-07
707 1.44187e-07
708 1.51457e-07
709 1.59015e-07
710 1.66864e-07
711 1.75007e-07
712 1.83445e-07
713 1.92178e-07
714 2.01207e-07
715 2.10531e-07
716 2.20148e-07
717 2.30053e-07
718 2.40243e-07
719 2.50712e-07
720 2.61454e-07
721 2.72459e-07
722 2.83718e-07
723 2.95221e-07
724 3.06954e-07
725 3.18905e-07
726 3.31057e-07
727 3.43395e-07
728 3.559e-07
729 3.68554e-07
730 3.81334e-07
731 3.9422e-07
732 4.07188e-07
733 4.20213e-07
734 4.33271e-07
735 4.46335e-07
736 4.59378e-07
737 4.72373e-07
738 4.85291e-07
739 4.98104e-07
740 5.10783e-07
741 5.23301e-07
742 5.3563e-07
743 5.47742e-07
744 5.59611e-07
745 5.71213e-07
746 5.82524e-07
747 5.93524e-07
748 6.04193e-07
749 6.14516e-07
750 6.2448e-07
751 6.34076e-07
752 6.43299e-07
753 6.52149e-07
754 6.60629e-07
755 6.68751e-07
756 6.76531e-07
757 6.8399e-07
758 6.9116e-07
759 6.98077e-07
760 7.04786e-07
761 7.11343e-07
762 7.1781e-07
763 7.24261e-07
764 7.30779e-07
765 7.37457e-07
766 7.444e-07
767 7.51726e-07
768 7.59564e-07
769 7.68054e-07
770 7.77351e-07
771 7.87622e-07
772 7.99048e-07
773 8.11824e-07
774 8.26159e-07
775 8.42274e-07
776 8.60408e-07
777 8.80812e-07
778 9.03751e-07
779 9.29507e-07
780 9.58373e-07
781 9.90657e-07
782 1.02668e-06
783 1.06678e-06
784 1.11131e-06
785 1.16062e-06
786 1.21508e-06
787 1.27509e-06
788 1.34103e-06
789 1.41331e-06
790 1.49235e-06
791 1.57855e-06
792 1.67235e-06
793 1.77418e-06
794 1.88448e-06
795 2.00369e-06
796 2.13224e-06
797 2.27058e-06
798 2.41915e-06
799 2.57839e-06
800 2.74872e-06
801 2.93058e-06
802 3.12437e-06
803 3.33051e-06
804 3.5494e-06
805 3.78142e-06
806 4.02694e-06
807 4.2863e-06
808 4.55984e-06
809 4.84788e-06
810 5.1507e-06
811 5.46857e-06
812 5.80172e-06
813 6.15038e-06
814 6.51473e-06
815 6.89491e-06
816 7.29106e-06
817 7.70327e-06
818 8.13159e-06
819 8.57604e-06
820 9.03661e-06
821 9.51326e-06
822 1.00059e-05
823 1.05144e-05
824 1.10386e-05
825 1.15783e-05
826 1.21333e-05
827 1.27033e-05
828 1.3288e-05
829 1.38871e-05
830 1.45002e-05
831 1.5127e-05
832 1.57669e-05
833 1.64195e-05
834 1.70844e-05
835 1.77611e-05
836 1.84491e-05
837 1.91478e-05
838 1.98567e-05
839 2.05752e-05
840 2.13029e-05
841 2.20392e-05
842 2.27835e-05
843 2.35353e-05
844 2.42942e-05
845 2.50597e-05
846 2.58313e-05
847 2.66087e-05
848 2.73915e-05
849 2.81794e-05
850 2.89721e-05
851 2.97696e-05
852 3.05717e-05
853 3.13784e-05
854 3.21898e-05
855 3.30062e-05
856 3.38277e-05
857 3.46549e-05
858 3.54883e-05
859 3.63286e-05
860 3.71767e-05
861 3.80335e-05
862 3.89002e-05
863 3.97783e-05
864 4.06692e-05
865 4.15746e-05
866 4.24966e-05
867 4.34373e-05
868 4.43991e-05
869 4.53847e-05
870 4.63968e-05
871 4.74388e-05
872 4.85138e-05
873 4.96258e-05
874 5.07786e-05
875 5.19764e-05
876 5.32239e-05
877 5.4526e-05
878 5.58878e-05
879 5.73148e-05
880 5.8813e-05
881 6.03886e-05
882 6.2048e-05
883 6.37983e-05
884 6.56467e-05
885 6.76009e-05
886 6.96689e-05
887 7.18591e-05
888 7.41804e-05
889 7.66419e-05
890 7.92532e-05
891 8.20243e-05
892 8.49657e-05
893 8.80882e-05
894 9.1403e-05
895 9.49217e-05
896 9.86563e-05
897 0.00010262
898 0.000106824
899 0.000111283
900 0.000116011
901 0.000121021
902 0.000126329
903 0.000131949
904 0.000137896
905 0.000144187
906 0.000150838
907 0.000157866
908 0.000165287
909 0.000173119
910 0.00018138
911 0.000190089
912 0.000199264
913 0.000208925
914 0.00021909
915 0.00022978
916 0.000241016
917 0.000252817
918 0.000265206
919 0.000278203
920 0.000291831
921 0.000306111
922 0.000321066
923 0.000336719
924 0.000353094
925 0.000370213
926 0.000388102
927 0.000406783
928 0.000426282
929 0.000446624
930 0.000467834
931 0.000489937
932 0.000512959
933 0.000536926
934 0.000561865
935 0.000587801
936 0.000614762
937 0.000642775
938 0.000671867
939 0.000702066
940 0.0007334
941 0.000765895
942 0.000799581
943 0.000834485
944 0.000870637
945 0.000908064
946 0.000946796
947 0.000986861
948 0.00102829
949 0.00107111
950 0.00111534
951 0.00116103
952 0.0012082
953 0.00125687
954 0.00130708
955 0.00135886
956 0.00141223
957 0.00146723
958 0.00152388
959 0.00158221
960 0.00164226
961 0.00170404
962 0.0017676
963 0.00183295
964 0.00190012
965 0.00196915
966 0.00204006
967 0.00211288
968 0.00218763
969 0.00226434
970 0.00234304
971 0.00242376
972 0.00250651
973 0.00259133
974 0.00267823
975 0.00276725
976 0.0028584
977 0.00295171
978 0.0030472
979 0.00314489
980 0.0032448
981 0.00334696
982 0.00345137
983 0.00355806
984 0.00366705
985 0.00377834
986 0.00389197
987 0.00400793
988 0.00412625
989 0.00424693
990 0.00436999
991 0.00449544
992 0.00462328
993 0.00475353
994 0.00488618
995 0.00502124
996 0.00515872
997 0.00529861
998 0.00544092
999 0.00558564
1000 0.00573278
1001 0.00588232
1002 0.00603426
1003 0.00618859
1004 0.00634531
1005 0.00650439
1006 0.00666583
1007 0.00682961
1008 0.00699572
1009 0.00716413
1010 0.00733482
1011 0.00750777
1012 0.00768295
1013 0.00786034
1014 0.0080399
1015 0.00822161
1016 0.00840543
1017 0.00859132
1018 0.00877924
1019 0.00896917
1020 0.00916104
1021 0.00935482
1022 0.00955046
1023 0.00974791
1024 0.00994712
1025 0.010148
1026 0.0103506
1027 0.0105547
1028 0.0107604
1029 0.0109675
1030 0.0111761
1031 0.0113859
1032 0.011597
1033 0.0118093
1034 0.0120228
1035 0.0122372
1036 0.0124526
1037 0.0126689
1038 0.012886
1039 0.0131037
1040 0.0133221
1041 0.013541
1042 0.0137604
1043 0.0139801
1044 0.0142001
1045 0.0144202
1046 0.0146403
1047 0.0148604
1048 0.0150804
1049 0.0153001
1050 0.0155194
1051 0.0157383
1052 0.0159566
1053 0.0161743
1054 0.0163911
1055 0.0166071
1056 0.016822
1057 0.0170358
1058 0.0172484
1059 0.0174596
1060 0.0176694
1061 0.0178776
1062 0.018084
1063 0.0182887
1064 0.0184914
1065 0.0186921
1066 0.0188906
1067 0.0190869
1068 0.0192807
1069 0.019472
1070 0.0196608
1071 0.0198467
1072 0.0200298
1073 0.02021
1074 0.0203871
1075 0.020561
1076 0.0207316
1077 0.0208987
1078 0.0210624
1079 0.0212225
1080 0.0213788
1081 0.0215313
1082 0.0216799
1083 0.0218244
1084 0.0219649
1085 0.0221011
1086 0.022233
1087 0.0223605
1088 0.0224836
1089 0.0226021
1090 0.0227159
1091 0.022825
1092 0.0229293
1093 0.0230287
1094 0.0231232
1095 0.0232127
1096 0.0232971
1097 0.0233763
1098 0.0234504
1099 0.0235192
1100 0.0235827
1101 0.0236409
1102 0.0236937
1103 0.0237411
1104 0.023783
1105 0.0238194
1106 0.0238503
1107 0.0238756
1108 0.0238954
1109 0.0239096
1110 0.0239182
1111 0.0239212
1112 0.0239186
1113 0.0239104
1114 0.0238966
1115 0.0238771
1116 0.0238521
1117 0.0238216
1118 0.0237854
1119 0.0237438
1120 0.0236966
1121 0.023644
1122 0.0235859
1123 0.0235224
1124 0.0234536
1125 0.0233795
1126 0.0233001
1127 0.0232155
1128 0.0231257
1129 0.0230309
1130 0.022931
1131 0.0228261
1132 0.0227164
1133 0.0226019
1134 0.0224826
1135 0.0223586
1136 0.0222301
1137 0.0220971
1138 0.0219596
1139 0.0218179
1140 0.0216719
1141 0.0215218
1142 0.0213677
1143 0.0212096
1144 0.0210478
1145 0.0208822
1146 0.0207129
1147 0.0205402
1148 0.0203641
1149 0.0201846
1150 0.0200021
1151 0.0198164
1152 0.0196278
1153 0.0194364
1154 0.0192422
1155 0.0190455
1156 0.0188463
1157 0.0186447
1158 0.0184409
1159 0.0182349
1160 0.018027
1161 0.0178172
1162 0.0176056
1163 0.0173924
1164 0.0171777
1165 0.0169616
1166 0.0167442
1167 0.0165257
1168 0.0163061
1169 0.0160856
1170 0.0158643
1171 0.0156423
1172 0.0154197
1173 0.0151967
1174 0.0149733
1175 0.0147496
1176 0.0145259
1177 0.0143021
1178 0.0140784
1179 0.0138549
1180 0.0136316
1181 0.0134088
1182 0.0131865
1183 0.0129647
1184 0.0127436
1185 0.0125233
1186 0.0123039
1187 0.0120854
1188 0.011868
1189 0.0116517
1190 0.0114366
1191 0.0112228
1192 0.0110103
1193 0.0107993
1194 0.0105898
1195 0.0103819
1196 0.0101756
1197 0.00997105
1198 0.00976827
1199 0.00956733
1200 0.00936828
1201 0.00917118
1202 0.00897608
1203 0.00878303
1204 0.00859207
1205 0.00840326
1206 0.00821664
1207 0.00803223
1208 0.00785009
1209 0.00767025
1210 0.00749273
1211 0.00731758
1212 0.00714481
1213 0.00697445
1214 0.00680653
1215 0.00664106
1216 0.00647807
1217 0.00631757
1218 0.00615957
1219 0.00600409
1220 0.00585114
1221 0.00570072
1222 0.00555284
1223 0.0054075
1224 0.00526471
1225 0.00512447
1226 0.00498677
1227 0.00485161
1228 0.00471899
1229 0.00458889
1230 0.00446132
1231 0.00433626
1232 0.00421369
1233 0.00409361
1234 0.00397601
1235 0.00386085
1236 0.00374814
1237 0.00363785
1238 0.00352996
1239 0.00342446
1240 0.00332131
1241 0.0032205
1242 0.003122
1243 0.00302579
1244 0.00293184
1245 0.00284014
1246 0.00275064
1247 0.00266333
1248 0.00257817
1249 0.00249513
1250 0.0024142
1251 0.00233533
1252 0.00225849
1253 0.00218367
1254 0.00211081
1255 0.0020399
1256 0.00197089
1257 0.00190377
1258 0.00183849
1259 0.00177502
1260 0.00171334
1261 0.0016534
1262 0.00159518
1263 0.00153863
1264 0.00148374
1265 0.00143046
1266 0.00137876
1267 0.00132862
1268 0.00127998
1269 0.00123284
1270 0.00118714
1271 0.00114287
1272 0.00109998
1273 0.00105844
1274 0.00101823
1275 0.000979315
1276 0.000941657
1277 0.00090523
1278 0.000870003
1279 0.000835946
1280 0.000803028
1281 0.000771221
1282 0.000740496
1283 0.000710824
1284 0.000682176
1285 0.000654525
1286 0.000627844
1287 0.000602105
1288 0.000577283
1289 0.00055335
1290 0.000530282
1291 0.000508053
1292 0.000486638
1293 0.000466014
1294 0.000446156
1295 0.000427041
1296 0.000408647
1297 0.000390951
1298 0.000373931
1299 0.000357566
1300 0.000341834
1301 0.000326716
1302 0.000312191
1303 0.00029824
1304 0.000284844
1305 0.000271984
1306 0.000259641
1307 0.0002478
1308 0.000236441
1309 0.000225548
1310 0.000215106
1311 0.000205097
1312 0.000195507
1313 0.000186321
1314 0.000177524
1315 0.000169101
1316 0.000161039
1317 0.000153324
1318 0.000145944
1319 0.000138886
1320 0.000132137
1321 0.000125686
1322 0.000119521
1323 0.000113632
1324 0.000108006
1325 0.000102635
1326 9.75067e-05
1327 9.26128e-05
1328 8.79434e-05
1329 8.34893e-05
1330 7.92419e-05
1331 7.51925e-05
1332 7.1333e-05
1333 6.76553e-05
1334 6.41519e-05
1335 6.08153e-05
1336 5.76385e-05
1337 5.46145e-05
1338 5.17369e-05
1339 4.89991e-05
1340 4.63951e-05
1341 4.3919e-05
1342 4.15651e-05
1343 3.9328e-05
1344 3.72024e-05
1345 3.51833e-05
1346 3.32658e-05
1347 3.14454e-05
1348 2.97174e-05
1349 2.80778e-05
1350 2.65222e-05
1351 2.50469e-05
1352 2.3648e-05
1353 2.2322e-05
1354 2.10652e-05
1355 1.98745e-05
1356 1.87466e-05
1357 1.76786e-05
1358 1.66674e-05
1359 1.57103e-05
1360 1.48046e-05
1361 1.39479e-05
1362 1.31376e-05
1363 1.23714e-05
1364 1.16471e-05
1365 1.09627e-05
1366 1.0316e-05
1367 9.70513e-06
1368 9.12827e-06
1369 8.58366e-06
1370 8.06963e-06
1371 7.58457e-06
1372 7.12698e-06
1373 6.6954e-06
1374 6.28846e-06
1375 5.90485e-06
1376 5.54332e-06
1377 5.20269e-06
1378 4.88183e-06
1379 4.57967e-06
1380 4.29518e-06
1381 4.02742e-06
1382 3.77544e-06
1383 3.53839e-06
1384 3.31543e-06
1385 3.10578e-06
1386 2.9087e-06
1387 2.72347e-06
1388 2.54944e-06
1389 2.38595e-06
1390 2.23242e-06
1391 2.08827e-06
1392 1.95296e-06
1393 1.82598e-06
1394 1.70686e-06
1395 1.59512e-06
1396 1.49034e-06
1397 1.39212e-06
1398 1.30005e-06
1399 1.21379e-06
1400 1.13298e-06
1401 1.0573e-06
1402 9.86438e-07
1403 9.20106e-07
1404 8.5803e-07
1405 7.99951e-07
1406 7.45626e-07
1407 6.94824e-07
1408 6.47329e-07
1409 6.02937e-07
1410 5.61456e-07
1411 5.22703e-07
1412 4.86509e-07
1413 4.52714e-07
1414 4.21166e-07
1415 3.91723e-07
1416 3.64251e-07
1417 3.38626e-07
1418 3.14728e-07
1419 2.92447e-07
1420 2.71679e-07
1421 2.52325e-07
1422 2.34295e-07
1423 2.17501e-07
1424 2.01863e-07
1425 1.87305e-07
1426 1.73755e-07
1427 1.61147e-07
1428 1.49419e-07
1429 1.38511e-07
1430 1.28369e-07
1431 1.18942e-07
1432 1.1018e-07
1433 1.0204e-07
1434 9.44791e-08
1435 8.74574e-08
1436 8.09385e-08
1437 7.48877e-08
1438 6.92729e-08
1439 6.40639e-08
1440 5.92325e-08
1441 5.47526e-08
1442 5.05995e-08
1443 4.67504e-08
1444 4.31839e-08
1445 3.988e-08
1446 3.68202e-08
1447 3.39872e-08
1448 3.13647e-08
1449 2.89377e-08
1450 2.66923e-08
1451 2.46152e-08
1452 2.26945e-08
1453 2.09187e-08
1454 1.92773e-08
1455 1.77605e-08
1456 1.63592e-08
1457 1.50649e-08
1458 1.38697e-08
1459 1.27664e-08
1460 1.1748e-08
1461 1.08083e-08
1462 9.9415e-09
1463 9.14202e-09
1464 8.40485e-09
1465 7.72531e-09
1466 7.09903e-09
1467 6.52199e-09
1468 5.99045e-09
1469 5.50093e-09
1470 5.05022e-09
1471 4.63534e-09
1472 4.25355e-09
1473 3.90228e-09
1474 3.57918e-09
1475 3.28206e-09
1476 3.00889e-09
1477 2.75781e-09
1478 2.52709e-09
1479 2.31512e-09
1480 2.12043e-09
1481 1.94166e-09
1482 1.77754e-09
1483 1.62691e-09
1484 1.48869e-09
1485 1.36189e-09
1486 1.2456e-09
1487 1.13897e-09
1488 1.04123e-09
1489 9.51644e-10
1490 8.69563e-10
1491 7.94375e-10
1492 7.25517e-10
1493 6.62471e-10
1494 6.04762e-10
1495 5.51949e-10
1496 5.03629e-10
1497 4.59432e-10
1498 4.19014e-10
1499 3.82062e-10
1500 3.48286e-10
1501 3.17422e-10
1502 2.89224e-10
1503 2.63469e-10
1504 2.39952e-10
1505 2.18481e-10
1506 1.98886e-10
1507 1.81005e-10
1508 1.64693e-10
1509 1.49815e-10
1510 1.3625e-10
1511 1.23884e-10
1512 1.12613e-10
1513 1.02344e-10
1514 9.29894e-11
1515 8.44701e-11
1516 7.67132e-11
1517 6.96523e-11
1518 6.32264e-11
1519 5.73799e-11
1520 5.20618e-11
1521 4.72255e-11
1522 4.28284e-11
1523 3.88316e-11
1524 3.51996e-11
1525 3.18998e-11
1526 2.89025e-11
1527 2.61808e-11
1528 2.37098e-11
1529 2.14669e-11
1530 1.94317e-11
1531 1.75854e-11
1532 1.59107e-11
1533 1.43922e-11
1534 1.30155e-11
1535 1.17678e-11
1536 1.06372e-11
1537 9.61296e-12
1538 8.68533e-12
1539 7.84537e-12
1540 7.08499e-12
1541 6.39681e-12
1542 5.77413e-12
1543 5.21084e-12
1544 4.70141e-12
1545 4.24079e-12
1546 3.8244e-12
1547 3.44809e-12
1548 3.10809e-12
1549 2.80095e-12
1550 2.52358e-12
1551 2.27314e-12
1552 2.04708e-12
1553 1.84307e-12
1554 1.659e-12
1555 1.49297e-12
1556 1.34324e-12
1557 1.20824e-12
1558 1.08656e-12
1559 9.76902e-13
1560 8.78107e-13
1561 7.89118e-13
1562 7.08982e-13
1563 6.36835e-13
1564 5.71896e-13
1565 5.13459e-13
1566 4.60885e-13
1567 4.13598e-13
1568 3.71075e-13
1569 3.32847e-13
1570 2.98487e-13
1571 2.67612e-13
1572 2.39874e-13
1573 2.14961e-13
1574 1.9259e-13
1575 1.72507e-13
1576 1.54482e-13
1577 1.38308e-13
1578 1.23799e-13
1579 1.10786e-13
1580 9.91173e-14
1581 8.86571e-14
1582 7.92822e-14
1583 7.08822e-14
1584 6.33573e-14
1585 5.6618e-14
1586 5.05838e-14
1587 4.51822e-14
1588 4.03479e-14
1589 3.60225e-14
1590 3.21533e-14
1591 2.8693e-14
1592 2.55991e-14
1593 2.28335e-14
1594 2.03619e-14
1595 1.81536e-14
1596 1.61811e-14
1597 1.44195e-14
1598 1.28467e-14
1599 1.14428e-14
1600 1.01899e-14
1601 9.07213e-15
1602 8.07507e-15
1603 7.18592e-15
1604 6.39319e-15
1605 5.68659e-15
1606 5.05691e-15
1607 4.49591e-15
1608 3.99621e-15
1609 3.55123e-15
1610 3.15506e-15
1611 2.80244e-15
1612 2.48865e-15
1613 2.20948e-15
1614 1.96118e-15
1615 1.74037e-15
1616 1.54407e-15
1617 1.36959e-15
1618 1.21454e-15
1619 1.07679e-15
1620 9.54451e-16
1621 8.45811e-16
1622 7.49363e-16
1623 6.63759e-16
1624 5.87797e-16
1625 5.20408e-16
1626 4.60638e-16
1627 4.07638e-16
1628 3.60652e-16
1629 3.19007e-16
1630 2.82106e-16
1631 2.49416e-16
1632 2.20462e-16
1633 1.94824e-16
1634 1.72128e-16
1635 1.5204e-16
1636 1.34266e-16
1637 1.18542e-16
1638 1.04635e-16
1639 9.23377e-17
1640 8.1467e-17
1641 7.18594e-17
1642 6.33701e-17
1643 5.58707e-17
1644 4.92474e-17
1645 4.33991e-17
1646 3.82365e-17
1647 3.36801e-17
1648 2.96598e-17
1649 2.61134e-17
1650 2.29856e-17
1651 2.02278e-17
1652 1.77967e-17
1653 1.56541e-17
1654 1.37663e-17
1655 1.21034e-17
1656 1.06388e-17
1657 9.34934e-18
1658 8.21423e-18
1659 7.21526e-18
1660 6.3363e-18
1661 5.56313e-18
1662 4.88317e-18
1663 4.28532e-18
1664 3.75979e-18
1665 3.29795e-18
1666 2.89217e-18
1667 2.53572e-18
1668 2.2227e-18
1669 1.94786e-18
1670 1.70661e-18
1671 1.49489e-18
1672 1.30914e-18
1673 1.1462e-18
1674 1.00331e-18
1675 8.78027e-19
1676 7.68211e-19
1677 6.71975e-19
1678 5.87659e-19
1679 5.13803e-19
1680 4.49125e-19
1681 3.92498e-19
1682 3.42932e-19
1683 2.99555e-19
1684 2.61605e-19
1685 2.28409e-19
1686 1.9938e-19
1687 1.74e-19
1688 1.51816e-19
1689 1.32429e-19
1690 1.15491e-19
1691 1.00696e-19
1692 8.77767e-20
1693 7.64969e-20
1694 6.66512e-20
1695 5.80592e-20
1696 5.05632e-20
1697 4.40247e-20
1698 3.83229e-20
1699 3.33519e-20
1700 2.90189e-20
1701 2.5243e-20
1702 2.19533e-20
1703 1.9088e-20
1704 1.65928e-20
1705 1.44204e-20
1706 1.25295e-20
1707 1.0884e-20
1708 9.4525e-21
1709 8.20733e-21
1710 7.12454e-21
1711 6.18317e-21
1712 5.36494e-21
1713 4.65391e-21
1714 4.03617e-21
1715 3.49962e-21
1716 3.0337e-21
1717 2.62919e-21
1718 2.2781e-21
1719 1.97343e-21
1720 1.70911e-21
1721 1.47985e-21
1722 1.28104e-21
1723 1.10869e-21
1724 9.59304e-22
1725 8.29853e-22
1726 7.17705e-22
1727 6.20569e-22
1728 5.36455e-22
1729 4.63635e-22
1730 4.00606e-22
1731 3.46067e-22
1732 2.98883e-22
1733 2.58072e-22
1734 2.22783e-22
1735 1.92274e-22
1736 1.65905e-22
1737 1.43119e-22
1738 1.23434e-22
1739 1.06432e-22
1740 9.17511e-23
1741 7.90767e-23
1742 6.81373e-23
1743 5.86977e-23
1744 5.05541e-23
1745 4.35303e-23
1746 3.74737e-23
1747 3.22523e-23
1748 2.77521e-23
1749 2.38742e-23
1750 2.05335e-23
1751 1.76561e-23
1752 1.51785e-23
1753 1.30455e-23
1754 1.12097e-23
1755 9.62997e-24
1756 8.27097e-24
1757 7.10211e-24
1758 6.09703e-24
1759 5.23297e-24
1760 4.49033e-24
1761 3.85219e-24
1762 3.30398e-24
1763 2.83313e-24
1764 2.42881e-24
1765 2.08172e-24
1766 1.78381e-24
1767 1.52819e-24
1768 1.30889e-24
1769 1.1208e-24
1770 9.59521e-25
1771 8.21258e-25
1772 7.02755e-25
1773 6.01213e-25
1774 5.14223e-25
1775 4.39718e-25
1776 3.75921e-25
1777 3.21306e-25
1778 2.74561e-25
1779 2.34563e-25
1780 2.00345e-25
1781 1.7108e-25
1782 1.46055e-25
1783 1.24662e-25
1784 1.06378e-25
1785 9.07547e-26
1786 7.74079e-26
1787 6.60086e-26
1788 5.6275e-26
1789 4.79656e-26
1790 4.08736e-26
1791 3.48222e-26
1792 2.96598e-26
1793 2.52569e-26
1794 2.15026e-26
1795 1.83021e-26
1796 1.55744e-26
1797 1.32501e-26
1798 1.12701e-26
1799 9.58377e-27
1800 8.14786e-27
1801 6.92549e-27
1802 5.88514e-27
1803 4.99992e-27
1804 4.24686e-27
1805 3.60639e-27
1806 3.0618e-27
1807 2.59885e-27
1808 2.20538e-27
1809 1.87106e-27
1810 1.58704e-27
1811 1.34583e-27
1812 1.14102e-27
1813 9.67149e-28
1814 8.19584e-28
1815 6.94374e-28
1816 5.88157e-28
1817 4.98072e-28
1818 4.21688e-28
1819 3.56935e-28
1820 3.02055e-28
1821 2.55555e-28
1822 2.16163e-28
1823 1.828e-28
1824 1.54551e-28
1825 1.30637e-28
1826 1.10398e-28
1827 9.3273e-29
1828 7.87861e-29
1829 6.65338e-29
1830 5.61739e-29
1831 4.74161e-29
1832 4.00145e-29
1833 3.37604e-29
1834 2.84772e-29
1835 2.40152e-29
1836 2.02476e-29
1837 1.70672e-29
1838 1.4383e-29
1839 1.21181e-29
1840 1.02075e-29
1841 8.59615e-30
1842 7.23748e-30
1843 6.09214e-30
1844 5.12686e-30
1845 4.31353e-30
1846 3.62838e-30
1847 3.05135e-30
1848 2.56549e-30
1849 2.15649e-30
1850 1.81227e-30
1851 1.52265e-30
1852 1.27901e-30
1853 1.07411e-30
1854 9.01819e-31
1855 7.56991e-31
1856 6.35275e-31
1857 5.33005e-31
1858 4.47095e-31
1859 3.74945e-31
1860 3.14365e-31
1861 2.63512e-31
1862 2.20834e-31
1863 1.85024e-31
1864 1.54986e-31
1865 1.29794e-31
1866 1.08671e-31
1867 9.09652e-32
1868 7.61263e-32
1869 6.36932e-32
1870 5.32783e-32
1871 4.45561e-32
1872 3.72531e-32
1873 3.11399e-32
1874 2.60238e-32
1875 2.17432e-32
1876 1.81625e-32
1877 1.5168e-32
1878 1.26642e-32
1879 1.05713e-32
1880 8.82219e-33
1881 7.36078e-33
1882 6.14004e-33
1883 5.12055e-33
1884 4.26935e-33
1885 3.55882e-33
1886 2.96585e-33
1887 2.47111e-33
1888 2.05841e-33
1889 1.71424e-33
1890 1.42729e-33
1891 1.18809e-33
1892 9.88752e-34
1893 8.22666e-34
1894 6.84319e-34
1895 5.69105e-34
1896 4.73179e-34
1897 3.93329e-34
1898 3.26879e-34
1899 2.71591e-34
1900 2.25602e-34
1901 1.87357e-34
1902 1.55559e-34
1903 1.29128e-34
1904 1.07162e-34
1905 8.89125e-35
1906 7.37535e-35
1907 6.11647e-35
1908 5.07128e-35
1909 4.20371e-35
1910 3.48375e-35
1911 2.88641e-35
1912 2.39094e-35
1913 1.98006e-35
1914 1.6394e-35
1915 1.35704e-35
1916 1.12304e-35
1917 9.29177e-36
1918 7.68597e-36
1919 6.3562e-36
1920 5.25528e-36
1921 4.34402e-36
1922 3.58992e-36
1923 2.96604e-36
1924 2.45001e-36
1925 2.02329e-36
1926 1.67049e-36
1927 1.37889e-36
1928 1.13793e-36
1929 9.3885e-37
1930 7.7442e-37
1931 6.38638e-37
1932 5.2654e-37
1933 4.34018e-37
1934 3.57669e-37
1935 2.94681e-37
1936 2.4273e-37
1937 1.9989e-37
1938 1.64573e-37
1939 1.35464e-37
1940 1.11477e-37
1941 9.17167e-38
1942 7.54412e-38
1943 6.20392e-38
1944 5.10062e-38
1945 4.19255e-38
1946 3.44533e-38
1947 2.83062e-38
1948 2.32505e-38
1949 1.90932e-38
1950 1.56756e-38
1951 1.28668e-38
1952 1.05587e-38
1953 8.66268e-39
1954 7.10544e-39
1955 5.82677e-39
1956 4.77708e-39
1957 3.91557e-39
1958 3.20867e-39
1959 2.62878e-39
1960 2.15318e-39
1961 1.76321e-39
1962 1.44354e-39
1963 1.18154e-39
1964 9.66864e-40
1965 7.91008e-40
1966 6.46985e-40
1967 5.2906e-40
1968 4.32527e-40
1969 3.53524e-40
1970 2.88883e-40
1971 2.36006e-40
1972 1.92762e-40
1973 1.57405e-40
1974 1.28502e-40
1975 1.04882e-40
1976 8.55833e-41
1977 6.98191e-41
1978 5.69451e-41
1979 4.64339e-41
1980 3.7854e-41
1981 3.08522e-41
1982 2.51395e-41
1983 2.04797e-41
1984 1.66797e-41
1985 1.35816e-41
1986 1.10563e-41
1987 8.99838e-42
1988 7.32178e-42
1989 5.95617e-42
1990 4.8441e-42
1991 3.93873e-42
1992 3.20182e-42
1993 2.60216e-42
1994 2.11431e-42
1995 1.71751e-42
1996 1.39485e-42
1997 1.13253e-42
1998 9.19332e-43
1999 7.46088e-43
2000 6.05347e-43
2001 4.91039e-43
2002 3.98221e-43
2003 3.22871e-43
2004 2.61715e-43
2005 2.12093e-43
2006 1.71838e-43
2007 1.3919e-43
2008 1.12718e-43
2009 9.12587e-44
2010 7.3867e-44
2011 5.97751e-44
2012 4.83598e-44
2013 3.91149e-44
2014 3.16295e-44
2015 2.55702e-44
2016 2.06664e-44
2017 1.66988e-44
2018 1.34894e-44
2019 1.08939e-44
2020 8.79537e-45
2021 7.09908e-45
2022 5.72825e-45
2023 4.62069e-45
2024 3.72607e-45
2025 3.0036e-45
2026 2.42031e-45
2027 1.94949e-45
2028 1.56955e-45
2029 1.26302e-45
2030 1.01578e-45
2031 8.1641e-46
2032 6.55679e-46
2033 5.26133e-46
2034 4.21752e-46
2035 3.37672e-46
2036 2.69966e-46
2037 2.15465e-46
2038 1.71615e-46
2039 1.36354e-46
2040 1.0802e-46
2041 8.52752e-47
2042 6.70439e-47
2043 5.2461e-47
2044 4.08328e-47
2045 3.16049e-47
2046 2.43358e-47
2047 1.86768e-47
