0 6.5137e-46
1 5.55767e-46
2 4.873e-46
3 4.42766e-46
4 4.20047e-46
5 4.18005e-46
6 4.36432e-46
7 4.76033e-46
8 5.3845e-46
9 6.26327e-46
10 7.43423e-46
11 8.94765e-46
12 1.08686e-45
13 1.32797e-45
14 1.62845e-45
15 2.0012e-45
16 2.46217e-45
17 3.03108e-45
18 3.73221e-45
19 4.59537e-45
20 5.65723e-45
21 6.96282e-45
22 8.56733e-45
23 1.05383e-44
24 1.29588e-44
25 1.59303e-44
26 1.95775e-44
27 2.40525e-44
28 2.95417e-44
29 3.62733e-44
30 4.45267e-44
31 5.46439e-44
32 6.70414e-44
33 8.22297e-44
34 1.00834e-43
35 1.23616e-43
36 1.51507e-43
37 1.85644e-43
38 2.27417e-43
39 2.78524e-43
40 3.4103e-43
41 4.17462e-43
42 5.10903e-43
43 6.25111e-43
44 7.64667e-43
45 9.35147e-43
46 1.14337e-42
47 1.39764e-42
48 1.70804e-42
49 2.08687e-42
50 2.54914e-42
51 3.1131e-42
52 3.80092e-42
53 4.63961e-42
54 5.66204e-42
55 6.90819e-42
56 8.4267e-42
57 1.02765e-41
58 1.25295e-41
59 1.52729e-41
60 1.86128e-41
61 2.26776e-41
62 2.76236e-41
63 3.36408e-41
64 4.09592e-41
65 4.98579e-41
66 6.06757e-41
67 7.38237e-41
68 8.98002e-41
69 1.09208e-40
70 1.3278e-40
71 1.61402e-40
72 1.96148e-40
73 2.38317e-40
74 2.89485e-40
75 3.51555e-40
76 4.26835e-40
77 5.18113e-40
78 6.28762e-40
79 7.6286e-40
80 9.25341e-40
81 1.12216e-39
82 1.36052e-39
83 1.64912e-39
84 1.99847e-39
85 2.42125e-39
86 2.93276e-39
87 3.5515e-39
88 4.29974e-39
89 5.20439e-39
90 6.29787e-39
91 7.61929e-39
92 9.21577e-39
93 1.11441e-38
94 1.34727e-38
95 1.6284e-38
96 1.96773e-38
97 2.37719e-38
98 2.87118e-38
99 3.46701e-38
100 4.18548e-38
101 5.05164e-38
102 6.09561e-38
103 7.35359e-38
104 8.86912e-38
105 1.06945e-37
106 1.28924e-37
107 1.55384e-37
108 1.87231e-37
109 2.25553e-37
110 2.71654e-37
111 3.27102e-37
112 3.93777e-37
113 4.73931e-37
114 5.70266e-37
115 6.86026e-37
116 8.25098e-37
117 9.92126e-37
118 1.19269e-36
119 1.43347e-36
120 1.72246e-36
121 2.06924e-36
122 2.48525e-36
123 2.98422e-36
124 3.58255e-36
125 4.29984e-36
126 5.15954e-36
127 6.1897e-36
128 7.42386e-36
129 8.90206e-36
130 1.06721e-35
131 1.27911e-35
132 1.53272e-35
133 1.83621e-35
134 2.19927e-35
135 2.63349e-35
136 3.15273e-35
137 3.77348e-35
138 4.51538e-35
139 5.40186e-35
140 6.46088e-35
141 7.72573e-35
142 9.23602e-35
143 1.10389e-34
144 1.31907e-34
145 1.57582e-34
146 1.8821e-34
147 2.24737e-34
148 2.68291e-34
149 3.20209e-34
150 3.82084e-34
151 4.55806e-34
152 5.43624e-34
153 6.48208e-34
154 7.72728e-34
155 9.20949e-34
156 1.09734e-33
157 1.30721e-33
158 1.55684e-33
159 1.85371e-33
160 2.20665e-33
161 2.62618e-33
162 3.12473e-33
163 3.71704e-33
164 4.42058e-33
165 5.25605e-33
166 6.24793e-33
167 7.42525e-33
168 8.82234e-33
169 1.04798e-32
170 1.24458e-32
171 1.47772e-32
172 1.75411e-32
173 2.08172e-32
174 2.46993e-32
175 2.92987e-32
176 3.47464e-32
177 4.11975e-32
178 4.8835e-32
179 5.7875e-32
180 6.85726e-32
181 8.12288e-32
182 9.61988e-32
183 1.13901e-31
184 1.34831e-31
185 1.59569e-31
186 1.88803e-31
187 2.23341e-31
188 2.64137e-31
189 3.12312e-31
190 3.6919e-31
191 4.36326e-31
192 5.15551e-31
193 6.09021e-31
194 7.19272e-31
195 8.49286e-31
196 1.00257e-30
197 1.18324e-30
198 1.39615e-30
199 1.64699e-30
200 1.94244e-30
201 2.29036e-30
202 2.69997e-30
203 3.18209e-30
204 3.74942e-30
205 4.41687e-30
206 5.2019e-30
207 6.12503e-30
208 7.21027e-30
209 8.4858e-30
210 9.98461e-30
211 1.17454e-29
212 1.38134e-29
213 1.62416e-29
214 1.90922e-29
215 2.24377e-29
216 2.63632e-29
217 3.09682e-29
218 3.63688e-29
219 4.2701e-29
220 5.01238e-29
221 5.8823e-29
222 6.90155e-29
223 8.09548e-29
224 9.4937e-29
225 1.11308e-28
226 1.3047e-28
227 1.52896e-28
228 1.79133e-28
229 2.09823e-28
230 2.45714e-28
231 2.87675e-28
232 3.36724e-28
233 3.94042e-28
234 4.61009e-28
235 5.3923e-28
236 6.30577e-28
237 7.37226e-28
238 8.61712e-28
239 1.00698e-27
240 1.17647e-27
241 1.37417e-27
242 1.60472e-27
243 1.87352e-27
244 2.18684e-27
245 2.55197e-27
246 2.97738e-27
247 3.47291e-27
248 4.04998e-27
249 4.72185e-27
250 5.50392e-27
251 6.41405e-27
252 7.47296e-27
253 8.7047e-27
254 1.01371e-26
255 1.18026e-26
256 1.37385e-26
257 1.59882e-26
258 1.86021e-26
259 2.16383e-26
260 2.51643e-26
261 2.92581e-26
262 3.401e-26
263 3.95245e-26
264 4.59223e-26
265 5.33434e-26
266 6.19493e-26
267 7.19267e-26
268 8.34914e-26
269 9.68928e-26
270 1.12419e-25
271 1.30402e-25
272 1.51225e-25
273 1.75333e-25
274 2.03235e-25
275 2.35521e-25
276 2.72872e-25
277 3.1607e-25
278 3.66019e-25
279 4.2376e-25
280 4.90493e-25
281 5.67598e-25
282 6.56666e-25
283 7.59529e-25
284 8.78293e-25
285 1.01538e-24
286 1.17359e-24
287 1.35612e-24
288 1.56667e-24
289 1.80947e-24
290 2.0894e-24
291 2.41206e-24
292 2.78389e-24
293 3.21226e-24
294 3.70567e-24
295 4.27385e-24
296 4.92799e-24
297 5.6809e-24
298 6.5473e-24
299 7.54406e-24
300 8.69052e-24
301 1.00089e-23
302 1.15245e-23
303 1.32666e-23
304 1.52685e-23
305 1.75683e-23
306 2.02099e-23
307 2.32433e-23
308 2.67259e-23
309 3.07232e-23
310 3.53102e-23
311 4.05728e-23
312 4.6609e-23
313 5.3531e-23
314 6.14669e-23
315 7.05632e-23
316 8.0987e-23
317 9.29294e-23
318 1.06609e-22
319 1.22273e-22
320 1.40207e-22
321 1.60735e-22
322 1.84226e-22
323 2.11101e-22
324 2.41841e-22
325 2.76994e-22
326 3.17182e-22
327 3.63117e-22
328 4.15608e-22
329 4.75575e-22
330 5.44067e-22
331 6.22277e-22
332 7.11563e-22
333 8.13467e-22
334 9.29744e-22
335 1.06239e-21
336 1.21367e-21
337 1.38616e-21
338 1.58279e-21
339 1.80687e-21
340 2.06218e-21
341 2.35299e-21
342 2.68417e-21
343 3.06121e-21
344 3.49037e-21
345 3.97873e-21
346 4.53431e-21
347 5.16621e-21
348 5.88473e-21
349 6.70155e-21
350 7.62988e-21
351 8.68469e-21
352 9.8829e-21
353 1.12437e-20
354 1.27887e-20
355 1.45426e-20
356 1.65329e-20
357 1.8791e-20
358 2.13524e-20
359 2.42571e-20
360 2.75504e-20
361 3.12832e-20
362 3.55132e-20
363 4.03056e-20
364 4.57339e-20
365 5.18809e-20
366 5.88403e-20
367 6.67175e-20
368 7.56314e-20
369 8.57163e-20
370 9.71234e-20
371 1.10023e-19
372 1.24607e-19
373 1.41091e-19
374 1.5972e-19
375 1.80766e-19
376 2.04539e-19
377 2.31386e-19
378 2.61696e-19
379 2.9591e-19
380 3.34521e-19
381 3.78083e-19
382 4.27221e-19
383 4.82636e-19
384 5.45115e-19
385 6.15543e-19
386 6.9491e-19
387 7.84333e-19
388 8.8506e-19
389 9.98494e-19
390 1.12621e-18
391 1.26996e-18
392 1.43174e-18
393 1.61375e-18
394 1.81847e-18
395 2.04869e-18
396 2.30751e-18
397 2.59842e-18
398 2.9253e-18
399 3.29253e-18
400 3.70497e-18
401 4.16808e-18
402 4.68794e-18
403 5.27136e-18
404 5.92595e-18
405 6.6602e-18
406 7.48359e-18
407 8.4067e-18
408 9.44134e-18
409 1.06007e-17
410 1.18994e-17
411 1.3354e-17
412 1.49825e-17
413 1.68055e-17
414 1.88455e-17
415 2.11279e-17
416 2.36807e-17
417 2.65353e-17
418 2.97265e-17
419 3.3293e-17
420 3.72782e-17
421 4.17298e-17
422 4.67013e-17
423 5.2252e-17
424 5.84478e-17
425 6.5362e-17
426 7.30759e-17
427 8.16801e-17
428 9.12748e-17
429 1.01972e-16
430 1.13894e-16
431 1.2718e-16
432 1.41981e-16
433 1.58466e-16
434 1.76823e-16
435 1.9726e-16
436 2.20006e-16
437 2.45318e-16
438 2.73478e-16
439 3.048e-16
440 3.3963e-16
441 3.78354e-16
442 4.21396e-16
443 4.69228e-16
444 5.2237e-16
445 5.814e-16
446 6.46955e-16
447 7.19739e-16
448 8.00533e-16
449 8.90198e-16
450 9.89686e-16
451 1.10005e-15
452 1.22244e-15
453 1.35815e-15
454 1.5086e-15
455 1.67533e-15
456 1.86007e-15
457 2.06473e-15
458 2.29138e-15
459 2.54235e-15
460 2.82016e-15
461 3.12761e-15
462 3.46779e-15
463 3.84409e-15
464 4.26022e-15
465 4.72031e-15
466 5.22885e-15
467 5.7908e-15
468 6.41162e-15
469 7.09729e-15
470 7.85438e-15
471 8.6901e-15
472 9.61238e-15
473 1.06299e-14
474 1.17522e-14
475 1.29897e-14
476 1.43539e-14
477 1.58573e-14
478 1.75136e-14
479 1.9338e-14
480 2.13468e-14
481 2.35581e-14
482 2.59917e-14
483 2.86691e-14
484 3.16139e-14
485 3.48519e-14
486 3.84112e-14
487 4.23228e-14
488 4.66202e-14
489 5.13403e-14
490 5.6523e-14
491 6.22123e-14
492 6.8456e-14
493 7.53062e-14
494 8.28198e-14
495 9.10589e-14
496 1.00091e-13
497 1.09991e-13
498 1.20838e-13
499 1.3272e-13
500 1.45733e-13
501 1.59981e-13
502 1.75577e-13
503 1.92645e-13
504 2.1132e-13
505 2.31748e-13
506 2.54089e-13
507 2.78515e-13
508 3.05217e-13
509 3.34399e-13
510 3.66286e-13
511 4.01121e-13
512 4.39167e-13
513 4.80713e-13
514 5.26071e-13
515 5.75582e-13
516 6.29613e-13
517 6.88567e-13
518 7.52879e-13
519 8.23021e-13
520 8.99507e-13
521 9.82894e-13
522 1.07379e-12
523 1.17284e-12
524 1.28076e-12
525 1.39833e-12
526 1.52637e-12
527 1.66579e-12
528 1.81758e-12
529 1.98278e-12
530 2.16254e-12
531 2.35811e-12
532 2.57083e-12
533 2.80214e-12
534 3.05361e-12
535 3.32693e-12
536 3.62392e-12
537 3.94656e-12
538 4.29696e-12
539 4.67742e-12
540 5.09039e-12
541 5.53855e-12
542 6.02473e-12
543 6.55202e-12
544 7.12374e-12
545 7.74342e-12
546 8.4149e-12
547 9.14228e-12
548 9.92997e-12
549 1.07827e-11
550 1.17055e-11
551 1.27039e-11
552 1.37837e-11
553 1.4951e-11
554 1.62127e-11
555 1.75758e-11
556 1.90481e-11
557 2.06377e-11
558 2.23534e-11
559 2.42045e-11
560 2.6201e-11
561 2.83537e-11
562 3.0674e-11
563 3.3174e-11
564 3.58668e-11
565 3.87662e-11
566 4.18872e-11
567 4.52455e-11
568 4.8858e-11
569 5.27427e-11
570 5.69189e-11
571 6.14069e-11
572 6.62286e-11
573 7.14074e-11
574 7.69681e-11
575 8.29372e-11
576 8.93429e-11
577 9.62153e-11
578 1.03587e-10
579 1.11491e-10
580 1.19965e-10
581 1.29048e-10
582 1.38781e-10
583 1.49209e-10
584 1.60379e-10
585 1.72341e-10
586 1.8515e-10
587 1.98863e-10
588 2.1354e-10
589 2.29249e-10
590 2.46058e-10
591 2.64042e-10
592 2.83281e-10
593 3.03859e-10
594 3.25868e-10
595 3.49402e-10
596 3.74566e-10
597 4.0147e-10
598 4.3023e-10
599 4.6097e-10
600 4.93824e-10
601 5.28934e-10
602 5.6645e-10
603 6.06532e-10
604 6.4935e-10
605 6.95087e-10
606 7.43935e-10
607 7.96099e-10
608 8.51795e-10
609 9.11255e-10
610 9.74723e-10
611 1.04246e-09
612 1.11473e-09
613 1.19184e-09
614 1.27408e-09
615 1.36179e-09
616 1.45529e-09
617 1.55496e-09
618 1.66118e-09
619 1.77433e-09
620 1.89484e-09
621 2.02316e-09
622 2.15974e-09
623 2.30507e-09
624 2.45966e-09
625 2.62403e-09
626 2.79875e-09
627 2.98438e-09
628 3.18154e-09
629 3.39086e-09
630 3.61297e-09
631 3.84858e-09
632 4.09837e-09
633 4.36307e-09
634 4.64345e-09
635 4.94028e-09
636 5.25437e-09
637 5.58655e-09
638 5.93767e-09
639 6.30862e-09
640 6.70031e-09
641 7.11366e-09
642 7.54962e-09
643 8.00918e-09
644 8.49334e-09
645 9.00312e-09
646 9.53957e-09
647 1.01038e-08
648 1.06968e-08
649 1.13198e-08
650 1.19738e-08
651 1.26601e-08
652 1.33798e-08
653 1.41342e-08
654 1.49244e-08
655 1.57518e-08
656 1.66176e-08
657 1.75231e-08
658 1.84698e-08
659 1.94589e-08
660 2.04918e-08
661 2.15702e-08
662 2.26955e-08
663 2.38692e-08
664 2.5093e-08
665 2.63685e-08
666 2.76977e-08
667 2.90822e-08
668 3.05241e-08
669 3.20253e-08
670 3.35882e-08
671 3.52148e-08
672 3.69078e-08
673 3.86696e-08
674 4.0503e-08
675 4.24109e-08
676 4.43965e-08
677 4.64632e-08
678 4.86145e-08
679 5.08545e-08
680 5.31871e-08
681 5.56169e-08
682 5.81487e-08
683 6.07878e-08
684 6.35395e-08
685 6.641e-08
686 6.94055e-08
687 7.25331e-08
688 7.58e-08
689 7.92141e-08
690 8.27838e-08
691 8.65181e-08
692 9.04266e-08
693 9.45195e-08
694 9.88075e-08
695 1.03302e-07
696 1.08016e-07
697 1.12961e-07
698 1.18152e-07
699 1.23602e-07
700 1.29327e-07
701 1.35342e-07
702 1.41664e-07
703 1.4831e-07
704 1.55298e-07
705 1.62646e-07
706 1.70374e-07
707 1.78501e-07
708 1.87049e-07
709 1.96038e-07
710 2.05489e-07
711 2.15425e-07
712 2.25868e-07
713 2.36841e-07
714 2.48366e-07
715 2.60468e-07
716 2.73168e-07
717 2.86489e-07
718 3.00456e-07
719 3.15089e-07
720 3.30411e-07
721 3.46443e-07
722 3.63206e-07
723 3.80719e-07
724 3.99001e-07
725 4.18068e-07
726 4.37936e-07
727 4.58619e-07
728 4.80129e-07
729 5.02475e-07
730 5.25664e-07
731 5.49702e-07
732 5.74589e-07
733 6.00326e-07
734 6.26906e-07
735 6.54323e-07
736 6.82564e-07
737 7.11613e-07
738 7.41451e-07
739 7.72053e-07
740 8.0339e-07
741 8.35428e-07
742 8.68128e-07
743 9.01446e-07
744 9.35334e-07
745 9.69736e-07
746 1.00459e-06
747 1.03984e-06
748 1.0754e-06
749 1.1112e-06
750 1.14716e-06
751 1.18319e-06
752 1.21919e-06
753 1.25507e-06
754 1.29072e-06
755 1.32603e-06
756 1.36089e-06
757 1.39518e-06
758 1.42878e-06
759 1.46155e-06
760 1.49337e-06
761 1.52411e-06
762 1.55363e-06
763 1.58179e-06
764 1.60846e-06
765 1.63349e-06
766 1.65675e-06
767 1.67811e-06
768 1.69742e-06
769 1.71456e-06
770 1.72939e-06
771 1.74181e-06
772 1.75168e-06
773 1.7589e-06
774 1.76338e-06
775 1.76501e-06
776 1.76372e-06
777 1.75944e-06
778 1.75212e-06
779 1.74172e-06
780 1.72821e-06
781 1.71159e-06
782 1.69188e-06
783 1.6691e-06
784 1.64331e-06
785 1.61459e-06
786 1.58305e-06
787 1.54881e-06
788 1.51204e-06
789 1.47291e-06
790 1.43164e-06
791 1.38849e-06
792 1.34372e-06
793 1.29766e-06
794 1.25065e-06
795 1.20307e-06
796 1.15534e-06
797 1.10793e-06
798 1.06131e-06
799 1.01604e-06
800 9.72681e-07
801 9.31846e-07
802 8.94187e-07
803 8.60399e-07
804 8.31215e-07
805 8.07408e-07
806 7.89791e-07
807 7.79216e-07
808 7.76577e-07
809 7.82804e-07
810 7.98864e-07
811 8.25762e-07
812 8.64541e-07
813 9.16274e-07
814 9.82071e-07
815 1.06307e-06
816 1.16045e-06
817 1.2754e-06
818 1.40915e-06
819 1.56294e-06
820 1.73807e-06
821 1.9358e-06
822 2.15747e-06
823 2.40439e-06
824 2.6779e-06
825 2.97937e-06
826 3.31013e-06
827 3.67157e-06
828 4.06505e-06
829 4.49193e-06
830 4.95358e-06
831 5.45137e-06
832 5.98665e-06
833 6.56075e-06
834 7.17502e-06
835 7.83077e-06
836 8.52929e-06
837 9.27186e-06
838 1.00597e-05
839 1.08942e-05
840 1.17764e-05
841 1.27075e-05
842 1.36887e-05
843 1.47211e-05
844 1.58059e-05
845 1.6944e-05
846 1.81365e-05
847 1.93845e-05
848 2.06888e-05
849 2.20504e-05
850 2.34702e-05
851 2.49492e-05
852 2.64881e-05
853 2.80878e-05
854 2.97491e-05
855 3.14728e-05
856 3.32597e-05
857 3.51105e-05
858 3.70259e-05
859 3.90067e-05
860 4.10537e-05
861 4.31675e-05
862 4.5349e-05
863 4.75989e-05
864 4.9918e-05
865 5.23071e-05
866 5.47671e-05
867 5.72989e-05
868 5.99034e-05
869 6.25817e-05
870 6.53349e-05
871 6.8164e-05
872 7.10704e-05
873 7.40555e-05
874 7.71205e-05
875 8.02673e-05
876 8.34973e-05
877 8.68126e-05
878 9.0215e-05
879 9.37067e-05
880 9.72901e-05
881 0.000100968
882 0.000104742
883 0.000108617
884 0.000112594
885 0.000116678
886 0.000120871
887 0.000125179
888 0.000129604
889 0.000134152
890 0.000138828
891 0.000143635
892 0.000148581
893 0.000153669
894 0.000158907
895 0.000164301
896 0.000169858
897 0.000175584
898 0.000181488
899 0.000187577
900 0.00019386
901 0.000200345
902 0.000207043
903 0.000213961
904 0.000221111
905 0.000228503
906 0.000236148
907 0.000244058
908 0.000252245
909 0.000260721
910 0.000269499
911 0.000278593
912 0.000288016
913 0.000297784
914 0.000307911
915 0.000318412
916 0.000329305
917 0.000340604
918 0.000352329
919 0.000364495
920 0.000377122
921 0.000390228
922 0.000403831
923 0.000417953
924 0.000432613
925 0.000447831
926 0.00046363
927 0.000480031
928 0.000497056
929 0.000514727
930 0.000533069
931 0.000552104
932 0.000571858
933 0.000592354
934 0.000613618
935 0.000635675
936 0.000658551
937 0.000682273
938 0.000706868
939 0.000732362
940 0.000758783
941 0.000786159
942 0.000814518
943 0.000843889
944 0.000874302
945 0.000905784
946 0.000938365
947 0.000972076
948 0.00100695
949 0.00104301
950 0.00108029
951 0.00111881
952 0.00115863
953 0.00119975
954 0.00124221
955 0.00128605
956 0.0013313
957 0.00137798
958 0.00142613
959 0.00147578
960 0.00152696
961 0.00157969
962 0.00163403
963 0.00168998
964 0.00174758
965 0.00180687
966 0.00186788
967 0.00193063
968 0.00199515
969 0.00206147
970 0.00212963
971 0.00219964
972 0.00227155
973 0.00234537
974 0.00242114
975 0.00249888
976 0.00257861
977 0.00266037
978 0.00274417
979 0.00283005
980 0.00291802
981 0.00300811
982 0.00310034
983 0.00319473
984 0.0032913
985 0.00339008
986 0.00349107
987 0.00359431
988 0.00369979
989 0.00380755
990 0.00391759
991 0.00402993
992 0.00414457
993 0.00426154
994 0.00438084
995 0.00450247
996 0.00462645
997 0.00475278
998 0.00488147
999 0.00501251
1000 0.00514592
1001 0.00528168
1002 0.00541979
1003 0.00556027
1004 0.00570308
1005 0.00584825
1006 0.00599574
1007 0.00614556
1008 0.00629768
1009 0.00645211
1010 0.00660882
1011 0.00676779
1012 0.006929
1013 0.00709244
1014 0.00725809
1015 0.0074259
1016 0.00759587
1017 0.00776795
1018 0.00794212
1019 0.00811835
1020 0.0082966
1021 0.00847683
1022 0.008659
1023 0.00884307
1024 0.00902901
1025 0.00921675
1026 0.00940626
1027 0.00959748
1028 0.00979037
1029 0.00998487
1030 0.0101809
1031 0.0103785
1032 0.0105774
1033 0.0107778
1034 0.0109794
1035 0.0111823
1036 0.0113864
1037 0.0115915
1038 0.0117977
1039 0.0120049
1040 0.0122129
1041 0.0124217
1042 0.0126313
1043 0.0128414
1044 0.0130521
1045 0.0132633
1046 0.0134749
1047 0.0136867
1048 0.0138988
1049 0.014111
1050 0.0143231
1051 0.0145352
1052 0.0147471
1053 0.0149588
1054 0.01517
1055 0.0153808
1056 0.015591
1057 0.0158005
1058 0.0160093
1059 0.0162171
1060 0.016424
1061 0.0166297
1062 0.0168343
1063 0.0170375
1064 0.0172394
1065 0.0174397
1066 0.0176383
1067 0.0178353
1068 0.0180303
1069 0.0182235
1070 0.0184145
1071 0.0186034
1072 0.01879
1073 0.0189742
1074 0.0191559
1075 0.019335
1076 0.0195114
1077 0.019685
1078 0.0198557
1079 0.0200233
1080 0.0201879
1081 0.0203492
1082 0.0205072
1083 0.0206618
1084 0.0208128
1085 0.0209603
1086 0.0211041
1087 0.021244
1088 0.0213801
1089 0.0215122
1090 0.0216403
1091 0.0217642
1092 0.021884
1093 0.0219994
1094 0.0221104
1095 0.022217
1096 0.0223191
1097 0.0224167
1098 0.0225095
1099 0.0225977
1100 0.0226811
1101 0.0227597
1102 0.0228334
1103 0.0229021
1104 0.0229659
1105 0.0230247
1106 0.0230784
1107 0.023127
1108 0.0231705
1109 0.0232088
1110 0.0232419
1111 0.0232698
1112 0.0232925
1113 0.02331
1114 0.0233221
1115 0.023329
1116 0.0233307
1117 0.023327
1118 0.0233181
1119 0.0233038
1120 0.0232844
1121 0.0232596
1122 0.0232296
1123 0.0231944
1124 0.023154
1125 0.0231085
1126 0.0230578
1127 0.023002
1128 0.0229411
1129 0.0228751
1130 0.0228042
1131 0.0227284
1132 0.0226476
1133 0.022562
1134 0.0224717
1135 0.0223765
1136 0.0222768
1137 0.0221724
1138 0.0220635
1139 0.0219502
1140 0.0218324
1141 0.0217104
1142 0.0215841
1143 0.0214536
1144 0.0213191
1145 0.0211806
1146 0.0210382
1147 0.020892
1148 0.0207421
1149 0.0205886
1150 0.0204316
1151 0.0202711
1152 0.0201073
1153 0.0199403
1154 0.0197701
1155 0.0195969
1156 0.0194208
1157 0.0192419
1158 0.0190603
1159 0.0188761
1160 0.0186894
1161 0.0185003
1162 0.0183089
1163 0.0181154
1164 0.0179199
1165 0.0177223
1166 0.017523
1167 0.0173219
1168 0.0171193
1169 0.0169151
1170 0.0167095
1171 0.0165027
1172 0.0162947
1173 0.0160856
1174 0.0158756
1175 0.0156647
1176 0.0154531
1177 0.0152408
1178 0.0150281
1179 0.0148149
1180 0.0146013
1181 0.0143876
1182 0.0141737
1183 0.0139598
1184 0.013746
1185 0.0135324
1186 0.013319
1187 0.013106
1188 0.0128934
1189 0.0126813
1190 0.0124699
1191 0.0122592
1192 0.0120493
1193 0.0118403
1194 0.0116322
1195 0.0114251
1196 0.0112192
1197 0.0110144
1198 0.0108109
1199 0.0106087
1200 0.0104078
1201 0.0102085
1202 0.0100106
1203 0.00981436
1204 0.00961972
1205 0.00942676
1206 0.00923555
1207 0.00904613
1208 0.00885856
1209 0.00867287
1210 0.00848912
1211 0.00830734
1212 0.00812758
1213 0.00794988
1214 0.00777427
1215 0.00760078
1216 0.00742944
1217 0.00726029
1218 0.00709335
1219 0.00692865
1220 0.00676621
1221 0.00660604
1222 0.00644818
1223 0.00629263
1224 0.00613942
1225 0.00598854
1226 0.00584002
1227 0.00569387
1228 0.00555008
1229 0.00540867
1230 0.00526965
1231 0.005133
1232 0.00499874
1233 0.00486686
1234 0.00473736
1235 0.00461023
1236 0.00448547
1237 0.00436308
1238 0.00424304
1239 0.00412534
1240 0.00400997
1241 0.00389692
1242 0.00378618
1243 0.00367773
1244 0.00357155
1245 0.00346763
1246 0.00336595
1247 0.00326649
1248 0.00316923
1249 0.00307415
1250 0.00298122
1251 0.00289043
1252 0.00280175
1253 0.00271516
1254 0.00263063
1255 0.00254813
1256 0.00246765
1257 0.00238915
1258 0.00231261
1259 0.00223799
1260 0.00216528
1261 0.00209444
1262 0.00202544
1263 0.00195826
1264 0.00189286
1265 0.00182922
1266 0.00176731
1267 0.00170709
1268 0.00164854
1269 0.00159162
1270 0.00153631
1271 0.00148257
1272 0.00143038
1273 0.00137971
1274 0.00133051
1275 0.00128277
1276 0.00123646
1277 0.00119154
1278 0.00114798
1279 0.00110575
1280 0.00106483
1281 0.00102518
1282 0.000986779
1283 0.000949593
1284 0.000913595
1285 0.000878756
1286 0.000845047
1287 0.000812442
1288 0.000780911
1289 0.000750429
1290 0.000720969
1291 0.000692502
1292 0.000665005
1293 0.00063845
1294 0.000612812
1295 0.000588066
1296 0.000564188
1297 0.000541153
1298 0.000518937
1299 0.000497517
1300 0.00047687
1301 0.000456973
1302 0.000437804
1303 0.000419341
1304 0.000401564
1305 0.00038445
1306 0.00036798
1307 0.000352133
1308 0.00033689
1309 0.000322232
1310 0.00030814
1311 0.000294596
1312 0.000281582
1313 0.000269079
1314 0.000257072
1315 0.000245544
1316 0.000234478
1317 0.000223859
1318 0.000213671
1319 0.000203899
1320 0.000194529
1321 0.000185546
1322 0.000176937
1323 0.000168688
1324 0.000160787
1325 0.00015322
1326 0.000145975
1327 0.00013904
1328 0.000132404
1329 0.000126056
1330 0.000119984
1331 0.000114178
1332 0.000108628
1333 0.000103323
1334 9.82548e-05
1335 9.34134e-05
1336 8.879e-05
1337 8.43758e-05
1338 8.01624e-05
1339 7.61417e-05
1340 7.23059e-05
1341 6.86474e-05
1342 6.51588e-05
1343 6.18332e-05
1344 5.86636e-05
1345 5.56436e-05
1346 5.27668e-05
1347 5.00271e-05
1348 4.74186e-05
1349 4.49357e-05
1350 4.25728e-05
1351 4.03248e-05
1352 3.81867e-05
1353 3.61535e-05
1354 3.42206e-05
1355 3.23835e-05
1356 3.06378e-05
1357 2.89795e-05
1358 2.74046e-05
1359 2.59093e-05
1360 2.44898e-05
1361 2.31427e-05
1362 2.18646e-05
1363 2.06522e-05
1364 1.95026e-05
1365 1.84126e-05
1366 1.73795e-05
1367 1.64005e-05
1368 1.54731e-05
1369 1.45947e-05
1370 1.37629e-05
1371 1.29756e-05
1372 1.22304e-05
1373 1.15253e-05
1374 1.08583e-05
1375 1.02275e-05
1376 9.63117e-06
1377 9.06745e-06
1378 8.53472e-06
1379 8.03142e-06
1380 7.55603e-06
1381 7.10712e-06
1382 6.68332e-06
1383 6.28331e-06
1384 5.90587e-06
1385 5.54981e-06
1386 5.21399e-06
1387 4.89734e-06
1388 4.59885e-06
1389 4.31755e-06
1390 4.0525e-06
1391 3.80284e-06
1392 3.56772e-06
1393 3.34636e-06
1394 3.138e-06
1395 2.94193e-06
1396 2.75746e-06
1397 2.58396e-06
1398 2.4208e-06
1399 2.26742e-06
1400 2.12327e-06
1401 1.98781e-06
1402 1.86056e-06
1403 1.74106e-06
1404 1.62884e-06
1405 1.52351e-06
1406 1.42465e-06
1407 1.3319e-06
1408 1.2449e-06
1409 1.16331e-06
1410 1.08681e-06
1411 1.01511e-06
1412 9.47921e-07
1413 8.84971e-07
1414 8.26009e-07
1415 7.70796e-07
1416 7.19107e-07
1417 6.70728e-07
1418 6.25459e-07
1419 5.83109e-07
1420 5.43501e-07
1421 5.06466e-07
1422 4.71845e-07
1423 4.39488e-07
1424 4.09256e-07
1425 3.81014e-07
1426 3.5464e-07
1427 3.30014e-07
1428 3.07027e-07
1429 2.85575e-07
1430 2.65561e-07
1431 2.46892e-07
1432 2.29482e-07
1433 2.1325e-07
1434 1.98121e-07
1435 1.84022e-07
1436 1.70887e-07
1437 1.58653e-07
1438 1.47261e-07
1439 1.36655e-07
1440 1.26783e-07
1441 1.17597e-07
1442 1.09052e-07
1443 1.01104e-07
1444 9.37136e-08
1445 8.68433e-08
1446 8.0458e-08
1447 7.45249e-08
1448 6.90134e-08
1449 6.38946e-08
1450 5.91418e-08
1451 5.47298e-08
1452 5.06352e-08
1453 4.68361e-08
1454 4.3312e-08
1455 4.00437e-08
1456 3.70135e-08
1457 3.42047e-08
1458 3.16016e-08
1459 2.91899e-08
1460 2.6956e-08
1461 2.48873e-08
1462 2.2972e-08
1463 2.11991e-08
1464 1.95586e-08
1465 1.80408e-08
1466 1.66369e-08
1467 1.53387e-08
1468 1.41385e-08
1469 1.30292e-08
1470 1.20042e-08
1471 1.10572e-08
1472 1.01826e-08
1473 9.37494e-09
1474 8.62936e-09
1475 7.94123e-09
1476 7.30628e-09
1477 6.72053e-09
1478 6.18031e-09
1479 5.68219e-09
1480 5.22301e-09
1481 4.79982e-09
1482 4.40989e-09
1483 4.0507e-09
1484 3.71991e-09
1485 3.41533e-09
1486 3.13497e-09
1487 2.87695e-09
1488 2.63955e-09
1489 2.42119e-09
1490 2.22037e-09
1491 2.03574e-09
1492 1.86603e-09
1493 1.71007e-09
1494 1.56678e-09
1495 1.43516e-09
1496 1.3143e-09
1497 1.20334e-09
1498 1.10149e-09
1499 1.00803e-09
1500 9.22283e-10
1501 8.43636e-10
1502 7.71518e-10
1503 7.05401e-10
1504 6.44801e-10
1505 5.89272e-10
1506 5.384e-10
1507 4.91806e-10
1508 4.49141e-10
1509 4.10082e-10
1510 3.74334e-10
1511 3.41623e-10
1512 3.11698e-10
1513 2.84329e-10
1514 2.59304e-10
1515 2.36426e-10
1516 2.15518e-10
1517 1.96413e-10
1518 1.7896e-10
1519 1.63021e-10
1520 1.48467e-10
1521 1.35181e-10
1522 1.23055e-10
1523 1.11992e-10
1524 1.01899e-10
1525 9.26952e-11
1526 8.43029e-11
1527 7.66527e-11
1528 6.96806e-11
1529 6.33282e-11
1530 5.75415e-11
1531 5.22716e-11
1532 4.74733e-11
1533 4.31056e-11
1534 3.91307e-11
1535 3.55141e-11
1536 3.22243e-11
1537 2.92326e-11
1538 2.65124e-11
1539 2.40399e-11
1540 2.17929e-11
1541 1.97513e-11
1542 1.78969e-11
1543 1.62128e-11
1544 1.46839e-11
1545 1.3296e-11
1546 1.20365e-11
1547 1.08939e-11
1548 9.85737e-12
1549 8.91745e-12
1550 8.06529e-12
1551 7.29287e-12
1552 6.59291e-12
1553 5.95875e-12
1554 5.38435e-12
1555 4.86419e-12
1556 4.39327e-12
1557 3.96703e-12
1558 3.58131e-12
1559 3.23235e-12
1560 2.91672e-12
1561 2.6313e-12
1562 2.37326e-12
1563 2.14004e-12
1564 1.92928e-12
1565 1.73889e-12
1566 1.56692e-12
1567 1.41163e-12
1568 1.27144e-12
1569 1.14491e-12
1570 1.03073e-12
1571 9.27722e-13
1572 8.34819e-13
1573 7.51045e-13
1574 6.75523e-13
1575 6.07455e-13
1576 5.4612e-13
1577 4.90865e-13
1578 4.41099e-13
1579 3.96287e-13
1580 3.55946e-13
1581 3.19638e-13
1582 2.86968e-13
1583 2.57577e-13
1584 2.31144e-13
1585 2.07375e-13
1586 1.86008e-13
1587 1.66804e-13
1588 1.49549e-13
1589 1.34047e-13
1590 1.20125e-13
1591 1.07624e-13
1592 9.6402e-14
1593 8.63301e-14
1594 7.72928e-14
1595 6.91857e-14
1596 6.19146e-14
1597 5.5395e-14
1598 4.95505e-14
1599 4.43125e-14
1600 3.96191e-14
1601 3.54146e-14
1602 3.16491e-14
1603 2.82774e-14
1604 2.52592e-14
1605 2.25579e-14
1606 2.01409e-14
1607 1.79787e-14
1608 1.60449e-14
1609 1.43159e-14
1610 1.27702e-14
1611 1.13888e-14
1612 1.01545e-14
1613 9.0519e-15
1614 8.06716e-15
1615 7.18789e-15
1616 6.40299e-15
1617 5.70249e-15
1618 5.07745e-15
1619 4.51988e-15
1620 4.02262e-15
1621 3.57924e-15
1622 3.184e-15
1623 2.83175e-15
1624 2.51789e-15
1625 2.2383e-15
1626 1.9893e-15
1627 1.7676e-15
1628 1.57024e-15
1629 1.3946e-15
1630 1.23832e-15
1631 1.0993e-15
1632 9.75658e-16
1633 8.65726e-16
1634 7.68005e-16
1635 6.81157e-16
1636 6.03992e-16
1637 5.35445e-16
1638 4.74569e-16
1639 4.20517e-16
1640 3.72536e-16
1641 3.29953e-16
1642 2.92171e-16
1643 2.58656e-16
1644 2.28933e-16
1645 2.02579e-16
1646 1.79218e-16
1647 1.58514e-16
1648 1.4017e-16
1649 1.2392e-16
1650 1.09529e-16
1651 9.6787e-17
1652 8.55077e-17
1653 7.55256e-17
1654 6.66935e-17
1655 5.88807e-17
1656 5.19713e-17
1657 4.58621e-17
1658 4.04618e-17
1659 3.56892e-17
1660 3.14723e-17
1661 2.77473e-17
1662 2.44576e-17
1663 2.1553e-17
1664 1.8989e-17
1665 1.67262e-17
1666 1.47296e-17
1667 1.29684e-17
1668 1.14152e-17
1669 1.00457e-17
1670 8.83848e-18
1671 7.77455e-18
1672 6.83713e-18
1673 6.01135e-18
1674 5.2841e-18
1675 4.64377e-18
1676 4.0801e-18
1677 3.58403e-18
1678 3.14755e-18
1679 2.76359e-18
1680 2.42592e-18
1681 2.12901e-18
1682 1.86802e-18
1683 1.63864e-18
1684 1.4371e-18
1685 1.26006e-18
1686 1.10458e-18
1687 9.68055e-19
1688 8.48213e-19
1689 7.43037e-19
1690 6.50753e-19
1691 5.69799e-19
1692 4.98802e-19
1693 4.36551e-19
1694 3.81981e-19
1695 3.34156e-19
1696 2.92252e-19
1697 2.55544e-19
1698 2.23395e-19
1699 1.95246e-19
1700 1.70605e-19
1701 1.4904e-19
1702 1.3017e-19
1703 1.13664e-19
1704 9.92275e-20
1705 8.66051e-20
1706 7.55709e-20
1707 6.59275e-20
1708 5.75015e-20
1709 5.01408e-20
1710 4.37124e-20
1711 3.80994e-20
1712 3.31996e-20
1713 2.89232e-20
1714 2.5192e-20
1715 2.1937e-20
1716 1.90982e-20
1717 1.6623e-20
1718 1.44653e-20
1719 1.25848e-20
1720 1.09462e-20
1721 9.51879e-21
1722 8.27563e-21
1723 7.19318e-21
1724 6.25089e-21
1725 5.43079e-21
1726 4.7172e-21
1727 4.09644e-21
1728 3.55656e-21
1729 3.08712e-21
1730 2.67903e-21
1731 2.32436e-21
1732 2.01617e-21
1733 1.74845e-21
1734 1.51594e-21
1735 1.31404e-21
1736 1.13877e-21
1737 9.86652e-22
1738 8.54659e-22
1739 7.40155e-22
1740 6.40845e-22
1741 5.54732e-22
1742 4.80081e-22
1743 4.15381e-22
1744 3.59318e-22
1745 3.10751e-22
1746 2.68686e-22
1747 2.32262e-22
1748 2.00731e-22
1749 1.7344e-22
1750 1.49825e-22
1751 1.29396e-22
1752 1.11726e-22
1753 9.64477e-23
1754 8.32394e-23
1755 7.18235e-23
1756 6.1959e-23
1757 5.34371e-23
1758 4.60767e-23
1759 3.9721e-23
1760 3.42342e-23
1761 2.94985e-23
1762 2.5412e-23
1763 2.18867e-23
1764 1.88461e-23
1765 1.62242e-23
1766 1.39638e-23
1767 1.20156e-23
1768 1.03369e-23
1769 8.8906e-24
1770 7.64494e-24
1771 6.57231e-24
1772 5.64887e-24
1773 4.85407e-24
1774 4.17014e-24
1775 3.58176e-24
1776 3.07569e-24
1777 2.64051e-24
1778 2.26639e-24
1779 1.94483e-24
1780 1.66851e-24
1781 1.43112e-24
1782 1.22723e-24
1783 1.05214e-24
1784 9.01828e-25
1785 7.72812e-25
1786 6.62101e-25
1787 5.6712e-25
1788 4.85654e-25
1789 4.15795e-25
1790 3.55903e-25
1791 3.04568e-25
1792 2.60578e-25
1793 2.22891e-25
1794 1.90611e-25
1795 1.62968e-25
1796 1.39302e-25
1797 1.19046e-25
1798 1.01712e-25
1799 8.68817e-26
1800 7.4197e-26
1801 6.33497e-26
1802 5.40759e-26
1803 4.6149e-26
1804 3.93752e-26
1805 3.35879e-26
1806 2.86446e-26
1807 2.44233e-26
1808 2.08193e-26
1809 1.7743e-26
1810 1.51178e-26
1811 1.28781e-26
1812 1.09677e-26
1813 9.33854e-27
1814 7.94955e-27
1815 6.7656e-27
1816 5.75666e-27
1817 4.89706e-27
1818 4.16485e-27
1819 3.54132e-27
1820 3.01044e-27
1821 2.55856e-27
1822 2.17401e-27
1823 1.84683e-27
1824 1.56853e-27
1825 1.33186e-27
1826 1.13065e-27
1827 9.59606e-28
1828 8.14254e-28
1829 6.90759e-28
1830 5.8586e-28
1831 4.96777e-28
1832 4.21142e-28
1833 3.56941e-28
1834 3.02458e-28
1835 2.56231e-28
1836 2.1702e-28
1837 1.83768e-28
1838 1.55574e-28
1839 1.31676e-28
1840 1.11423e-28
1841 9.42637e-29
1842 7.97285e-29
1843 6.74191e-29
1844 5.69971e-29
1845 4.81751e-29
1846 4.07093e-29
1847 3.43925e-29
1848 2.90492e-29
1849 2.45304e-29
1850 2.07098e-29
1851 1.74802e-29
1852 1.47509e-29
1853 1.24449e-29
1854 1.04969e-29
1855 8.85187e-30
1856 7.4629e-30
1857 6.29043e-30
1858 5.30095e-30
1859 4.46608e-30
1860 3.76184e-30
1861 3.16792e-30
1862 2.66715e-30
1863 2.24503e-30
1864 1.88928e-30
1865 1.58954e-30
1866 1.33704e-30
1867 1.1244e-30
1868 9.45353e-31
1869 7.94637e-31
1870 6.67796e-31
1871 5.61072e-31
1872 4.71296e-31
1873 3.95794e-31
1874 3.3231e-31
1875 2.78945e-31
1876 2.34096e-31
1877 1.96412e-31
1878 1.64757e-31
1879 1.38171e-31
1880 1.15849e-31
1881 9.71108e-32
1882 8.13845e-32
1883 6.81892e-32
1884 5.71202e-32
1885 4.78369e-32
1886 4.00532e-32
1887 3.35282e-32
1888 2.80597e-32
1889 2.34777e-32
1890 1.96394e-32
1891 1.64248e-32
1892 1.37332e-32
1893 1.148e-32
1894 9.59433e-33
1895 8.01651e-33
1896 6.69663e-33
1897 5.59276e-33
1898 4.66977e-33
1899 3.89821e-33
1900 3.25338e-33
1901 2.71459e-33
1902 2.2645e-33
1903 1.8886e-33
1904 1.57474e-33
1905 1.31273e-33
1906 1.09406e-33
1907 9.1161e-34
1908 7.59409e-34
1909 6.32473e-34
1910 5.26632e-34
1911 4.38403e-34
1912 3.6487e-34
1913 3.03601e-34
1914 2.52562e-34
1915 2.10054e-34
1916 1.74661e-34
1917 1.45198e-34
1918 1.20676e-34
1919 1.00273e-34
1920 8.33006e-35
1921 6.91847e-35
1922 5.74476e-35
1923 4.76906e-35
1924 3.95817e-35
1925 3.28439e-35
1926 2.72468e-35
1927 2.25982e-35
1928 1.87385e-35
1929 1.55343e-35
1930 1.28751e-35
1931 1.06686e-35
1932 8.83824e-36
1933 7.32018e-36
1934 6.06147e-36
1935 5.01804e-36
1936 4.15325e-36
1937 3.4367e-36
1938 2.84312e-36
1939 2.35152e-36
1940 1.94446e-36
1941 1.6075e-36
1942 1.32862e-36
1943 1.09787e-36
1944 9.06983e-37
1945 7.49111e-37
1946 6.18575e-37
1947 5.10667e-37
1948 4.21486e-37
1949 3.47798e-37
1950 2.86925e-37
1951 2.36652e-37
1952 1.95142e-37
1953 1.60876e-37
1954 1.32595e-37
1955 1.09261e-37
1956 9.00122e-38
1957 7.41371e-38
1958 6.10476e-38
1959 5.02575e-38
1960 4.1365e-38
1961 3.40379e-38
1962 2.80021e-38
1963 2.30312e-38
1964 1.89384e-38
1965 1.55693e-38
1966 1.27965e-38
1967 1.05151e-38
1968 8.63846e-39
1969 7.09506e-39
1970 5.82605e-39
1971 4.7829e-39
1972 3.92562e-39
1973 3.22124e-39
1974 2.64263e-39
1975 2.16745e-39
1976 1.77729e-39
1977 1.45703e-39
1978 1.1942e-39
1979 9.78553e-40
1980 8.0166e-40
1981 6.56591e-40
1982 5.37649e-40
1983 4.40149e-40
1984 3.60247e-40
1985 2.94781e-40
1986 2.41156e-40
1987 1.97239e-40
1988 1.61283e-40
1989 1.31851e-40
1990 1.07764e-40
1991 8.80572e-41
1992 7.19372e-41
1993 5.87545e-41
1994 4.79764e-41
1995 3.91662e-41
1996 3.19664e-41
1997 2.6084e-41
1998 2.12791e-41
1999 1.73553e-41
2000 1.41516e-41
2001 1.15367e-41
2002 9.40269e-42
2003 7.66165e-42
2004 6.24151e-42
2005 5.08341e-42
2006 4.13922e-42
2007 3.36961e-42
2008 2.74244e-42
2009 2.23149e-42
2010 1.8153e-42
2011 1.47638e-42
2012 1.20046e-42
2013 9.75871e-43
2014 7.93111e-43
2015 6.44425e-43
2016 5.2349e-43
2017 4.25148e-43
2018 3.45196e-43
2019 2.80213e-43
2020 2.27409e-43
2021 1.8451e-43
2022 1.49667e-43
2023 1.21374e-43
2024 9.84046e-44
2025 7.97624e-44
2026 6.46353e-44
2027 5.23636e-44
2028 4.24107e-44
2029 3.43405e-44
2030 2.77983e-44
2031 2.24962e-44
2032 1.82003e-44
2033 1.47205e-44
2034 1.19025e-44
2035 9.62109e-45
2036 7.77479e-45
2037 6.28113e-45
2038 5.07327e-45
2039 4.09705e-45
2040 3.30861e-45
2041 2.67243e-45
2042 2.15978e-45
2043 1.74746e-45
2044 1.41677e-45
2045 1.15267e-45
2046 9.43118e-46
2047 7.78535e-46
