0 2.55017e-80
1 2.57695e-80
2 2.8183e-80
3 3.30652e-80
4 4.10729e-80
5 5.32834e-80
6 7.13375e-80
7 9.76573e-80
8 1.35767e-79
9 1.90756e-79
10 2.69954e-79
11 3.8389e-79
12 5.47679e-79
13 7.82992e-79
14 1.1209e-78
15 1.60589e-78
16 2.3017e-78
17 3.29953e-78
18 4.72986e-78
19 6.77929e-78
20 9.71455e-78
21 1.39168e-77
22 1.99303e-77
23 2.85322e-77
24 4.08316e-77
25 5.84102e-77
26 8.35238e-77
27 1.19387e-76
28 1.7058e-76
29 2.43624e-76
30 3.47803e-76
31 4.96327e-76
32 7.07982e-76
33 1.00948e-75
34 1.43876e-75
35 2.04976e-75
36 2.919e-75
37 4.15513e-75
38 5.91227e-75
39 8.40898e-75
40 1.1955e-74
41 1.69893e-74
42 2.41336e-74
43 3.42677e-74
44 4.86371e-74
45 6.9003e-74
46 9.7856e-74
47 1.38716e-73
48 1.96554e-73
49 2.78392e-73
50 3.94139e-73
51 5.57778e-73
52 7.89026e-73
53 1.11568e-72
54 1.57691e-72
55 2.22788e-72
56 3.14626e-72
57 4.44135e-72
58 6.26693e-72
59 8.83918e-72
60 1.2462e-71
61 1.75623e-71
62 2.47396e-71
63 3.48355e-71
64 4.90308e-71
65 6.89818e-71
66 9.70102e-71
67 1.3637e-70
68 1.91618e-70
69 2.69137e-70
70 3.77857e-70
71 5.30272e-70
72 7.43854e-70
73 1.04303e-69
74 1.4619e-69
75 2.04815e-69
76 2.86827e-69
77 4.0151e-69
78 5.61811e-69
79 7.85782e-69
80 1.09858e-68
81 1.53524e-68
82 2.14456e-68
83 2.99446e-68
84 4.17942e-68
85 5.83083e-68
86 8.13133e-68
87 1.13347e-67
88 1.57934e-67
89 2.19967e-67
90 3.06236e-67
91 4.26159e-67
92 5.92794e-67
93 8.24239e-67
94 1.14556e-66
95 1.59148e-66
96 2.21004e-66
97 3.06772e-66
98 4.25645e-66
99 5.90331e-66
100 8.1839e-66
101 1.13407e-65
102 1.57086e-65
103 2.17497e-65
104 3.01011e-65
105 4.16416e-65
106 5.75824e-65
107 7.95917e-65
108 1.09967e-64
109 1.5187e-64
110 2.09651e-64
111 2.89293e-64
112 3.99021e-64
113 5.50134e-64
114 7.58154e-64
115 1.04439e-63
116 1.43807e-63
117 1.97932e-63
118 2.72313e-63
119 3.74484e-63
120 5.14773e-63
121 7.07314e-63
122 9.71459e-63
123 1.33368e-62
124 1.83018e-62
125 2.51045e-62
126 3.4421e-62
127 4.71749e-62
128 6.46269e-62
129 8.84974e-62
130 1.21133e-61
131 1.65733e-61
132 2.26658e-61
133 3.09846e-61
134 4.23386e-61
135 5.78284e-61
136 7.89516e-61
137 1.07744e-60
138 1.46975e-60
139 2.00403e-60
140 2.73137e-60
141 3.7211e-60
142 5.06729e-60
143 6.89754e-60
144 9.38483e-60
145 1.27636e-59
146 1.73513e-59
147 2.3578e-59
148 3.20253e-59
149 4.34805e-59
150 5.90078e-59
151 8.00455e-59
152 1.08537e-58
153 1.47107e-58
154 1.99297e-58
155 2.69887e-58
156 3.65322e-58
157 4.94292e-58
158 6.68503e-58
159 9.03725e-58
160 1.22119e-57
161 1.64946e-57
162 2.22696e-57
163 3.00535e-57
164 4.05408e-57
165 5.46639e-57
166 7.36753e-57
167 9.92557e-57
168 1.3366e-56
169 1.79911e-56
170 2.42063e-56
171 3.25545e-56
172 4.37627e-56
173 5.88044e-56
174 7.89818e-56
175 1.06037e-55
176 1.42297e-55
177 1.90875e-55
178 2.55925e-55
179 3.42995e-55
180 4.59487e-55
181 6.15277e-55
182 8.2353e-55
183 1.10179e-54
184 1.47343e-54
185 1.96956e-54
186 2.63161e-54
187 3.51467e-54
188 4.692e-54
189 6.26097e-54
190 8.35094e-54
191 1.11337e-53
192 1.48373e-53
193 1.97642e-53
194 2.63156e-53
195 3.50234e-53
196 4.65922e-53
197 6.19551e-53
198 8.23476e-53
199 1.09404e-52
200 1.45287e-52
201 1.92854e-52
202 2.55883e-52
203 3.39361e-52
204 4.49875e-52
205 5.96116e-52
206 7.89548e-52
207 1.04529e-51
208 1.38325e-51
209 1.82967e-51
210 2.41911e-51
211 3.19703e-51
212 4.22324e-51
213 5.57638e-51
214 7.35983e-51
215 9.70937e-51
216 1.28033e-50
217 1.68757e-50
218 2.22335e-50
219 2.92793e-50
220 3.85409e-50
221 5.07097e-50
222 6.66909e-50
223 8.76697e-50
224 1.15196e-49
225 1.51299e-49
226 1.98628e-49
227 2.60645e-49
228 3.41874e-49
229 4.48218e-49
230 5.87379e-49
231 7.69404e-49
232 1.00739e-48
233 1.31839e-48
234 1.72463e-48
235 2.25505e-48
236 2.94728e-48
237 3.85027e-48
238 5.02767e-48
239 6.56217e-48
240 8.56118e-48
241 1.11641e-47
242 1.45519e-47
243 1.89592e-47
244 2.46903e-47
245 3.21392e-47
246 4.18167e-47
247 5.43836e-47
248 7.06952e-47
249 9.18579e-47
250 1.19302e-46
251 1.54875e-46
252 2.00964e-46
253 2.60651e-46
254 3.37912e-46
255 4.37877e-46
256 5.67156e-46
257 7.34271e-46
258 9.50196e-46
259 1.22906e-45
260 1.58904e-45
261 2.05352e-45
262 2.65256e-45
263 3.42479e-45
264 4.41983e-45
265 5.70136e-45
266 7.35111e-45
267 9.47391e-45
268 1.22041e-44
269 1.5714e-44
270 2.0224e-44
271 2.60165e-44
272 3.34527e-44
273 4.29948e-44
274 5.52332e-44
275 7.09227e-44
276 9.10271e-44
277 1.16777e-43
278 1.49742e-43
279 1.91924e-43
280 2.45876e-43
281 3.14849e-43
282 4.02984e-43
283 5.15553e-43
284 6.59263e-43
285 8.42642e-43
286 1.07653e-42
287 1.37471e-42
288 1.75465e-42
289 2.23858e-42
290 2.85464e-42
291 3.63857e-42
292 4.63561e-42
293 5.90314e-42
294 7.51375e-42
295 9.55935e-42
296 1.21562e-41
297 1.54514e-41
298 1.96306e-41
299 2.49286e-41
300 3.16416e-41
301 4.01438e-41
302 5.09068e-41
303 6.45254e-41
304 8.1749e-41
305 1.03522e-40
306 1.31032e-40
307 1.65777e-40
308 2.09635e-40
309 2.64974e-40
310 3.34764e-40
311 4.22737e-40
312 5.33581e-40
313 6.73173e-40
314 8.48888e-40
315 1.06997e-39
316 1.34799e-39
317 1.69747e-39
318 2.13655e-39
319 2.68795e-39
320 3.38007e-39
321 4.24843e-39
322 5.33737e-39
323 6.70229e-39
324 8.41232e-39
325 1.05537e-38
326 1.32341e-38
327 1.65874e-38
328 2.07807e-38
329 2.6022e-38
330 3.257e-38
331 4.07467e-38
332 5.09525e-38
333 6.36849e-38
334 7.9562e-38
335 9.93512e-38
336 1.24005e-37
337 1.54705e-37
338 1.92916e-37
339 2.40455e-37
340 2.99569e-37
341 3.73044e-37
342 4.64326e-37
343 5.7768e-37
344 7.18378e-37
345 8.92934e-37
346 1.1094e-36
347 1.37771e-36
348 1.71014e-36
349 2.12181e-36
350 2.6314e-36
351 3.2619e-36
352 4.04166e-36
353 5.00557e-36
354 6.1966e-36
355 7.66761e-36
356 9.48361e-36
357 1.17245e-35
358 1.44886e-35
359 1.78964e-35
360 2.20961e-35
361 2.72695e-35
362 3.36396e-35
363 4.14799e-35
364 5.11256e-35
365 6.29875e-35
366 7.75687e-35
367 9.54851e-35
368 1.17491e-34
369 1.44507e-34
370 1.77663e-34
371 2.18337e-34
372 2.68214e-34
373 3.29352e-34
374 4.04264e-34
375 4.96018e-34
376 6.08358e-34
377 7.45852e-34
378 9.14067e-34
379 1.11979e-33
380 1.37131e-33
381 1.67868e-33
382 2.0542e-33
383 2.5128e-33
384 3.07267e-33
385 3.75596e-33
386 4.58959e-33
387 5.60631e-33
388 6.84592e-33
389 8.35682e-33
390 1.01978e-32
391 1.24403e-32
392 1.51712e-32
393 1.84956e-32
394 2.25417e-32
395 2.74645e-32
396 3.34526e-32
397 4.07344e-32
398 4.95872e-32
399 6.03472e-32
400 7.34222e-32
401 8.93064e-32
402 1.08599e-31
403 1.32026e-31
404 1.60466e-31
405 1.94987e-31
406 2.3688e-31
407 2.87707e-31
408 3.49364e-31
409 4.24143e-31
410 5.14821e-31
411 6.2476e-31
412 7.58028e-31
413 9.1955e-31
414 1.11529e-30
415 1.35245e-30
416 1.63976e-30
417 1.98778e-30
418 2.40927e-30
419 2.91969e-30
420 3.53771e-30
421 4.28592e-30
422 5.19165e-30
423 6.28793e-30
424 7.6147e-30
425 9.22024e-30
426 1.11629e-29
427 1.35132e-29
428 1.63565e-29
429 1.97956e-29
430 2.39552e-29
431 2.89855e-29
432 3.50683e-29
433 4.24229e-29
434 5.13144e-29
435 6.20627e-29
436 7.50543e-29
437 9.07554e-29
438 1.09729e-28
439 1.32655e-28
440 1.60353e-28
441 1.93812e-28
442 2.34225e-28
443 2.83032e-28
444 3.41966e-28
445 4.13121e-28
446 4.99018e-28
447 6.02694e-28
448 7.2781e-28
449 8.78775e-28
450 1.0609e-27
451 1.28057e-27
452 1.54549e-27
453 1.86491e-27
454 2.24996e-27
455 2.71404e-27
456 3.27326e-27
457 3.94695e-27
458 4.75838e-27
459 5.73547e-27
460 6.91175e-27
461 8.32748e-27
462 1.0031e-26
463 1.20801e-26
464 1.45444e-26
465 1.75072e-26
466 2.10681e-26
467 2.53467e-26
468 3.04861e-26
469 3.66575e-26
470 4.40656e-26
471 5.29555e-26
472 6.36199e-26
473 7.64086e-26
474 9.17393e-26
475 1.10111e-25
476 1.32117e-25
477 1.5847e-25
478 1.90013e-25
479 2.27755e-25
480 2.72896e-25
481 3.26866e-25
482 3.91364e-25
483 4.68412e-25
484 5.60413e-25
485 6.70222e-25
486 8.0123e-25
487 9.5746e-25
488 1.14368e-24
489 1.36556e-24
490 1.6298e-24
491 1.94433e-24
492 2.31856e-24
493 2.76361e-24
494 3.29263e-24
495 3.92115e-24
496 4.66753e-24
497 5.55343e-24
498 6.6044e-24
499 7.85059e-24
500 9.32751e-24
501 1.1077e-23
502 1.31482e-23
503 1.55992e-23
504 1.8498e-23
505 2.19246e-23
506 2.5973e-23
507 3.07535e-23
508 3.63954e-23
509 4.30505e-23
510 5.08963e-23
511 6.0141e-23
512 7.1028e-23
513 8.38419e-23
514 9.89156e-23
515 1.16638e-22
516 1.37462e-22
517 1.61918e-22
518 1.90623e-22
519 2.24296e-22
520 2.63774e-22
521 3.10033e-22
522 3.64206e-22
523 4.27612e-22
524 5.01781e-22
525 5.88491e-22
526 6.89806e-22
527 8.08117e-22
528 9.46196e-22
529 1.10726e-21
530 1.29501e-21
531 1.51377e-21
532 1.76849e-21
533 2.06493e-21
534 2.40971e-21
535 2.81051e-21
536 3.27614e-21
537 3.81681e-21
538 4.44423e-21
539 5.17194e-21
540 6.01548e-21
541 6.99275e-21
542 8.12433e-21
543 9.43388e-21
544 1.09485e-20
545 1.26995e-20
546 1.47226e-20
547 1.70588e-20
548 1.97552e-20
549 2.28658e-20
550 2.64524e-20
551 3.05856e-20
552 3.53465e-20
553 4.08279e-20
554 4.71356e-20
555 5.4391e-20
556 6.27326e-20
557 7.23189e-20
558 8.3331e-20
559 9.59755e-20
560 1.10489e-19
561 1.27141e-19
562 1.4624e-19
563 1.68137e-19
564 1.93235e-19
565 2.21992e-19
566 2.54932e-19
567 2.92653e-19
568 3.35839e-19
569 3.8527e-19
570 4.41838e-19
571 5.06562e-19
572 5.80606e-19
573 6.65302e-19
574 7.62173e-19
575 8.72962e-19
576 9.99664e-19
577 1.14456e-18
578 1.31027e-18
579 1.4998e-18
580 1.71657e-18
581 1.96455e-18
582 2.24825e-18
583 2.57289e-18
584 2.94444e-18
585 3.3698e-18
586 3.85686e-18
587 4.41476e-18
588 5.05401e-18
589 5.7867e-18
590 6.62682e-18
591 7.59049e-18
592 8.69635e-18
593 9.96592e-18
594 1.14241e-17
595 1.30997e-17
596 1.5026e-17
597 1.72416e-17
598 1.97913e-17
599 2.27267e-17
600 2.61082e-17
601 3.00051e-17
602 3.44985e-17
603 3.96819e-17
604 4.56643e-17
605 5.2572e-17
606 6.05515e-17
607 6.97731e-17
608 8.04346e-17
609 9.27654e-17
610 1.07032e-16
611 1.23544e-16
612 1.4266e-16
613 1.64798e-16
614 1.90442e-16
615 2.20153e-16
616 2.54582e-16
617 2.94487e-16
618 3.40742e-16
619 3.94366e-16
620 4.56534e-16
621 5.28612e-16
622 6.12178e-16
623 7.09063e-16
624 8.21383e-16
625 9.51584e-16
626 1.1025e-15
627 1.2774e-15
628 1.48005e-15
629 1.71483e-15
630 1.98677e-15
631 2.30166e-15
632 2.6662e-15
633 3.08809e-15
634 3.57621e-15
635 4.14078e-15
636 4.79353e-15
637 5.54796e-15
638 6.4196e-15
639 7.42623e-15
640 8.58829e-15
641 9.92922e-15
642 1.14758e-14
643 1.32589e-14
644 1.53136e-14
645 1.76803e-14
646 2.04048e-14
647 2.35398e-14
648 2.71453e-14
649 3.12898e-14
650 3.60513e-14
651 4.15188e-14
652 4.77937e-14
653 5.49911e-14
654 6.32422e-14
655 7.26961e-14
656 8.35219e-14
657 9.59117e-14
658 1.10083e-13
659 1.26284e-13
660 1.44793e-13
661 1.65928e-13
662 1.90046e-13
663 2.17553e-13
664 2.48906e-13
665 2.84622e-13
666 3.25284e-13
667 3.7155e-13
668 4.2416e-13
669 4.83949e-13
670 5.51856e-13
671 6.28936e-13
672 7.16376e-13
673 8.1551e-13
674 9.27833e-13
675 1.05502e-12
676 1.19896e-12
677 1.36176e-12
678 1.54577e-12
679 1.75365e-12
680 1.98833e-12
681 2.25311e-12
682 2.55169e-12
683 2.88818e-12
684 3.26715e-12
685 3.69372e-12
686 4.17358e-12
687 4.71307e-12
688 5.31924e-12
689 5.99992e-12
690 6.76383e-12
691 7.62063e-12
692 8.58107e-12
693 9.65703e-12
694 1.08617e-11
695 1.22098e-11
696 1.37173e-11
697 1.54023e-11
698 1.72846e-11
699 1.93859e-11
700 2.17305e-11
701 2.43451e-11
702 2.72591e-11
703 3.05049e-11
704 3.41184e-11
705 3.81389e-11
706 4.26097e-11
707 4.75787e-11
708 5.30983e-11
709 5.92261e-11
710 6.60255e-11
711 7.35661e-11
712 8.19243e-11
713 9.11837e-11
714 1.01436e-10
715 1.12782e-10
716 1.25333e-10
717 1.39207e-10
718 1.54539e-10
719 1.71472e-10
720 1.90163e-10
721 2.10787e-10
722 2.33531e-10
723 2.58602e-10
724 2.86225e-10
725 3.16645e-10
726 3.50131e-10
727 3.86974e-10
728 4.27495e-10
729 4.72039e-10
730 5.20987e-10
731 5.74751e-10
732 6.3378e-10
733 6.98566e-10
734 7.69641e-10
735 8.47586e-10
736 9.33034e-10
737 1.02667e-09
738 1.12925e-09
739 1.24159e-09
740 1.36457e-09
741 1.49915e-09
742 1.6464e-09
743 1.80746e-09
744 1.98356e-09
745 2.17606e-09
746 2.38644e-09
747 2.61631e-09
748 2.8674e-09
749 3.14163e-09
750 3.44105e-09
751 3.76793e-09
752 4.12471e-09
753 4.51409e-09
754 4.93895e-09
755 5.40249e-09
756 5.90817e-09
757 6.45974e-09
758 7.06134e-09
759 7.71744e-09
760 8.43293e-09
761 9.21316e-09
762 1.0064e-08
763 1.09917e-08
764 1.20033e-08
765 1.31063e-08
766 1.43091e-08
767 1.56207e-08
768 1.70509e-08
769 1.86107e-08
770 2.03117e-08
771 2.2167e-08
772 2.41907e-08
773 2.63983e-08
774 2.88065e-08
775 3.1434e-08
776 3.4301e-08
777 3.74297e-08
778 4.08442e-08
779 4.45711e-08
780 4.86394e-08
781 5.30809e-08
782 5.79304e-08
783 6.32258e-08
784 6.90088e-08
785 7.5325e-08
786 8.22242e-08
787 8.97609e-08
788 9.79946e-08
789 1.06991e-07
790 1.16821e-07
791 1.27562e-07
792 1.393e-07
793 1.52128e-07
794 1.66148e-07
795 1.81471e-07
796 1.98218e-07
797 2.16521e-07
798 2.36526e-07
799 2.5839e-07
800 2.82285e-07
801 3.08399e-07
802 3.36936e-07
803 3.68118e-07
804 4.0219e-07
805 4.39414e-07
806 4.80078e-07
807 5.24495e-07
808 5.73004e-07
809 6.25976e-07
810 6.83811e-07
811 7.46945e-07
812 8.15852e-07
813 8.91045e-07
814 9.7308e-07
815 1.06256e-06
816 1.16014e-06
817 1.26652e-06
818 1.38248e-06
819 1.50884e-06
820 1.64649e-06
821 1.79641e-06
822 1.95963e-06
823 2.1373e-06
824 2.33061e-06
825 2.54089e-06
826 2.76955e-06
827 3.01811e-06
828 3.28821e-06
829 3.58162e-06
830 3.90023e-06
831 4.24608e-06
832 4.62137e-06
833 5.02843e-06
834 5.4698e-06
835 5.94818e-06
836 6.46647e-06
837 7.02777e-06
838 7.6354e-06
839 8.29292e-06
840 9.00413e-06
841 9.7731e-06
842 1.06041e-05
843 1.15019e-05
844 1.24713e-05
845 1.35177e-05
846 1.46466e-05
847 1.58639e-05
848 1.71762e-05
849 1.859e-05
850 2.01126e-05
851 2.17517e-05
852 2.35153e-05
853 2.5412e-05
854 2.74509e-05
855 2.96417e-05
856 3.19946e-05
857 3.45205e-05
858 3.72307e-05
859 4.01374e-05
860 4.32534e-05
861 4.6592e-05
862 5.01677e-05
863 5.39954e-05
864 5.80908e-05
865 6.24707e-05
866 6.71526e-05
867 7.21548e-05
868 7.74969e-05
869 8.31991e-05
870 8.92828e-05
871 9.57704e-05
872 0.000102685
873 0.000110052
874 0.000117897
875 0.000126246
876 0.000135129
877 0.000144573
878 0.000154611
879 0.000165274
880 0.000176596
881 0.000188611
882 0.000201355
883 0.000214868
884 0.000229187
885 0.000244354
886 0.000260411
887 0.000277402
888 0.000295372
889 0.000314369
890 0.000334442
891 0.000355642
892 0.00037802
893 0.000401631
894 0.00042653
895 0.000452775
896 0.000480426
897 0.000509542
898 0.000540188
899 0.000572428
900 0.000606328
901 0.000641956
902 0.000679382
903 0.000718678
904 0.000759917
905 0.000803173
906 0.000848524
907 0.000896047
908 0.000945822
909 0.000997931
910 0.00105246
911 0.00110948
912 0.00116909
913 0.00123137
914 0.00129642
915 0.00136431
916 0.00143514
917 0.001509
918 0.00158598
919 0.00166618
920 0.00174968
921 0.00183658
922 0.00192698
923 0.00202096
924 0.00211863
925 0.00222007
926 0.00232538
927 0.00243465
928 0.00254798
929 0.00266545
930 0.00278716
931 0.0029132
932 0.00304365
933 0.0031786
934 0.00331814
935 0.00346235
936 0.00361131
937 0.0037651
938 0.00392379
939 0.00408746
940 0.00425617
941 0.00443
942 0.00460901
943 0.00479325
944 0.00498278
945 0.00517765
946 0.0053779
947 0.00558359
948 0.00579473
949 0.00601138
950 0.00623354
951 0.00646124
952 0.0066945
953 0.00693332
954 0.0071777
955 0.00742764
956 0.00768312
957 0.00794413
958 0.00821063
959 0.0084826
960 0.00875999
961 0.00904274
962 0.00933082
963 0.00962414
964 0.00992263
965 0.0102262
966 0.0105348
967 0.0108483
968 0.0111665
969 0.0114895
970 0.011817
971 0.0121488
972 0.012485
973 0.0128253
974 0.0131695
975 0.0135175
976 0.0138691
977 0.0142241
978 0.0145823
979 0.0149435
980 0.0153075
981 0.0156741
982 0.016043
983 0.016414
984 0.0167869
985 0.0171613
986 0.0175371
987 0.0179139
988 0.0182915
989 0.0186696
990 0.0190479
991 0.0194262
992 0.019804
993 0.0201812
994 0.0205574
995 0.0209322
996 0.0213054
997 0.0216766
998 0.0220456
999 0.0224119
1000 0.0227753
1001 0.0231355
1002 0.023492
1003 0.0238445
1004 0.0241928
1005 0.0245365
1006 0.0248752
1007 0.0252086
1008 0.0255364
1009 0.0258583
1010 0.026174
1011 0.026483
1012 0.0267851
1013 0.0270801
1014 0.0273675
1015 0.0276471
1016 0.0279185
1017 0.0281816
1018 0.028436
1019 0.0286814
1020 0.0289176
1021 0.0291443
1022 0.0293613
1023 0.0295684
1024 0.0297652
1025 0.0299516
1026 0.0301275
1027 0.0302925
1028 0.0304465
1029 0.0305893
1030 0.0307208
1031 0.0308409
1032 0.0309494
1033 0.0310461
1034 0.031131
1035 0.031204
1036 0.0312649
1037 0.0313138
1038 0.0313506
1039 0.0313752
1040 0.0313877
1041 0.0313879
1042 0.031376
1043 0.0313519
1044 0.0313156
1045 0.0312673
1046 0.0312069
1047 0.0311346
1048 0.0310504
1049 0.0309544
1050 0.0308468
1051 0.0307277
1052 0.0305972
1053 0.0304554
1054 0.0303026
1055 0.0301389
1056 0.0299646
1057 0.0297797
1058 0.0295845
1059 0.0293793
1060 0.0291642
1061 0.0289395
1062 0.0287055
1063 0.0284624
1064 0.0282105
1065 0.0279501
1066 0.0276814
1067 0.0274047
1068 0.0271204
1069 0.0268287
1070 0.0265299
1071 0.0262243
1072 0.0259123
1073 0.0255942
1074 0.0252703
1075 0.0249409
1076 0.0246063
1077 0.0242669
1078 0.023923
1079 0.023575
1080 0.0232231
1081 0.0228676
1082 0.022509
1083 0.0221476
1084 0.0217835
1085 0.0214173
1086 0.0210492
1087 0.0206794
1088 0.0203084
1089 0.0199365
1090 0.0195638
1091 0.0191908
1092 0.0188177
1093 0.0184448
1094 0.0180724
1095 0.0177008
1096 0.0173301
1097 0.0169608
1098 0.016593
1099 0.016227
1100 0.015863
1101 0.0155013
1102 0.015142
1103 0.0147855
1104 0.0144318
1105 0.0140812
1106 0.013734
1107 0.0133902
1108 0.01305
1109 0.0127136
1110 0.0123812
1111 0.0120529
1112 0.0117289
1113 0.0114092
1114 0.011094
1115 0.0107835
1116 0.0104776
1117 0.0101766
1118 0.00988047
1119 0.00958932
1120 0.00930322
1121 0.00902223
1122 0.00874642
1123 0.00847582
1124 0.00821049
1125 0.00795046
1126 0.00769574
1127 0.00744637
1128 0.00720235
1129 0.0069637
1130 0.0067304
1131 0.00650247
1132 0.00627988
1133 0.00606262
1134 0.00585066
1135 0.00564399
1136 0.00544256
1137 0.00524634
1138 0.00505529
1139 0.00486935
1140 0.00468849
1141 0.00451265
1142 0.00434176
1143 0.00417577
1144 0.00401461
1145 0.00385823
1146 0.00370653
1147 0.00355947
1148 0.00341695
1149 0.0032789
1150 0.00314525
1151 0.00301591
1152 0.00289081
1153 0.00276985
1154 0.00265296
1155 0.00254005
1156 0.00243103
1157 0.00232581
1158 0.00222432
1159 0.00212646
1160 0.00203214
1161 0.00194127
1162 0.00185378
1163 0.00176956
1164 0.00168854
1165 0.00161062
1166 0.00153573
1167 0.00146377
1168 0.00139466
1169 0.00132831
1170 0.00126465
1171 0.00120359
1172 0.00114505
1173 0.00108895
1174 0.00103521
1175 0.000983756
1176 0.000934511
1177 0.000887399
1178 0.000842348
1179 0.000799286
1180 0.000758143
1181 0.000718849
1182 0.000681338
1183 0.000645543
1184 0.000611401
1185 0.00057885
1186 0.000547827
1187 0.000518274
1188 0.000490132
1189 0.000463347
1190 0.000437862
1191 0.000413625
1192 0.000390584
1193 0.000368689
1194 0.000347893
1195 0.000328148
1196 0.000309408
1197 0.00029163
1198 0.000274772
1199 0.000258792
1200 0.000243651
1201 0.00022931
1202 0.000215734
1203 0.000202886
1204 0.000190733
1205 0.000179241
1206 0.000168379
1207 0.000158116
1208 0.000148425
1209 0.000139275
1210 0.000130641
1211 0.000122497
1212 0.000114818
1213 0.000107581
1214 0.000100763
1215 9.43416e-05
1216 8.82969e-05
1217 8.2609e-05
1218 7.72589e-05
1219 7.22286e-05
1220 6.75008e-05
1221 6.30592e-05
1222 5.88881e-05
1223 5.49726e-05
1224 5.12985e-05
1225 4.78522e-05
1226 4.4621e-05
1227 4.15926e-05
1228 3.87555e-05
1229 3.60985e-05
1230 3.36113e-05
1231 3.12839e-05
1232 2.9107e-05
1233 2.70715e-05
1234 2.51691e-05
1235 2.33918e-05
1236 2.17319e-05
1237 2.01824e-05
1238 1.87365e-05
1239 1.73877e-05
1240 1.61301e-05
1241 1.4958e-05
1242 1.38659e-05
1243 1.28488e-05
1244 1.19019e-05
1245 1.10208e-05
1246 1.02011e-05
1247 9.43897e-06
1248 8.73053e-06
1249 8.07229e-06
1250 7.46093e-06
1251 6.89334e-06
1252 6.36659e-06
1253 5.87793e-06
1254 5.42478e-06
1255 5.00473e-06
1256 4.6155e-06
1257 4.25498e-06
1258 3.92119e-06
1259 3.61225e-06
1260 3.32643e-06
1261 3.0621e-06
1262 2.81774e-06
1263 2.59193e-06
1264 2.38334e-06
1265 2.19073e-06
1266 2.01296e-06
1267 1.84892e-06
1268 1.69764e-06
1269 1.55816e-06
1270 1.42962e-06
1271 1.3112e-06
1272 1.20215e-06
1273 1.10176e-06
1274 1.00939e-06
1275 9.24423e-07
1276 8.46299e-07
1277 7.74494e-07
1278 7.08523e-07
1279 6.47933e-07
1280 5.92309e-07
1281 5.41261e-07
1282 4.94433e-07
1283 4.51491e-07
1284 4.12128e-07
1285 3.76059e-07
1286 3.43022e-07
1287 3.12773e-07
1288 2.85088e-07
1289 2.59758e-07
1290 2.36593e-07
1291 2.15415e-07
1292 1.96061e-07
1293 1.78381e-07
1294 1.62236e-07
1295 1.47499e-07
1296 1.34052e-07
1297 1.21786e-07
1298 1.10602e-07
1299 1.00409e-07
1300 9.11226e-08
1301 8.26647e-08
1302 7.49647e-08
1303 6.79572e-08
1304 6.15825e-08
1305 5.57855e-08
1306 5.05159e-08
1307 4.57275e-08
1308 4.1378e-08
1309 3.74287e-08
1310 3.38441e-08
1311 3.05918e-08
1312 2.7642e-08
1313 2.49676e-08
1314 2.25439e-08
1315 2.03481e-08
1316 1.83595e-08
1317 1.65594e-08
1318 1.49303e-08
1319 1.34567e-08
1320 1.21242e-08
1321 1.09197e-08
1322 9.83132e-09
1323 8.84827e-09
1324 7.96066e-09
1325 7.15952e-09
1326 6.43671e-09
1327 5.78481e-09
1328 5.19707e-09
1329 4.66738e-09
1330 4.19019e-09
1331 3.76044e-09
1332 3.37357e-09
1333 3.02543e-09
1334 2.71225e-09
1335 2.43062e-09
1336 2.17747e-09
1337 1.94999e-09
1338 1.74566e-09
1339 1.56219e-09
1340 1.39751e-09
1341 1.24975e-09
1342 1.11721e-09
1343 9.98384e-10
1344 8.91881e-10
1345 7.9646e-10
1346 7.10998e-10
1347 6.34485e-10
1348 5.66007e-10
1349 5.04744e-10
1350 4.49955e-10
1351 4.00973e-10
1352 3.572e-10
1353 3.18094e-10
1354 2.83172e-10
1355 2.51996e-10
1356 2.24175e-10
1357 1.99357e-10
1358 1.77225e-10
1359 1.57496e-10
1360 1.39915e-10
1361 1.24254e-10
1362 1.10308e-10
1363 9.78936e-11
1364 8.68468e-11
1365 7.70204e-11
1366 6.82825e-11
1367 6.05153e-11
1368 5.36135e-11
1369 4.74827e-11
1370 4.20387e-11
1371 3.72063e-11
1372 3.29184e-11
1373 2.91147e-11
1374 2.5742e-11
1375 2.27523e-11
1376 2.01031e-11
1377 1.77564e-11
1378 1.56784e-11
1379 1.3839e-11
1380 1.22114e-11
1381 1.07715e-11
1382 9.49835e-12
1383 8.37288e-12
1384 7.37833e-12
1385 6.49977e-12
1386 5.72394e-12
1387 5.03906e-12
1388 4.43467e-12
1389 3.9015e-12
1390 3.43131e-12
1391 3.01679e-12
1392 2.65149e-12
1393 2.32967e-12
1394 2.04625e-12
1395 1.79672e-12
1396 1.57711e-12
1397 1.3839e-12
1398 1.21397e-12
1399 1.06456e-12
1400 9.33237e-13
1401 8.17855e-13
1402 7.16508e-13
1403 6.2752e-13
1404 5.49409e-13
1405 4.80868e-13
1406 4.20743e-13
1407 3.6802e-13
1408 3.21801e-13
1409 2.81298e-13
1410 2.45815e-13
1411 2.1474e-13
1412 1.87535e-13
1413 1.63725e-13
1414 1.42892e-13
1415 1.24672e-13
1416 1.08741e-13
1417 9.48155e-14
1418 8.26478e-14
1419 7.20191e-14
1420 6.27377e-14
1421 5.46355e-14
1422 4.75648e-14
1423 4.13963e-14
1424 3.60166e-14
1425 3.13263e-14
1426 2.72384e-14
1427 2.36766e-14
1428 2.05742e-14
1429 1.78728e-14
1430 1.55213e-14
1431 1.3475e-14
1432 1.16949e-14
1433 1.01468e-14
1434 8.80095e-15
1435 7.63125e-15
1436 6.61498e-15
1437 5.73228e-15
1438 4.96584e-15
1439 4.30056e-15
1440 3.72326e-15
1441 3.22247e-15
1442 2.78817e-15
1443 2.41167e-15
1444 2.08537e-15
1445 1.80266e-15
1446 1.5578e-15
1447 1.34578e-15
1448 1.16227e-15
1449 1.00347e-15
1450 8.66098e-16
1451 7.47304e-16
1452 6.44605e-16
1453 5.55848e-16
1454 4.79164e-16
1455 4.12933e-16
1456 3.55746e-16
1457 3.06385e-16
1458 2.63791e-16
1459 2.27048e-16
1460 1.95363e-16
1461 1.68047e-16
1462 1.44506e-16
1463 1.24225e-16
1464 1.06756e-16
1465 9.17158e-17
1466 7.87698e-17
1467 6.76302e-17
1468 5.80478e-17
1469 4.98076e-17
1470 4.27238e-17
1471 3.66361e-17
1472 3.14059e-17
1473 2.6914e-17
1474 2.30573e-17
1475 1.97471e-17
1476 1.69068e-17
1477 1.44705e-17
1478 1.23813e-17
1479 1.05905e-17
1480 9.05578e-18
1481 7.74104e-18
1482 6.61509e-18
1483 5.65111e-18
1484 4.82609e-18
1485 4.1202e-18
1486 3.51644e-18
1487 3.0002e-18
1488 2.55893e-18
1489 2.18187e-18
1490 1.85978e-18
1491 1.58473e-18
1492 1.34992e-18
1493 1.14954e-18
1494 9.78588e-19
1495 8.32793e-19
1496 7.08491e-19
1497 6.02549e-19
1498 5.12285e-19
1499 4.35402e-19
1500 3.69938e-19
1501 3.14216e-19
1502 2.66801e-19
1503 2.26468e-19
1504 1.9217e-19
1505 1.63014e-19
1506 1.38237e-19
1507 1.17188e-19
1508 9.93116e-20
1509 8.41351e-20
1510 7.12548e-20
1511 6.03269e-20
1512 5.10584e-20
1513 4.31999e-20
1514 3.6539e-20
1515 3.08952e-20
1516 2.61147e-20
1517 2.20668e-20
1518 1.86403e-20
1519 1.57407e-20
1520 1.32879e-20
1521 1.12137e-20
1522 9.4602e-21
1523 7.97832e-21
1524 6.7264e-21
1525 5.6691e-21
1526 4.77646e-21
1527 4.02307e-21
1528 3.38742e-21
1529 2.8513e-21
1530 2.39925e-21
1531 2.01823e-21
1532 1.69717e-21
1533 1.42673e-21
1534 1.199e-21
1535 1.0073e-21
1536 8.45977e-22
1537 7.10266e-22
1538 5.96137e-22
1539 5.00188e-22
1540 4.1955e-22
1541 3.51801e-22
1542 2.94899e-22
1543 2.47123e-22
1544 2.07022e-22
1545 1.73374e-22
1546 1.45149e-22
1547 1.21482e-22
1548 1.01642e-22
1549 8.50159e-23
1550 7.10874e-23
1551 5.94225e-23
1552 4.96564e-23
1553 4.14827e-23
1554 3.46438e-23
1555 2.89235e-23
1556 2.41404e-23
1557 2.01422e-23
1558 1.68011e-23
1559 1.40099e-23
1560 1.1679e-23
1561 9.73291e-24
1562 8.1087e-24
1563 6.75352e-24
1564 5.62316e-24
1565 4.6806e-24
1566 3.89488e-24
1567 3.24011e-24
1568 2.69462e-24
1569 2.24031e-24
1570 1.86206e-24
1571 1.54722e-24
1572 1.28524e-24
1573 1.06731e-24
1574 8.8608e-25
1575 7.35411e-25
1576 6.10188e-25
1577 5.06143e-25
1578 4.1972e-25
1579 3.47955e-25
1580 2.8838e-25
1581 2.38937e-25
1582 1.97916e-25
1583 1.63891e-25
1584 1.35678e-25
1585 1.12291e-25
1586 9.29088e-26
1587 7.68511e-26
1588 6.35511e-26
1589 5.25384e-26
1590 4.34222e-26
1591 3.58779e-26
1592 2.96363e-26
1593 2.44739e-26
1594 2.02052e-26
1595 1.66765e-26
1596 1.37604e-26
1597 1.13511e-26
1598 9.36109e-27
1599 7.71789e-27
1600 6.36142e-27
1601 5.24195e-27
1602 4.31831e-27
1603 3.55647e-27
1604 2.92824e-27
1605 2.41034e-27
1606 1.98351e-27
1607 1.63182e-27
1608 1.34213e-27
1609 1.10357e-27
1610 9.07168e-28
1611 7.45521e-28
1612 6.12513e-28
1613 5.03099e-28
1614 4.13119e-28
1615 3.3914e-28
1616 2.78334e-28
1617 2.28369e-28
1618 1.87322e-28
1619 1.53611e-28
1620 1.25933e-28
1621 1.03214e-28
1622 8.45701e-29
1623 6.92751e-29
1624 5.67308e-29
1625 4.64452e-29
1626 3.80139e-29
1627 3.11046e-29
1628 2.5444e-29
1629 2.08078e-29
1630 1.70116e-29
1631 1.39041e-29
1632 1.1361e-29
1633 9.28047e-30
1634 7.57878e-30
1635 6.18735e-30
1636 5.04994e-30
1637 4.12043e-30
1638 3.36104e-30
1639 2.74082e-30
1640 2.23439e-30
1641 1.82101e-30
1642 1.48367e-30
1643 1.20847e-30
1644 9.84017e-31
1645 8.01017e-31
1646 6.51856e-31
1647 5.30311e-31
1648 4.31299e-31
1649 3.50667e-31
1650 2.85022e-31
1651 2.31595e-31
1652 1.88125e-31
1653 1.52767e-31
1654 1.24016e-31
1655 1.00644e-31
1656 8.16516e-32
1657 6.62222e-32
1658 5.36914e-32
1659 4.35178e-32
1660 3.52607e-32
1661 2.85611e-32
1662 2.31269e-32
1663 1.87206e-32
1664 1.51489e-32
1665 1.22546e-32
1666 9.90998e-33
1667 8.01131e-33
1668 6.47426e-33
1669 5.23035e-33
1670 4.22402e-33
1671 3.41016e-33
1672 2.75217e-33
1673 2.22039e-33
1674 1.79075e-33
1675 1.44374e-33
1676 1.16358e-33
1677 9.37454e-34
1678 7.55012e-34
1679 6.07863e-34
1680 4.89222e-34
1681 3.93597e-34
1682 3.16552e-34
1683 2.54497e-34
1684 2.04535e-34
1685 1.64322e-34
1686 1.31967e-34
1687 1.05945e-34
1688 8.50236e-35
1689 6.82086e-35
1690 5.46992e-35
1691 4.38493e-35
1692 3.51387e-35
1693 2.81481e-35
1694 2.25398e-35
1695 1.80423e-35
1696 1.44368e-35
1697 1.15475e-35
1698 9.23297e-36
1699 7.37959e-36
1700 5.89603e-36
1701 4.70893e-36
1702 3.75942e-36
1703 3.00022e-36
1704 2.39343e-36
1705 1.90863e-36
1706 1.52145e-36
1707 1.21234e-36
1708 9.65663e-37
1709 7.68879e-37
1710 6.11959e-37
1711 4.86876e-37
1712 3.87209e-37
1713 3.07824e-37
1714 2.44619e-37
1715 1.94315e-37
1716 1.54296e-37
1717 1.2247e-37
1718 9.71705e-38
1719 7.70668e-38
1720 6.10982e-38
1721 4.84191e-38
1722 3.8356e-38
1723 3.03722e-38
1724 2.40407e-38
1725 1.90214e-38
1726 1.50441e-38
1727 1.18936e-38
1728 9.39912e-39
1729 7.42483e-39
1730 5.86288e-39
1731 4.62764e-39
1732 3.65118e-39
1733 2.87959e-39
1734 2.27014e-39
1735 1.78895e-39
1736 1.40918e-39
1737 1.10958e-39
1738 8.73322e-40
1739 6.87088e-40
1740 5.40348e-40
1741 4.24773e-40
1742 3.33781e-40
1743 2.62174e-40
1744 2.05844e-40
1745 1.61551e-40
1746 1.26736e-40
1747 9.93837e-41
1748 7.79022e-41
1749 6.10387e-41
1750 4.78059e-41
1751 3.74265e-41
1752 2.92884e-41
1753 2.29105e-41
1754 1.7914e-41
1755 1.40014e-41
1756 1.09388e-41
1757 8.5425e-42
1758 6.66841e-42
1759 5.2033e-42
1760 4.0584e-42
1761 3.1641e-42
1762 2.46584e-42
1763 1.92087e-42
1764 1.49572e-42
1765 1.16418e-42
1766 9.05756e-43
1767 7.044e-43
1768 5.47578e-43
1769 4.25492e-43
1770 3.30488e-43
1771 2.56588e-43
1772 1.9913e-43
1773 1.54474e-43
1774 1.19782e-43
1775 9.28421e-44
1776 7.19311e-44
1777 5.57066e-44
1778 4.31235e-44
1779 3.33687e-44
1780 2.58096e-44
1781 1.99545e-44
1782 1.54212e-44
1783 1.19128e-44
1784 9.1987e-45
1785 7.09996e-45
1786 5.47776e-45
1787 4.22442e-45
1788 3.25648e-45
1789 2.50927e-45
1790 1.93269e-45
1791 1.48797e-45
1792 1.1451e-45
1793 8.80868e-46
1794 6.77321e-46
1795 5.20589e-46
1796 3.99956e-46
1797 3.07147e-46
1798 2.35775e-46
1799 1.80911e-46
1800 1.38755e-46
1801 1.06378e-46
1802 8.15208e-47
1803 6.24458e-47
1804 4.7814e-47
1805 3.65951e-47
1806 2.79968e-47
1807 2.14096e-47
1808 1.63654e-47
1809 1.25044e-47
1810 9.55022e-48
1811 7.2909e-48
1812 5.56373e-48
1813 4.24392e-48
1814 3.23582e-48
1815 2.46615e-48
1816 1.87875e-48
1817 1.43066e-48
1818 1.08898e-48
1819 8.28555e-49
1820 6.30142e-49
1821 4.79041e-49
1822 3.64018e-49
1823 2.76496e-49
1824 2.09929e-49
1825 1.59321e-49
1826 1.20862e-49
1827 9.1648e-50
1828 6.94661e-50
1829 5.26307e-50
1830 3.98586e-50
1831 3.01732e-50
1832 2.28317e-50
1833 1.72691e-50
1834 1.30563e-50
1835 9.86704e-51
1836 7.45366e-51
1837 5.6282e-51
1838 4.24801e-51
1839 3.20493e-51
1840 2.41695e-51
1841 1.82194e-51
1842 1.37283e-51
1843 1.03399e-51
1844 7.78457e-52
1845 5.85825e-52
1846 4.40675e-52
1847 3.31349e-52
1848 2.4904e-52
1849 1.87099e-52
1850 1.40504e-52
1851 1.05469e-52
1852 7.91361e-53
1853 5.9353e-53
1854 4.44968e-53
1855 3.3345e-53
1856 2.49776e-53
1857 1.87019e-53
1858 1.39972e-53
1859 1.04715e-53
1860 7.83066e-54
1861 5.85333e-54
1862 4.37346e-54
1863 3.26636e-54
1864 2.43848e-54
1865 1.81967e-54
1866 1.35733e-54
1867 1.01203e-54
1868 7.54252e-55
1869 5.619e-55
1870 4.18426e-55
1871 3.11455e-55
1872 2.31734e-55
1873 1.72346e-55
1874 1.28124e-55
1875 9.52087e-56
1876 7.07197e-56
1877 5.25076e-56
1878 3.89691e-56
1879 2.89093e-56
1880 2.14373e-56
1881 1.58899e-56
1882 1.17731e-56
1883 8.71923e-57
1884 6.45479e-57
1885 4.77644e-57
1886 3.533e-57
1887 2.61217e-57
1888 1.93053e-57
1889 1.42616e-57
1890 1.05312e-57
1891 7.77335e-58
1892 5.73527e-58
1893 4.22979e-58
1894 3.11817e-58
1895 2.29774e-58
1896 1.69246e-58
1897 1.2461e-58
1898 9.17081e-59
1899 6.74651e-59
1900 4.961e-59
1901 3.64651e-59
1902 2.67919e-59
1903 1.96765e-59
1904 1.44447e-59
1905 1.05996e-59
1906 7.77479e-60
1907 5.7004e-60
1908 4.17773e-60
1909 3.06051e-60
1910 2.24112e-60
1911 1.64042e-60
1912 1.20023e-60
1913 8.77791e-61
1914 6.41706e-61
1915 4.68921e-61
1916 3.42517e-61
1917 2.50082e-61
1918 1.82516e-61
1919 1.33149e-61
1920 9.70946e-62
1921 7.07734e-62
1922 5.1566e-62
1923 3.75556e-62
1924 2.73405e-62
1925 1.98955e-62
1926 1.44718e-62
1927 1.05223e-62
1928 7.64743e-63
1929 5.55571e-63
1930 4.03443e-63
1931 2.9285e-63
1932 2.12484e-63
1933 1.54108e-63
1934 1.11723e-63
1935 8.0962e-64
1936 5.86459e-64
1937 4.24633e-64
1938 3.07332e-64
1939 2.22342e-64
1940 1.60788e-64
1941 1.16227e-64
1942 8.39801e-65
1943 6.0655e-65
1944 4.37901e-65
1945 3.16012e-65
1946 2.27956e-65
1947 1.64368e-65
1948 1.18469e-65
1949 8.53512e-66
1950 6.14659e-66
1951 4.42464e-66
1952 3.18377e-66
1953 2.28994e-66
1954 1.64637e-66
1955 1.18317e-66
1956 8.49941e-67
1957 6.10308e-67
1958 4.38055e-67
1959 3.14288e-67
1960 2.25397e-67
1961 1.61579e-67
1962 1.15783e-67
1963 8.2932e-68
1964 5.93772e-68
1965 4.24949e-68
1966 3.04e-68
1967 2.17385e-68
1968 1.55384e-68
1969 1.1102e-68
1970 7.92899e-69
1971 5.66048e-69
1972 4.03932e-69
1973 2.88127e-69
1974 2.05437e-69
1975 1.46418e-69
1976 1.04311e-69
1977 7.4282e-70
1978 5.2876e-70
1979 3.7623e-70
1980 2.67589e-70
1981 1.9024e-70
1982 1.35194e-70
1983 9.60356e-71
1984 6.8191e-71
1985 4.83997e-71
1986 3.43382e-71
1987 2.43519e-71
1988 1.72627e-71
1989 1.22322e-71
1990 8.66403e-72
1991 6.13418e-72
1992 4.34123e-72
1993 3.07107e-72
1994 2.17163e-72
1995 1.53498e-72
1996 1.08453e-72
1997 7.65949e-73
1998 5.40727e-73
1999 3.81572e-73
2000 2.69151e-73
2001 1.89774e-73
2002 1.33751e-73
2003 9.42273e-74
2004 6.63557e-74
2005 4.67089e-74
2006 3.28656e-74
2007 2.31156e-74
2008 1.62513e-74
2009 1.14207e-74
2010 8.02264e-75
2011 5.6333e-75
2012 3.95393e-75
2013 2.77406e-75
2014 1.94547e-75
2015 1.36381e-75
2016 9.55658e-76
2017 6.69381e-76
2018 4.68669e-76
2019 3.28005e-76
2020 2.29465e-76
2021 1.60464e-76
2022 1.12166e-76
2023 7.83737e-77
2024 5.47402e-77
2025 3.82185e-77
2026 2.66732e-77
2027 1.86088e-77
2028 1.29781e-77
2029 9.0483e-78
2030 6.30674e-78
2031 4.39492e-78
2032 3.06229e-78
2033 2.13377e-78
2034 1.48709e-78
2035 1.0369e-78
2036 7.23634e-79
2037 5.05753e-79
2038 3.54292e-79
2039 2.49071e-79
2040 1.76035e-79
2041 1.25404e-79
2042 9.03826e-80
2043 6.62587e-80
2044 4.97778e-80
2045 3.87111e-80
2046 3.15582e-80
2047 2.73466e-80
