0 2.0119e-65
1 1.94761e-65
2 2.06098e-65
3 2.3611e-65
4 2.87362e-65
5 3.64292e-65
6 4.73587e-65
7 6.24757e-65
8 8.30939e-65
9 1.11003e-64
10 1.48617e-64
11 1.99185e-64
12 2.67059e-64
13 3.58062e-64
14 4.79979e-64
15 6.43205e-64
16 8.6161e-64
17 1.15369e-63
18 1.5441e-63
19 2.0657e-63
20 2.7622e-63
21 3.69181e-63
22 4.93194e-63
23 6.58552e-63
24 8.78932e-63
25 1.1725e-62
26 1.56336e-62
27 2.08353e-62
28 2.77542e-62
29 3.6953e-62
30 4.91768e-62
31 6.54126e-62
32 8.69665e-62
33 1.15567e-61
34 1.53498e-61
35 2.03781e-61
36 2.70403e-61
37 3.58634e-61
38 4.75423e-61
39 6.29938e-61
40 8.34268e-61
41 1.10434e-60
42 1.46113e-60
43 1.93225e-60
44 2.55405e-60
45 3.3743e-60
46 4.45582e-60
47 5.88113e-60
48 7.7586e-60
49 1.02305e-59
50 1.34833e-59
51 1.77619e-59
52 2.33867e-59
53 3.0778e-59
54 4.04856e-59
55 5.32293e-59
56 6.99506e-59
57 9.18801e-59
58 1.20626e-58
59 1.5829e-58
60 2.07613e-58
61 2.72174e-58
62 3.5664e-58
63 4.67093e-58
64 6.11461e-58
65 8.00065e-58
66 1.04634e-57
67 1.36777e-57
68 1.78709e-57
69 2.33383e-57
70 3.0464e-57
71 3.97463e-57
72 5.18323e-57
73 6.75612e-57
74 8.80213e-57
75 1.14623e-56
76 1.49194e-56
77 1.94101e-56
78 2.52405e-56
79 3.28068e-56
80 4.26213e-56
81 5.53461e-56
82 7.18363e-56
83 9.31963e-56
84 1.20852e-55
85 1.56641e-55
86 2.02935e-55
87 2.6279e-55
88 3.40144e-55
89 4.40066e-55
90 5.69082e-55
91 7.35589e-55
92 9.50384e-55
93 1.22735e-54
94 1.58432e-54
95 2.04419e-54
96 2.63639e-54
97 3.39864e-54
98 4.37934e-54
99 5.64057e-54
100 7.26186e-54
101 9.34511e-54
102 1.20208e-53
103 1.5456e-53
104 1.98644e-53
105 2.55194e-53
106 3.27705e-53
107 4.20642e-53
108 5.39714e-53
109 6.92206e-53
110 8.8742e-53
111 1.13723e-52
112 1.45676e-52
113 1.86534e-52
114 2.38756e-52
115 3.05479e-52
116 3.90695e-52
117 4.99491e-52
118 6.38337e-52
119 8.15471e-52
120 1.04137e-51
121 1.32935e-51
122 1.69634e-51
123 2.16385e-51
124 2.75923e-51
125 3.51716e-51
126 4.48171e-51
127 5.70878e-51
128 7.26933e-51
129 9.25331e-51
130 1.17748e-50
131 1.49784e-50
132 1.90474e-50
133 2.4214e-50
134 3.0772e-50
135 3.90939e-50
136 4.96509e-50
137 6.30394e-50
138 8.00137e-50
139 1.01528e-49
140 1.2879e-49
141 1.63324e-49
142 2.07058e-49
143 2.6243e-49
144 3.32515e-49
145 4.21202e-49
146 5.33397e-49
147 6.75296e-49
148 8.54718e-49
149 1.08153e-48
150 1.36817e-48
151 1.73035e-48
152 2.18784e-48
153 2.7656e-48
154 3.49508e-48
155 4.4159e-48
156 5.57797e-48
157 7.04416e-48
158 8.89365e-48
159 1.12261e-47
160 1.4167e-47
161 1.78741e-47
162 2.25462e-47
163 2.8433e-47
164 3.58487e-47
165 4.51884e-47
166 5.69486e-47
167 7.17533e-47
168 9.03866e-47
169 1.13833e-46
170 1.4333e-46
171 1.8043e-46
172 2.27083e-46
173 2.85734e-46
174 3.59453e-46
175 4.52091e-46
176 5.68475e-46
177 7.14658e-46
178 8.98227e-46
179 1.12869e-45
180 1.41796e-45
181 1.78095e-45
182 2.23634e-45
183 2.80752e-45
184 3.52374e-45
185 4.42162e-45
186 5.54693e-45
187 6.95695e-45
188 8.72324e-45
189 1.09353e-44
190 1.37047e-44
191 1.71713e-44
192 2.15091e-44
193 2.69358e-44
194 3.37228e-44
195 4.22087e-44
196 5.28159e-44
197 6.6071e-44
198 8.263e-44
199 1.03311e-43
200 1.29132e-43
201 1.61361e-43
202 2.01577e-43
203 2.51744e-43
204 3.14305e-43
205 3.923e-43
206 4.89507e-43
207 6.10619e-43
208 7.6147e-43
209 9.49305e-43
210 1.18312e-42
211 1.47407e-42
212 1.83601e-42
213 2.28613e-42
214 2.84572e-42
215 3.54118e-42
216 4.40524e-42
217 5.47843e-42
218 6.81094e-42
219 8.46489e-42
220 1.05172e-41
221 1.30629e-41
222 1.62197e-41
223 2.01331e-41
224 2.49828e-41
225 3.09909e-41
226 3.84317e-41
227 4.7644e-41
228 5.90459e-41
229 7.31535e-41
230 9.06034e-41
231 1.12181e-40
232 1.38853e-40
233 1.71814e-40
234 2.12534e-40
235 2.62823e-40
236 3.24911e-40
237 4.01545e-40
238 4.96104e-40
239 6.12746e-40
240 7.56585e-40
241 9.33913e-40
242 1.15246e-39
243 1.42174e-39
244 1.75343e-39
245 2.16187e-39
246 2.6647e-39
247 3.28356e-39
248 4.045e-39
249 4.98164e-39
250 6.13347e-39
251 7.54957e-39
252 9.29011e-39
253 1.14289e-38
254 1.40563e-38
255 1.72833e-38
256 2.12456e-38
257 2.61095e-38
258 3.20789e-38
259 3.94031e-38
260 4.83876e-38
261 5.9406e-38
262 7.29156e-38
263 8.94758e-38
264 1.09771e-37
265 1.34637e-37
266 1.65097e-37
267 2.02401e-37
268 2.48077e-37
269 3.03989e-37
270 3.72418e-37
271 4.56146e-37
272 5.5857e-37
273 6.83839e-37
274 8.37013e-37
275 1.02426e-36
276 1.25313e-36
277 1.53278e-36
278 1.87442e-36
279 2.2917e-36
280 2.80124e-36
281 3.42331e-36
282 4.18256e-36
283 5.10906e-36
284 6.23938e-36
285 7.61802e-36
286 9.29914e-36
287 1.13486e-35
288 1.38466e-35
289 1.68905e-35
290 2.05986e-35
291 2.51149e-35
292 3.0614e-35
293 3.73082e-35
294 4.54551e-35
295 5.53674e-35
296 6.74245e-35
297 8.20867e-35
298 9.99121e-35
299 1.21577e-34
300 1.47902e-34
301 1.7988e-34
302 2.18715e-34
303 2.65863e-34
304 3.23088e-34
305 3.92524e-34
306 4.76752e-34
307 5.78895e-34
308 7.02727e-34
309 8.52808e-34
310 1.03465e-33
311 1.25491e-33
312 1.52162e-33
313 1.84447e-33
314 2.23519e-33
315 2.70788e-33
316 3.27956e-33
317 3.97075e-33
318 4.80619e-33
319 5.81567e-33
320 7.03506e-33
321 8.50755e-33
322 1.02851e-32
323 1.24304e-32
324 1.50185e-32
325 1.814e-32
326 2.19036e-32
327 2.64399e-32
328 3.1906e-32
329 3.84905e-32
330 4.64197e-32
331 5.59653e-32
332 6.74534e-32
333 8.12751e-32
334 9.78995e-32
335 1.17889e-31
336 1.41917e-31
337 1.70792e-31
338 2.05482e-31
339 2.47144e-31
340 2.97166e-31
341 3.57209e-31
342 4.2926e-31
343 5.15696e-31
344 6.1936e-31
345 7.43654e-31
346 8.92641e-31
347 1.07118e-30
348 1.28508e-30
349 1.54126e-30
350 1.84803e-30
351 2.21525e-30
352 2.65475e-30
353 3.18061e-30
354 3.80966e-30
355 4.56194e-30
356 5.46139e-30
357 6.53653e-30
358 7.8214e-30
359 9.35653e-30
360 1.11902e-29
361 1.33801e-29
362 1.59947e-29
363 1.91157e-29
364 2.28403e-29
365 2.72843e-29
366 3.25854e-29
367 3.89075e-29
368 4.64458e-29
369 5.54319e-29
370 6.61418e-29
371 7.89033e-29
372 9.41059e-29
373 1.12213e-28
374 1.33773e-28
375 1.59442e-28
376 1.89993e-28
377 2.26348e-28
378 2.69599e-28
379 3.21043e-28
380 3.82218e-28
381 4.54948e-28
382 5.41394e-28
383 6.4412e-28
384 7.66162e-28
385 9.11118e-28
386 1.08325e-27
387 1.28759e-27
388 1.53012e-27
389 1.81791e-27
390 2.15929e-27
391 2.56416e-27
392 3.04419e-27
393 3.61319e-27
394 4.28745e-27
395 5.08625e-27
396 6.03232e-27
397 7.15249e-27
398 8.47842e-27
399 1.00475e-26
400 1.19037e-26
401 1.4099e-26
402 1.66945e-26
403 1.97622e-26
404 2.33871e-26
405 2.7669e-26
406 3.27253e-26
407 3.86944e-26
408 4.57387e-26
409 5.40493e-26
410 6.38508e-26
411 7.54069e-26
412 8.90272e-26
413 1.05075e-25
414 1.23978e-25
415 1.46236e-25
416 1.72435e-25
417 2.03265e-25
418 2.3953e-25
419 2.82176e-25
420 3.32308e-25
421 3.91222e-25
422 4.60433e-25
423 5.41715e-25
424 6.3714e-25
425 7.49134e-25
426 8.8053e-25
427 1.03464e-24
428 1.21534e-24
429 1.42713e-24
430 1.6753e-24
431 1.966e-24
432 2.30641e-24
433 2.70492e-24
434 3.17128e-24
435 3.7169e-24
436 4.35505e-24
437 5.10119e-24
438 5.97335e-24
439 6.99251e-24
440 8.18313e-24
441 9.57363e-24
442 1.11971e-23
443 1.30922e-23
444 1.53035e-23
445 1.78834e-23
446 2.08923e-23
447 2.44007e-23
448 2.84906e-23
449 3.3257e-23
450 3.88106e-23
451 4.52798e-23
452 5.28137e-23
453 6.15855e-23
454 7.17963e-23
455 8.36794e-23
456 9.75057e-23
457 1.13589e-22
458 1.32295e-22
459 1.54045e-22
460 1.79329e-22
461 2.08716e-22
462 2.42865e-22
463 2.82539e-22
464 3.28621e-22
465 3.82137e-22
466 4.44272e-22
467 5.164e-22
468 6.00112e-22
469 6.97247e-22
470 8.09935e-22
471 9.4064e-22
472 1.09221e-21
473 1.26794e-21
474 1.47163e-21
475 1.7077e-21
476 1.98121e-21
477 2.29805e-21
478 2.66499e-21
479 3.08987e-21
480 3.58171e-21
481 4.15093e-21
482 4.80957e-21
483 5.57146e-21
484 6.4526e-21
485 7.47138e-21
486 8.649e-21
487 1.00099e-20
488 1.15821e-20
489 1.3398e-20
490 1.54947e-20
491 1.79151e-20
492 2.07082e-20
493 2.39304e-20
494 2.76468e-20
495 3.19315e-20
496 3.68702e-20
497 4.25606e-20
498 4.91153e-20
499 5.66629e-20
500 6.5351e-20
501 7.53484e-20
502 8.68486e-20
503 1.00073e-19
504 1.15274e-19
505 1.32742e-19
506 1.52807e-19
507 1.75846e-19
508 2.02292e-19
509 2.32635e-19
510 2.67438e-19
511 3.07341e-19
512 3.53074e-19
513 4.05467e-19
514 4.65468e-19
515 5.34156e-19
516 6.12755e-19
517 7.02663e-19
518 8.05464e-19
519 9.22963e-19
520 1.05721e-18
521 1.21053e-18
522 1.38556e-18
523 1.5853e-18
524 1.81315e-18
525 2.07296e-18
526 2.36911e-18
527 2.70655e-18
528 3.09089e-18
529 3.52848e-18
530 4.02652e-18
531 4.59315e-18
532 5.23757e-18
533 5.97021e-18
534 6.80286e-18
535 7.74883e-18
536 8.82317e-18
537 1.00429e-17
538 1.14273e-17
539 1.29979e-17
540 1.47795e-17
541 1.67995e-17
542 1.90893e-17
543 2.16842e-17
544 2.46239e-17
545 2.79534e-17
546 3.17234e-17
547 3.59909e-17
548 4.08205e-17
549 4.62849e-17
550 5.24661e-17
551 5.94565e-17
552 6.73603e-17
553 7.62951e-17
554 8.63934e-17
555 9.78043e-17
556 1.10696e-16
557 1.25259e-16
558 1.41706e-16
559 1.60278e-16
560 1.81246e-16
561 2.04917e-16
562 2.31634e-16
563 2.61785e-16
564 2.95808e-16
565 3.34194e-16
566 3.77496e-16
567 4.2634e-16
568 4.81427e-16
569 5.43546e-16
570 6.13589e-16
571 6.92556e-16
572 7.81572e-16
573 8.81904e-16
574 9.94977e-16
575 1.12239e-15
576 1.26595e-15
577 1.42767e-15
578 1.60983e-15
579 1.81499e-15
580 2.046e-15
581 2.30608e-15
582 2.59885e-15
583 2.92836e-15
584 3.29914e-15
585 3.71629e-15
586 4.18551e-15
587 4.71318e-15
588 5.30646e-15
589 5.97335e-15
590 6.7228e-15
591 7.5648e-15
592 8.51055e-15
593 9.57251e-15
594 1.07646e-14
595 1.21025e-14
596 1.36033e-14
597 1.52865e-14
598 1.71735e-14
599 1.92883e-14
600 2.16576e-14
601 2.43108e-14
602 2.72809e-14
603 3.06044e-14
604 3.43218e-14
605 3.84779e-14
606 4.31226e-14
607 4.83108e-14
608 5.41036e-14
609 6.05682e-14
610 6.77791e-14
611 7.58185e-14
612 8.4777e-14
613 9.47544e-14
614 1.05861e-13
615 1.18218e-13
616 1.31958e-13
617 1.47228e-13
618 1.64188e-13
619 1.83016e-13
620 2.03903e-13
621 2.27064e-13
622 2.52729e-13
623 2.81151e-13
624 3.1261e-13
625 3.47407e-13
626 3.85874e-13
627 4.2837e-13
628 4.75289e-13
629 5.27059e-13
630 5.84146e-13
631 6.47055e-13
632 7.16336e-13
633 7.92588e-13
634 8.76457e-13
635 9.68647e-13
636 1.06992e-12
637 1.1811e-12
638 1.30307e-12
639 1.43681e-12
640 1.58336e-12
641 1.74385e-12
642 1.91948e-12
643 2.11158e-12
644 2.32157e-12
645 2.55098e-12
646 2.80145e-12
647 3.07476e-12
648 3.37285e-12
649 3.69776e-12
650 4.05174e-12
651 4.43718e-12
652 4.85668e-12
653 5.31302e-12
654 5.80922e-12
655 6.34852e-12
656 6.93443e-12
657 7.57073e-12
658 8.26151e-12
659 9.01118e-12
660 9.82452e-12
661 1.07067e-11
662 1.16633e-11
663 1.27004e-11
664 1.38246e-11
665 1.50431e-11
666 1.63635e-11
667 1.77944e-11
668 1.9345e-11
669 2.10254e-11
670 2.28465e-11
671 2.48203e-11
672 2.696e-11
673 2.92799e-11
674 3.17959e-11
675 3.45252e-11
676 3.74868e-11
677 4.07018e-11
678 4.4193e-11
679 4.79859e-11
680 5.21084e-11
681 5.65913e-11
682 6.14686e-11
683 6.67779e-11
684 7.25607e-11
685 7.88626e-11
686 8.57344e-11
687 9.3232e-11
688 1.01417e-10
689 1.10358e-10
690 1.20131e-10
691 1.30818e-10
692 1.42512e-10
693 1.55314e-10
694 1.69338e-10
695 1.84706e-10
696 2.01556e-10
697 2.20038e-10
698 2.40318e-10
699 2.62579e-10
700 2.87022e-10
701 3.13868e-10
702 3.4336e-10
703 3.75765e-10
704 4.11375e-10
705 4.5051e-10
706 4.93522e-10
707 5.40796e-10
708 5.9275e-10
709 6.49843e-10
710 7.12575e-10
711 7.81492e-10
712 8.57185e-10
713 9.40301e-10
714 1.03154e-09
715 1.13166e-09
716 1.24149e-09
717 1.36192e-09
718 1.49392e-09
719 1.63852e-09
720 1.79686e-09
721 1.97014e-09
722 2.15966e-09
723 2.36683e-09
724 2.59315e-09
725 2.84024e-09
726 3.10982e-09
727 3.40374e-09
728 3.72396e-09
729 4.07259e-09
730 4.45186e-09
731 4.86415e-09
732 5.31199e-09
733 5.79805e-09
734 6.32515e-09
735 6.8963e-09
736 7.51465e-09
737 8.18351e-09
738 8.90638e-09
739 9.68692e-09
740 1.0529e-08
741 1.14365e-08
742 1.24138e-08
743 1.34652e-08
744 1.45951e-08
745 1.58083e-08
746 1.71096e-08
747 1.85041e-08
748 1.99968e-08
749 2.15931e-08
750 2.32984e-08
751 2.51182e-08
752 2.7058e-08
753 2.91237e-08
754 3.13208e-08
755 3.36552e-08
756 3.61327e-08
757 3.87589e-08
758 4.15395e-08
759 4.44801e-08
760 4.75862e-08
761 5.0863e-08
762 5.43157e-08
763 5.79489e-08
764 6.17672e-08
765 6.57747e-08
766 6.9975e-08
767 7.43715e-08
768 7.89668e-08
769 8.37628e-08
770 8.87611e-08
771 9.39623e-08
772 9.93661e-08
773 1.04972e-07
774 1.10777e-07
775 1.16779e-07
776 1.22973e-07
777 1.29355e-07
778 1.35918e-07
779 1.42653e-07
780 1.49553e-07
781 1.56606e-07
782 1.63801e-07
783 1.71124e-07
784 1.7856e-07
785 1.86093e-07
786 1.93704e-07
787 2.01375e-07
788 2.09085e-07
789 2.1681e-07
790 2.24528e-07
791 2.32213e-07
792 2.39839e-07
793 2.4738e-07
794 2.54807e-07
795 2.62092e-07
796 2.69206e-07
797 2.76122e-07
798 2.8281e-07
799 2.89244e-07
800 2.95397e-07
801 3.01245e-07
802 3.06767e-07
803 3.11943e-07
804 3.1676e-07
805 3.21207e-07
806 3.2528e-07
807 3.28982e-07
808 3.32321e-07
809 3.35318e-07
810 3.38002e-07
811 3.40415e-07
812 3.4261e-07
813 3.44658e-07
814 3.46646e-07
815 3.48679e-07
816 3.50884e-07
817 3.53412e-07
818 3.56438e-07
819 3.60168e-07
820 3.64839e-07
821 3.70719e-07
822 3.78119e-07
823 3.87388e-07
824 3.98919e-07
825 4.13157e-07
826 4.30596e-07
827 4.5179e-07
828 4.77353e-07
829 5.07966e-07
830 5.44382e-07
831 5.87429e-07
832 6.38019e-07
833 6.97153e-07
834 7.65924e-07
835 8.45529e-07
836 9.3727e-07
837 1.04257e-06
838 1.16295e-06
839 1.3001e-06
840 1.45582e-06
841 1.63206e-06
842 1.83093e-06
843 2.0547e-06
844 2.3058e-06
845 2.58686e-06
846 2.9007e-06
847 3.25033e-06
848 3.63898e-06
849 4.0701e-06
850 4.54737e-06
851 5.07473e-06
852 5.65635e-06
853 6.2967e-06
854 7.0005e-06
855 7.77279e-06
856 8.6189e-06
857 9.54448e-06
858 1.05555e-05
859 1.16584e-05
860 1.28597e-05
861 1.41665e-05
862 1.55864e-05
863 1.71271e-05
864 1.8797e-05
865 2.06047e-05
866 2.25593e-05
867 2.46707e-05
868 2.69487e-05
869 2.9404e-05
870 3.20478e-05
871 3.48915e-05
872 3.79475e-05
873 4.12285e-05
874 4.47476e-05
875 4.8519e-05
876 5.25569e-05
877 5.68766e-05
878 6.14939e-05
879 6.64251e-05
880 7.16873e-05
881 7.72984e-05
882 8.32768e-05
883 8.96417e-05
884 9.64131e-05
885 0.000103612
886 0.000111259
887 0.000119377
888 0.000127989
889 0.000137118
890 0.00014679
891 0.00015703
892 0.000167864
893 0.00017932
894 0.000191425
895 0.000204209
896 0.000217701
897 0.000231933
898 0.000246936
899 0.000262742
900 0.000279386
901 0.000296901
902 0.000315324
903 0.000334691
904 0.000355039
905 0.000376406
906 0.000398833
907 0.000422359
908 0.000447026
909 0.000472876
910 0.000499952
911 0.000528299
912 0.000557961
913 0.000588986
914 0.00062142
915 0.000655311
916 0.000690708
917 0.000727661
918 0.000766222
919 0.000806441
920 0.000848372
921 0.000892068
922 0.000937583
923 0.000984972
924 0.00103429
925 0.0010856
926 0.00113895
927 0.0011944
928 0.00125201
929 0.00131184
930 0.00137396
931 0.00143841
932 0.00150526
933 0.00157458
934 0.00164642
935 0.00172084
936 0.00179791
937 0.00187769
938 0.00196024
939 0.00204562
940 0.0021339
941 0.00222514
942 0.0023194
943 0.00241674
944 0.00251722
945 0.00262091
946 0.00272785
947 0.00283812
948 0.00295177
949 0.00306886
950 0.00318945
951 0.00331358
952 0.00344132
953 0.00357272
954 0.00370782
955 0.00384668
956 0.00398935
957 0.00413588
958 0.0042863
959 0.00444066
960 0.004599
961 0.00476135
962 0.00492775
963 0.00509824
964 0.00527284
965 0.00545157
966 0.00563447
967 0.00582155
968 0.00601282
969 0.00620831
970 0.00640801
971 0.00661194
972 0.00682009
973 0.00703246
974 0.00724905
975 0.00746985
976 0.00769482
977 0.00792397
978 0.00815725
979 0.00839465
980 0.00863612
981 0.00888162
982 0.00913111
983 0.00938453
984 0.00964183
985 0.00990295
986 0.0101678
987 0.0104364
988 0.0107085
989 0.0109841
990 0.0112632
991 0.0115456
992 0.0118312
993 0.0121199
994 0.0124116
995 0.0127061
996 0.0130034
997 0.0133034
998 0.0136057
999 0.0139105
1000 0.0142174
1001 0.0145263
1002 0.014837
1003 0.0151495
1004 0.0154634
1005 0.0157787
1006 0.0160952
1007 0.0164126
1008 0.0167308
1009 0.0170495
1010 0.0173686
1011 0.0176879
1012 0.0180071
1013 0.018326
1014 0.0186444
1015 0.0189622
1016 0.0192789
1017 0.0195945
1018 0.0199086
1019 0.0202211
1020 0.0205318
1021 0.0208402
1022 0.0211463
1023 0.0214498
1024 0.0217505
1025 0.022048
1026 0.0223421
1027 0.0226327
1028 0.0229194
1029 0.023202
1030 0.0234802
1031 0.0237539
1032 0.0240227
1033 0.0242865
1034 0.024545
1035 0.0247979
1036 0.0250451
1037 0.0252862
1038 0.0255211
1039 0.0257496
1040 0.0259714
1041 0.0261864
1042 0.0263942
1043 0.0265948
1044 0.0267878
1045 0.0269733
1046 0.0271508
1047 0.0273203
1048 0.0274817
1049 0.0276347
1050 0.0277791
1051 0.0279149
1052 0.0280419
1053 0.02816
1054 0.0282691
1055 0.0283689
1056 0.0284596
1057 0.0285408
1058 0.0286126
1059 0.0286749
1060 0.0287277
1061 0.0287707
1062 0.0288041
1063 0.0288278
1064 0.0288417
1065 0.0288459
1066 0.0288403
1067 0.0288249
1068 0.0287998
1069 0.0287649
1070 0.0287203
1071 0.0286661
1072 0.0286023
1073 0.028529
1074 0.0284462
1075 0.028354
1076 0.0282525
1077 0.0281419
1078 0.0280221
1079 0.0278934
1080 0.0277559
1081 0.0276097
1082 0.0274549
1083 0.0272918
1084 0.0271204
1085 0.0269409
1086 0.0267535
1087 0.0265585
1088 0.0263559
1089 0.026146
1090 0.0259289
1091 0.025705
1092 0.0254743
1093 0.0252371
1094 0.0249937
1095 0.0247442
1096 0.0244889
1097 0.024228
1098 0.0239618
1099 0.0236904
1100 0.0234142
1101 0.0231334
1102 0.0228482
1103 0.0225589
1104 0.0222657
1105 0.0219689
1106 0.0216687
1107 0.0213653
1108 0.0210591
1109 0.0207502
1110 0.020439
1111 0.0201256
1112 0.0198103
1113 0.0194934
1114 0.0191751
1115 0.0188555
1116 0.0185351
1117 0.0182139
1118 0.0178923
1119 0.0175704
1120 0.0172485
1121 0.0169268
1122 0.0166054
1123 0.0162847
1124 0.0159648
1125 0.0156459
1126 0.0153282
1127 0.0150119
1128 0.0146972
1129 0.0143843
1130 0.0140732
1131 0.0137643
1132 0.0134576
1133 0.0131533
1134 0.0128516
1135 0.0125526
1136 0.0122565
1137 0.0119633
1138 0.0116732
1139 0.0113863
1140 0.0111028
1141 0.0108227
1142 0.0105461
1143 0.0102731
1144 0.0100039
1145 0.00973843
1146 0.00947685
1147 0.00921922
1148 0.0089656
1149 0.00871604
1150 0.0084706
1151 0.00822931
1152 0.00799224
1153 0.0077594
1154 0.00753084
1155 0.00730657
1156 0.00708661
1157 0.00687099
1158 0.00665971
1159 0.00645278
1160 0.0062502
1161 0.00605196
1162 0.00585806
1163 0.00566849
1164 0.00548324
1165 0.00530227
1166 0.00512557
1167 0.00495312
1168 0.00478488
1169 0.00462083
1170 0.00446092
1171 0.00430511
1172 0.00415337
1173 0.00400565
1174 0.00386191
1175 0.00372209
1176 0.00358615
1177 0.00345403
1178 0.00332568
1179 0.00320104
1180 0.00308005
1181 0.00296266
1182 0.0028488
1183 0.00273841
1184 0.00263143
1185 0.00252779
1186 0.00242744
1187 0.0023303
1188 0.00223632
1189 0.00214541
1190 0.00205753
1191 0.00197259
1192 0.00189054
1193 0.00181131
1194 0.00173482
1195 0.00166102
1196 0.00158984
1197 0.0015212
1198 0.00145506
1199 0.00139133
1200 0.00132995
1201 0.00127087
1202 0.00121401
1203 0.00115932
1204 0.00110673
1205 0.00105617
1206 0.0010076
1207 0.000960945
1208 0.000916151
1209 0.000873159
1210 0.000831913
1211 0.000792355
1212 0.000754432
1213 0.00071809
1214 0.000683274
1215 0.000649935
1216 0.00061802
1217 0.000587481
1218 0.000558268
1219 0.000530336
1220 0.000503636
1221 0.000478125
1222 0.000453758
1223 0.000430493
1224 0.000408288
1225 0.000387102
1226 0.000366896
1227 0.000347632
1228 0.000329272
1229 0.000311781
1230 0.000295123
1231 0.000279264
1232 0.000264172
1233 0.000249814
1234 0.00023616
1235 0.00022318
1236 0.000210845
1237 0.000199127
1238 0.000188
1239 0.000177437
1240 0.000167413
1241 0.000157905
1242 0.000148888
1243 0.000140341
1244 0.000132242
1245 0.00012457
1246 0.000117306
1247 0.000110429
1248 0.000103922
1249 9.77674e-05
1250 9.19474e-05
1251 8.64461e-05
1252 8.12478e-05
1253 7.63376e-05
1254 7.17011e-05
1255 6.73246e-05
1256 6.3195e-05
1257 5.92997e-05
1258 5.56267e-05
1259 5.21645e-05
1260 4.89022e-05
1261 4.58292e-05
1262 4.29356e-05
1263 4.02119e-05
1264 3.7649e-05
1265 3.52382e-05
1266 3.29713e-05
1267 3.08404e-05
1268 2.88381e-05
1269 2.69572e-05
1270 2.51909e-05
1271 2.3533e-05
1272 2.19772e-05
1273 2.05178e-05
1274 1.91492e-05
1275 1.78663e-05
1276 1.6664e-05
1277 1.55378e-05
1278 1.44831e-05
1279 1.34957e-05
1280 1.25717e-05
1281 1.17073e-05
1282 1.08989e-05
1283 1.01432e-05
1284 9.43688e-06
1285 8.77701e-06
1286 8.16073e-06
1287 7.58535e-06
1288 7.04834e-06
1289 6.54731e-06
1290 6.08e-06
1291 5.64429e-06
1292 5.23817e-06
1293 4.85977e-06
1294 4.5073e-06
1295 4.1791e-06
1296 3.87361e-06
1297 3.58933e-06
1298 3.32489e-06
1299 3.07898e-06
1300 2.85039e-06
1301 2.63795e-06
1302 2.44059e-06
1303 2.25731e-06
1304 2.08715e-06
1305 1.92922e-06
1306 1.7827e-06
1307 1.64681e-06
1308 1.52081e-06
1309 1.40402e-06
1310 1.2958e-06
1311 1.19556e-06
1312 1.10274e-06
1313 1.01682e-06
1314 9.37307e-07
1315 8.6375e-07
1316 7.95724e-07
1317 7.32835e-07
1318 6.74711e-07
1319 6.2101e-07
1320 5.71411e-07
1321 5.25615e-07
1322 4.83343e-07
1323 4.44337e-07
1324 4.08356e-07
1325 3.75177e-07
1326 3.44589e-07
1327 3.16401e-07
1328 2.90431e-07
1329 2.66513e-07
1330 2.44492e-07
1331 2.24223e-07
1332 2.05573e-07
1333 1.88418e-07
1334 1.72643e-07
1335 1.58142e-07
1336 1.44815e-07
1337 1.32573e-07
1338 1.21329e-07
1339 1.11005e-07
1340 1.0153e-07
1341 9.28362e-08
1342 8.48615e-08
1343 7.75488e-08
1344 7.08453e-08
1345 6.4702e-08
1346 5.9074e-08
1347 5.39195e-08
1348 4.92002e-08
1349 4.48807e-08
1350 4.09283e-08
1351 3.73129e-08
1352 3.40068e-08
1353 3.09845e-08
1354 2.82225e-08
1355 2.56991e-08
1356 2.33944e-08
1357 2.129e-08
1358 1.93693e-08
1359 1.76166e-08
1360 1.60178e-08
1361 1.45598e-08
1362 1.32306e-08
1363 1.20192e-08
1364 1.09155e-08
1365 9.91027e-09
1366 8.99492e-09
1367 8.16171e-09
1368 7.40349e-09
1369 6.71374e-09
1370 6.08645e-09
1371 5.51614e-09
1372 4.9978e-09
1373 4.52683e-09
1374 4.09903e-09
1375 3.71057e-09
1376 3.35793e-09
1377 3.03791e-09
1378 2.74758e-09
1379 2.48426e-09
1380 2.24552e-09
1381 2.02912e-09
1382 1.83303e-09
1383 1.65541e-09
1384 1.49456e-09
1385 1.34894e-09
1386 1.21715e-09
1387 1.09791e-09
1388 9.90062e-10
1389 8.92545e-10
1390 8.04397e-10
1391 7.24741e-10
1392 6.5278e-10
1393 5.87792e-10
1394 5.29119e-10
1395 4.76162e-10
1396 4.28379e-10
1397 3.85279e-10
1398 3.46413e-10
1399 3.11376e-10
1400 2.79801e-10
1401 2.51354e-10
1402 2.25734e-10
1403 2.02665e-10
1404 1.81901e-10
1405 1.63216e-10
1406 1.46408e-10
1407 1.31292e-10
1408 1.17703e-10
1409 1.0549e-10
1410 9.45158e-11
1411 8.4659e-11
1412 7.58081e-11
1413 6.78628e-11
1414 6.07326e-11
1415 5.43358e-11
1416 4.85986e-11
1417 4.34547e-11
1418 3.88439e-11
1419 3.47124e-11
1420 3.10114e-11
1421 2.76969e-11
1422 2.47296e-11
1423 2.20739e-11
1424 1.96977e-11
1425 1.75722e-11
1426 1.56716e-11
1427 1.39725e-11
1428 1.24541e-11
1429 1.10976e-11
1430 9.88596e-12
1431 8.80412e-12
1432 7.83843e-12
1433 6.97668e-12
1434 6.20791e-12
1435 5.52228e-12
1436 4.91099e-12
1437 4.36613e-12
1438 3.88063e-12
1439 3.44814e-12
1440 3.06299e-12
1441 2.72009e-12
1442 2.4149e-12
1443 2.14335e-12
1444 1.9018e-12
1445 1.68701e-12
1446 1.49605e-12
1447 1.32634e-12
1448 1.17555e-12
1449 1.04161e-12
1450 9.22682e-13
1451 8.17102e-13
1452 7.23402e-13
1453 6.4027e-13
1454 5.66534e-13
1455 5.01151e-13
1456 4.43191e-13
1457 3.91825e-13
1458 3.46318e-13
1459 3.06011e-13
1460 2.70321e-13
1461 2.38727e-13
1462 2.10768e-13
1463 1.86033e-13
1464 1.64155e-13
1465 1.4481e-13
1466 1.2771e-13
1467 1.12598e-13
1468 9.92467e-14
1469 8.74548e-14
1470 7.70429e-14
1471 6.78519e-14
1472 5.97409e-14
1473 5.25852e-14
1474 4.62738e-14
1475 4.07088e-14
1476 3.58033e-14
1477 3.14802e-14
1478 2.76716e-14
1479 2.43171e-14
1480 2.13634e-14
1481 1.87633e-14
1482 1.64752e-14
1483 1.44621e-14
1484 1.26915e-14
1485 1.11346e-14
1486 9.76609e-15
1487 8.56339e-15
1488 7.50675e-15
1489 6.57868e-15
1490 5.76377e-15
1491 5.04842e-15
1492 4.42064e-15
1493 3.86986e-15
1494 3.38678e-15
1495 2.96318e-15
1496 2.59186e-15
1497 2.26644e-15
1498 1.98134e-15
1499 1.73162e-15
1500 1.51296e-15
1501 1.32155e-15
1502 1.15404e-15
1503 1.00748e-15
1504 8.79296e-16
1505 7.67208e-16
1506 6.69225e-16
1507 5.83594e-16
1508 5.08781e-16
1509 4.43436e-16
1510 3.86378e-16
1511 3.36569e-16
1512 2.931e-16
1513 2.55175e-16
1514 2.22097e-16
1515 1.93253e-16
1516 1.68109e-16
1517 1.46196e-16
1518 1.27105e-16
1519 1.10476e-16
1520 9.59969e-17
1521 8.33923e-17
1522 7.24229e-17
1523 6.28792e-17
1524 5.45782e-17
1525 4.73601e-17
1526 4.10854e-17
1527 3.56323e-17
1528 3.08945e-17
1529 2.67794e-17
1530 2.3206e-17
1531 2.0104e-17
1532 1.7412e-17
1533 1.50763e-17
1534 1.30504e-17
1535 1.12936e-17
1536 9.77074e-18
1537 8.4509e-18
1538 7.30738e-18
1539 6.31688e-18
1540 5.45917e-18
1541 4.71665e-18
1542 4.07402e-18
1543 3.51801e-18
1544 3.03706e-18
1545 2.62116e-18
1546 2.26161e-18
1547 1.95086e-18
1548 1.68235e-18
1549 1.45042e-18
1550 1.25012e-18
1551 1.0772e-18
1552 9.27952e-19
1553 7.99169e-19
1554 6.88076e-19
1555 5.92269e-19
1556 5.09667e-19
1557 4.3847e-19
1558 3.77118e-19
1559 3.24265e-19
1560 2.78746e-19
1561 2.39554e-19
1562 2.05817e-19
1563 1.76786e-19
1564 1.51809e-19
1565 1.30327e-19
1566 1.11855e-19
1567 9.59764e-20
1568 8.23301e-20
1569 7.06056e-20
1570 6.05348e-20
1571 5.18869e-20
1572 4.44627e-20
1573 3.80908e-20
1574 3.26236e-20
1575 2.79337e-20
1576 2.39118e-20
1577 2.04635e-20
1578 1.7508e-20
1579 1.49754e-20
1580 1.28058e-20
1581 1.09476e-20
1582 9.35666e-21
1583 7.9948e-21
1584 6.82936e-21
1585 5.83229e-21
1586 4.97947e-21
1587 4.25025e-21
1588 3.62686e-21
1589 3.09409e-21
1590 2.63889e-21
1591 2.25007e-21
1592 1.91803e-21
1593 1.63456e-21
1594 1.39262e-21
1595 1.18618e-21
1596 1.01007e-21
1597 8.59881e-22
1598 7.31832e-22
1599 6.22687e-22
1600 5.29679e-22
1601 4.50445e-22
1602 3.82962e-22
1603 3.25502e-22
1604 2.76591e-22
1605 2.34967e-22
1606 1.99554e-22
1607 1.69433e-22
1608 1.43821e-22
1609 1.22048e-22
1610 1.03543e-22
1611 8.78212e-23
1612 7.44666e-23
1613 6.3126e-23
1614 5.34983e-23
1615 4.53269e-23
1616 3.83934e-23
1617 3.25118e-23
1618 2.7524e-23
1619 2.32952e-23
1620 1.97108e-23
1621 1.66736e-23
1622 1.41006e-23
1623 1.19215e-23
1624 1.00765e-23
1625 8.51474e-24
1626 7.19315e-24
1627 6.07508e-24
1628 5.12943e-24
1629 4.32984e-24
1630 3.65393e-24
1631 3.08271e-24
1632 2.60011e-24
1633 2.19248e-24
1634 1.84827e-24
1635 1.55769e-24
1636 1.31244e-24
1637 1.10552e-24
1638 9.30978e-25
1639 7.83786e-25
1640 6.59693e-25
1641 5.55102e-25
1642 4.66971e-25
1643 3.92729e-25
1644 3.30205e-25
1645 2.77562e-25
1646 2.33251e-25
1647 1.95963e-25
1648 1.64593e-25
1649 1.38209e-25
1650 1.16024e-25
1651 9.73754e-26
1652 8.17027e-26
1653 6.85348e-26
1654 5.74742e-26
1655 4.81863e-26
1656 4.03889e-26
1657 3.38445e-26
1658 2.83532e-26
1659 2.37468e-26
1660 1.98836e-26
1661 1.66446e-26
1662 1.39297e-26
1663 1.16546e-26
1664 9.74858e-27
1665 8.15218e-27
1666 6.81546e-27
1667 5.69646e-27
1668 4.75996e-27
1669 3.9764e-27
1670 3.32098e-27
1671 2.77288e-27
1672 2.31464e-27
1673 1.93163e-27
1674 1.61159e-27
1675 1.34423e-27
1676 1.12093e-27
1677 9.34492e-28
1678 7.7886e-28
1679 6.48981e-28
1680 5.4062e-28
1681 4.50236e-28
1682 3.74867e-28
1683 3.12034e-28
1684 2.59666e-28
1685 2.16031e-28
1686 1.79682e-28
1687 1.4941e-28
1688 1.24206e-28
1689 1.03227e-28
1690 8.57692e-29
1691 7.12454e-29
1692 5.91656e-29
1693 4.91211e-29
1694 4.07713e-29
1695 3.3832e-29
1696 2.80664e-29
1697 2.32773e-29
1698 1.93003e-29
1699 1.59986e-29
1700 1.32583e-29
1701 1.09844e-29
1702 9.09818e-30
1703 7.53385e-30
1704 6.23684e-30
1705 5.16176e-30
1706 4.27087e-30
1707 3.53282e-30
1708 2.92153e-30
1709 2.41538e-30
1710 1.99639e-30
1711 1.64964e-30
1712 1.36276e-30
1713 1.12547e-30
1714 9.29254e-31
1715 7.67041e-31
1716 6.32977e-31
1717 5.22207e-31
1718 4.30707e-31
1719 3.55145e-31
1720 2.92761e-31
1721 2.41272e-31
1722 1.98786e-31
1723 1.63738e-31
1724 1.34833e-31
1725 1.11001e-31
1726 9.1358e-32
1727 7.51708e-32
1728 6.18353e-32
1729 5.08522e-32
1730 4.18088e-32
1731 3.43646e-32
1732 2.82383e-32
1733 2.31981e-32
1734 1.90525e-32
1735 1.56437e-32
1736 1.28413e-32
1737 1.05382e-32
1738 8.64587e-33
1739 7.09149e-33
1740 5.81504e-33
1741 4.7671e-33
1742 3.90698e-33
1743 3.20122e-33
1744 2.62227e-33
1745 2.14746e-33
1746 1.75817e-33
1747 1.43907e-33
1748 1.17758e-33
1749 9.63356e-34
1750 7.87899e-34
1751 6.44231e-34
1752 5.26623e-34
1753 4.30374e-34
1754 3.51626e-34
1755 2.87212e-34
1756 2.34537e-34
1757 1.91474e-34
1758 1.56277e-34
1759 1.27518e-34
1760 1.04024e-34
1761 8.48364e-35
1762 6.91705e-35
1763 5.63829e-35
1764 4.59476e-35
1765 3.7434e-35
1766 3.049e-35
1767 2.48277e-35
1768 2.02118e-35
1769 1.64498e-35
1770 1.33846e-35
1771 1.08877e-35
1772 8.85433e-36
1773 7.19885e-36
1774 5.85138e-36
1775 4.7549e-36
1776 3.86288e-36
1777 3.13739e-36
1778 2.5475e-36
1779 2.06797e-36
1780 1.67828e-36
1781 1.36166e-36
1782 1.10449e-36
1783 8.9565e-37
1784 7.2611e-37
1785 5.88508e-37
1786 4.76857e-37
1787 3.86286e-37
1788 3.12835e-37
1789 2.53283e-37
1790 2.05013e-37
1791 1.65898e-37
1792 1.34211e-37
1793 1.08546e-37
1794 8.77662e-38
1795 7.09452e-38
1796 5.73326e-38
1797 4.63195e-38
1798 3.74118e-38
1799 3.02089e-38
1800 2.43862e-38
1801 1.96805e-38
1802 1.58785e-38
1803 1.28074e-38
1804 1.03276e-38
1805 8.32558e-39
1806 6.70983e-39
1807 5.40617e-39
1808 4.35459e-39
1809 3.50659e-39
1810 2.82295e-39
1811 2.27196e-39
1812 1.82801e-39
1813 1.4704e-39
1814 1.18242e-39
1815 9.50574e-40
1816 7.63976e-40
1817 6.13836e-40
1818 4.93065e-40
1819 3.95944e-40
1820 3.17865e-40
1821 2.55111e-40
1822 2.04689e-40
1823 1.64186e-40
1824 1.31661e-40
1825 1.0555e-40
1826 8.45934e-41
1827 6.77786e-41
1828 5.42909e-41
1829 4.3475e-41
1830 3.48041e-41
1831 2.78547e-41
1832 2.22867e-41
1833 1.78267e-41
1834 1.42553e-41
1835 1.13962e-41
1836 9.10793e-42
1837 7.27712e-42
1838 5.81271e-42
1839 4.64169e-42
1840 3.70556e-42
1841 2.9574e-42
1842 2.35964e-42
1843 1.88218e-42
1844 1.50091e-42
1845 1.19655e-42
1846 9.53639e-43
1847 7.59833e-43
1848 6.05248e-43
1849 4.8198e-43
1850 3.83711e-43
1851 3.05395e-43
1852 2.42996e-43
1853 1.93294e-43
1854 1.53716e-43
1855 1.22208e-43
1856 9.71319e-44
1857 7.71803e-44
1858 6.13102e-44
1859 4.86901e-44
1860 3.86573e-44
1861 3.06834e-44
1862 2.43477e-44
1863 1.9315e-44
1864 1.53184e-44
1865 1.21455e-44
1866 9.62715e-45
1867 7.62893e-45
1868 6.04382e-45
1869 4.78677e-45
1870 3.79014e-45
1871 3.0002e-45
1872 2.37425e-45
1873 1.87839e-45
1874 1.48569e-45
1875 1.17476e-45
1876 9.28656e-46
1877 7.33906e-46
1878 5.79839e-46
1879 4.57989e-46
1880 3.61646e-46
1881 2.85491e-46
1882 2.25311e-46
1883 1.77767e-46
1884 1.40217e-46
1885 1.10567e-46
1886 8.71633e-47
1887 6.86939e-47
1888 5.41228e-47
1889 4.26304e-47
1890 3.35688e-47
1891 2.64259e-47
1892 2.07969e-47
1893 1.63622e-47
1894 1.28694e-47
1895 1.01193e-47
1896 7.9546e-48
1897 6.25111e-48
1898 4.91098e-48
1899 3.85701e-48
1900 3.02833e-48
1901 2.37698e-48
1902 1.86517e-48
1903 1.46312e-48
1904 1.14738e-48
1905 8.99506e-49
1906 7.04962e-49
1907 5.52323e-49
1908 4.32598e-49
1909 3.38719e-49
1910 2.6513e-49
1911 2.07462e-49
1912 1.62286e-49
1913 1.26906e-49
1914 9.92072e-50
1915 7.75287e-50
1916 6.05675e-50
1917 4.73014e-50
1918 3.69286e-50
1919 2.88209e-50
1920 2.24857e-50
1921 1.75371e-50
1922 1.36729e-50
1923 1.06565e-50
1924 8.30274e-51
1925 6.46659e-51
1926 5.03476e-51
1927 3.91858e-51
1928 3.04878e-51
1929 2.3712e-51
1930 1.84355e-51
1931 1.43281e-51
1932 1.11317e-51
1933 8.64526e-52
1934 6.71175e-52
1935 5.20875e-52
1936 4.04083e-52
1937 3.13363e-52
1938 2.42919e-52
1939 1.8824e-52
1940 1.45814e-52
1941 1.12907e-52
1942 8.73929e-53
1943 6.76186e-53
1944 5.22985e-53
1945 4.04337e-53
1946 3.12485e-53
1947 2.41405e-53
1948 1.8642e-53
1949 1.43902e-53
1950 1.11037e-53
1951 8.56447e-54
1952 6.60325e-54
1953 5.0891e-54
1954 3.92058e-54
1955 3.01914e-54
1956 2.32403e-54
1957 1.78822e-54
1958 1.37539e-54
1959 1.05743e-54
1960 8.12641e-55
1961 6.24262e-55
1962 4.79353e-55
1963 3.67929e-55
1964 2.82287e-55
1965 2.1649e-55
1966 1.65959e-55
1967 1.27169e-55
1968 9.7405e-56
1969 7.45755e-56
1970 5.70726e-56
1971 4.3659e-56
1972 3.33838e-56
1973 2.5516e-56
1974 1.94941e-56
1975 1.4887e-56
1976 1.13638e-56
1977 8.67072e-57
1978 6.613e-57
1979 5.04143e-57
1980 3.84167e-57
1981 2.92616e-57
1982 2.22786e-57
1983 1.69546e-57
1984 1.28972e-57
1985 9.80657e-58
1986 7.45327e-58
1987 5.66221e-58
1988 4.29966e-58
1989 3.26355e-58
1990 2.47603e-58
1991 1.87771e-58
1992 1.42334e-58
1993 1.07845e-58
1994 8.16762e-59
1995 6.18299e-59
1996 4.67853e-59
1997 3.53856e-59
1998 2.67516e-59
1999 2.02153e-59
2000 1.52692e-59
2001 1.15281e-59
2002 8.69973e-60
2003 6.56234e-60
2004 4.94786e-60
2005 3.7289e-60
2006 2.80899e-60
2007 2.11506e-60
2008 1.59185e-60
2009 1.19752e-60
2010 9.00474e-61
2011 6.76804e-61
2012 5.08462e-61
2013 3.81819e-61
2014 2.8659e-61
2015 2.15015e-61
2016 1.61242e-61
2017 1.20863e-61
2018 9.05546e-62
2019 6.78157e-62
2020 5.07637e-62
2021 3.79821e-62
2022 2.84058e-62
2023 2.12342e-62
2024 1.5866e-62
2025 1.18494e-62
2026 8.84565e-63
2027 6.60026e-63
2028 4.92256e-63
2029 3.66959e-63
2030 2.73427e-63
2031 2.03639e-63
2032 1.51592e-63
2033 1.12794e-63
2034 8.38865e-64
2035 6.23594e-64
2036 4.6337e-64
2037 3.44189e-64
2038 2.55602e-64
2039 1.89813e-64
2040 1.41018e-64
2041 1.04895e-64
2042 7.82337e-65
2043 5.86574e-65
2044 4.44142e-65
2045 3.42243e-65
2046 2.71682e-65
2047 2.26056e-65
