0 1.67765e-50
1 1.17005e-50
2 8.38543e-51
3 6.64954e-51
4 6.39207e-51
5 7.58778e-51
6 1.02853e-50
7 1.46089e-50
8 2.07647e-50
9 2.90499e-50
10 3.98676e-50
11 5.37458e-50
12 7.13631e-50
13 9.35817e-50
14 1.21488e-49
15 1.56448e-49
16 2.00168e-49
17 2.54782e-49
18 3.2295e-49
19 4.07987e-49
20 5.14024e-49
21 6.46198e-49
22 8.10905e-49
23 1.0161e-48
24 1.27166e-48
25 1.58989e-48
26 1.98605e-48
27 2.47912e-48
28 3.09266e-48
29 3.85593e-48
30 4.80525e-48
31 5.98569e-48
32 7.45318e-48
33 9.27709e-48
34 1.15434e-47
35 1.43589e-47
36 1.78557e-47
37 2.21976e-47
38 2.75877e-47
39 3.42772e-47
40 4.25775e-47
41 5.28738e-47
42 6.56431e-47
43 8.14756e-47
44 1.01101e-46
45 1.25422e-46
46 1.55555e-46
47 1.92878e-46
48 2.39098e-46
49 2.96319e-46
50 3.67142e-46
51 4.54779e-46
52 5.63196e-46
53 6.97284e-46
54 8.63079e-46
55 1.06803e-45
56 1.32132e-45
57 1.63427e-45
58 2.02083e-45
59 2.4982e-45
60 3.08757e-45
61 3.81502e-45
62 4.71268e-45
63 5.82009e-45
64 7.18594e-45
65 8.87009e-45
66 1.09462e-44
67 1.35049e-44
68 1.66575e-44
69 2.0541e-44
70 2.53235e-44
71 3.12117e-44
72 3.84595e-44
73 4.73786e-44
74 5.83518e-44
75 7.18486e-44
76 8.84455e-44
77 1.0885e-43
78 1.33928e-43
79 1.64744e-43
80 2.02601e-43
81 2.49098e-43
82 3.0619e-43
83 3.76277e-43
84 4.62296e-43
85 5.67843e-43
86 6.9732e-43
87 8.56114e-43
88 1.05082e-42
89 1.2895e-42
90 1.58201e-42
91 1.94042e-42
92 2.37947e-42
93 2.91716e-42
94 3.57552e-42
95 4.38143e-42
96 5.36771e-42
97 6.57446e-42
98 8.05063e-42
99 9.85592e-42
100 1.20632e-41
101 1.47613e-41
102 1.80587e-41
103 2.20874e-41
104 2.70085e-41
105 3.30183e-41
106 4.03558e-41
107 4.93122e-41
108 6.02422e-41
109 7.35773e-41
110 8.98429e-41
111 1.09678e-40
112 1.33861e-40
113 1.63336e-40
114 1.99255e-40
115 2.43013e-40
116 2.9631e-40
117 3.61209e-40
118 4.40216e-40
119 5.36375e-40
120 6.53379e-40
121 7.95713e-40
122 9.68818e-40
123 1.17929e-39
124 1.43514e-39
125 1.74607e-39
126 2.12385e-39
127 2.58272e-39
128 3.13996e-39
129 3.81649e-39
130 4.63764e-39
131 5.63408e-39
132 6.84293e-39
133 8.3091e-39
134 1.00869e-38
135 1.22421e-38
136 1.48541e-38
137 1.80189e-38
138 2.18527e-38
139 2.64956e-38
140 3.21171e-38
141 3.89218e-38
142 4.71566e-38
143 5.71196e-38
144 6.91706e-38
145 8.37438e-38
146 1.01363e-37
147 1.22658e-37
148 1.48392e-37
149 1.79482e-37
150 2.17033e-37
151 2.62377e-37
152 3.17118e-37
153 3.83188e-37
154 4.62914e-37
155 5.59094e-37
156 6.75096e-37
157 8.14973e-37
158 9.836e-37
159 1.18684e-36
160 1.43173e-36
161 1.72675e-36
162 2.08207e-36
163 2.50991e-36
164 3.02496e-36
165 3.64485e-36
166 4.39075e-36
167 5.28805e-36
168 6.36724e-36
169 7.66487e-36
170 9.22481e-36
171 1.10996e-35
172 1.33524e-35
173 1.60585e-35
174 1.93086e-35
175 2.32111e-35
176 2.78958e-35
177 3.3518e-35
178 4.0264e-35
179 4.83562e-35
180 5.80611e-35
181 6.96971e-35
182 8.36454e-35
183 1.00361e-34
184 1.20389e-34
185 1.44378e-34
186 1.73107e-34
187 2.07502e-34
188 2.48671e-34
189 2.97937e-34
190 3.56876e-34
191 4.27372e-34
192 5.11669e-34
193 6.12443e-34
194 7.32887e-34
195 8.76804e-34
196 1.04872e-33
197 1.25405e-33
198 1.4992e-33
199 1.79184e-33
200 2.14108e-33
201 2.55775e-33
202 3.05476e-33
203 3.64745e-33
204 4.35406e-33
205 5.19628e-33
206 6.19989e-33
207 7.39552e-33
208 8.81956e-33
209 1.05152e-32
210 1.25338e-32
211 1.49363e-32
212 1.77949e-32
213 2.11954e-32
214 2.52396e-32
215 3.00482e-32
216 3.57641e-32
217 4.25572e-32
218 5.06283e-32
219 6.02156e-32
220 7.16013e-32
221 8.51193e-32
222 1.01165e-31
223 1.20208e-31
224 1.428e-31
225 1.69599e-31
226 2.01379e-31
227 2.39058e-31
228 2.83719e-31
229 3.36646e-31
230 3.99352e-31
231 4.73627e-31
232 5.61585e-31
233 6.65722e-31
234 7.88985e-31
235 9.34853e-31
236 1.10743e-30
237 1.31156e-30
238 1.55296e-30
239 1.83836e-30
240 2.1757e-30
241 2.57434e-30
242 3.04531e-30
243 3.6016e-30
244 4.25852e-30
245 5.03407e-30
246 5.94946e-30
247 7.02966e-30
248 8.30402e-30
249 9.80707e-30
250 1.15794e-29
251 1.36689e-29
252 1.61315e-29
253 1.90332e-29
254 2.24515e-29
255 2.64774e-29
256 3.12177e-29
257 3.67977e-29
258 4.33646e-29
259 5.1091e-29
260 6.01794e-29
261 7.08672e-29
262 8.34327e-29
263 9.82022e-29
264 1.15558e-28
265 1.35947e-28
266 1.59895e-28
267 1.88014e-28
268 2.21024e-28
269 2.59765e-28
270 3.05222e-28
271 3.58544e-28
272 4.21076e-28
273 4.94393e-28
274 5.80331e-28
275 6.81038e-28
276 7.99024e-28
277 9.37218e-28
278 1.09904e-27
279 1.28849e-27
280 1.51022e-27
281 1.76967e-27
282 2.07319e-27
283 2.42817e-27
284 2.84324e-27
285 3.32845e-27
286 3.89551e-27
287 4.55808e-27
288 5.33206e-27
289 6.23596e-27
290 7.29133e-27
291 8.52328e-27
292 9.961e-27
293 1.16385e-26
294 1.35952e-26
295 1.58771e-26
296 1.85377e-26
297 2.16391e-26
298 2.52533e-26
299 2.94644e-26
300 3.43695e-26
301 4.0082e-26
302 4.67329e-26
303 5.44748e-26
304 6.34844e-26
305 7.39669e-26
306 8.61602e-26
307 1.0034e-25
308 1.16827e-25
309 1.3599e-25
310 1.58261e-25
311 1.84135e-25
312 2.1419e-25
313 2.49091e-25
314 2.89612e-25
315 3.36646e-25
316 3.91225e-25
317 4.54546e-25
318 5.2799e-25
319 6.13155e-25
320 7.11887e-25
321 8.2632e-25
322 9.58916e-25
323 1.11252e-24
324 1.29042e-24
325 1.4964e-24
326 1.73483e-24
327 2.01077e-24
328 2.33002e-24
329 2.6993e-24
330 3.12633e-24
331 3.62002e-24
332 4.19062e-24
333 4.84995e-24
334 5.61162e-24
335 6.49128e-24
336 7.50695e-24
337 8.67935e-24
338 1.00323e-23
339 1.15933e-23
340 1.33937e-23
341 1.54699e-23
342 1.78633e-23
343 2.06219e-23
344 2.38005e-23
345 2.7462e-23
346 3.16789e-23
347 3.65341e-23
348 4.21229e-23
349 4.85544e-23
350 5.59539e-23
351 6.4465e-23
352 7.42523e-23
353 8.55043e-23
354 9.8437e-23
355 1.13298e-22
356 1.3037e-22
357 1.49979e-22
358 1.72495e-22
359 1.98342e-22
360 2.28008e-22
361 2.62048e-22
362 3.01097e-22
363 3.45883e-22
364 3.97236e-22
365 4.56105e-22
366 5.23574e-22
367 6.00883e-22
368 6.89444e-22
369 7.90873e-22
370 9.07013e-22
371 1.03996e-21
372 1.19213e-21
373 1.36624e-21
374 1.56541e-21
375 1.79321e-21
376 2.05368e-21
377 2.35144e-21
378 2.69175e-21
379 3.08059e-21
380 3.52479e-21
381 4.0321e-21
382 4.61134e-21
383 5.27257e-21
384 6.0272e-21
385 6.88821e-21
386 7.87037e-21
387 8.99044e-21
388 1.02675e-20
389 1.17231e-20
390 1.33818e-20
391 1.52716e-20
392 1.7424e-20
393 1.9875e-20
394 2.26652e-20
395 2.58407e-20
396 2.94538e-20
397 3.35637e-20
398 3.82376e-20
399 4.35514e-20
400 4.95911e-20
401 5.64541e-20
402 6.42504e-20
403 7.31048e-20
404 8.3158e-20
405 9.45694e-20
406 1.07519e-19
407 1.2221e-19
408 1.38872e-19
409 1.57765e-19
410 1.79181e-19
411 2.03451e-19
412 2.30949e-19
413 2.62094e-19
414 2.97361e-19
415 3.37286e-19
416 3.82472e-19
417 4.33598e-19
418 4.9143e-19
419 5.56832e-19
420 6.30773e-19
421 7.14349e-19
422 8.08791e-19
423 9.15483e-19
424 1.03599e-18
425 1.17205e-18
426 1.32566e-18
427 1.49901e-18
428 1.69461e-18
429 1.91526e-18
430 2.16411e-18
431 2.44469e-18
432 2.76097e-18
433 3.11741e-18
434 3.51902e-18
435 3.97142e-18
436 4.4809e-18
437 5.05456e-18
438 5.70031e-18
439 6.42705e-18
440 7.24476e-18
441 8.16461e-18
442 9.19912e-18
443 1.03623e-17
444 1.167e-17
445 1.31396e-17
446 1.47909e-17
447 1.6646e-17
448 1.87294e-17
449 2.10689e-17
450 2.36951e-17
451 2.66427e-17
452 2.99501e-17
453 3.36603e-17
454 3.78216e-17
455 4.24875e-17
456 4.77179e-17
457 5.35799e-17
458 6.01479e-17
459 6.75052e-17
460 7.57446e-17
461 8.49694e-17
462 9.52949e-17
463 1.06849e-16
464 1.19776e-16
465 1.34233e-16
466 1.50398e-16
467 1.68467e-16
468 1.8866e-16
469 2.1122e-16
470 2.36418e-16
471 2.64553e-16
472 2.95959e-16
473 3.31007e-16
474 3.70108e-16
475 4.13718e-16
476 4.62342e-16
477 5.16542e-16
478 5.76939e-16
479 6.44223e-16
480 7.19156e-16
481 8.02584e-16
482 8.95443e-16
483 9.98768e-16
484 1.1137e-15
485 1.24152e-15
486 1.38362e-15
487 1.54156e-15
488 1.71703e-15
489 1.91195e-15
490 2.12841e-15
491 2.3687e-15
492 2.63539e-15
493 2.93129e-15
494 3.25951e-15
495 3.62349e-15
496 4.02701e-15
497 4.47424e-15
498 4.9698e-15
499 5.51877e-15
500 6.12674e-15
501 6.79989e-15
502 7.54502e-15
503 8.36963e-15
504 9.28197e-15
505 1.02912e-14
506 1.14072e-14
507 1.26411e-14
508 1.4005e-14
509 1.55123e-14
510 1.71777e-14
511 1.90174e-14
512 2.10491e-14
513 2.32925e-14
514 2.57691e-14
515 2.85024e-14
516 3.15186e-14
517 3.48462e-14
518 3.85166e-14
519 4.25643e-14
520 4.70271e-14
521 5.19466e-14
522 5.73684e-14
523 6.33426e-14
524 6.9924e-14
525 7.71728e-14
526 8.51551e-14
527 9.3943e-14
528 1.03616e-13
529 1.1426e-13
530 1.25972e-13
531 1.38853e-13
532 1.53019e-13
533 1.68593e-13
534 1.85712e-13
535 2.04524e-13
536 2.25191e-13
537 2.47889e-13
538 2.72814e-13
539 3.00174e-13
540 3.30201e-13
541 3.63144e-13
542 3.99276e-13
543 4.38896e-13
544 4.82326e-13
545 5.29919e-13
546 5.82058e-13
547 6.39158e-13
548 7.01672e-13
549 7.70092e-13
550 8.44951e-13
551 9.26828e-13
552 1.01635e-12
553 1.1142e-12
554 1.22111e-12
555 1.33789e-12
556 1.46539e-12
557 1.60456e-12
558 1.75641e-12
559 1.92203e-12
560 2.10262e-12
561 2.29945e-12
562 2.51391e-12
563 2.74749e-12
564 3.00181e-12
565 3.27862e-12
566 3.57979e-12
567 3.90736e-12
568 4.26352e-12
569 4.65062e-12
570 5.07123e-12
571 5.52808e-12
572 6.02414e-12
573 6.5626e-12
574 7.1469e-12
575 7.78074e-12
576 8.46812e-12
577 9.21333e-12
578 1.0021e-11
579 1.08962e-11
580 1.18442e-11
581 1.28708e-11
582 1.39824e-11
583 1.51855e-11
584 1.64875e-11
585 1.78961e-11
586 1.94197e-11
587 2.10675e-11
588 2.28491e-11
589 2.4775e-11
590 2.68566e-11
591 2.9106e-11
592 3.15364e-11
593 3.41619e-11
594 3.69978e-11
595 4.00604e-11
596 4.33674e-11
597 4.69378e-11
598 5.07921e-11
599 5.49524e-11
600 5.94424e-11
601 6.42877e-11
602 6.95157e-11
603 7.51561e-11
604 8.12405e-11
605 8.78033e-11
606 9.48812e-11
607 1.02514e-10
608 1.10743e-10
609 1.19615e-10
610 1.29179e-10
611 1.39486e-10
612 1.50593e-10
613 1.6256e-10
614 1.75453e-10
615 1.89339e-10
616 2.04292e-10
617 2.20392e-10
618 2.37723e-10
619 2.56374e-10
620 2.76442e-10
621 2.98029e-10
622 3.21244e-10
623 3.46203e-10
624 3.73029e-10
625 4.01853e-10
626 4.32814e-10
627 4.66059e-10
628 5.01745e-10
629 5.40037e-10
630 5.81109e-10
631 6.25147e-10
632 6.72346e-10
633 7.2291e-10
634 7.77057e-10
635 8.35014e-10
636 8.97021e-10
637 9.6333e-10
638 1.0342e-09
639 1.10992e-09
640 1.19077e-09
641 1.27705e-09
642 1.36908e-09
643 1.46719e-09
644 1.57173e-09
645 1.68305e-09
646 1.80153e-09
647 1.92755e-09
648 2.06152e-09
649 2.20386e-09
650 2.355e-09
651 2.51539e-09
652 2.68549e-09
653 2.86579e-09
654 3.05679e-09
655 3.25899e-09
656 3.47294e-09
657 3.69918e-09
658 3.93828e-09
659 4.19083e-09
660 4.45743e-09
661 4.73871e-09
662 5.03531e-09
663 5.34791e-09
664 5.67719e-09
665 6.02387e-09
666 6.3887e-09
667 6.77243e-09
668 7.17589e-09
669 7.59989e-09
670 8.0453e-09
671 8.51304e-09
672 9.00405e-09
673 9.51933e-09
674 1.00599e-08
675 1.06269e-08
676 1.12215e-08
677 1.18448e-08
678 1.24983e-08
679 1.31833e-08
680 1.39012e-08
681 1.46536e-08
682 1.54422e-08
683 1.62687e-08
684 1.71352e-08
685 1.80436e-08
686 1.89961e-08
687 1.99951e-08
688 2.10432e-08
689 2.21431e-08
690 2.32978e-08
691 2.45104e-08
692 2.57842e-08
693 2.71231e-08
694 2.8531e-08
695 3.00121e-08
696 3.1571e-08
697 3.32125e-08
698 3.4942e-08
699 3.67652e-08
700 3.8688e-08
701 4.0717e-08
702 4.2859e-08
703 4.51214e-08
704 4.75122e-08
705 5.00397e-08
706 5.27128e-08
707 5.5541e-08
708 5.85342e-08
709 6.1703e-08
710 6.50586e-08
711 6.86128e-08
712 7.2378e-08
713 7.63671e-08
714 8.05938e-08
715 8.50722e-08
716 8.98173e-08
717 9.48444e-08
718 1.0017e-07
719 1.0581e-07
720 1.11781e-07
721 1.18103e-07
722 1.24791e-07
723 1.31867e-07
724 1.39347e-07
725 1.47252e-07
726 1.55601e-07
727 1.64415e-07
728 1.73712e-07
729 1.83513e-07
730 1.93838e-07
731 2.04707e-07
732 2.16138e-07
733 2.28153e-07
734 2.40767e-07
735 2.54001e-07
736 2.67871e-07
737 2.82392e-07
738 2.97581e-07
739 3.13451e-07
740 3.30013e-07
741 3.47279e-07
742 3.65257e-07
743 3.83954e-07
744 4.03375e-07
745 4.2352e-07
746 4.44389e-07
747 4.65979e-07
748 4.88282e-07
749 5.11289e-07
750 5.34985e-07
751 5.59352e-07
752 5.8437e-07
753 6.10012e-07
754 6.36249e-07
755 6.63044e-07
756 6.90359e-07
757 7.1815e-07
758 7.46366e-07
759 7.74953e-07
760 8.03851e-07
761 8.32995e-07
762 8.62314e-07
763 8.91732e-07
764 9.21166e-07
765 9.5053e-07
766 9.79732e-07
767 1.00867e-06
768 1.03725e-06
769 1.06536e-06
770 1.09288e-06
771 1.11971e-06
772 1.14571e-06
773 1.17078e-06
774 1.19476e-06
775 1.21755e-06
776 1.239e-06
777 1.25899e-06
778 1.27737e-06
779 1.29402e-06
780 1.30879e-06
781 1.32156e-06
782 1.3322e-06
783 1.34058e-06
784 1.34659e-06
785 1.3501e-06
786 1.351e-06
787 1.3492e-06
788 1.34461e-06
789 1.33715e-06
790 1.32674e-06
791 1.31334e-06
792 1.29692e-06
793 1.27744e-06
794 1.2549e-06
795 1.22934e-06
796 1.20078e-06
797 1.16929e-06
798 1.13496e-06
799 1.09792e-06
800 1.05831e-06
801 1.0163e-06
802 9.7211e-07
803 9.25989e-07
804 8.78218e-07
805 8.29119e-07
806 7.79055e-07
807 7.28431e-07
808 6.77696e-07
809 6.27343e-07
810 5.77914e-07
811 5.29999e-07
812 4.84238e-07
813 4.41323e-07
814 4.02e-07
815 3.67067e-07
816 3.37379e-07
817 3.13846e-07
818 2.97438e-07
819 2.8918e-07
820 2.90158e-07
821 3.01517e-07
822 3.24461e-07
823 3.60256e-07
824 4.10227e-07
825 4.75759e-07
826 5.58298e-07
827 6.5935e-07
828 7.80481e-07
829 9.23316e-07
830 1.08954e-06
831 1.28088e-06
832 1.49915e-06
833 1.7462e-06
834 2.02393e-06
835 2.3343e-06
836 2.67932e-06
837 3.06106e-06
838 3.48162e-06
839 3.94316e-06
840 4.44787e-06
841 4.99801e-06
842 5.59585e-06
843 6.24372e-06
844 6.94398e-06
845 7.69902e-06
846 8.51126e-06
847 9.38317e-06
848 1.03172e-05
849 1.1316e-05
850 1.23819e-05
851 1.35176e-05
852 1.47256e-05
853 1.60086e-05
854 1.73692e-05
855 1.88101e-05
856 2.03338e-05
857 2.19431e-05
858 2.36406e-05
859 2.54292e-05
860 2.73114e-05
861 2.92901e-05
862 3.13681e-05
863 3.3548e-05
864 3.58328e-05
865 3.82253e-05
866 4.07282e-05
867 4.33446e-05
868 4.60773e-05
869 4.89293e-05
870 5.19036e-05
871 5.50032e-05
872 5.82312e-05
873 6.15908e-05
874 6.50852e-05
875 6.87177e-05
876 7.24917e-05
877 7.64105e-05
878 8.04778e-05
879 8.46971e-05
880 8.90723e-05
881 9.36073e-05
882 9.8306e-05
883 0.000103173
884 0.000108211
885 0.000113427
886 0.000118824
887 0.000124407
888 0.000130182
889 0.000136153
890 0.000142326
891 0.000148707
892 0.000155302
893 0.000162118
894 0.000169161
895 0.000176437
896 0.000183955
897 0.000191721
898 0.000199744
899 0.000208033
900 0.000216595
901 0.00022544
902 0.000234579
903 0.00024402
904 0.000253774
905 0.000263853
906 0.000274268
907 0.00028503
908 0.000296153
909 0.00030765
910 0.000319534
911 0.000331819
912 0.000344521
913 0.000357655
914 0.000371236
915 0.000385283
916 0.000399811
917 0.000414839
918 0.000430385
919 0.00044647
920 0.000463113
921 0.000480334
922 0.000498156
923 0.000516599
924 0.000535689
925 0.000555446
926 0.000575897
927 0.000597066
928 0.000618979
929 0.000641662
930 0.000665143
931 0.000689449
932 0.000714608
933 0.000740652
934 0.000767608
935 0.000795509
936 0.000824385
937 0.000854268
938 0.000885192
939 0.000917189
940 0.000950294
941 0.000984541
942 0.00101997
943 0.0010566
944 0.00109449
945 0.00113366
946 0.00117416
947 0.00121602
948 0.00125928
949 0.00130397
950 0.00135015
951 0.00139784
952 0.00144709
953 0.00149793
954 0.00155041
955 0.00160457
956 0.00166044
957 0.00171808
958 0.00177751
959 0.00183878
960 0.00190194
961 0.00196701
962 0.00203405
963 0.00210309
964 0.00217417
965 0.00224734
966 0.00232262
967 0.00240007
968 0.00247972
969 0.00256161
970 0.00264577
971 0.00273225
972 0.00282107
973 0.00291228
974 0.00300592
975 0.003102
976 0.00320058
977 0.00330167
978 0.00340532
979 0.00351154
980 0.00362037
981 0.00373185
982 0.00384598
983 0.0039628
984 0.00408233
985 0.0042046
986 0.00432962
987 0.00445741
988 0.00458799
989 0.00472137
990 0.00485758
991 0.00499661
992 0.00513847
993 0.00528319
994 0.00543075
995 0.00558117
996 0.00573444
997 0.00589056
998 0.00604954
999 0.00621136
1000 0.00637601
1001 0.00654349
1002 0.00671378
1003 0.00688686
1004 0.00706272
1005 0.00724133
1006 0.00742268
1007 0.00760672
1008 0.00779345
1009 0.00798281
1010 0.00817478
1011 0.00836931
1012 0.00856638
1013 0.00876593
1014 0.00896791
1015 0.00917228
1016 0.00937898
1017 0.00958796
1018 0.00979915
1019 0.0100125
1020 0.010228
1021 0.0104454
1022 0.0106648
1023 0.0108861
1024 0.0111092
1025 0.0113341
1026 0.0115605
1027 0.0117885
1028 0.012018
1029 0.0122489
1030 0.012481
1031 0.0127143
1032 0.0129487
1033 0.0131841
1034 0.0134203
1035 0.0136574
1036 0.0138951
1037 0.0141333
1038 0.014372
1039 0.0146109
1040 0.0148501
1041 0.0150894
1042 0.0153286
1043 0.0155676
1044 0.0158064
1045 0.0160447
1046 0.0162824
1047 0.0165195
1048 0.0167558
1049 0.0169911
1050 0.0172253
1051 0.0174583
1052 0.0176899
1053 0.01792
1054 0.0181485
1055 0.0183753
1056 0.0186001
1057 0.0188228
1058 0.0190434
1059 0.0192616
1060 0.0194774
1061 0.0196905
1062 0.0199009
1063 0.0201084
1064 0.0203129
1065 0.0205143
1066 0.0207123
1067 0.0209069
1068 0.021098
1069 0.0212853
1070 0.0214689
1071 0.0216485
1072 0.021824
1073 0.0219953
1074 0.0221624
1075 0.0223249
1076 0.022483
1077 0.0226363
1078 0.0227849
1079 0.0229287
1080 0.0230674
1081 0.023201
1082 0.0233295
1083 0.0234527
1084 0.0235705
1085 0.0236828
1086 0.0237896
1087 0.0238908
1088 0.0239863
1089 0.024076
1090 0.0241598
1091 0.0242378
1092 0.0243098
1093 0.0243758
1094 0.0244357
1095 0.0244896
1096 0.0245372
1097 0.0245787
1098 0.024614
1099 0.024643
1100 0.0246657
1101 0.0246822
1102 0.0246923
1103 0.0246962
1104 0.0246937
1105 0.0246849
1106 0.0246699
1107 0.0246485
1108 0.0246209
1109 0.024587
1110 0.0245468
1111 0.0245005
1112 0.024448
1113 0.0243894
1114 0.0243247
1115 0.024254
1116 0.0241773
1117 0.0240947
1118 0.0240063
1119 0.023912
1120 0.0238121
1121 0.0237065
1122 0.0235953
1123 0.0234786
1124 0.0233566
1125 0.0232293
1126 0.0230967
1127 0.022959
1128 0.0228163
1129 0.0226687
1130 0.0225164
1131 0.0223593
1132 0.0221976
1133 0.0220315
1134 0.021861
1135 0.0216863
1136 0.0215075
1137 0.0213248
1138 0.0211382
1139 0.0209478
1140 0.0207539
1141 0.0205565
1142 0.0203558
1143 0.0201519
1144 0.019945
1145 0.0197351
1146 0.0195224
1147 0.0193071
1148 0.0190894
1149 0.0188692
1150 0.0186468
1151 0.0184224
1152 0.0181959
1153 0.0179677
1154 0.0177378
1155 0.0175064
1156 0.0172736
1157 0.0170396
1158 0.0168044
1159 0.0165682
1160 0.0163312
1161 0.0160935
1162 0.0158551
1163 0.0156164
1164 0.0153773
1165 0.0151379
1166 0.0148986
1167 0.0146592
1168 0.01442
1169 0.0141811
1170 0.0139426
1171 0.0137047
1172 0.0134673
1173 0.0132307
1174 0.0129949
1175 0.0127601
1176 0.0125263
1177 0.0122936
1178 0.0120622
1179 0.0118322
1180 0.0116035
1181 0.0113764
1182 0.0111509
1183 0.0109271
1184 0.010705
1185 0.0104847
1186 0.0102664
1187 0.0100501
1188 0.00983579
1189 0.00962362
1190 0.00941361
1191 0.00920585
1192 0.00900037
1193 0.00879723
1194 0.00859649
1195 0.00839818
1196 0.00820236
1197 0.00800906
1198 0.00781831
1199 0.00763017
1200 0.00744465
1201 0.00726179
1202 0.00708162
1203 0.00690415
1204 0.00672941
1205 0.00655742
1206 0.0063882
1207 0.00622175
1208 0.0060581
1209 0.00589724
1210 0.00573919
1211 0.00558395
1212 0.00543153
1213 0.00528191
1214 0.00513511
1215 0.00499111
1216 0.00484991
1217 0.0047115
1218 0.00457587
1219 0.00444301
1220 0.0043129
1221 0.00418554
1222 0.0040609
1223 0.00393897
1224 0.00381972
1225 0.00370313
1226 0.00358918
1227 0.00347786
1228 0.00336912
1229 0.00326295
1230 0.00315932
1231 0.00305819
1232 0.00295955
1233 0.00286336
1234 0.00276958
1235 0.00267819
1236 0.00258915
1237 0.00250244
1238 0.00241801
1239 0.00233583
1240 0.00225587
1241 0.00217808
1242 0.00210245
1243 0.00202891
1244 0.00195745
1245 0.00188803
1246 0.0018206
1247 0.00175513
1248 0.00169158
1249 0.00162992
1250 0.0015701
1251 0.00151209
1252 0.00145585
1253 0.00140135
1254 0.00134854
1255 0.00129739
1256 0.00124786
1257 0.00119991
1258 0.00115352
1259 0.00110863
1260 0.00106522
1261 0.00102324
1262 0.000982674
1263 0.000943471
1264 0.000905601
1265 0.00086903
1266 0.000833722
1267 0.000799645
1268 0.000766766
1269 0.00073505
1270 0.000704468
1271 0.000674985
1272 0.000646572
1273 0.000619197
1274 0.000592831
1275 0.000567442
1276 0.000543003
1277 0.000519484
1278 0.000496858
1279 0.000475096
1280 0.000454172
1281 0.00043406
1282 0.000414733
1283 0.000396165
1284 0.000378334
1285 0.000361213
1286 0.000344779
1287 0.00032901
1288 0.000313883
1289 0.000299375
1290 0.000285466
1291 0.000272134
1292 0.000259359
1293 0.000247122
1294 0.000235402
1295 0.000224182
1296 0.000213442
1297 0.000203166
1298 0.000193336
1299 0.000183935
1300 0.000174947
1301 0.000166357
1302 0.000158148
1303 0.000150307
1304 0.000142818
1305 0.000135669
1306 0.000128845
1307 0.000122334
1308 0.000116122
1309 0.000110199
1310 0.000104551
1311 9.91675e-05
1312 9.40379e-05
1313 8.91513e-05
1314 8.44975e-05
1315 8.00665e-05
1316 7.5849e-05
1317 7.18356e-05
1318 6.80175e-05
1319 6.43863e-05
1320 6.09337e-05
1321 5.76519e-05
1322 5.45331e-05
1323 5.15702e-05
1324 4.87561e-05
1325 4.60841e-05
1326 4.35476e-05
1327 4.11405e-05
1328 3.88567e-05
1329 3.66905e-05
1330 3.46365e-05
1331 3.26893e-05
1332 3.08438e-05
1333 2.90953e-05
1334 2.74391e-05
1335 2.58707e-05
1336 2.43858e-05
1337 2.29805e-05
1338 2.16507e-05
1339 2.03928e-05
1340 1.92032e-05
1341 1.80785e-05
1342 1.70155e-05
1343 1.60109e-05
1344 1.50619e-05
1345 1.41656e-05
1346 1.33193e-05
1347 1.25205e-05
1348 1.17666e-05
1349 1.10554e-05
1350 1.03846e-05
1351 9.75199e-06
1352 9.15568e-06
1353 8.59369e-06
1354 8.06419e-06
1355 7.56542e-06
1356 7.09573e-06
1357 6.65354e-06
1358 6.23735e-06
1359 5.84574e-06
1360 5.47734e-06
1361 5.13088e-06
1362 4.80514e-06
1363 4.49896e-06
1364 4.21123e-06
1365 3.94092e-06
1366 3.68704e-06
1367 3.44866e-06
1368 3.22488e-06
1369 3.01488e-06
1370 2.81784e-06
1371 2.63303e-06
1372 2.45972e-06
1373 2.29725e-06
1374 2.14497e-06
1375 2.00229e-06
1376 1.86863e-06
1377 1.74346e-06
1378 1.62627e-06
1379 1.51658e-06
1380 1.41394e-06
1381 1.31791e-06
1382 1.2281e-06
1383 1.14412e-06
1384 1.06563e-06
1385 9.92267e-07
1386 9.23728e-07
1387 8.59709e-07
1388 7.99929e-07
1389 7.4412e-07
1390 6.92033e-07
1391 6.43432e-07
1392 5.98095e-07
1393 5.55816e-07
1394 5.16396e-07
1395 4.79654e-07
1396 4.45415e-07
1397 4.13518e-07
1398 3.83811e-07
1399 3.56149e-07
1400 3.30399e-07
1401 3.06435e-07
1402 2.84139e-07
1403 2.634e-07
1404 2.44115e-07
1405 2.26185e-07
1406 2.09521e-07
1407 1.94037e-07
1408 1.79653e-07
1409 1.66294e-07
1410 1.5389e-07
1411 1.42377e-07
1412 1.31693e-07
1413 1.2178e-07
1414 1.12586e-07
1415 1.04061e-07
1416 9.61571e-08
1417 8.88321e-08
1418 8.20449e-08
1419 7.57576e-08
1420 6.99351e-08
1421 6.45442e-08
1422 5.95543e-08
1423 5.49367e-08
1424 5.06647e-08
1425 4.67135e-08
1426 4.30599e-08
1427 3.96823e-08
1428 3.65607e-08
1429 3.36765e-08
1430 3.10122e-08
1431 2.85517e-08
1432 2.628e-08
1433 2.41831e-08
1434 2.22481e-08
1435 2.04629e-08
1436 1.88164e-08
1437 1.72981e-08
1438 1.58985e-08
1439 1.46085e-08
1440 1.342e-08
1441 1.23251e-08
1442 1.13168e-08
1443 1.03884e-08
1444 9.53389e-09
1445 8.74752e-09
1446 8.02404e-09
1447 7.35861e-09
1448 6.74671e-09
1449 6.18419e-09
1450 5.66718e-09
1451 5.19213e-09
1452 4.75574e-09
1453 4.35496e-09
1454 3.98698e-09
1455 3.64921e-09
1456 3.33923e-09
1457 3.05484e-09
1458 2.79399e-09
1459 2.55479e-09
1460 2.3355e-09
1461 2.1345e-09
1462 1.95033e-09
1463 1.78162e-09
1464 1.6271e-09
1465 1.48562e-09
1466 1.35611e-09
1467 1.23759e-09
1468 1.12915e-09
1469 1.02997e-09
1470 9.39262e-10
1471 8.56337e-10
1472 7.80542e-10
1473 7.11282e-10
1474 6.4801e-10
1475 5.90222e-10
1476 5.37457e-10
1477 4.8929e-10
1478 4.4533e-10
1479 4.05222e-10
1480 3.68636e-10
1481 3.35271e-10
1482 3.04853e-10
1483 2.77126e-10
1484 2.5186e-10
1485 2.28842e-10
1486 2.07877e-10
1487 1.88787e-10
1488 1.71408e-10
1489 1.55591e-10
1490 1.412e-10
1491 1.28108e-10
1492 1.16203e-10
1493 1.05378e-10
1494 9.55379e-11
1495 8.6596e-11
1496 7.8472e-11
1497 7.1093e-11
1498 6.43923e-11
1499 5.8309e-11
1500 5.27876e-11
1501 4.77776e-11
1502 4.32326e-11
1503 3.91105e-11
1504 3.53729e-11
1505 3.19847e-11
1506 2.89141e-11
1507 2.6132e-11
1508 2.36119e-11
1509 2.13297e-11
1510 1.92634e-11
1511 1.73931e-11
1512 1.57006e-11
1513 1.41694e-11
1514 1.27845e-11
1515 1.15321e-11
1516 1.03999e-11
1517 9.37663e-12
1518 8.452e-12
1519 7.61672e-12
1520 6.86233e-12
1521 6.18117e-12
1522 5.56629e-12
1523 5.01137e-12
1524 4.51068e-12
1525 4.05905e-12
1526 3.65176e-12
1527 3.28454e-12
1528 2.95354e-12
1529 2.65527e-12
1530 2.38654e-12
1531 2.14449e-12
1532 1.92653e-12
1533 1.7303e-12
1534 1.55369e-12
1535 1.39477e-12
1536 1.25181e-12
1537 1.12322e-12
1538 1.00761e-12
1539 9.03675e-13
1540 8.10268e-13
1541 7.26341e-13
1542 6.50951e-13
1543 5.83245e-13
1544 5.22457e-13
1545 4.67891e-13
1546 4.18924e-13
1547 3.74991e-13
1548 3.35584e-13
1549 3.00247e-13
1550 2.68566e-13
1551 2.4017e-13
1552 2.14725e-13
1553 1.9193e-13
1554 1.71513e-13
1555 1.53232e-13
1556 1.36866e-13
1557 1.22219e-13
1558 1.09113e-13
1559 9.73888e-14
1560 8.69037e-14
1561 7.75289e-14
1562 6.91488e-14
1563 6.16597e-14
1564 5.49685e-14
1565 4.89917e-14
1566 4.36543e-14
1567 3.8889e-14
1568 3.46357e-14
1569 3.08401e-14
1570 2.74539e-14
1571 2.44336e-14
1572 2.17405e-14
1573 1.93395e-14
1574 1.71996e-14
1575 1.52928e-14
1576 1.35942e-14
1577 1.20813e-14
1578 1.07342e-14
1579 9.5351e-15
1580 8.4679e-15
1581 7.51835e-15
1582 6.67368e-15
1583 5.9225e-15
1584 5.25462e-15
1585 4.66094e-15
1586 4.13336e-15
1587 3.66462e-15
1588 3.24826e-15
1589 2.87853e-15
1590 2.55027e-15
1591 2.25891e-15
1592 2.00036e-15
1593 1.77098e-15
1594 1.56753e-15
1595 1.38712e-15
1596 1.22719e-15
1597 1.08543e-15
1598 9.59826e-16
1599 8.48552e-16
1600 7.50001e-16
1601 6.62737e-16
1602 5.85488e-16
1603 5.1712e-16
1604 4.56627e-16
1605 4.03115e-16
1606 3.55789e-16
1607 3.13945e-16
1608 2.76956e-16
1609 2.44267e-16
1610 2.15385e-16
1611 1.89873e-16
1612 1.67343e-16
1613 1.47452e-16
1614 1.29894e-16
1615 1.14399e-16
1616 1.00729e-16
1617 8.86713e-17
1618 7.80384e-17
1619 6.86642e-17
1620 6.04017e-17
1621 5.31208e-17
1622 4.67064e-17
1623 4.10568e-17
1624 3.6082e-17
1625 3.17025e-17
1626 2.78479e-17
1627 2.44561e-17
1628 2.14724e-17
1629 1.88482e-17
1630 1.65408e-17
1631 1.45124e-17
1632 1.27297e-17
1633 1.11633e-17
1634 9.7874e-18
1635 8.57901e-18
1636 7.51802e-18
1637 6.58669e-18
1638 5.76936e-18
1639 5.05225e-18
1640 4.42322e-18
1641 3.87159e-18
1642 3.38795e-18
1643 2.96403e-18
1644 2.59253e-18
1645 2.26706e-18
1646 1.98198e-18
1647 1.73233e-18
1648 1.51378e-18
1649 1.32248e-18
1650 1.15508e-18
1651 1.00864e-18
1652 8.80547e-19
1653 7.68544e-19
1654 6.70628e-19
1655 5.85048e-19
1656 5.10269e-19
1657 4.44943e-19
1658 3.87888e-19
1659 3.38069e-19
1660 2.9458e-19
1661 2.56624e-19
1662 2.23506e-19
1663 1.94616e-19
1664 1.6942e-19
1665 1.47451e-19
1666 1.28301e-19
1667 1.11612e-19
1668 9.70702e-20
1669 8.44034e-20
1670 7.33722e-20
1671 6.37677e-20
1672 5.54074e-20
1673 4.81318e-20
1674 4.18017e-20
1675 3.62955e-20
1676 3.15072e-20
1677 2.73442e-20
1678 2.37256e-20
1679 2.0581e-20
1680 1.7849e-20
1681 1.5476e-20
1682 1.34153e-20
1683 1.16262e-20
1684 1.00734e-20
1685 8.72591e-21
1686 7.55688e-21
1687 6.54293e-21
1688 5.66368e-21
1689 4.90144e-21
1690 4.24077e-21
1691 3.6683e-21
1692 3.17235e-21
1693 2.7428e-21
1694 2.37086e-21
1695 2.04887e-21
1696 1.77019e-21
1697 1.52906e-21
1698 1.32046e-21
1699 1.14005e-21
1700 9.84054e-22
1701 8.49204e-22
1702 7.32659e-22
1703 6.3196e-22
1704 5.44973e-22
1705 4.69848e-22
1706 4.04983e-22
1707 3.48991e-22
1708 3.00669e-22
1709 2.58976e-22
1710 2.23013e-22
1711 1.91998e-22
1712 1.65257e-22
1713 1.42207e-22
1714 1.22344e-22
1715 1.0523e-22
1716 9.04882e-23
1717 7.77935e-23
1718 6.6864e-23
1719 5.74565e-23
1720 4.9361e-23
1721 4.23961e-23
1722 3.64054e-23
1723 3.12538e-23
1724 2.68249e-23
1725 2.30181e-23
1726 1.9747e-23
1727 1.69367e-23
1728 1.45229e-23
1729 1.24503e-23
1730 1.06709e-23
1731 9.14364e-24
1732 7.83314e-24
1733 6.7089e-24
1734 5.74465e-24
1735 4.91784e-24
1736 4.20904e-24
1737 3.60155e-24
1738 3.08101e-24
1739 2.63509e-24
1740 2.25318e-24
1741 1.92617e-24
1742 1.64623e-24
1743 1.40664e-24
1744 1.20164e-24
1745 1.02628e-24
1746 8.76298e-25
1747 7.48061e-25
1748 6.3844e-25
1749 5.44755e-25
1750 4.64708e-25
1751 3.9633e-25
1752 3.37933e-25
1753 2.88073e-25
1754 2.45512e-25
1755 2.0919e-25
1756 1.78199e-25
1757 1.51764e-25
1758 1.2922e-25
1759 1.09999e-25
1760 9.36149e-26
1761 7.96524e-26
1762 6.77564e-26
1763 5.76235e-26
1764 4.89944e-26
1765 4.16477e-26
1766 3.53943e-26
1767 3.00727e-26
1768 2.55452e-26
1769 2.16942e-26
1770 1.84194e-26
1771 1.56353e-26
1772 1.32688e-26
1773 1.12579e-26
1774 9.54949e-27
1775 8.09841e-27
1776 6.86621e-27
1777 5.82012e-27
1778 4.93224e-27
1779 4.17882e-27
1780 3.53966e-27
1781 2.99755e-27
1782 2.53787e-27
1783 2.14817e-27
1784 1.81789e-27
1785 1.53802e-27
1786 1.30093e-27
1787 1.10013e-27
1788 9.30109e-28
1789 7.86176e-28
1790 6.64359e-28
1791 5.61286e-28
1792 4.74093e-28
1793 4.0035e-28
1794 3.37998e-28
1795 2.8529e-28
1796 2.40744e-28
1797 2.03106e-28
1798 1.71313e-28
1799 1.44462e-28
1800 1.21791e-28
1801 1.02653e-28
1802 8.65026e-29
1803 7.28759e-29
1804 6.13813e-29
1805 5.16876e-29
1806 4.35146e-29
1807 3.66252e-29
1808 3.08194e-29
1809 2.59278e-29
1810 2.18075e-29
1811 1.83376e-29
1812 1.54162e-29
1813 1.29572e-29
1814 1.08878e-29
1815 9.14683e-30
1816 7.6824e-30
1817 6.45091e-30
1818 5.41555e-30
1819 4.5453e-30
1820 3.81399e-30
1821 3.19959e-30
1822 2.68353e-30
1823 2.25018e-30
1824 1.88636e-30
1825 1.58099e-30
1826 1.32475e-30
1827 1.10977e-30
1828 9.29461e-31
1829 7.78263e-31
1830 6.51507e-31
1831 5.45267e-31
1832 4.56244e-31
1833 3.81665e-31
1834 3.19201e-31
1835 2.66897e-31
1836 2.23111e-31
1837 1.86464e-31
1838 1.55799e-31
1839 1.30147e-31
1840 1.08693e-31
1841 9.07535e-32
1842 7.57572e-32
1843 6.32239e-32
1844 5.27516e-32
1845 4.40035e-32
1846 3.66975e-32
1847 3.05973e-32
1848 2.5505e-32
1849 2.12553e-32
1850 1.77094e-32
1851 1.47516e-32
1852 1.22849e-32
1853 1.02282e-32
1854 8.51386e-33
1855 7.08517e-33
1856 5.89483e-33
1857 4.90331e-33
1858 4.0776e-33
1859 3.39014e-33
1860 2.81791e-33
1861 2.34171e-33
1862 1.94553e-33
1863 1.61599e-33
1864 1.34196e-33
1865 1.11413e-33
1866 9.2476e-34
1867 7.67397e-34
1868 6.36661e-34
1869 5.28073e-34
1870 4.37902e-34
1871 3.63042e-34
1872 3.00909e-34
1873 2.4935e-34
1874 2.06577e-34
1875 1.71101e-34
1876 1.41683e-34
1877 1.17296e-34
1878 9.70835e-35
1879 8.03349e-35
1880 6.646e-35
1881 5.49685e-35
1882 4.54532e-35
1883 3.75762e-35
1884 3.10569e-35
1885 2.56626e-35
1886 2.12002e-35
1887 1.75096e-35
1888 1.44581e-35
1889 1.19355e-35
1890 9.85073e-36
1891 8.12817e-36
1892 6.70524e-36
1893 5.5301e-36
1894 4.55983e-36
1895 3.7589e-36
1896 3.09791e-36
1897 2.55255e-36
1898 2.1027e-36
1899 1.73171e-36
1900 1.42584e-36
1901 1.17372e-36
1902 9.65943e-37
1903 7.94761e-37
1904 6.53759e-37
1905 5.37645e-37
1906 4.42049e-37
1907 3.63363e-37
1908 2.98612e-37
1909 2.45341e-37
1910 2.01526e-37
1911 1.65495e-37
1912 1.35874e-37
1913 1.11528e-37
1914 9.1523e-38
1915 7.5088e-38
1916 6.15896e-38
1917 5.05057e-38
1918 4.14065e-38
1919 3.39386e-38
1920 2.78109e-38
1921 2.27841e-38
1922 1.86615e-38
1923 1.52811e-38
1924 1.25101e-38
1925 1.02391e-38
1926 8.37841e-39
1927 6.85418e-39
1928 5.60591e-39
1929 4.58387e-39
1930 3.74727e-39
1931 3.06263e-39
1932 2.50247e-39
1933 2.04428e-39
1934 1.66958e-39
1935 1.36324e-39
1936 1.11284e-39
1937 9.08213e-40
1938 7.41037e-40
1939 6.04489e-40
1940 4.92984e-40
1941 4.01952e-40
1942 3.27651e-40
1943 2.6702e-40
1944 2.17558e-40
1945 1.77215e-40
1946 1.44318e-40
1947 1.175e-40
1948 9.5643e-41
1949 7.78329e-41
1950 6.33241e-41
1951 5.15076e-41
1952 4.1886e-41
1953 3.40536e-41
1954 2.76792e-41
1955 2.24925e-41
1956 1.82734e-41
1957 1.48422e-41
1958 1.20523e-41
1959 9.78449e-42
1960 7.94149e-42
1961 6.44409e-42
1962 5.22777e-42
1963 4.24001e-42
1964 3.43805e-42
1965 2.7871e-42
1966 2.25886e-42
1967 1.83029e-42
1968 1.48268e-42
1969 1.20079e-42
1970 9.72262e-43
1971 7.87035e-43
1972 6.36942e-43
1973 5.15348e-43
1974 4.16865e-43
1975 3.3712e-43
1976 2.72564e-43
1977 2.20317e-43
1978 1.78041e-43
1979 1.43843e-43
1980 1.16185e-43
1981 9.38224e-44
1982 7.57456e-44
1983 6.11367e-44
1984 4.93334e-44
1985 3.97992e-44
1986 3.20997e-44
1987 2.58835e-44
1988 2.08659e-44
1989 1.68169e-44
1990 1.35503e-44
1991 1.09156e-44
1992 8.79101e-45
1993 7.07822e-45
1994 5.69775e-45
1995 4.5854e-45
1996 3.6893e-45
1997 2.9676e-45
1998 2.38649e-45
1999 1.91871e-45
2000 1.54224e-45
2001 1.23933e-45
2002 9.95674e-46
2003 7.99725e-46
2004 6.42181e-46
2005 5.15547e-46
2006 4.13782e-46
2007 3.32023e-46
2008 2.66353e-46
2009 2.13619e-46
2010 1.71283e-46
2011 1.37303e-46
2012 1.10036e-46
2013 8.81618e-47
2014 7.0618e-47
2015 5.65507e-47
2016 4.52738e-47
2017 3.62359e-47
2018 2.89943e-47
2019 2.31934e-47
2020 1.85477e-47
2021 1.4828e-47
2022 1.18506e-47
2023 9.46782e-48
2024 7.56142e-48
2025 6.03653e-48
2026 4.8171e-48
2027 3.84218e-48
2028 3.06294e-48
2029 2.44024e-48
2030 1.94278e-48
2031 1.54545e-48
2032 1.2282e-48
2033 9.74939e-49
2034 7.72825e-49
2035 6.11576e-49
2036 4.82973e-49
2037 3.80445e-49
2038 2.98745e-49
2039 2.33679e-49
2040 1.81903e-49
2041 1.40748e-49
2042 1.08087e-49
2043 8.223e-50
2044 6.18343e-50
2045 4.5838e-50
2046 3.34058e-50
2047 2.38858e-50
