0 1.32823e-21
1 1.1807e-21
2 1.05121e-21
3 9.37945e-22
4 8.39297e-22
5 7.53853e-22
6 6.80394e-22
7 6.17859e-22
8 5.65328e-22
9 5.22033e-22
10 4.87318e-22
11 4.60645e-22
12 4.41599e-22
13 4.2985e-22
14 4.25171e-22
15 4.27438e-22
16 4.36608e-22
17 4.52731e-22
18 4.75952e-22
19 5.06499e-22
20 5.44693e-22
21 5.90966e-22
22 6.45831e-22
23 7.09912e-22
24 7.83956e-22
25 8.68818e-22
26 9.65487e-22
27 1.0751e-21
28 1.19892e-21
29 1.33842e-21
30 1.49522e-21
31 1.67115e-21
32 1.86827e-21
33 2.08888e-21
34 2.33553e-21
35 2.61111e-21
36 2.91878e-21
37 3.2621e-21
38 3.64504e-21
39 4.07198e-21
40 4.5478e-21
41 5.07794e-21
42 5.66841e-21
43 6.32593e-21
44 7.05791e-21
45 7.87256e-21
46 8.77908e-21
47 9.78758e-21
48 1.09093e-20
49 1.21566e-20
50 1.35435e-20
51 1.50851e-20
52 1.67983e-20
53 1.87021e-20
54 2.0817e-20
55 2.31661e-20
56 2.57748e-20
57 2.86713e-20
58 3.18866e-20
59 3.54554e-20
60 3.94154e-20
61 4.3809e-20
62 4.86825e-20
63 5.40875e-20
64 6.00807e-20
65 6.67248e-20
66 7.40891e-20
67 8.22503e-20
68 9.12926e-20
69 1.01309e-19
70 1.12404e-19
71 1.24689e-19
72 1.3829e-19
73 1.53345e-19
74 1.70007e-19
75 1.88443e-19
76 2.08839e-19
77 2.31397e-19
78 2.56344e-19
79 2.83926e-19
80 3.14416e-19
81 3.48113e-19
82 3.85349e-19
83 4.26486e-19
84 4.71926e-19
85 5.22107e-19
86 5.77515e-19
87 6.38681e-19
88 7.06193e-19
89 7.80692e-19
90 8.62887e-19
91 9.53555e-19
92 1.05355e-18
93 1.16381e-18
94 1.28537e-18
95 1.41936e-18
96 1.56702e-18
97 1.72972e-18
98 1.90894e-18
99 2.10635e-18
100 2.32373e-18
101 2.56306e-18
102 2.82651e-18
103 3.11646e-18
104 3.43551e-18
105 3.78651e-18
106 4.17259e-18
107 4.59718e-18
108 5.06403e-18
109 5.57725e-18
110 6.14133e-18
111 6.7612e-18
112 7.44225e-18
113 8.19037e-18
114 9.01202e-18
115 9.91424e-18
116 1.09048e-17
117 1.1992e-17
118 1.31852e-17
119 1.44944e-17
120 1.59306e-17
121 1.75059e-17
122 1.92333e-17
123 2.11273e-17
124 2.32034e-17
125 2.54789e-17
126 2.79722e-17
127 3.07037e-17
128 3.36958e-17
129 3.69724e-17
130 4.05602e-17
131 4.44877e-17
132 4.87865e-17
133 5.34906e-17
134 5.86374e-17
135 6.42674e-17
136 7.04248e-17
137 7.71577e-17
138 8.45186e-17
139 9.25644e-17
140 1.01357e-16
141 1.10965e-16
142 1.2146e-16
143 1.32924e-16
144 1.45442e-16
145 1.5911e-16
146 1.7403e-16
147 1.90314e-16
148 2.08083e-16
149 2.2747e-16
150 2.48616e-16
151 2.71678e-16
152 2.96825e-16
153 3.2424e-16
154 3.54122e-16
155 3.86687e-16
156 4.2217e-16
157 4.60823e-16
158 5.02924e-16
159 5.48771e-16
160 5.98688e-16
161 6.53026e-16
162 7.12165e-16
163 7.76519e-16
164 8.46534e-16
165 9.22694e-16
166 1.00552e-15
167 1.09558e-15
168 1.1935e-15
169 1.29992e-15
170 1.41558e-15
171 1.54124e-15
172 1.67776e-15
173 1.82603e-15
174 1.98704e-15
175 2.16186e-15
176 2.35162e-15
177 2.55758e-15
178 2.78106e-15
179 3.02351e-15
180 3.2865e-15
181 3.57171e-15
182 3.88095e-15
183 4.2162e-15
184 4.57957e-15
185 4.97333e-15
186 5.39997e-15
187 5.86213e-15
188 6.36267e-15
189 6.90469e-15
190 7.4915e-15
191 8.1267e-15
192 8.81415e-15
193 9.558e-15
194 1.03627e-14
195 1.12332e-14
196 1.21745e-14
197 1.31923e-14
198 1.42926e-14
199 1.54819e-14
200 1.67671e-14
201 1.81557e-14
202 1.96558e-14
203 2.12759e-14
204 2.30255e-14
205 2.49144e-14
206 2.69535e-14
207 2.91543e-14
208 3.15291e-14
209 3.40913e-14
210 3.68551e-14
211 3.98358e-14
212 4.305e-14
213 4.65153e-14
214 5.02506e-14
215 5.42762e-14
216 5.86139e-14
217 6.3287e-14
218 6.83205e-14
219 7.37414e-14
220 7.95782e-14
221 8.58618e-14
222 9.26251e-14
223 9.99034e-14
224 1.07734e-13
225 1.16159e-13
226 1.25219e-13
227 1.34962e-13
228 1.45438e-13
229 1.56698e-13
230 1.688e-13
231 1.81804e-13
232 1.95775e-13
233 2.10782e-13
234 2.26898e-13
235 2.44203e-13
236 2.62779e-13
237 2.82719e-13
238 3.04116e-13
239 3.27074e-13
240 3.51701e-13
241 3.78115e-13
242 4.06439e-13
243 4.36806e-13
244 4.69357e-13
245 5.04244e-13
246 5.41626e-13
247 5.81676e-13
248 6.24575e-13
249 6.70517e-13
250 7.19711e-13
251 7.72376e-13
252 8.28748e-13
253 8.89077e-13
254 9.53628e-13
255 1.02269e-12
256 1.09655e-12
257 1.17555e-12
258 1.26001e-12
259 1.35031e-12
260 1.44682e-12
261 1.54997e-12
262 1.66018e-12
263 1.77792e-12
264 1.90368e-12
265 2.03799e-12
266 2.18139e-12
267 2.33449e-12
268 2.49791e-12
269 2.6723e-12
270 2.85838e-12
271 3.0569e-12
272 3.26865e-12
273 3.49447e-12
274 3.73525e-12
275 3.99194e-12
276 4.26553e-12
277 4.5571e-12
278 4.86777e-12
279 5.19872e-12
280 5.55122e-12
281 5.92659e-12
282 6.32626e-12
283 6.75171e-12
284 7.20452e-12
285 7.68637e-12
286 8.19901e-12
287 8.74432e-12
288 9.32426e-12
289 9.94093e-12
290 1.05965e-11
291 1.12933e-11
292 1.20339e-11
293 1.28207e-11
294 1.36565e-11
295 1.45443e-11
296 1.5487e-11
297 1.6488e-11
298 1.75504e-11
299 1.86781e-11
300 1.98747e-11
301 2.11441e-11
302 2.24907e-11
303 2.39189e-11
304 2.54332e-11
305 2.70386e-11
306 2.87403e-11
307 3.05438e-11
308 3.24548e-11
309 3.44794e-11
310 3.66239e-11
311 3.88951e-11
312 4.13e-11
313 4.38462e-11
314 4.65413e-11
315 4.93938e-11
316 5.24123e-11
317 5.56058e-11
318 5.89841e-11
319 6.25572e-11
320 6.63358e-11
321 7.0331e-11
322 7.45546e-11
323 7.90189e-11
324 8.37368e-11
325 8.87219e-11
326 9.39885e-11
327 9.95517e-11
328 1.05427e-10
329 1.11631e-10
330 1.18181e-10
331 1.25096e-10
332 1.32393e-10
333 1.40093e-10
334 1.48218e-10
335 1.56788e-10
336 1.65826e-10
337 1.75358e-10
338 1.85406e-10
339 1.95998e-10
340 2.07162e-10
341 2.18924e-10
342 2.31317e-10
343 2.4437e-10
344 2.58116e-10
345 2.7259e-10
346 2.87826e-10
347 3.03862e-10
348 3.20737e-10
349 3.38491e-10
350 3.57166e-10
351 3.76806e-10
352 3.97456e-10
353 4.19165e-10
354 4.41983e-10
355 4.6596e-10
356 4.91152e-10
357 5.17615e-10
358 5.45407e-10
359 5.74589e-10
360 6.05226e-10
361 6.37384e-10
362 6.71133e-10
363 7.06544e-10
364 7.43692e-10
365 7.82657e-10
366 8.23519e-10
367 8.66365e-10
368 9.11282e-10
369 9.58363e-10
370 1.00771e-09
371 1.05941e-09
372 1.11358e-09
373 1.17032e-09
374 1.22975e-09
375 1.29198e-09
376 1.35714e-09
377 1.42536e-09
378 1.49677e-09
379 1.57151e-09
380 1.64972e-09
381 1.73155e-09
382 1.81716e-09
383 1.90671e-09
384 2.00037e-09
385 2.09831e-09
386 2.20073e-09
387 2.30779e-09
388 2.41971e-09
389 2.53668e-09
390 2.65891e-09
391 2.78662e-09
392 2.92005e-09
393 3.05941e-09
394 3.20496e-09
395 3.35695e-09
396 3.51562e-09
397 3.68125e-09
398 3.85412e-09
399 4.03451e-09
400 4.2227e-09
401 4.41902e-09
402 4.62375e-09
403 4.83723e-09
404 5.05979e-09
405 5.29175e-09
406 5.53348e-09
407 5.78533e-09
408 6.04767e-09
409 6.32086e-09
410 6.60532e-09
411 6.90142e-09
412 7.20958e-09
413 7.53022e-09
414 7.86376e-09
415 8.21066e-09
416 8.57135e-09
417 8.9463e-09
418 9.33599e-09
419 9.74091e-09
420 1.01616e-08
421 1.05984e-08
422 1.10521e-08
423 1.1523e-08
424 1.20119e-08
425 1.25191e-08
426 1.30454e-08
427 1.35913e-08
428 1.41575e-08
429 1.47446e-08
430 1.53532e-08
431 1.59841e-08
432 1.66379e-08
433 1.73154e-08
434 1.80173e-08
435 1.87444e-08
436 1.94974e-08
437 2.02773e-08
438 2.10849e-08
439 2.1921e-08
440 2.27866e-08
441 2.36826e-08
442 2.461e-08
443 2.55698e-08
444 2.65631e-08
445 2.75909e-08
446 2.86543e-08
447 2.97545e-08
448 3.08927e-08
449 3.20701e-08
450 3.3288e-08
451 3.45477e-08
452 3.58505e-08
453 3.71977e-08
454 3.85909e-08
455 4.00315e-08
456 4.15209e-08
457 4.30607e-08
458 4.46523e-08
459 4.62975e-08
460 4.79979e-08
461 4.9755e-08
462 5.15705e-08
463 5.34462e-08
464 5.53837e-08
465 5.73848e-08
466 5.94512e-08
467 6.15847e-08
468 6.3787e-08
469 6.606e-08
470 6.84053e-08
471 7.08248e-08
472 7.33202e-08
473 7.58933e-08
474 7.85458e-08
475 8.12794e-08
476 8.40958e-08
477 8.69967e-08
478 8.99838e-08
479 9.30586e-08
480 9.62227e-08
481 9.94778e-08
482 1.02825e-07
483 1.06267e-07
484 1.09803e-07
485 1.13437e-07
486 1.17168e-07
487 1.20999e-07
488 1.2493e-07
489 1.28964e-07
490 1.331e-07
491 1.37341e-07
492 1.41687e-07
493 1.4614e-07
494 1.50701e-07
495 1.55371e-07
496 1.60151e-07
497 1.65042e-07
498 1.70046e-07
499 1.75163e-07
500 1.80395e-07
501 1.85744e-07
502 1.91211e-07
503 1.96796e-07
504 2.02502e-07
505 2.08331e-07
506 2.14285e-07
507 2.20364e-07
508 2.26572e-07
509 2.3291e-07
510 2.39382e-07
511 2.45989e-07
512 2.52735e-07
513 2.59623e-07
514 2.66656e-07
515 2.73837e-07
516 2.8117e-07
517 2.8866e-07
518 2.9631e-07
519 3.04125e-07
520 3.1211e-07
521 3.2027e-07
522 3.28611e-07
523 3.37137e-07
524 3.45854e-07
525 3.54769e-07
526 3.63888e-07
527 3.73216e-07
528 3.82762e-07
529 3.92531e-07
530 4.0253e-07
531 4.12766e-07
532 4.23247e-07
533 4.33979e-07
534 4.44969e-07
535 4.56224e-07
536 4.67752e-07
537 4.79559e-07
538 4.91651e-07
539 5.04035e-07
540 5.16718e-07
541 5.29703e-07
542 5.42998e-07
543 5.56607e-07
544 5.70533e-07
545 5.84782e-07
546 5.99356e-07
547 6.14257e-07
548 6.29488e-07
549 6.45049e-07
550 6.60941e-07
551 6.77163e-07
552 6.93713e-07
553 7.10589e-07
554 7.27787e-07
555 7.45303e-07
556 7.63131e-07
557 7.81264e-07
558 7.99694e-07
559 8.18413e-07
560 8.37411e-07
561 8.56676e-07
562 8.76198e-07
563 8.95961e-07
564 9.15953e-07
565 9.36158e-07
566 9.5656e-07
567 9.77143e-07
568 9.97889e-07
569 1.01878e-06
570 1.03979e-06
571 1.06091e-06
572 1.08212e-06
573 1.10339e-06
574 1.12471e-06
575 1.14605e-06
576 1.1674e-06
577 1.18873e-06
578 1.21002e-06
579 1.23126e-06
580 1.25243e-06
581 1.2735e-06
582 1.29446e-06
583 1.3153e-06
584 1.336e-06
585 1.35655e-06
586 1.37693e-06
587 1.39714e-06
588 1.41717e-06
589 1.43702e-06
590 1.45667e-06
591 1.47614e-06
592 1.49542e-06
593 1.51451e-06
594 1.53343e-06
595 1.55219e-06
596 1.57079e-06
597 1.58925e-06
598 1.6076e-06
599 1.62585e-06
600 1.64403e-06
601 1.66217e-06
602 1.6803e-06
603 1.69846e-06
604 1.71668e-06
605 1.735e-06
606 1.75347e-06
607 1.77213e-06
608 1.79103e-06
609 1.81023e-06
610 1.82977e-06
611 1.84971e-06
612 1.8701e-06
613 1.89102e-06
614 1.9125e-06
615 1.93462e-06
616 1.95744e-06
617 1.98101e-06
618 2.00539e-06
619 2.03066e-06
620 2.05685e-06
621 2.08404e-06
622 2.11227e-06
623 2.14161e-06
624 2.17209e-06
625 2.20378e-06
626 2.23671e-06
627 2.27092e-06
628 2.30645e-06
629 2.34333e-06
630 2.38159e-06
631 2.42125e-06
632 2.46231e-06
633 2.5048e-06
634 2.5487e-06
635 2.59402e-06
636 2.64073e-06
637 2.68883e-06
638 2.73828e-06
639 2.78904e-06
640 2.84106e-06
641 2.8943e-06
642 2.94869e-06
643 3.00415e-06
644 3.06061e-06
645 3.11799e-06
646 3.17617e-06
647 3.23505e-06
648 3.29452e-06
649 3.35446e-06
650 3.41473e-06
651 3.4752e-06
652 3.53571e-06
653 3.59611e-06
654 3.65624e-06
655 3.71594e-06
656 3.77502e-06
657 3.83332e-06
658 3.89065e-06
659 3.94683e-06
660 4.00165e-06
661 4.05494e-06
662 4.1065e-06
663 4.15613e-06
664 4.20363e-06
665 4.24881e-06
666 4.29149e-06
667 4.33146e-06
668 4.36855e-06
669 4.40256e-06
670 4.43333e-06
671 4.46067e-06
672 4.48443e-06
673 4.50446e-06
674 4.52059e-06
675 4.53271e-06
676 4.54067e-06
677 4.54437e-06
678 4.5437e-06
679 4.53858e-06
680 4.52893e-06
681 4.5147e-06
682 4.49584e-06
683 4.47232e-06
684 4.44413e-06
685 4.41129e-06
686 4.37381e-06
687 4.33175e-06
688 4.28517e-06
689 4.23415e-06
690 4.17879e-06
691 4.11922e-06
692 4.05557e-06
693 3.98802e-06
694 3.91675e-06
695 3.84195e-06
696 3.76385e-06
697 3.68269e-06
698 3.59874e-06
699 3.51226e-06
700 3.42357e-06
701 3.33297e-06
702 3.24079e-06
703 3.14739e-06
704 3.05313e-06
705 2.95838e-06
706 2.86354e-06
707 2.769e-06
708 2.6752e-06
709 2.58255e-06
710 2.49148e-06
711 2.40244e-06
712 2.31588e-06
713 2.23225e-06
714 2.15202e-06
715 2.07563e-06
716 2.00355e-06
717 1.93625e-06
718 1.87418e-06
719 1.81779e-06
720 1.76754e-06
721 1.72387e-06
722 1.68722e-06
723 1.658e-06
724 1.63664e-06
725 1.62354e-06
726 1.61908e-06
727 1.62363e-06
728 1.63756e-06
729 1.6612e-06
730 1.69486e-06
731 1.73885e-06
732 1.79343e-06
733 1.85887e-06
734 1.93538e-06
735 2.02317e-06
736 2.12242e-06
737 2.23327e-06
738 2.35585e-06
739 2.49026e-06
740 2.63655e-06
741 2.79476e-06
742 2.96491e-06
743 3.14695e-06
744 3.34085e-06
745 3.54651e-06
746 3.76382e-06
747 3.99264e-06
748 4.23279e-06
749 4.48406e-06
750 4.74623e-06
751 5.01902e-06
752 5.30216e-06
753 5.59532e-06
754 5.89816e-06
755 6.2103e-06
756 6.53136e-06
757 6.86091e-06
758 7.19852e-06
759 7.54373e-06
760 7.89605e-06
761 8.25499e-06
762 8.62002e-06
763 8.99062e-06
764 9.36625e-06
765 9.74635e-06
766 1.01303e-05
767 1.05177e-05
768 1.09077e-05
769 1.13e-05
770 1.16938e-05
771 1.20886e-05
772 1.24837e-05
773 1.28787e-05
774 1.3273e-05
775 1.36658e-05
776 1.40568e-05
777 1.44454e-05
778 1.48309e-05
779 1.52129e-05
780 1.55909e-05
781 1.59644e-05
782 1.63329e-05
783 1.6696e-05
784 1.70533e-05
785 1.74044e-05
786 1.77488e-05
787 1.80863e-05
788 1.84167e-05
789 1.87395e-05
790 1.90546e-05
791 1.93618e-05
792 1.96608e-05
793 1.99517e-05
794 2.02343e-05
795 2.05085e-05
796 2.07745e-05
797 2.10321e-05
798 2.12815e-05
799 2.15229e-05
800 2.17563e-05
801 2.19821e-05
802 2.22004e-05
803 2.24117e-05
804 2.26163e-05
805 2.28145e-05
806 2.30068e-05
807 2.31938e-05
808 2.3376e-05
809 2.3554e-05
810 2.37284e-05
811 2.38999e-05
812 2.40693e-05
813 2.42373e-05
814 2.44048e-05
815 2.45727e-05
816 2.47418e-05
817 2.49131e-05
818 2.50877e-05
819 2.52666e-05
820 2.54509e-05
821 2.56416e-05
822 2.58401e-05
823 2.60474e-05
824 2.62648e-05
825 2.64936e-05
826 2.67351e-05
827 2.69907e-05
828 2.72617e-05
829 2.75495e-05
830 2.78556e-05
831 2.81814e-05
832 2.85285e-05
833 2.88983e-05
834 2.92925e-05
835 2.97124e-05
836 3.01599e-05
837 3.06364e-05
838 3.11435e-05
839 3.1683e-05
840 3.22565e-05
841 3.28656e-05
842 3.35121e-05
843 3.41977e-05
844 3.4924e-05
845 3.56928e-05
846 3.65058e-05
847 3.73649e-05
848 3.82716e-05
849 3.92278e-05
850 4.02353e-05
851 4.12957e-05
852 4.2411e-05
853 4.35827e-05
854 4.48129e-05
855 4.61031e-05
856 4.74552e-05
857 4.88709e-05
858 5.03521e-05
859 5.19005e-05
860 5.35179e-05
861 5.5206e-05
862 5.69667e-05
863 5.88017e-05
864 6.07128e-05
865 6.27017e-05
866 6.47702e-05
867 6.692e-05
868 6.9153e-05
869 7.14709e-05
870 7.38754e-05
871 7.63683e-05
872 7.89514e-05
873 8.16263e-05
874 8.4395e-05
875 8.7259e-05
876 9.02201e-05
877 9.32802e-05
878 9.64409e-05
879 9.9704e-05
880 0.000103071
881 0.000106544
882 0.000110125
883 0.000113816
884 0.000117617
885 0.000121532
886 0.000125561
887 0.000129707
888 0.000133972
889 0.000138356
890 0.000142863
891 0.000147494
892 0.00015225
893 0.000157134
894 0.000162147
895 0.000167292
896 0.00017257
897 0.000177983
898 0.000183533
899 0.000189222
900 0.000195053
901 0.000201026
902 0.000207145
903 0.000213411
904 0.000219826
905 0.000226393
906 0.000233112
907 0.000239988
908 0.000247021
909 0.000254215
910 0.000261571
911 0.000269091
912 0.000276778
913 0.000284634
914 0.000292662
915 0.000300864
916 0.000309242
917 0.000317799
918 0.000326537
919 0.00033546
920 0.000344568
921 0.000353866
922 0.000363356
923 0.00037304
924 0.000382921
925 0.000393003
926 0.000403287
927 0.000413776
928 0.000424474
929 0.000435384
930 0.000446508
931 0.000457849
932 0.000469411
933 0.000481196
934 0.000493208
935 0.00050545
936 0.000517925
937 0.000530636
938 0.000543587
939 0.00055678
940 0.00057022
941 0.000583909
942 0.000597852
943 0.000612051
944 0.00062651
945 0.000641233
946 0.000656223
947 0.000671484
948 0.000687019
949 0.000702832
950 0.000718928
951 0.000735309
952 0.000751979
953 0.000768943
954 0.000786204
955 0.000803765
956 0.000821632
957 0.000839807
958 0.000858295
959 0.0008771
960 0.000896225
961 0.000915675
962 0.000935454
963 0.000955566
964 0.000976014
965 0.000996804
966 0.00101794
967 0.00103942
968 0.00106126
969 0.00108345
970 0.00110601
971 0.00112893
972 0.00115222
973 0.00117589
974 0.00119993
975 0.00122436
976 0.00124917
977 0.00127438
978 0.00129997
979 0.00132597
980 0.00135237
981 0.00137918
982 0.0014064
983 0.00143403
984 0.00146209
985 0.00149057
986 0.00151947
987 0.00154881
988 0.00157858
989 0.0016088
990 0.00163945
991 0.00167056
992 0.00170211
993 0.00173412
994 0.00176659
995 0.00179952
996 0.00183292
997 0.00186679
998 0.00190113
999 0.00193595
1000 0.00197125
1001 0.00200703
1002 0.0020433
1003 0.00208006
1004 0.00211732
1005 0.00215507
1006 0.00219332
1007 0.00223208
1008 0.00227135
1009 0.00231112
1010 0.00235141
1011 0.00239221
1012 0.00243353
1013 0.00247536
1014 0.00251773
1015 0.00256061
1016 0.00260403
1017 0.00264797
1018 0.00269245
1019 0.00273746
1020 0.00278301
1021 0.00282909
1022 0.00287572
1023 0.00292288
1024 0.00297059
1025 0.00301885
1026 0.00306764
1027 0.00311699
1028 0.00316688
1029 0.00321732
1030 0.00326831
1031 0.00331985
1032 0.00337194
1033 0.00342459
1034 0.00347778
1035 0.00353152
1036 0.00358582
1037 0.00364067
1038 0.00369606
1039 0.00375201
1040 0.00380851
1041 0.00386556
1042 0.00392315
1043 0.00398129
1044 0.00403998
1045 0.00409921
1046 0.00415899
1047 0.00421931
1048 0.00428016
1049 0.00434156
1050 0.00440349
1051 0.00446595
1052 0.00452894
1053 0.00459246
1054 0.0046565
1055 0.00472107
1056 0.00478616
1057 0.00485175
1058 0.00491787
1059 0.00498448
1060 0.00505161
1061 0.00511923
1062 0.00518734
1063 0.00525595
1064 0.00532504
1065 0.00539462
1066 0.00546467
1067 0.00553519
1068 0.00560617
1069 0.00567761
1070 0.00574951
1071 0.00582185
1072 0.00589464
1073 0.00596786
1074 0.00604151
1075 0.00611557
1076 0.00619006
1077 0.00626495
1078 0.00634023
1079 0.00641591
1080 0.00649197
1081 0.00656841
1082 0.00664522
1083 0.00672238
1084 0.00679989
1085 0.00687775
1086 0.00695593
1087 0.00703444
1088 0.00711327
1089 0.00719239
1090 0.00727181
1091 0.00735152
1092 0.00743149
1093 0.00751173
1094 0.00759222
1095 0.00767296
1096 0.00775392
1097 0.00783511
1098 0.0079165
1099 0.00799808
1100 0.00807986
1101 0.0081618
1102 0.0082439
1103 0.00832616
1104 0.00840855
1105 0.00849106
1106 0.00857368
1107 0.0086564
1108 0.0087392
1109 0.00882208
1110 0.00890501
1111 0.00898798
1112 0.00907099
1113 0.00915401
1114 0.00923703
1115 0.00932004
1116 0.00940302
1117 0.00948596
1118 0.00956884
1119 0.00965166
1120 0.00973439
1121 0.00981701
1122 0.00989952
1123 0.0099819
1124 0.0100641
1125 0.0101462
1126 0.0102281
1127 0.0103098
1128 0.0103913
1129 0.0104725
1130 0.0105536
1131 0.0106343
1132 0.0107148
1133 0.010795
1134 0.0108749
1135 0.0109545
1136 0.0110337
1137 0.0111126
1138 0.0111911
1139 0.0112692
1140 0.0113469
1141 0.0114242
1142 0.011501
1143 0.0115774
1144 0.0116533
1145 0.0117288
1146 0.0118037
1147 0.0118781
1148 0.0119519
1149 0.0120252
1150 0.012098
1151 0.0121701
1152 0.0122416
1153 0.0123125
1154 0.0123828
1155 0.0124524
1156 0.0125213
1157 0.0125896
1158 0.0126571
1159 0.0127239
1160 0.01279
1161 0.0128553
1162 0.0129199
1163 0.0129836
1164 0.0130466
1165 0.0131087
1166 0.01317
1167 0.0132305
1168 0.0132901
1169 0.0133488
1170 0.0134066
1171 0.0134635
1172 0.0135194
1173 0.0135744
1174 0.0136285
1175 0.0136816
1176 0.0137337
1177 0.0137848
1178 0.0138349
1179 0.013884
1180 0.013932
1181 0.013979
1182 0.0140249
1183 0.0140698
1184 0.0141135
1185 0.0141562
1186 0.0141977
1187 0.0142381
1188 0.0142773
1189 0.0143154
1190 0.0143524
1191 0.0143882
1192 0.0144227
1193 0.0144561
1194 0.0144883
1195 0.0145193
1196 0.014549
1197 0.0145776
1198 0.0146048
1199 0.0146309
1200 0.0146556
1201 0.0146791
1202 0.0147014
1203 0.0147223
1204 0.014742
1205 0.0147603
1206 0.0147774
1207 0.0147932
1208 0.0148076
1209 0.0148207
1210 0.0148325
1211 0.014843
1212 0.0148522
1213 0.01486
1214 0.0148664
1215 0.0148716
1216 0.0148754
1217 0.0148778
1218 0.0148789
1219 0.0148786
1220 0.014877
1221 0.0148741
1222 0.0148697
1223 0.0148641
1224 0.014857
1225 0.0148487
1226 0.0148389
1227 0.0148279
1228 0.0148154
1229 0.0148017
1230 0.0147865
1231 0.0147701
1232 0.0147523
1233 0.0147331
1234 0.0147127
1235 0.0146909
1236 0.0146678
1237 0.0146434
1238 0.0146176
1239 0.0145906
1240 0.0145622
1241 0.0145326
1242 0.0145017
1243 0.0144695
1244 0.014436
1245 0.0144013
1246 0.0143653
1247 0.0143281
1248 0.0142896
1249 0.0142499
1250 0.014209
1251 0.0141669
1252 0.0141236
1253 0.0140791
1254 0.0140334
1255 0.0139865
1256 0.0139385
1257 0.0138894
1258 0.0138391
1259 0.0137877
1260 0.0137352
1261 0.0136817
1262 0.013627
1263 0.0135713
1264 0.0135145
1265 0.0134567
1266 0.0133978
1267 0.013338
1268 0.0132771
1269 0.0132153
1270 0.0131525
1271 0.0130888
1272 0.0130241
1273 0.0129585
1274 0.012892
1275 0.0128246
1276 0.0127564
1277 0.0126873
1278 0.0126173
1279 0.0125466
1280 0.012475
1281 0.0124027
1282 0.0123295
1283 0.0122557
1284 0.0121811
1285 0.0121057
1286 0.0120297
1287 0.011953
1288 0.0118756
1289 0.0117976
1290 0.011719
1291 0.0116397
1292 0.0115599
1293 0.0114795
1294 0.0113985
1295 0.011317
1296 0.0112349
1297 0.0111524
1298 0.0110694
1299 0.0109859
1300 0.010902
1301 0.0108177
1302 0.0107329
1303 0.0106478
1304 0.0105622
1305 0.0104764
1306 0.0103902
1307 0.0103036
1308 0.0102168
1309 0.0101297
1310 0.0100424
1311 0.00995475
1312 0.00986692
1313 0.00977888
1314 0.00969065
1315 0.00960225
1316 0.0095137
1317 0.00942501
1318 0.0093362
1319 0.00924729
1320 0.0091583
1321 0.00906924
1322 0.00898014
1323 0.008891
1324 0.00880185
1325 0.0087127
1326 0.00862357
1327 0.00853447
1328 0.00844543
1329 0.00835645
1330 0.00826756
1331 0.00817877
1332 0.0080901
1333 0.00800156
1334 0.00791316
1335 0.00782493
1336 0.00773688
1337 0.00764902
1338 0.00756137
1339 0.00747394
1340 0.00738674
1341 0.0072998
1342 0.00721313
1343 0.00712673
1344 0.00704062
1345 0.00695482
1346 0.00686934
1347 0.0067842
1348 0.0066994
1349 0.00661495
1350 0.00653088
1351 0.00644718
1352 0.00636389
1353 0.00628099
1354 0.00619852
1355 0.00611647
1356 0.00603486
1357 0.0059537
1358 0.005873
1359 0.00579277
1360 0.00571302
1361 0.00563376
1362 0.005555
1363 0.00547675
1364 0.00539902
1365 0.00532181
1366 0.00524514
1367 0.00516901
1368 0.00509343
1369 0.0050184
1370 0.00494395
1371 0.00487007
1372 0.00479676
1373 0.00472405
1374 0.00465192
1375 0.0045804
1376 0.00450947
1377 0.00443916
1378 0.00436947
1379 0.00430039
1380 0.00423194
1381 0.00416412
1382 0.00409694
1383 0.00403039
1384 0.00396448
1385 0.00389922
1386 0.00383461
1387 0.00377065
1388 0.00370734
1389 0.00364469
1390 0.0035827
1391 0.00352138
1392 0.00346071
1393 0.00340071
1394 0.00334138
1395 0.00328271
1396 0.00322471
1397 0.00316738
1398 0.00311072
1399 0.00305473
1400 0.00299941
1401 0.00294476
1402 0.00289078
1403 0.00283747
1404 0.00278482
1405 0.00273284
1406 0.00268153
1407 0.00263088
1408 0.0025809
1409 0.00253157
1410 0.00248291
1411 0.0024349
1412 0.00238755
1413 0.00234085
1414 0.0022948
1415 0.0022494
1416 0.00220465
1417 0.00216053
1418 0.00211706
1419 0.00207422
1420 0.00203201
1421 0.00199043
1422 0.00194947
1423 0.00190914
1424 0.00186942
1425 0.00183032
1426 0.00179182
1427 0.00175393
1428 0.00171664
1429 0.00167995
1430 0.00164384
1431 0.00160833
1432 0.00157339
1433 0.00153904
1434 0.00150525
1435 0.00147204
1436 0.00143938
1437 0.00140729
1438 0.00137574
1439 0.00134475
1440 0.00131429
1441 0.00128437
1442 0.00125498
1443 0.00122612
1444 0.00119778
1445 0.00116995
1446 0.00114263
1447 0.00111582
1448 0.0010895
1449 0.00106368
1450 0.00103834
1451 0.00101348
1452 0.000989101
1453 0.000965188
1454 0.000941739
1455 0.000918747
1456 0.000896208
1457 0.000874115
1458 0.000852462
1459 0.000831244
1460 0.000810454
1461 0.000790088
1462 0.000770138
1463 0.0007506
1464 0.000731468
1465 0.000712735
1466 0.000694396
1467 0.000676445
1468 0.000658877
1469 0.000641685
1470 0.000624865
1471 0.00060841
1472 0.000592314
1473 0.000576572
1474 0.000561179
1475 0.000546129
1476 0.000531416
1477 0.000517034
1478 0.000502979
1479 0.000489244
1480 0.000475825
1481 0.000462716
1482 0.000449911
1483 0.000437405
1484 0.000425194
1485 0.000413271
1486 0.000401632
1487 0.000390271
1488 0.000379184
1489 0.000368365
1490 0.000357809
1491 0.000347512
1492 0.000337468
1493 0.000327672
1494 0.000318121
1495 0.000308808
1496 0.00029973
1497 0.000290881
1498 0.000282258
1499 0.000273855
1500 0.000265668
1501 0.000257693
1502 0.000249925
1503 0.00024236
1504 0.000234993
1505 0.000227822
1506 0.00022084
1507 0.000214045
1508 0.000207432
1509 0.000200997
1510 0.000194737
1511 0.000188647
1512 0.000182723
1513 0.000176963
1514 0.000171362
1515 0.000165916
1516 0.000160622
1517 0.000155477
1518 0.000150477
1519 0.000145619
1520 0.000140899
1521 0.000136314
1522 0.000131861
1523 0.000127536
1524 0.000123337
1525 0.000119261
1526 0.000115303
1527 0.000111463
1528 0.000107736
1529 0.000104119
1530 0.000100611
1531 9.72079e-05
1532 9.39074e-05
1533 9.07068e-05
1534 8.76035e-05
1535 8.4595e-05
1536 8.16789e-05
1537 7.88527e-05
1538 7.6114e-05
1539 7.34606e-05
1540 7.089e-05
1541 6.84002e-05
1542 6.59889e-05
1543 6.36539e-05
1544 6.13933e-05
1545 5.92049e-05
1546 5.70867e-05
1547 5.50368e-05
1548 5.30533e-05
1549 5.11343e-05
1550 4.9278e-05
1551 4.74826e-05
1552 4.57463e-05
1553 4.40675e-05
1554 4.24445e-05
1555 4.08756e-05
1556 3.93593e-05
1557 3.78941e-05
1558 3.64783e-05
1559 3.51106e-05
1560 3.37896e-05
1561 3.25137e-05
1562 3.12817e-05
1563 3.00922e-05
1564 2.89439e-05
1565 2.78356e-05
1566 2.6766e-05
1567 2.57339e-05
1568 2.47382e-05
1569 2.37777e-05
1570 2.28513e-05
1571 2.19579e-05
1572 2.10965e-05
1573 2.02661e-05
1574 1.94656e-05
1575 1.86941e-05
1576 1.79507e-05
1577 1.72344e-05
1578 1.65444e-05
1579 1.58798e-05
1580 1.52397e-05
1581 1.46233e-05
1582 1.40299e-05
1583 1.34587e-05
1584 1.29089e-05
1585 1.23799e-05
1586 1.18708e-05
1587 1.1381e-05
1588 1.09099e-05
1589 1.04568e-05
1590 1.00211e-05
1591 9.60221e-06
1592 9.19949e-06
1593 8.81241e-06
1594 8.4404e-06
1595 8.08294e-06
1596 7.73951e-06
1597 7.40961e-06
1598 7.09275e-06
1599 6.78846e-06
1600 6.49629e-06
1601 6.2158e-06
1602 5.94657e-06
1603 5.68817e-06
1604 5.44021e-06
1605 5.20231e-06
1606 4.97409e-06
1607 4.7552e-06
1608 4.54527e-06
1609 4.34398e-06
1610 4.151e-06
1611 3.96602e-06
1612 3.78873e-06
1613 3.61883e-06
1614 3.45604e-06
1615 3.3001e-06
1616 3.15073e-06
1617 3.00768e-06
1618 2.8707e-06
1619 2.73956e-06
1620 2.61403e-06
1621 2.49388e-06
1622 2.3789e-06
1623 2.26889e-06
1624 2.16364e-06
1625 2.06298e-06
1626 1.9667e-06
1627 1.87464e-06
1628 1.78663e-06
1629 1.70249e-06
1630 1.62208e-06
1631 1.54523e-06
1632 1.47181e-06
1633 1.40166e-06
1634 1.33466e-06
1635 1.27068e-06
1636 1.20958e-06
1637 1.15124e-06
1638 1.09556e-06
1639 1.04241e-06
1640 9.91693e-07
1641 9.43301e-07
1642 8.97136e-07
1643 8.53103e-07
1644 8.11108e-07
1645 7.71065e-07
1646 7.32888e-07
1647 6.96496e-07
1648 6.61811e-07
1649 6.28759e-07
1650 5.97267e-07
1651 5.67267e-07
1652 5.38691e-07
1653 5.11478e-07
1654 4.85566e-07
1655 4.60896e-07
1656 4.37414e-07
1657 4.15064e-07
1658 3.93797e-07
1659 3.73562e-07
1660 3.54313e-07
1661 3.36004e-07
1662 3.18593e-07
1663 3.02038e-07
1664 2.86299e-07
1665 2.71339e-07
1666 2.57121e-07
1667 2.4361e-07
1668 2.30774e-07
1669 2.18581e-07
1670 2.07e-07
1671 1.96003e-07
1672 1.85561e-07
1673 1.75648e-07
1674 1.66239e-07
1675 1.57309e-07
1676 1.48837e-07
1677 1.40798e-07
1678 1.33174e-07
1679 1.25942e-07
1680 1.19085e-07
1681 1.12584e-07
1682 1.0642e-07
1683 1.00579e-07
1684 9.50435e-08
1685 8.97985e-08
1686 8.48298e-08
1687 8.01234e-08
1688 7.56663e-08
1689 7.14459e-08
1690 6.74504e-08
1691 6.36683e-08
1692 6.00888e-08
1693 5.67017e-08
1694 5.34971e-08
1695 5.04656e-08
1696 4.75984e-08
1697 4.48871e-08
1698 4.23235e-08
1699 3.99e-08
1700 3.76093e-08
1701 3.54445e-08
1702 3.33991e-08
1703 3.14667e-08
1704 2.96414e-08
1705 2.79176e-08
1706 2.62898e-08
1707 2.4753e-08
1708 2.33023e-08
1709 2.19332e-08
1710 2.06412e-08
1711 1.94222e-08
1712 1.82723e-08
1713 1.71878e-08
1714 1.6165e-08
1715 1.52006e-08
1716 1.42915e-08
1717 1.34347e-08
1718 1.26271e-08
1719 1.18662e-08
1720 1.11494e-08
1721 1.04742e-08
1722 9.83826e-09
1723 9.23947e-09
1724 8.67573e-09
1725 8.14507e-09
1726 7.64564e-09
1727 7.17567e-09
1728 6.7335e-09
1729 6.31756e-09
1730 5.92635e-09
1731 5.55847e-09
1732 5.21258e-09
1733 4.88741e-09
1734 4.58179e-09
1735 4.29458e-09
1736 4.02472e-09
1737 3.77121e-09
1738 3.53309e-09
1739 3.30946e-09
1740 3.09948e-09
1741 2.90235e-09
1742 2.71732e-09
1743 2.54366e-09
1744 2.38072e-09
1745 2.22784e-09
1746 2.08444e-09
1747 1.94996e-09
1748 1.82385e-09
1749 1.70561e-09
1750 1.59478e-09
1751 1.4909e-09
1752 1.39357e-09
1753 1.30237e-09
1754 1.21694e-09
1755 1.13692e-09
1756 1.06199e-09
1757 9.9184e-10
1758 9.26168e-10
1759 8.647e-10
1760 8.07179e-10
1761 7.53359e-10
1762 7.03011e-10
1763 6.55919e-10
1764 6.1188e-10
1765 5.70703e-10
1766 5.32209e-10
1767 4.96229e-10
1768 4.62604e-10
1769 4.31186e-10
1770 4.01835e-10
1771 3.74419e-10
1772 3.48815e-10
1773 3.24909e-10
1774 3.0259e-10
1775 2.81757e-10
1776 2.62314e-10
1777 2.44173e-10
1778 2.27248e-10
1779 2.1146e-10
1780 1.96737e-10
1781 1.83008e-10
1782 1.70208e-10
1783 1.58277e-10
1784 1.47157e-10
1785 1.36796e-10
1786 1.27143e-10
1787 1.18151e-10
1788 1.09777e-10
1789 1.01979e-10
1790 9.47184e-11
1791 8.79603e-11
1792 8.16705e-11
1793 7.58177e-11
1794 7.03724e-11
1795 6.53071e-11
1796 6.05961e-11
1797 5.62154e-11
1798 5.21426e-11
1799 4.83566e-11
1800 4.48379e-11
1801 4.15682e-11
1802 3.85303e-11
1803 3.57084e-11
1804 3.30875e-11
1805 3.06538e-11
1806 2.83942e-11
1807 2.62967e-11
1808 2.435e-11
1809 2.25435e-11
1810 2.08675e-11
1811 1.93128e-11
1812 1.78708e-11
1813 1.65337e-11
1814 1.5294e-11
1815 1.41448e-11
1816 1.30798e-11
1817 1.20928e-11
1818 1.11784e-11
1819 1.03314e-11
1820 9.5469e-12
1821 8.82046e-12
1822 8.14789e-12
1823 7.5253e-12
1824 6.9491e-12
1825 6.4159e-12
1826 5.92259e-12
1827 5.46627e-12
1828 5.04424e-12
1829 4.65398e-12
1830 4.29318e-12
1831 3.95966e-12
1832 3.65141e-12
1833 3.36658e-12
1834 3.10343e-12
1835 2.86035e-12
1836 2.63586e-12
1837 2.42856e-12
1838 2.23718e-12
1839 2.06051e-12
1840 1.89747e-12
1841 1.74703e-12
1842 1.60823e-12
1843 1.48021e-12
1844 1.36213e-12
1845 1.25326e-12
1846 1.15289e-12
1847 1.06037e-12
1848 9.75103e-13
1849 8.96538e-13
1850 8.24158e-13
1851 7.57489e-13
1852 6.96091e-13
1853 6.39557e-13
1854 5.87512e-13
1855 5.39608e-13
1856 4.95522e-13
1857 4.54958e-13
1858 4.17642e-13
1859 3.83318e-13
1860 3.51754e-13
1861 3.22732e-13
1862 2.96052e-13
1863 2.7153e-13
1864 2.48995e-13
1865 2.2829e-13
1866 2.0927e-13
1867 1.91801e-13
1868 1.75759e-13
1869 1.6103e-13
1870 1.47509e-13
1871 1.351e-13
1872 1.23713e-13
1873 1.13265e-13
1874 1.03681e-13
1875 9.48919e-14
1876 8.6832e-14
1877 7.94427e-14
1878 7.26692e-14
1879 6.64615e-14
1880 6.07732e-14
1881 5.55619e-14
1882 5.07884e-14
1883 4.64168e-14
1884 4.24139e-14
1885 3.87493e-14
1886 3.5395e-14
1887 3.23253e-14
1888 2.95166e-14
1889 2.69471e-14
1890 2.45968e-14
1891 2.24476e-14
1892 2.04825e-14
1893 1.8686e-14
1894 1.70441e-14
1895 1.55437e-14
1896 1.41728e-14
1897 1.29205e-14
1898 1.17767e-14
1899 1.07323e-14
1900 9.77872e-15
1901 8.90827e-15
1902 8.11385e-15
1903 7.38895e-15
1904 6.7276e-15
1905 6.12434e-15
1906 5.57417e-15
1907 5.07251e-15
1908 4.61517e-15
1909 4.1983e-15
1910 3.8184e-15
1911 3.47225e-15
1912 3.1569e-15
1913 2.86968e-15
1914 2.60812e-15
1915 2.36997e-15
1916 2.15318e-15
1917 1.95586e-15
1918 1.7763e-15
1919 1.61294e-15
1920 1.46433e-15
1921 1.32918e-15
1922 1.20628e-15
1923 1.09454e-15
1924 9.92979e-16
1925 9.00674e-16
1926 8.16802e-16
1927 7.40605e-16
1928 6.71394e-16
1929 6.0854e-16
1930 5.5147e-16
1931 4.99662e-16
1932 4.52637e-16
1933 4.09964e-16
1934 3.71246e-16
1935 3.36124e-16
1936 3.04268e-16
1937 2.75382e-16
1938 2.49192e-16
1939 2.25452e-16
1940 2.03936e-16
1941 1.8444e-16
1942 1.66777e-16
1943 1.50778e-16
1944 1.36289e-16
1945 1.23169e-16
1946 1.11292e-16
1947 1.00542e-16
1948 9.0814e-17
1949 8.20118e-17
1950 7.40493e-17
1951 6.68475e-17
1952 6.0335e-17
1953 5.4447e-17
1954 4.91246e-17
1955 4.43143e-17
1956 3.99677e-17
1957 3.60407e-17
1958 3.24937e-17
1959 2.92903e-17
1960 2.63978e-17
1961 2.37866e-17
1962 2.14298e-17
1963 1.93029e-17
1964 1.73838e-17
1965 1.56527e-17
1966 1.40914e-17
1967 1.26834e-17
1968 1.1414e-17
1969 1.02698e-17
1970 9.23853e-18
1971 8.3093e-18
1972 7.47215e-18
1973 6.7181e-18
1974 6.03902e-18
1975 5.42757e-18
1976 4.87713e-18
1977 4.3817e-18
1978 3.93586e-18
1979 3.53473e-18
1980 3.1739e-18
1981 2.84937e-18
1982 2.55754e-18
1983 2.29518e-18
1984 2.05934e-18
1985 1.8474e-18
1986 1.65696e-18
1987 1.48587e-18
1988 1.3322e-18
1989 1.1942e-18
1990 1.07029e-18
1991 9.59066e-19
1992 8.59235e-19
1993 7.69652e-19
1994 6.8928e-19
1995 6.17184e-19
1996 5.52526e-19
1997 4.94549e-19
1998 4.42572e-19
1999 3.95982e-19
2000 3.54231e-19
2001 3.16822e-19
2002 2.83309e-19
2003 2.53294e-19
2004 2.26415e-19
2005 2.0235e-19
2006 1.80809e-19
2007 1.61529e-19
2008 1.44278e-19
2009 1.28844e-19
2010 1.15038e-19
2011 1.02692e-19
2012 9.16535e-20
2013 8.1785e-20
2014 7.29646e-20
2015 6.50825e-20
2016 5.80402e-20
2017 5.17493e-20
2018 4.61309e-20
2019 4.1114e-20
2020 3.66349e-20
2021 3.26369e-20
2022 2.9069e-20
2023 2.58855e-20
2024 2.30455e-20
2025 2.05124e-20
2026 1.82536e-20
2027 1.62397e-20
2028 1.44446e-20
2029 1.28448e-20
2030 1.14193e-20
2031 1.01495e-20
2032 9.01858e-21
2033 8.01158e-21
2034 7.11515e-21
2035 6.31733e-21
2036 5.60751e-21
2037 4.97615e-21
2038 4.41474e-21
2039 3.91576e-21
2040 3.47241e-21
2041 3.07868e-21
2042 2.72922e-21
2043 2.41924e-21
2044 2.1445e-21
2045 1.9012e-21
2046 1.68598e-21
2047 1.49588e-21
