0 4.52342e-80
1 4.57187e-80
2 5.01702e-80
3 5.91808e-80
4 7.39551e-80
5 9.64692e-80
6 1.29731e-79
7 1.78177e-79
8 2.48258e-79
9 3.49281e-79
10 4.94635e-79
11 7.0354e-79
12 1.00355e-78
13 1.43415e-78
14 2.05186e-78
15 2.93759e-78
16 4.20706e-78
17 6.02575e-78
18 8.63017e-78
19 1.23582e-77
20 1.76923e-77
21 2.53212e-77
22 3.62276e-77
23 5.18131e-77
24 7.40757e-77
25 1.05863e-76
26 1.5123e-76
27 2.15952e-76
28 3.08247e-76
29 4.39807e-76
30 6.27258e-76
31 8.94233e-76
32 1.27431e-75
33 1.81517e-75
34 2.58452e-75
35 3.67843e-75
36 5.23314e-75
37 7.44186e-75
38 1.05784e-74
39 1.50306e-74
40 2.13477e-74
41 3.03071e-74
42 4.30086e-74
43 6.10079e-74
44 8.65037e-74
45 1.22603e-73
46 1.73695e-73
47 2.45974e-73
48 3.48186e-73
49 4.92665e-73
50 6.96802e-73
51 9.85111e-73
52 1.39213e-72
53 1.96649e-72
54 2.77665e-72
55 3.91895e-72
56 5.52886e-72
57 7.79685e-72
58 1.09906e-71
59 1.5486e-71
60 2.18111e-71
61 3.07067e-71
62 4.32121e-71
63 6.07849e-71
64 8.5468e-71
65 1.20124e-70
66 1.68761e-70
67 2.36991e-70
68 3.32667e-70
69 4.66772e-70
70 6.54663e-70
71 9.17799e-70
72 1.28616e-69
73 1.8016e-69
74 2.52256e-69
75 3.53053e-69
76 4.93919e-69
77 6.90699e-69
78 9.6547e-69
79 1.34898e-68
80 1.88404e-68
81 2.63021e-68
82 3.67035e-68
83 5.11967e-68
84 7.13828e-68
85 9.94859e-68
86 1.38594e-67
87 1.92995e-67
88 2.68636e-67
89 3.73765e-67
90 5.19816e-67
91 7.22632e-67
92 1.00415e-66
93 1.39476e-66
94 1.9365e-66
95 2.6875e-66
96 3.72819e-66
97 5.16967e-66
98 7.16545e-66
99 9.92752e-66
100 1.37484e-65
101 1.90319e-65
102 2.63346e-65
103 3.6424e-65
104 5.03575e-65
105 6.95915e-65
106 9.61312e-65
107 1.32736e-64
108 1.83201e-64
109 2.52744e-64
110 3.48539e-64
111 4.80438e-64
112 6.61969e-64
113 9.11705e-64
114 1.25512e-63
115 1.72716e-63
116 2.37571e-63
117 3.26641e-63
118 4.48914e-63
119 6.16694e-63
120 8.46821e-63
121 1.16233e-62
122 1.5947e-62
123 2.18699e-62
124 2.99797e-62
125 4.10793e-62
126 5.62644e-62
127 7.70297e-62
128 1.05414e-61
129 1.44195e-61
130 1.9716e-61
131 2.69464e-61
132 3.68127e-61
133 5.02699e-61
134 6.86171e-61
135 9.36205e-61
136 1.2768e-60
137 1.74057e-60
138 2.37176e-60
139 3.23046e-60
140 4.39817e-60
141 5.98541e-60
142 8.14196e-60
143 1.10708e-59
144 1.50466e-59
145 2.04416e-59
146 2.7759e-59
147 3.76795e-59
148 5.11234e-59
149 6.93343e-59
150 9.39916e-59
151 1.27363e-58
152 1.72508e-58
153 2.33555e-58
154 3.16069e-58
155 4.27551e-58
156 5.78103e-58
157 7.81331e-58
158 1.05555e-57
159 1.42539e-57
160 1.92398e-57
161 2.59585e-57
162 3.50083e-57
163 4.71927e-57
164 6.35903e-57
165 8.56482e-57
166 1.15308e-56
167 1.5517e-56
168 2.08724e-56
169 2.80638e-56
170 3.77166e-56
171 5.06675e-56
172 6.80359e-56
173 9.13184e-56
174 1.22515e-55
175 1.64298e-55
176 2.20234e-55
177 2.95086e-55
178 3.95207e-55
179 5.29066e-55
180 7.07956e-55
181 9.4692e-55
182 1.26599e-54
183 1.69184e-54
184 2.25994e-54
185 3.01749e-54
186 4.02721e-54
187 5.37246e-54
188 7.16393e-54
189 9.54861e-54
190 1.27215e-53
191 1.69413e-53
192 2.25509e-53
193 3.00048e-53
194 3.9905e-53
195 5.30484e-53
196 7.049e-53
197 9.36249e-53
198 1.24298e-52
199 1.64948e-52
200 2.18795e-52
201 2.90093e-52
202 3.84454e-52
203 5.09285e-52
204 6.74351e-52
205 8.92523e-52
206 1.18076e-51
207 1.56139e-51
208 2.0638e-51
209 2.72667e-51
210 3.60086e-51
211 4.75321e-51
212 6.27156e-51
213 8.27126e-51
214 1.09037e-50
215 1.43676e-50
216 1.89236e-50
217 2.49131e-50
218 3.27838e-50
219 4.31219e-50
220 5.66948e-50
221 7.45066e-50
222 9.78707e-50
223 1.28504e-49
224 1.68651e-49
225 2.21241e-49
226 2.901e-49
227 3.80221e-49
228 4.98117e-49
229 6.52276e-49
230 8.53762e-49
231 1.11699e-48
232 1.46071e-48
233 1.90935e-48
234 2.49467e-48
235 3.25795e-48
236 4.25286e-48
237 5.54909e-48
238 7.23715e-48
239 9.43447e-48
240 1.22934e-47
241 1.60114e-47
242 2.08446e-47
243 2.71244e-47
244 3.52802e-47
245 4.58675e-47
246 5.9605e-47
247 7.74219e-47
248 1.00519e-46
249 1.30447e-46
250 1.6921e-46
251 2.19392e-46
252 2.84326e-46
253 3.68312e-46
254 4.76889e-46
255 6.17194e-46
256 7.98414e-46
257 1.03237e-45
258 1.33428e-45
259 1.72369e-45
260 2.22574e-45
261 2.8727e-45
262 3.70602e-45
263 4.77888e-45
264 6.15951e-45
265 7.93537e-45
266 1.02186e-44
267 1.31526e-44
268 1.69214e-44
269 2.17601e-44
270 2.79695e-44
271 3.59344e-44
272 4.61462e-44
273 5.92327e-44
274 7.59954e-44
275 9.74569e-44
276 1.24922e-43
277 1.60052e-43
278 2.04968e-43
279 2.62368e-43
280 3.35686e-43
281 4.29294e-43
282 5.48752e-43
283 7.01126e-43
284 8.95395e-43
285 1.14296e-42
286 1.4583e-42
287 1.85978e-42
288 2.37069e-42
289 3.02055e-42
290 3.84676e-42
291 4.89669e-42
292 6.23028e-42
293 7.92339e-42
294 1.00719e-41
295 1.27971e-41
296 1.6252e-41
297 2.063e-41
298 2.61753e-41
299 3.31956e-41
300 4.2079e-41
301 5.33149e-41
302 6.75195e-41
303 8.54686e-41
304 1.08139e-40
305 1.36758e-40
306 1.72871e-40
307 2.18417e-40
308 2.75835e-40
309 3.48184e-40
310 4.39304e-40
311 5.5401e-40
312 6.98342e-40
313 8.79863e-40
314 1.10805e-39
315 1.39476e-39
316 1.75484e-39
317 2.20685e-39
318 2.77399e-39
319 3.48525e-39
320 4.37683e-39
321 5.49393e-39
322 6.89293e-39
323 8.64416e-39
324 1.08352e-38
325 1.35754e-38
326 1.70006e-38
327 2.12801e-38
328 2.66245e-38
329 3.32957e-38
330 4.16191e-38
331 5.19991e-38
332 6.4938e-38
333 8.10589e-38
334 1.01135e-37
335 1.26126e-37
336 1.57219e-37
337 1.95887e-37
338 2.43955e-37
339 3.03678e-37
340 3.7785e-37
341 4.69923e-37
342 5.84166e-37
343 7.25854e-37
344 9.01499e-37
345 1.11914e-36
346 1.38871e-36
347 1.72242e-36
348 2.13538e-36
349 2.64616e-36
350 3.27767e-36
351 4.05809e-36
352 5.02211e-36
353 6.2124e-36
354 7.68145e-36
355 9.49374e-36
356 1.17285e-35
357 1.44831e-35
358 1.7877e-35
359 2.20567e-35
360 2.72021e-35
361 3.35336e-35
362 4.13216e-35
363 5.0897e-35
364 6.26653e-35
365 7.7123e-35
366 9.48775e-35
367 1.16672e-34
368 1.43415e-34
369 1.76218e-34
370 2.16439e-34
371 2.65735e-34
372 3.26132e-34
373 4.00104e-34
374 4.90666e-34
375 6.015e-34
376 7.37097e-34
377 9.02928e-34
378 1.10567e-33
379 1.35344e-33
380 1.65616e-33
381 2.02587e-33
382 2.47726e-33
383 3.0282e-33
384 3.70043e-33
385 4.52041e-33
386 5.52029e-33
387 6.73921e-33
388 8.22469e-33
389 1.00345e-32
390 1.22389e-32
391 1.49232e-32
392 1.81909e-32
393 2.21679e-32
394 2.70069e-32
395 3.28932e-32
396 4.00519e-32
397 4.87559e-32
398 5.93365e-32
399 7.21955e-32
400 8.78201e-32
401 1.06801e-31
402 1.29855e-31
403 1.57851e-31
404 1.91841e-31
405 2.33102e-31
406 2.83179e-31
407 3.43948e-31
408 4.17677e-31
409 5.07116e-31
410 6.15598e-31
411 7.47157e-31
412 9.06679e-31
413 1.10008e-30
414 1.33452e-30
415 1.61868e-30
416 1.96306e-30
417 2.38035e-30
418 2.88595e-30
419 3.49846e-30
420 4.24042e-30
421 5.13906e-30
422 6.22735e-30
423 7.54518e-30
424 9.14078e-30
425 1.10725e-29
426 1.34109e-29
427 1.62412e-29
428 1.96665e-29
429 2.38116e-29
430 2.8827e-29
431 3.48948e-29
432 4.2235e-29
433 5.11132e-29
434 6.18506e-29
435 7.48347e-29
436 9.05336e-29
437 1.09512e-28
438 1.32453e-28
439 1.60179e-28
440 1.93683e-28
441 2.34163e-28
442 2.83064e-28
443 3.42129e-28
444 4.13456e-28
445 4.99578e-28
446 6.03543e-28
447 7.29024e-28
448 8.80445e-28
449 1.06313e-27
450 1.28349e-27
451 1.54923e-27
452 1.86964e-27
453 2.25585e-27
454 2.72128e-27
455 3.28204e-27
456 3.95748e-27
457 4.77083e-27
458 5.74999e-27
459 6.92843e-27
460 8.34631e-27
461 1.00518e-26
462 1.21025e-26
463 1.45677e-26
464 1.75301e-26
465 2.10888e-26
466 2.53626e-26
467 3.04932e-26
468 3.66504e-26
469 4.4037e-26
470 5.28951e-26
471 6.35141e-26
472 7.62392e-26
473 9.14822e-26
474 1.09734e-25
475 1.31581e-25
476 1.57719e-25
477 1.88979e-25
478 2.26349e-25
479 2.71004e-25
480 3.24343e-25
481 3.88026e-25
482 4.64025e-25
483 5.54682e-25
484 6.62776e-25
485 7.91602e-25
486 9.45065e-25
487 1.12779e-24
488 1.34526e-24
489 1.60395e-24
490 1.91154e-24
491 2.27708e-24
492 2.71128e-24
493 3.22679e-24
494 3.83853e-24
495 4.56409e-24
496 5.42422e-24
497 6.44336e-24
498 7.6503e-24
499 9.07889e-24
500 1.0769e-23
501 1.27674e-23
502 1.51291e-23
503 1.79187e-23
504 2.1212e-23
505 2.50979e-23
506 2.96805e-23
507 3.50818e-23
508 4.14448e-23
509 4.89365e-23
510 5.77524e-23
511 6.81209e-23
512 8.03088e-23
513 9.46275e-23
514 1.1144e-22
515 1.31171e-22
516 1.54313e-22
517 1.81441e-22
518 2.13224e-22
519 2.50442e-22
520 2.93997e-22
521 3.44943e-22
522 4.04499e-22
523 4.74084e-22
524 5.55341e-22
525 6.50175e-22
526 7.60796e-22
527 8.8976e-22
528 1.04003e-21
529 1.21502e-21
530 1.4187e-21
531 1.65565e-21
532 1.93114e-21
533 2.25128e-21
534 2.6231e-21
535 3.05474e-21
536 3.55554e-21
537 4.1363e-21
538 4.80943e-21
539 5.58925e-21
540 6.49221e-21
541 7.53725e-21
542 8.74613e-21
543 1.01439e-20
544 1.17593e-20
545 1.36254e-20
546 1.578e-20
547 1.82669e-20
548 2.11358e-20
549 2.44443e-20
550 2.82581e-20
551 3.26526e-20
552 3.77144e-20
553 4.35428e-20
554 5.02514e-20
555 5.79707e-20
556 6.68502e-20
557 7.70612e-20
558 8.88002e-20
559 1.02292e-19
560 1.17795e-19
561 1.35606e-19
562 1.56062e-19
563 1.79554e-19
564 2.06528e-19
565 2.37496e-19
566 2.73045e-19
567 3.1385e-19
568 3.60685e-19
569 4.1444e-19
570 4.76136e-19
571 5.46948e-19
572 6.28227e-19
573 7.21526e-19
574 8.28633e-19
575 9.51607e-19
576 1.09282e-18
577 1.255e-18
578 1.4413e-18
579 1.65535e-18
580 1.90135e-18
581 2.18413e-18
582 2.50929e-18
583 2.88329e-18
584 3.31359e-18
585 3.80884e-18
586 4.37903e-18
587 5.03574e-18
588 5.79235e-18
589 6.6644e-18
590 7.66985e-18
591 8.82957e-18
592 1.01677e-17
593 1.17123e-17
594 1.34959e-17
595 1.55561e-17
596 1.79368e-17
597 2.06888e-17
598 2.38709e-17
599 2.75517e-17
600 3.18105e-17
601 3.67396e-17
602 4.24458e-17
603 4.90536e-17
604 5.67068e-17
605 6.55729e-17
606 7.58458e-17
607 8.77505e-17
608 1.01548e-16
609 1.17542e-16
610 1.36081e-16
611 1.57574e-16
612 1.82491e-16
613 2.11378e-16
614 2.44866e-16
615 2.83686e-16
616 3.28684e-16
617 3.80838e-16
618 4.41278e-16
619 5.11311e-16
620 5.92444e-16
621 6.86419e-16
622 7.95244e-16
623 9.21237e-16
624 1.06707e-15
625 1.23581e-15
626 1.43101e-15
627 1.65674e-15
628 1.91769e-15
629 2.21925e-15
630 2.56761e-15
631 2.96987e-15
632 3.4342e-15
633 3.96994e-15
634 4.58782e-15
635 5.30011e-15
636 6.12088e-15
637 7.0662e-15
638 8.15446e-15
639 9.40667e-15
640 1.08468e-14
641 1.25022e-14
642 1.44042e-14
643 1.65883e-14
644 1.90949e-14
645 2.19703e-14
646 2.52668e-14
647 2.90442e-14
648 3.33701e-14
649 3.83214e-14
650 4.39853e-14
651 5.04607e-14
652 5.78597e-14
653 6.63091e-14
654 7.59523e-14
655 8.69517e-14
656 9.94905e-14
657 1.13776e-13
658 1.30041e-13
659 1.4855e-13
660 1.69599e-13
661 1.93522e-13
662 2.20696e-13
663 2.51544e-13
664 2.8654e-13
665 3.26219e-13
666 3.71179e-13
667 4.22093e-13
668 4.79714e-13
669 5.44885e-13
670 6.18549e-13
671 7.01763e-13
672 7.95707e-13
673 9.01698e-13
674 1.02121e-12
675 1.15588e-12
676 1.30754e-12
677 1.47822e-12
678 1.6702e-12
679 1.886e-12
680 2.12842e-12
681 2.40058e-12
682 2.70593e-12
683 3.04833e-12
684 3.43201e-12
685 3.8617e-12
686 4.34262e-12
687 4.88054e-12
688 5.48185e-12
689 6.15361e-12
690 6.9036e-12
691 7.74044e-12
692 8.67361e-12
693 9.71356e-12
694 1.08718e-11
695 1.2161e-11
696 1.35952e-11
697 1.51896e-11
698 1.69611e-11
699 1.89282e-11
700 2.11112e-11
701 2.35323e-11
702 2.62159e-11
703 2.91889e-11
704 3.24803e-11
705 3.61223e-11
706 4.01498e-11
707 4.46011e-11
708 4.9518e-11
709 5.49462e-11
710 6.09353e-11
711 6.75397e-11
712 7.48187e-11
713 8.28367e-11
714 9.1664e-11
715 1.01377e-10
716 1.12059e-10
717 1.23801e-10
718 1.36701e-10
719 1.50866e-10
720 1.66413e-10
721 1.83467e-10
722 2.02167e-10
723 2.22661e-10
724 2.45112e-10
725 2.69694e-10
726 2.96599e-10
727 3.26033e-10
728 3.5822e-10
729 3.93406e-10
730 4.31853e-10
731 4.73848e-10
732 5.19703e-10
733 5.69754e-10
734 6.2437e-10
735 6.83946e-10
736 7.48915e-10
737 8.19747e-10
738 8.9695e-10
739 9.81078e-10
740 1.07273e-09
741 1.17257e-09
742 1.2813e-09
743 1.3997e-09
744 1.52861e-09
745 1.66895e-09
746 1.82172e-09
747 1.98803e-09
748 2.16905e-09
749 2.3661e-09
750 2.5806e-09
751 2.8141e-09
752 3.06831e-09
753 3.34509e-09
754 3.64649e-09
755 3.97474e-09
756 4.3323e-09
757 4.72186e-09
758 5.14639e-09
759 5.60913e-09
760 6.11366e-09
761 6.6639e-09
762 7.26418e-09
763 7.91926e-09
764 8.63437e-09
765 9.41531e-09
766 1.02684e-08
767 1.12007e-08
768 1.22199e-08
769 1.33346e-08
770 1.45542e-08
771 1.5889e-08
772 1.73506e-08
773 1.89516e-08
774 2.07058e-08
775 2.26289e-08
776 2.47377e-08
777 2.70511e-08
778 2.95897e-08
779 3.23765e-08
780 3.54367e-08
781 3.8798e-08
782 4.24912e-08
783 4.65502e-08
784 5.10123e-08
785 5.59185e-08
786 6.13141e-08
787 6.72492e-08
788 7.37786e-08
789 8.09627e-08
790 8.88681e-08
791 9.7568e-08
792 1.07143e-07
793 1.17681e-07
794 1.29279e-07
795 1.42044e-07
796 1.56092e-07
797 1.71553e-07
798 1.88566e-07
799 2.07285e-07
800 2.27879e-07
801 2.50532e-07
802 2.75446e-07
803 3.02843e-07
804 3.32962e-07
805 3.66067e-07
806 4.02446e-07
807 4.42412e-07
808 4.86306e-07
809 5.34502e-07
810 5.87403e-07
811 6.45453e-07
812 7.09129e-07
813 7.78954e-07
814 8.55495e-07
815 9.39366e-07
816 1.03124e-06
817 1.13183e-06
818 1.24192e-06
819 1.36238e-06
820 1.4941e-06
821 1.6381e-06
822 1.79544e-06
823 1.96729e-06
824 2.1549e-06
825 2.35962e-06
826 2.58292e-06
827 2.82636e-06
828 3.09165e-06
829 3.38059e-06
830 3.69517e-06
831 4.03747e-06
832 4.40978e-06
833 4.81453e-06
834 5.25431e-06
835 5.73194e-06
836 6.25042e-06
837 6.81295e-06
838 7.42299e-06
839 8.0842e-06
840 8.80052e-06
841 9.57616e-06
842 1.04156e-05
843 1.13236e-05
844 1.23054e-05
845 1.33663e-05
846 1.45121e-05
847 1.5749e-05
848 1.70836e-05
849 1.85229e-05
850 2.00742e-05
851 2.17455e-05
852 2.35451e-05
853 2.54818e-05
854 2.7565e-05
855 2.98048e-05
856 3.22115e-05
857 3.47964e-05
858 3.75711e-05
859 4.05482e-05
860 4.37407e-05
861 4.71625e-05
862 5.08282e-05
863 5.47532e-05
864 5.89537e-05
865 6.34467e-05
866 6.82501e-05
867 7.33828e-05
868 7.88646e-05
869 8.47162e-05
870 9.09596e-05
871 9.76174e-05
872 0.000104714
873 0.000112273
874 0.000120323
875 0.000128889
876 0.000138002
877 0.00014769
878 0.000157984
879 0.000168919
880 0.000180526
881 0.000192842
882 0.000205904
883 0.000219748
884 0.000234416
885 0.000249949
886 0.000266388
887 0.000283779
888 0.000302168
889 0.000321601
890 0.000342129
891 0.000363802
892 0.000386672
893 0.000410794
894 0.000436224
895 0.00046302
896 0.00049124
897 0.000520947
898 0.000552202
899 0.000585071
900 0.00061962
901 0.000655916
902 0.00069403
903 0.000734033
904 0.000775998
905 0.000819999
906 0.000866112
907 0.000914416
908 0.000964989
909 0.00101791
910 0.00107327
911 0.00113114
912 0.00119161
913 0.00125477
914 0.0013207
915 0.00138949
916 0.00146123
917 0.00153601
918 0.00161392
919 0.00169505
920 0.0017795
921 0.00186735
922 0.00195869
923 0.00205363
924 0.00215224
925 0.00225463
926 0.00236089
927 0.0024711
928 0.00258536
929 0.00270376
930 0.00282638
931 0.00295332
932 0.00308465
933 0.00322047
934 0.00336086
935 0.0035059
936 0.00365566
937 0.00381022
938 0.00396966
939 0.00413404
940 0.00430344
941 0.00447792
942 0.00465754
943 0.00484235
944 0.0050324
945 0.00522776
946 0.00542845
947 0.00563452
948 0.00584601
949 0.00606293
950 0.00628532
951 0.0065132
952 0.00674657
953 0.00698543
954 0.0072298
955 0.00747966
956 0.007735
957 0.00799579
958 0.00826202
959 0.00853363
960 0.0088106
961 0.00909286
962 0.00938037
963 0.00967304
964 0.00997082
965 0.0102736
966 0.0105813
967 0.0108939
968 0.0112111
969 0.0115329
970 0.0118593
971 0.0121899
972 0.0125248
973 0.0128636
974 0.0132064
975 0.0135529
976 0.0139029
977 0.0142562
978 0.0146127
979 0.0149721
980 0.0153343
981 0.0156989
982 0.0160658
983 0.0164348
984 0.0168056
985 0.0171779
986 0.0175515
987 0.0179262
988 0.0183015
989 0.0186774
990 0.0190534
991 0.0194293
992 0.0198048
993 0.0201796
994 0.0205533
995 0.0209258
996 0.0212966
997 0.0216654
998 0.022032
999 0.0223959
1000 0.022757
1001 0.0231147
1002 0.0234689
1003 0.0238191
1004 0.0241651
1005 0.0245065
1006 0.024843
1007 0.0251743
1008 0.0255
1009 0.0258198
1010 0.0261335
1011 0.0264406
1012 0.0267408
1013 0.0270339
1014 0.0273196
1015 0.0275975
1016 0.0278674
1017 0.028129
1018 0.028382
1019 0.0286261
1020 0.028861
1021 0.0290866
1022 0.0293026
1023 0.0295087
1024 0.0297047
1025 0.0298904
1026 0.0300655
1027 0.03023
1028 0.0303836
1029 0.0305261
1030 0.0306575
1031 0.0307774
1032 0.0308859
1033 0.0309827
1034 0.0310679
1035 0.0311412
1036 0.0312026
1037 0.031252
1038 0.0312895
1039 0.0313149
1040 0.0313282
1041 0.0313294
1042 0.0313185
1043 0.0312956
1044 0.0312606
1045 0.0312136
1046 0.0311546
1047 0.0310838
1048 0.0310012
1049 0.030907
1050 0.0308011
1051 0.0306838
1052 0.0305552
1053 0.0304154
1054 0.0302646
1055 0.030103
1056 0.0299307
1057 0.029748
1058 0.0295551
1059 0.0293521
1060 0.0291393
1061 0.028917
1062 0.0286854
1063 0.0284447
1064 0.0281952
1065 0.0279371
1066 0.0276709
1067 0.0273966
1068 0.0271147
1069 0.0268254
1070 0.026529
1071 0.0262259
1072 0.0259163
1073 0.0256006
1074 0.025279
1075 0.0249519
1076 0.0246196
1077 0.0242825
1078 0.0239409
1079 0.023595
1080 0.0232452
1081 0.0228919
1082 0.0225354
1083 0.0221759
1084 0.0218138
1085 0.0214495
1086 0.0210832
1087 0.0207153
1088 0.020346
1089 0.0199757
1090 0.0196046
1091 0.0192332
1092 0.0188615
1093 0.01849
1094 0.018119
1095 0.0177486
1096 0.0173791
1097 0.0170109
1098 0.0166442
1099 0.0162792
1100 0.0159161
1101 0.0155552
1102 0.0151967
1103 0.0148408
1104 0.0144878
1105 0.0141378
1106 0.013791
1107 0.0134477
1108 0.0131078
1109 0.0127718
1110 0.0124396
1111 0.0121115
1112 0.0117876
1113 0.0114679
1114 0.0111528
1115 0.0108422
1116 0.0105362
1117 0.010235
1118 0.00993865
1119 0.00964722
1120 0.00936081
1121 0.00907946
1122 0.00880324
1123 0.0085322
1124 0.00826638
1125 0.00800582
1126 0.00775054
1127 0.00750057
1128 0.00725593
1129 0.00701661
1130 0.00678263
1131 0.00655399
1132 0.00633066
1133 0.00611263
1134 0.0058999
1135 0.00569242
1136 0.00549017
1137 0.00529311
1138 0.00510121
1139 0.00491441
1140 0.00473268
1141 0.00455595
1142 0.00438417
1143 0.00421729
1144 0.00405523
1145 0.00389794
1146 0.00374534
1147 0.00359736
1148 0.00345393
1149 0.00331498
1150 0.00318043
1151 0.00305019
1152 0.00292419
1153 0.00280235
1154 0.00268457
1155 0.00257079
1156 0.0024609
1157 0.00235483
1158 0.00225249
1159 0.00215379
1160 0.00205865
1161 0.00196697
1162 0.00187867
1163 0.00179367
1164 0.00171187
1165 0.0016332
1166 0.00155756
1167 0.00148487
1168 0.00141504
1169 0.00134799
1170 0.00128364
1171 0.00122191
1172 0.00116271
1173 0.00110597
1174 0.00105161
1175 0.000999546
1176 0.000949706
1177 0.000902017
1178 0.000856403
1179 0.000812794
1180 0.000771118
1181 0.000731308
1182 0.000693296
1183 0.000657015
1184 0.000622402
1185 0.000589393
1186 0.000557929
1187 0.000527948
1188 0.000499392
1189 0.000472207
1190 0.000446335
1191 0.000421725
1192 0.000398324
1193 0.000376083
1194 0.000354952
1195 0.000334884
1196 0.000315834
1197 0.000297758
1198 0.000280612
1199 0.000264356
1200 0.00024895
1201 0.000234354
1202 0.000220534
1203 0.000207451
1204 0.000195073
1205 0.000183365
1206 0.000172297
1207 0.000161837
1208 0.000151956
1209 0.000142625
1210 0.000133819
1211 0.000125509
1212 0.000117673
1213 0.000110285
1214 0.000103323
1215 9.67643e-05
1216 9.0589e-05
1217 8.47765e-05
1218 7.93078e-05
1219 7.41647e-05
1220 6.93295e-05
1221 6.47858e-05
1222 6.05176e-05
1223 5.65098e-05
1224 5.27481e-05
1225 4.92187e-05
1226 4.59086e-05
1227 4.28054e-05
1228 3.98973e-05
1229 3.71731e-05
1230 3.46222e-05
1231 3.22346e-05
1232 3.00006e-05
1233 2.79112e-05
1234 2.59578e-05
1235 2.41322e-05
1236 2.24269e-05
1237 2.08344e-05
1238 1.93479e-05
1239 1.79609e-05
1240 1.66672e-05
1241 1.5461e-05
1242 1.43369e-05
1243 1.32896e-05
1244 1.23143e-05
1245 1.14065e-05
1246 1.05617e-05
1247 9.77585e-06
1248 9.0452e-06
1249 8.3661e-06
1250 7.73515e-06
1251 7.14918e-06
1252 6.60518e-06
1253 6.10035e-06
1254 5.63205e-06
1255 5.19779e-06
1256 4.79527e-06
1257 4.4223e-06
1258 4.07686e-06
1259 3.75703e-06
1260 3.46102e-06
1261 3.18717e-06
1262 2.93392e-06
1263 2.69981e-06
1264 2.48347e-06
1265 2.28364e-06
1266 2.09912e-06
1267 1.92881e-06
1268 1.77166e-06
1269 1.62673e-06
1270 1.49311e-06
1271 1.36997e-06
1272 1.25652e-06
1273 1.15205e-06
1274 1.05589e-06
1275 9.67392e-07
1276 8.85992e-07
1277 8.11147e-07
1278 7.42354e-07
1279 6.79148e-07
1280 6.21098e-07
1281 5.67803e-07
1282 5.18892e-07
1283 4.74022e-07
1284 4.32875e-07
1285 3.95156e-07
1286 3.60593e-07
1287 3.28933e-07
1288 2.99944e-07
1289 2.7341e-07
1290 2.49134e-07
1291 2.2693e-07
1292 2.06631e-07
1293 1.88079e-07
1294 1.7113e-07
1295 1.55652e-07
1296 1.41523e-07
1297 1.2863e-07
1298 1.16869e-07
1299 1.06145e-07
1300 9.63704e-08
1301 8.7464e-08
1302 7.9352e-08
1303 7.19664e-08
1304 6.52445e-08
1305 5.91291e-08
1306 5.35676e-08
1307 4.85116e-08
1308 4.3917e-08
1309 3.97431e-08
1310 3.5953e-08
1311 3.25126e-08
1312 2.93908e-08
1313 2.65592e-08
1314 2.39918e-08
1315 2.16647e-08
1316 1.95563e-08
1317 1.76468e-08
1318 1.5918e-08
1319 1.43534e-08
1320 1.29379e-08
1321 1.16578e-08
1322 1.05006e-08
1323 9.45494e-09
1324 8.51031e-09
1325 7.65732e-09
1326 6.88736e-09
1327 6.1926e-09
1328 5.56594e-09
1329 5.00091e-09
1330 4.49163e-09
1331 4.03278e-09
1332 3.61951e-09
1333 3.24743e-09
1334 2.91257e-09
1335 2.61131e-09
1336 2.34037e-09
1337 2.09681e-09
1338 1.87792e-09
1339 1.68129e-09
1340 1.50471e-09
1341 1.34621e-09
1342 1.20397e-09
1343 1.07638e-09
1344 9.61975e-10
1345 8.59425e-10
1346 7.67537e-10
1347 6.85233e-10
1348 6.11539e-10
1349 5.4558e-10
1350 4.86564e-10
1351 4.33779e-10
1352 3.86586e-10
1353 3.44407e-10
1354 3.06723e-10
1355 2.73067e-10
1356 2.43019e-10
1357 2.16203e-10
1358 1.92279e-10
1359 1.70943e-10
1360 1.51921e-10
1361 1.3497e-10
1362 1.19869e-10
1363 1.0642e-10
1364 9.44483e-11
1365 8.37942e-11
1366 7.43164e-11
1367 6.5888e-11
1368 5.83955e-11
1369 5.17374e-11
1370 4.58227e-11
1371 4.05704e-11
1372 3.59079e-11
1373 3.17704e-11
1374 2.81002e-11
1375 2.48455e-11
1376 2.19604e-11
1377 1.94038e-11
1378 1.7139e-11
1379 1.51335e-11
1380 1.33581e-11
1381 1.17871e-11
1382 1.03974e-11
1383 9.16846e-12
1384 8.08208e-12
1385 7.12206e-12
1386 6.27399e-12
1387 5.52508e-12
1388 4.86395e-12
1389 4.28052e-12
1390 3.76583e-12
1391 3.31194e-12
1392 2.91179e-12
1393 2.55916e-12
1394 2.24849e-12
1395 1.97489e-12
1396 1.73402e-12
1397 1.52204e-12
1398 1.33553e-12
1399 1.1715e-12
1400 1.02728e-12
1401 9.00527e-13
1402 7.89159e-13
1403 6.91341e-13
1404 6.05454e-13
1405 5.30067e-13
1406 4.63918e-13
1407 4.05894e-13
1408 3.55015e-13
1409 3.10415e-13
1410 2.71331e-13
1411 2.37094e-13
1412 2.07111e-13
1413 1.80863e-13
1414 1.57891e-13
1415 1.37794e-13
1416 1.20217e-13
1417 1.04849e-13
1418 9.14175e-14
1419 7.96815e-14
1420 6.94304e-14
1421 6.04793e-14
1422 5.26658e-14
1423 4.58476e-14
1424 3.98996e-14
1425 3.47126e-14
1426 3.01905e-14
1427 2.62494e-14
1428 2.28158e-14
1429 1.98252e-14
1430 1.72212e-14
1431 1.49547e-14
1432 1.29825e-14
1433 1.1267e-14
1434 9.77513e-15
1435 8.47821e-15
1436 7.35111e-15
1437 6.3719e-15
1438 5.52144e-15
1439 4.78303e-15
1440 4.14211e-15
1441 3.58598e-15
1442 3.10357e-15
1443 2.68524e-15
1444 2.32259e-15
1445 2.00831e-15
1446 1.73602e-15
1447 1.5002e-15
1448 1.29601e-15
1449 1.11928e-15
1450 9.66352e-16
1451 8.34067e-16
1452 7.19671e-16
1453 6.20777e-16
1454 5.35309e-16
1455 4.61468e-16
1456 3.97692e-16
1457 3.42626e-16
1458 2.95095e-16
1459 2.5408e-16
1460 2.18699e-16
1461 1.88188e-16
1462 1.61884e-16
1463 1.39214e-16
1464 1.19682e-16
1465 1.0286e-16
1466 8.83745e-17
1467 7.5906e-17
1468 6.51767e-17
1469 5.59468e-17
1470 4.80093e-17
1471 4.11853e-17
1472 3.53204e-17
1473 3.02814e-17
1474 2.59532e-17
1475 2.22369e-17
1476 1.90468e-17
1477 1.63094e-17
1478 1.3961e-17
1479 1.19471e-17
1480 1.02206e-17
1481 8.7408e-18
1482 7.47297e-18
1483 6.38705e-18
1484 5.45722e-18
1485 4.66131e-18
1486 3.98024e-18
1487 3.39762e-18
1488 2.89937e-18
1489 2.47342e-18
1490 2.10938e-18
1491 1.79836e-18
1492 1.53271e-18
1493 1.30589e-18
1494 1.11229e-18
1495 9.47095e-19
1496 8.06177e-19
1497 6.8601e-19
1498 5.8357e-19
1499 4.9627e-19
1500 4.21895e-19
1501 3.58553e-19
1502 3.04625e-19
1503 2.58725e-19
1504 2.19671e-19
1505 1.86453e-19
1506 1.58208e-19
1507 1.34198e-19
1508 1.13796e-19
1509 9.6465e-20
1510 8.17471e-20
1511 6.92527e-20
1512 5.86491e-20
1513 4.96532e-20
1514 4.20236e-20
1515 3.5555e-20
1516 3.00724e-20
1517 2.54271e-20
1518 2.14924e-20
1519 1.81608e-20
1520 1.53407e-20
1521 1.29544e-20
1522 1.09357e-20
1523 9.22866e-21
1524 7.78557e-21
1525 6.56604e-21
1526 5.53575e-21
1527 4.66563e-21
1528 3.93102e-21
1529 3.31101e-21
1530 2.78789e-21
1531 2.34668e-21
1532 1.97465e-21
1533 1.66108e-21
1534 1.39685e-21
1535 1.17428e-21
1536 9.86858e-22
1537 8.29085e-22
1538 6.96315e-22
1539 5.8462e-22
1540 4.90687e-22
1541 4.11715e-22
1542 3.45344e-22
1543 2.89581e-22
1544 2.42745e-22
1545 2.03421e-22
1546 1.70413e-22
1547 1.42716e-22
1548 1.19483e-22
1549 1.00002e-22
1550 8.367e-23
1551 6.99839e-23
1552 5.85182e-23
1553 4.89158e-23
1554 4.08765e-23
1555 3.41478e-23
1556 2.8518e-23
1557 2.3809e-23
1558 1.98715e-23
1559 1.65801e-23
1560 1.38297e-23
1561 1.1532e-23
1562 9.61316e-24
1563 8.01117e-24
1564 6.67413e-24
1565 5.55857e-24
1566 4.62808e-24
1567 3.85221e-24
1568 3.20545e-24
1569 2.66648e-24
1570 2.21748e-24
1571 1.84355e-24
1572 1.53222e-24
1573 1.27309e-24
1574 1.05748e-24
1575 8.78124e-25
1576 7.28979e-25
1577 6.0499e-25
1578 5.01946e-25
1579 4.16333e-25
1580 3.45223e-25
1581 2.86177e-25
1582 2.37162e-25
1583 1.96487e-25
1584 1.62742e-25
1585 1.34754e-25
1586 1.11548e-25
1587 9.23128e-26
1588 7.63729e-26
1589 6.31679e-26
1590 5.22314e-26
1591 4.31765e-26
1592 3.56815e-26
1593 2.94794e-26
1594 2.43487e-26
1595 2.01054e-26
1596 1.65971e-26
1597 1.36972e-26
1598 1.13009e-26
1599 9.3213e-27
1600 7.68639e-27
1601 6.33651e-27
1602 5.22229e-27
1603 4.30283e-27
1604 3.5443e-27
1605 2.91871e-27
1606 2.40288e-27
1607 1.97769e-27
1608 1.6273e-27
1609 1.33863e-27
1610 1.10087e-27
1611 9.05101e-28
1612 7.43945e-28
1613 6.11319e-28
1614 5.02202e-28
1615 4.12452e-28
1616 3.3865e-28
1617 2.77979e-28
1618 2.28116e-28
1619 1.87148e-28
1620 1.53495e-28
1621 1.2586e-28
1622 1.03173e-28
1623 8.45523e-29
1624 6.92735e-29
1625 5.67402e-29
1626 4.64619e-29
1627 3.8035e-29
1628 3.11281e-29
1629 2.54684e-29
1630 2.08321e-29
1631 1.70351e-29
1632 1.39263e-29
1633 1.13816e-29
1634 9.29939e-30
1635 7.59597e-30
1636 6.20283e-30
1637 5.06378e-30
1638 4.13273e-30
1639 3.37191e-30
1640 2.75038e-30
1641 2.24277e-30
1642 1.82832e-30
1643 1.49003e-30
1644 1.21398e-30
1645 9.88784e-31
1646 8.05128e-31
1647 6.55393e-31
1648 5.33348e-31
1649 4.33901e-31
1650 3.52892e-31
1651 2.86922e-31
1652 2.33214e-31
1653 1.89502e-31
1654 1.53937e-31
1655 1.25008e-31
1656 1.01485e-31
1657 8.23629e-32
1658 6.68232e-32
1659 5.41985e-32
1660 4.39453e-32
1661 3.56205e-32
1662 2.88637e-32
1663 2.33811e-32
1664 1.89339e-32
1665 1.53277e-32
1666 1.24043e-32
1667 1.00353e-32
1668 8.11605e-33
1669 6.56172e-33
1670 5.30333e-33
1671 4.28485e-33
1672 3.46082e-33
1673 2.79433e-33
1674 2.25544e-33
1675 1.81986e-33
1676 1.46791e-33
1677 1.18362e-33
1678 9.54066e-34
1679 7.68768e-34
1680 6.19245e-34
1681 4.98632e-34
1682 4.01372e-34
1683 3.2297e-34
1684 2.59792e-34
1685 2.08899e-34
1686 1.67917e-34
1687 1.34926e-34
1688 1.08379e-34
1689 8.70242e-35
1690 6.98519e-35
1691 5.6048e-35
1692 4.49557e-35
1693 3.60456e-35
1694 2.8891e-35
1695 2.3148e-35
1696 1.85398e-35
1697 1.48435e-35
1698 1.18797e-35
1699 9.50423e-36
1700 7.60091e-36
1701 6.07649e-36
1702 4.85598e-36
1703 3.87917e-36
1704 3.09768e-36
1705 2.47269e-36
1706 1.97305e-36
1707 1.57378e-36
1708 1.25482e-36
1709 1.00013e-36
1710 7.96823e-37
1711 6.34602e-37
1712 5.05212e-37
1713 4.02049e-37
1714 3.19827e-37
1715 2.54322e-37
1716 2.02154e-37
1717 1.60625e-37
1718 1.27577e-37
1719 1.01289e-37
1720 8.03861e-38
1721 6.37719e-38
1722 5.05716e-38
1723 4.00878e-38
1724 3.17648e-38
1725 2.51598e-38
1726 1.99203e-38
1727 1.57656e-38
1728 1.24725e-38
1729 9.8633e-39
1730 7.79681e-39
1731 6.1608e-39
1732 4.86613e-39
1733 3.84198e-39
1734 3.03215e-39
1735 2.39206e-39
1736 1.88633e-39
1737 1.48692e-39
1738 1.1716e-39
1739 9.22777e-40
1740 7.26502e-40
1741 5.71742e-40
1742 4.49766e-40
1743 3.53668e-40
1744 2.77989e-40
1745 2.18414e-40
1746 1.71536e-40
1747 1.34665e-40
1748 1.05675e-40
1749 8.28922e-41
1750 6.49944e-41
1751 5.094e-41
1752 3.99082e-41
1753 3.12527e-41
1754 2.44643e-41
1755 1.91425e-41
1756 1.49721e-41
1757 1.17055e-41
1758 9.14777e-42
1759 7.14597e-42
1760 5.5799e-42
1761 4.35523e-42
1762 3.39794e-42
1763 2.64995e-42
1764 2.06577e-42
1765 1.60969e-42
1766 1.25378e-42
1767 9.76162e-43
1768 7.59696e-43
1769 5.90984e-43
1770 4.59548e-43
1771 3.57194e-43
1772 2.7752e-43
1773 2.15528e-43
1774 1.67314e-43
1775 1.29831e-43
1776 1.00703e-43
1777 7.80767e-44
1778 6.05091e-44
1779 4.68745e-44
1780 3.6297e-44
1781 2.80946e-44
1782 2.17366e-44
1783 1.68104e-44
1784 1.29952e-44
1785 1.00416e-44
1786 7.75605e-45
1787 5.98819e-45
1788 4.62134e-45
1789 3.56498e-45
1790 2.74893e-45
1791 2.11878e-45
1792 1.6324e-45
1793 1.25714e-45
1794 9.67736e-46
1795 7.44641e-46
1796 5.72736e-46
1797 4.4033e-46
1798 3.38391e-46
1799 2.59941e-46
1800 1.99595e-46
1801 1.53193e-46
1802 1.17529e-46
1803 9.01299e-47
1804 6.9089e-47
1805 5.29377e-47
1806 4.0545e-47
1807 3.10403e-47
1808 2.37537e-47
1809 1.81699e-47
1810 1.38929e-47
1811 1.06181e-47
1812 8.11179e-48
1813 6.19447e-48
1814 4.72833e-48
1815 3.60767e-48
1816 2.75146e-48
1817 2.09757e-48
1818 1.5984e-48
1819 1.2175e-48
1820 9.2698e-49
1821 7.05485e-49
1822 5.36687e-49
1823 4.08105e-49
1824 3.10197e-49
1825 2.35679e-49
1826 1.78986e-49
1827 1.35873e-49
1828 1.03102e-49
1829 7.82012e-50
1830 5.92895e-50
1831 4.49322e-50
1832 3.40372e-50
1833 2.57731e-50
1834 1.95073e-50
1835 1.47585e-50
1836 1.1161e-50
1837 8.43689e-51
1838 6.37495e-51
1839 4.81491e-51
1840 3.63509e-51
1841 2.74321e-51
1842 2.06928e-51
1843 1.56026e-51
1844 1.17595e-51
1845 8.85928e-52
1846 6.67152e-52
1847 5.02189e-52
1848 3.77856e-52
1849 2.84185e-52
1850 2.13645e-52
1851 1.60547e-52
1852 1.20594e-52
1853 9.0546e-53
1854 6.79559e-53
1855 5.09803e-53
1856 3.82291e-53
1857 2.86551e-53
1858 2.14698e-53
1859 1.60794e-53
1860 1.20373e-53
1861 9.00747e-54
1862 6.73743e-54
1863 5.03736e-54
1864 3.76469e-54
1865 2.81236e-54
1866 2.10005e-54
1867 1.5675e-54
1868 1.1695e-54
1869 8.72187e-55
1870 6.50184e-55
1871 4.84485e-55
1872 3.60862e-55
1873 2.6867e-55
1874 1.99946e-55
1875 1.48739e-55
1876 1.106e-55
1877 8.22055e-56
1878 6.10751e-56
1879 4.5357e-56
1880 3.36699e-56
1881 2.49837e-56
1882 1.85306e-56
1883 1.37385e-56
1884 1.01814e-56
1885 7.54205e-57
1886 5.58458e-57
1887 4.13342e-57
1888 3.05806e-57
1889 2.26151e-57
1890 1.67174e-57
1891 1.23526e-57
1892 9.12356e-58
1893 6.73578e-58
1894 4.97083e-58
1895 3.6668e-58
1896 2.70373e-58
1897 1.99277e-58
1898 1.46814e-58
1899 1.08118e-58
1900 7.95875e-59
1901 5.85611e-59
1902 4.30717e-59
1903 3.16659e-59
1904 2.32707e-59
1905 1.70941e-59
1906 1.25516e-59
1907 9.21236e-60
1908 6.75866e-60
1909 4.95642e-60
1910 3.63323e-60
1911 2.66218e-60
1912 1.94984e-60
1913 1.4275e-60
1914 1.04466e-60
1915 7.64172e-61
1916 5.58759e-61
1917 4.08392e-61
1918 2.98364e-61
1919 2.17889e-61
1920 1.59053e-61
1921 1.16056e-61
1922 8.46467e-62
1923 6.17123e-62
1924 4.4973e-62
1925 3.27604e-62
1926 2.38543e-62
1927 1.73621e-62
1928 1.26315e-62
1929 9.18601e-63
1930 6.67756e-63
1931 4.85207e-63
1932 3.52415e-63
1933 2.55859e-63
1934 1.8568e-63
1935 1.34694e-63
1936 9.76677e-64
1937 7.079e-64
1938 5.12875e-64
1939 3.71424e-64
1940 2.68873e-64
1941 1.94555e-64
1942 1.4072e-64
1943 1.0174e-64
1944 7.35263e-65
1945 5.31146e-65
1946 3.83535e-65
1947 2.7683e-65
1948 1.99729e-65
1949 1.44042e-65
1950 1.03838e-65
1951 7.48239e-66
1952 5.38945e-66
1953 3.88032e-66
1954 2.79261e-66
1955 2.00896e-66
1956 1.44462e-66
1957 1.03837e-66
1958 7.46057e-67
1959 5.3581e-67
1960 3.84652e-67
1961 2.76023e-67
1962 1.97989e-67
1963 1.41957e-67
1964 1.0174e-67
1965 7.28865e-68
1966 5.2194e-68
1967 3.73606e-68
1968 2.67317e-68
1969 1.91187e-68
1970 1.36682e-68
1971 9.76748e-69
1972 6.97708e-69
1973 4.98177e-69
1974 3.55561e-69
1975 2.53667e-69
1976 1.80898e-69
1977 1.2895e-69
1978 9.18821e-70
1979 6.54424e-70
1980 4.65916e-70
1981 3.3157e-70
1982 2.35865e-70
1983 1.67715e-70
1984 1.19206e-70
1985 8.46927e-71
1986 6.01469e-71
1987 4.26973e-71
1988 3.02975e-71
1989 2.14899e-71
1990 1.52364e-71
1991 1.07981e-71
1992 7.64954e-72
1993 5.41679e-72
1994 3.83415e-72
1995 2.71279e-72
1996 1.9186e-72
1997 1.35635e-72
1998 9.5847e-73
1999 6.77027e-73
2000 4.78029e-73
2001 3.37382e-73
2002 2.38018e-73
2003 1.67849e-73
2004 1.18317e-73
2005 8.33676e-74
2006 5.87174e-74
2007 4.13387e-74
2008 2.90915e-74
2009 2.04643e-74
2010 1.43896e-74
2011 1.01139e-74
2012 7.10579e-75
2013 4.99028e-75
2014 3.50314e-75
2015 2.45817e-75
2016 1.7242e-75
2017 1.20888e-75
2018 8.47226e-76
2019 5.93523e-76
2020 4.15622e-76
2021 2.90925e-76
2022 2.03558e-76
2023 1.4237e-76
2024 9.95351e-77
2025 6.95606e-77
2026 4.8594e-77
2027 3.39345e-77
2028 2.3689e-77
2029 1.65314e-77
2030 1.15331e-77
2031 8.04424e-78
2032 5.60992e-78
2033 3.91213e-78
2034 2.72853e-78
2035 1.90376e-78
2036 1.32928e-78
2037 9.29329e-79
2038 6.51033e-79
2039 4.5751e-79
2040 3.23051e-79
2041 2.29752e-79
2042 1.65156e-79
2043 1.20619e-79
2044 9.01654e-80
2045 6.96992e-80
2046 5.64604e-80
2047 4.86584e-80
