0 2.20533e-28
1 1.9472e-28
2 1.73e-28
3 1.54881e-28
4 1.39942e-28
5 1.27874e-28
6 1.18379e-28
7 1.11241e-28
8 1.06311e-28
9 1.03454e-28
10 1.02596e-28
11 1.03707e-28
12 1.06792e-28
13 1.11904e-28
14 1.19151e-28
15 1.28648e-28
16 1.40591e-28
17 1.55226e-28
18 1.72805e-28
19 1.93713e-28
20 2.18352e-28
21 2.4718e-28
22 2.80826e-28
23 3.19905e-28
24 3.65183e-28
25 4.17596e-28
26 4.78103e-28
27 5.47948e-28
28 6.28468e-28
29 7.21191e-28
30 8.28004e-28
31 9.50911e-28
32 1.09228e-27
33 1.25482e-27
34 1.4417e-27
35 1.65635e-27
36 1.90289e-27
37 2.18623e-27
38 2.51145e-27
39 2.88468e-27
40 3.31314e-27
41 3.80474e-27
42 4.36854e-27
43 5.01533e-27
44 5.7567e-27
45 6.6065e-27
46 7.58094e-27
47 8.6971e-27
48 9.9759e-27
49 1.14404e-26
50 1.31173e-26
51 1.5038e-26
52 1.72358e-26
53 1.97514e-26
54 2.26289e-26
55 2.59199e-26
56 2.96851e-26
57 3.39901e-26
58 3.89126e-26
59 4.4536e-26
60 5.09619e-26
61 5.83064e-26
62 6.66927e-26
63 7.62713e-26
64 8.72086e-26
65 9.96902e-26
66 1.13936e-25
67 1.30193e-25
68 1.48737e-25
69 1.69888e-25
70 1.94006e-25
71 2.21501e-25
72 2.52845e-25
73 2.88563e-25
74 3.29255e-25
75 3.75613e-25
76 4.28407e-25
77 4.88512e-25
78 5.56951e-25
79 6.3484e-25
80 7.23466e-25
81 8.243e-25
82 9.38981e-25
83 1.06942e-24
84 1.21771e-24
85 1.38626e-24
86 1.57783e-24
87 1.7955e-24
88 2.04277e-24
89 2.32362e-24
90 2.64252e-24
91 3.00458e-24
92 3.41554e-24
93 3.88188e-24
94 4.41099e-24
95 5.01116e-24
96 5.69181e-24
97 6.46365e-24
98 7.33858e-24
99 8.33017e-24
100 9.45385e-24
101 1.07269e-23
102 1.21687e-23
103 1.38016e-23
104 1.56504e-23
105 1.77431e-23
106 2.01116e-23
107 2.27915e-23
108 2.58231e-23
109 2.92519e-23
110 3.31294e-23
111 3.7513e-23
112 4.24679e-23
113 4.80676e-23
114 5.43941e-23
115 6.15408e-23
116 6.96123e-23
117 7.87262e-23
118 8.9015e-23
119 1.00628e-22
120 1.13733e-22
121 1.28517e-22
122 1.45194e-22
123 1.64002e-22
124 1.85208e-22
125 2.09112e-22
126 2.36054e-22
127 2.66412e-22
128 3.00612e-22
129 3.39133e-22
130 3.82511e-22
131 4.3135e-22
132 4.86323e-22
133 5.48191e-22
134 6.17802e-22
135 6.96107e-22
136 7.84178e-22
137 8.83208e-22
138 9.94539e-22
139 1.11967e-21
140 1.26029e-21
141 1.41828e-21
142 1.59574e-21
143 1.79504e-21
144 2.01881e-21
145 2.27001e-21
146 2.55194e-21
147 2.8683e-21
148 3.22321e-21
149 3.62129e-21
150 4.06769e-21
151 4.56819e-21
152 5.12922e-21
153 5.75796e-21
154 6.46245e-21
155 7.25165e-21
156 8.13556e-21
157 9.12535e-21
158 1.02335e-20
159 1.14738e-20
160 1.28618e-20
161 1.44148e-20
162 1.61521e-20
163 1.8095e-20
164 2.02675e-20
165 2.26963e-20
166 2.54109e-20
167 2.84444e-20
168 3.18336e-20
169 3.56194e-20
170 3.98473e-20
171 4.45681e-20
172 4.98379e-20
173 5.57196e-20
174 6.22829e-20
175 6.9605e-20
176 7.77722e-20
177 8.688e-20
178 9.70348e-20
179 1.08354e-19
180 1.2097e-19
181 1.35027e-19
182 1.50686e-19
183 1.68128e-19
184 1.87549e-19
185 2.09172e-19
186 2.3324e-19
187 2.60025e-19
188 2.89826e-19
189 3.22976e-19
190 3.59845e-19
191 4.0084e-19
192 4.46414e-19
193 4.97068e-19
194 5.53357e-19
195 6.15893e-19
196 6.85357e-19
197 7.62499e-19
198 8.4815e-19
199 9.4323e-19
200 1.04875e-18
201 1.16584e-18
202 1.29574e-18
203 1.43982e-18
204 1.5996e-18
205 1.77674e-18
206 1.97309e-18
207 2.19071e-18
208 2.43182e-18
209 2.69893e-18
210 2.99477e-18
211 3.32237e-18
212 3.68506e-18
213 4.08651e-18
214 4.53079e-18
215 5.02236e-18
216 5.56613e-18
217 6.16755e-18
218 6.83257e-18
219 7.56778e-18
220 8.38043e-18
221 9.27847e-18
222 1.02707e-17
223 1.13667e-17
224 1.25772e-17
225 1.39139e-17
226 1.53895e-17
227 1.70182e-17
228 1.88154e-17
229 2.07983e-17
230 2.29856e-17
231 2.53978e-17
232 2.80576e-17
233 3.09896e-17
234 3.42212e-17
235 3.77822e-17
236 4.17053e-17
237 4.60265e-17
238 5.07851e-17
239 5.60245e-17
240 6.17918e-17
241 6.81391e-17
242 7.51232e-17
243 8.28064e-17
244 9.12568e-17
245 1.00549e-16
246 1.10765e-16
247 1.21995e-16
248 1.34335e-16
249 1.47894e-16
250 1.62788e-16
251 1.79145e-16
252 1.97107e-16
253 2.16824e-16
254 2.38466e-16
255 2.62215e-16
256 2.88271e-16
257 3.16851e-16
258 3.48195e-16
259 3.82562e-16
260 4.20236e-16
261 4.61527e-16
262 5.06773e-16
263 5.56343e-16
264 6.10639e-16
265 6.701e-16
266 7.35204e-16
267 8.06473e-16
268 8.84474e-16
269 9.69826e-16
270 1.0632e-15
271 1.16534e-15
272 1.27704e-15
273 1.39916e-15
274 1.53266e-15
275 1.67857e-15
276 1.83801e-15
277 2.01219e-15
278 2.20245e-15
279 2.41023e-15
280 2.63709e-15
281 2.88473e-15
282 3.15501e-15
283 3.44993e-15
284 3.77168e-15
285 4.12263e-15
286 4.50534e-15
287 4.92261e-15
288 5.37747e-15
289 5.87319e-15
290 6.41334e-15
291 7.00178e-15
292 7.64269e-15
293 8.34061e-15
294 9.10045e-15
295 9.92753e-15
296 1.08276e-14
297 1.18069e-14
298 1.28723e-14
299 1.40309e-14
300 1.52907e-14
301 1.66603e-14
302 1.81489e-14
303 1.97665e-14
304 2.1524e-14
305 2.3433e-14
306 2.55061e-14
307 2.7757e-14
308 3.02005e-14
309 3.28524e-14
310 3.57299e-14
311 3.88516e-14
312 4.22376e-14
313 4.59094e-14
314 4.98903e-14
315 5.42055e-14
316 5.88822e-14
317 6.39495e-14
318 6.94391e-14
319 7.53849e-14
320 8.18235e-14
321 8.87944e-14
322 9.63402e-14
323 1.04507e-13
324 1.13343e-13
325 1.22902e-13
326 1.33242e-13
327 1.44423e-13
328 1.56512e-13
329 1.69581e-13
330 1.83704e-13
331 1.98966e-13
332 2.15454e-13
333 2.33264e-13
334 2.52497e-13
335 2.73264e-13
336 2.95682e-13
337 3.19878e-13
338 3.45988e-13
339 3.74158e-13
340 4.04544e-13
341 4.37313e-13
342 4.72647e-13
343 5.10738e-13
344 5.51792e-13
345 5.96032e-13
346 6.43695e-13
347 6.95035e-13
348 7.50325e-13
349 8.09855e-13
350 8.73939e-13
351 9.42909e-13
352 1.01712e-12
353 1.09696e-12
354 1.18284e-12
355 1.27518e-12
356 1.37446e-12
357 1.48118e-12
358 1.59586e-12
359 1.71908e-12
360 1.85144e-12
361 1.99359e-12
362 2.14623e-12
363 2.31008e-12
364 2.48594e-12
365 2.67464e-12
366 2.87709e-12
367 3.09424e-12
368 3.32709e-12
369 3.57675e-12
370 3.84436e-12
371 4.13116e-12
372 4.43846e-12
373 4.76766e-12
374 5.12024e-12
375 5.4978e-12
376 5.90201e-12
377 6.33468e-12
378 6.79772e-12
379 7.29316e-12
380 7.82317e-12
381 8.39006e-12
382 8.99626e-12
383 9.6444e-12
384 1.03372e-11
385 1.10777e-11
386 1.18689e-11
387 1.27143e-11
388 1.36173e-11
389 1.45816e-11
390 1.56114e-11
391 1.67107e-11
392 1.78841e-11
393 1.91364e-11
394 2.04726e-11
395 2.1898e-11
396 2.34184e-11
397 2.50398e-11
398 2.67686e-11
399 2.86115e-11
400 3.05757e-11
401 3.26689e-11
402 3.48989e-11
403 3.72743e-11
404 3.98042e-11
405 4.24979e-11
406 4.53657e-11
407 4.8418e-11
408 5.1666e-11
409 5.51217e-11
410 5.87976e-11
411 6.27068e-11
412 6.68632e-11
413 7.12816e-11
414 7.59774e-11
415 8.09669e-11
416 8.62674e-11
417 9.18969e-11
418 9.78746e-11
419 1.04221e-10
420 1.10956e-10
421 1.18103e-10
422 1.25685e-10
423 1.33727e-10
424 1.42254e-10
425 1.51295e-10
426 1.60877e-10
427 1.7103e-10
428 1.81788e-10
429 1.93181e-10
430 2.05247e-10
431 2.1802e-10
432 2.31541e-10
433 2.45849e-10
434 2.60988e-10
435 2.77002e-10
436 2.93937e-10
437 3.11844e-10
438 3.30774e-10
439 3.50782e-10
440 3.71925e-10
441 3.94262e-10
442 4.17858e-10
443 4.42778e-10
444 4.69093e-10
445 4.96873e-10
446 5.26198e-10
447 5.57146e-10
448 5.89803e-10
449 6.24257e-10
450 6.606e-10
451 6.98931e-10
452 7.39352e-10
453 7.81969e-10
454 8.26896e-10
455 8.7425e-10
456 9.24155e-10
457 9.7674e-10
458 1.03214e-09
459 1.0905e-09
460 1.15196e-09
461 1.21668e-09
462 1.28483e-09
463 1.35657e-09
464 1.43207e-09
465 1.51154e-09
466 1.59514e-09
467 1.6831e-09
468 1.77562e-09
469 1.87291e-09
470 1.97521e-09
471 2.08274e-09
472 2.19577e-09
473 2.31454e-09
474 2.43931e-09
475 2.57038e-09
476 2.70801e-09
477 2.85252e-09
478 3.00421e-09
479 3.16339e-09
480 3.3304e-09
481 3.50557e-09
482 3.68928e-09
483 3.88187e-09
484 4.08373e-09
485 4.29524e-09
486 4.51682e-09
487 4.74887e-09
488 4.99183e-09
489 5.24613e-09
490 5.51224e-09
491 5.79063e-09
492 6.08177e-09
493 6.38618e-09
494 6.70436e-09
495 7.03686e-09
496 7.38421e-09
497 7.74698e-09
498 8.12576e-09
499 8.52114e-09
500 8.93375e-09
501 9.36423e-09
502 9.81324e-09
503 1.02815e-08
504 1.07696e-08
505 1.12784e-08
506 1.18086e-08
507 1.2361e-08
508 1.29364e-08
509 1.35356e-08
510 1.41595e-08
511 1.48091e-08
512 1.54852e-08
513 1.61888e-08
514 1.6921e-08
515 1.76827e-08
516 1.84751e-08
517 1.92994e-08
518 2.01566e-08
519 2.1048e-08
520 2.1975e-08
521 2.29387e-08
522 2.39407e-08
523 2.49823e-08
524 2.6065e-08
525 2.71905e-08
526 2.83602e-08
527 2.95758e-08
528 3.08392e-08
529 3.2152e-08
530 3.35162e-08
531 3.49336e-08
532 3.64063e-08
533 3.79362e-08
534 3.95256e-08
535 4.11766e-08
536 4.28914e-08
537 4.46723e-08
538 4.65217e-08
539 4.8442e-08
540 5.04356e-08
541 5.25052e-08
542 5.46532e-08
543 5.68823e-08
544 5.91951e-08
545 6.15943e-08
546 6.40827e-08
547 6.66629e-08
548 6.93378e-08
549 7.211e-08
550 7.49824e-08
551 7.79577e-08
552 8.10387e-08
553 8.42281e-08
554 8.75287e-08
555 9.09432e-08
556 9.44741e-08
557 9.81241e-08
558 1.01896e-07
559 1.05791e-07
560 1.09814e-07
561 1.13965e-07
562 1.18247e-07
563 1.22662e-07
564 1.27213e-07
565 1.31902e-07
566 1.36729e-07
567 1.41698e-07
568 1.46809e-07
569 1.52064e-07
570 1.57465e-07
571 1.63014e-07
572 1.68711e-07
573 1.74558e-07
574 1.80555e-07
575 1.86705e-07
576 1.93007e-07
577 1.99463e-07
578 2.06075e-07
579 2.12842e-07
580 2.19766e-07
581 2.26848e-07
582 2.34089e-07
583 2.4149e-07
584 2.49052e-07
585 2.56776e-07
586 2.64665e-07
587 2.7272e-07
588 2.80943e-07
589 2.89335e-07
590 2.979e-07
591 3.0664e-07
592 3.15559e-07
593 3.2466e-07
594 3.33946e-07
595 3.43423e-07
596 3.53095e-07
597 3.62968e-07
598 3.73048e-07
599 3.8334e-07
600 3.93853e-07
601 4.04594e-07
602 4.15572e-07
603 4.26795e-07
604 4.38273e-07
605 4.50017e-07
606 4.62037e-07
607 4.74346e-07
608 4.86955e-07
609 4.99878e-07
610 5.13128e-07
611 5.26719e-07
612 5.40667e-07
613 5.54986e-07
614 5.69693e-07
615 5.84803e-07
616 6.00332e-07
617 6.16298e-07
618 6.32718e-07
619 6.49608e-07
620 6.66985e-07
621 6.84867e-07
622 7.03271e-07
623 7.22212e-07
624 7.41707e-07
625 7.61771e-07
626 7.82418e-07
627 8.03664e-07
628 8.2552e-07
629 8.47999e-07
630 8.7111e-07
631 8.94864e-07
632 9.19267e-07
633 9.44325e-07
634 9.70042e-07
635 9.9642e-07
636 1.02346e-06
637 1.05116e-06
638 1.07951e-06
639 1.1085e-06
640 1.13813e-06
641 1.16838e-06
642 1.19924e-06
643 1.23068e-06
644 1.26268e-06
645 1.29523e-06
646 1.32828e-06
647 1.36181e-06
648 1.39579e-06
649 1.43016e-06
650 1.4649e-06
651 1.49996e-06
652 1.53529e-06
653 1.57083e-06
654 1.60654e-06
655 1.64236e-06
656 1.67823e-06
657 1.71408e-06
658 1.74986e-06
659 1.78549e-06
660 1.82091e-06
661 1.85605e-06
662 1.89084e-06
663 1.92521e-06
664 1.95908e-06
665 1.99239e-06
666 2.02506e-06
667 2.05702e-06
668 2.0882e-06
669 2.11854e-06
670 2.14796e-06
671 2.17641e-06
672 2.20382e-06
673 2.23013e-06
674 2.2553e-06
675 2.27926e-06
676 2.30199e-06
677 2.32343e-06
678 2.34356e-06
679 2.36235e-06
680 2.37977e-06
681 2.39583e-06
682 2.4105e-06
683 2.4238e-06
684 2.43574e-06
685 2.44634e-06
686 2.45562e-06
687 2.46363e-06
688 2.47042e-06
689 2.47604e-06
690 2.48057e-06
691 2.48408e-06
692 2.48666e-06
693 2.48842e-06
694 2.48947e-06
695 2.48993e-06
696 2.48992e-06
697 2.4896e-06
698 2.48911e-06
699 2.48862e-06
700 2.48829e-06
701 2.48831e-06
702 2.48887e-06
703 2.49015e-06
704 2.49237e-06
705 2.49574e-06
706 2.50046e-06
707 2.50677e-06
708 2.51489e-06
709 2.52504e-06
710 2.53747e-06
711 2.5524e-06
712 2.57007e-06
713 2.59072e-06
714 2.61457e-06
715 2.64186e-06
716 2.67283e-06
717 2.70768e-06
718 2.74663e-06
719 2.78991e-06
720 2.8377e-06
721 2.89021e-06
722 2.94761e-06
723 3.01007e-06
724 3.07775e-06
725 3.15079e-06
726 3.22933e-06
727 3.31346e-06
728 3.40329e-06
729 3.49889e-06
730 3.60032e-06
731 3.70761e-06
732 3.82077e-06
733 3.93981e-06
734 4.06468e-06
735 4.19533e-06
736 4.33169e-06
737 4.47366e-06
738 4.6211e-06
739 4.77386e-06
740 4.93177e-06
741 5.09462e-06
742 5.26219e-06
743 5.43422e-06
744 5.61043e-06
745 5.79051e-06
746 5.97415e-06
747 6.16097e-06
748 6.35062e-06
749 6.54269e-06
750 6.73676e-06
751 6.93239e-06
752 7.12913e-06
753 7.32649e-06
754 7.52397e-06
755 7.72107e-06
756 7.91727e-06
757 8.11201e-06
758 8.30477e-06
759 8.49498e-06
760 8.68207e-06
761 8.86548e-06
762 9.04463e-06
763 9.21896e-06
764 9.38788e-06
765 9.55084e-06
766 9.70726e-06
767 9.8566e-06
768 9.99831e-06
769 1.01318e-05
770 1.02567e-05
771 1.03724e-05
772 1.04784e-05
773 1.05743e-05
774 1.06596e-05
775 1.0734e-05
776 1.0797e-05
777 1.08483e-05
778 1.08877e-05
779 1.09147e-05
780 1.09292e-05
781 1.0931e-05
782 1.09199e-05
783 1.08958e-05
784 1.08585e-05
785 1.08082e-05
786 1.07448e-05
787 1.06684e-05
788 1.05791e-05
789 1.04771e-05
790 1.03626e-05
791 1.02359e-05
792 1.00973e-05
793 9.94721e-06
794 9.78611e-06
795 9.61448e-06
796 9.43288e-06
797 9.24194e-06
798 9.04232e-06
799 8.83476e-06
800 8.62005e-06
801 8.39903e-06
802 8.1726e-06
803 7.94172e-06
804 7.7074e-06
805 7.47068e-06
806 7.2327e-06
807 6.9946e-06
808 6.75761e-06
809 6.52298e-06
810 6.29202e-06
811 6.06608e-06
812 5.84656e-06
813 5.63488e-06
814 5.43253e-06
815 5.241e-06
816 5.06186e-06
817 4.89667e-06
818 4.74704e-06
819 4.61461e-06
820 4.50104e-06
821 4.40803e-06
822 4.33727e-06
823 4.29049e-06
824 4.26944e-06
825 4.27588e-06
826 4.31157e-06
827 4.3783e-06
828 4.47785e-06
829 4.61201e-06
830 4.78259e-06
831 4.99137e-06
832 5.24015e-06
833 5.53072e-06
834 5.86487e-06
835 6.24438e-06
836 6.67102e-06
837 7.14654e-06
838 7.67269e-06
839 8.25122e-06
840 8.88382e-06
841 9.57222e-06
842 1.03181e-05
843 1.11231e-05
844 1.19889e-05
845 1.29171e-05
846 1.39093e-05
847 1.49671e-05
848 1.6092e-05
849 1.72857e-05
850 1.85495e-05
851 1.98851e-05
852 2.12939e-05
853 2.27773e-05
854 2.43367e-05
855 2.59736e-05
856 2.76894e-05
857 2.94854e-05
858 3.1363e-05
859 3.33235e-05
860 3.53683e-05
861 3.74986e-05
862 3.97157e-05
863 4.20209e-05
864 4.44156e-05
865 4.69009e-05
866 4.94781e-05
867 5.21485e-05
868 5.49133e-05
869 5.77738e-05
870 6.07313e-05
871 6.3787e-05
872 6.69422e-05
873 7.01981e-05
874 7.35562e-05
875 7.70177e-05
876 8.05839e-05
877 8.42562e-05
878 8.80359e-05
879 9.19246e-05
880 9.59237e-05
881 0.000100035
882 0.000104259
883 0.000108598
884 0.000113053
885 0.000117627
886 0.000122321
887 0.000127136
888 0.000132074
889 0.000137138
890 0.000142329
891 0.000147649
892 0.0001531
893 0.000158685
894 0.000164405
895 0.000170263
896 0.000176261
897 0.000182401
898 0.000188687
899 0.00019512
900 0.000201703
901 0.00020844
902 0.000215332
903 0.000222383
904 0.000229597
905 0.000236975
906 0.000244522
907 0.00025224
908 0.000260134
909 0.000268206
910 0.00027646
911 0.000284901
912 0.000293531
913 0.000302356
914 0.000311379
915 0.000320603
916 0.000330035
917 0.000339677
918 0.000349535
919 0.000359613
920 0.000369916
921 0.000380448
922 0.000391216
923 0.000402223
924 0.000413476
925 0.000424979
926 0.000436737
927 0.000448758
928 0.000461045
929 0.000473605
930 0.000486444
931 0.000499568
932 0.000512982
933 0.000526694
934 0.000540708
935 0.000555033
936 0.000569674
937 0.000584637
938 0.000599931
939 0.00061556
940 0.000631533
941 0.000647856
942 0.000664537
943 0.000681582
944 0.000698999
945 0.000716795
946 0.000734977
947 0.000753554
948 0.000772532
949 0.00079192
950 0.000811724
951 0.000831953
952 0.000852615
953 0.000873717
954 0.000895268
955 0.000917276
956 0.000939747
957 0.000962692
958 0.000986118
959 0.00101003
960 0.00103444
961 0.00105936
962 0.00108479
963 0.00111075
964 0.00113723
965 0.00116425
966 0.00119182
967 0.00121995
968 0.00124864
969 0.0012779
970 0.00130775
971 0.00133818
972 0.00136921
973 0.00140085
974 0.0014331
975 0.00146597
976 0.00149948
977 0.00153362
978 0.00156841
979 0.00160386
980 0.00163997
981 0.00167675
982 0.00171422
983 0.00175237
984 0.00179121
985 0.00183076
986 0.00187102
987 0.001912
988 0.0019537
989 0.00199614
990 0.00203932
991 0.00208325
992 0.00212793
993 0.00217338
994 0.00221959
995 0.00226658
996 0.00231436
997 0.00236292
998 0.00241228
999 0.00246243
1000 0.0025134
1001 0.00256518
1002 0.00261778
1003 0.0026712
1004 0.00272545
1005 0.00278054
1006 0.00283647
1007 0.00289324
1008 0.00295086
1009 0.00300934
1010 0.00306867
1011 0.00312886
1012 0.00318992
1013 0.00325185
1014 0.00331464
1015 0.00337832
1016 0.00344287
1017 0.0035083
1018 0.00357461
1019 0.0036418
1020 0.00370988
1021 0.00377885
1022 0.0038487
1023 0.00391944
1024 0.00399107
1025 0.00406359
1026 0.004137
1027 0.0042113
1028 0.00428648
1029 0.00436255
1030 0.0044395
1031 0.00451734
1032 0.00459606
1033 0.00467565
1034 0.00475612
1035 0.00483746
1036 0.00491967
1037 0.00500275
1038 0.00508668
1039 0.00517147
1040 0.00525711
1041 0.0053436
1042 0.00543092
1043 0.00551908
1044 0.00560806
1045 0.00569787
1046 0.00578848
1047 0.0058799
1048 0.00597211
1049 0.00606511
1050 0.00615889
1051 0.00625343
1052 0.00634873
1053 0.00644478
1054 0.00654157
1055 0.00663909
1056 0.00673732
1057 0.00683625
1058 0.00693587
1059 0.00703616
1060 0.00713712
1061 0.00723873
1062 0.00734098
1063 0.00744384
1064 0.00754732
1065 0.00765138
1066 0.00775601
1067 0.00786121
1068 0.00796694
1069 0.0080732
1070 0.00817997
1071 0.00828722
1072 0.00839494
1073 0.00850311
1074 0.00861172
1075 0.00872073
1076 0.00883014
1077 0.00893992
1078 0.00905005
1079 0.0091605
1080 0.00927126
1081 0.00938231
1082 0.00949362
1083 0.00960517
1084 0.00971693
1085 0.00982889
1086 0.00994101
1087 0.0100533
1088 0.0101657
1089 0.0102781
1090 0.0103907
1091 0.0105033
1092 0.0106159
1093 0.0107285
1094 0.0108411
1095 0.0109536
1096 0.011066
1097 0.0111783
1098 0.0112904
1099 0.0114024
1100 0.0115141
1101 0.0116257
1102 0.011737
1103 0.011848
1104 0.0119586
1105 0.012069
1106 0.0121789
1107 0.0122885
1108 0.0123976
1109 0.0125062
1110 0.0126144
1111 0.012722
1112 0.0128291
1113 0.0129356
1114 0.0130414
1115 0.0131467
1116 0.0132512
1117 0.013355
1118 0.0134581
1119 0.0135605
1120 0.013662
1121 0.0137627
1122 0.0138625
1123 0.0139614
1124 0.0140595
1125 0.0141565
1126 0.0142526
1127 0.0143477
1128 0.0144417
1129 0.0145346
1130 0.0146265
1131 0.0147172
1132 0.0148067
1133 0.0148951
1134 0.0149822
1135 0.0150681
1136 0.0151527
1137 0.015236
1138 0.015318
1139 0.0153986
1140 0.0154778
1141 0.0155555
1142 0.0156319
1143 0.0157068
1144 0.0157801
1145 0.015852
1146 0.0159223
1147 0.015991
1148 0.0160581
1149 0.0161237
1150 0.0161875
1151 0.0162497
1152 0.0163102
1153 0.016369
1154 0.016426
1155 0.0164813
1156 0.0165349
1157 0.0165866
1158 0.0166365
1159 0.0166845
1160 0.0167307
1161 0.0167751
1162 0.0168175
1163 0.016858
1164 0.0168966
1165 0.0169333
1166 0.016968
1167 0.0170008
1168 0.0170315
1169 0.0170603
1170 0.017087
1171 0.0171118
1172 0.0171345
1173 0.0171551
1174 0.0171738
1175 0.0171903
1176 0.0172048
1177 0.0172172
1178 0.0172275
1179 0.0172358
1180 0.017242
1181 0.017246
1182 0.017248
1183 0.0172478
1184 0.0172456
1185 0.0172412
1186 0.0172348
1187 0.0172262
1188 0.0172155
1189 0.0172027
1190 0.0171878
1191 0.0171709
1192 0.0171518
1193 0.0171306
1194 0.0171073
1195 0.017082
1196 0.0170546
1197 0.0170251
1198 0.0169936
1199 0.01696
1200 0.0169244
1201 0.0168868
1202 0.0168471
1203 0.0168055
1204 0.0167618
1205 0.0167162
1206 0.0166687
1207 0.0166191
1208 0.0165677
1209 0.0165143
1210 0.016459
1211 0.0164019
1212 0.0163429
1213 0.016282
1214 0.0162194
1215 0.0161549
1216 0.0160887
1217 0.0160207
1218 0.0159509
1219 0.0158795
1220 0.0158063
1221 0.0157315
1222 0.015655
1223 0.015577
1224 0.0154973
1225 0.0154161
1226 0.0153333
1227 0.0152491
1228 0.0151633
1229 0.0150761
1230 0.0149875
1231 0.0148975
1232 0.0148061
1233 0.0147133
1234 0.0146193
1235 0.014524
1236 0.0144274
1237 0.0143296
1238 0.0142307
1239 0.0141306
1240 0.0140293
1241 0.013927
1242 0.0138237
1243 0.0137193
1244 0.0136139
1245 0.0135075
1246 0.0134003
1247 0.0132921
1248 0.0131831
1249 0.0130733
1250 0.0129627
1251 0.0128514
1252 0.0127393
1253 0.0126265
1254 0.0125131
1255 0.0123991
1256 0.0122844
1257 0.0121693
1258 0.0120536
1259 0.0119374
1260 0.0118208
1261 0.0117038
1262 0.0115864
1263 0.0114687
1264 0.0113506
1265 0.0112323
1266 0.0111137
1267 0.0109949
1268 0.0108759
1269 0.0107568
1270 0.0106375
1271 0.0105182
1272 0.0103988
1273 0.0102794
1274 0.01016
1275 0.0100406
1276 0.00992136
1277 0.00980216
1278 0.0096831
1279 0.00956419
1280 0.00944548
1281 0.00932697
1282 0.00920871
1283 0.00909072
1284 0.00897303
1285 0.00885566
1286 0.00873865
1287 0.00862201
1288 0.00850577
1289 0.00838996
1290 0.0082746
1291 0.00815972
1292 0.00804534
1293 0.00793148
1294 0.00781816
1295 0.00770541
1296 0.00759325
1297 0.00748169
1298 0.00737077
1299 0.00726049
1300 0.00715089
1301 0.00704197
1302 0.00693375
1303 0.00682626
1304 0.00671951
1305 0.00661352
1306 0.0065083
1307 0.00640387
1308 0.00630024
1309 0.00619743
1310 0.00609546
1311 0.00599433
1312 0.00589406
1313 0.00579466
1314 0.00569614
1315 0.00559852
1316 0.0055018
1317 0.005406
1318 0.00531112
1319 0.00521718
1320 0.00512418
1321 0.00503213
1322 0.00494104
1323 0.00485092
1324 0.00476177
1325 0.0046736
1326 0.00458641
1327 0.00450021
1328 0.00441501
1329 0.00433081
1330 0.00424761
1331 0.00416542
1332 0.00408423
1333 0.00400406
1334 0.0039249
1335 0.00384675
1336 0.00376963
1337 0.00369352
1338 0.00361842
1339 0.00354435
1340 0.00347129
1341 0.00339925
1342 0.00332822
1343 0.00325821
1344 0.00318921
1345 0.00312122
1346 0.00305424
1347 0.00298826
1348 0.00292328
1349 0.0028593
1350 0.00279631
1351 0.00273431
1352 0.00267329
1353 0.00261325
1354 0.00255419
1355 0.0024961
1356 0.00243897
1357 0.0023828
1358 0.00232758
1359 0.0022733
1360 0.00221997
1361 0.00216756
1362 0.00211608
1363 0.00206552
1364 0.00201586
1365 0.00196711
1366 0.00191925
1367 0.00187228
1368 0.00182619
1369 0.00178097
1370 0.00173661
1371 0.0016931
1372 0.00165043
1373 0.0016086
1374 0.0015676
1375 0.00152741
1376 0.00148803
1377 0.00144945
1378 0.00141165
1379 0.00137464
1380 0.00133839
1381 0.00130291
1382 0.00126817
1383 0.00123418
1384 0.00120091
1385 0.00116837
1386 0.00113653
1387 0.0011054
1388 0.00107495
1389 0.00104519
1390 0.0010161
1391 0.000987663
1392 0.000959879
1393 0.000932736
1394 0.000906222
1395 0.000880328
1396 0.000855044
1397 0.000830359
1398 0.000806264
1399 0.000782749
1400 0.000759804
1401 0.000737418
1402 0.000715583
1403 0.000694288
1404 0.000673523
1405 0.00065328
1406 0.000633548
1407 0.000614317
1408 0.000595578
1409 0.000577323
1410 0.000559541
1411 0.000542223
1412 0.00052536
1413 0.000508942
1414 0.000492962
1415 0.00047741
1416 0.000462277
1417 0.000447554
1418 0.000433233
1419 0.000419305
1420 0.000405762
1421 0.000392595
1422 0.000379796
1423 0.000367358
1424 0.000355271
1425 0.000343528
1426 0.000332122
1427 0.000321044
1428 0.000310287
1429 0.000299844
1430 0.000289706
1431 0.000279868
1432 0.000270321
1433 0.000261058
1434 0.000252073
1435 0.000243359
1436 0.00023491
1437 0.000226717
1438 0.000218776
1439 0.00021108
1440 0.000203622
1441 0.000196396
1442 0.000189397
1443 0.000182618
1444 0.000176053
1445 0.000169698
1446 0.000163546
1447 0.000157592
1448 0.00015183
1449 0.000146255
1450 0.000140863
1451 0.000135648
1452 0.000130604
1453 0.000125728
1454 0.000121015
1455 0.00011646
1456 0.000112058
1457 0.000107805
1458 0.000103696
1459 9.97285e-05
1460 9.5897e-05
1461 9.21977e-05
1462 8.86268e-05
1463 8.51803e-05
1464 8.18546e-05
1465 7.8646e-05
1466 7.55508e-05
1467 7.25657e-05
1468 6.96871e-05
1469 6.69119e-05
1470 6.42367e-05
1471 6.16584e-05
1472 5.91739e-05
1473 5.67802e-05
1474 5.44744e-05
1475 5.22538e-05
1476 5.01154e-05
1477 4.80567e-05
1478 4.6075e-05
1479 4.41677e-05
1480 4.23325e-05
1481 4.05668e-05
1482 3.88684e-05
1483 3.7235e-05
1484 3.56643e-05
1485 3.41543e-05
1486 3.27028e-05
1487 3.13078e-05
1488 2.99674e-05
1489 2.86796e-05
1490 2.74427e-05
1491 2.62547e-05
1492 2.5114e-05
1493 2.40189e-05
1494 2.29677e-05
1495 2.19589e-05
1496 2.09909e-05
1497 2.00623e-05
1498 1.91715e-05
1499 1.83173e-05
1500 1.74982e-05
1501 1.67129e-05
1502 1.59602e-05
1503 1.52389e-05
1504 1.45477e-05
1505 1.38856e-05
1506 1.32514e-05
1507 1.2644e-05
1508 1.20625e-05
1509 1.15057e-05
1510 1.09729e-05
1511 1.04629e-05
1512 9.97497e-06
1513 9.50819e-06
1514 9.06173e-06
1515 8.63478e-06
1516 8.22656e-06
1517 7.83631e-06
1518 7.46332e-06
1519 7.10687e-06
1520 6.76631e-06
1521 6.44097e-06
1522 6.13024e-06
1523 5.83351e-06
1524 5.5502e-06
1525 5.27975e-06
1526 5.02163e-06
1527 4.77531e-06
1528 4.5403e-06
1529 4.31612e-06
1530 4.10231e-06
1531 3.89842e-06
1532 3.70404e-06
1533 3.51874e-06
1534 3.34215e-06
1535 3.17387e-06
1536 3.01355e-06
1537 2.86083e-06
1538 2.71539e-06
1539 2.5769e-06
1540 2.44505e-06
1541 2.31955e-06
1542 2.20011e-06
1543 2.08647e-06
1544 1.97835e-06
1545 1.87551e-06
1546 1.77771e-06
1547 1.68472e-06
1548 1.59631e-06
1549 1.51229e-06
1550 1.43244e-06
1551 1.35657e-06
1552 1.28449e-06
1553 1.21604e-06
1554 1.15103e-06
1555 1.08931e-06
1556 1.03072e-06
1557 9.75109e-07
1558 9.2234e-07
1559 8.72275e-07
1560 8.24783e-07
1561 7.79742e-07
1562 7.37032e-07
1563 6.9654e-07
1564 6.58157e-07
1565 6.21781e-07
1566 5.87313e-07
1567 5.54658e-07
1568 5.23728e-07
1569 4.94436e-07
1570 4.667e-07
1571 4.40443e-07
1572 4.15591e-07
1573 3.92072e-07
1574 3.69819e-07
1575 3.48767e-07
1576 3.28857e-07
1577 3.10028e-07
1578 2.92226e-07
1579 2.75398e-07
1580 2.59493e-07
1581 2.44463e-07
1582 2.30264e-07
1583 2.16851e-07
1584 2.04183e-07
1585 1.92221e-07
1586 1.80928e-07
1587 1.70268e-07
1588 1.60208e-07
1589 1.50716e-07
1590 1.41761e-07
1591 1.33314e-07
1592 1.25348e-07
1593 1.17838e-07
1594 1.10757e-07
1595 1.04084e-07
1596 9.77953e-08
1597 9.18701e-08
1598 8.62886e-08
1599 8.10317e-08
1600 7.60815e-08
1601 7.14209e-08
1602 6.70338e-08
1603 6.2905e-08
1604 5.90199e-08
1605 5.53649e-08
1606 5.19268e-08
1607 4.86936e-08
1608 4.56535e-08
1609 4.27955e-08
1610 4.01092e-08
1611 3.75847e-08
1612 3.52129e-08
1613 3.29847e-08
1614 3.0892e-08
1615 2.89269e-08
1616 2.70819e-08
1617 2.535e-08
1618 2.37245e-08
1619 2.21993e-08
1620 2.07684e-08
1621 1.94262e-08
1622 1.81674e-08
1623 1.69872e-08
1624 1.58807e-08
1625 1.48437e-08
1626 1.38718e-08
1627 1.29612e-08
1628 1.21082e-08
1629 1.13093e-08
1630 1.05612e-08
1631 9.86077e-09
1632 9.20513e-09
1633 8.59151e-09
1634 8.01735e-09
1635 7.48019e-09
1636 6.97776e-09
1637 6.50788e-09
1638 6.06854e-09
1639 5.65783e-09
1640 5.27395e-09
1641 4.91522e-09
1642 4.58006e-09
1643 4.26697e-09
1644 3.97456e-09
1645 3.70151e-09
1646 3.44658e-09
1647 3.20863e-09
1648 2.98656e-09
1649 2.77935e-09
1650 2.58604e-09
1651 2.40573e-09
1652 2.23759e-09
1653 2.08081e-09
1654 1.93467e-09
1655 1.79845e-09
1656 1.67153e-09
1657 1.55327e-09
1658 1.44311e-09
1659 1.34052e-09
1660 1.245e-09
1661 1.15606e-09
1662 1.07328e-09
1663 9.96249e-10
1664 9.24573e-10
1665 8.57895e-10
1666 7.95878e-10
1667 7.38208e-10
1668 6.8459e-10
1669 6.34749e-10
1670 5.88427e-10
1671 5.45385e-10
1672 5.05398e-10
1673 4.68255e-10
1674 4.33762e-10
1675 4.01735e-10
1676 3.72003e-10
1677 3.44408e-10
1678 3.188e-10
1679 2.95042e-10
1680 2.73003e-10
1681 2.52564e-10
1682 2.33611e-10
1683 2.16041e-10
1684 1.99754e-10
1685 1.84661e-10
1686 1.70676e-10
1687 1.57721e-10
1688 1.45723e-10
1689 1.34611e-10
1690 1.24324e-10
1691 1.14802e-10
1692 1.05989e-10
1693 9.7834e-11
1694 9.02897e-11
1695 8.33117e-11
1696 7.68585e-11
1697 7.08919e-11
1698 6.53762e-11
1699 6.02783e-11
1700 5.55676e-11
1701 5.12153e-11
1702 4.71951e-11
1703 4.34823e-11
1704 4.0054e-11
1705 3.68891e-11
1706 3.39679e-11
1707 3.12721e-11
1708 2.87849e-11
1709 2.64905e-11
1710 2.43743e-11
1711 2.2423e-11
1712 2.0624e-11
1713 1.89658e-11
1714 1.74376e-11
1715 1.60295e-11
1716 1.47323e-11
1717 1.35376e-11
1718 1.24374e-11
1719 1.14244e-11
1720 1.04919e-11
1721 9.63378e-12
1722 8.84413e-12
1723 8.11766e-12
1724 7.44946e-12
1725 6.83496e-12
1726 6.26996e-12
1727 5.75057e-12
1728 5.27321e-12
1729 4.83455e-12
1730 4.43155e-12
1731 4.06136e-12
1732 3.72139e-12
1733 3.40923e-12
1734 3.12266e-12
1735 2.85963e-12
1736 2.61826e-12
1737 2.3968e-12
1738 2.19366e-12
1739 2.00735e-12
1740 1.83652e-12
1741 1.6799e-12
1742 1.53635e-12
1743 1.40479e-12
1744 1.28426e-12
1745 1.17384e-12
1746 1.07271e-12
1747 9.80102e-13
1748 8.95321e-13
1749 8.17716e-13
1750 7.46695e-13
1751 6.81712e-13
1752 6.22265e-13
1753 5.67893e-13
1754 5.18173e-13
1755 4.72715e-13
1756 4.31162e-13
1757 3.93186e-13
1758 3.58486e-13
1759 3.26786e-13
1760 2.97832e-13
1761 2.7139e-13
1762 2.47249e-13
1763 2.25212e-13
1764 2.051e-13
1765 1.86748e-13
1766 1.70005e-13
1767 1.54733e-13
1768 1.40806e-13
1769 1.28108e-13
1770 1.16533e-13
1771 1.05983e-13
1772 9.63695e-14
1773 8.76112e-14
1774 7.96335e-14
1775 7.23682e-14
1776 6.5753e-14
1777 5.9731e-14
1778 5.425e-14
1779 4.92625e-14
1780 4.47248e-14
1781 4.05972e-14
1782 3.68434e-14
1783 3.34303e-14
1784 3.03274e-14
1785 2.75072e-14
1786 2.49444e-14
1787 2.2616e-14
1788 2.0501e-14
1789 1.85801e-14
1790 1.6836e-14
1791 1.52526e-14
1792 1.38155e-14
1793 1.25113e-14
1794 1.1328e-14
1795 1.02547e-14
1796 9.28121e-15
1797 8.39853e-15
1798 7.59831e-15
1799 6.873e-15
1800 6.21571e-15
1801 5.62019e-15
1802 5.08073e-15
1803 4.59216e-15
1804 4.14976e-15
1805 3.74925e-15
1806 3.38673e-15
1807 3.05866e-15
1808 2.76184e-15
1809 2.49333e-15
1810 2.25049e-15
1811 2.0309e-15
1812 1.83238e-15
1813 1.65294e-15
1814 1.49079e-15
1815 1.34427e-15
1816 1.21192e-15
1817 1.09239e-15
1818 9.8445e-16
1819 8.87004e-16
1820 7.99047e-16
1821 7.19671e-16
1822 6.48053e-16
1823 5.83448e-16
1824 5.2518e-16
1825 4.72638e-16
1826 4.25269e-16
1827 3.82573e-16
1828 3.44096e-16
1829 3.09427e-16
1830 2.78197e-16
1831 2.5007e-16
1832 2.24742e-16
1833 2.0194e-16
1834 1.81416e-16
1835 1.62945e-16
1836 1.46326e-16
1837 1.31377e-16
1838 1.17931e-16
1839 1.05841e-16
1840 9.49711e-17
1841 8.5201e-17
1842 7.64209e-17
1843 6.85321e-17
1844 6.14455e-17
1845 5.50808e-17
1846 4.93656e-17
1847 4.42347e-17
1848 3.96292e-17
1849 3.54962e-17
1850 3.1788e-17
1851 2.84615e-17
1852 2.54781e-17
1853 2.28029e-17
1854 2.04046e-17
1855 1.82548e-17
1856 1.63284e-17
1857 1.46023e-17
1858 1.30561e-17
1859 1.16714e-17
1860 1.04314e-17
1861 9.3213e-18
1862 8.3277e-18
1863 7.43853e-18
1864 6.64298e-18
1865 5.93133e-18
1866 5.29487e-18
1867 4.72577e-18
1868 4.217e-18
1869 3.76225e-18
1870 3.35588e-18
1871 2.9928e-18
1872 2.66848e-18
1873 2.37882e-18
1874 2.12019e-18
1875 1.8893e-18
1876 1.68322e-18
1877 1.49932e-18
1878 1.33524e-18
1879 1.18889e-18
1880 1.05836e-18
1881 9.41977e-19
1882 8.38225e-19
1883 7.45752e-19
1884 6.63348e-19
1885 5.89932e-19
1886 5.24536e-19
1887 4.66297e-19
1888 4.14441e-19
1889 3.68278e-19
1890 3.27192e-19
1891 2.90631e-19
1892 2.58104e-19
1893 2.29172e-19
1894 2.03442e-19
1895 1.80565e-19
1896 1.60228e-19
1897 1.42153e-19
1898 1.26092e-19
1899 1.11823e-19
1900 9.91492e-20
1901 8.78941e-20
1902 7.7901e-20
1903 6.90302e-20
1904 6.11573e-20
1905 5.41714e-20
1906 4.79738e-20
1907 4.24768e-20
1908 3.76021e-20
1909 3.32802e-20
1910 2.94491e-20
1911 2.60538e-20
1912 2.30453e-20
1913 2.03801e-20
1914 1.80195e-20
1915 1.59291e-20
1916 1.40784e-20
1917 1.24402e-20
1918 1.09905e-20
1919 9.7077e-21
1920 8.57292e-21
1921 7.56927e-21
1922 6.68177e-21
1923 5.89714e-21
1924 5.2036e-21
1925 4.59071e-21
1926 4.04918e-21
1927 3.57081e-21
1928 3.14832e-21
1929 2.77526e-21
1930 2.44592e-21
1931 2.15522e-21
1932 1.89869e-21
1933 1.67235e-21
1934 1.4727e-21
1935 1.29662e-21
1936 1.14136e-21
1937 1.00449e-21
1938 8.83859e-22
1939 7.77553e-22
1940 6.83896e-22
1941 6.01398e-22
1942 5.28745e-22
1943 4.64775e-22
1944 4.08461e-22
1945 3.58899e-22
1946 3.15285e-22
1947 2.76916e-22
1948 2.43167e-22
1949 2.13488e-22
1950 1.87394e-22
1951 1.64455e-22
1952 1.44295e-22
1953 1.2658e-22
1954 1.11018e-22
1955 9.73499e-23
1956 8.53468e-23
1957 7.48085e-23
1958 6.5558e-23
1959 5.74399e-23
1960 5.03169e-23
1961 4.4068e-23
1962 3.85875e-23
1963 3.37816e-23
1964 2.95683e-23
1965 2.58752e-23
1966 2.26388e-23
1967 1.98032e-23
1968 1.73191e-23
1969 1.51437e-23
1970 1.32387e-23
1971 1.15711e-23
1972 1.01115e-23
1973 8.83414e-24
1974 7.71661e-24
1975 6.73906e-24
1976 5.88416e-24
1977 5.13667e-24
1978 4.48321e-24
1979 3.91209e-24
1980 3.41303e-24
1981 2.97702e-24
1982 2.59619e-24
1983 2.2636e-24
1984 1.97323e-24
1985 1.71975e-24
1986 1.49853e-24
1987 1.30549e-24
1988 1.13709e-24
1989 9.90219e-25
1990 8.62137e-25
1991 7.50462e-25
1992 6.53125e-25
1993 5.68298e-25
1994 4.94386e-25
1995 4.30001e-25
1996 3.73921e-25
1997 3.25087e-25
1998 2.82576e-25
1999 2.45575e-25
2000 2.13373e-25
2001 1.85356e-25
2002 1.60988e-25
2003 1.39792e-25
2004 1.21362e-25
2005 1.05343e-25
2006 9.1417e-26
2007 7.93175e-26
2008 6.88057e-26
2009 5.96737e-26
2010 5.17438e-26
2011 4.48587e-26
2012 3.88819e-26
2013 3.36948e-26
2014 2.91943e-26
2015 2.52895e-26
2016 2.19028e-26
2017 1.89658e-26
2018 1.64196e-26
2019 1.42128e-26
2020 1.23e-26
2021 1.06429e-26
2022 9.20717e-27
2023 7.96369e-27
2024 6.8872e-27
2025 5.9552e-27
2026 5.14843e-27
2027 4.45051e-27
2028 3.8465e-27
2029 3.32408e-27
2030 2.8724e-27
2031 2.48184e-27
2032 2.14429e-27
2033 1.85254e-27
2034 1.60052e-27
2035 1.38284e-27
2036 1.1949e-27
2037 1.03266e-27
2038 8.92685e-28
2039 7.71961e-28
2040 6.6788e-28
2041 5.78226e-28
2042 5.01022e-28
2043 4.34646e-28
2044 3.77606e-28
2045 3.28661e-28
2046 2.86764e-28
2047 2.50981e-28
