0 5.75919e-61
1 5.44021e-61
2 5.44447e-61
3 5.77097e-61
4 6.44216e-61
5 7.5054e-61
6 9.03614e-61
7 1.11431e-60
8 1.39756e-60
9 1.77342e-60
10 2.26838e-60
11 2.91724e-60
12 3.76549e-60
13 4.87234e-60
14 6.31484e-60
15 8.19301e-60
16 1.06367e-59
17 1.38141e-59
18 1.79435e-59
19 2.33074e-59
20 3.02714e-59
21 3.93088e-59
22 5.10317e-59
23 6.62317e-59
24 8.59314e-59
25 1.11452e-58
26 1.445e-58
27 1.87278e-58
28 2.42627e-58
29 3.14212e-58
30 4.0676e-58
31 5.2636e-58
32 6.80858e-58
33 8.8036e-58
34 1.13787e-57
35 1.47014e-57
36 1.89869e-57
37 2.45121e-57
38 3.16332e-57
39 4.08076e-57
40 5.26228e-57
41 6.78338e-57
42 8.74091e-57
43 1.12592e-56
44 1.44978e-56
45 1.86613e-56
46 2.40119e-56
47 3.08858e-56
48 3.97136e-56
49 5.10471e-56
50 6.55927e-56
51 8.42547e-56
52 1.0819e-55
53 1.3888e-55
54 1.78218e-55
55 2.28625e-55
56 2.93197e-55
57 3.75888e-55
58 4.81753e-55
59 6.17246e-55
60 7.90608e-55
61 1.01236e-54
62 1.29593e-54
63 1.65845e-54
64 2.12177e-54
65 2.71377e-54
66 3.46997e-54
67 4.43566e-54
68 5.66856e-54
69 7.24219e-54
70 9.25021e-54
71 1.18119e-53
72 1.5079e-53
73 1.92449e-53
74 2.45553e-53
75 3.13232e-53
76 3.99464e-53
77 5.09309e-53
78 6.49199e-53
79 8.27309e-53
80 1.05403e-52
81 1.34255e-52
82 1.70965e-52
83 2.17659e-52
84 2.77041e-52
85 3.5254e-52
86 4.48508e-52
87 5.70465e-52
88 7.25413e-52
89 9.2223e-52
90 1.17217e-51
91 1.4895e-51
92 1.89229e-51
93 2.40344e-51
94 3.05193e-51
95 3.87447e-51
96 4.91754e-51
97 6.23992e-51
98 7.91601e-51
99 1.00399e-50
100 1.27305e-50
101 1.61382e-50
102 2.04531e-50
103 2.59153e-50
104 3.2828e-50
105 4.15742e-50
106 5.26374e-50
107 6.66275e-50
108 8.43144e-50
109 1.06669e-49
110 1.34915e-49
111 1.70596e-49
112 2.15657e-49
113 2.72546e-49
114 3.44351e-49
115 4.34956e-49
116 5.4925e-49
117 6.93387e-49
118 8.75107e-49
119 1.10414e-48
120 1.39273e-48
121 1.75625e-48
122 2.21402e-48
123 2.79031e-48
124 3.51559e-48
125 4.4281e-48
126 5.57585e-48
127 7.01902e-48
128 8.83313e-48
129 1.11128e-47
130 1.39767e-47
131 1.75734e-47
132 2.20891e-47
133 2.77567e-47
134 3.48682e-47
135 4.37884e-47
136 5.49741e-47
137 6.89963e-47
138 8.65689e-47
139 1.08584e-46
140 1.36157e-46
141 1.7068e-46
142 2.13892e-46
143 2.67963e-46
144 3.35602e-46
145 4.20188e-46
146 5.25936e-46
147 6.58099e-46
148 8.2323e-46
149 1.02949e-45
150 1.28704e-45
151 1.60856e-45
152 2.00981e-45
153 2.51041e-45
154 3.1348e-45
155 3.91335e-45
156 4.88386e-45
157 6.09332e-45
158 7.60014e-45
159 9.47693e-45
160 1.18139e-44
161 1.4723e-44
162 1.83435e-44
163 2.2848e-44
164 2.84509e-44
165 3.54183e-44
166 4.40802e-44
167 5.4846e-44
168 6.82232e-44
169 8.48411e-44
170 1.0548e-43
171 1.31105e-43
172 1.62914e-43
173 2.0239e-43
174 2.51369e-43
175 3.12123e-43
176 3.87465e-43
177 4.80875e-43
178 5.96659e-43
179 7.40143e-43
180 9.1791e-43
181 1.1381e-42
182 1.41078e-42
183 1.74836e-42
184 2.16622e-42
185 2.68332e-42
186 3.32307e-42
187 4.11439e-42
188 5.09295e-42
189 6.30278e-42
190 7.79818e-42
191 9.64614e-42
192 1.19292e-41
193 1.47493e-41
194 1.82317e-41
195 2.2531e-41
196 2.78377e-41
197 3.43861e-41
198 4.2465e-41
199 5.24295e-41
200 6.47168e-41
201 7.98646e-41
202 9.85343e-41
203 1.21539e-40
204 1.49878e-40
205 1.8478e-40
206 2.27753e-40
207 2.80651e-40
208 3.45749e-40
209 4.2584e-40
210 5.24351e-40
211 6.45487e-40
212 7.94404e-40
213 9.77425e-40
214 1.2023e-39
215 1.47853e-39
216 1.81774e-39
217 2.23418e-39
218 2.74531e-39
219 3.37246e-39
220 4.14176e-39
221 5.08517e-39
222 6.24178e-39
223 7.65936e-39
224 9.3963e-39
225 1.1524e-38
226 1.41295e-38
227 1.73192e-38
228 2.12232e-38
229 2.59999e-38
230 3.18427e-38
231 3.89875e-38
232 4.7722e-38
233 5.83969e-38
234 7.14394e-38
235 8.73701e-38
236 1.06823e-37
237 1.3057e-37
238 1.59552e-37
239 1.9491e-37
240 2.38038e-37
241 2.90627e-37
242 3.54734e-37
243 4.32861e-37
244 5.28048e-37
245 6.43987e-37
246 7.85164e-37
247 9.57025e-37
248 1.16619e-36
249 1.42067e-36
250 1.73021e-36
251 2.10664e-36
252 2.56426e-36
253 3.12047e-36
254 3.7963e-36
255 4.61729e-36
256 5.61436e-36
257 6.82496e-36
258 8.29444e-36
259 1.00777e-35
260 1.22413e-35
261 1.48656e-35
262 1.80479e-35
263 2.19061e-35
264 2.65824e-35
265 3.22489e-35
266 3.91139e-35
267 4.74286e-35
268 5.7497e-35
269 6.96859e-35
270 8.44386e-35
271 1.0229e-34
272 1.23886e-34
273 1.50006e-34
274 1.81591e-34
275 2.19775e-34
276 2.65925e-34
277 3.21691e-34
278 3.89062e-34
279 4.70432e-34
280 5.68688e-34
281 6.87307e-34
282 8.30475e-34
283 1.00323e-33
284 1.21164e-33
285 1.46301e-33
286 1.76611e-33
287 2.1315e-33
288 2.57188e-33
289 3.10252e-33
290 3.74175e-33
291 4.51161e-33
292 5.43857e-33
293 6.55439e-33
294 7.89722e-33
295 9.51284e-33
296 1.14562e-32
297 1.37931e-32
298 1.66026e-32
299 1.99793e-32
300 2.40367e-32
301 2.89107e-32
302 3.47641e-32
303 4.17919e-32
304 5.02274e-32
305 6.03496e-32
306 7.24927e-32
307 8.7056e-32
308 1.04517e-31
309 1.25447e-31
310 1.50527e-31
311 1.80572e-31
312 2.16554e-31
313 2.59636e-31
314 3.11203e-31
315 3.72908e-31
316 4.46723e-31
317 5.35e-31
318 6.40542e-31
319 7.66688e-31
320 9.1742e-31
321 1.09748e-30
322 1.3125e-30
323 1.5692e-30
324 1.87559e-30
325 2.24116e-30
326 2.67722e-30
327 3.19722e-30
328 3.81715e-30
329 4.556e-30
330 5.43632e-30
331 6.48493e-30
332 7.73363e-30
333 9.22021e-30
334 1.09895e-29
335 1.30947e-29
336 1.55988e-29
337 1.85768e-29
338 2.21172e-29
339 2.63253e-29
340 3.13256e-29
341 3.72658e-29
342 4.43205e-29
343 5.2697e-29
344 6.26401e-29
345 7.44401e-29
346 8.84401e-29
347 1.05046e-28
348 1.24739e-28
349 1.48086e-28
350 1.75758e-28
351 2.0855e-28
352 2.47399e-28
353 2.93414e-28
354 3.47902e-28
355 4.1241e-28
356 4.88761e-28
357 5.79109e-28
358 6.85996e-28
359 8.12419e-28
360 9.61916e-28
361 1.13866e-27
362 1.34756e-27
363 1.59441e-27
364 1.88605e-27
365 2.23052e-27
366 2.6373e-27
367 3.11754e-27
368 3.68438e-27
369 4.35328e-27
370 5.14242e-27
371 6.07322e-27
372 7.17083e-27
373 8.46484e-27
374 9.99002e-27
375 1.17872e-26
376 1.39045e-26
377 1.63981e-26
378 1.93344e-26
379 2.27909e-26
380 2.68588e-26
381 3.16451e-26
382 3.72752e-26
383 4.3896e-26
384 5.16798e-26
385 6.08285e-26
386 7.15786e-26
387 8.42068e-26
388 9.90373e-26
389 1.16449e-25
390 1.36886e-25
391 1.60867e-25
392 1.88998e-25
393 2.21989e-25
394 2.60667e-25
395 3.05999e-25
396 3.59116e-25
397 4.21335e-25
398 4.94195e-25
399 5.79489e-25
400 6.79311e-25
401 7.96099e-25
402 9.32696e-25
403 1.09241e-24
404 1.27911e-24
405 1.49727e-24
406 1.75213e-24
407 2.04977e-24
408 2.39725e-24
409 2.80282e-24
410 3.27602e-24
411 3.82798e-24
412 4.47162e-24
413 5.22192e-24
414 6.09632e-24
415 7.11502e-24
416 8.3015e-24
417 9.68299e-24
418 1.12911e-23
419 1.31623e-23
420 1.53393e-23
421 1.78711e-23
422 2.08148e-23
423 2.42365e-23
424 2.82127e-23
425 3.28319e-23
426 3.81966e-23
427 4.44257e-23
428 5.16563e-23
429 6.00474e-23
430 6.97827e-23
431 8.10746e-23
432 9.41687e-23
433 1.09349e-22
434 1.26943e-22
435 1.4733e-22
436 1.70948e-22
437 1.98302e-22
438 2.29976e-22
439 2.66642e-22
440 3.0908e-22
441 3.58185e-22
442 4.14992e-22
443 4.80694e-22
444 5.56667e-22
445 6.44498e-22
446 7.46013e-22
447 8.63321e-22
448 9.98846e-22
449 1.15539e-21
450 1.33615e-21
451 1.54486e-21
452 1.78576e-21
453 2.06377e-21
454 2.38453e-21
455 2.75453e-21
456 3.18123e-21
457 3.67321e-21
458 4.24032e-21
459 4.89389e-21
460 5.64692e-21
461 6.51433e-21
462 7.51328e-21
463 8.66341e-21
464 9.98728e-21
465 1.15108e-20
466 1.32635e-20
467 1.52795e-20
468 1.75976e-20
469 2.02625e-20
470 2.33251e-20
471 2.68439e-20
472 3.08858e-20
473 3.5527e-20
474 4.08551e-20
475 4.69699e-20
476 5.39853e-20
477 6.20318e-20
478 7.1258e-20
479 8.18337e-20
480 9.39524e-20
481 1.07835e-19
482 1.23733e-19
483 1.41933e-19
484 1.62762e-19
485 1.86592e-19
486 2.13846e-19
487 2.45005e-19
488 2.80618e-19
489 3.21308e-19
490 3.67781e-19
491 4.20842e-19
492 4.81404e-19
493 5.50504e-19
494 6.29318e-19
495 7.19182e-19
496 8.21608e-19
497 9.38314e-19
498 1.07124e-18
499 1.2226e-18
500 1.39488e-18
501 1.59091e-18
502 1.81388e-18
503 2.06742e-18
504 2.35562e-18
505 2.6831e-18
506 3.05511e-18
507 3.47755e-18
508 3.95712e-18
509 4.50136e-18
510 5.1188e-18
511 5.81906e-18
512 6.61303e-18
513 7.51296e-18
514 8.53271e-18
515 9.68787e-18
516 1.09961e-17
517 1.24772e-17
518 1.41536e-17
519 1.60505e-17
520 1.81964e-17
521 2.06233e-17
522 2.33674e-17
523 2.64694e-17
524 2.99749e-17
525 3.39358e-17
526 3.84101e-17
527 4.34631e-17
528 4.91685e-17
529 5.56092e-17
530 6.28784e-17
531 7.10809e-17
532 8.03349e-17
533 9.0773e-17
534 1.02544e-16
535 1.15817e-16
536 1.30779e-16
537 1.47644e-16
538 1.66648e-16
539 1.8806e-16
540 2.1218e-16
541 2.39346e-16
542 2.69938e-16
543 3.0438e-16
544 3.43151e-16
545 3.86787e-16
546 4.35888e-16
547 4.91129e-16
548 5.53266e-16
549 6.23147e-16
550 7.01719e-16
551 7.90047e-16
552 8.89321e-16
553 1.00087e-15
554 1.1262e-15
555 1.26696e-15
556 1.42502e-15
557 1.60248e-15
558 1.80165e-15
559 2.02514e-15
560 2.27585e-15
561 2.55702e-15
562 2.87227e-15
563 3.22562e-15
564 3.62157e-15
565 4.06511e-15
566 4.56182e-15
567 5.11788e-15
568 5.74018e-15
569 6.43639e-15
570 7.21501e-15
571 8.08548e-15
572 9.05829e-15
573 1.01451e-14
574 1.13587e-14
575 1.27135e-14
576 1.42252e-14
577 1.59115e-14
578 1.77915e-14
579 1.98868e-14
580 2.22211e-14
581 2.48203e-14
582 2.77135e-14
583 3.09323e-14
584 3.4512e-14
585 3.8491e-14
586 4.2912e-14
587 4.78219e-14
588 5.32721e-14
589 5.93194e-14
590 6.6026e-14
591 7.34604e-14
592 8.16977e-14
593 9.08204e-14
594 1.00919e-13
595 1.12092e-13
596 1.24449e-13
597 1.38108e-13
598 1.53201e-13
599 1.69869e-13
600 1.88269e-13
601 2.08571e-13
602 2.30963e-13
603 2.55648e-13
604 2.82849e-13
605 3.12812e-13
606 3.458e-13
607 3.82107e-13
608 4.22048e-13
609 4.65972e-13
610 5.14256e-13
611 5.67315e-13
612 6.25598e-13
613 6.896e-13
614 7.59857e-13
615 8.36956e-13
616 9.21538e-13
617 1.0143e-12
618 1.11601e-12
619 1.2275e-12
620 1.34968e-12
621 1.48355e-12
622 1.63019e-12
623 1.79078e-12
624 1.96664e-12
625 2.15917e-12
626 2.36992e-12
627 2.6006e-12
628 2.85306e-12
629 3.12933e-12
630 3.43162e-12
631 3.76238e-12
632 4.12426e-12
633 4.52018e-12
634 4.95334e-12
635 5.42722e-12
636 5.94566e-12
637 6.51286e-12
638 7.13342e-12
639 7.81237e-12
640 8.55524e-12
641 9.36809e-12
642 1.02575e-11
643 1.12309e-11
644 1.2296e-11
645 1.34617e-11
646 1.47375e-11
647 1.61339e-11
648 1.76623e-11
649 1.93352e-11
650 2.11664e-11
651 2.31709e-11
652 2.5365e-11
653 2.77667e-11
654 3.03956e-11
655 3.3273e-11
656 3.64222e-11
657 3.98687e-11
658 4.36403e-11
659 4.77671e-11
660 5.22819e-11
661 5.72205e-11
662 6.26219e-11
663 6.85281e-11
664 7.4985e-11
665 8.20422e-11
666 8.97536e-11
667 9.81773e-11
668 1.07376e-10
669 1.17419e-10
670 1.28378e-10
671 1.40333e-10
672 1.53369e-10
673 1.67579e-10
674 1.83059e-10
675 1.99917e-10
676 2.18266e-10
677 2.38227e-10
678 2.5993e-10
679 2.83515e-10
680 3.09128e-10
681 3.36929e-10
682 3.67085e-10
683 3.99774e-10
684 4.35185e-10
685 4.7352e-10
686 5.1499e-10
687 5.59819e-10
688 6.08244e-10
689 6.60512e-10
690 7.16885e-10
691 7.77638e-10
692 8.43056e-10
693 9.1344e-10
694 9.89102e-10
695 1.07037e-09
696 1.15757e-09
697 1.25107e-09
698 1.35121e-09
699 1.45839e-09
700 1.57297e-09
701 1.69535e-09
702 1.82593e-09
703 1.96512e-09
704 2.11335e-09
705 2.27102e-09
706 2.43856e-09
707 2.61641e-09
708 2.80498e-09
709 3.0047e-09
710 3.21599e-09
711 3.43926e-09
712 3.67492e-09
713 3.92336e-09
714 4.18495e-09
715 4.46004e-09
716 4.74898e-09
717 5.05208e-09
718 5.36962e-09
719 5.70184e-09
720 6.04897e-09
721 6.41118e-09
722 6.78861e-09
723 7.18134e-09
724 7.58942e-09
725 8.01284e-09
726 8.45152e-09
727 8.90535e-09
728 9.37416e-09
729 9.85769e-09
730 1.03557e-08
731 1.08677e-08
732 1.13934e-08
733 1.19324e-08
734 1.2484e-08
735 1.30477e-08
736 1.36229e-08
737 1.4209e-08
738 1.48054e-08
739 1.54113e-08
740 1.60262e-08
741 1.66493e-08
742 1.72802e-08
743 1.79183e-08
744 1.85633e-08
745 1.92148e-08
746 1.98729e-08
747 2.05375e-08
748 2.12091e-08
749 2.18884e-08
750 2.25764e-08
751 2.32745e-08
752 2.39848e-08
753 2.47098e-08
754 2.54526e-08
755 2.62171e-08
756 2.70082e-08
757 2.78316e-08
758 2.86939e-08
759 2.96031e-08
760 3.05686e-08
761 3.16009e-08
762 3.27124e-08
763 3.39171e-08
764 3.52312e-08
765 3.66726e-08
766 3.82618e-08
767 4.00219e-08
768 4.19784e-08
769 4.41601e-08
770 4.65989e-08
771 4.93299e-08
772 5.23923e-08
773 5.58291e-08
774 5.96876e-08
775 6.40195e-08
776 6.88818e-08
777 7.43362e-08
778 8.04502e-08
779 8.72972e-08
780 9.49566e-08
781 1.03514e-07
782 1.13064e-07
783 1.23705e-07
784 1.35546e-07
785 1.48703e-07
786 1.633e-07
787 1.7947e-07
788 1.97357e-07
789 2.17111e-07
790 2.38896e-07
791 2.62884e-07
792 2.89258e-07
793 3.18212e-07
794 3.49954e-07
795 3.84699e-07
796 4.22681e-07
797 4.6414e-07
798 5.09333e-07
799 5.58529e-07
800 6.12012e-07
801 6.70077e-07
802 7.33037e-07
803 8.01217e-07
804 8.74958e-07
805 9.54614e-07
806 1.04056e-06
807 1.13317e-06
808 1.23286e-06
809 1.34004e-06
810 1.45514e-06
811 1.57862e-06
812 1.71093e-06
813 1.85257e-06
814 2.00401e-06
815 2.16579e-06
816 2.33843e-06
817 2.52247e-06
818 2.71848e-06
819 2.92703e-06
820 3.14871e-06
821 3.38415e-06
822 3.63395e-06
823 3.89877e-06
824 4.17927e-06
825 4.47611e-06
826 4.78998e-06
827 5.1216e-06
828 5.47169e-06
829 5.84098e-06
830 6.23024e-06
831 6.64023e-06
832 7.07176e-06
833 7.52562e-06
834 8.00265e-06
835 8.5037e-06
836 9.02964e-06
837 9.58136e-06
838 1.01598e-05
839 1.07658e-05
840 1.14005e-05
841 1.20648e-05
842 1.27597e-05
843 1.34862e-05
844 1.42456e-05
845 1.50389e-05
846 1.58673e-05
847 1.6732e-05
848 1.76342e-05
849 1.85754e-05
850 1.95569e-05
851 2.05802e-05
852 2.16468e-05
853 2.27582e-05
854 2.39162e-05
855 2.51225e-05
856 2.6379e-05
857 2.76877e-05
858 2.90506e-05
859 3.04701e-05
860 3.19484e-05
861 3.3488e-05
862 3.50917e-05
863 3.67621e-05
864 3.85024e-05
865 4.03157e-05
866 4.22054e-05
867 4.41751e-05
868 4.62288e-05
869 4.83706e-05
870 5.06047e-05
871 5.2936e-05
872 5.53694e-05
873 5.79103e-05
874 6.05642e-05
875 6.33372e-05
876 6.62357e-05
877 6.92665e-05
878 7.2437e-05
879 7.57546e-05
880 7.92278e-05
881 8.2865e-05
882 8.66756e-05
883 9.06691e-05
884 9.48561e-05
885 9.92473e-05
886 0.000103854
887 0.000108689
888 0.000113765
889 0.000119096
890 0.000124695
891 0.000130578
892 0.000136761
893 0.00014326
894 0.000150093
895 0.000157278
896 0.000164835
897 0.000172783
898 0.000181145
899 0.000189941
900 0.000199196
901 0.000208933
902 0.000219177
903 0.000229956
904 0.000241295
905 0.000253224
906 0.000265773
907 0.000278971
908 0.000292852
909 0.000307447
910 0.000322793
911 0.000338923
912 0.000355875
913 0.000373687
914 0.000392399
915 0.00041205
916 0.000432683
917 0.00045434
918 0.000477066
919 0.000500907
920 0.000525909
921 0.000552121
922 0.000579591
923 0.000608371
924 0.000638511
925 0.000670066
926 0.000703089
927 0.000737635
928 0.00077376
929 0.000811523
930 0.000850981
931 0.000892194
932 0.000935222
933 0.000980128
934 0.00102697
935 0.00107582
936 0.00112673
937 0.00117977
938 0.00123501
939 0.00129251
940 0.00135234
941 0.00141456
942 0.00147925
943 0.00154646
944 0.00161627
945 0.00168875
946 0.00176395
947 0.00184196
948 0.00192283
949 0.00200664
950 0.00209345
951 0.00218333
952 0.00227634
953 0.00237255
954 0.00247202
955 0.00257482
956 0.002681
957 0.00279064
958 0.00290378
959 0.0030205
960 0.00314084
961 0.00326485
962 0.00339261
963 0.00352414
964 0.00365951
965 0.00379876
966 0.00394194
967 0.00408908
968 0.00424023
969 0.00439542
970 0.0045547
971 0.00471808
972 0.00488559
973 0.00505727
974 0.00523313
975 0.00541318
976 0.00559745
977 0.00578594
978 0.00597865
979 0.00617559
980 0.00637676
981 0.00658215
982 0.00679174
983 0.00700552
984 0.00722348
985 0.00744558
986 0.00767179
987 0.00790208
988 0.0081364
989 0.00837472
990 0.00861698
991 0.00886313
992 0.0091131
993 0.00936682
994 0.00962423
995 0.00988525
996 0.0101498
997 0.0104178
998 0.0106891
999 0.0109636
1000 0.0112413
1001 0.011522
1002 0.0118056
1003 0.012092
1004 0.0123811
1005 0.0126727
1006 0.0129666
1007 0.0132628
1008 0.0135611
1009 0.0138614
1010 0.0141634
1011 0.014467
1012 0.0147721
1013 0.0150784
1014 0.0153859
1015 0.0156942
1016 0.0160033
1017 0.0163129
1018 0.0166228
1019 0.0169329
1020 0.0172429
1021 0.0175527
1022 0.017862
1023 0.0181706
1024 0.0184782
1025 0.0187848
1026 0.01909
1027 0.0193936
1028 0.0196955
1029 0.0199954
1030 0.020293
1031 0.0205881
1032 0.0208806
1033 0.0211702
1034 0.0214566
1035 0.0217396
1036 0.022019
1037 0.0222946
1038 0.0225662
1039 0.0228335
1040 0.0230962
1041 0.0233543
1042 0.0236074
1043 0.0238554
1044 0.024098
1045 0.024335
1046 0.0245663
1047 0.0247916
1048 0.0250107
1049 0.0252234
1050 0.0254295
1051 0.0256289
1052 0.0258214
1053 0.0260068
1054 0.026185
1055 0.0263557
1056 0.0265188
1057 0.0266742
1058 0.0268217
1059 0.0269612
1060 0.0270926
1061 0.0272157
1062 0.0273305
1063 0.0274368
1064 0.0275345
1065 0.0276235
1066 0.0277038
1067 0.0277753
1068 0.0278379
1069 0.0278916
1070 0.0279362
1071 0.0279719
1072 0.0279985
1073 0.028016
1074 0.0280244
1075 0.0280237
1076 0.028014
1077 0.0279951
1078 0.0279672
1079 0.0279303
1080 0.0278843
1081 0.0278295
1082 0.0277657
1083 0.0276932
1084 0.0276118
1085 0.0275219
1086 0.0274233
1087 0.0273163
1088 0.0272009
1089 0.0270772
1090 0.0269454
1091 0.0268056
1092 0.0266579
1093 0.0265024
1094 0.0263394
1095 0.0261689
1096 0.0259912
1097 0.0258063
1098 0.0256145
1099 0.025416
1100 0.0252108
1101 0.0249993
1102 0.0247816
1103 0.0245578
1104 0.0243283
1105 0.0240931
1106 0.0238526
1107 0.0236069
1108 0.0233561
1109 0.0231007
1110 0.0228407
1111 0.0225763
1112 0.0223079
1113 0.0220356
1114 0.0217596
1115 0.0214802
1116 0.0211976
1117 0.020912
1118 0.0206236
1119 0.0203327
1120 0.0200395
1121 0.0197442
1122 0.019447
1123 0.0191481
1124 0.0188478
1125 0.0185463
1126 0.0182438
1127 0.0179405
1128 0.0176366
1129 0.0173323
1130 0.0170278
1131 0.0167233
1132 0.016419
1133 0.0161151
1134 0.0158118
1135 0.0155092
1136 0.0152076
1137 0.0149071
1138 0.0146079
1139 0.0143101
1140 0.0140139
1141 0.0137195
1142 0.013427
1143 0.0131366
1144 0.0128483
1145 0.0125624
1146 0.012279
1147 0.0119981
1148 0.0117199
1149 0.0114446
1150 0.0111721
1151 0.0109027
1152 0.0106364
1153 0.0103734
1154 0.0101136
1155 0.00985719
1156 0.00960426
1157 0.00935485
1158 0.00910904
1159 0.00886688
1160 0.00862844
1161 0.00839375
1162 0.00816286
1163 0.00793582
1164 0.00771266
1165 0.00749341
1166 0.00727809
1167 0.00706674
1168 0.00685936
1169 0.00665597
1170 0.00645658
1171 0.00626119
1172 0.0060698
1173 0.00588242
1174 0.00569903
1175 0.00551962
1176 0.00534418
1177 0.0051727
1178 0.00500515
1179 0.0048415
1180 0.00468175
1181 0.00452584
1182 0.00437376
1183 0.00422547
1184 0.00408093
1185 0.0039401
1186 0.00380294
1187 0.00366942
1188 0.00353947
1189 0.00341307
1190 0.00329015
1191 0.00317068
1192 0.00305459
1193 0.00294184
1194 0.00283237
1195 0.00272612
1196 0.00262305
1197 0.00252309
1198 0.00242619
1199 0.00233228
1200 0.00224132
1201 0.00215324
1202 0.00206798
1203 0.00198548
1204 0.00190568
1205 0.00182853
1206 0.00175396
1207 0.00168191
1208 0.00161232
1209 0.00154514
1210 0.0014803
1211 0.00141775
1212 0.00135742
1213 0.00129926
1214 0.00124321
1215 0.00118922
1216 0.00113722
1217 0.00108716
1218 0.00103898
1219 0.00099264
1220 0.000948075
1221 0.000905233
1222 0.000864064
1223 0.000824515
1224 0.000786536
1225 0.000750078
1226 0.000715093
1227 0.000681531
1228 0.000649347
1229 0.000618495
1230 0.00058893
1231 0.000560608
1232 0.000533485
1233 0.000507521
1234 0.000482675
1235 0.000458905
1236 0.000436175
1237 0.000414444
1238 0.000393677
1239 0.000373838
1240 0.000354891
1241 0.000336803
1242 0.00031954
1243 0.000303071
1244 0.000287364
1245 0.000272388
1246 0.000258116
1247 0.000244517
1248 0.000231566
1249 0.000219234
1250 0.000207497
1251 0.000196329
1252 0.000185706
1253 0.000175606
1254 0.000166005
1255 0.000156882
1256 0.000148215
1257 0.000139986
1258 0.000132174
1259 0.00012476
1260 0.000117727
1261 0.000111057
1262 0.000104734
1263 9.87413e-05
1264 9.30636e-05
1265 8.76862e-05
1266 8.25948e-05
1267 7.77757e-05
1268 7.3216e-05
1269 6.89031e-05
1270 6.48248e-05
1271 6.09697e-05
1272 5.73268e-05
1273 5.38855e-05
1274 5.06357e-05
1275 4.75676e-05
1276 4.46722e-05
1277 4.19405e-05
1278 3.93641e-05
1279 3.6935e-05
1280 3.46454e-05
1281 3.24882e-05
1282 3.04561e-05
1283 2.85427e-05
1284 2.67415e-05
1285 2.50466e-05
1286 2.34521e-05
1287 2.19526e-05
1288 2.05428e-05
1289 1.92179e-05
1290 1.79731e-05
1291 1.68039e-05
1292 1.57061e-05
1293 1.46757e-05
1294 1.37088e-05
1295 1.28018e-05
1296 1.19513e-05
1297 1.1154e-05
1298 1.04067e-05
1299 9.70669e-06
1300 9.05105e-06
1301 8.4372e-06
1302 7.86265e-06
1303 7.32506e-06
1304 6.8222e-06
1305 6.35198e-06
1306 5.91243e-06
1307 5.50166e-06
1308 5.11792e-06
1309 4.75954e-06
1310 4.42494e-06
1311 4.11265e-06
1312 3.82128e-06
1313 3.5495e-06
1314 3.29607e-06
1315 3.05984e-06
1316 2.83971e-06
1317 2.63463e-06
1318 2.44365e-06
1319 2.26584e-06
1320 2.10035e-06
1321 1.94638e-06
1322 1.80316e-06
1323 1.67e-06
1324 1.54621e-06
1325 1.43118e-06
1326 1.32432e-06
1327 1.22508e-06
1328 1.13294e-06
1329 1.04743e-06
1330 9.68087e-07
1331 8.94495e-07
1332 8.26256e-07
1333 7.63001e-07
1334 7.04382e-07
1335 6.50078e-07
1336 5.99786e-07
1337 5.53224e-07
1338 5.10129e-07
1339 4.70254e-07
1340 4.33371e-07
1341 3.99265e-07
1342 3.67736e-07
1343 3.38599e-07
1344 3.11681e-07
1345 2.86821e-07
1346 2.63867e-07
1347 2.4268e-07
1348 2.2313e-07
1349 2.05096e-07
1350 1.88466e-07
1351 1.73134e-07
1352 1.59004e-07
1353 1.45986e-07
1354 1.33995e-07
1355 1.22954e-07
1356 1.1279e-07
1357 1.03437e-07
1358 9.4833e-08
1359 8.69197e-08
1360 7.96441e-08
1361 7.29568e-08
1362 6.68121e-08
1363 6.11675e-08
1364 5.5984e-08
1365 5.12253e-08
1366 4.68578e-08
1367 4.28507e-08
1368 3.91751e-08
1369 3.58048e-08
1370 3.27152e-08
1371 2.98838e-08
1372 2.72898e-08
1373 2.49139e-08
1374 2.27386e-08
1375 2.07473e-08
1376 1.89252e-08
1377 1.72582e-08
1378 1.57337e-08
1379 1.43398e-08
1380 1.30658e-08
1381 1.19017e-08
1382 1.08382e-08
1383 9.86705e-09
1384 8.9804e-09
1385 8.17116e-09
1386 7.43277e-09
1387 6.75922e-09
1388 6.14501e-09
1389 5.58506e-09
1390 5.07473e-09
1391 4.60975e-09
1392 4.18621e-09
1393 3.80054e-09
1394 3.44944e-09
1395 3.12991e-09
1396 2.83919e-09
1397 2.57477e-09
1398 2.33432e-09
1399 2.11575e-09
1400 1.91711e-09
1401 1.73664e-09
1402 1.57272e-09
1403 1.42389e-09
1404 1.28878e-09
1405 1.16617e-09
1406 1.05493e-09
1407 9.5404e-10
1408 8.62561e-10
1409 7.79638e-10
1410 7.04493e-10
1411 6.36414e-10
1412 5.74756e-10
1413 5.18928e-10
1414 4.68394e-10
1415 4.22664e-10
1416 3.81294e-10
1417 3.43878e-10
1418 3.10048e-10
1419 2.79469e-10
1420 2.51836e-10
1421 2.26873e-10
1422 2.04328e-10
1423 1.83973e-10
1424 1.65599e-10
1425 1.4902e-10
1426 1.34063e-10
1427 1.20575e-10
1428 1.08413e-10
1429 9.74518e-11
1430 8.75743e-11
1431 7.86763e-11
1432 7.06629e-11
1433 6.34483e-11
1434 5.69545e-11
1435 5.11113e-11
1436 4.58549e-11
1437 4.11278e-11
1438 3.68779e-11
1439 3.3058e-11
1440 2.96257e-11
1441 2.65424e-11
1442 2.37735e-11
1443 2.12876e-11
1444 1.90564e-11
1445 1.70544e-11
1446 1.52585e-11
1447 1.3648e-11
1448 1.22042e-11
1449 1.09101e-11
1450 9.75053e-12
1451 8.71185e-12
1452 7.78169e-12
1453 6.94895e-12
1454 6.20363e-12
1455 5.53674e-12
1456 4.94019e-12
1457 4.40673e-12
1458 3.9298e-12
1459 3.50353e-12
1460 3.12266e-12
1461 2.78244e-12
1462 2.47861e-12
1463 2.20736e-12
1464 1.96527e-12
1465 1.74925e-12
1466 1.55656e-12
1467 1.38472e-12
1468 1.23152e-12
1469 1.09498e-12
1470 9.73311e-13
1471 8.64931e-13
1472 7.68412e-13
1473 6.82482e-13
1474 6.05999e-13
1475 5.37943e-13
1476 4.77402e-13
1477 4.23561e-13
1478 3.75693e-13
1479 3.33145e-13
1480 2.95338e-13
1481 2.61751e-13
1482 2.31922e-13
1483 2.05438e-13
1484 1.8193e-13
1485 1.61069e-13
1486 1.42563e-13
1487 1.26149e-13
1488 1.11596e-13
1489 9.86952e-14
1490 8.72629e-14
1491 7.71345e-14
1492 6.81637e-14
1493 6.02202e-14
1494 5.31885e-14
1495 4.69654e-14
1496 4.14595e-14
1497 3.65894e-14
1498 3.22829e-14
1499 2.84758e-14
1500 2.5111e-14
1501 2.2138e-14
1502 1.95119e-14
1503 1.71927e-14
1504 1.51453e-14
1505 1.33381e-14
1506 1.17435e-14
1507 1.03368e-14
1508 9.09623e-15
1509 8.00244e-15
1510 7.03832e-15
1511 6.18873e-15
1512 5.44026e-15
1513 4.78105e-15
1514 4.20062e-15
1515 3.68968e-15
1516 3.24004e-15
1517 2.84445e-15
1518 2.49649e-15
1519 2.19053e-15
1520 1.92156e-15
1521 1.68517e-15
1522 1.47747e-15
1523 1.29503e-15
1524 1.13482e-15
1525 9.94171e-16
1526 8.70723e-16
1527 7.62402e-16
1528 6.67381e-16
1529 5.84049e-16
1530 5.10988e-16
1531 4.46948e-16
1532 3.90832e-16
1533 3.41671e-16
1534 2.98615e-16
1535 2.60916e-16
1536 2.27916e-16
1537 1.99038e-16
1538 1.73773e-16
1539 1.51675e-16
1540 1.32353e-16
1541 1.15461e-16
1542 1.00699e-16
1543 8.78014e-17
1544 7.65355e-17
1545 6.66975e-17
1546 5.81089e-17
1547 5.0613e-17
1548 4.40725e-17
1549 3.83671e-17
1550 3.33916e-17
1551 2.90536e-17
1552 2.52727e-17
1553 2.1978e-17
1554 1.91078e-17
1555 1.66081e-17
1556 1.44317e-17
1557 1.25372e-17
1558 1.08885e-17
1559 9.45424e-18
1560 8.20674e-18
1561 7.12199e-18
1562 6.17902e-18
1563 5.35951e-18
1564 4.64748e-18
1565 4.029e-18
1566 3.49193e-18
1567 3.02566e-18
1568 2.62098e-18
1569 2.26983e-18
1570 1.96522e-18
1571 1.70106e-18
1572 1.47202e-18
1573 1.27349e-18
1574 1.10146e-18
1575 9.52416e-19
1576 8.2333e-19
1577 7.11558e-19
1578 6.14802e-19
1579 5.31066e-19
1580 4.58617e-19
1581 3.95951e-19
1582 3.4176e-19
1583 2.9491e-19
1584 2.54417e-19
1585 2.19429e-19
1586 1.89203e-19
1587 1.631e-19
1588 1.40561e-19
1589 1.21107e-19
1590 1.04318e-19
1591 8.98342e-20
1592 7.73414e-20
1593 6.65689e-20
1594 5.72823e-20
1595 4.92786e-20
1596 4.23824e-20
1597 3.64419e-20
1598 3.13262e-20
1599 2.69217e-20
1600 2.31306e-20
1601 1.98682e-20
1602 1.70617e-20
1603 1.46478e-20
1604 1.25723e-20
1605 1.07881e-20
1606 9.25471e-21
1607 7.93727e-21
1608 6.80563e-21
1609 5.83384e-21
1610 4.99953e-21
1611 4.28345e-21
1612 3.66899e-21
1613 3.14187e-21
1614 2.68979e-21
1615 2.30217e-21
1616 1.96991e-21
1617 1.68517e-21
1618 1.44121e-21
1619 1.23226e-21
1620 1.05333e-21
1621 9.00155e-22
1622 7.69055e-22
1623 6.5688e-22
1624 5.60923e-22
1625 4.78861e-22
1626 4.08699e-22
1627 3.48728e-22
1628 2.9748e-22
1629 2.53698e-22
1630 2.16305e-22
1631 1.84375e-22
1632 1.57119e-22
1633 1.33857e-22
1634 1.14011e-22
1635 9.70815e-23
1636 8.26449e-23
1637 7.03371e-23
1638 5.98469e-23
1639 5.09082e-23
1640 4.32934e-23
1641 3.68083e-23
1642 3.12865e-23
1643 2.65864e-23
1644 2.25865e-23
1645 1.91835e-23
1646 1.62891e-23
1647 1.38278e-23
1648 1.17355e-23
1649 9.95717e-24
1650 8.4462e-24
1651 7.16269e-24
1652 6.07267e-24
1653 5.14723e-24
1654 4.36171e-24
1655 3.69514e-24
1656 3.12963e-24
1657 2.65e-24
1658 2.24331e-24
1659 1.89855e-24
1660 1.60637e-24
1661 1.35881e-24
1662 1.14911e-24
1663 9.71528e-25
1664 8.21182e-25
1665 6.93927e-25
1666 5.86245e-25
1667 4.95148e-25
1668 4.18101e-25
1669 3.52954e-25
1670 2.97884e-25
1671 2.51342e-25
1672 2.12019e-25
1673 1.78803e-25
1674 1.50753e-25
1675 1.27072e-25
1676 1.07083e-25
1677 9.02164e-26
1678 7.59872e-26
1679 6.39863e-26
1680 5.38671e-26
1681 4.53369e-26
1682 3.81479e-26
1683 3.20908e-26
1684 2.69887e-26
1685 2.2692e-26
1686 1.90746e-26
1687 1.60298e-26
1688 1.34677e-26
1689 1.13122e-26
1690 9.49936e-27
1691 7.97501e-27
1692 6.69358e-27
1693 5.61663e-27
1694 4.71177e-27
1695 3.95169e-27
1696 3.31339e-27
1697 2.77748e-27
1698 2.32767e-27
1699 1.95021e-27
1700 1.63355e-27
1701 1.36796e-27
1702 1.14525e-27
1703 9.58567e-28
1704 8.02108e-28
1705 6.71016e-28
1706 5.61206e-28
1707 4.69247e-28
1708 3.92257e-28
1709 3.27816e-28
1710 2.73891e-28
1711 2.28779e-28
1712 1.91048e-28
1713 1.595e-28
1714 1.33127e-28
1715 1.11087e-28
1716 9.26716e-29
1717 7.72895e-29
1718 6.44442e-29
1719 5.37201e-29
1720 4.47691e-29
1721 3.73001e-29
1722 3.10692e-29
1723 2.58726e-29
1724 2.15396e-29
1725 1.79278e-29
1726 1.49178e-29
1727 1.241e-29
1728 1.03211e-29
1729 8.58168e-30
1730 7.13358e-30
1731 5.92832e-30
1732 4.92544e-30
1733 4.09118e-30
1734 3.39736e-30
1735 2.82049e-30
1736 2.34098e-30
1737 1.94249e-30
1738 1.61143e-30
1739 1.33645e-30
1740 1.10812e-30
1741 9.18559e-31
1742 7.61236e-31
1743 6.30698e-31
1744 5.22413e-31
1745 4.3261e-31
1746 3.58154e-31
1747 2.96438e-31
1748 2.45295e-31
1749 2.02924e-31
1750 1.6783e-31
1751 1.3877e-31
1752 1.14713e-31
1753 9.48027e-32
1754 7.83285e-32
1755 6.47008e-32
1756 5.34307e-32
1757 4.41126e-32
1758 3.64104e-32
1759 3.00455e-32
1760 2.4787e-32
1761 2.04438e-32
1762 1.68573e-32
1763 1.38965e-32
1764 1.14529e-32
1765 9.43662e-33
1766 7.77335e-33
1767 6.40164e-33
1768 5.27066e-33
1769 4.3384e-33
1770 3.57014e-33
1771 2.93719e-33
1772 2.41585e-33
1773 1.98654e-33
1774 1.63312e-33
1775 1.34223e-33
1776 1.10288e-33
1777 9.05978e-34
1778 7.44044e-34
1779 6.109e-34
1780 5.01455e-34
1781 4.11513e-34
1782 3.37618e-34
1783 2.76921e-34
1784 2.27079e-34
1785 1.86161e-34
1786 1.52577e-34
1787 1.2502e-34
1788 1.02414e-34
1789 8.38738e-35
1790 6.86727e-35
1791 5.62122e-35
1792 4.60008e-35
1793 3.76348e-35
1794 3.07823e-35
1795 2.51711e-35
1796 2.05775e-35
1797 1.68178e-35
1798 1.37415e-35
1799 1.12251e-35
1800 9.16707e-36
1801 7.48446e-36
1802 6.10911e-36
1803 4.9852e-36
1804 4.06701e-36
1805 3.31708e-36
1806 2.70473e-36
1807 2.20485e-36
1808 1.79689e-36
1809 1.46404e-36
1810 1.19253e-36
1811 9.71122e-37
1812 7.90616e-37
1813 6.43495e-37
1814 5.23614e-37
1815 4.25957e-37
1816 3.46423e-37
1817 2.81666e-37
1818 2.28955e-37
1819 1.8606e-37
1820 1.51162e-37
1821 1.22778e-37
1822 9.96981e-38
1823 8.09356e-38
1824 6.56871e-38
1825 5.32976e-38
1826 4.32338e-38
1827 3.50612e-38
1828 2.84261e-38
1829 2.30408e-38
1830 1.86708e-38
1831 1.51258e-38
1832 1.22507e-38
1833 9.91957e-39
1834 8.02994e-39
1835 6.49861e-39
1836 5.25795e-39
1837 4.25306e-39
1838 3.43933e-39
1839 2.78059e-39
1840 2.24743e-39
1841 1.81604e-39
1842 1.46708e-39
1843 1.18487e-39
1844 9.56703e-40
1845 7.72274e-40
1846 6.2324e-40
1847 5.02838e-40
1848 4.05592e-40
1849 3.2707e-40
1850 2.63682e-40
1851 2.12524e-40
1852 1.71248e-40
1853 1.37953e-40
1854 1.11104e-40
1855 8.94566e-41
1856 7.20088e-41
1857 5.79492e-41
1858 4.66227e-41
1859 3.75004e-41
1860 3.01553e-41
1861 2.42426e-41
1862 1.94842e-41
1863 1.56558e-41
1864 1.25764e-41
1865 1.01e-41
1866 8.10921e-42
1867 6.50911e-42
1868 5.22338e-42
1869 4.19053e-42
1870 3.36104e-42
1871 2.69503e-42
1872 2.16044e-42
1873 1.73143e-42
1874 1.38725e-42
1875 1.11119e-42
1876 8.89838e-43
1877 7.12389e-43
1878 5.70176e-43
1879 4.56231e-43
1880 3.64961e-43
1881 2.91871e-43
1882 2.33357e-43
1883 1.86524e-43
1884 1.4905e-43
1885 1.19072e-43
1886 9.50986e-44
1887 7.59312e-44
1888 6.06107e-44
1889 4.83682e-44
1890 3.85881e-44
1891 3.07771e-44
1892 2.45406e-44
1893 1.95624e-44
1894 1.55899e-44
1895 1.24206e-44
1896 9.8929e-45
1897 7.87745e-45
1898 6.27087e-45
1899 4.99057e-45
1900 3.97057e-45
1901 3.15817e-45
1902 2.51129e-45
1903 1.99636e-45
1904 1.58657e-45
1905 1.26055e-45
1906 1.00125e-45
1907 7.95061e-46
1908 6.3116e-46
1909 5.00907e-46
1910 3.97423e-46
1911 3.15231e-46
1912 2.49968e-46
1913 1.98161e-46
1914 1.57047e-46
1915 1.24429e-46
1916 9.85579e-47
1917 7.80442e-47
1918 6.1783e-47
1919 4.88964e-47
1920 3.86868e-47
1921 3.06005e-47
1922 2.41977e-47
1923 1.91292e-47
1924 1.51182e-47
1925 1.19449e-47
1926 9.43511e-48
1927 7.45056e-48
1928 5.88181e-48
1929 4.64208e-48
1930 3.66264e-48
1931 2.88906e-48
1932 2.27823e-48
1933 1.79606e-48
1934 1.41554e-48
1935 1.11534e-48
1936 8.78557e-49
1937 6.91853e-49
1938 5.44677e-49
1939 4.28692e-49
1940 3.37312e-49
1941 2.65338e-49
1942 2.08664e-49
1943 1.64051e-49
1944 1.2894e-49
1945 1.01317e-49
1946 7.95891e-50
1947 6.2504e-50
1948 4.90731e-50
1949 3.85176e-50
1950 3.02244e-50
1951 2.37102e-50
1952 1.85949e-50
1953 1.45792e-50
1954 1.14276e-50
1955 8.9548e-51
1956 7.01515e-51
1957 5.49412e-51
1958 4.30169e-51
1959 3.36713e-51
1960 2.63488e-51
1961 2.06129e-51
1962 1.61212e-51
1963 1.26047e-51
1964 9.85255e-52
1965 7.69912e-52
1966 6.01465e-52
1967 4.6974e-52
1968 3.66759e-52
1969 2.86272e-52
1970 2.23385e-52
1971 1.74262e-52
1972 1.35903e-52
1973 1.05956e-52
1974 8.25842e-53
1975 6.43489e-53
1976 5.01253e-53
1977 3.90341e-53
1978 3.0388e-53
1979 2.365e-53
1980 1.84004e-53
1981 1.43118e-53
1982 1.11283e-53
1983 8.65025e-54
1984 6.72196e-54
1985 5.2219e-54
1986 4.05533e-54
1987 3.14838e-54
1988 2.44349e-54
1989 1.89582e-54
1990 1.47043e-54
1991 1.14013e-54
1992 8.83732e-55
1993 6.84772e-55
1994 5.30432e-55
1995 4.10743e-55
1996 3.17955e-55
1997 2.46046e-55
1998 1.90336e-55
1999 1.4719e-55
2000 1.13786e-55
2001 8.79327e-56
2002 6.793e-56
2003 5.24592e-56
2004 4.04977e-56
2005 3.12526e-56
2006 2.41095e-56
2007 1.85925e-56
2008 1.43327e-56
2009 1.1045e-56
2010 8.50833e-57
2011 6.55187e-57
2012 5.04345e-57
2013 3.88089e-57
2014 2.9852e-57
2015 2.29539e-57
2016 1.76432e-57
2017 1.35561e-57
2018 1.0412e-57
2019 7.9941e-58
2020 6.13543e-58
2021 4.70716e-58
2022 3.61006e-58
2023 2.76766e-58
2024 2.12107e-58
2025 1.62498e-58
2026 1.2445e-58
2027 9.52804e-59
2028 7.2926e-59
2029 5.58014e-59
2030 4.26882e-59
2031 3.26508e-59
2032 2.49707e-59
2033 1.90968e-59
2034 1.46062e-59
2035 1.11746e-59
2036 8.55347e-60
2037 6.55248e-60
2038 5.02587e-60
2039 3.86211e-60
2040 2.97596e-60
2041 2.30232e-60
2042 1.79159e-60
2043 1.40605e-60
2044 1.11716e-60
2045 9.03487e-61
2046 7.49144e-61
2047 6.42615e-61
