0 3.39666e-67
1 3.3548e-67
2 3.48142e-67
3 3.78837e-67
4 4.30487e-67
5 5.08016e-67
6 6.18808e-67
7 7.73394e-67
8 9.86427e-67
9 1.27804e-66
10 1.67569e-66
11 2.21672e-66
12 2.95173e-66
13 3.94926e-66
14 5.30201e-66
15 7.13528e-66
16 9.6183e-66
17 1.29795e-65
18 1.75273e-65
19 2.36773e-65
20 3.199e-65
21 4.32203e-65
22 5.83851e-65
23 7.88529e-65
24 1.06465e-64
25 1.43697e-64
26 1.93876e-64
27 2.61474e-64
28 3.52492e-64
29 4.74986e-64
30 6.39765e-64
31 8.61318e-64
32 1.15906e-63
33 1.55902e-63
34 2.09601e-63
35 2.81664e-63
36 3.78326e-63
37 5.07921e-63
38 6.81586e-63
39 9.14199e-63
40 1.22562e-62
41 1.64234e-62
42 2.19971e-62
43 2.94483e-62
44 3.94048e-62
45 5.27026e-62
46 7.04543e-62
47 9.41404e-62
48 1.2573e-61
49 1.67839e-61
50 2.23944e-61
51 2.98661e-61
52 3.98116e-61
53 5.30437e-61
54 7.06399e-61
55 9.40283e-61
56 1.251e-60
57 1.66361e-60
58 2.21124e-60
59 2.93773e-60
60 3.90102e-60
61 5.17771e-60
62 6.86891e-60
63 9.10814e-60
64 1.20715e-59
65 1.59914e-59
66 2.1174e-59
67 2.80226e-59
68 3.70686e-59
69 4.90112e-59
70 6.47701e-59
71 8.55548e-59
72 1.12955e-58
73 1.49059e-58
74 1.96607e-58
75 2.59199e-58
76 3.41552e-58
77 4.49854e-58
78 5.92211e-58
79 7.79242e-58
80 1.02485e-57
81 1.34721e-57
82 1.77012e-57
83 2.32467e-57
84 3.05148e-57
85 4.0036e-57
86 5.25026e-57
87 6.8818e-57
88 9.01601e-57
89 1.18064e-56
90 1.54529e-56
91 2.02161e-56
92 2.64346e-56
93 3.45494e-56
94 4.51336e-56
95 5.89319e-56
96 7.69118e-56
97 1.00329e-55
98 1.30814e-55
99 1.70479e-55
100 2.22066e-55
101 2.89125e-55
102 3.76254e-55
103 4.89407e-55
104 6.36287e-55
105 8.26854e-55
106 1.07398e-54
107 1.39432e-54
108 1.80934e-54
109 2.34678e-54
110 3.04243e-54
111 3.94243e-54
112 5.10625e-54
113 6.61055e-54
114 8.554e-54
115 1.10636e-53
116 1.43029e-53
117 1.8482e-53
118 2.3871e-53
119 3.08172e-53
120 3.97662e-53
121 5.12903e-53
122 6.61237e-53
123 8.5208e-53
124 1.0975e-52
125 1.41297e-52
126 1.8183e-52
127 2.33883e-52
128 3.00704e-52
129 3.86443e-52
130 4.96406e-52
131 6.37376e-52
132 8.18018e-52
133 1.0494e-51
134 1.34563e-51
135 1.72473e-51
136 2.20968e-51
137 2.82977e-51
138 3.62232e-51
139 4.63486e-51
140 5.92793e-51
141 7.57855e-51
142 9.68474e-51
143 1.23711e-50
144 1.57962e-50
145 2.01612e-50
146 2.57219e-50
147 3.28031e-50
148 4.1817e-50
149 5.32867e-50
150 6.78756e-50
151 8.64248e-50
152 1.10001e-49
153 1.39954e-49
154 1.77996e-49
155 2.26294e-49
156 2.87589e-49
157 3.65352e-49
158 4.63972e-49
159 5.89001e-49
160 7.47455e-49
161 9.482e-49
162 1.20244e-48
163 1.52432e-48
164 1.93171e-48
165 2.44715e-48
166 3.0991e-48
167 3.92344e-48
168 4.96543e-48
169 6.28215e-48
170 7.94552e-48
171 1.00462e-47
172 1.26983e-47
173 1.60457e-47
174 2.02695e-47
175 2.55975e-47
176 3.23167e-47
177 4.07879e-47
178 5.14651e-47
179 6.49192e-47
180 8.1868e-47
181 1.03214e-46
182 1.3009e-46
183 1.63922e-46
184 2.06499e-46
185 2.60069e-46
186 3.27452e-46
187 4.12191e-46
188 5.18731e-46
189 6.52651e-46
190 8.20948e-46
191 1.0324e-45
192 1.298e-45
193 1.63156e-45
194 2.05037e-45
195 2.5761e-45
196 3.2359e-45
197 4.06377e-45
198 5.10231e-45
199 6.40486e-45
200 8.03815e-45
201 1.00858e-44
202 1.26522e-44
203 1.58683e-44
204 1.98976e-44
205 2.49446e-44
206 3.1265e-44
207 3.91784e-44
208 4.90843e-44
209 6.14813e-44
210 7.69928e-44
211 9.63968e-44
212 1.20665e-43
213 1.51009e-43
214 1.88942e-43
215 2.36351e-43
216 2.9559e-43
217 3.69593e-43
218 4.62018e-43
219 5.77424e-43
220 7.21488e-43
221 9.01285e-43
222 1.12562e-42
223 1.40546e-42
224 1.75445e-42
225 2.18955e-42
226 2.73189e-42
227 3.40771e-42
228 4.24963e-42
229 5.29822e-42
230 6.60382e-42
231 8.22901e-42
232 1.02514e-41
233 1.27675e-41
234 1.58968e-41
235 1.97876e-41
236 2.46239e-41
237 3.06337e-41
238 3.80995e-41
239 4.73713e-41
240 5.88824e-41
241 7.31694e-41
242 9.08961e-41
243 1.12884e-40
244 1.40149e-40
245 1.73947e-40
246 2.15829e-40
247 2.67714e-40
248 3.3197e-40
249 4.11521e-40
250 5.09974e-40
251 6.31784e-40
252 7.82441e-40
253 9.68717e-40
254 1.19896e-39
255 1.48344e-39
256 1.83485e-39
257 2.26876e-39
258 2.80438e-39
259 3.46533e-39
260 4.28066e-39
261 5.28612e-39
262 6.52563e-39
263 8.05316e-39
264 9.93504e-39
265 1.22527e-38
266 1.51062e-38
267 1.86181e-38
268 2.29392e-38
269 2.8254e-38
270 3.4789e-38
271 4.2822e-38
272 5.2693e-38
273 6.48189e-38
274 7.97103e-38
275 9.7992e-38
276 1.20429e-37
277 1.47958e-37
278 1.81725e-37
279 2.23129e-37
280 2.73884e-37
281 3.36083e-37
282 4.12285e-37
283 5.05617e-37
284 6.19895e-37
285 7.59783e-37
286 9.30972e-37
287 1.14041e-36
288 1.39657e-36
289 1.7098e-36
290 2.09271e-36
291 2.56067e-36
292 3.13244e-36
293 3.83086e-36
294 4.68378e-36
295 5.72511e-36
296 6.99617e-36
297 8.54726e-36
298 1.04396e-35
299 1.27478e-35
300 1.55625e-35
301 1.89941e-35
302 2.31768e-35
303 2.82738e-35
304 3.44838e-35
305 4.20478e-35
306 5.12593e-35
307 6.24744e-35
308 7.6126e-35
309 9.27399e-35
310 1.12954e-34
311 1.37544e-34
312 1.6745e-34
313 2.03814e-34
314 2.4802e-34
315 3.01748e-34
316 3.67035e-34
317 4.4635e-34
318 5.42687e-34
319 6.59671e-34
320 8.01698e-34
321 9.7409e-34
322 1.18329e-33
323 1.43711e-33
324 1.74497e-33
325 2.11832e-33
326 2.57097e-33
327 3.11964e-33
328 3.78454e-33
329 4.59009e-33
330 5.56582e-33
331 6.74738e-33
332 8.17782e-33
333 9.90916e-33
334 1.20041e-32
335 1.45385e-32
336 1.76035e-32
337 2.13094e-32
338 2.57889e-32
339 3.12021e-32
340 3.77418e-32
341 4.56402e-32
342 5.51769e-32
343 6.66884e-32
344 8.05797e-32
345 9.73379e-32
346 1.17549e-31
347 1.41916e-31
348 1.71286e-31
349 2.06676e-31
350 2.49305e-31
351 3.00639e-31
352 3.62436e-31
353 4.36805e-31
354 5.26277e-31
355 6.33885e-31
356 7.63262e-31
357 9.18763e-31
358 1.1056e-30
359 1.33003e-30
360 1.5995e-30
361 1.92298e-30
362 2.31114e-30
363 2.77677e-30
364 3.33516e-30
365 4.00456e-30
366 4.80677e-30
367 5.76784e-30
368 6.91886e-30
369 8.2969e-30
370 9.94622e-30
371 1.19196e-29
372 1.42799e-29
373 1.71021e-29
374 2.04756e-29
375 2.45067e-29
376 2.93222e-29
377 3.50727e-29
378 4.19379e-29
379 5.01312e-29
380 5.99066e-29
381 7.15661e-29
382 8.54685e-29
383 1.02041e-28
384 1.21789e-28
385 1.45316e-28
386 1.73337e-28
387 2.06699e-28
388 2.46412e-28
389 2.93669e-28
390 3.4989e-28
391 4.16757e-28
392 4.96263e-28
393 5.90775e-28
394 7.03095e-28
395 8.36545e-28
396 9.95059e-28
397 1.1833e-27
398 1.40679e-27
399 1.67206e-27
400 1.98685e-27
401 2.36032e-27
402 2.8033e-27
403 3.32862e-27
404 3.95143e-27
405 4.68966e-27
406 5.56451e-27
407 6.60105e-27
408 7.82889e-27
409 9.28302e-27
410 1.10048e-26
411 1.3043e-26
412 1.54553e-26
413 1.83098e-26
414 2.16868e-26
415 2.56812e-26
416 3.04047e-26
417 3.59894e-26
418 4.25908e-26
419 5.03925e-26
420 5.96105e-26
421 7.04999e-26
422 8.33607e-26
423 9.85467e-26
424 1.16474e-25
425 1.37634e-25
426 1.62602e-25
427 1.92057e-25
428 2.26799e-25
429 2.67766e-25
430 3.16062e-25
431 3.72985e-25
432 4.40059e-25
433 5.19074e-25
434 6.12133e-25
435 7.21703e-25
436 8.5068e-25
437 1.00246e-24
438 1.18103e-24
439 1.39106e-24
440 1.63801e-24
441 1.92831e-24
442 2.26945e-24
443 2.67023e-24
444 3.14093e-24
445 3.69357e-24
446 4.34223e-24
447 5.10335e-24
448 5.99615e-24
449 7.04306e-24
450 8.27029e-24
451 9.70843e-24
452 1.13932e-23
453 1.33661e-23
454 1.56757e-23
455 1.83787e-23
456 2.15407e-23
457 2.52386e-23
458 2.95616e-23
459 3.46135e-23
460 4.05153e-23
461 4.74073e-23
462 5.54528e-23
463 6.48416e-23
464 7.57938e-23
465 8.85651e-23
466 1.03452e-22
467 1.208e-22
468 1.41006e-22
469 1.64535e-22
470 1.91922e-22
471 2.23788e-22
472 2.60852e-22
473 3.03947e-22
474 3.54037e-22
475 4.12235e-22
476 4.79829e-22
477 5.58311e-22
478 6.49401e-22
479 7.55088e-22
480 8.7767e-22
481 1.0198e-21
482 1.18454e-21
483 1.37542e-21
484 1.59651e-21
485 1.85253e-21
486 2.14889e-21
487 2.49184e-21
488 2.88858e-21
489 3.34742e-21
490 3.87791e-21
491 4.49107e-21
492 5.19957e-21
493 6.01802e-21
494 6.96323e-21
495 8.05453e-21
496 9.31417e-21
497 1.07677e-20
498 1.24447e-20
499 1.4379e-20
500 1.66094e-20
501 1.91808e-20
502 2.21446e-20
503 2.55599e-20
504 2.94948e-20
505 3.40273e-20
506 3.92471e-20
507 4.52573e-20
508 5.21761e-20
509 6.01396e-20
510 6.93036e-20
511 7.98473e-20
512 9.19763e-20
513 1.05926e-19
514 1.21968e-19
515 1.40412e-19
516 1.61615e-19
517 1.85985e-19
518 2.1399e-19
519 2.46167e-19
520 2.83132e-19
521 3.2559e-19
522 3.74348e-19
523 4.30332e-19
524 4.94603e-19
525 5.68373e-19
526 6.53031e-19
527 7.50167e-19
528 8.61598e-19
529 9.89404e-19
530 1.13596e-18
531 1.30399e-18
532 1.49659e-18
533 1.71732e-18
534 1.97022e-18
535 2.25991e-18
536 2.59168e-18
537 2.97154e-18
538 3.40635e-18
539 3.90393e-18
540 4.4732e-18
541 5.12431e-18
542 5.8688e-18
543 6.71984e-18
544 7.69236e-18
545 8.80337e-18
546 1.00722e-17
547 1.15208e-17
548 1.3174e-17
549 1.50602e-17
550 1.72114e-17
551 1.96639e-17
552 2.2459e-17
553 2.56432e-17
554 2.92694e-17
555 3.33973e-17
556 3.80943e-17
557 4.34368e-17
558 4.95109e-17
559 5.6414e-17
560 6.42556e-17
561 7.31596e-17
562 8.32654e-17
563 9.473e-17
564 1.0773e-16
565 1.22465e-16
566 1.39157e-16
567 1.58059e-16
568 1.79453e-16
569 2.03654e-16
570 2.31019e-16
571 2.61946e-16
572 2.96882e-16
573 3.36326e-16
574 3.80838e-16
575 4.31044e-16
576 4.87645e-16
577 5.51423e-16
578 6.23253e-16
579 7.0411e-16
580 7.95083e-16
581 8.97388e-16
582 1.01238e-15
583 1.14156e-15
584 1.28662e-15
585 1.44943e-15
586 1.63207e-15
587 1.83686e-15
588 2.06637e-15
589 2.32347e-15
590 2.61135e-15
591 2.93353e-15
592 3.29396e-15
593 3.69698e-15
594 4.14745e-15
595 4.65073e-15
596 5.21279e-15
597 5.84024e-15
598 6.54041e-15
599 7.32145e-15
600 8.19238e-15
601 9.1632e-15
602 1.0245e-14
603 1.14501e-14
604 1.27921e-14
605 1.42862e-14
606 1.59491e-14
607 1.77994e-14
608 1.98578e-14
609 2.21471e-14
610 2.46927e-14
611 2.75228e-14
612 3.06687e-14
613 3.4165e-14
614 3.80503e-14
615 4.23674e-14
616 4.71638e-14
617 5.24922e-14
618 5.84114e-14
619 6.49865e-14
620 7.22902e-14
621 8.04029e-14
622 8.94145e-14
623 9.94246e-14
624 1.10544e-13
625 1.22897e-13
626 1.36621e-13
627 1.51869e-13
628 1.68812e-13
629 1.8764e-13
630 2.08564e-13
631 2.31821e-13
632 2.57672e-13
633 2.86412e-13
634 3.18365e-13
635 3.53896e-13
636 3.93408e-13
637 4.37353e-13
638 4.86233e-13
639 5.40607e-13
640 6.01098e-13
641 6.68397e-13
642 7.43277e-13
643 8.26595e-13
644 9.19306e-13
645 1.02247e-12
646 1.13726e-12
647 1.265e-12
648 1.40713e-12
649 1.56527e-12
650 1.74121e-12
651 1.93693e-12
652 2.15464e-12
653 2.39677e-12
654 2.66601e-12
655 2.96535e-12
656 3.29809e-12
657 3.66786e-12
658 4.07869e-12
659 4.535e-12
660 5.0417e-12
661 5.60414e-12
662 6.22827e-12
663 6.92058e-12
664 7.68824e-12
665 8.53908e-12
666 9.48173e-12
667 1.05256e-11
668 1.16811e-11
669 1.29594e-11
670 1.43728e-11
671 1.5935e-11
672 1.76604e-11
673 1.95652e-11
674 2.16667e-11
675 2.39838e-11
676 2.6537e-11
677 2.93485e-11
678 3.24426e-11
679 3.58452e-11
680 3.95845e-11
681 4.36909e-11
682 4.81971e-11
683 5.31385e-11
684 5.85528e-11
685 6.44808e-11
686 7.0966e-11
687 7.80552e-11
688 8.57982e-11
689 9.42482e-11
690 1.03462e-10
691 1.13499e-10
692 1.24425e-10
693 1.36307e-10
694 1.49216e-10
695 1.63229e-10
696 1.78425e-10
697 1.94889e-10
698 2.12708e-10
699 2.31976e-10
700 2.52788e-10
701 2.75245e-10
702 2.99453e-10
703 3.25518e-10
704 3.53554e-10
705 3.83676e-10
706 4.16001e-10
707 4.50652e-10
708 4.87752e-10
709 5.27425e-10
710 5.69799e-10
711 6.15e-10
712 6.63155e-10
713 7.14389e-10
714 7.68825e-10
715 8.26585e-10
716 8.87783e-10
717 9.52531e-10
718 1.02093e-09
719 1.09308e-09
720 1.16906e-09
721 1.24894e-09
722 1.33279e-09
723 1.42064e-09
724 1.51253e-09
725 1.60845e-09
726 1.70838e-09
727 1.81229e-09
728 1.92011e-09
729 2.03173e-09
730 2.14702e-09
731 2.26581e-09
732 2.3879e-09
733 2.51304e-09
734 2.64094e-09
735 2.77127e-09
736 2.90365e-09
737 3.03765e-09
738 3.17279e-09
739 3.30854e-09
740 3.44433e-09
741 3.57952e-09
742 3.71344e-09
743 3.84534e-09
744 3.97446e-09
745 4.09998e-09
746 4.22105e-09
747 4.3368e-09
748 4.4463e-09
749 4.54866e-09
750 4.64296e-09
751 4.72832e-09
752 4.80386e-09
753 4.86879e-09
754 4.92239e-09
755 4.96403e-09
756 4.99324e-09
757 5.00971e-09
758 5.01336e-09
759 5.00435e-09
760 4.98317e-09
761 4.95068e-09
762 4.90816e-09
763 4.85741e-09
764 4.80083e-09
765 4.74147e-09
766 4.68318e-09
767 4.63066e-09
768 4.58964e-09
769 4.56698e-09
770 4.57079e-09
771 4.61062e-09
772 4.69761e-09
773 4.84471e-09
774 5.06679e-09
775 5.38098e-09
776 5.80678e-09
777 6.36642e-09
778 7.08505e-09
779 7.99107e-09
780 9.11645e-09
781 1.04971e-08
782 1.2173e-08
783 1.41891e-08
784 1.6595e-08
785 1.94463e-08
786 2.28041e-08
787 2.67362e-08
788 3.13175e-08
789 3.66301e-08
790 4.27647e-08
791 4.98206e-08
792 5.79065e-08
793 6.71414e-08
794 7.76552e-08
795 8.95895e-08
796 1.03098e-07
797 1.1835e-07
798 1.35525e-07
799 1.54822e-07
800 1.76454e-07
801 2.00652e-07
802 2.27665e-07
803 2.57762e-07
804 2.91234e-07
805 3.28393e-07
806 3.69573e-07
807 4.15136e-07
808 4.65468e-07
809 5.20984e-07
810 5.82126e-07
811 6.4937e-07
812 7.23224e-07
813 8.04228e-07
814 8.9296e-07
815 9.90037e-07
816 1.09611e-06
817 1.21189e-06
818 1.3381e-06
819 1.47554e-06
820 1.62505e-06
821 1.78751e-06
822 1.96386e-06
823 2.15509e-06
824 2.36227e-06
825 2.58651e-06
826 2.82898e-06
827 3.09094e-06
828 3.37369e-06
829 3.67862e-06
830 4.0072e-06
831 4.36096e-06
832 4.74153e-06
833 5.15062e-06
834 5.59002e-06
835 6.06163e-06
836 6.56743e-06
837 7.1095e-06
838 7.69005e-06
839 8.31137e-06
840 8.97587e-06
841 9.6861e-06
842 1.04447e-05
843 1.12545e-05
844 1.21183e-05
845 1.30392e-05
846 1.40205e-05
847 1.50655e-05
848 1.61776e-05
849 1.73606e-05
850 1.86183e-05
851 1.99546e-05
852 2.13738e-05
853 2.28804e-05
854 2.44787e-05
855 2.61737e-05
856 2.79703e-05
857 2.98738e-05
858 3.18897e-05
859 3.40235e-05
860 3.62813e-05
861 3.86694e-05
862 4.11941e-05
863 4.38623e-05
864 4.6681e-05
865 4.96576e-05
866 5.27999e-05
867 5.61158e-05
868 5.96137e-05
869 6.33025e-05
870 6.71912e-05
871 7.12894e-05
872 7.5607e-05
873 8.01543e-05
874 8.49422e-05
875 8.9982e-05
876 9.52853e-05
877 0.000100865
878 0.000106732
879 0.000112902
880 0.000119388
881 0.000126204
882 0.000133365
883 0.000140887
884 0.000148787
885 0.000157081
886 0.000165787
887 0.000174924
888 0.000184511
889 0.000194567
890 0.000205114
891 0.000216172
892 0.000227765
893 0.000239916
894 0.000252649
895 0.000265989
896 0.000279963
897 0.000294596
898 0.000309918
899 0.000325958
900 0.000342745
901 0.000360311
902 0.000378689
903 0.000397912
904 0.000418014
905 0.000439031
906 0.000461001
907 0.000483962
908 0.000507952
909 0.000533014
910 0.000559189
911 0.00058652
912 0.000615053
913 0.000644832
914 0.000675905
915 0.000708321
916 0.000742129
917 0.000777381
918 0.00081413
919 0.000852428
920 0.000892332
921 0.000933898
922 0.000977183
923 0.00102225
924 0.00106915
925 0.00111795
926 0.00116872
927 0.00122151
928 0.0012764
929 0.00133344
930 0.0013927
931 0.00145426
932 0.00151819
933 0.00158454
934 0.00165339
935 0.00172482
936 0.00179889
937 0.00187568
938 0.00195526
939 0.00203771
940 0.00212309
941 0.00221148
942 0.00230296
943 0.0023976
944 0.00249547
945 0.00259664
946 0.0027012
947 0.0028092
948 0.00292073
949 0.00303585
950 0.00315464
951 0.00327715
952 0.00340347
953 0.00353365
954 0.00366776
955 0.00380587
956 0.00394802
957 0.00409429
958 0.00424473
959 0.00439938
960 0.00455831
961 0.00472156
962 0.00488917
963 0.00506119
964 0.00523766
965 0.0054186
966 0.00560406
967 0.00579405
968 0.0059886
969 0.00618774
970 0.00639146
971 0.00659978
972 0.00681272
973 0.00703025
974 0.00725239
975 0.00747911
976 0.0077104
977 0.00794623
978 0.00818659
979 0.00843142
980 0.0086807
981 0.00893438
982 0.00919239
983 0.00945468
984 0.00972119
985 0.00999184
986 0.0102665
987 0.0105452
988 0.0108278
989 0.0111141
990 0.0114041
991 0.0116977
992 0.0119947
993 0.012295
994 0.0125984
995 0.0129049
996 0.0132142
997 0.0135263
998 0.0138409
999 0.0141579
1000 0.0144771
1001 0.0147983
1002 0.0151213
1003 0.015446
1004 0.0157721
1005 0.0160994
1006 0.0164278
1007 0.0167569
1008 0.0170865
1009 0.0174165
1010 0.0177466
1011 0.0180766
1012 0.0184061
1013 0.018735
1014 0.0190631
1015 0.0193899
1016 0.0197154
1017 0.0200392
1018 0.0203611
1019 0.0206808
1020 0.020998
1021 0.0213125
1022 0.021624
1023 0.0219322
1024 0.0222368
1025 0.0225377
1026 0.0228344
1027 0.0231268
1028 0.0234146
1029 0.0236975
1030 0.0239752
1031 0.0242476
1032 0.0245142
1033 0.0247749
1034 0.0250294
1035 0.0252775
1036 0.025519
1037 0.0257535
1038 0.0259809
1039 0.0262009
1040 0.0264133
1041 0.026618
1042 0.0268146
1043 0.027003
1044 0.027183
1045 0.0273545
1046 0.0275172
1047 0.0276709
1048 0.0278156
1049 0.027951
1050 0.0280771
1051 0.0281936
1052 0.0283006
1053 0.0283978
1054 0.0284851
1055 0.0285626
1056 0.02863
1057 0.0286873
1058 0.0287345
1059 0.0287715
1060 0.0287983
1061 0.0288149
1062 0.0288212
1063 0.0288172
1064 0.028803
1065 0.0287785
1066 0.0287438
1067 0.0286989
1068 0.028644
1069 0.0285789
1070 0.0285039
1071 0.028419
1072 0.0283242
1073 0.0282198
1074 0.0281057
1075 0.0279822
1076 0.0278494
1077 0.0277073
1078 0.0275562
1079 0.0273962
1080 0.0272275
1081 0.0270502
1082 0.0268646
1083 0.0266709
1084 0.0264691
1085 0.0262596
1086 0.0260425
1087 0.0258181
1088 0.0255866
1089 0.0253482
1090 0.0251032
1091 0.0248518
1092 0.0245942
1093 0.0243307
1094 0.0240615
1095 0.0237869
1096 0.0235072
1097 0.0232226
1098 0.0229334
1099 0.0226398
1100 0.0223421
1101 0.0220405
1102 0.0217354
1103 0.021427
1104 0.0211156
1105 0.0208013
1106 0.0204846
1107 0.0201656
1108 0.0198446
1109 0.0195219
1110 0.0191977
1111 0.0188723
1112 0.0185459
1113 0.0182188
1114 0.0178911
1115 0.0175633
1116 0.0172354
1117 0.0169077
1118 0.0165805
1119 0.0162539
1120 0.0159282
1121 0.0156036
1122 0.0152803
1123 0.0149584
1124 0.0146383
1125 0.01432
1126 0.0140038
1127 0.0136897
1128 0.0133781
1129 0.013069
1130 0.0127627
1131 0.0124591
1132 0.0121586
1133 0.0118612
1134 0.0115671
1135 0.0112764
1136 0.0109892
1137 0.0107055
1138 0.0104256
1139 0.0101495
1140 0.00987732
1141 0.00960909
1142 0.00934493
1143 0.00908488
1144 0.00882903
1145 0.00857742
1146 0.00833012
1147 0.00808716
1148 0.00784858
1149 0.00761442
1150 0.0073847
1151 0.00715946
1152 0.0069387
1153 0.00672244
1154 0.00651068
1155 0.00630344
1156 0.00610069
1157 0.00590245
1158 0.0057087
1159 0.00551941
1160 0.00533458
1161 0.00515417
1162 0.00497817
1163 0.00480653
1164 0.00463923
1165 0.00447622
1166 0.00431747
1167 0.00416293
1168 0.00401256
1169 0.0038663
1170 0.00372411
1171 0.00358593
1172 0.0034517
1173 0.00332138
1174 0.00319488
1175 0.00307217
1176 0.00295316
1177 0.00283781
1178 0.00272604
1179 0.00261778
1180 0.00251298
1181 0.00241156
1182 0.00231345
1183 0.00221858
1184 0.00212689
1185 0.0020383
1186 0.00195274
1187 0.00187014
1188 0.00179044
1189 0.00171356
1190 0.00163943
1191 0.00156797
1192 0.00149914
1193 0.00143284
1194 0.00136902
1195 0.0013076
1196 0.00124852
1197 0.00119171
1198 0.0011371
1199 0.00108464
1200 0.00103425
1201 0.000985877
1202 0.000939451
1203 0.000894914
1204 0.000852205
1205 0.000811264
1206 0.000772034
1207 0.000734457
1208 0.000698477
1209 0.00066404
1210 0.000631091
1211 0.000599579
1212 0.000569453
1213 0.000540661
1214 0.000513155
1215 0.000486888
1216 0.000461813
1217 0.000437886
1218 0.000415061
1219 0.000393296
1220 0.00037255
1221 0.000352783
1222 0.000333954
1223 0.000316027
1224 0.000298964
1225 0.000282729
1226 0.000267289
1227 0.000252608
1228 0.000238656
1229 0.000225401
1230 0.000212813
1231 0.000200862
1232 0.00018952
1233 0.00017876
1234 0.000168556
1235 0.000158883
1236 0.000149716
1237 0.000141032
1238 0.000132808
1239 0.000125023
1240 0.000117657
1241 0.000110688
1242 0.000104098
1243 9.78691e-05
1244 9.19829e-05
1245 8.64226e-05
1246 8.11721e-05
1247 7.62158e-05
1248 7.15391e-05
1249 6.71275e-05
1250 6.29676e-05
1251 5.90464e-05
1252 5.53515e-05
1253 5.1871e-05
1254 4.85937e-05
1255 4.55087e-05
1256 4.26058e-05
1257 3.98752e-05
1258 3.73076e-05
1259 3.48941e-05
1260 3.26261e-05
1261 3.04958e-05
1262 2.84953e-05
1263 2.66175e-05
1264 2.48555e-05
1265 2.32026e-05
1266 2.16527e-05
1267 2.01998e-05
1268 1.88383e-05
1269 1.7563e-05
1270 1.63687e-05
1271 1.52507e-05
1272 1.42046e-05
1273 1.32259e-05
1274 1.23107e-05
1275 1.14552e-05
1276 1.06557e-05
1277 9.90884e-06
1278 9.21135e-06
1279 8.56022e-06
1280 7.95257e-06
1281 7.38568e-06
1282 6.85701e-06
1283 6.36414e-06
1284 5.9048e-06
1285 5.47686e-06
1286 5.07832e-06
1287 4.70726e-06
1288 4.36193e-06
1289 4.04063e-06
1290 3.74181e-06
1291 3.46397e-06
1292 3.20575e-06
1293 2.96582e-06
1294 2.74298e-06
1295 2.53606e-06
1296 2.34401e-06
1297 2.16581e-06
1298 2.00052e-06
1299 1.84726e-06
1300 1.70519e-06
1301 1.57355e-06
1302 1.45161e-06
1303 1.33869e-06
1304 1.23416e-06
1305 1.13744e-06
1306 1.04796e-06
1307 9.65209e-07
1308 8.88712e-07
1309 8.18019e-07
1310 7.5271e-07
1311 6.92395e-07
1312 6.36711e-07
1313 5.8532e-07
1314 5.37906e-07
1315 4.94177e-07
1316 4.53859e-07
1317 4.16698e-07
1318 3.82459e-07
1319 3.50923e-07
1320 3.21885e-07
1321 2.95157e-07
1322 2.70563e-07
1323 2.47941e-07
1324 2.27138e-07
1325 2.08015e-07
1326 1.90442e-07
1327 1.74299e-07
1328 1.59475e-07
1329 1.45865e-07
1330 1.33375e-07
1331 1.21917e-07
1332 1.11408e-07
1333 1.01773e-07
1334 9.29418e-08
1335 8.48508e-08
1336 7.74401e-08
1337 7.06546e-08
1338 6.44436e-08
1339 5.87604e-08
1340 5.35617e-08
1341 4.88078e-08
1342 4.44621e-08
1343 4.04908e-08
1344 3.68628e-08
1345 3.35496e-08
1346 3.05247e-08
1347 2.7764e-08
1348 2.52452e-08
1349 2.29479e-08
1350 2.08532e-08
1351 1.89439e-08
1352 1.72042e-08
1353 1.56195e-08
1354 1.41764e-08
1355 1.28627e-08
1356 1.16672e-08
1357 1.05796e-08
1358 9.59046e-09
1359 8.69118e-09
1360 7.87383e-09
1361 7.13119e-09
1362 6.45664e-09
1363 5.84414e-09
1364 5.28815e-09
1365 4.78362e-09
1366 4.32592e-09
1367 3.91084e-09
1368 3.53453e-09
1369 3.19347e-09
1370 2.88446e-09
1371 2.60457e-09
1372 2.35115e-09
1373 2.12174e-09
1374 1.91416e-09
1375 1.72636e-09
1376 1.55654e-09
1377 1.403e-09
1378 1.26423e-09
1379 1.13885e-09
1380 1.0256e-09
1381 9.23347e-10
1382 8.3104e-10
1383 7.4774e-10
1384 6.72593e-10
1385 6.0482e-10
1386 5.43717e-10
1387 4.88644e-10
1388 4.3902e-10
1389 3.94321e-10
1390 3.54069e-10
1391 3.17834e-10
1392 2.85223e-10
1393 2.55884e-10
1394 2.29496e-10
1395 2.05769e-10
1396 1.84442e-10
1397 1.65277e-10
1398 1.48061e-10
1399 1.32599e-10
1400 1.18718e-10
1401 1.06259e-10
1402 9.50797e-11
1403 8.50521e-11
1404 7.60601e-11
1405 6.7999e-11
1406 6.07747e-11
1407 5.43022e-11
1408 4.8505e-11
1409 4.33142e-11
1410 3.86677e-11
1411 3.45097e-11
1412 3.07899e-11
1413 2.74632e-11
1414 2.44888e-11
1415 2.18302e-11
1416 1.94546e-11
1417 1.73326e-11
1418 1.54376e-11
1419 1.37457e-11
1420 1.22358e-11
1421 1.08886e-11
1422 9.68688e-12
1423 8.61532e-12
1424 7.66009e-12
1425 6.80881e-12
1426 6.05038e-12
1427 5.37488e-12
1428 4.77341e-12
1429 4.23803e-12
1430 3.76161e-12
1431 3.33778e-12
1432 2.96085e-12
1433 2.62573e-12
1434 2.32786e-12
1435 2.06319e-12
1436 1.82808e-12
1437 1.61929e-12
1438 1.43394e-12
1439 1.26943e-12
1440 1.12347e-12
1441 9.94011e-13
1442 8.79212e-13
1443 7.77446e-13
1444 6.87261e-13
1445 6.07361e-13
1446 5.36595e-13
1447 4.73938e-13
1448 4.18475e-13
1449 3.69397e-13
1450 3.2598e-13
1451 2.87582e-13
1452 2.53635e-13
1453 2.2363e-13
1454 1.97118e-13
1455 1.73698e-13
1456 1.53017e-13
1457 1.3476e-13
1458 1.18647e-13
1459 1.0443e-13
1460 9.18902e-14
1461 8.0833e-14
1462 7.10858e-14
1463 6.24961e-14
1464 5.49285e-14
1465 4.82634e-14
1466 4.23949e-14
1467 3.72293e-14
1468 3.26837e-14
1469 2.8685e-14
1470 2.51683e-14
1471 2.20764e-14
1472 1.93588e-14
1473 1.69709e-14
1474 1.48734e-14
1475 1.30313e-14
1476 1.14142e-14
1477 9.99493e-15
1478 8.74964e-15
1479 7.65734e-15
1480 6.69951e-15
1481 5.85984e-15
1482 5.12396e-15
1483 4.47923e-15
1484 3.91453e-15
1485 3.42006e-15
1486 2.98721e-15
1487 2.60841e-15
1488 2.27701e-15
1489 1.98716e-15
1490 1.73372e-15
1491 1.51219e-15
1492 1.31859e-15
1493 1.14946e-15
1494 1.00175e-15
1495 8.72778e-16
1496 7.602e-16
1497 6.6196e-16
1498 5.76257e-16
1499 5.01511e-16
1500 4.36341e-16
1501 3.79535e-16
1502 3.30034e-16
1503 2.8691e-16
1504 2.49353e-16
1505 2.16653e-16
1506 1.8819e-16
1507 1.63422e-16
1508 1.41874e-16
1509 1.23135e-16
1510 1.06841e-16
1511 9.26784e-17
1512 8.03712e-17
1513 6.96794e-17
1514 6.03936e-17
1515 5.23311e-17
1516 4.53326e-17
1517 3.92594e-17
1518 3.39907e-17
1519 2.94211e-17
1520 2.54589e-17
1521 2.20244e-17
1522 1.9048e-17
1523 1.64694e-17
1524 1.42361e-17
1525 1.23023e-17
1526 1.06283e-17
1527 9.17956e-18
1528 7.92619e-18
1529 6.84211e-18
1530 5.9047e-18
1531 5.09435e-18
1532 4.39403e-18
1533 3.78895e-18
1534 3.26631e-18
1535 2.81501e-18
1536 2.4254e-18
1537 2.08915e-18
1538 1.79903e-18
1539 1.54878e-18
1540 1.33298e-18
1541 1.14694e-18
1542 9.86594e-19
1543 8.48436e-19
1544 7.29427e-19
1545 6.26941e-19
1546 5.38709e-19
1547 4.62767e-19
1548 3.97424e-19
1549 3.41214e-19
1550 2.92874e-19
1551 2.51314e-19
1552 2.15593e-19
1553 1.84899e-19
1554 1.58531e-19
1555 1.35887e-19
1556 1.16445e-19
1557 9.9758e-20
1558 8.54387e-20
1559 7.31548e-20
1560 6.26199e-20
1561 5.35875e-20
1562 4.58454e-20
1563 3.92111e-20
1564 3.35277e-20
1565 2.86603e-20
1566 2.44927e-20
1567 2.09255e-20
1568 1.78729e-20
1569 1.52615e-20
1570 1.30281e-20
1571 1.11184e-20
1572 9.48612e-21
1573 8.09124e-21
1574 6.89959e-21
1575 5.88183e-21
1576 5.01284e-21
1577 4.27107e-21
1578 3.63807e-21
1579 3.09804e-21
1580 2.63746e-21
1581 2.24474e-21
1582 1.90998e-21
1583 1.6247e-21
1584 1.38165e-21
1585 1.17465e-21
1586 9.98388e-22
1587 8.48347e-22
1588 7.2066e-22
1589 6.12026e-22
1590 5.19628e-22
1591 4.41061e-22
1592 3.74272e-22
1593 3.17512e-22
1594 2.69288e-22
1595 2.28327e-22
1596 1.93544e-22
1597 1.64017e-22
1598 1.38957e-22
1599 1.17694e-22
1600 9.9659e-23
1601 8.43649e-23
1602 7.13989e-23
1603 6.04097e-23
1604 5.10983e-23
1605 4.32107e-23
1606 3.6531e-23
1607 3.08757e-23
1608 2.60891e-23
1609 2.20387e-23
1610 1.86122e-23
1611 1.57144e-23
1612 1.32642e-23
1613 1.11931e-23
1614 9.44297e-24
1615 7.96438e-24
1616 6.71555e-24
1617 5.66106e-24
1618 4.7709e-24
1619 4.01966e-24
1620 3.38584e-24
1621 2.85121e-24
1622 2.40037e-24
1623 2.02029e-24
1624 1.69996e-24
1625 1.43004e-24
1626 1.20266e-24
1627 1.01118e-24
1628 8.4996e-25
1629 7.1426e-25
1630 6.00068e-25
1631 5.04001e-25
1632 4.23203e-25
1633 3.55266e-25
1634 2.98157e-25
1635 2.50163e-25
1636 2.0984e-25
1637 1.7597e-25
1638 1.47528e-25
1639 1.23651e-25
1640 1.03612e-25
1641 8.6797e-26
1642 7.26921e-26
1643 6.08632e-26
1644 5.09458e-26
1645 4.26332e-26
1646 3.56676e-26
1647 2.98321e-26
1648 2.49448e-26
1649 2.08527e-26
1650 1.74272e-26
1651 1.45606e-26
1652 1.21623e-26
1653 1.01563e-26
1654 8.47896e-27
1655 7.07674e-27
1656 5.90483e-27
1657 4.92569e-27
1658 4.10781e-27
1659 3.42481e-27
1660 2.85462e-27
1661 2.37872e-27
1662 1.98163e-27
1663 1.65038e-27
1664 1.37414e-27
1665 1.14383e-27
1666 9.51861e-28
1667 7.91899e-28
1668 6.58642e-28
1669 5.47661e-28
1670 4.55259e-28
1671 3.78344e-28
1672 3.1434e-28
1673 2.61093e-28
1674 2.16807e-28
1675 1.79984e-28
1676 1.49375e-28
1677 1.23939e-28
1678 1.02806e-28
1679 8.52531e-29
1680 7.06785e-29
1681 5.85797e-29
1682 4.85389e-29
1683 4.02083e-29
1684 3.32986e-29
1685 2.75688e-29
1686 2.28189e-29
1687 1.88823e-29
1688 1.56206e-29
1689 1.29189e-29
1690 1.06816e-29
1691 8.82941e-30
1692 7.29644e-30
1693 6.02801e-30
1694 4.97876e-30
1695 4.11106e-30
1696 3.39367e-30
1697 2.80073e-30
1698 2.31077e-30
1699 1.90603e-30
1700 1.57176e-30
1701 1.29577e-30
1702 1.06796e-30
1703 8.79966e-31
1704 7.24877e-31
1705 5.96964e-31
1706 4.91494e-31
1707 4.04552e-31
1708 3.32903e-31
1709 2.73871e-31
1710 2.25248e-31
1711 1.8521e-31
1712 1.52248e-31
1713 1.25121e-31
1714 1.028e-31
1715 8.44387e-32
1716 6.93392e-32
1717 5.6925e-32
1718 4.67213e-32
1719 3.83367e-32
1720 3.14486e-32
1721 2.57914e-32
1722 2.11465e-32
1723 1.73335e-32
1724 1.42044e-32
1725 1.16372e-32
1726 9.53151e-33
1727 7.8048e-33
1728 6.38924e-33
1729 5.22907e-33
1730 4.27846e-33
1731 3.49975e-33
1732 2.86203e-33
1733 2.33991e-33
1734 1.91255e-33
1735 1.56283e-33
1736 1.27672e-33
1737 1.04273e-33
1738 8.51393e-34
1739 6.94986e-34
1740 5.67164e-34
1741 4.6273e-34
1742 3.77427e-34
1743 3.07768e-34
1744 2.509e-34
1745 2.04485e-34
1746 1.66613e-34
1747 1.35719e-34
1748 1.10525e-34
1749 8.9983e-35
1750 7.32397e-35
1751 5.95959e-35
1752 4.84809e-35
1753 3.94283e-35
1754 3.20574e-35
1755 2.60575e-35
1756 2.11748e-35
1757 1.72024e-35
1758 1.39714e-35
1759 1.13442e-35
1760 9.20853e-36
1761 7.47287e-36
1762 6.06269e-36
1763 4.91728e-36
1764 3.98718e-36
1765 3.23211e-36
1766 2.61931e-36
1767 2.12211e-36
1768 1.71882e-36
1769 1.39178e-36
1770 1.12666e-36
1771 9.11781e-37
1772 7.37682e-37
1773 5.9666e-37
1774 4.82462e-37
1775 3.90012e-37
1776 3.15189e-37
1777 2.54649e-37
1778 2.0568e-37
1779 1.66081e-37
1780 1.34068e-37
1781 1.08195e-37
1782 8.7291e-38
1783 7.04058e-38
1784 5.67707e-38
1785 4.57634e-38
1786 3.68799e-38
1787 2.97125e-38
1788 2.39313e-38
1789 1.92695e-38
1790 1.55114e-38
1791 1.24828e-38
1792 1.00426e-38
1793 8.07722e-39
1794 6.49463e-39
1795 5.22065e-39
1796 4.19539e-39
1797 3.37054e-39
1798 2.70709e-39
1799 2.17363e-39
1800 1.74481e-39
1801 1.40019e-39
1802 1.12332e-39
1803 9.00952e-40
1804 7.224e-40
1805 5.79073e-40
1806 4.64053e-40
1807 3.71777e-40
1808 2.97767e-40
1809 2.38424e-40
1810 1.90855e-40
1811 1.52735e-40
1812 1.22195e-40
1813 9.77345e-41
1814 7.81491e-41
1815 6.24714e-41
1816 4.99252e-41
1817 3.98877e-41
1818 3.18596e-41
1819 2.54404e-41
1820 2.0309e-41
1821 1.62082e-41
1822 1.2932e-41
1823 1.03151e-41
1824 8.22563e-42
1825 6.55761e-42
1826 5.22642e-42
1827 4.16434e-42
1828 3.31719e-42
1829 2.64166e-42
1830 2.10314e-42
1831 1.67394e-42
1832 1.33198e-42
1833 1.05958e-42
1834 8.42668e-43
1835 6.69978e-43
1836 5.32535e-43
1837 4.23173e-43
1838 3.36178e-43
1839 2.66996e-43
1840 2.11993e-43
1841 1.68275e-43
1842 1.33537e-43
1843 1.05941e-43
1844 8.40248e-44
1845 6.66242e-44
1846 5.28126e-44
1847 4.18528e-44
1848 3.31582e-44
1849 2.62626e-44
1850 2.07952e-44
1851 1.64614e-44
1852 1.30272e-44
1853 1.03065e-44
1854 8.15175e-45
1855 6.44566e-45
1856 5.09519e-45
1857 4.02651e-45
1858 3.18107e-45
1859 2.51242e-45
1860 1.98375e-45
1861 1.56586e-45
1862 1.23565e-45
1863 9.7478e-46
1864 7.68761e-46
1865 6.06103e-46
1866 4.77719e-46
1867 3.76415e-46
1868 2.96504e-46
1869 2.33487e-46
1870 1.83807e-46
1871 1.44653e-46
1872 1.13804e-46
1873 8.95067e-47
1874 7.03745e-47
1875 5.53145e-47
1876 4.34634e-47
1877 3.41406e-47
1878 2.68089e-47
1879 2.10448e-47
1880 1.65147e-47
1881 1.29555e-47
1882 1.01601e-47
1883 7.96515e-48
1884 6.24233e-48
1885 4.8905e-48
1886 3.83013e-48
1887 2.99865e-48
1888 2.34688e-48
1889 1.83614e-48
1890 1.43606e-48
1891 1.12276e-48
1892 8.77501e-49
1893 6.85578e-49
1894 5.35442e-49
1895 4.18036e-49
1896 3.26257e-49
1897 2.54536e-49
1898 1.98509e-49
1899 1.54759e-49
1900 1.20606e-49
1901 9.39562e-50
1902 7.31678e-50
1903 5.69578e-50
1904 4.43225e-50
1905 3.44772e-50
1906 2.68087e-50
1907 2.0838e-50
1908 1.61908e-50
1909 1.25753e-50
1910 9.76332e-51
1911 7.57723e-51
1912 5.87834e-51
1913 4.55858e-51
1914 3.53374e-51
1915 2.73823e-51
1916 2.12096e-51
1917 1.64219e-51
1918 1.27099e-51
1919 9.833e-52
1920 7.60426e-52
1921 5.87831e-52
1922 4.54227e-52
1923 3.50847e-52
1924 2.70886e-52
1925 2.09063e-52
1926 1.61283e-52
1927 1.24373e-52
1928 9.58695e-53
1929 7.38681e-53
1930 5.68923e-53
1931 4.37995e-53
1932 3.37058e-53
1933 2.59273e-53
1934 1.99356e-53
1935 1.53221e-53
1936 1.17713e-53
1937 9.03955e-54
1938 6.93882e-54
1939 5.32402e-54
1940 4.08328e-54
1941 3.13036e-54
1942 2.3988e-54
1943 1.83741e-54
1944 1.4068e-54
1945 1.07665e-54
1946 8.2362e-55
1947 6.29786e-55
1948 4.81361e-55
1949 3.67757e-55
1950 2.80842e-55
1951 2.14376e-55
1952 1.63569e-55
1953 1.24748e-55
1954 9.50999e-56
1955 7.24662e-56
1956 5.51951e-56
1957 4.20219e-56
1958 3.19786e-56
1959 2.4325e-56
1960 1.84951e-56
1961 1.40562e-56
1962 1.06779e-56
1963 8.108e-57
1964 6.15389e-57
1965 4.66867e-57
1966 3.54034e-57
1967 2.68351e-57
1968 2.03315e-57
1969 1.53972e-57
1970 1.16553e-57
1971 8.81881e-58
1972 6.66966e-58
1973 5.04201e-58
1974 3.80987e-58
1975 2.87755e-58
1976 2.17241e-58
1977 1.63933e-58
1978 1.23651e-58
1979 9.32254e-59
1980 7.02549e-59
1981 5.29205e-59
1982 3.98453e-59
1983 2.99872e-59
1984 2.2558e-59
1985 1.69617e-59
1986 1.2748e-59
1987 9.57684e-60
1988 7.19129e-60
1989 5.39754e-60
1990 4.04939e-60
1991 3.03661e-60
1992 2.27611e-60
1993 1.7053e-60
1994 1.27707e-60
1995 9.55942e-61
1996 7.15243e-61
1997 5.3491e-61
1998 3.99863e-61
1999 2.98777e-61
2000 2.23145e-61
2001 1.66584e-61
2002 1.24303e-61
2003 9.27119e-62
2004 6.91184e-62
2005 5.15058e-62
2006 3.83639e-62
2007 2.85624e-62
2008 2.12555e-62
2009 1.58107e-62
2010 1.17554e-62
2011 8.73628e-63
2012 6.48965e-63
2013 4.81861e-63
2014 3.57625e-63
2015 2.65301e-63
2016 1.96724e-63
2017 1.45808e-63
2018 1.08023e-63
2019 7.99945e-64
2020 5.92127e-64
2021 4.38112e-64
2022 3.24021e-64
2023 2.39543e-64
2024 1.77021e-64
2025 1.30769e-64
2026 9.65693e-65
2027 7.12922e-65
2028 5.26186e-65
2029 3.88297e-65
2030 2.86523e-65
2031 2.11441e-65
2032 1.56076e-65
2033 1.15269e-65
2034 8.5207e-66
2035 6.30717e-66
2036 4.67816e-66
2037 3.48002e-66
2038 2.59937e-66
2039 1.95263e-66
2040 1.47823e-66
2041 1.13084e-66
2042 8.772e-67
2043 6.92916e-67
2044 5.60226e-67
2045 4.66297e-67
2046 4.02021e-67
2047 3.61141e-67
