0 1.16854e-64
1 6.86262e-65
2 1.12492e-64
3 2.5139e-64
4 4.96042e-64
5 8.65775e-64
6 1.39004e-63
7 2.1107e-63
8 3.08538e-63
9 4.39191e-63
10 6.13448e-63
11 8.45179e-63
12 1.15278e-62
13 1.5606e-62
14 2.10083e-62
15 2.81598e-62
16 3.76216e-62
17 5.01334e-62
18 6.66702e-62
19 8.85163e-62
20 1.17363e-61
21 1.55434e-61
22 2.05657e-61
23 2.71877e-61
24 3.59149e-61
25 4.74111e-61
26 6.25474e-61
27 8.24668e-61
28 1.08668e-60
29 1.43116e-60
30 1.88383e-60
31 2.4784e-60
32 3.25897e-60
33 4.28321e-60
34 5.62657e-60
35 7.38761e-60
36 9.69508e-60
37 1.27171e-59
38 1.6673e-59
39 2.18489e-59
40 2.86178e-59
41 3.74658e-59
42 4.90259e-59
43 6.41223e-59
44 8.38273e-59
45 1.09536e-58
46 1.43061e-58
47 1.86758e-58
48 2.43688e-58
49 3.17822e-58
50 4.14314e-58
51 5.39849e-58
52 7.03092e-58
53 9.15271e-58
54 1.19093e-57
55 1.54889e-57
56 2.01352e-57
57 2.61632e-57
58 3.39804e-57
59 4.4113e-57
60 5.7241e-57
61 7.42423e-57
62 9.62497e-57
63 1.24725e-56
64 1.61552e-56
65 2.09159e-56
66 2.70676e-56
67 3.50132e-56
68 4.52713e-56
69 5.85092e-56
70 7.55853e-56
71 9.76029e-56
72 1.2598e-55
73 1.62539e-55
74 2.09617e-55
75 2.70218e-55
76 3.48192e-55
77 4.48481e-55
78 5.77418e-55
79 7.43119e-55
80 9.55982e-55
81 1.22932e-54
82 1.58019e-54
83 2.03039e-54
84 2.60783e-54
85 3.34818e-54
86 4.29706e-54
87 5.51274e-54
88 7.06966e-54
89 9.06288e-54
90 1.16138e-53
91 1.48771e-53
92 1.90505e-53
93 2.43859e-53
94 3.12043e-53
95 3.99152e-53
96 5.10399e-53
97 6.52426e-53
98 8.33691e-53
99 1.06496e-52
100 1.35993e-52
101 1.73602e-52
102 2.21541e-52
103 2.82627e-52
104 3.60442e-52
105 4.59538e-52
106 5.85697e-52
107 7.46265e-52
108 9.50566e-52
109 1.21044e-51
110 1.5409e-51
111 1.96102e-51
112 2.49498e-51
113 3.17342e-51
114 4.03523e-51
115 5.12967e-51
116 6.51918e-51
117 8.28287e-51
118 1.05209e-50
119 1.33602e-50
120 1.69613e-50
121 2.15276e-50
122 2.73163e-50
123 3.4653e-50
124 4.39492e-50
125 5.57257e-50
126 7.06407e-50
127 8.95261e-50
128 1.13433e-49
129 1.43691e-49
130 1.81976e-49
131 2.30409e-49
132 2.91665e-49
133 3.6912e-49
134 4.67037e-49
135 5.90792e-49
136 7.4717e-49
137 9.44723e-49
138 1.19424e-48
139 1.50931e-48
140 1.90707e-48
141 2.4091e-48
142 3.0426e-48
143 3.84179e-48
144 4.8498e-48
145 6.12088e-48
146 7.72329e-48
147 9.74294e-48
148 1.22878e-47
149 1.54938e-47
150 1.95317e-47
151 2.46159e-47
152 3.10161e-47
153 3.90709e-47
154 4.92055e-47
155 6.19535e-47
156 7.7985e-47
157 9.81401e-47
158 1.23473e-46
159 1.55305e-46
160 1.95294e-46
161 2.45515e-46
162 3.0857e-46
163 3.87715e-46
164 4.87031e-46
165 6.11621e-46
166 7.67875e-46
167 9.63782e-46
168 1.20934e-45
169 1.51703e-45
170 1.90247e-45
171 2.38516e-45
172 2.98946e-45
173 3.74579e-45
174 4.6921e-45
175 5.87577e-45
176 7.35587e-45
177 9.20607e-45
178 1.15182e-44
179 1.44067e-44
180 1.80142e-44
181 2.25182e-44
182 2.81397e-44
183 3.51539e-44
184 4.3903e-44
185 5.48128e-44
186 6.84126e-44
187 8.53603e-44
188 1.06473e-43
189 1.32768e-43
190 1.65504e-43
191 2.06249e-43
192 2.56944e-43
193 3.20002e-43
194 3.98411e-43
195 4.9588e-43
196 6.17004e-43
197 7.67477e-43
198 9.54354e-43
199 1.18637e-42
200 1.47435e-42
201 1.83167e-42
202 2.27491e-42
203 2.82456e-42
204 3.50596e-42
205 4.35045e-42
206 5.39675e-42
207 6.69274e-42
208 8.29752e-42
209 1.02841e-41
210 1.27427e-41
211 1.57845e-41
212 1.95469e-41
213 2.41992e-41
214 2.99506e-41
215 3.70586e-41
216 4.5841e-41
217 5.66893e-41
218 7.0086e-41
219 8.66255e-41
220 1.0704e-40
221 1.3223e-40
222 1.63307e-40
223 2.01635e-40
224 2.48896e-40
225 3.07157e-40
226 3.7896e-40
227 4.67432e-40
228 5.76417e-40
229 7.10639e-40
230 8.75904e-40
231 1.07934e-39
232 1.32972e-39
233 1.63778e-39
234 2.01674e-39
235 2.4828e-39
236 3.05586e-39
237 3.76032e-39
238 4.6261e-39
239 5.68991e-39
240 6.99674e-39
241 8.60175e-39
242 1.05725e-38
243 1.29919e-38
244 1.59612e-38
245 1.96047e-38
246 2.40743e-38
247 2.95563e-38
248 3.62781e-38
249 4.45185e-38
250 5.4618e-38
251 6.69931e-38
252 8.2153e-38
253 1.0072e-37
254 1.23454e-37
255 1.51283e-37
256 1.85341e-37
257 2.27012e-37
258 2.77986e-37
259 3.40321e-37
260 4.16533e-37
261 5.09685e-37
262 6.23513e-37
263 7.62571e-37
264 9.32405e-37
265 1.13977e-36
266 1.3929e-36
267 1.70179e-36
268 2.07864e-36
269 2.53828e-36
270 3.09871e-36
271 3.78188e-36
272 4.6144e-36
273 5.62866e-36
274 6.86396e-36
275 8.36805e-36
276 1.01989e-35
277 1.24268e-35
278 1.51371e-35
279 1.84333e-35
280 2.24408e-35
281 2.73118e-35
282 3.32305e-35
283 4.04201e-35
284 4.91508e-35
285 5.97501e-35
286 7.26137e-35
287 8.8221e-35
288 1.07151e-34
289 1.30105e-34
290 1.5793e-34
291 1.91649e-34
292 2.32499e-34
293 2.81973e-34
294 3.41874e-34
295 4.14379e-34
296 5.02113e-34
297 6.08244e-34
298 7.36594e-34
299 8.91769e-34
300 1.07932e-33
301 1.30594e-33
302 1.57969e-33
303 1.91028e-33
304 2.3094e-33
305 2.79112e-33
306 3.37238e-33
307 4.07354e-33
308 4.91914e-33
309 5.93863e-33
310 7.16745e-33
311 8.64821e-33
312 1.04321e-32
313 1.25806e-32
314 1.51676e-32
315 1.82817e-32
316 2.20296e-32
317 2.65389e-32
318 3.19632e-32
319 3.84864e-32
320 4.63293e-32
321 5.57567e-32
322 6.70858e-32
323 8.06972e-32
324 9.70468e-32
325 1.16681e-31
326 1.40254e-31
327 1.68549e-31
328 2.02505e-31
329 2.43245e-31
330 2.92113e-31
331 3.50718e-31
332 4.20982e-31
333 5.05209e-31
334 6.06148e-31
335 7.27088e-31
336 8.71959e-31
337 1.04546e-30
338 1.25319e-30
339 1.50187e-30
340 1.79947e-30
341 2.15556e-30
342 2.58153e-30
343 3.09095e-30
344 3.70006e-30
345 4.42816e-30
346 5.29832e-30
347 6.33798e-30
348 7.57987e-30
349 9.06295e-30
350 1.08336e-29
351 1.29471e-29
352 1.54692e-29
353 1.8478e-29
354 2.20666e-29
355 2.63456e-29
356 3.14465e-29
357 3.75254e-29
358 4.47679e-29
359 5.33945e-29
360 6.36668e-29
361 7.58953e-29
362 9.04484e-29
363 1.07763e-28
364 1.28358e-28
365 1.52847e-28
366 1.81957e-28
367 2.16551e-28
368 2.57651e-28
369 3.06464e-28
370 3.6442e-28
371 4.33213e-28
372 5.14843e-28
373 6.11677e-28
374 7.2651e-28
375 8.62648e-28
376 1.02399e-27
377 1.21515e-27
378 1.44157e-27
379 1.70966e-27
380 2.027e-27
381 2.40252e-27
382 2.84675e-27
383 3.3721e-27
384 3.99319e-27
385 4.72724e-27
386 5.59454e-27
387 6.61896e-27
388 7.82861e-27
389 9.25653e-27
390 1.09416e-26
391 1.29296e-26
392 1.52742e-26
393 1.80386e-26
394 2.12971e-26
395 2.51367e-26
396 2.96599e-26
397 3.4987e-26
398 4.12588e-26
399 4.86411e-26
400 5.7328e-26
401 6.75472e-26
402 7.95659e-26
403 9.36972e-26
404 1.10308e-25
405 1.29829e-25
406 1.52762e-25
407 1.797e-25
408 2.11331e-25
409 2.48466e-25
410 2.92051e-25
411 3.43195e-25
412 4.03192e-25
413 4.73561e-25
414 5.56074e-25
415 6.52805e-25
416 7.66177e-25
417 8.99024e-25
418 1.05466e-24
419 1.23694e-24
420 1.45039e-24
421 1.70029e-24
422 1.99278e-24
423 2.33506e-24
424 2.73551e-24
425 3.20392e-24
426 3.75169e-24
427 4.39215e-24
428 5.14079e-24
429 6.01571e-24
430 7.03797e-24
431 8.23212e-24
432 9.62676e-24
433 1.12552e-23
434 1.31561e-23
435 1.53746e-23
436 1.79633e-23
437 2.0983e-23
438 2.45048e-23
439 2.86111e-23
440 3.33977e-23
441 3.89761e-23
442 4.54755e-23
443 5.3046e-23
444 6.18619e-23
445 7.21254e-23
446 8.40709e-23
447 9.79704e-23
448 1.14139e-22
449 1.32942e-22
450 1.54802e-22
451 1.80209e-22
452 2.0973e-22
453 2.44021e-22
454 2.8384e-22
455 3.30066e-22
456 3.83711e-22
457 4.45949e-22
458 5.18132e-22
459 6.01822e-22
460 6.98824e-22
461 8.11218e-22
462 9.41403e-22
463 1.09215e-21
464 1.26664e-21
465 1.46855e-21
466 1.7021e-21
467 1.97218e-21
468 2.28438e-21
469 2.64515e-21
470 3.06191e-21
471 3.54317e-21
472 4.09872e-21
473 4.73982e-21
474 5.47938e-21
475 6.33224e-21
476 7.3154e-21
477 8.44839e-21
478 9.7536e-21
479 1.12567e-20
480 1.29871e-20
481 1.49785e-20
482 1.72695e-20
483 1.99043e-20
484 2.29335e-20
485 2.6415e-20
486 3.04151e-20
487 3.50095e-20
488 4.02848e-20
489 4.63402e-20
490 5.32889e-20
491 6.12601e-20
492 7.04017e-20
493 8.08823e-20
494 9.28949e-20
495 1.06659e-19
496 1.22426e-19
497 1.40483e-19
498 1.61156e-19
499 1.84819e-19
500 2.11896e-19
501 2.42872e-19
502 2.78302e-19
503 3.18813e-19
504 3.65126e-19
505 4.18059e-19
506 4.78543e-19
507 5.47642e-19
508 6.26564e-19
509 7.16688e-19
510 8.19582e-19
511 9.37032e-19
512 1.07107e-18
513 1.22401e-18
514 1.39847e-18
515 1.59747e-18
516 1.82439e-18
517 2.0831e-18
518 2.37802e-18
519 2.71414e-18
520 3.09715e-18
521 3.53351e-18
522 4.03054e-18
523 4.5966e-18
524 5.24114e-18
525 5.9749e-18
526 6.81008e-18
527 7.76049e-18
528 8.84184e-18
529 1.00719e-17
530 1.14709e-17
531 1.30616e-17
532 1.48699e-17
533 1.69252e-17
534 1.92607e-17
535 2.19139e-17
536 2.49274e-17
537 2.83492e-17
538 3.22337e-17
539 3.66424e-17
540 4.16446e-17
541 4.73187e-17
542 5.37532e-17
543 6.10479e-17
544 6.93154e-17
545 7.86825e-17
546 8.92922e-17
547 1.01306e-16
548 1.14904e-16
549 1.30291e-16
550 1.47697e-16
551 1.67379e-16
552 1.89627e-16
553 2.14766e-16
554 2.43162e-16
555 2.75225e-16
556 3.11414e-16
557 3.52243e-16
558 3.9829e-16
559 4.50201e-16
560 5.08698e-16
561 5.74589e-16
562 6.48779e-16
563 7.32275e-16
564 8.26207e-16
565 9.31831e-16
566 1.05055e-15
567 1.18393e-15
568 1.33372e-15
569 1.50185e-15
570 1.6905e-15
571 1.90206e-15
572 2.13921e-15
573 2.40493e-15
574 2.70253e-15
575 3.03568e-15
576 3.40845e-15
577 3.82537e-15
578 4.29146e-15
579 4.81229e-15
580 5.39402e-15
581 6.04349e-15
582 6.76828e-15
583 7.57677e-15
584 8.47824e-15
585 9.48296e-15
586 1.06023e-14
587 1.18488e-14
588 1.32364e-14
589 1.47804e-14
590 1.64979e-14
591 1.84075e-14
592 2.053e-14
593 2.28883e-14
594 2.55078e-14
595 2.84163e-14
596 3.16447e-14
597 3.52271e-14
598 3.92012e-14
599 4.36085e-14
600 4.84949e-14
601 5.39111e-14
602 5.99131e-14
603 6.65628e-14
604 7.39285e-14
605 8.20856e-14
606 9.11176e-14
607 1.01116e-13
608 1.12184e-13
609 1.24433e-13
610 1.37987e-13
611 1.52984e-13
612 1.69576e-13
613 1.87931e-13
614 2.08235e-13
615 2.30693e-13
616 2.55531e-13
617 2.83003e-13
618 3.13384e-13
619 3.46984e-13
620 3.84142e-13
621 4.25234e-13
622 4.70676e-13
623 5.2093e-13
624 5.76505e-13
625 6.37963e-13
626 7.05929e-13
627 7.81091e-13
628 8.64212e-13
629 9.56135e-13
630 1.05779e-12
631 1.17021e-12
632 1.29452e-12
633 1.43199e-12
634 1.584e-12
635 1.75208e-12
636 1.93792e-12
637 2.14339e-12
638 2.37053e-12
639 2.6216e-12
640 2.8991e-12
641 3.20577e-12
642 3.54463e-12
643 3.91899e-12
644 4.3325e-12
645 4.78916e-12
646 5.29336e-12
647 5.84993e-12
648 6.46413e-12
649 7.14176e-12
650 7.88913e-12
651 8.71318e-12
652 9.62144e-12
653 1.06222e-11
654 1.17244e-11
655 1.29379e-11
656 1.42734e-11
657 1.57424e-11
658 1.73576e-11
659 1.91328e-11
660 2.10827e-11
661 2.32234e-11
662 2.55725e-11
663 2.81487e-11
664 3.09724e-11
665 3.40655e-11
666 3.74518e-11
667 4.11566e-11
668 4.52074e-11
669 4.96336e-11
670 5.44667e-11
671 5.97404e-11
672 6.5491e-11
673 7.17569e-11
674 7.85795e-11
675 8.60024e-11
676 9.40725e-11
677 1.02839e-10
678 1.12355e-10
679 1.22676e-10
680 1.33861e-10
681 1.45972e-10
682 1.59075e-10
683 1.73238e-10
684 1.88534e-10
685 2.0504e-10
686 2.22833e-10
687 2.41998e-10
688 2.62621e-10
689 2.84792e-10
690 3.08605e-10
691 3.34155e-10
692 3.61544e-10
693 3.90875e-10
694 4.22253e-10
695 4.55788e-10
696 4.9159e-10
697 5.29774e-10
698 5.70455e-10
699 6.13749e-10
700 6.59777e-10
701 7.08656e-10
702 7.60506e-10
703 8.15448e-10
704 8.73601e-10
705 9.35084e-10
706 1.00001e-09
707 1.0685e-09
708 1.14066e-09
709 1.21661e-09
710 1.29645e-09
711 1.38028e-09
712 1.46819e-09
713 1.5603e-09
714 1.65667e-09
715 1.7574e-09
716 1.86257e-09
717 1.97225e-09
718 2.0865e-09
719 2.20541e-09
720 2.32903e-09
721 2.45742e-09
722 2.59066e-09
723 2.7288e-09
724 2.87191e-09
725 3.02009e-09
726 3.17341e-09
727 3.33199e-09
728 3.49596e-09
729 3.66547e-09
730 3.84071e-09
731 4.02193e-09
732 4.20942e-09
733 4.40352e-09
734 4.60465e-09
735 4.81335e-09
736 5.03022e-09
737 5.25601e-09
738 5.49161e-09
739 5.73805e-09
740 5.99656e-09
741 6.26858e-09
742 6.5558e-09
743 6.86017e-09
744 7.18394e-09
745 7.52971e-09
746 7.90048e-09
747 8.29965e-09
748 8.73112e-09
749 9.19932e-09
750 9.70926e-09
751 1.02666e-08
752 1.08777e-08
753 1.15498e-08
754 1.22908e-08
755 1.31098e-08
756 1.40168e-08
757 1.50228e-08
758 1.61402e-08
759 1.73828e-08
760 1.87655e-08
761 2.03052e-08
762 2.202e-08
763 2.39303e-08
764 2.6058e-08
765 2.84274e-08
766 3.10649e-08
767 3.39993e-08
768 3.72621e-08
769 4.08873e-08
770 4.4912e-08
771 4.93763e-08
772 5.43236e-08
773 5.98008e-08
774 6.58586e-08
775 7.25514e-08
776 7.99377e-08
777 8.80806e-08
778 9.70476e-08
779 1.06911e-07
780 1.17748e-07
781 1.29641e-07
782 1.42678e-07
783 1.56953e-07
784 1.72566e-07
785 1.89623e-07
786 2.08236e-07
787 2.28524e-07
788 2.50615e-07
789 2.74641e-07
790 3.00743e-07
791 3.29069e-07
792 3.59777e-07
793 3.93031e-07
794 4.29004e-07
795 4.67878e-07
796 5.09843e-07
797 5.551e-07
798 6.03856e-07
799 6.56331e-07
800 7.12752e-07
801 7.73357e-07
802 8.38394e-07
803 9.0812e-07
804 9.82804e-07
805 1.06273e-06
806 1.14817e-06
807 1.23944e-06
808 1.33685e-06
809 1.44072e-06
810 1.55138e-06
811 1.66917e-06
812 1.79445e-06
813 1.92759e-06
814 2.06897e-06
815 2.21897e-06
816 2.37801e-06
817 2.54648e-06
818 2.72483e-06
819 2.91348e-06
820 3.1129e-06
821 3.32355e-06
822 3.5459e-06
823 3.78045e-06
824 4.02771e-06
825 4.28821e-06
826 4.56247e-06
827 4.85105e-06
828 5.15453e-06
829 5.4735e-06
830 5.80857e-06
831 6.16036e-06
832 6.52953e-06
833 6.91676e-06
834 7.32275e-06
835 7.74822e-06
836 8.19394e-06
837 8.66069e-06
838 9.1493e-06
839 9.66062e-06
840 1.01956e-05
841 1.07551e-05
842 1.13401e-05
843 1.19518e-05
844 1.25911e-05
845 1.32593e-05
846 1.39576e-05
847 1.46873e-05
848 1.54497e-05
849 1.62464e-05
850 1.70788e-05
851 1.79486e-05
852 1.88575e-05
853 1.98075e-05
854 2.08006e-05
855 2.18388e-05
856 2.29244e-05
857 2.40598e-05
858 2.52478e-05
859 2.64909e-05
860 2.77922e-05
861 2.91548e-05
862 3.05822e-05
863 3.20779e-05
864 3.36458e-05
865 3.52901e-05
866 3.70151e-05
867 3.88256e-05
868 4.07266e-05
869 4.27235e-05
870 4.48219e-05
871 4.70281e-05
872 4.93485e-05
873 5.17899e-05
874 5.43599e-05
875 5.70662e-05
876 5.99171e-05
877 6.29214e-05
878 6.60886e-05
879 6.94286e-05
880 7.29519e-05
881 7.66697e-05
882 8.05937e-05
883 8.47364e-05
884 8.91111e-05
885 9.37315e-05
886 9.86124e-05
887 0.000103769
888 0.000109218
889 0.000114976
890 0.000121062
891 0.000127493
892 0.000134291
893 0.000141475
894 0.000149068
895 0.000157092
896 0.000165571
897 0.00017453
898 0.000183995
899 0.000193993
900 0.000204553
901 0.000215704
902 0.000227476
903 0.000239902
904 0.000253014
905 0.000266848
906 0.000281438
907 0.000296822
908 0.000313038
909 0.000330125
910 0.000348125
911 0.00036708
912 0.000387034
913 0.000408031
914 0.000430118
915 0.000453343
916 0.000477755
917 0.000503404
918 0.000530342
919 0.000558623
920 0.000588301
921 0.000619431
922 0.000652071
923 0.000686279
924 0.000722115
925 0.00075964
926 0.000798915
927 0.000840004
928 0.000882971
929 0.000927882
930 0.000974801
931 0.0010238
932 0.00107494
933 0.0011283
934 0.00118393
935 0.00124193
936 0.00130235
937 0.00136526
938 0.00143075
939 0.00149887
940 0.00156972
941 0.00164334
942 0.00171983
943 0.00179925
944 0.00188168
945 0.00196719
946 0.00205585
947 0.00214774
948 0.00224292
949 0.00234146
950 0.00244345
951 0.00254893
952 0.00265799
953 0.0027707
954 0.0028871
955 0.00300728
956 0.00313129
957 0.00325919
958 0.00339104
959 0.0035269
960 0.00366682
961 0.00381086
962 0.00395906
963 0.00411146
964 0.00426812
965 0.00442908
966 0.00459437
967 0.00476402
968 0.00493807
969 0.00511655
970 0.00529947
971 0.00548686
972 0.00567873
973 0.00587509
974 0.00607596
975 0.00628133
976 0.00649119
977 0.00670555
978 0.0069244
979 0.0071477
980 0.00737545
981 0.00760761
982 0.00784414
983 0.00808503
984 0.0083302
985 0.00857963
986 0.00883325
987 0.009091
988 0.00935281
989 0.00961861
990 0.00988832
991 0.0101619
992 0.0104391
993 0.01072
994 0.0110045
995 0.0112923
996 0.0115835
997 0.0118778
998 0.0121752
999 0.0124755
1000 0.0127786
1001 0.0130844
1002 0.0133926
1003 0.0137031
1004 0.0140158
1005 0.0143304
1006 0.0146469
1007 0.014965
1008 0.0152846
1009 0.0156054
1010 0.0159272
1011 0.01625
1012 0.0165733
1013 0.0168971
1014 0.0172211
1015 0.0175452
1016 0.017869
1017 0.0181923
1018 0.018515
1019 0.0188368
1020 0.0191575
1021 0.0194768
1022 0.0197944
1023 0.0201102
1024 0.0204239
1025 0.0207353
1026 0.021044
1027 0.0213499
1028 0.0216527
1029 0.0219522
1030 0.0222481
1031 0.0225402
1032 0.0228282
1033 0.0231119
1034 0.023391
1035 0.0236653
1036 0.0239346
1037 0.0241986
1038 0.0244571
1039 0.0247098
1040 0.0249566
1041 0.0251971
1042 0.0254313
1043 0.0256588
1044 0.0258796
1045 0.0260932
1046 0.0262997
1047 0.0264987
1048 0.0266901
1049 0.0268737
1050 0.0270493
1051 0.0272168
1052 0.027376
1053 0.0275268
1054 0.027669
1055 0.0278025
1056 0.0279271
1057 0.0280428
1058 0.0281494
1059 0.0282468
1060 0.0283349
1061 0.0284137
1062 0.0284831
1063 0.028543
1064 0.0285933
1065 0.028634
1066 0.0286651
1067 0.0286866
1068 0.0286984
1069 0.0287005
1070 0.0286929
1071 0.0286756
1072 0.0286487
1073 0.0286122
1074 0.0285662
1075 0.0285105
1076 0.0284455
1077 0.028371
1078 0.0282872
1079 0.0281942
1080 0.0280921
1081 0.0279809
1082 0.0278609
1083 0.027732
1084 0.0275945
1085 0.0274484
1086 0.027294
1087 0.0271314
1088 0.0269607
1089 0.026782
1090 0.0265957
1091 0.0264019
1092 0.0262006
1093 0.0259923
1094 0.0257769
1095 0.0255548
1096 0.0253262
1097 0.0250912
1098 0.0248501
1099 0.0246031
1100 0.0243504
1101 0.0240923
1102 0.023829
1103 0.0235607
1104 0.0232876
1105 0.0230101
1106 0.0227283
1107 0.0224424
1108 0.0221528
1109 0.0218596
1110 0.0215632
1111 0.0212636
1112 0.0209613
1113 0.0206564
1114 0.0203492
1115 0.0200399
1116 0.0197287
1117 0.0194159
1118 0.0191017
1119 0.0187864
1120 0.0184701
1121 0.0181532
1122 0.0178357
1123 0.017518
1124 0.0172003
1125 0.0168827
1126 0.0165655
1127 0.0162489
1128 0.015933
1129 0.0156182
1130 0.0153044
1131 0.0149921
1132 0.0146812
1133 0.014372
1134 0.0140647
1135 0.0137594
1136 0.0134563
1137 0.0131556
1138 0.0128573
1139 0.0125616
1140 0.0122686
1141 0.0119786
1142 0.0116915
1143 0.0114076
1144 0.0111269
1145 0.0108495
1146 0.0105756
1147 0.0103052
1148 0.0100384
1149 0.00977524
1150 0.00951588
1151 0.00926037
1152 0.00900875
1153 0.00876109
1154 0.00851744
1155 0.00827785
1156 0.00804235
1157 0.007811
1158 0.00758381
1159 0.00736081
1160 0.00714203
1161 0.00692748
1162 0.00671718
1163 0.00651113
1164 0.00630934
1165 0.0061118
1166 0.00591851
1167 0.00572946
1168 0.00554464
1169 0.00536403
1170 0.0051876
1171 0.00501535
1172 0.00484723
1173 0.00468322
1174 0.00452329
1175 0.00436739
1176 0.0042155
1177 0.00406757
1178 0.00392355
1179 0.0037834
1180 0.00364707
1181 0.00351451
1182 0.00338567
1183 0.0032605
1184 0.00313894
1185 0.00302093
1186 0.00290641
1187 0.00279533
1188 0.00268763
1189 0.00258324
1190 0.00248211
1191 0.00238416
1192 0.00228934
1193 0.00219758
1194 0.00210882
1195 0.00202299
1196 0.00194004
1197 0.00185988
1198 0.00178246
1199 0.00170772
1200 0.00163559
1201 0.001566
1202 0.00149889
1203 0.00143419
1204 0.00137185
1205 0.0013118
1206 0.00125398
1207 0.00119832
1208 0.00114476
1209 0.00109325
1210 0.00104373
1211 0.000996131
1212 0.0009504
1213 0.00090648
1214 0.000864315
1215 0.000823849
1216 0.000785028
1217 0.000747799
1218 0.00071211
1219 0.000677909
1220 0.000645146
1221 0.000613772
1222 0.00058374
1223 0.000555001
1224 0.000527511
1225 0.000501224
1226 0.000476097
1227 0.000452088
1228 0.000429153
1229 0.000407255
1230 0.000386352
1231 0.000366407
1232 0.000347382
1233 0.000329242
1234 0.000311951
1235 0.000295476
1236 0.000279784
1237 0.000264842
1238 0.000250619
1239 0.000237087
1240 0.000224215
1241 0.000211976
1242 0.000200342
1243 0.000189288
1244 0.000178788
1245 0.000168819
1246 0.000159355
1247 0.000150376
1248 0.000141858
1249 0.000133781
1250 0.000126125
1251 0.000118871
1252 0.000111999
1253 0.000105492
1254 9.93317e-05
1255 9.35026e-05
1256 8.79884e-05
1257 8.27738e-05
1258 7.78443e-05
1259 7.31858e-05
1260 6.87849e-05
1261 6.46288e-05
1262 6.07051e-05
1263 5.70021e-05
1264 5.35085e-05
1265 5.02137e-05
1266 4.71072e-05
1267 4.41794e-05
1268 4.14209e-05
1269 3.88227e-05
1270 3.63764e-05
1271 3.40737e-05
1272 3.19071e-05
1273 2.98691e-05
1274 2.79527e-05
1275 2.61513e-05
1276 2.44585e-05
1277 2.28683e-05
1278 2.13749e-05
1279 1.9973e-05
1280 1.86574e-05
1281 1.74231e-05
1282 1.62655e-05
1283 1.51801e-05
1284 1.41629e-05
1285 1.32099e-05
1286 1.23172e-05
1287 1.14813e-05
1288 1.06989e-05
1289 9.96683e-06
1290 9.282e-06
1291 8.6416e-06
1292 8.04293e-06
1293 7.48347e-06
1294 6.96081e-06
1295 6.47269e-06
1296 6.01697e-06
1297 5.59164e-06
1298 5.1948e-06
1299 4.82465e-06
1300 4.47953e-06
1301 4.15783e-06
1302 3.85806e-06
1303 3.57882e-06
1304 3.31879e-06
1305 3.07671e-06
1306 2.85143e-06
1307 2.64185e-06
1308 2.44693e-06
1309 2.2657e-06
1310 2.09726e-06
1311 1.94076e-06
1312 1.79539e-06
1313 1.66041e-06
1314 1.53511e-06
1315 1.41884e-06
1316 1.31098e-06
1317 1.21095e-06
1318 1.11821e-06
1319 1.03227e-06
1320 9.52644e-07
1321 8.78895e-07
1322 8.1061e-07
1323 7.47405e-07
1324 6.8892e-07
1325 6.34821e-07
1326 5.84793e-07
1327 5.38546e-07
1328 4.95807e-07
1329 4.56322e-07
1330 4.19855e-07
1331 3.86187e-07
1332 3.55111e-07
1333 3.26438e-07
1334 2.9999e-07
1335 2.75602e-07
1336 2.53121e-07
1337 2.32404e-07
1338 2.13318e-07
1339 1.95742e-07
1340 1.79559e-07
1341 1.64666e-07
1342 1.50962e-07
1343 1.38358e-07
1344 1.26768e-07
1345 1.16114e-07
1346 1.06324e-07
1347 9.73309e-08
1348 8.90716e-08
1349 8.14889e-08
1350 7.45295e-08
1351 6.81443e-08
1352 6.22876e-08
1353 5.69175e-08
1354 5.19949e-08
1355 4.7484e-08
1356 4.33517e-08
1357 3.95673e-08
1358 3.61026e-08
1359 3.29315e-08
1360 3.00302e-08
1361 2.73764e-08
1362 2.49498e-08
1363 2.27317e-08
1364 2.07046e-08
1365 1.88529e-08
1366 1.71617e-08
1367 1.56176e-08
1368 1.42083e-08
1369 1.29225e-08
1370 1.17495e-08
1371 1.068e-08
1372 9.70496e-09
1373 8.8164e-09
1374 8.00687e-09
1375 7.26956e-09
1376 6.59825e-09
1377 5.98719e-09
1378 5.43116e-09
1379 4.92535e-09
1380 4.46537e-09
1381 4.04717e-09
1382 3.66709e-09
1383 3.32175e-09
1384 3.00807e-09
1385 2.72324e-09
1386 2.46467e-09
1387 2.23001e-09
1388 2.01712e-09
1389 1.82403e-09
1390 1.64896e-09
1391 1.49027e-09
1392 1.34647e-09
1393 1.21619e-09
1394 1.09821e-09
1395 9.91399e-10
1396 8.9472e-10
1397 8.0724e-10
1398 7.28108e-10
1399 6.56548e-10
1400 5.91854e-10
1401 5.33384e-10
1402 4.80555e-10
1403 4.32837e-10
1404 3.89747e-10
1405 3.50849e-10
1406 3.15744e-10
1407 2.84072e-10
1408 2.55505e-10
1409 2.29746e-10
1410 2.06527e-10
1411 1.85602e-10
1412 1.6675e-10
1413 1.49772e-10
1414 1.34484e-10
1415 1.20723e-10
1416 1.0834e-10
1417 9.71998e-11
1418 8.71808e-11
1419 7.81727e-11
1420 7.00758e-11
1421 6.28e-11
1422 5.62639e-11
1423 5.0394e-11
1424 4.51238e-11
1425 4.03936e-11
1426 3.61491e-11
1427 3.23416e-11
1428 2.8927e-11
1429 2.58658e-11
1430 2.3122e-11
1431 2.06635e-11
1432 1.84613e-11
1433 1.64891e-11
1434 1.47236e-11
1435 1.31434e-11
1436 1.17295e-11
1437 1.04648e-11
1438 9.33386e-12
1439 8.32281e-12
1440 7.4192e-12
1441 6.61186e-12
1442 5.89072e-12
1443 5.24677e-12
1444 4.67191e-12
1445 4.15887e-12
1446 3.70114e-12
1447 3.29286e-12
1448 2.92881e-12
1449 2.60428e-12
1450 2.31506e-12
1451 2.05738e-12
1452 1.82788e-12
1453 1.62352e-12
1454 1.44161e-12
1455 1.27973e-12
1456 1.1357e-12
1457 1.00761e-12
1458 8.93712e-13
1459 7.92469e-13
1460 7.02499e-13
1461 6.22571e-13
1462 5.51583e-13
1463 4.88554e-13
1464 4.32606e-13
1465 3.82959e-13
1466 3.38916e-13
1467 2.99855e-13
1468 2.65222e-13
1469 2.34524e-13
1470 2.07322e-13
1471 1.83224e-13
1472 1.61883e-13
1473 1.42988e-13
1474 1.26263e-13
1475 1.11464e-13
1476 9.83723e-14
1477 8.67944e-14
1478 7.65581e-14
1479 6.75104e-14
1480 5.95157e-14
1481 5.24534e-14
1482 4.62164e-14
1483 4.07099e-14
1484 3.58497e-14
1485 3.15611e-14
1486 2.77779e-14
1487 2.44416e-14
1488 2.15002e-14
1489 1.89075e-14
1490 1.6623e-14
1491 1.46106e-14
1492 1.28383e-14
1493 1.1278e-14
1494 9.90458e-15
1495 8.69608e-15
1496 7.63298e-15
1497 6.69804e-15
1498 5.87603e-15
1499 5.15352e-15
1500 4.51863e-15
1501 3.96089e-15
1502 3.47107e-15
1503 3.041e-15
1504 2.66351e-15
1505 2.33225e-15
1506 2.04165e-15
1507 1.78677e-15
1508 1.5633e-15
1509 1.36741e-15
1510 1.19575e-15
1511 1.04536e-15
1512 9.13647e-16
1513 7.98313e-16
1514 6.97353e-16
1515 6.09e-16
1516 5.31699e-16
1517 4.64087e-16
1518 4.04965e-16
1519 3.53282e-16
1520 3.08112e-16
1521 2.68647e-16
1522 2.34175e-16
1523 2.04072e-16
1524 1.77791e-16
1525 1.54854e-16
1526 1.34841e-16
1527 1.17383e-16
1528 1.02158e-16
1529 8.8884e-17
1530 7.73146e-17
1531 6.72332e-17
1532 5.84509e-17
1533 5.08023e-17
1534 4.41429e-17
1535 3.83462e-17
1536 3.3302e-17
1537 2.89136e-17
1538 2.50968e-17
1539 2.17781e-17
1540 1.88932e-17
1541 1.63861e-17
1542 1.4208e-17
1543 1.23161e-17
1544 1.06733e-17
1545 9.24713e-18
1546 8.00942e-18
1547 6.93553e-18
1548 6.00403e-18
1549 5.19625e-18
1550 4.49596e-18
1551 3.88901e-18
1552 3.3631e-18
1553 2.90753e-18
1554 2.51301e-18
1555 2.17144e-18
1556 1.8758e-18
1557 1.61998e-18
1558 1.39868e-18
1559 1.20728e-18
1560 1.0418e-18
1561 8.98763e-19
1562 7.75158e-19
1563 6.68374e-19
1564 5.76147e-19
1565 4.96514e-19
1566 4.27774e-19
1567 3.68452e-19
1568 3.17273e-19
1569 2.7313e-19
1570 2.35067e-19
1571 2.02254e-19
1572 1.73976e-19
1573 1.49611e-19
1574 1.28625e-19
1575 1.10553e-19
1576 9.49953e-20
1577 8.16053e-20
1578 7.00841e-20
1579 6.01737e-20
1580 5.1651e-20
1581 4.43238e-20
1582 3.8026e-20
1583 3.26144e-20
1584 2.79657e-20
1585 2.39732e-20
1586 2.05453e-20
1587 1.7603e-20
1588 1.50781e-20
1589 1.2912e-20
1590 1.10542e-20
1591 9.46117e-21
1592 8.09563e-21
1593 6.92538e-21
1594 5.92275e-21
1595 5.06396e-21
1596 4.32857e-21
1597 3.69901e-21
1598 3.1602e-21
1599 2.69917e-21
1600 2.3048e-21
1601 1.96755e-21
1602 1.67921e-21
1603 1.43275e-21
1604 1.22215e-21
1605 1.04224e-21
1606 8.88584e-22
1607 7.57386e-22
1608 6.45392e-22
1609 5.49818e-22
1610 4.68276e-22
1611 3.98725e-22
1612 3.39417e-22
1613 2.88856e-22
1614 2.45764e-22
1615 2.09047e-22
1616 1.77769e-22
1617 1.51133e-22
1618 1.28454e-22
1619 1.09151e-22
1620 9.27246e-23
1621 7.875e-23
1622 6.68644e-23
1623 5.6758e-23
1624 4.81668e-23
1625 4.08656e-23
1626 3.46621e-23
1627 2.93928e-23
1628 2.49181e-23
1629 2.11192e-23
1630 1.78948e-23
1631 1.51588e-23
1632 1.28378e-23
1633 1.08694e-23
1634 9.20044e-24
1635 7.78572e-24
1636 6.58684e-24
1637 5.57112e-24
1638 4.71081e-24
1639 3.98233e-24
1640 3.36562e-24
1641 2.84368e-24
1642 2.40206e-24
1643 2.0285e-24
1644 1.71259e-24
1645 1.4455e-24
1646 1.21975e-24
1647 1.02899e-24
1648 8.67834e-25
1649 7.31729e-25
1650 6.16809e-25
1651 5.19802e-25
1652 4.37938e-25
1653 3.6887e-25
1654 3.10614e-25
1655 2.61491e-25
1656 2.20079e-25
1657 1.85177e-25
1658 1.55769e-25
1659 1.30998e-25
1660 1.10137e-25
1661 9.2574e-26
1662 7.77914e-26
1663 6.53523e-26
1664 5.48879e-26
1665 4.60872e-26
1666 3.86874e-26
1667 3.24674e-26
1668 2.72403e-26
1669 2.28487e-26
1670 1.91602e-26
1671 1.6063e-26
1672 1.34629e-26
1673 1.12808e-26
1674 9.44989e-27
1675 7.91411e-27
1676 6.6262e-27
1677 5.54645e-27
1678 4.64144e-27
1679 3.8831e-27
1680 3.24783e-27
1681 2.71578e-27
1682 2.27031e-27
1683 1.89742e-27
1684 1.58537e-27
1685 1.3243e-27
1686 1.10593e-27
1687 9.23338e-28
1688 7.70694e-28
1689 6.43119e-28
1690 5.36525e-28
1691 4.47484e-28
1692 3.73125e-28
1693 3.11043e-28
1694 2.59224e-28
1695 2.15983e-28
1696 1.79909e-28
1697 1.49823e-28
1698 1.24735e-28
1699 1.03823e-28
1700 8.63941e-29
1701 7.1873e-29
1702 5.97774e-29
1703 4.97048e-29
1704 4.13189e-29
1705 3.43391e-29
1706 2.85312e-29
1707 2.36995e-29
1708 1.96811e-29
1709 1.63399e-29
1710 1.35624e-29
1711 1.12543e-29
1712 9.33654e-30
1713 7.74362e-30
1714 6.42084e-30
1715 5.32267e-30
1716 4.4112e-30
1717 3.65488e-30
1718 3.02746e-30
1719 2.50711e-30
1720 2.07567e-30
1721 1.71803e-30
1722 1.42165e-30
1723 1.1761e-30
1724 9.72711e-31
1725 8.0429e-31
1726 6.64859e-31
1727 5.49459e-31
1728 4.53972e-31
1729 3.74983e-31
1730 3.09658e-31
1731 2.55647e-31
1732 2.11002e-31
1733 1.74109e-31
1734 1.43629e-31
1735 1.18454e-31
1736 9.76669e-32
1737 8.05065e-32
1738 6.63441e-32
1739 5.46588e-32
1740 4.50199e-32
1741 3.70712e-32
1742 3.05179e-32
1743 2.51166e-32
1744 2.06658e-32
1745 1.69993e-32
1746 1.39796e-32
1747 1.14933e-32
1748 9.44675e-33
1749 7.76257e-33
1750 6.37698e-33
1751 5.23734e-33
1752 4.30023e-33
1753 3.52988e-33
1754 2.89676e-33
1755 2.37658e-33
1756 1.9493e-33
1757 1.59841e-33
1758 1.31035e-33
1759 1.07391e-33
1760 8.7991e-34
1761 7.20765e-34
1762 5.90248e-34
1763 4.83239e-34
1764 3.95526e-34
1765 3.23649e-34
1766 2.64765e-34
1767 2.16537e-34
1768 1.77048e-34
1769 1.44722e-34
1770 1.18268e-34
1771 9.66239e-35
1772 7.89204e-35
1773 6.44437e-35
1774 5.26088e-35
1775 4.29362e-35
1776 3.50329e-35
1777 2.85769e-35
1778 2.33046e-35
1779 1.90001e-35
1780 1.54867e-35
1781 1.26196e-35
1782 1.02807e-35
1783 8.37315e-36
1784 6.81775e-36
1785 5.54986e-36
1786 4.51659e-36
1787 3.67474e-36
1788 2.98904e-36
1789 2.43066e-36
1790 1.97609e-36
1791 1.60611e-36
1792 1.30507e-36
1793 1.06018e-36
1794 8.61027e-37
1795 6.99103e-37
1796 5.67484e-37
1797 4.60527e-37
1798 3.73632e-37
1799 3.03056e-37
1800 2.45748e-37
1801 1.99226e-37
1802 1.61469e-37
1803 1.30834e-37
1804 1.05984e-37
1805 8.58324e-38
1806 6.94942e-38
1807 5.62515e-38
1808 4.55206e-38
1809 3.68272e-38
1810 2.97864e-38
1811 2.40855e-38
1812 1.94706e-38
1813 1.57359e-38
1814 1.27142e-38
1815 1.02701e-38
1816 8.2937e-39
1817 6.69588e-39
1818 5.40447e-39
1819 4.36099e-39
1820 3.51806e-39
1821 2.83731e-39
1822 2.28768e-39
1823 1.84404e-39
1824 1.48604e-39
1825 1.19722e-39
1826 9.64281e-40
1827 7.76456e-40
1828 6.2505e-40
1829 5.03032e-40
1830 4.04725e-40
1831 3.25543e-40
1832 2.61782e-40
1833 2.10452e-40
1834 1.69142e-40
1835 1.35903e-40
1836 1.09167e-40
1837 8.76663e-41
1838 7.03813e-41
1839 5.64888e-41
1840 4.53262e-41
1841 3.63594e-41
1842 2.91585e-41
1843 2.33773e-41
1844 1.87371e-41
1845 1.50139e-41
1846 1.20271e-41
1847 9.63186e-42
1848 7.7115e-42
1849 6.17229e-42
1850 4.93894e-42
1851 3.95094e-42
1852 3.1597e-42
1853 2.52621e-42
1854 2.01917e-42
1855 1.61345e-42
1856 1.28889e-42
1857 1.02933e-42
1858 8.21814e-43
1859 6.55949e-43
1860 5.23414e-43
1861 4.17541e-43
1862 3.3299e-43
1863 2.65486e-43
1864 2.11608e-43
1865 1.68616e-43
1866 1.34322e-43
1867 1.06973e-43
1868 8.5168e-44
1869 6.77891e-44
1870 5.39414e-44
1871 4.29105e-44
1872 3.41259e-44
1873 2.71321e-44
1874 2.15657e-44
1875 1.71365e-44
1876 1.36132e-44
1877 1.08113e-44
1878 8.58375e-45
1879 6.81326e-45
1880 5.40647e-45
1881 4.28896e-45
1882 3.40151e-45
1883 2.69694e-45
1884 2.13772e-45
1885 1.694e-45
1886 1.34201e-45
1887 1.06287e-45
1888 8.41557e-46
1889 6.66147e-46
1890 5.27154e-46
1891 4.17048e-46
1892 3.2985e-46
1893 2.60813e-46
1894 2.06169e-46
1895 1.62929e-46
1896 1.28723e-46
1897 1.01671e-46
1898 8.0282e-47
1899 6.33755e-47
1900 5.00158e-47
1901 3.94615e-47
1902 3.11259e-47
1903 2.45444e-47
1904 1.93493e-47
1905 1.52496e-47
1906 1.20152e-47
1907 9.46429e-48
1908 7.45289e-48
1909 5.86735e-48
1910 4.61785e-48
1911 3.63344e-48
1912 2.85809e-48
1913 2.24757e-48
1914 1.76698e-48
1915 1.38876e-48
1916 1.09119e-48
1917 8.57144e-49
1918 6.73108e-49
1919 5.28436e-49
1920 4.14742e-49
1921 3.25416e-49
1922 2.55256e-49
1923 2.00165e-49
1924 1.56919e-49
1925 1.22981e-49
1926 9.63547e-50
1927 7.54712e-50
1928 5.90965e-50
1929 4.62609e-50
1930 3.62024e-50
1931 2.83225e-50
1932 2.2151e-50
1933 1.73191e-50
1934 1.35371e-50
1935 1.05778e-50
1936 8.26281e-51
1937 6.45249e-51
1938 5.03723e-51
1939 3.93116e-51
1940 3.06699e-51
1941 2.39203e-51
1942 1.86501e-51
1943 1.45365e-51
1944 1.13265e-51
1945 8.82246e-52
1946 6.86977e-52
1947 5.34752e-52
1948 4.1612e-52
1949 3.23697e-52
1950 2.51718e-52
1951 1.95679e-52
1952 1.52063e-52
1953 1.18129e-52
1954 9.17361e-53
1955 7.12152e-53
1956 5.52655e-53
1957 4.28729e-53
1958 3.32475e-53
1959 2.57739e-53
1960 1.99732e-53
1961 1.54724e-53
1962 1.19815e-53
1963 9.27487e-54
1964 7.17703e-54
1965 5.55166e-54
1966 4.29279e-54
1967 3.31814e-54
1968 2.56382e-54
1969 1.98024e-54
1970 1.52892e-54
1971 1.18001e-54
1972 9.10376e-55
1973 7.02084e-55
1974 5.41241e-55
1975 4.17084e-55
1976 3.21283e-55
1977 2.4739e-55
1978 1.90417e-55
1979 1.46507e-55
1980 1.12677e-55
1981 8.66252e-56
1982 6.65698e-56
1983 5.11371e-56
1984 3.92663e-56
1985 3.0139e-56
1986 2.31238e-56
1987 1.77343e-56
1988 1.35954e-56
1989 1.04181e-56
1990 7.98008e-57
1991 6.11007e-57
1992 4.67633e-57
1993 3.57752e-57
1994 2.73576e-57
1995 2.09119e-57
1996 1.5978e-57
1997 1.22031e-57
1998 9.31613e-58
1999 7.10911e-58
2000 5.42263e-58
2001 4.13447e-58
2002 3.15096e-58
2003 2.40038e-58
2004 1.82781e-58
2005 1.39121e-58
2006 1.05844e-58
2007 8.04923e-59
2008 6.11859e-59
2009 4.649e-59
2010 3.53084e-59
2011 2.68044e-59
2012 2.03396e-59
2013 1.54272e-59
2014 1.1696e-59
2015 8.86329e-60
2016 6.71363e-60
2017 5.08304e-60
2018 3.84672e-60
2019 2.90976e-60
2020 2.19998e-60
2021 1.66254e-60
2022 1.25578e-60
2023 9.4805e-61
2024 7.15352e-61
2025 5.39468e-61
2026 4.06585e-61
2027 3.06236e-61
2028 2.30489e-61
2029 1.73337e-61
2030 1.30236e-61
2031 9.77452e-62
2032 7.32641e-62
2033 5.48264e-62
2034 4.09469e-62
2035 3.05039e-62
2036 2.26505e-62
2037 1.67481e-62
2038 1.23151e-62
2039 8.98878e-63
2040 6.49596e-63
2041 4.63133e-63
2042 3.24082e-63
2043 2.20916e-63
2044 1.45052e-63
2045 9.0154e-64
2046 5.1615e-64
2047 2.61818e-64
