0 2.5338e-70
1 2.50894e-70
2 2.68704e-70
3 3.08695e-70
4 3.75094e-70
5 4.74902e-70
6 6.18619e-70
7 8.21317e-70
8 1.1042e-69
9 1.49675e-69
10 2.03977e-69
11 2.78955e-69
12 3.82353e-69
13 5.24822e-69
14 7.20994e-69
15 9.90954e-69
16 1.36227e-68
17 1.87272e-68
18 2.57414e-68
19 3.53749e-68
20 4.85999e-68
21 6.67469e-68
22 9.16364e-68
23 1.25758e-67
24 1.72515e-67
25 2.36556e-67
26 3.24231e-67
27 4.44207e-67
28 6.0831e-67
29 8.32668e-67
30 1.13926e-66
31 1.55805e-66
32 2.12982e-66
33 2.9101e-66
34 3.97444e-66
35 5.4256e-66
36 7.40325e-66
37 1.00972e-65
38 1.37651e-65
39 1.87569e-65
40 2.55472e-65
41 3.478e-65
42 4.73279e-65
43 6.43734e-65
44 8.75179e-65
45 1.18929e-64
46 1.61541e-64
47 2.19319e-64
48 2.97626e-64
49 4.03708e-64
50 5.4735e-64
51 7.41758e-64
52 1.00476e-63
53 1.36038e-63
54 1.84102e-63
55 2.49033e-63
56 3.3671e-63
57 4.55045e-63
58 6.14686e-63
59 8.29949e-63
60 1.12008e-62
61 1.51094e-62
62 2.03724e-62
63 2.7456e-62
64 3.69856e-62
65 4.97996e-62
66 6.70221e-62
67 9.01589e-62
68 1.21227e-61
69 1.62924e-61
70 2.18862e-61
71 2.9387e-61
72 3.944e-61
73 5.29074e-61
74 7.09404e-61
75 9.50755e-61
76 1.27362e-60
77 1.70534e-60
78 2.28232e-60
79 3.0531e-60
80 4.08228e-60
81 5.45582e-60
82 7.2881e-60
83 9.73118e-60
84 1.29871e-59
85 1.73243e-59
86 2.30992e-59
87 3.07845e-59
88 4.10076e-59
89 5.45999e-59
90 7.26633e-59
91 9.66571e-59
92 1.28513e-58
93 1.70788e-58
94 2.26862e-58
95 3.01205e-58
96 3.99721e-58
97 5.30209e-58
98 7.02962e-58
99 9.3156e-58
100 1.23391e-57
101 1.63363e-57
102 2.1618e-57
103 2.85938e-57
104 3.78026e-57
105 4.99535e-57
106 6.59788e-57
107 8.71038e-57
108 1.14938e-56
109 1.51594e-56
110 1.99846e-56
111 2.63331e-56
112 3.46818e-56
113 4.56556e-56
114 6.00731e-56
115 7.90058e-56
116 1.03856e-55
117 1.36457e-55
118 1.79207e-55
119 2.35237e-55
120 3.08637e-55
121 4.04748e-55
122 5.30534e-55
123 6.95079e-55
124 9.10224e-55
125 1.19139e-54
126 1.55867e-54
127 2.03819e-54
128 2.66396e-54
129 3.4802e-54
130 4.54436e-54
131 5.93108e-54
132 7.73725e-54
133 1.00886e-53
134 1.31483e-53
135 1.71278e-53
136 2.2301e-53
137 2.90228e-53
138 3.77526e-53
139 4.90849e-53
140 6.37883e-53
141 8.28566e-53
142 1.07574e-52
143 1.39598e-52
144 1.81068e-52
145 2.34747e-52
146 3.04195e-52
147 3.94e-52
148 5.10076e-52
149 6.60035e-52
150 8.53675e-52
151 1.1036e-51
152 1.42602e-51
153 1.84177e-51
154 2.3776e-51
155 3.06787e-51
156 3.95667e-51
157 5.10057e-51
158 6.57208e-51
159 8.46415e-51
160 1.08958e-50
161 1.40195e-50
162 1.80304e-50
163 2.31778e-50
164 2.97809e-50
165 3.82475e-50
166 4.90982e-50
167 6.29981e-50
168 8.07958e-50
169 1.03574e-49
170 1.32713e-49
171 1.69972e-49
172 2.17591e-49
173 2.78425e-49
174 3.56106e-49
175 4.55253e-49
176 5.81743e-49
177 7.43044e-49
178 9.48644e-49
179 1.21059e-48
180 1.54419e-48
181 1.96884e-48
182 2.50917e-48
183 3.19639e-48
184 4.07005e-48
185 5.18025e-48
186 6.59044e-48
187 8.38092e-48
188 1.06533e-47
189 1.3536e-47
190 1.71915e-47
191 2.18251e-47
192 2.7696e-47
193 3.51316e-47
194 4.45452e-47
195 5.64581e-47
196 7.15278e-47
197 9.05835e-47
198 1.1467e-46
199 1.45104e-46
200 1.83543e-46
201 2.32074e-46
202 2.93325e-46
203 3.70599e-46
204 4.68054e-46
205 5.90914e-46
206 7.45747e-46
207 9.40803e-46
208 1.18645e-45
209 1.49569e-45
210 1.88487e-45
211 2.37447e-45
212 2.99022e-45
213 3.76434e-45
214 4.73727e-45
215 5.95967e-45
216 7.49501e-45
217 9.42282e-45
218 1.18427e-44
219 1.48792e-44
220 1.86885e-44
221 2.34658e-44
222 2.94554e-44
223 3.69627e-44
224 4.63696e-44
225 5.81537e-44
226 7.29116e-44
227 9.13889e-44
228 1.14517e-43
229 1.43459e-43
230 1.79667e-43
231 2.24953e-43
232 2.81582e-43
233 3.52374e-43
234 4.40853e-43
235 5.51411e-43
236 6.89526e-43
237 8.62026e-43
238 1.07742e-42
239 1.34633e-42
240 1.68195e-42
241 2.10077e-42
242 2.62327e-42
243 3.27501e-42
244 4.08776e-42
245 5.1011e-42
246 6.36428e-42
247 7.93855e-42
248 9.90013e-42
249 1.23438e-41
250 1.53875e-41
251 1.91777e-41
252 2.38965e-41
253 2.97704e-41
254 3.70805e-41
255 4.61762e-41
256 5.74912e-41
257 7.15644e-41
258 8.90644e-41
259 1.10821e-40
260 1.37864e-40
261 1.71471e-40
262 2.13227e-40
263 2.65096e-40
264 3.29513e-40
265 4.09497e-40
266 5.08788e-40
267 6.32018e-40
268 7.84927e-40
269 9.74616e-40
270 1.20988e-39
271 1.5016e-39
272 1.86323e-39
273 2.31143e-39
274 2.86678e-39
275 3.55473e-39
276 4.40672e-39
277 5.46159e-39
278 6.76731e-39
279 8.38313e-39
280 1.03821e-38
281 1.28546e-38
282 1.59117e-38
283 1.96906e-38
284 2.43607e-38
285 3.01302e-38
286 3.72559e-38
287 4.60542e-38
288 5.69144e-38
289 7.03156e-38
290 8.68474e-38
291 1.07235e-37
292 1.32369e-37
293 1.63346e-37
294 2.01512e-37
295 2.4852e-37
296 3.064e-37
297 3.77643e-37
298 4.65305e-37
299 5.73136e-37
300 7.05732e-37
301 8.68725e-37
302 1.06902e-36
303 1.31506e-36
304 1.6172e-36
305 1.9881e-36
306 2.44326e-36
307 3.00163e-36
308 3.68636e-36
309 4.52578e-36
310 5.55447e-36
311 6.81465e-36
312 8.35792e-36
313 1.02472e-35
314 1.25592e-35
315 1.53877e-35
316 1.88467e-35
317 2.30753e-35
318 2.82431e-35
319 3.45565e-35
320 4.22667e-35
321 5.16797e-35
322 6.31675e-35
323 7.71828e-35
324 9.4276e-35
325 1.15116e-34
326 1.40516e-34
327 1.71463e-34
328 2.09156e-34
329 2.55052e-34
330 3.10918e-34
331 3.78897e-34
332 4.61591e-34
333 5.62152e-34
334 6.84404e-34
335 8.32982e-34
336 1.0135e-33
337 1.23276e-33
338 1.49899e-33
339 1.82217e-33
340 2.21437e-33
341 2.69019e-33
342 3.26731e-33
343 3.96708e-33
344 4.81537e-33
345 5.8434e-33
346 7.08895e-33
347 8.59765e-33
348 1.04246e-32
349 1.26365e-32
350 1.53136e-32
351 1.85531e-32
352 2.24723e-32
353 2.72124e-32
354 3.29443e-32
355 3.98738e-32
356 4.82492e-32
357 5.83701e-32
358 7.05975e-32
359 8.53665e-32
360 1.03202e-31
361 1.24735e-31
362 1.50728e-31
363 1.82098e-31
364 2.19949e-31
365 2.6561e-31
366 3.20682e-31
367 3.8709e-31
368 4.67154e-31
369 5.63659e-31
370 6.79961e-31
371 8.20089e-31
372 9.88893e-31
373 1.1922e-30
374 1.43701e-30
375 1.73173e-30
376 2.08647e-30
377 2.51337e-30
378 3.02698e-30
379 3.64479e-30
380 4.38779e-30
381 5.28115e-30
382 6.35504e-30
383 7.64568e-30
384 9.19646e-30
385 1.10594e-29
386 1.32967e-29
387 1.59831e-29
388 1.9208e-29
389 2.30782e-29
390 2.77218e-29
391 3.32919e-29
392 3.99717e-29
393 4.79801e-29
394 5.75788e-29
395 6.90806e-29
396 8.2859e-29
397 9.93598e-29
398 1.19116e-28
399 1.42761e-28
400 1.71055e-28
401 2.049e-28
402 2.45373e-28
403 2.93758e-28
404 3.51583e-28
405 4.20668e-28
406 5.0318e-28
407 6.01696e-28
408 7.19282e-28
409 8.59584e-28
410 1.02693e-27
411 1.22648e-27
412 1.46433e-27
413 1.74774e-27
414 2.08534e-27
415 2.48732e-27
416 2.96581e-27
417 3.53516e-27
418 4.21239e-27
419 5.01766e-27
420 5.97481e-27
421 7.1121e-27
422 8.46293e-27
423 1.00668e-26
424 1.19705e-26
425 1.42291e-26
426 1.6908e-26
427 2.0084e-26
428 2.38482e-26
429 2.83078e-26
430 3.35894e-26
431 3.98422e-26
432 4.72422e-26
433 5.59966e-26
434 6.63498e-26
435 7.85892e-26
436 9.30536e-26
437 1.10141e-25
438 1.30321e-25
439 1.54145e-25
440 1.8226e-25
441 2.15429e-25
442 2.54547e-25
443 3.00665e-25
444 3.5502e-25
445 4.19061e-25
446 4.94491e-25
447 5.83307e-25
448 6.87852e-25
449 8.10875e-25
450 9.55598e-25
451 1.1258e-24
452 1.32591e-24
453 1.56111e-24
454 1.83749e-24
455 2.16217e-24
456 2.54347e-24
457 2.99117e-24
458 3.51668e-24
459 4.1334e-24
460 4.85695e-24
461 5.70565e-24
462 6.70092e-24
463 7.8678e-24
464 9.23558e-24
465 1.08385e-23
466 1.27166e-23
467 1.49166e-23
468 1.74932e-23
469 2.05102e-23
470 2.40424e-23
471 2.81767e-23
472 3.3015e-23
473 3.8676e-23
474 4.52985e-23
475 5.30444e-23
476 6.21026e-23
477 7.26936e-23
478 8.50746e-23
479 9.95454e-23
480 1.16456e-22
481 1.36215e-22
482 1.59296e-22
483 1.86255e-22
484 2.17738e-22
485 2.54496e-22
486 2.97406e-22
487 3.47488e-22
488 4.05932e-22
489 4.74119e-22
490 5.53659e-22
491 6.46424e-22
492 7.54591e-22
493 8.80693e-22
494 1.02767e-21
495 1.19895e-21
496 1.39849e-21
497 1.63092e-21
498 1.90158e-21
499 2.21671e-21
500 2.58349e-21
501 3.01031e-21
502 3.50686e-21
503 4.08438e-21
504 4.75589e-21
505 5.53647e-21
506 6.44356e-21
507 7.49738e-21
508 8.72129e-21
509 1.01423e-20
510 1.17916e-20
511 1.37053e-20
512 1.5925e-20
513 1.84989e-20
514 2.14822e-20
515 2.49391e-20
516 2.89431e-20
517 3.35793e-20
518 3.89453e-20
519 4.51538e-20
520 5.23341e-20
521 6.06352e-20
522 7.02282e-20
523 8.13096e-20
524 9.4105e-20
525 1.08873e-19
526 1.25912e-19
527 1.45561e-19
528 1.68211e-19
529 1.94308e-19
530 2.24364e-19
531 2.58964e-19
532 2.98778e-19
533 3.44569e-19
534 3.97212e-19
535 4.57704e-19
536 5.27183e-19
537 6.06948e-19
538 6.98479e-19
539 8.03461e-19
540 9.23817e-19
541 1.06173e-18
542 1.2197e-18
543 1.40054e-18
544 1.60748e-18
545 1.84417e-18
546 2.11476e-18
547 2.42396e-18
548 2.77713e-18
549 3.18033e-18
550 3.64044e-18
551 4.16526e-18
552 4.76362e-18
553 5.44553e-18
554 6.22231e-18
555 7.10678e-18
556 8.11345e-18
557 9.25873e-18
558 1.05612e-17
559 1.20417e-17
560 1.37241e-17
561 1.5635e-17
562 1.78048e-17
563 2.02675e-17
564 2.30618e-17
565 2.62312e-17
566 2.98247e-17
567 3.38979e-17
568 3.85134e-17
569 4.37416e-17
570 4.96623e-17
571 5.63653e-17
572 6.3952e-17
573 7.25367e-17
574 8.22483e-17
575 9.32324e-17
576 1.05653e-16
577 1.19695e-16
578 1.35568e-16
579 1.53506e-16
580 1.73776e-16
581 1.96678e-16
582 2.2255e-16
583 2.51773e-16
584 2.84778e-16
585 3.22051e-16
586 3.64142e-16
587 4.1167e-16
588 4.65333e-16
589 5.25922e-16
590 5.94327e-16
591 6.71556e-16
592 7.58744e-16
593 8.57177e-16
594 9.68303e-16
595 1.09376e-15
596 1.2354e-15
597 1.3953e-15
598 1.57584e-15
599 1.77966e-15
600 2.00979e-15
601 2.26962e-15
602 2.56299e-15
603 2.89423e-15
604 3.26823e-15
605 3.69052e-15
606 4.16732e-15
607 4.70568e-15
608 5.31352e-15
609 5.9998e-15
610 6.77461e-15
611 7.64932e-15
612 8.63676e-15
613 9.75137e-15
614 1.10094e-14
615 1.24293e-14
616 1.40315e-14
617 1.58392e-14
618 1.78786e-14
619 2.0179e-14
620 2.27732e-14
621 2.56983e-14
622 2.89957e-14
623 3.2712e-14
624 3.68993e-14
625 4.1616e-14
626 4.69277e-14
627 5.29075e-14
628 5.96373e-14
629 6.72087e-14
630 7.57238e-14
631 8.52967e-14
632 9.60545e-14
633 1.08139e-13
634 1.21708e-13
635 1.36938e-13
636 1.54023e-13
637 1.73181e-13
638 1.94652e-13
639 2.18704e-13
640 2.45633e-13
641 2.75767e-13
642 3.09469e-13
643 3.47139e-13
644 3.8922e-13
645 4.36202e-13
646 4.88623e-13
647 5.47076e-13
648 6.12214e-13
649 6.84754e-13
650 7.65485e-13
651 8.55269e-13
652 9.55054e-13
653 1.06588e-12
654 1.18887e-12
655 1.32527e-12
656 1.47643e-12
657 1.64382e-12
658 1.82904e-12
659 2.03383e-12
660 2.26009e-12
661 2.50986e-12
662 2.78537e-12
663 3.08902e-12
664 3.4234e-12
665 3.79131e-12
666 4.19578e-12
667 4.64004e-12
668 5.1276e-12
669 5.66218e-12
670 6.24779e-12
671 6.88872e-12
672 7.58954e-12
673 8.35513e-12
674 9.19068e-12
675 1.01017e-11
676 1.1094e-11
677 1.21738e-11
678 1.33476e-11
679 1.46223e-11
680 1.60051e-11
681 1.75035e-11
682 1.91256e-11
683 2.08797e-11
684 2.27742e-11
685 2.48183e-11
686 2.70211e-11
687 2.93923e-11
688 3.19416e-11
689 3.46793e-11
690 3.76155e-11
691 4.07608e-11
692 4.41258e-11
693 4.77213e-11
694 5.15578e-11
695 5.56461e-11
696 5.99969e-11
697 6.46204e-11
698 6.9527e-11
699 7.47263e-11
700 8.02277e-11
701 8.60402e-11
702 9.2172e-11
703 9.86305e-11
704 1.05423e-10
705 1.12554e-10
706 1.20029e-10
707 1.27852e-10
708 1.36025e-10
709 1.4455e-10
710 1.53426e-10
711 1.62652e-10
712 1.72226e-10
713 1.82145e-10
714 1.92403e-10
715 2.02995e-10
716 2.13914e-10
717 2.25154e-10
718 2.36709e-10
719 2.48572e-10
720 2.6074e-10
721 2.73208e-10
722 2.85979e-10
723 2.99058e-10
724 3.12454e-10
725 3.26186e-10
726 3.40282e-10
727 3.54781e-10
728 3.69737e-10
729 3.8522e-10
730 4.01323e-10
731 4.18164e-10
732 4.3589e-10
733 4.54682e-10
734 4.74766e-10
735 4.96412e-10
736 5.19947e-10
737 5.45764e-10
738 5.74327e-10
739 6.06188e-10
740 6.41995e-10
741 6.82506e-10
742 7.28606e-10
743 7.81321e-10
744 8.41839e-10
745 9.1153e-10
746 9.91968e-10
747 1.08496e-09
748 1.19255e-09
749 1.3171e-09
750 1.46128e-09
751 1.6281e-09
752 1.82098e-09
753 2.04378e-09
754 2.30085e-09
755 2.59706e-09
756 2.93788e-09
757 3.32946e-09
758 3.77863e-09
759 4.29304e-09
760 4.88118e-09
761 5.55253e-09
762 6.31756e-09
763 7.18793e-09
764 8.1765e-09
765 9.2975e-09
766 1.05666e-08
767 1.20012e-08
768 1.36203e-08
769 1.54447e-08
770 1.74976e-08
771 1.9804e-08
772 2.23916e-08
773 2.52905e-08
774 2.85337e-08
775 3.21572e-08
776 3.62001e-08
777 4.07052e-08
778 4.57189e-08
779 5.12916e-08
780 5.74781e-08
781 6.43378e-08
782 7.19351e-08
783 8.03395e-08
784 8.96263e-08
785 9.98769e-08
786 1.11179e-07
787 1.23627e-07
788 1.37324e-07
789 1.52378e-07
790 1.68908e-07
791 1.87041e-07
792 2.06913e-07
793 2.2867e-07
794 2.52469e-07
795 2.78478e-07
796 3.06875e-07
797 3.37854e-07
798 3.7162e-07
799 4.08393e-07
800 4.48405e-07
801 4.91908e-07
802 5.39167e-07
803 5.90466e-07
804 6.46108e-07
805 7.06412e-07
806 7.71722e-07
807 8.42399e-07
808 9.18831e-07
809 1.00142e-06
810 1.09062e-06
811 1.18687e-06
812 1.29066e-06
813 1.40252e-06
814 1.52299e-06
815 1.65265e-06
816 1.79211e-06
817 1.94203e-06
818 2.10308e-06
819 2.27599e-06
820 2.46153e-06
821 2.66051e-06
822 2.87377e-06
823 3.10222e-06
824 3.34681e-06
825 3.60854e-06
826 3.88846e-06
827 4.1877e-06
828 4.50741e-06
829 4.84885e-06
830 5.2133e-06
831 5.60216e-06
832 6.01685e-06
833 6.4589e-06
834 6.92992e-06
835 7.43159e-06
836 7.96569e-06
837 8.53409e-06
838 9.13875e-06
839 9.78175e-06
840 1.04653e-05
841 1.11916e-05
842 1.19632e-05
843 1.27825e-05
844 1.36522e-05
845 1.45752e-05
846 1.55544e-05
847 1.6593e-05
848 1.76941e-05
849 1.88613e-05
850 2.00981e-05
851 2.14085e-05
852 2.27963e-05
853 2.42659e-05
854 2.58216e-05
855 2.74682e-05
856 2.92105e-05
857 3.10538e-05
858 3.30034e-05
859 3.50652e-05
860 3.7245e-05
861 3.95494e-05
862 4.19848e-05
863 4.45584e-05
864 4.72774e-05
865 5.01497e-05
866 5.31833e-05
867 5.63868e-05
868 5.97692e-05
869 6.334e-05
870 6.7109e-05
871 7.10867e-05
872 7.52839e-05
873 7.97123e-05
874 8.43837e-05
875 8.93109e-05
876 9.45072e-05
877 9.99863e-05
878 0.000105763
879 0.000111852
880 0.00011827
881 0.000125034
882 0.00013216
883 0.000139668
884 0.000147577
885 0.000155906
886 0.000164676
887 0.00017391
888 0.000183631
889 0.000193861
890 0.000204626
891 0.000215953
892 0.000227867
893 0.000240398
894 0.000253574
895 0.000267426
896 0.000281986
897 0.000297287
898 0.000313362
899 0.000330248
900 0.000347981
901 0.000366599
902 0.000386143
903 0.000406652
904 0.00042817
905 0.000450741
906 0.000474409
907 0.000499221
908 0.000525226
909 0.000552473
910 0.000581014
911 0.000610901
912 0.000642189
913 0.000674934
914 0.000709193
915 0.000745025
916 0.00078249
917 0.00082165
918 0.000862568
919 0.00090531
920 0.000949941
921 0.000996529
922 0.00104514
923 0.00109585
924 0.00114873
925 0.00120385
926 0.00126128
927 0.00132111
928 0.00138339
929 0.00144822
930 0.00151568
931 0.00158583
932 0.00165876
933 0.00173455
934 0.00181328
935 0.00189503
936 0.00197988
937 0.00206791
938 0.00215922
939 0.00225387
940 0.00235194
941 0.00245353
942 0.00255871
943 0.00266756
944 0.00278016
945 0.00289659
946 0.00301693
947 0.00314125
948 0.00326962
949 0.00340212
950 0.00353883
951 0.0036798
952 0.00382511
953 0.00397482
954 0.00412899
955 0.00428769
956 0.00445096
957 0.00461886
958 0.00479145
959 0.00496875
960 0.00515083
961 0.00533772
962 0.00552944
963 0.00572603
964 0.00592752
965 0.00613391
966 0.00634524
967 0.0065615
968 0.00678271
969 0.00700885
970 0.00723993
971 0.00747592
972 0.00771681
973 0.00796258
974 0.00821318
975 0.00846859
976 0.00872875
977 0.00899361
978 0.00926311
979 0.00953719
980 0.00981577
981 0.0100988
982 0.0103861
983 0.0106776
984 0.0109733
985 0.011273
986 0.0115766
987 0.0118839
988 0.0121949
989 0.0125094
990 0.0128272
991 0.0131482
992 0.0134722
993 0.0137991
994 0.0141286
995 0.0144605
996 0.0147948
997 0.0151311
998 0.0154693
999 0.0158092
1000 0.0161504
1001 0.0164929
1002 0.0168364
1003 0.0171805
1004 0.0175252
1005 0.01787
1006 0.0182149
1007 0.0185594
1008 0.0189034
1009 0.0192466
1010 0.0195886
1011 0.0199293
1012 0.0202683
1013 0.0206054
1014 0.0209403
1015 0.0212726
1016 0.0216021
1017 0.0219286
1018 0.0222516
1019 0.022571
1020 0.0228865
1021 0.0231976
1022 0.0235042
1023 0.023806
1024 0.0241027
1025 0.024394
1026 0.0246796
1027 0.0249592
1028 0.0252326
1029 0.0254995
1030 0.0257596
1031 0.0260127
1032 0.0262585
1033 0.0264967
1034 0.0267272
1035 0.0269497
1036 0.027164
1037 0.0273698
1038 0.0275669
1039 0.0277551
1040 0.0279343
1041 0.0281042
1042 0.0282646
1043 0.0284155
1044 0.0285566
1045 0.0286877
1046 0.0288089
1047 0.0289198
1048 0.0290204
1049 0.0291107
1050 0.0291904
1051 0.0292596
1052 0.0293181
1053 0.0293659
1054 0.029403
1055 0.0294292
1056 0.0294446
1057 0.0294492
1058 0.029443
1059 0.029426
1060 0.0293981
1061 0.0293595
1062 0.0293102
1063 0.0292502
1064 0.0291797
1065 0.0290986
1066 0.0290072
1067 0.0289054
1068 0.0287935
1069 0.0286715
1070 0.0285395
1071 0.0283978
1072 0.0282465
1073 0.0280857
1074 0.0279156
1075 0.0277364
1076 0.0275483
1077 0.0273516
1078 0.0271463
1079 0.0269327
1080 0.0267111
1081 0.0264817
1082 0.0262447
1083 0.0260003
1084 0.0257489
1085 0.0254906
1086 0.0252258
1087 0.0249546
1088 0.0246774
1089 0.0243944
1090 0.0241059
1091 0.0238122
1092 0.0235135
1093 0.0232102
1094 0.0229025
1095 0.0225907
1096 0.022275
1097 0.0219559
1098 0.0216335
1099 0.0213081
1100 0.02098
1101 0.0206495
1102 0.0203169
1103 0.0199824
1104 0.0196464
1105 0.019309
1106 0.0189706
1107 0.0186314
1108 0.0182916
1109 0.0179516
1110 0.0176116
1111 0.0172718
1112 0.0169325
1113 0.0165939
1114 0.0162562
1115 0.0159196
1116 0.0155844
1117 0.0152508
1118 0.014919
1119 0.0145892
1120 0.0142615
1121 0.0139362
1122 0.0136135
1123 0.0132934
1124 0.0129763
1125 0.0126621
1126 0.0123512
1127 0.0120436
1128 0.0117394
1129 0.0114389
1130 0.011142
1131 0.010849
1132 0.0105599
1133 0.0102749
1134 0.00999393
1135 0.00971723
1136 0.00944482
1137 0.00917677
1138 0.00891316
1139 0.00865404
1140 0.00839947
1141 0.00814948
1142 0.00790412
1143 0.00766343
1144 0.00742742
1145 0.00719613
1146 0.00696957
1147 0.00674774
1148 0.00653066
1149 0.00631832
1150 0.00611072
1151 0.00590785
1152 0.00570969
1153 0.00551622
1154 0.00532743
1155 0.00514327
1156 0.00496373
1157 0.00478877
1158 0.00461834
1159 0.0044524
1160 0.00429091
1161 0.00413382
1162 0.00398108
1163 0.00383263
1164 0.00368842
1165 0.00354839
1166 0.00341247
1167 0.0032806
1168 0.00315272
1169 0.00302876
1170 0.00290866
1171 0.00279234
1172 0.00267973
1173 0.00257075
1174 0.00246535
1175 0.00236344
1176 0.00226495
1177 0.00216981
1178 0.00207793
1179 0.00198926
1180 0.0019037
1181 0.00182118
1182 0.00174164
1183 0.00166498
1184 0.00159115
1185 0.00152006
1186 0.00145164
1187 0.00138582
1188 0.00132253
1189 0.00126169
1190 0.00120323
1191 0.00114707
1192 0.00109317
1193 0.00104143
1194 0.000991798
1195 0.000944205
1196 0.000898585
1197 0.000854874
1198 0.000813008
1199 0.000772926
1200 0.000734567
1201 0.000697871
1202 0.00066278
1203 0.000629236
1204 0.000597185
1205 0.000566572
1206 0.000537344
1207 0.000509448
1208 0.000482835
1209 0.000457456
1210 0.000433262
1211 0.000410207
1212 0.000388247
1213 0.000367336
1214 0.000347434
1215 0.000328497
1216 0.000310487
1217 0.000293364
1218 0.000277091
1219 0.000261632
1220 0.000246952
1221 0.000233016
1222 0.000219791
1223 0.000207248
1224 0.000195353
1225 0.00018408
1226 0.000173398
1227 0.000163281
1228 0.000153702
1229 0.000144636
1230 0.000136059
1231 0.000127948
1232 0.00012028
1233 0.000113033
1234 0.000106187
1235 9.97226e-05
1236 9.36201e-05
1237 8.78616e-05
1238 8.24297e-05
1239 7.73077e-05
1240 7.24798e-05
1241 6.79307e-05
1242 6.36458e-05
1243 5.96113e-05
1244 5.5814e-05
1245 5.22412e-05
1246 4.88808e-05
1247 4.57214e-05
1248 4.27519e-05
1249 3.99621e-05
1250 3.73419e-05
1251 3.48819e-05
1252 3.25732e-05
1253 3.04073e-05
1254 2.8376e-05
1255 2.64716e-05
1256 2.46869e-05
1257 2.30149e-05
1258 2.14491e-05
1259 1.99832e-05
1260 1.86114e-05
1261 1.73281e-05
1262 1.61279e-05
1263 1.5006e-05
1264 1.39575e-05
1265 1.2978e-05
1266 1.20632e-05
1267 1.12093e-05
1268 1.04124e-05
1269 9.66905e-06
1270 8.9758e-06
1271 8.32952e-06
1272 7.72725e-06
1273 7.16619e-06
1274 6.6437e-06
1275 6.1573e-06
1276 5.70465e-06
1277 5.28355e-06
1278 4.89194e-06
1279 4.52789e-06
1280 4.18956e-06
1281 3.87526e-06
1282 3.58337e-06
1283 3.31238e-06
1284 3.0609e-06
1285 2.82759e-06
1286 2.61122e-06
1287 2.41063e-06
1288 2.22472e-06
1289 2.05248e-06
1290 1.89297e-06
1291 1.74529e-06
1292 1.6086e-06
1293 1.48215e-06
1294 1.36519e-06
1295 1.25706e-06
1296 1.15711e-06
1297 1.06477e-06
1298 9.79481e-07
1299 9.00733e-07
1300 8.28049e-07
1301 7.60984e-07
1302 6.99125e-07
1303 6.42088e-07
1304 5.89513e-07
1305 5.41069e-07
1306 4.96446e-07
1307 4.55356e-07
1308 4.17532e-07
1309 3.82727e-07
1310 3.5071e-07
1311 3.21268e-07
1312 2.94203e-07
1313 2.69331e-07
1314 2.46483e-07
1315 2.255e-07
1316 2.06237e-07
1317 1.88559e-07
1318 1.72341e-07
1319 1.57467e-07
1320 1.4383e-07
1321 1.31332e-07
1322 1.19882e-07
1323 1.09394e-07
1324 9.97924e-08
1325 9.10039e-08
1326 8.29628e-08
1327 7.56079e-08
1328 6.88829e-08
1329 6.27359e-08
1330 5.71191e-08
1331 5.19885e-08
1332 4.73036e-08
1333 4.3027e-08
1334 3.91245e-08
1335 3.55645e-08
1336 3.23181e-08
1337 2.93586e-08
1338 2.66616e-08
1339 2.42046e-08
1340 2.1967e-08
1341 1.99298e-08
1342 1.80758e-08
1343 1.6389e-08
1344 1.48549e-08
1345 1.34601e-08
1346 1.21923e-08
1347 1.10404e-08
1348 9.99417e-09
1349 9.04418e-09
1350 8.18188e-09
1351 7.39944e-09
1352 6.68969e-09
1353 6.0461e-09
1354 5.46268e-09
1355 4.93399e-09
1356 4.45505e-09
1357 4.02133e-09
1358 3.62868e-09
1359 3.27333e-09
1360 2.95184e-09
1361 2.66108e-09
1362 2.39821e-09
1363 2.16062e-09
1364 1.94595e-09
1365 1.75206e-09
1366 1.57699e-09
1367 1.41897e-09
1368 1.27637e-09
1369 1.14775e-09
1370 1.03177e-09
1371 9.27212e-10
1372 8.32991e-10
1373 7.4811e-10
1374 6.71668e-10
1375 6.02849e-10
1376 5.40912e-10
1377 4.85188e-10
1378 4.35069e-10
1379 3.90006e-10
1380 3.49502e-10
1381 3.13107e-10
1382 2.80416e-10
1383 2.5106e-10
1384 2.24708e-10
1385 2.0106e-10
1386 1.79845e-10
1387 1.60819e-10
1388 1.43762e-10
1389 1.28475e-10
1390 1.14778e-10
1391 1.0251e-10
1392 9.15257e-11
1393 8.16932e-11
1394 7.28949e-11
1395 6.50244e-11
1396 5.79861e-11
1397 5.1694e-11
1398 4.60708e-11
1399 4.10468e-11
1400 3.65597e-11
1401 3.25533e-11
1402 2.89772e-11
1403 2.57862e-11
1404 2.29398e-11
1405 2.04015e-11
1406 1.81386e-11
1407 1.61219e-11
1408 1.43252e-11
1409 1.27249e-11
1410 1.13e-11
1411 1.00318e-11
1412 8.90319e-12
1413 7.89925e-12
1414 7.00644e-12
1415 6.21272e-12
1416 5.50729e-12
1417 4.88053e-12
1418 4.32382e-12
1419 3.8295e-12
1420 3.3907e-12
1421 3.00129e-12
1422 2.65584e-12
1423 2.34946e-12
1424 2.07782e-12
1425 1.83705e-12
1426 1.62371e-12
1427 1.43473e-12
1428 1.26737e-12
1429 1.11921e-12
1430 9.88089e-13
1431 8.72074e-13
1432 7.69458e-13
1433 6.78721e-13
1434 5.98511e-13
1435 5.27627e-13
1436 4.65005e-13
1437 4.09696e-13
1438 3.60862e-13
1439 3.17757e-13
1440 2.79721e-13
1441 2.46167e-13
1442 2.16575e-13
1443 1.90486e-13
1444 1.67491e-13
1445 1.4723e-13
1446 1.29382e-13
1447 1.13666e-13
1448 9.98295e-14
1449 8.76524e-14
1450 7.69384e-14
1451 6.75147e-14
1452 5.92281e-14
1453 5.19437e-14
1454 4.5542e-14
1455 3.99179e-14
1456 3.49782e-14
1457 3.06409e-14
1458 2.68338e-14
1459 2.34929e-14
1460 2.0562e-14
1461 1.79916e-14
1462 1.5738e-14
1463 1.37626e-14
1464 1.20318e-14
1465 1.05156e-14
1466 9.18777e-15
1467 8.02532e-15
1468 7.00791e-15
1469 6.11772e-15
1470 5.33906e-15
1471 4.65816e-15
1472 4.06292e-15
1473 3.54271e-15
1474 3.08822e-15
1475 2.69125e-15
1476 2.34463e-15
1477 2.04206e-15
1478 1.77802e-15
1479 1.54768e-15
1480 1.34678e-15
1481 1.17162e-15
1482 1.01895e-15
1483 8.85912e-16
1484 7.70021e-16
1485 6.69097e-16
1486 5.81232e-16
1487 5.04758e-16
1488 4.38219e-16
1489 3.80341e-16
1490 3.30012e-16
1491 2.86259e-16
1492 2.48235e-16
1493 2.152e-16
1494 1.86507e-16
1495 1.61592e-16
1496 1.39966e-16
1497 1.21198e-16
1498 1.04917e-16
1499 9.07965e-17
1500 7.85538e-17
1501 6.79423e-17
1502 5.87473e-17
1503 5.0782e-17
1504 4.38841e-17
1505 3.79122e-17
1506 3.27436e-17
1507 2.82715e-17
1508 2.44032e-17
1509 2.10582e-17
1510 1.81665e-17
1511 1.56674e-17
1512 1.35082e-17
1513 1.16432e-17
1514 1.00329e-17
1515 8.64286e-18
1516 7.44328e-18
1517 6.40837e-18
1518 5.5158e-18
1519 4.7462e-18
1520 4.08283e-18
1521 3.51118e-18
1522 3.01873e-18
1523 2.59461e-18
1524 2.22945e-18
1525 1.91515e-18
1526 1.6447e-18
1527 1.41204e-18
1528 1.21196e-18
1529 1.03994e-18
1530 8.9209e-19
1531 7.65046e-19
1532 6.55912e-19
1533 5.62191e-19
1534 4.81729e-19
1535 4.12669e-19
1536 3.53412e-19
1537 3.0258e-19
1538 2.58989e-19
1539 2.21617e-19
1540 1.89586e-19
1541 1.6214e-19
1542 1.3863e-19
1543 1.18496e-19
1544 1.01259e-19
1545 8.65054e-20
1546 7.38816e-20
1547 6.30829e-20
1548 5.3848e-20
1549 4.59525e-20
1550 3.92041e-20
1551 3.34378e-20
1552 2.85118e-20
1553 2.4305e-20
1554 2.07133e-20
1555 1.76476e-20
1556 1.50316e-20
1557 1.28e-20
1558 1.08967e-20
1559 9.27394e-21
1560 7.89072e-21
1561 6.712e-21
1562 5.70782e-21
1563 4.85258e-21
1564 4.12437e-21
1565 3.5045e-21
1566 2.97699e-21
1567 2.5282e-21
1568 2.1465e-21
1569 1.82193e-21
1570 1.54602e-21
1571 1.31154e-21
1572 1.11232e-21
1573 9.43113e-22
1574 7.99427e-22
1575 6.77449e-22
1576 5.73928e-22
1577 4.86094e-22
1578 4.11591e-22
1579 3.48412e-22
1580 2.94851e-22
1581 2.49456e-22
1582 2.10993e-22
1583 1.78412e-22
1584 1.50821e-22
1585 1.27462e-22
1586 1.07691e-22
1587 9.09625e-23
1588 7.68113e-23
1589 6.48439e-23
1590 5.47261e-23
1591 4.61743e-23
1592 3.89481e-23
1593 3.28438e-23
1594 2.76887e-23
1595 2.33362e-23
1596 1.96625e-23
1597 1.65626e-23
1598 1.39475e-23
1599 1.17421e-23
1600 9.88267e-24
1601 8.3154e-24
1602 6.99474e-24
1603 5.8822e-24
1604 4.94524e-24
1605 4.15638e-24
1606 3.49239e-24
1607 2.93365e-24
1608 2.46363e-24
1609 2.06833e-24
1610 1.73598e-24
1611 1.45663e-24
1612 1.2219e-24
1613 1.0247e-24
1614 8.59093e-25
1615 7.20049e-25
1616 6.03342e-25
1617 5.05412e-25
1618 4.23259e-25
1619 3.54362e-25
1620 2.96597e-25
1621 2.4818e-25
1622 2.0761e-25
1623 1.73623e-25
1624 1.4516e-25
1625 1.2133e-25
1626 1.01384e-25
1627 8.46934e-26
1628 7.07313e-26
1629 5.90546e-26
1630 4.92921e-26
1631 4.11322e-26
1632 3.43137e-26
1633 2.86177e-26
1634 2.38607e-26
1635 1.9889e-26
1636 1.65739e-26
1637 1.38076e-26
1638 1.14999e-26
1639 9.57534e-27
1640 7.97068e-27
1641 6.63314e-27
1642 5.51857e-27
1643 4.59004e-27
1644 3.81672e-27
1645 3.17283e-27
1646 2.63687e-27
1647 2.19085e-27
1648 1.81979e-27
1649 1.51118e-27
1650 1.25456e-27
1651 1.04125e-27
1652 8.63976e-28
1653 7.16693e-28
1654 5.94361e-28
1655 4.9278e-28
1656 4.08451e-28
1657 3.38465e-28
1658 2.80396e-28
1659 2.32229e-28
1660 1.92286e-28
1661 1.59171e-28
1662 1.31724e-28
1663 1.08982e-28
1664 9.01424e-29
1665 7.45401e-29
1666 6.16222e-29
1667 5.09297e-29
1668 4.20815e-29
1669 3.47614e-29
1670 2.87072e-29
1671 2.37011e-29
1672 1.9563e-29
1673 1.61431e-29
1674 1.33176e-29
1675 1.09837e-29
1676 9.05647e-30
1677 7.46544e-30
1678 6.1523e-30
1679 5.06881e-30
1680 4.17503e-30
1681 3.43795e-30
1682 2.83024e-30
1683 2.32935e-30
1684 1.91659e-30
1685 1.57656e-30
1686 1.29651e-30
1687 1.06592e-30
1688 8.7611e-31
1689 7.19908e-31
1690 5.91397e-31
1691 4.85697e-31
1692 3.98781e-31
1693 3.27331e-31
1694 2.68611e-31
1695 2.20365e-31
1696 1.80735e-31
1697 1.48193e-31
1698 1.21477e-31
1699 9.95497e-32
1700 8.15585e-32
1701 6.68004e-32
1702 5.46979e-32
1703 4.47757e-32
1704 3.66434e-32
1705 2.99798e-32
1706 2.45212e-32
1707 2.00509e-32
1708 1.6391e-32
1709 1.33955e-32
1710 1.09443e-32
1711 8.93917e-33
1712 7.29936e-33
1713 5.9587e-33
1714 4.8629e-33
1715 3.96751e-33
1716 3.23607e-33
1717 2.63873e-33
1718 2.15105e-33
1719 1.753e-33
1720 1.42821e-33
1721 1.16326e-33
1722 9.47199e-34
1723 7.71047e-34
1724 6.27476e-34
1725 5.10493e-34
1726 4.15202e-34
1727 3.37602e-34
1728 2.74427e-34
1729 2.2301e-34
1730 1.81175e-34
1731 1.47146e-34
1732 1.19474e-34
1733 9.69788e-35
1734 7.86965e-35
1735 6.38426e-35
1736 5.17776e-35
1737 4.19806e-35
1738 3.40277e-35
1739 2.75736e-35
1740 2.23373e-35
1741 1.80902e-35
1742 1.46465e-35
1743 1.1855e-35
1744 9.59279e-36
1745 7.76009e-36
1746 6.27575e-36
1747 5.0739e-36
1748 4.10106e-36
1749 3.31381e-36
1750 2.67693e-36
1751 2.16185e-36
1752 1.74539e-36
1753 1.40876e-36
1754 1.13674e-36
1755 9.16994e-37
1756 7.3952e-37
1757 5.96228e-37
1758 4.80568e-37
1759 3.87238e-37
1760 3.11947e-37
1761 2.51226e-37
1762 2.02268e-37
1763 1.62807e-37
1764 1.31009e-37
1765 1.05392e-37
1766 8.47612e-38
1767 6.81504e-38
1768 5.478e-38
1769 4.40207e-38
1770 3.53651e-38
1771 2.84038e-38
1772 2.28065e-38
1773 1.83074e-38
1774 1.46918e-38
1775 1.17871e-38
1776 9.45416e-39
1777 7.58093e-39
1778 6.07722e-39
1779 4.87047e-39
1780 3.9023e-39
1781 3.12575e-39
1782 2.50306e-39
1783 2.00388e-39
1784 1.60382e-39
1785 1.28329e-39
1786 1.02654e-39
1787 8.20935e-40
1788 6.56336e-40
1789 5.24599e-40
1790 4.1919e-40
1791 3.34871e-40
1792 2.67441e-40
1793 2.1353e-40
1794 1.70441e-40
1795 1.36009e-40
1796 1.08504e-40
1797 8.65375e-41
1798 6.89992e-41
1799 5.50002e-41
1800 4.38293e-41
1801 3.49176e-41
1802 2.78102e-41
1803 2.21433e-41
1804 1.76262e-41
1805 1.40267e-41
1806 1.1159e-41
1807 8.87515e-42
1808 7.05669e-42
1809 5.60922e-42
1810 4.45737e-42
1811 3.54103e-42
1812 2.81225e-42
1813 2.23282e-42
1814 1.77224e-42
1815 1.40626e-42
1816 1.11553e-42
1817 8.84636e-43
1818 7.01324e-43
1819 5.5583e-43
1820 4.40386e-43
1821 3.48813e-43
1822 2.76196e-43
1823 2.1863e-43
1824 1.73008e-43
1825 1.36863e-43
1826 1.08236e-43
1827 8.55694e-44
1828 6.76281e-44
1829 5.34315e-44
1830 4.22014e-44
1831 3.33209e-44
1832 2.63005e-44
1833 2.07524e-44
1834 1.63693e-44
1835 1.29077e-44
1836 1.01747e-44
1837 8.01766e-45
1838 6.31578e-45
1839 4.97347e-45
1840 3.9151e-45
1841 3.0809e-45
1842 2.4236e-45
1843 1.90587e-45
1844 1.49822e-45
1845 1.17734e-45
1846 9.24862e-46
1847 7.26268e-46
1848 5.70113e-46
1849 4.47373e-46
1850 3.5093e-46
1851 2.75178e-46
1852 2.15699e-46
1853 1.69015e-46
1854 1.32385e-46
1855 1.03656e-46
1856 8.11308e-47
1857 6.34768e-47
1858 4.96457e-47
1859 3.88136e-47
1860 3.03334e-47
1861 2.3697e-47
1862 1.85054e-47
1863 1.44457e-47
1864 1.12722e-47
1865 8.79249e-48
1866 6.8556e-48
1867 5.3433e-48
1868 4.16297e-48
1869 3.2421e-48
1870 2.52393e-48
1871 1.96406e-48
1872 1.52778e-48
1873 1.18794e-48
1874 9.23321e-49
1875 7.17359e-49
1876 5.57115e-49
1877 4.32492e-49
1878 3.3561e-49
1879 2.60324e-49
1880 2.01844e-49
1881 1.56438e-49
1882 1.21196e-49
1883 9.38544e-50
1884 7.26512e-50
1885 5.62148e-50
1886 4.34789e-50
1887 3.36144e-50
1888 2.59772e-50
1889 2.00667e-50
1890 1.54946e-50
1891 1.19591e-50
1892 9.22651e-51
1893 7.11527e-51
1894 5.48482e-51
1895 4.22619e-51
1896 3.25501e-51
1897 2.50594e-51
1898 1.92843e-51
1899 1.48338e-51
1900 1.14055e-51
1901 8.76578e-52
1902 6.73413e-52
1903 5.17113e-52
1904 3.96919e-52
1905 3.04532e-52
1906 2.33548e-52
1907 1.79032e-52
1908 1.37182e-52
1909 1.0507e-52
1910 8.04395e-53
1911 6.15562e-53
1912 4.70854e-53
1913 3.60007e-53
1914 2.75136e-53
1915 2.10181e-53
1916 1.60491e-53
1917 1.22495e-53
1918 9.34536e-54
1919 7.12661e-54
1920 5.43226e-54
1921 4.13892e-54
1922 3.15213e-54
1923 2.39955e-54
1924 1.82584e-54
1925 1.3887e-54
1926 1.05575e-54
1927 8.02272e-55
1928 6.09385e-55
1929 4.62669e-55
1930 3.51121e-55
1931 2.6635e-55
1932 2.01956e-55
1933 1.53062e-55
1934 1.15954e-55
1935 8.7804e-56
1936 6.64584e-56
1937 5.02797e-56
1938 3.80228e-56
1939 2.8741e-56
1940 2.17154e-56
1941 1.63999e-56
1942 1.238e-56
1943 9.34137e-57
1944 7.04541e-57
1945 5.3114e-57
1946 4.00239e-57
1947 3.01465e-57
1948 2.26966e-57
1949 1.70802e-57
1950 1.28479e-57
1951 9.65998e-58
1952 7.25987e-58
1953 5.45366e-58
1954 4.09501e-58
1955 3.07347e-58
1956 2.30573e-58
1957 1.729e-58
1958 1.29596e-58
1959 9.70938e-59
1960 7.27109e-59
1961 5.4427e-59
1962 4.07226e-59
1963 3.04554e-59
1964 2.27667e-59
1965 1.70115e-59
1966 1.27055e-59
1967 9.48522e-60
1968 7.078e-60
1969 5.27935e-60
1970 3.93602e-60
1971 2.9332e-60
1972 2.1849e-60
1973 1.62678e-60
1974 1.21069e-60
1975 9.00629e-61
1976 6.69676e-61
1977 4.97726e-61
1978 3.69763e-61
1979 2.74576e-61
1980 2.03803e-61
1981 1.51204e-61
1982 1.12131e-61
1983 8.31179e-62
1984 6.15844e-62
1985 4.56093e-62
1986 3.37633e-62
1987 2.49829e-62
1988 1.84777e-62
1989 1.36603e-62
1990 1.00944e-62
1991 7.45603e-63
1992 5.50482e-63
1993 4.06243e-63
1994 2.99665e-63
1995 2.2095e-63
1996 1.62839e-63
1997 1.19959e-63
1998 8.83312e-64
1999 6.50134e-64
2000 4.78299e-64
2001 3.51726e-64
2002 2.58534e-64
2003 1.8995e-64
2004 1.39498e-64
2005 1.02401e-64
2006 7.51362e-65
2007 5.51065e-65
2008 4.03984e-65
2009 2.96029e-65
2010 2.16827e-65
2011 1.58745e-65
2012 1.16171e-65
2013 8.49768e-66
2014 6.21318e-66
2015 4.54084e-66
2016 3.31717e-66
2017 2.42219e-66
2018 1.76791e-66
2019 1.2898e-66
2020 9.40576e-67
2021 6.85612e-67
2022 4.99546e-67
2023 3.63821e-67
2024 2.64861e-67
2025 1.92738e-67
2026 1.40198e-67
2027 1.0194e-67
2028 7.40947e-68
2029 5.38368e-68
2030 3.91052e-68
2031 2.83973e-68
2032 2.06174e-68
2033 1.49674e-68
2034 1.08661e-68
2035 7.89032e-69
2036 5.73222e-69
2037 4.16793e-69
2038 3.03472e-69
2039 2.2144e-69
2040 1.62118e-69
2041 1.19285e-69
2042 8.84379e-70
2043 6.63271e-70
2044 5.06171e-70
2045 3.96453e-70
2046 3.22489e-70
2047 2.76429e-70
