0 2.35807e-58
1 1.90773e-58
2 1.74023e-58
3 1.84218e-58
4 2.2177e-58
5 2.8886e-58
6 3.8956e-58
7 5.30079e-58
8 7.19146e-58
9 9.68544e-58
10 1.29383e-57
11 1.71531e-57
12 2.25925e-57
13 2.95956e-57
14 3.85978e-57
15 5.01583e-57
16 6.49941e-57
17 8.40233e-57
18 1.08422e-56
19 1.39694e-56
20 1.79765e-56
21 2.31097e-56
22 2.96838e-56
23 3.81009e-56
24 4.88754e-56
25 6.26639e-56
26 8.03054e-56
27 1.02871e-55
28 1.31729e-55
29 1.68623e-55
30 2.15781e-55
31 2.76044e-55
32 3.53033e-55
33 4.51369e-55
34 5.76938e-55
35 7.37241e-55
36 9.41838e-55
37 1.2029e-54
38 1.53593e-54
39 1.96065e-54
40 2.50218e-54
41 3.19246e-54
42 4.07212e-54
43 5.19283e-54
44 6.62026e-54
45 8.43789e-54
46 1.07518e-53
47 1.36966e-53
48 1.74433e-53
49 2.22091e-53
50 2.82695e-53
51 3.5974e-53
52 4.57659e-53
53 5.82074e-53
54 7.40107e-53
55 9.40789e-53
56 1.19556e-52
57 1.51889e-52
58 1.92913e-52
59 2.44949e-52
60 3.10932e-52
61 3.94578e-52
62 5.00582e-52
63 6.34883e-52
64 8.04982e-52
65 1.02036e-51
66 1.29299e-51
67 1.63798e-51
68 2.07442e-51
69 2.62638e-51
70 3.32422e-51
71 4.20624e-51
72 5.32072e-51
73 6.7285e-51
74 8.50625e-51
75 1.07505e-50
76 1.35829e-50
77 1.71564e-50
78 2.16636e-50
79 2.73469e-50
80 3.4511e-50
81 4.3539e-50
82 5.49125e-50
83 6.92368e-50
84 8.72722e-50
85 1.09974e-49
86 1.3854e-49
87 1.74475e-49
88 2.19669e-49
89 2.7649e-49
90 3.47908e-49
91 4.37651e-49
92 5.50386e-49
93 6.91966e-49
94 8.69722e-49
95 1.09284e-48
96 1.37281e-48
97 1.72404e-48
98 2.16453e-48
99 2.71684e-48
100 3.40915e-48
101 4.27675e-48
102 5.3637e-48
103 6.72514e-48
104 8.42994e-48
105 1.05642e-47
106 1.32353e-47
107 1.65775e-47
108 2.07584e-47
109 2.59873e-47
110 3.2525e-47
111 4.06972e-47
112 5.09102e-47
113 6.36704e-47
114 7.96092e-47
115 9.95138e-47
116 1.24365e-46
117 1.55384e-46
118 1.94093e-46
119 2.42387e-46
120 3.02625e-46
121 3.77743e-46
122 4.71394e-46
123 5.88123e-46
124 7.33584e-46
125 9.14804e-46
126 1.14052e-45
127 1.42159e-45
128 1.77151e-45
129 2.20704e-45
130 2.74899e-45
131 3.4232e-45
132 4.26175e-45
133 5.30444e-45
134 6.60065e-45
135 8.21163e-45
136 1.02133e-44
137 1.26999e-44
138 1.5788e-44
139 1.96222e-44
140 2.43815e-44
141 3.02878e-44
142 3.76154e-44
143 4.67042e-44
144 5.79746e-44
145 7.19465e-44
146 8.9263e-44
147 1.10719e-43
148 1.37298e-43
149 1.70213e-43
150 2.10964e-43
151 2.61403e-43
152 3.23818e-43
153 4.01029e-43
154 4.96521e-43
155 6.14587e-43
156 7.60526e-43
157 9.40868e-43
158 1.16366e-42
159 1.43883e-42
160 1.77858e-42
161 2.19796e-42
162 2.71549e-42
163 3.35397e-42
164 4.14144e-42
165 5.11241e-42
166 6.30929e-42
167 7.78426e-42
168 9.60142e-42
169 1.18395e-41
170 1.45954e-41
171 1.79878e-41
172 2.21626e-41
173 2.72989e-41
174 3.36165e-41
175 4.13848e-41
176 5.09345e-41
177 6.26709e-41
178 7.70908e-41
179 9.4803e-41
180 1.16554e-40
181 1.43256e-40
182 1.7603e-40
183 2.16244e-40
184 2.65575e-40
185 3.26075e-40
186 4.00253e-40
187 4.91177e-40
188 6.02601e-40
189 7.39112e-40
190 9.06317e-40
191 1.11106e-39
192 1.36172e-39
193 1.66851e-39
194 2.04391e-39
195 2.50315e-39
196 3.06481e-39
197 3.75157e-39
198 4.59111e-39
199 5.61714e-39
200 6.87082e-39
201 8.40227e-39
202 1.02726e-38
203 1.25563e-38
204 1.53439e-38
205 1.8746e-38
206 2.2897e-38
207 2.79606e-38
208 3.41359e-38
209 4.16652e-38
210 5.08433e-38
211 6.20285e-38
212 7.56566e-38
213 9.22571e-38
214 1.12474e-37
215 1.37088e-37
216 1.6705e-37
217 2.03512e-37
218 2.47874e-37
219 3.01834e-37
220 3.67454e-37
221 4.47232e-37
222 5.44201e-37
223 6.62035e-37
224 8.05188e-37
225 9.79058e-37
226 1.19018e-36
227 1.44648e-36
228 1.75754e-36
229 2.13496e-36
230 2.59278e-36
231 3.14799e-36
232 3.82113e-36
233 4.63705e-36
234 5.62575e-36
235 6.82352e-36
236 8.27418e-36
237 1.00307e-35
238 1.21569e-35
239 1.473e-35
240 1.7843e-35
241 2.16083e-35
242 2.61612e-35
243 3.16651e-35
244 3.83168e-35
245 4.63535e-35
246 5.60608e-35
247 6.7783e-35
248 8.19343e-35
249 9.90134e-35
250 1.19621e-34
251 1.44478e-34
252 1.74454e-34
253 2.10592e-34
254 2.54148e-34
255 3.06631e-34
256 3.69852e-34
257 4.45988e-34
258 5.37653e-34
259 6.47986e-34
260 7.80752e-34
261 9.40471e-34
262 1.13256e-33
263 1.36353e-33
264 1.64117e-33
265 1.97482e-33
266 2.37568e-33
267 2.85717e-33
268 3.43535e-33
269 4.12948e-33
270 4.96258e-33
271 5.96224e-33
272 7.16145e-33
273 8.5997e-33
274 1.03242e-32
275 1.23914e-32
276 1.48689e-32
277 1.78372e-32
278 2.13929e-32
279 2.56511e-32
280 3.07495e-32
281 3.68522e-32
282 4.41555e-32
283 5.28934e-32
284 6.33453e-32
285 7.58445e-32
286 9.07884e-32
287 1.08651e-31
288 1.29998e-31
289 1.55502e-31
290 1.85965e-31
291 2.22345e-31
292 2.65778e-31
293 3.17622e-31
294 3.7949e-31
295 4.53302e-31
296 5.41344e-31
297 6.46334e-31
298 7.71504e-31
299 9.20698e-31
300 1.09848e-30
301 1.31029e-30
302 1.56255e-30
303 1.86295e-30
304 2.22056e-30
305 2.64617e-30
306 3.1526e-30
307 3.75504e-30
308 4.4715e-30
309 5.32335e-30
310 6.33591e-30
311 7.53919e-30
312 8.96875e-30
313 1.06667e-29
314 1.26829e-29
315 1.50763e-29
316 1.79168e-29
317 2.1287e-29
318 2.52845e-29
319 3.00249e-29
320 3.56448e-29
321 4.23054e-29
322 5.01973e-29
323 5.95456e-29
324 7.06159e-29
325 8.3722e-29
326 9.92338e-29
327 1.17588e-28
328 1.39299e-28
329 1.64974e-28
330 1.95329e-28
331 2.31205e-28
332 2.73597e-28
333 3.23673e-28
334 3.82809e-28
335 4.52627e-28
336 5.35032e-28
337 6.32268e-28
338 7.46973e-28
339 8.82247e-28
340 1.04174e-27
341 1.22972e-27
342 1.45125e-27
343 1.71221e-27
344 2.01957e-27
345 2.38146e-27
346 2.80745e-27
347 3.30877e-27
348 3.89859e-27
349 4.59235e-27
350 5.40816e-27
351 6.36725e-27
352 7.4945e-27
353 8.81906e-27
354 1.03751e-26
355 1.22026e-26
356 1.43484e-26
357 1.68673e-26
358 1.98235e-26
359 2.32922e-26
360 2.7361e-26
361 3.21328e-26
362 3.77278e-26
363 4.42862e-26
364 5.19723e-26
365 6.09779e-26
366 7.15269e-26
367 8.38811e-26
368 9.83459e-26
369 1.15278e-25
370 1.35094e-25
371 1.58279e-25
372 1.854e-25
373 2.17117e-25
374 2.54202e-25
375 2.97551e-25
376 3.48211e-25
377 4.07402e-25
378 4.76542e-25
379 5.57285e-25
380 6.51556e-25
381 7.61593e-25
382 8.90004e-25
383 1.03982e-24
384 1.21456e-24
385 1.41832e-24
386 1.65586e-24
387 1.93272e-24
388 2.25532e-24
389 2.63111e-24
390 3.06875e-24
391 3.57828e-24
392 4.17137e-24
393 4.86151e-24
394 5.66439e-24
395 6.59815e-24
396 7.68383e-24
397 8.94581e-24
398 1.04123e-23
399 1.2116e-23
400 1.40946e-23
401 1.63919e-23
402 1.90585e-23
403 2.21527e-23
404 2.57423e-23
405 2.99053e-23
406 3.47318e-23
407 4.03259e-23
408 4.6808e-23
409 5.43166e-23
410 6.3012e-23
411 7.30785e-23
412 8.47292e-23
413 9.82093e-23
414 1.13802e-22
415 1.31832e-22
416 1.52675e-22
417 1.76763e-22
418 2.04593e-22
419 2.36737e-22
420 2.73854e-22
421 3.167e-22
422 3.66146e-22
423 4.23193e-22
424 4.8899e-22
425 5.6486e-22
426 6.52321e-22
427 7.53115e-22
428 8.69246e-22
429 1.00301e-21
430 1.15704e-21
431 1.33438e-21
432 1.53847e-21
433 1.77332e-21
434 2.04348e-21
435 2.35419e-21
436 2.71143e-21
437 3.12209e-21
438 3.59404e-21
439 4.13628e-21
440 4.75915e-21
441 5.47447e-21
442 6.29576e-21
443 7.23851e-21
444 8.32042e-21
445 9.56177e-21
446 1.09857e-20
447 1.26187e-20
448 1.44911e-20
449 1.66375e-20
450 1.90974e-20
451 2.19159e-20
452 2.51446e-20
453 2.88425e-20
454 3.30766e-20
455 3.79238e-20
456 4.34713e-20
457 4.98191e-20
458 5.70809e-20
459 6.53863e-20
460 7.4883e-20
461 8.57395e-20
462 9.81473e-20
463 1.12325e-19
464 1.28521e-19
465 1.47017e-19
466 1.68136e-19
467 1.92242e-19
468 2.19753e-19
469 2.51139e-19
470 2.86938e-19
471 3.27758e-19
472 3.74293e-19
473 4.27326e-19
474 4.87749e-19
475 5.56571e-19
476 6.34939e-19
477 7.24149e-19
478 8.25672e-19
479 9.41173e-19
480 1.07254e-18
481 1.2219e-18
482 1.39167e-18
483 1.58457e-18
484 1.80371e-18
485 2.05255e-18
486 2.33503e-18
487 2.65561e-18
488 3.01931e-18
489 3.43178e-18
490 3.89942e-18
491 4.42944e-18
492 5.02995e-18
493 5.71011e-18
494 6.48023e-18
495 7.35193e-18
496 8.33828e-18
497 9.45398e-18
498 1.07156e-17
499 1.21417e-17
500 1.37534e-17
501 1.5574e-17
502 1.763e-17
503 1.99513e-17
504 2.2571e-17
505 2.55267e-17
506 2.88605e-17
507 3.26196e-17
508 3.68568e-17
509 4.16318e-17
510 4.7011e-17
511 5.30691e-17
512 5.98901e-17
513 6.75676e-17
514 7.6207e-17
515 8.59261e-17
516 9.68569e-17
517 1.09147e-16
518 1.22963e-16
519 1.38488e-16
520 1.55932e-16
521 1.75526e-16
522 1.9753e-16
523 2.22234e-16
524 2.49964e-16
525 2.81084e-16
526 3.15999e-16
527 3.55165e-16
528 3.9909e-16
529 4.48342e-16
530 5.03555e-16
531 5.65439e-16
532 6.34786e-16
533 7.1248e-16
534 7.9951e-16
535 8.96977e-16
536 1.00611e-15
537 1.12829e-15
538 1.26505e-15
539 1.41809e-15
540 1.58931e-15
541 1.78086e-15
542 1.99509e-15
543 2.23463e-15
544 2.50244e-15
545 2.80179e-15
546 3.13631e-15
547 3.51006e-15
548 3.92755e-15
549 4.39381e-15
550 4.9144e-15
551 5.49552e-15
552 6.14406e-15
553 6.86766e-15
554 7.6748e-15
555 8.57491e-15
556 9.57842e-15
557 1.06969e-14
558 1.19432e-14
559 1.33315e-14
560 1.48775e-14
561 1.65987e-14
562 1.85143e-14
563 2.06455e-14
564 2.30159e-14
565 2.56515e-14
566 2.85809e-14
567 3.18357e-14
568 3.54508e-14
569 3.94647e-14
570 4.39196e-14
571 4.88623e-14
572 5.43439e-14
573 6.04211e-14
574 6.71556e-14
575 7.46158e-14
576 8.28765e-14
577 9.20198e-14
578 1.02136e-13
579 1.13323e-13
580 1.25691e-13
581 1.39357e-13
582 1.54452e-13
583 1.71117e-13
584 1.89509e-13
585 2.09797e-13
586 2.32167e-13
587 2.56823e-13
588 2.83986e-13
589 3.13898e-13
590 3.46825e-13
591 3.83053e-13
592 4.22898e-13
593 4.66702e-13
594 5.14839e-13
595 5.67716e-13
596 6.25777e-13
597 6.89504e-13
598 7.59424e-13
599 8.36108e-13
600 9.20182e-13
601 1.01232e-12
602 1.11327e-12
603 1.22382e-12
604 1.34486e-12
605 1.47733e-12
606 1.62227e-12
607 1.78081e-12
608 1.95417e-12
609 2.14368e-12
610 2.3508e-12
611 2.57711e-12
612 2.82432e-12
613 3.09431e-12
614 3.38911e-12
615 3.71095e-12
616 4.06223e-12
617 4.44559e-12
618 4.8639e-12
619 5.32027e-12
620 5.81811e-12
621 6.36113e-12
622 6.95335e-12
623 7.59919e-12
624 8.30345e-12
625 9.07134e-12
626 9.90858e-12
627 1.08214e-11
628 1.18165e-11
629 1.29014e-11
630 1.4084e-11
631 1.53731e-11
632 1.67784e-11
633 1.83102e-11
634 1.99799e-11
635 2.17999e-11
636 2.37836e-11
637 2.59457e-11
638 2.83022e-11
639 3.08705e-11
640 3.36694e-11
641 3.67196e-11
642 4.00433e-11
643 4.36649e-11
644 4.76107e-11
645 5.19092e-11
646 5.65917e-11
647 6.16915e-11
648 6.72453e-11
649 7.32924e-11
650 7.98755e-11
651 8.70408e-11
652 9.4838e-11
653 1.03321e-10
654 1.12548e-10
655 1.2258e-10
656 1.33487e-10
657 1.45339e-10
658 1.58215e-10
659 1.72198e-10
660 1.87378e-10
661 2.0385e-10
662 2.21717e-10
663 2.41089e-10
664 2.62084e-10
665 2.84825e-10
666 3.09447e-10
667 3.3609e-10
668 3.64906e-10
669 3.96054e-10
670 4.29704e-10
671 4.66035e-10
672 5.05236e-10
673 5.47508e-10
674 5.93062e-10
675 6.4212e-10
676 6.94915e-10
677 7.51693e-10
678 8.1271e-10
679 8.78235e-10
680 9.48549e-10
681 1.02394e-09
682 1.10472e-09
683 1.19121e-09
684 1.28372e-09
685 1.3826e-09
686 1.4882e-09
687 1.60089e-09
688 1.72103e-09
689 1.84901e-09
690 1.98522e-09
691 2.13007e-09
692 2.28395e-09
693 2.44729e-09
694 2.62051e-09
695 2.80404e-09
696 2.99831e-09
697 3.20376e-09
698 3.42083e-09
699 3.64996e-09
700 3.89159e-09
701 4.14615e-09
702 4.4141e-09
703 4.69586e-09
704 4.99186e-09
705 5.30252e-09
706 5.62828e-09
707 5.96955e-09
708 6.32672e-09
709 6.70021e-09
710 7.09041e-09
711 7.4977e-09
712 7.92248e-09
713 8.36513e-09
714 8.82602e-09
715 9.30555e-09
716 9.80411e-09
717 1.03221e-08
718 1.08599e-08
719 1.1418e-08
720 1.19969e-08
721 1.25971e-08
722 1.3219e-08
723 1.38635e-08
724 1.45311e-08
725 1.52226e-08
726 1.5939e-08
727 1.66813e-08
728 1.74506e-08
729 1.82484e-08
730 1.90761e-08
731 1.99356e-08
732 2.08289e-08
733 2.17584e-08
734 2.27267e-08
735 2.3737e-08
736 2.47926e-08
737 2.58976e-08
738 2.70565e-08
739 2.82743e-08
740 2.95568e-08
741 3.09103e-08
742 3.23421e-08
743 3.38603e-08
744 3.54738e-08
745 3.71925e-08
746 3.90277e-08
747 4.09914e-08
748 4.30974e-08
749 4.53604e-08
750 4.77969e-08
751 5.04248e-08
752 5.32637e-08
753 5.63352e-08
754 5.96626e-08
755 6.32713e-08
756 6.71889e-08
757 7.14451e-08
758 7.60723e-08
759 8.11051e-08
760 8.65809e-08
761 9.254e-08
762 9.90252e-08
763 1.06083e-07
764 1.13762e-07
765 1.22115e-07
766 1.31198e-07
767 1.41069e-07
768 1.51793e-07
769 1.63434e-07
770 1.76064e-07
771 1.89756e-07
772 2.04588e-07
773 2.20642e-07
774 2.38003e-07
775 2.56762e-07
776 2.77011e-07
777 2.98848e-07
778 3.22375e-07
779 3.47697e-07
780 3.74924e-07
781 4.04167e-07
782 4.35545e-07
783 4.69176e-07
784 5.05183e-07
785 5.43695e-07
786 5.84839e-07
787 6.28747e-07
788 6.75555e-07
789 7.25398e-07
790 7.78415e-07
791 8.34745e-07
792 8.94529e-07
793 9.57909e-07
794 1.02503e-06
795 1.09602e-06
796 1.17103e-06
797 1.2502e-06
798 1.33367e-06
799 1.42156e-06
800 1.51402e-06
801 1.61117e-06
802 1.71313e-06
803 1.82002e-06
804 1.93197e-06
805 2.04907e-06
806 2.17143e-06
807 2.29914e-06
808 2.4323e-06
809 2.57097e-06
810 2.71523e-06
811 2.86514e-06
812 3.02075e-06
813 3.18209e-06
814 3.34921e-06
815 3.52211e-06
816 3.70081e-06
817 3.88531e-06
818 4.07558e-06
819 4.2716e-06
820 4.47334e-06
821 4.68075e-06
822 4.89377e-06
823 5.11234e-06
824 5.33637e-06
825 5.5658e-06
826 5.80051e-06
827 6.04043e-06
828 6.28544e-06
829 6.53546e-06
830 6.79037e-06
831 7.05008e-06
832 7.3145e-06
833 7.58353e-06
834 7.8571e-06
835 8.13515e-06
836 8.41763e-06
837 8.70452e-06
838 8.99582e-06
839 9.29156e-06
840 9.59182e-06
841 9.8967e-06
842 1.02064e-05
843 1.0521e-05
844 1.08409e-05
845 1.11665e-05
846 1.1498e-05
847 1.1836e-05
848 1.21811e-05
849 1.2534e-05
850 1.28955e-05
851 1.32664e-05
852 1.36478e-05
853 1.40409e-05
854 1.4447e-05
855 1.48675e-05
856 1.53042e-05
857 1.57589e-05
858 1.62335e-05
859 1.67304e-05
860 1.7252e-05
861 1.78009e-05
862 1.83802e-05
863 1.8993e-05
864 1.96429e-05
865 2.03335e-05
866 2.10691e-05
867 2.1854e-05
868 2.26929e-05
869 2.3591e-05
870 2.45538e-05
871 2.55871e-05
872 2.66972e-05
873 2.78908e-05
874 2.9175e-05
875 3.05575e-05
876 3.20462e-05
877 3.36498e-05
878 3.53773e-05
879 3.72383e-05
880 3.92429e-05
881 4.14018e-05
882 4.37263e-05
883 4.62283e-05
884 4.89202e-05
885 5.1815e-05
886 5.49266e-05
887 5.82693e-05
888 6.18582e-05
889 6.57091e-05
890 6.98383e-05
891 7.4263e-05
892 7.90013e-05
893 8.40716e-05
894 8.94934e-05
895 9.52869e-05
896 0.000101473
897 0.000108074
898 0.000115111
899 0.000122609
900 0.000130591
901 0.000139082
902 0.000148109
903 0.000157698
904 0.000167877
905 0.000178673
906 0.000190117
907 0.000202237
908 0.000215067
909 0.000228636
910 0.000242978
911 0.000258126
912 0.000274116
913 0.000290981
914 0.000308759
915 0.000327485
916 0.000347199
917 0.000367939
918 0.000389744
919 0.000412654
920 0.000436711
921 0.000461957
922 0.000488434
923 0.000516185
924 0.000545255
925 0.000575689
926 0.000607532
927 0.00064083
928 0.000675632
929 0.000711983
930 0.000749932
931 0.000789528
932 0.00083082
933 0.000873859
934 0.000918693
935 0.000965375
936 0.00101395
937 0.00106448
938 0.00111701
939 0.0011716
940 0.00122829
941 0.00128714
942 0.0013482
943 0.00141152
944 0.00147716
945 0.00154518
946 0.00161561
947 0.00168852
948 0.00176396
949 0.00184197
950 0.00192262
951 0.00200596
952 0.00209202
953 0.00218088
954 0.00227257
955 0.00236714
956 0.00246465
957 0.00256514
958 0.00266866
959 0.00277526
960 0.00288497
961 0.00299785
962 0.00311394
963 0.00323327
964 0.0033559
965 0.00348185
966 0.00361116
967 0.00374388
968 0.00388003
969 0.00401964
970 0.00416275
971 0.00430938
972 0.00445956
973 0.00461332
974 0.00477066
975 0.00493162
976 0.00509621
977 0.00526444
978 0.00543632
979 0.00561186
980 0.00579107
981 0.00597395
982 0.0061605
983 0.00635071
984 0.00654458
985 0.00674209
986 0.00694324
987 0.007148
988 0.00735635
989 0.00756827
990 0.00778373
991 0.0080027
992 0.00822513
993 0.008451
994 0.00868025
995 0.00891284
996 0.00914871
997 0.00938781
998 0.00963007
999 0.00987543
1000 0.0101238
1001 0.0103752
1002 0.0106294
1003 0.0108864
1004 0.0111461
1005 0.0114085
1006 0.0116733
1007 0.0119406
1008 0.0122102
1009 0.0124819
1010 0.0127558
1011 0.0130316
1012 0.0133093
1013 0.0135887
1014 0.0138697
1015 0.0141521
1016 0.0144358
1017 0.0147207
1018 0.0150067
1019 0.0152934
1020 0.015581
1021 0.015869
1022 0.0161575
1023 0.0164461
1024 0.0167349
1025 0.0170235
1026 0.0173118
1027 0.0175997
1028 0.0178869
1029 0.0181733
1030 0.0184587
1031 0.0187429
1032 0.0190257
1033 0.0193069
1034 0.0195863
1035 0.0198638
1036 0.0201391
1037 0.0204121
1038 0.0206825
1039 0.0209502
1040 0.0212149
1041 0.0214765
1042 0.0217347
1043 0.0219895
1044 0.0222405
1045 0.0224875
1046 0.0227305
1047 0.0229692
1048 0.0232033
1049 0.0234328
1050 0.0236574
1051 0.023877
1052 0.0240914
1053 0.0243003
1054 0.0245037
1055 0.0247014
1056 0.0248931
1057 0.0250787
1058 0.0252582
1059 0.0254312
1060 0.0255977
1061 0.0257575
1062 0.0259106
1063 0.0260566
1064 0.0261956
1065 0.0263274
1066 0.0264519
1067 0.0265689
1068 0.0266784
1069 0.0267803
1070 0.0268745
1071 0.0269609
1072 0.0270394
1073 0.0271099
1074 0.0271724
1075 0.0272268
1076 0.0272731
1077 0.0273113
1078 0.0273412
1079 0.027363
1080 0.0273764
1081 0.0273816
1082 0.0273786
1083 0.0273672
1084 0.0273476
1085 0.0273198
1086 0.0272837
1087 0.0272395
1088 0.0271871
1089 0.0271267
1090 0.0270581
1091 0.0269816
1092 0.0268972
1093 0.026805
1094 0.026705
1095 0.0265973
1096 0.026482
1097 0.0263593
1098 0.0262292
1099 0.0260919
1100 0.0259474
1101 0.025796
1102 0.0256376
1103 0.0254726
1104 0.0253009
1105 0.0251228
1106 0.0249384
1107 0.0247479
1108 0.0245514
1109 0.0243491
1110 0.0241412
1111 0.0239278
1112 0.0237091
1113 0.0234854
1114 0.0232567
1115 0.0230232
1116 0.0227852
1117 0.0225429
1118 0.0222964
1119 0.0220459
1120 0.0217916
1121 0.0215338
1122 0.0212725
1123 0.0210081
1124 0.0207407
1125 0.0204706
1126 0.0201978
1127 0.0199226
1128 0.0196453
1129 0.0193659
1130 0.0190848
1131 0.018802
1132 0.0185179
1133 0.0182325
1134 0.0179461
1135 0.0176589
1136 0.017371
1137 0.0170827
1138 0.016794
1139 0.0165053
1140 0.0162166
1141 0.0159281
1142 0.0156401
1143 0.0153526
1144 0.0150659
1145 0.0147801
1146 0.0144953
1147 0.0142117
1148 0.0139294
1149 0.0136487
1150 0.0133696
1151 0.0130922
1152 0.0128167
1153 0.0125432
1154 0.0122719
1155 0.0120028
1156 0.0117361
1157 0.0114718
1158 0.0112101
1159 0.0109511
1160 0.0106949
1161 0.0104415
1162 0.010191
1163 0.00994359
1164 0.00969923
1165 0.00945804
1166 0.00922006
1167 0.00898537
1168 0.00875403
1169 0.00852607
1170 0.00830156
1171 0.00808053
1172 0.00786302
1173 0.00764908
1174 0.00743871
1175 0.00723197
1176 0.00702886
1177 0.0068294
1178 0.00663362
1179 0.00644152
1180 0.0062531
1181 0.00606838
1182 0.00588736
1183 0.00571002
1184 0.00553637
1185 0.00536639
1186 0.00520007
1187 0.00503741
1188 0.00487837
1189 0.00472294
1190 0.0045711
1191 0.00442283
1192 0.00427808
1193 0.00413684
1194 0.00399906
1195 0.00386473
1196 0.00373379
1197 0.00360622
1198 0.00348197
1199 0.00336099
1200 0.00324326
1201 0.00312872
1202 0.00301733
1203 0.00290904
1204 0.00280381
1205 0.00270158
1206 0.0026023
1207 0.00250593
1208 0.00241242
1209 0.00232171
1210 0.00223374
1211 0.00214848
1212 0.00206586
1213 0.00198582
1214 0.00190833
1215 0.00183332
1216 0.00176074
1217 0.00169053
1218 0.00162264
1219 0.00155702
1220 0.00149362
1221 0.00143238
1222 0.00137324
1223 0.00131616
1224 0.00126108
1225 0.00120795
1226 0.00115672
1227 0.00110734
1228 0.00105976
1229 0.00101392
1230 0.000969785
1231 0.000927299
1232 0.000886415
1233 0.000847086
1234 0.000809266
1235 0.00077291
1236 0.000737971
1237 0.000704407
1238 0.000672174
1239 0.000641229
1240 0.000611532
1241 0.00058304
1242 0.000555714
1243 0.000529516
1244 0.000504406
1245 0.000480348
1246 0.000457305
1247 0.000435242
1248 0.000414123
1249 0.000393915
1250 0.000374585
1251 0.000356101
1252 0.000338432
1253 0.000321546
1254 0.000305415
1255 0.00029001
1256 0.000275302
1257 0.000261266
1258 0.000247873
1259 0.0002351
1260 0.000222921
1261 0.000211312
1262 0.00020025
1263 0.000189713
1264 0.000179679
1265 0.000170127
1266 0.000161037
1267 0.000152388
1268 0.000144163
1269 0.000136343
1270 0.000128911
1271 0.000121848
1272 0.00011514
1273 0.00010877
1274 0.000102723
1275 9.69849e-05
1276 9.1541e-05
1277 8.63781e-05
1278 8.14831e-05
1279 7.68437e-05
1280 7.24478e-05
1281 6.8284e-05
1282 6.43412e-05
1283 6.06087e-05
1284 5.70766e-05
1285 5.37351e-05
1286 5.05748e-05
1287 4.75869e-05
1288 4.47628e-05
1289 4.20943e-05
1290 3.95737e-05
1291 3.71934e-05
1292 3.49464e-05
1293 3.28259e-05
1294 3.08252e-05
1295 2.89383e-05
1296 2.71592e-05
1297 2.54823e-05
1298 2.39021e-05
1299 2.24136e-05
1300 2.10118e-05
1301 1.96921e-05
1302 1.84501e-05
1303 1.72815e-05
1304 1.61823e-05
1305 1.51488e-05
1306 1.41772e-05
1307 1.32643e-05
1308 1.24066e-05
1309 1.1601e-05
1310 1.08447e-05
1311 1.01349e-05
1312 9.46882e-06
1313 8.84403e-06
1314 8.25812e-06
1315 7.70886e-06
1316 7.19409e-06
1317 6.7118e-06
1318 6.26007e-06
1319 5.8371e-06
1320 5.44117e-06
1321 5.07067e-06
1322 4.72406e-06
1323 4.3999e-06
1324 4.09683e-06
1325 3.81356e-06
1326 3.54887e-06
1327 3.30163e-06
1328 3.07074e-06
1329 2.8552e-06
1330 2.65404e-06
1331 2.46635e-06
1332 2.2913e-06
1333 2.12807e-06
1334 1.97591e-06
1335 1.83412e-06
1336 1.70202e-06
1337 1.579e-06
1338 1.46445e-06
1339 1.35784e-06
1340 1.25863e-06
1341 1.16635e-06
1342 1.08053e-06
1343 1.00074e-06
1344 9.26584e-07
1345 8.57685e-07
1346 7.93687e-07
1347 7.3426e-07
1348 6.79092e-07
1349 6.27895e-07
1350 5.80395e-07
1351 5.3634e-07
1352 4.95491e-07
1353 4.57625e-07
1354 4.22536e-07
1355 3.90029e-07
1356 3.59924e-07
1357 3.32049e-07
1358 3.06249e-07
1359 2.82376e-07
1360 2.60291e-07
1361 2.39868e-07
1362 2.20986e-07
1363 2.03534e-07
1364 1.87408e-07
1365 1.72513e-07
1366 1.58758e-07
1367 1.4606e-07
1368 1.3434e-07
1369 1.23527e-07
1370 1.13553e-07
1371 1.04356e-07
1372 9.58776e-08
1373 8.80639e-08
1374 8.08649e-08
1375 7.42341e-08
1376 6.81285e-08
1377 6.2508e-08
1378 5.73356e-08
1379 5.25769e-08
1380 4.82e-08
1381 4.41755e-08
1382 4.04761e-08
1383 3.70764e-08
1384 3.39531e-08
1385 3.10844e-08
1386 2.84505e-08
1387 2.60327e-08
1388 2.38139e-08
1389 2.17783e-08
1390 1.99114e-08
1391 1.81996e-08
1392 1.66305e-08
1393 1.51926e-08
1394 1.38753e-08
1395 1.26688e-08
1396 1.15641e-08
1397 1.05528e-08
1398 9.62747e-09
1399 8.78089e-09
1400 8.0066e-09
1401 7.29862e-09
1402 6.65147e-09
1403 6.06007e-09
1404 5.51978e-09
1405 5.02631e-09
1406 4.57573e-09
1407 4.16443e-09
1408 3.78909e-09
1409 3.44665e-09
1410 3.13432e-09
1411 2.84953e-09
1412 2.58993e-09
1413 2.35335e-09
1414 2.1378e-09
1415 1.94148e-09
1416 1.76272e-09
1417 1.59999e-09
1418 1.45189e-09
1419 1.31715e-09
1420 1.1946e-09
1421 1.08316e-09
1422 9.8185e-10
1423 8.8978e-10
1424 8.06128e-10
1425 7.30146e-10
1426 6.61149e-10
1427 5.98512e-10
1428 5.41664e-10
1429 4.90086e-10
1430 4.433e-10
1431 4.00873e-10
1432 3.6241e-10
1433 3.27551e-10
1434 2.95965e-10
1435 2.67354e-10
1436 2.41444e-10
1437 2.17987e-10
1438 1.96756e-10
1439 1.77546e-10
1440 1.60168e-10
1441 1.44453e-10
1442 1.30245e-10
1443 1.17404e-10
1444 1.058e-10
1445 9.53174e-11
1446 8.58508e-11
1447 7.73038e-11
1448 6.95891e-11
1449 6.26277e-11
1450 5.63477e-11
1451 5.0684e-11
1452 4.55774e-11
1453 4.09744e-11
1454 3.68266e-11
1455 3.30898e-11
1456 2.97243e-11
1457 2.66941e-11
1458 2.39664e-11
1459 2.15117e-11
1460 1.93034e-11
1461 1.73171e-11
1462 1.55312e-11
1463 1.39257e-11
1464 1.24829e-11
1465 1.11867e-11
1466 1.00224e-11
1467 8.97692e-12
1468 8.03838e-12
1469 7.19608e-12
1470 6.44035e-12
1471 5.76247e-12
1472 5.15459e-12
1473 4.60962e-12
1474 4.1212e-12
1475 3.68356e-12
1476 3.29153e-12
1477 2.94046e-12
1478 2.62615e-12
1479 2.34482e-12
1480 2.09308e-12
1481 1.86789e-12
1482 1.66649e-12
1483 1.48642e-12
1484 1.32546e-12
1485 1.18162e-12
1486 1.05312e-12
1487 9.38351e-13
1488 8.35873e-13
1489 7.44393e-13
1490 6.62754e-13
1491 5.89915e-13
1492 5.24946e-13
1493 4.67011e-13
1494 4.15363e-13
1495 3.69332e-13
1496 3.28317e-13
1497 2.91782e-13
1498 2.59245e-13
1499 2.30277e-13
1500 2.04494e-13
1501 1.8155e-13
1502 1.61139e-13
1503 1.42986e-13
1504 1.26846e-13
1505 1.12498e-13
1506 9.97479e-14
1507 8.84199e-14
1508 7.83582e-14
1509 6.94236e-14
1510 6.1492e-14
1511 5.44525e-14
1512 4.82066e-14
1513 4.2666e-14
1514 3.77526e-14
1515 3.33964e-14
1516 2.95353e-14
1517 2.61138e-14
1518 2.30828e-14
1519 2.03984e-14
1520 1.80215e-14
1521 1.59174e-14
1522 1.40554e-14
1523 1.24081e-14
1524 1.09509e-14
1525 9.66247e-15
1526 8.52339e-15
1527 7.51667e-15
1528 6.62715e-15
1529 5.84139e-15
1530 5.14747e-15
1531 4.53482e-15
1532 3.99406e-15
1533 3.51688e-15
1534 3.09591e-15
1535 2.72463e-15
1536 2.39726e-15
1537 2.10868e-15
1538 1.85436e-15
1539 1.6303e-15
1540 1.43294e-15
1541 1.25915e-15
1542 1.10616e-15
1543 9.715e-16
1544 8.53017e-16
1545 7.48792e-16
1546 6.57133e-16
1547 5.76546e-16
1548 5.05712e-16
1549 4.43467e-16
1550 3.88784e-16
1551 3.40756e-16
1552 2.98585e-16
1553 2.61566e-16
1554 2.29078e-16
1555 2.00574e-16
1556 1.75572e-16
1557 1.53647e-16
1558 1.34426e-16
1559 1.17579e-16
1560 1.02818e-16
1561 8.98867e-17
1562 7.85619e-17
1563 6.86464e-17
1564 5.99671e-17
1565 5.23719e-17
1566 4.57271e-17
1567 3.99152e-17
1568 3.48332e-17
1569 3.03905e-17
1570 2.65077e-17
1571 2.31152e-17
1572 2.01517e-17
1573 1.75638e-17
1574 1.53043e-17
1575 1.33321e-17
1576 1.16112e-17
1577 1.01098e-17
1578 8.80037e-18
1579 7.6586e-18
1580 6.66328e-18
1581 5.79586e-18
1582 5.04009e-18
1583 4.38177e-18
1584 3.80848e-18
1585 3.30936e-18
1586 2.87494e-18
1587 2.49691e-18
1588 2.16805e-18
1589 1.88203e-18
1590 1.63333e-18
1591 1.41714e-18
1592 1.22926e-18
1593 1.06602e-18
1594 9.24222e-19
1595 8.01087e-19
1596 6.94183e-19
1597 6.01395e-19
1598 5.20878e-19
1599 4.51028e-19
1600 3.90447e-19
1601 3.37919e-19
1602 2.92384e-19
1603 2.52921e-19
1604 2.1873e-19
1605 1.89113e-19
1606 1.63466e-19
1607 1.41261e-19
1608 1.22042e-19
1609 1.05411e-19
1610 9.10242e-20
1611 7.85808e-20
1612 6.78214e-20
1613 5.85206e-20
1614 5.04825e-20
1615 4.35375e-20
1616 3.75386e-20
1617 3.23581e-20
1618 2.78855e-20
1619 2.40251e-20
1620 2.06939e-20
1621 1.78201e-20
1622 1.53415e-20
1623 1.32044e-20
1624 1.13621e-20
1625 9.77437e-21
1626 8.40641e-21
1627 7.22808e-21
1628 6.21336e-21
1629 5.33975e-21
1630 4.58781e-21
1631 3.94077e-21
1632 3.38414e-21
1633 2.9054e-21
1634 2.49376e-21
1635 2.1399e-21
1636 1.83579e-21
1637 1.57451e-21
1638 1.35008e-21
1639 1.15734e-21
1640 9.91874e-22
1641 8.49851e-22
1642 7.27981e-22
1643 6.23431e-22
1644 5.33763e-22
1645 4.56878e-22
1646 3.9097e-22
1647 3.34486e-22
1648 2.86091e-22
1649 2.44637e-22
1650 2.09137e-22
1651 1.78744e-22
1652 1.5273e-22
1653 1.3047e-22
1654 1.11426e-22
1655 9.51384e-23
1656 8.12113e-23
1657 6.93058e-23
1658 5.91309e-23
1659 5.04373e-23
1660 4.30112e-23
1661 3.66694e-23
1662 3.12549e-23
1663 2.66333e-23
1664 2.26895e-23
1665 1.93248e-23
1666 1.64551e-23
1667 1.4008e-23
1668 1.19219e-23
1669 1.0144e-23
1670 8.62903e-24
1671 7.33853e-24
1672 6.23948e-24
1673 5.30372e-24
1674 4.50719e-24
1675 3.82933e-24
1676 3.25262e-24
1677 2.76208e-24
1678 2.34494e-24
1679 1.99031e-24
1680 1.68889e-24
1681 1.43276e-24
1682 1.21518e-24
1683 1.03038e-24
1684 8.7347e-25
1685 7.40272e-25
1686 6.2723e-25
1687 5.31318e-25
1688 4.49961e-25
1689 3.80967e-25
1690 3.22473e-25
1691 2.72892e-25
1692 2.30876e-25
1693 1.95282e-25
1694 1.65133e-25
1695 1.39605e-25
1696 1.17994e-25
1697 9.97032e-26
1698 8.4227e-26
1699 7.11353e-26
1700 6.00636e-26
1701 5.07025e-26
1702 4.27897e-26
1703 3.61028e-26
1704 3.04533e-26
1705 2.56815e-26
1706 2.16519e-26
1707 1.82501e-26
1708 1.5379e-26
1709 1.29562e-26
1710 1.09125e-26
1711 9.18882e-27
1712 7.73549e-27
1713 6.51039e-27
1714 5.47796e-27
1715 4.6081e-27
1716 3.87541e-27
1717 3.2584e-27
1718 2.73894e-27
1719 2.30173e-27
1720 1.93382e-27
1721 1.62432e-27
1722 1.36401e-27
1723 1.14513e-27
1724 9.61141e-28
1725 8.0651e-28
1726 6.76589e-28
1727 5.67456e-28
1728 4.75808e-28
1729 3.98863e-28
1730 3.34278e-28
1731 2.80081e-28
1732 2.34614e-28
1733 1.96478e-28
1734 1.64501e-28
1735 1.37694e-28
1736 1.15227e-28
1737 9.64021e-29
1738 8.06327e-29
1739 6.74262e-29
1740 5.63689e-29
1741 4.71132e-29
1742 3.93676e-29
1743 3.28873e-29
1744 2.74669e-29
1745 2.29343e-29
1746 1.91449e-29
1747 1.59777e-29
1748 1.33312e-29
1749 1.11203e-29
1750 9.27377e-30
1751 7.73196e-30
1752 6.4449e-30
1753 5.37076e-30
1754 4.47454e-30
1755 3.72696e-30
1756 3.10351e-30
1757 2.58372e-30
1758 2.15045e-30
1759 1.7894e-30
1760 1.4886e-30
1761 1.23806e-30
1762 1.02943e-30
1763 8.55752e-31
1764 7.11198e-31
1765 5.90915e-31
1766 4.90854e-31
1767 4.07636e-31
1768 3.38443e-31
1769 2.80925e-31
1770 2.33125e-31
1771 1.9341e-31
1772 1.60421e-31
1773 1.33025e-31
1774 1.10281e-31
1775 9.1403e-32
1776 7.57375e-32
1777 6.27414e-32
1778 5.19623e-32
1779 4.30244e-32
1780 3.56151e-32
1781 2.94743e-32
1782 2.43863e-32
1783 2.01715e-32
1784 1.66811e-32
1785 1.37911e-32
1786 1.1399e-32
1787 9.4195e-33
1788 7.78178e-33
1789 6.42719e-33
1790 5.30707e-33
1791 4.38106e-33
1792 3.61573e-33
1793 2.98334e-33
1794 2.46095e-33
1795 2.02951e-33
1796 1.6733e-33
1797 1.37926e-33
1798 1.13661e-33
1799 9.36408e-34
1800 7.71279e-34
1801 6.3511e-34
1802 5.22851e-34
1803 4.30327e-34
1804 3.54087e-34
1805 2.91282e-34
1806 2.39557e-34
1807 1.96967e-34
1808 1.61909e-34
1809 1.33058e-34
1810 1.09321e-34
1811 8.97955e-35
1812 7.37393e-35
1813 6.0539e-35
1814 4.96893e-35
1815 4.07739e-35
1816 3.34498e-35
1817 2.74345e-35
1818 2.24953e-35
1819 1.84408e-35
1820 1.51133e-35
1821 1.23832e-35
1822 1.01437e-35
1823 8.30713e-36
1824 6.80141e-36
1825 5.56723e-36
1826 4.55587e-36
1827 3.72732e-36
1828 3.04869e-36
1829 2.493e-36
1830 2.03809e-36
1831 1.66578e-36
1832 1.36114e-36
1833 1.11194e-36
1834 9.08141e-37
1835 7.41508e-37
1836 6.053e-37
1837 4.9399e-37
1838 4.03048e-37
1839 3.28767e-37
1840 2.68109e-37
1841 2.18588e-37
1842 1.78169e-37
1843 1.45188e-37
1844 1.18283e-37
1845 9.63394e-38
1846 7.84471e-38
1847 6.38619e-38
1848 5.19754e-38
1849 4.22908e-38
1850 3.4402e-38
1851 2.79778e-38
1852 2.27475e-38
1853 1.84903e-38
1854 1.50261e-38
1855 1.22078e-38
1856 9.91567e-39
1857 8.05184e-39
1858 6.5367e-39
1859 5.30532e-39
1860 4.30482e-39
1861 3.49212e-39
1862 2.83212e-39
1863 2.29628e-39
1864 1.86134e-39
1865 1.50841e-39
1866 1.22208e-39
1867 9.8985e-40
1868 8.01546e-40
1869 6.48898e-40
1870 5.25187e-40
1871 4.24952e-40
1872 3.4376e-40
1873 2.78009e-40
1874 2.24776e-40
1875 1.8169e-40
1876 1.46825e-40
1877 1.1862e-40
1878 9.58087e-41
1879 7.73642e-41
1880 6.24544e-41
1881 5.04051e-41
1882 4.067e-41
1883 3.28067e-41
1884 2.64569e-41
1885 2.13307e-41
1886 1.71932e-41
1887 1.38548e-41
1888 1.11617e-41
1889 8.98975e-42
1890 7.2386e-42
1891 5.82707e-42
1892 4.68958e-42
1893 3.77317e-42
1894 3.03506e-42
1895 2.44072e-42
1896 1.96226e-42
1897 1.57719e-42
1898 1.26736e-42
1899 1.01813e-42
1900 8.17707e-43
1901 6.56569e-43
1902 5.27051e-43
1903 4.22973e-43
1904 3.39362e-43
1905 2.72209e-43
1906 2.18288e-43
1907 1.75004e-43
1908 1.40266e-43
1909 1.12396e-43
1910 9.00398e-44
1911 7.21122e-44
1912 5.77394e-44
1913 4.62195e-44
1914 3.69886e-44
1915 2.95937e-44
1916 2.36712e-44
1917 1.89291e-44
1918 1.51331e-44
1919 1.20953e-44
1920 9.66481e-45
1921 7.72075e-45
1922 6.16615e-45
1923 4.92332e-45
1924 3.92998e-45
1925 3.13625e-45
1926 2.50219e-45
1927 1.99581e-45
1928 1.59149e-45
1929 1.26876e-45
1930 1.01121e-45
1931 8.0573e-46
1932 6.4184e-46
1933 5.11153e-46
1934 4.0697e-46
1935 3.23937e-46
1936 2.57778e-46
1937 2.05078e-46
1938 1.63108e-46
1939 1.29694e-46
1940 1.03098e-46
1941 8.19344e-47
1942 6.50979e-47
1943 5.17075e-47
1944 4.10605e-47
1945 3.25972e-47
1946 2.58714e-47
1947 2.05279e-47
1948 1.62837e-47
1949 1.29135e-47
1950 1.02381e-47
1951 8.11479e-48
1952 6.43011e-48
1953 5.0938e-48
1954 4.03411e-48
1955 3.19401e-48
1956 2.52817e-48
1957 2.00059e-48
1958 1.58268e-48
1959 1.25172e-48
1960 9.89697e-49
1961 7.8231e-49
1962 6.18211e-49
1963 4.88399e-49
1964 3.85738e-49
1965 3.04573e-49
1966 2.40419e-49
1967 1.89727e-49
1968 1.49681e-49
1969 1.18055e-49
1970 9.30854e-50
1971 7.33768e-50
1972 5.78249e-50
1973 4.55565e-50
1974 3.58811e-50
1975 2.82527e-50
1976 2.22399e-50
1977 1.75019e-50
1978 1.37695e-50
1979 1.083e-50
1980 8.51563e-51
1981 6.694e-51
1982 5.26058e-51
1983 4.13295e-51
1984 3.24614e-51
1985 2.5489e-51
1986 2.00086e-51
1987 1.57022e-51
1988 1.23192e-51
1989 9.66243e-52
1990 7.5765e-52
1991 5.93923e-52
1992 4.65448e-52
1993 3.64664e-52
1994 2.85623e-52
1995 2.23652e-52
1996 1.75079e-52
1997 1.37017e-52
1998 1.072e-52
1999 8.38483e-53
2000 6.55654e-53
2001 5.12548e-53
2002 4.00567e-53
2003 3.12965e-53
2004 2.44453e-53
2005 1.90887e-53
2006 1.49017e-53
2007 1.16299e-53
2008 9.07393e-54
2009 7.07774e-54
2010 5.51915e-54
2011 4.30258e-54
2012 3.35323e-54
2013 2.61262e-54
2014 2.03501e-54
2015 1.58464e-54
2016 1.23359e-54
2017 9.60034e-55
2018 7.46917e-55
2019 5.80934e-55
2020 4.51698e-55
2021 3.51101e-55
2022 2.72819e-55
2023 2.11918e-55
2024 1.64553e-55
2025 1.27726e-55
2026 9.90999e-56
2027 7.68552e-56
2028 5.95743e-56
2029 4.61534e-56
2030 3.57334e-56
2031 2.76457e-56
2032 2.13701e-56
2033 1.65022e-56
2034 1.27275e-56
2035 9.80159e-57
2036 7.53444e-57
2037 5.77858e-57
2038 4.4195e-57
2039 3.36832e-57
2040 2.55614e-57
2041 1.92959e-57
2042 1.44737e-57
2043 1.07761e-57
2044 7.95792e-58
2045 5.83175e-58
2046 4.25546e-58
2047 3.12313e-58
