0 3.09209e-34
1 2.43849e-34
2 1.91032e-34
3 1.49187e-34
4 1.1705e-34
5 9.36146e-35
6 7.81733e-35
7 7.02429e-35
8 6.95091e-35
9 7.5853e-35
10 8.94414e-35
11 1.10586e-34
12 1.39751e-34
13 1.77734e-34
14 2.25549e-34
15 2.84362e-34
16 3.55767e-34
17 4.41719e-34
18 5.44431e-34
19 6.66319e-34
20 8.10955e-34
21 9.82391e-34
22 1.18463e-33
23 1.42321e-33
24 1.70438e-33
25 2.03593e-33
26 2.42617e-33
27 2.88488e-33
28 3.42465e-33
29 4.05965e-33
30 4.80583e-33
31 5.68214e-33
32 6.71364e-33
33 7.92495e-33
34 9.34505e-33
35 1.10146e-32
36 1.29745e-32
37 1.52737e-32
38 1.7974e-32
39 2.11417e-32
40 2.48548e-32
41 2.92086e-32
42 3.43155e-32
43 4.03024e-32
44 4.73165e-32
45 5.5536e-32
46 6.51622e-32
47 7.64345e-32
48 8.96405e-32
49 1.05097e-31
50 1.23185e-31
51 1.44356e-31
52 1.69117e-31
53 1.9808e-31
54 2.31958e-31
55 2.71552e-31
56 3.17841e-31
57 3.71935e-31
58 4.3513e-31
59 5.08966e-31
60 5.95164e-31
61 6.9585e-31
62 8.13383e-31
63 9.50501e-31
64 1.11053e-30
65 1.29724e-30
66 1.51503e-30
67 1.7689e-30
68 2.06486e-30
69 2.40996e-30
70 2.81197e-30
71 3.28033e-30
72 3.82614e-30
73 4.46146e-30
74 5.20124e-30
75 6.06237e-30
76 7.06447e-30
77 8.23043e-30
78 9.58667e-30
79 1.11646e-29
80 1.29983e-29
81 1.51306e-29
82 1.76092e-29
83 2.04887e-29
84 2.38342e-29
85 2.77193e-29
86 3.22313e-29
87 3.74682e-29
88 4.35487e-29
89 5.06035e-29
90 5.87884e-29
91 6.82856e-29
92 7.92934e-29
93 9.20575e-29
94 1.06856e-28
95 1.24005e-28
96 1.43876e-28
97 1.66892e-28
98 1.93551e-28
99 2.24422e-28
100 2.60149e-28
101 3.01506e-28
102 3.49364e-28
103 4.04719e-28
104 4.68759e-28
105 5.42811e-28
106 6.28421e-28
107 7.27377e-28
108 8.41731e-28
109 9.73862e-28
110 1.12648e-27
111 1.30274e-27
112 1.50625e-27
113 1.74117e-27
114 2.01231e-27
115 2.32516e-27
116 2.68609e-27
117 3.10236e-27
118 3.58237e-27
119 4.13575e-27
120 4.77357e-27
121 5.5086e-27
122 6.3554e-27
123 7.33082e-27
124 8.45415e-27
125 9.74743e-27
126 1.12362e-26
127 1.29495e-26
128 1.49207e-26
129 1.71883e-26
130 1.97964e-26
131 2.27953e-26
132 2.62425e-26
133 3.02047e-26
134 3.47577e-26
135 3.99879e-26
136 4.59951e-26
137 5.28938e-26
138 6.08137e-26
139 6.99043e-26
140 8.03361e-26
141 9.23043e-26
142 1.06033e-25
143 1.21777e-25
144 1.39828e-25
145 1.6052e-25
146 1.84233e-25
147 2.11405e-25
148 2.42531e-25
149 2.78179e-25
150 3.18998e-25
151 3.65727e-25
152 4.19209e-25
153 4.80411e-25
154 5.50426e-25
155 6.30511e-25
156 7.22092e-25
157 8.26793e-25
158 9.46475e-25
159 1.08325e-24
160 1.23952e-24
161 1.41802e-24
162 1.62189e-24
163 1.85467e-24
164 2.1204e-24
165 2.42369e-24
166 2.76975e-24
167 3.16456e-24
168 3.61486e-24
169 4.12835e-24
170 4.71378e-24
171 5.38108e-24
172 6.14151e-24
173 7.00791e-24
174 7.99481e-24
175 9.11875e-24
176 1.03985e-23
177 1.18552e-23
178 1.35131e-23
179 1.53996e-23
180 1.75457e-23
181 1.99865e-23
182 2.27619e-23
183 2.59172e-23
184 2.95035e-23
185 3.35788e-23
186 3.82088e-23
187 4.34677e-23
188 4.94398e-23
189 5.62202e-23
190 6.39166e-23
191 7.26509e-23
192 8.25609e-23
193 9.38022e-23
194 1.06551e-22
195 1.21006e-22
196 1.37393e-22
197 1.55964e-22
198 1.77008e-22
199 2.00847e-22
200 2.27848e-22
201 2.58422e-22
202 2.93035e-22
203 3.32213e-22
204 3.76547e-22
205 4.26705e-22
206 4.83439e-22
207 5.47599e-22
208 6.20141e-22
209 7.0214e-22
210 7.94811e-22
211 8.99519e-22
212 1.0178e-21
213 1.15139e-21
214 1.30224e-21
215 1.47253e-21
216 1.66474e-21
217 1.88163e-21
218 2.12632e-21
219 2.40233e-21
220 2.71358e-21
221 3.0645e-21
222 3.46007e-21
223 3.90587e-21
224 4.40817e-21
225 4.974e-21
226 5.61127e-21
227 6.32884e-21
228 7.13665e-21
229 8.04585e-21
230 9.06896e-21
231 1.022e-20
232 1.15146e-20
233 1.29705e-20
234 1.46074e-20
235 1.64473e-20
236 1.85149e-20
237 2.08381e-20
238 2.34477e-20
239 2.63784e-20
240 2.96691e-20
241 3.33631e-20
242 3.75089e-20
243 4.21608e-20
244 4.73794e-20
245 5.32325e-20
246 5.97957e-20
247 6.71535e-20
248 7.54004e-20
249 8.46417e-20
250 9.4995e-20
251 1.06592e-19
252 1.19578e-19
253 1.34117e-19
254 1.50392e-19
255 1.68605e-19
256 1.88982e-19
257 2.11777e-19
258 2.37269e-19
259 2.65772e-19
260 2.97636e-19
261 3.33247e-19
262 3.73039e-19
263 4.17492e-19
264 4.67142e-19
265 5.22584e-19
266 5.8448e-19
267 6.53568e-19
268 7.30666e-19
269 8.16684e-19
270 9.12634e-19
271 1.01964e-18
272 1.13895e-18
273 1.27195e-18
274 1.42018e-18
275 1.58535e-18
276 1.76936e-18
277 1.9743e-18
278 2.20252e-18
279 2.4566e-18
280 2.73941e-18
281 3.05413e-18
282 3.4043e-18
283 3.79381e-18
284 4.227e-18
285 4.70866e-18
286 5.2441e-18
287 5.83919e-18
288 6.50043e-18
289 7.23503e-18
290 8.05093e-18
291 8.95694e-18
292 9.9628e-18
293 1.10793e-17
294 1.23182e-17
295 1.36928e-17
296 1.52175e-17
297 1.69083e-17
298 1.8783e-17
299 2.08611e-17
300 2.31641e-17
301 2.57158e-17
302 2.85425e-17
303 3.1673e-17
304 3.51392e-17
305 3.89763e-17
306 4.3223e-17
307 4.79221e-17
308 5.31205e-17
309 5.88699e-17
310 6.52275e-17
311 7.22559e-17
312 8.00243e-17
313 8.86086e-17
314 9.80924e-17
315 1.08568e-16
316 1.20136e-16
317 1.32907e-16
318 1.47005e-16
319 1.62562e-16
320 1.79728e-16
321 1.98663e-16
322 2.19546e-16
323 2.42572e-16
324 2.67956e-16
325 2.95933e-16
326 3.26762e-16
327 3.60725e-16
328 3.98134e-16
329 4.39329e-16
330 4.84685e-16
331 5.3461e-16
332 5.89554e-16
333 6.50009e-16
334 7.16513e-16
335 7.89656e-16
336 8.70085e-16
337 9.58505e-16
338 1.05569e-15
339 1.16249e-15
340 1.27983e-15
341 1.40872e-15
342 1.55026e-15
343 1.70568e-15
344 1.87628e-15
345 2.06352e-15
346 2.26897e-15
347 2.49436e-15
348 2.74157e-15
349 3.01264e-15
350 3.30982e-15
351 3.63556e-15
352 3.99251e-15
353 4.38358e-15
354 4.81194e-15
355 5.28104e-15
356 5.79464e-15
357 6.35683e-15
358 6.97207e-15
359 7.64521e-15
360 8.38154e-15
361 9.18681e-15
362 1.00673e-14
363 1.10297e-14
364 1.20816e-14
365 1.32308e-14
366 1.44862e-14
367 1.58573e-14
368 1.73544e-14
369 1.89886e-14
370 2.07721e-14
371 2.27182e-14
372 2.48412e-14
373 2.71566e-14
374 2.96814e-14
375 3.24337e-14
376 3.54335e-14
377 3.87023e-14
378 4.22635e-14
379 4.61422e-14
380 5.03661e-14
381 5.49646e-14
382 5.99701e-14
383 6.54174e-14
384 7.13442e-14
385 7.77913e-14
386 8.4803e-14
387 9.2427e-14
388 1.00715e-13
389 1.09724e-13
390 1.19513e-13
391 1.30148e-13
392 1.41701e-13
393 1.54246e-13
394 1.67868e-13
395 1.82656e-13
396 1.98705e-13
397 2.16121e-13
398 2.35015e-13
399 2.55509e-13
400 2.77733e-13
401 3.0183e-13
402 3.27951e-13
403 3.56261e-13
404 3.86936e-13
405 4.20168e-13
406 4.56162e-13
407 4.95138e-13
408 5.37336e-13
409 5.83012e-13
410 6.32442e-13
411 6.85923e-13
412 7.43773e-13
413 8.06336e-13
414 8.73982e-13
415 9.47106e-13
416 1.02613e-12
417 1.11152e-12
418 1.20376e-12
419 1.30339e-12
420 1.41095e-12
421 1.52707e-12
422 1.65238e-12
423 1.78759e-12
424 1.93345e-12
425 2.09076e-12
426 2.26036e-12
427 2.44319e-12
428 2.64022e-12
429 2.85251e-12
430 3.08118e-12
431 3.32744e-12
432 3.59258e-12
433 3.87797e-12
434 4.1851e-12
435 4.51554e-12
436 4.87097e-12
437 5.2532e-12
438 5.66415e-12
439 6.10587e-12
440 6.58058e-12
441 7.0906e-12
442 7.63846e-12
443 8.22681e-12
444 8.85853e-12
445 9.53666e-12
446 1.02644e-11
447 1.10454e-11
448 1.18831e-11
449 1.27817e-11
450 1.37453e-11
451 1.47784e-11
452 1.58858e-11
453 1.70726e-11
454 1.83442e-11
455 1.97066e-11
456 2.11658e-11
457 2.27284e-11
458 2.44015e-11
459 2.61925e-11
460 2.81095e-11
461 3.01608e-11
462 3.23555e-11
463 3.47031e-11
464 3.72139e-11
465 3.98987e-11
466 4.2769e-11
467 4.5837e-11
468 4.91158e-11
469 5.26191e-11
470 5.63616e-11
471 6.03589e-11
472 6.46273e-11
473 6.91845e-11
474 7.40488e-11
475 7.924e-11
476 8.47788e-11
477 9.06872e-11
478 9.69885e-11
479 1.03707e-10
480 1.10869e-10
481 1.18503e-10
482 1.26636e-10
483 1.353e-10
484 1.44527e-10
485 1.54352e-10
486 1.6481e-10
487 1.75939e-10
488 1.87779e-10
489 2.00373e-10
490 2.13765e-10
491 2.28001e-10
492 2.43132e-10
493 2.59208e-10
494 2.76284e-10
495 2.94418e-10
496 3.13669e-10
497 3.34102e-10
498 3.55782e-10
499 3.78779e-10
500 4.03167e-10
501 4.29023e-10
502 4.56428e-10
503 4.85467e-10
504 5.1623e-10
505 5.48809e-10
506 5.83304e-10
507 6.19818e-10
508 6.58459e-10
509 6.99342e-10
510 7.42586e-10
511 7.88318e-10
512 8.36668e-10
513 8.87775e-10
514 9.41786e-10
515 9.98854e-10
516 1.05914e-09
517 1.12281e-09
518 1.19004e-09
519 1.26102e-09
520 1.33595e-09
521 1.41502e-09
522 1.49847e-09
523 1.5865e-09
524 1.67937e-09
525 1.77732e-09
526 1.88062e-09
527 1.98953e-09
528 2.10436e-09
529 2.2254e-09
530 2.35298e-09
531 2.48743e-09
532 2.6291e-09
533 2.77835e-09
534 2.93559e-09
535 3.10121e-09
536 3.27563e-09
537 3.45929e-09
538 3.65267e-09
539 3.85625e-09
540 4.07053e-09
541 4.29604e-09
542 4.53333e-09
543 4.78298e-09
544 5.04559e-09
545 5.32178e-09
546 5.6122e-09
547 5.91752e-09
548 6.23844e-09
549 6.57569e-09
550 6.93002e-09
551 7.30221e-09
552 7.69307e-09
553 8.10342e-09
554 8.53412e-09
555 8.98607e-09
556 9.46017e-09
557 9.95736e-09
558 1.04786e-08
559 1.10249e-08
560 1.15973e-08
561 1.21968e-08
562 1.28245e-08
563 1.34814e-08
564 1.41688e-08
565 1.48877e-08
566 1.56393e-08
567 1.64249e-08
568 1.72456e-08
569 1.81026e-08
570 1.89972e-08
571 1.99308e-08
572 2.09046e-08
573 2.192e-08
574 2.29782e-08
575 2.40808e-08
576 2.52291e-08
577 2.64245e-08
578 2.76685e-08
579 2.89626e-08
580 3.03083e-08
581 3.17072e-08
582 3.31608e-08
583 3.46708e-08
584 3.62389e-08
585 3.78668e-08
586 3.95562e-08
587 4.1309e-08
588 4.31271e-08
589 4.50123e-08
590 4.69668e-08
591 4.89926e-08
592 5.10919e-08
593 5.3267e-08
594 5.55203e-08
595 5.78542e-08
596 6.02713e-08
597 6.27745e-08
598 6.53664e-08
599 6.80502e-08
600 7.0829e-08
601 7.37061e-08
602 7.6685e-08
603 7.97695e-08
604 8.29632e-08
605 8.62705e-08
606 8.96954e-08
607 9.32425e-08
608 9.69166e-08
609 1.00723e-07
610 1.04666e-07
611 1.08751e-07
612 1.12985e-07
613 1.17373e-07
614 1.21922e-07
615 1.26637e-07
616 1.31526e-07
617 1.36595e-07
618 1.41852e-07
619 1.47304e-07
620 1.52958e-07
621 1.58824e-07
622 1.64908e-07
623 1.71219e-07
624 1.77765e-07
625 1.84555e-07
626 1.91598e-07
627 1.98902e-07
628 2.06476e-07
629 2.14329e-07
630 2.22469e-07
631 2.30906e-07
632 2.39648e-07
633 2.48703e-07
634 2.58081e-07
635 2.67788e-07
636 2.77832e-07
637 2.88222e-07
638 2.98963e-07
639 3.10063e-07
640 3.21527e-07
641 3.33361e-07
642 3.45569e-07
643 3.58156e-07
644 3.71124e-07
645 3.84477e-07
646 3.98216e-07
647 4.12341e-07
648 4.26852e-07
649 4.41748e-07
650 4.57025e-07
651 4.72682e-07
652 4.88712e-07
653 5.05109e-07
654 5.21867e-07
655 5.38976e-07
656 5.56428e-07
657 5.74211e-07
658 5.92313e-07
659 6.10721e-07
660 6.29419e-07
661 6.48392e-07
662 6.67623e-07
663 6.87093e-07
664 7.06784e-07
665 7.26676e-07
666 7.46748e-07
667 7.66977e-07
668 7.87343e-07
669 8.07822e-07
670 8.28391e-07
671 8.49027e-07
672 8.69706e-07
673 8.90406e-07
674 9.11104e-07
675 9.31778e-07
676 9.52406e-07
677 9.72967e-07
678 9.93443e-07
679 1.01382e-06
680 1.03407e-06
681 1.05419e-06
682 1.07416e-06
683 1.09398e-06
684 1.11364e-06
685 1.13313e-06
686 1.15245e-06
687 1.17161e-06
688 1.19062e-06
689 1.20947e-06
690 1.2282e-06
691 1.24681e-06
692 1.26534e-06
693 1.2838e-06
694 1.30224e-06
695 1.32069e-06
696 1.3392e-06
697 1.35781e-06
698 1.37659e-06
699 1.39558e-06
700 1.41487e-06
701 1.43451e-06
702 1.4546e-06
703 1.4752e-06
704 1.49641e-06
705 1.51832e-06
706 1.54103e-06
707 1.56464e-06
708 1.58927e-06
709 1.61502e-06
710 1.642e-06
711 1.67035e-06
712 1.70018e-06
713 1.73161e-06
714 1.76478e-06
715 1.79981e-06
716 1.83684e-06
717 1.87599e-06
718 1.91739e-06
719 1.96118e-06
720 2.00747e-06
721 2.0564e-06
722 2.10809e-06
723 2.16266e-06
724 2.22021e-06
725 2.28085e-06
726 2.34469e-06
727 2.41182e-06
728 2.48232e-06
729 2.55626e-06
730 2.63371e-06
731 2.71473e-06
732 2.79935e-06
733 2.88761e-06
734 2.97952e-06
735 3.07508e-06
736 3.17427e-06
737 3.27707e-06
738 3.38343e-06
739 3.49329e-06
740 3.60655e-06
741 3.72313e-06
742 3.8429e-06
743 3.96572e-06
744 4.09144e-06
745 4.21987e-06
746 4.35083e-06
747 4.48408e-06
748 4.6194e-06
749 4.75652e-06
750 4.89516e-06
751 5.03504e-06
752 5.17582e-06
753 5.31718e-06
754 5.45877e-06
755 5.6002e-06
756 5.7411e-06
757 5.88107e-06
758 6.01967e-06
759 6.1565e-06
760 6.29109e-06
761 6.423e-06
762 6.55177e-06
763 6.67693e-06
764 6.79799e-06
765 6.91448e-06
766 7.02592e-06
767 7.13182e-06
768 7.2317e-06
769 7.32508e-06
770 7.41148e-06
771 7.49044e-06
772 7.56151e-06
773 7.62423e-06
774 7.67819e-06
775 7.72297e-06
776 7.75817e-06
777 7.78343e-06
778 7.7984e-06
779 7.80276e-06
780 7.79621e-06
781 7.7785e-06
782 7.7494e-06
783 7.70872e-06
784 7.65631e-06
785 7.59205e-06
786 7.51588e-06
787 7.42777e-06
788 7.32773e-06
789 7.21585e-06
790 7.09224e-06
791 6.95706e-06
792 6.81055e-06
793 6.65298e-06
794 6.48469e-06
795 6.30606e-06
796 6.11756e-06
797 5.91968e-06
798 5.71299e-06
799 5.49813e-06
800 5.27577e-06
801 5.04668e-06
802 4.81166e-06
803 4.57158e-06
804 4.32737e-06
805 4.08002e-06
806 3.83059e-06
807 3.58018e-06
808 3.32996e-06
809 3.08115e-06
810 2.83502e-06
811 2.59292e-06
812 2.35622e-06
813 2.12636e-06
814 1.90482e-06
815 1.69313e-06
816 1.49287e-06
817 1.30565e-06
818 1.13312e-06
819 9.7699e-07
820 8.38975e-07
821 7.20839e-07
822 6.24374e-07
823 5.51395e-07
824 5.03745e-07
825 4.83284e-07
826 4.91895e-07
827 5.31471e-07
828 6.03922e-07
829 7.11166e-07
830 8.55126e-07
831 1.03773e-06
832 1.26091e-06
833 1.52659e-06
834 1.83669e-06
835 2.19313e-06
836 2.59782e-06
837 3.05264e-06
838 3.55949e-06
839 4.12021e-06
840 4.73666e-06
841 5.41066e-06
842 6.144e-06
843 6.93847e-06
844 7.79582e-06
845 8.71776e-06
846 9.706e-06
847 1.07622e-05
848 1.1888e-05
849 1.3085e-05
850 1.43548e-05
851 1.56989e-05
852 1.71189e-05
853 1.86162e-05
854 2.01923e-05
855 2.18486e-05
856 2.35865e-05
857 2.54073e-05
858 2.73126e-05
859 2.93034e-05
860 3.13812e-05
861 3.35473e-05
862 3.58028e-05
863 3.81491e-05
864 4.05874e-05
865 4.31188e-05
866 4.57447e-05
867 4.84663e-05
868 5.12847e-05
869 5.42011e-05
870 5.72169e-05
871 6.03333e-05
872 6.35515e-05
873 6.68727e-05
874 7.02984e-05
875 7.38298e-05
876 7.74683e-05
877 8.12153e-05
878 8.50722e-05
879 8.90406e-05
880 9.31219e-05
881 9.73179e-05
882 0.00010163
883 0.00010606
884 0.000110611
885 0.000115282
886 0.000120078
887 0.000124999
888 0.000130048
889 0.000135228
890 0.00014054
891 0.000145987
892 0.000151572
893 0.000157297
894 0.000163165
895 0.000169179
896 0.000175343
897 0.000181659
898 0.000188131
899 0.000194763
900 0.000201557
901 0.000208519
902 0.000215651
903 0.000222959
904 0.000230446
905 0.000238117
906 0.000245976
907 0.00025403
908 0.000262281
909 0.000270737
910 0.000279401
911 0.00028828
912 0.00029738
913 0.000306707
914 0.000316266
915 0.000326064
916 0.000336107
917 0.000346403
918 0.000356958
919 0.00036778
920 0.000378876
921 0.000390253
922 0.000401919
923 0.000413882
924 0.00042615
925 0.000438732
926 0.000451637
927 0.000464872
928 0.000478447
929 0.000492371
930 0.000506653
931 0.000521303
932 0.000536331
933 0.000551746
934 0.000567558
935 0.000583779
936 0.000600417
937 0.000617485
938 0.000634992
939 0.000652949
940 0.000671369
941 0.000690261
942 0.000709637
943 0.00072951
944 0.00074989
945 0.00077079
946 0.000792221
947 0.000814196
948 0.000836727
949 0.000859826
950 0.000883506
951 0.00090778
952 0.00093266
953 0.000958158
954 0.000984289
955 0.00101106
956 0.0010385
957 0.0010666
958 0.00109539
959 0.00112488
960 0.00115507
961 0.001186
962 0.00121765
963 0.00125006
964 0.00128324
965 0.00131719
966 0.00135194
967 0.00138749
968 0.00142385
969 0.00146105
970 0.0014991
971 0.001538
972 0.00157777
973 0.00161843
974 0.00165999
975 0.00170246
976 0.00174585
977 0.00179019
978 0.00183547
979 0.00188171
980 0.00192893
981 0.00197714
982 0.00202635
983 0.00207657
984 0.00212782
985 0.0021801
986 0.00223343
987 0.00228782
988 0.00234328
989 0.00239982
990 0.00245746
991 0.0025162
992 0.00257605
993 0.00263703
994 0.00269913
995 0.00276239
996 0.00282679
997 0.00289236
998 0.00295909
999 0.00302701
1000 0.00309611
1001 0.0031664
1002 0.00323789
1003 0.00331059
1004 0.00338451
1005 0.00345964
1006 0.003536
1007 0.00361359
1008 0.00369242
1009 0.00377249
1010 0.00385379
1011 0.00393635
1012 0.00402016
1013 0.00410522
1014 0.00419153
1015 0.0042791
1016 0.00436793
1017 0.00445801
1018 0.00454935
1019 0.00464194
1020 0.00473579
1021 0.0048309
1022 0.00492725
1023 0.00502485
1024 0.00512369
1025 0.00522377
1026 0.00532509
1027 0.00542763
1028 0.0055314
1029 0.00563638
1030 0.00574257
1031 0.00584996
1032 0.00595853
1033 0.00606829
1034 0.00617922
1035 0.00629131
1036 0.00640454
1037 0.00651891
1038 0.0066344
1039 0.006751
1040 0.00686869
1041 0.00698746
1042 0.00710729
1043 0.00722817
1044 0.00735007
1045 0.00747298
1046 0.00759688
1047 0.00772175
1048 0.00784756
1049 0.00797431
1050 0.00810195
1051 0.00823048
1052 0.00835987
1053 0.00849009
1054 0.00862112
1055 0.00875293
1056 0.0088855
1057 0.00901879
1058 0.00915278
1059 0.00928744
1060 0.00942275
1061 0.00955866
1062 0.00969515
1063 0.00983219
1064 0.00996974
1065 0.0101078
1066 0.0102462
1067 0.0103851
1068 0.0105244
1069 0.010664
1070 0.0108039
1071 0.0109441
1072 0.0110845
1073 0.0112251
1074 0.0113658
1075 0.0115067
1076 0.0116476
1077 0.0117885
1078 0.0119295
1079 0.0120703
1080 0.0122111
1081 0.0123517
1082 0.0124922
1083 0.0126324
1084 0.0127724
1085 0.012912
1086 0.0130513
1087 0.0131901
1088 0.0133285
1089 0.0134664
1090 0.0136038
1091 0.0137405
1092 0.0138766
1093 0.0140121
1094 0.0141468
1095 0.0142807
1096 0.0144138
1097 0.0145459
1098 0.0146772
1099 0.0148075
1100 0.0149368
1101 0.015065
1102 0.015192
1103 0.0153179
1104 0.0154426
1105 0.0155661
1106 0.0156882
1107 0.0158089
1108 0.0159283
1109 0.0160462
1110 0.0161625
1111 0.0162774
1112 0.0163906
1113 0.0165022
1114 0.0166122
1115 0.0167203
1116 0.0168268
1117 0.0169314
1118 0.0170341
1119 0.0171349
1120 0.0172338
1121 0.0173307
1122 0.0174255
1123 0.0175183
1124 0.0176089
1125 0.0176974
1126 0.0177837
1127 0.0178678
1128 0.0179496
1129 0.0180291
1130 0.0181063
1131 0.0181811
1132 0.0182535
1133 0.0183234
1134 0.0183909
1135 0.0184558
1136 0.0185182
1137 0.0185781
1138 0.0186353
1139 0.01869
1140 0.018742
1141 0.0187913
1142 0.0188379
1143 0.0188819
1144 0.018923
1145 0.0189615
1146 0.0189971
1147 0.0190299
1148 0.01906
1149 0.0190872
1150 0.0191115
1151 0.019133
1152 0.0191517
1153 0.0191674
1154 0.0191803
1155 0.0191903
1156 0.0191973
1157 0.0192015
1158 0.0192028
1159 0.0192011
1160 0.0191965
1161 0.019189
1162 0.0191786
1163 0.0191653
1164 0.0191491
1165 0.0191299
1166 0.0191079
1167 0.019083
1168 0.0190552
1169 0.0190245
1170 0.018991
1171 0.0189546
1172 0.0189154
1173 0.0188733
1174 0.0188285
1175 0.0187809
1176 0.0187305
1177 0.0186774
1178 0.0186216
1179 0.0185631
1180 0.0185019
1181 0.018438
1182 0.0183715
1183 0.0183025
1184 0.0182308
1185 0.0181566
1186 0.01808
1187 0.0180008
1188 0.0179192
1189 0.0178352
1190 0.0177488
1191 0.0176601
1192 0.0175691
1193 0.0174759
1194 0.0173804
1195 0.0172827
1196 0.0171829
1197 0.0170809
1198 0.0169769
1199 0.0168709
1200 0.0167629
1201 0.016653
1202 0.0165412
1203 0.0164276
1204 0.0163121
1205 0.0161949
1206 0.0160761
1207 0.0159555
1208 0.0158334
1209 0.0157096
1210 0.0155844
1211 0.0154577
1212 0.0153296
1213 0.0152002
1214 0.0150694
1215 0.0149374
1216 0.0148042
1217 0.0146698
1218 0.0145343
1219 0.0143977
1220 0.0142601
1221 0.0141216
1222 0.0139822
1223 0.0138419
1224 0.0137009
1225 0.013559
1226 0.0134165
1227 0.0132734
1228 0.0131296
1229 0.0129853
1230 0.0128405
1231 0.0126953
1232 0.0125496
1233 0.0124037
1234 0.0122574
1235 0.0121109
1236 0.0119642
1237 0.0118173
1238 0.0116703
1239 0.0115233
1240 0.0113763
1241 0.0112293
1242 0.0110824
1243 0.0109356
1244 0.010789
1245 0.0106426
1246 0.0104965
1247 0.0103507
1248 0.0102052
1249 0.0100601
1250 0.00991546
1251 0.00977128
1252 0.0096276
1253 0.00948446
1254 0.00934191
1255 0.00919999
1256 0.00905871
1257 0.00891813
1258 0.00877828
1259 0.00863919
1260 0.00850088
1261 0.00836341
1262 0.00822679
1263 0.00809105
1264 0.00795623
1265 0.00782235
1266 0.00768945
1267 0.00755754
1268 0.00742666
1269 0.00729682
1270 0.00716806
1271 0.00704039
1272 0.00691383
1273 0.00678842
1274 0.00666417
1275 0.00654109
1276 0.00641921
1277 0.00629854
1278 0.00617911
1279 0.00606092
1280 0.00594399
1281 0.00582834
1282 0.00571398
1283 0.00560091
1284 0.00548916
1285 0.00537874
1286 0.00526964
1287 0.00516189
1288 0.00505549
1289 0.00495044
1290 0.00484676
1291 0.00474444
1292 0.0046435
1293 0.00454394
1294 0.00444576
1295 0.00434896
1296 0.00425355
1297 0.00415953
1298 0.00406689
1299 0.00397564
1300 0.00388578
1301 0.0037973
1302 0.00371021
1303 0.00362449
1304 0.00354016
1305 0.00345719
1306 0.00337559
1307 0.00329536
1308 0.00321648
1309 0.00313895
1310 0.00306277
1311 0.00298792
1312 0.0029144
1313 0.00284221
1314 0.00277132
1315 0.00270174
1316 0.00263346
1317 0.00256646
1318 0.00250073
1319 0.00243626
1320 0.00237305
1321 0.00231108
1322 0.00225033
1323 0.00219081
1324 0.00213249
1325 0.00207536
1326 0.00201941
1327 0.00196463
1328 0.00191101
1329 0.00185852
1330 0.00180716
1331 0.00175692
1332 0.00170777
1333 0.00165971
1334 0.00161272
1335 0.00156678
1336 0.00152189
1337 0.00147802
1338 0.00143517
1339 0.00139332
1340 0.00135245
1341 0.00131254
1342 0.00127359
1343 0.00123558
1344 0.00119849
1345 0.00116231
1346 0.00112702
1347 0.00109261
1348 0.00105906
1349 0.00102637
1350 0.000994501
1351 0.000963454
1352 0.000933211
1353 0.000903756
1354 0.000875076
1355 0.000847154
1356 0.000819978
1357 0.000793532
1358 0.000767801
1359 0.000742773
1360 0.000718431
1361 0.000694763
1362 0.000671755
1363 0.000649392
1364 0.000627661
1365 0.000606549
1366 0.000586041
1367 0.000566125
1368 0.000546788
1369 0.000528016
1370 0.000509797
1371 0.000492117
1372 0.000474966
1373 0.000458329
1374 0.000442196
1375 0.000426553
1376 0.000411389
1377 0.000396693
1378 0.000382452
1379 0.000368656
1380 0.000355294
1381 0.000342353
1382 0.000329825
1383 0.000317697
1384 0.000305959
1385 0.000294602
1386 0.000283615
1387 0.000272988
1388 0.000262712
1389 0.000252776
1390 0.000243172
1391 0.00023389
1392 0.000224922
1393 0.000216258
1394 0.00020789
1395 0.000199809
1396 0.000192008
1397 0.000184477
1398 0.00017721
1399 0.000170197
1400 0.000163433
1401 0.000156908
1402 0.000150617
1403 0.000144551
1404 0.000138704
1405 0.000133069
1406 0.00012764
1407 0.00012241
1408 0.000117373
1409 0.000112522
1410 0.000107852
1411 0.000103357
1412 9.90313e-05
1413 9.48689e-05
1414 9.08648e-05
1415 8.70137e-05
1416 8.33105e-05
1417 7.97502e-05
1418 7.6328e-05
1419 7.30391e-05
1420 6.98791e-05
1421 6.68435e-05
1422 6.39279e-05
1423 6.11282e-05
1424 5.84403e-05
1425 5.58602e-05
1426 5.33842e-05
1427 5.10085e-05
1428 4.87294e-05
1429 4.65436e-05
1430 4.44475e-05
1431 4.2438e-05
1432 4.05117e-05
1433 3.86657e-05
1434 3.6897e-05
1435 3.52026e-05
1436 3.35797e-05
1437 3.20257e-05
1438 3.05379e-05
1439 2.91138e-05
1440 2.77509e-05
1441 2.64469e-05
1442 2.51994e-05
1443 2.40063e-05
1444 2.28653e-05
1445 2.17745e-05
1446 2.07319e-05
1447 1.97354e-05
1448 1.87834e-05
1449 1.78739e-05
1450 1.70052e-05
1451 1.61757e-05
1452 1.53838e-05
1453 1.46279e-05
1454 1.39065e-05
1455 1.32181e-05
1456 1.25615e-05
1457 1.19353e-05
1458 1.13381e-05
1459 1.07688e-05
1460 1.02261e-05
1461 9.70889e-06
1462 9.21613e-06
1463 8.74672e-06
1464 8.29964e-06
1465 7.87392e-06
1466 7.46862e-06
1467 7.08283e-06
1468 6.7157e-06
1469 6.36639e-06
1470 6.0341e-06
1471 5.71807e-06
1472 5.41755e-06
1473 5.13186e-06
1474 4.8603e-06
1475 4.60224e-06
1476 4.35705e-06
1477 4.12414e-06
1478 3.90293e-06
1479 3.69288e-06
1480 3.49347e-06
1481 3.3042e-06
1482 3.12459e-06
1483 2.95418e-06
1484 2.79252e-06
1485 2.63921e-06
1486 2.49384e-06
1487 2.35602e-06
1488 2.2254e-06
1489 2.10161e-06
1490 1.98433e-06
1491 1.87324e-06
1492 1.76803e-06
1493 1.6684e-06
1494 1.57409e-06
1495 1.48483e-06
1496 1.40036e-06
1497 1.32044e-06
1498 1.24484e-06
1499 1.17334e-06
1500 1.10574e-06
1501 1.04184e-06
1502 9.81436e-07
1503 9.24358e-07
1504 8.70432e-07
1505 8.19494e-07
1506 7.71388e-07
1507 7.25967e-07
1508 6.83088e-07
1509 6.42618e-07
1510 6.04428e-07
1511 5.68399e-07
1512 5.34414e-07
1513 5.02363e-07
1514 4.72144e-07
1515 4.43656e-07
1516 4.16807e-07
1517 3.91507e-07
1518 3.67671e-07
1519 3.45219e-07
1520 3.24076e-07
1521 3.04168e-07
1522 2.85428e-07
1523 2.6779e-07
1524 2.51194e-07
1525 2.3558e-07
1526 2.20893e-07
1527 2.07082e-07
1528 1.94097e-07
1529 1.81891e-07
1530 1.70418e-07
1531 1.59639e-07
1532 1.49512e-07
1533 1.4e-07
1534 1.31067e-07
1535 1.22681e-07
1536 1.14809e-07
1537 1.0742e-07
1538 1.00488e-07
1539 9.39847e-08
1540 8.7885e-08
1541 8.2165e-08
1542 7.68023e-08
1543 7.17756e-08
1544 6.70647e-08
1545 6.26506e-08
1546 5.85157e-08
1547 5.46429e-08
1548 5.10164e-08
1549 4.76212e-08
1550 4.44433e-08
1551 4.14693e-08
1552 3.86867e-08
1553 3.60837e-08
1554 3.36492e-08
1555 3.13728e-08
1556 2.92447e-08
1557 2.72555e-08
1558 2.53966e-08
1559 2.36599e-08
1560 2.20376e-08
1561 2.05225e-08
1562 1.91077e-08
1563 1.7787e-08
1564 1.65544e-08
1565 1.54041e-08
1566 1.43309e-08
1567 1.33298e-08
1568 1.23962e-08
1569 1.15258e-08
1570 1.07143e-08
1571 9.95803e-09
1572 9.25329e-09
1573 8.59672e-09
1574 7.98516e-09
1575 7.41564e-09
1576 6.88538e-09
1577 6.39176e-09
1578 5.93236e-09
1579 5.50489e-09
1580 5.10721e-09
1581 4.73732e-09
1582 4.39334e-09
1583 4.07354e-09
1584 3.77626e-09
1585 3.49998e-09
1586 3.24328e-09
1587 3.0048e-09
1588 2.7833e-09
1589 2.57762e-09
1590 2.38667e-09
1591 2.20942e-09
1592 2.04492e-09
1593 1.8923e-09
1594 1.75072e-09
1595 1.61941e-09
1596 1.49765e-09
1597 1.38477e-09
1598 1.28014e-09
1599 1.18318e-09
1600 1.09334e-09
1601 1.01013e-09
1602 9.33057e-10
1603 8.61697e-10
1604 7.95635e-10
1605 7.3449e-10
1606 6.77909e-10
1607 6.25561e-10
1608 5.7714e-10
1609 5.32361e-10
1610 4.90957e-10
1611 4.52683e-10
1612 4.17309e-10
1613 3.84621e-10
1614 3.54424e-10
1615 3.26531e-10
1616 3.00774e-10
1617 2.76992e-10
1618 2.5504e-10
1619 2.3478e-10
1620 2.16086e-10
1621 1.98841e-10
1622 1.82935e-10
1623 1.68268e-10
1624 1.54746e-10
1625 1.42281e-10
1626 1.30795e-10
1627 1.20211e-10
1628 1.10462e-10
1629 1.01483e-10
1630 9.32148e-11
1631 8.56032e-11
1632 7.85973e-11
1633 7.21502e-11
1634 6.62186e-11
1635 6.07625e-11
1636 5.57446e-11
1637 5.11308e-11
1638 4.68895e-11
1639 4.29912e-11
1640 3.94092e-11
1641 3.61182e-11
1642 3.30955e-11
1643 3.03195e-11
1644 2.77708e-11
1645 2.54312e-11
1646 2.3284e-11
1647 2.13138e-11
1648 1.95064e-11
1649 1.78486e-11
1650 1.63284e-11
1651 1.49347e-11
1652 1.36571e-11
1653 1.24863e-11
1654 1.14136e-11
1655 1.04309e-11
1656 9.53089e-12
1657 8.70677e-12
1658 7.9523e-12
1659 7.26173e-12
1660 6.62978e-12
1661 6.0516e-12
1662 5.52272e-12
1663 5.03904e-12
1664 4.59678e-12
1665 4.19249e-12
1666 3.82298e-12
1667 3.48533e-12
1668 3.17685e-12
1669 2.89508e-12
1670 2.63777e-12
1671 2.40284e-12
1672 2.18839e-12
1673 1.99267e-12
1674 1.81409e-12
1675 1.65117e-12
1676 1.50258e-12
1677 1.36708e-12
1678 1.24355e-12
1679 1.13095e-12
1680 1.02833e-12
1681 9.34837e-13
1682 8.49669e-13
1683 7.72102e-13
1684 7.01474e-13
1685 6.37176e-13
1686 5.78653e-13
1687 5.25398e-13
1688 4.76947e-13
1689 4.32875e-13
1690 3.92796e-13
1691 3.56355e-13
1692 3.23228e-13
1693 2.93121e-13
1694 2.65763e-13
1695 2.4091e-13
1696 2.18336e-13
1697 1.97837e-13
1698 1.79226e-13
1699 1.62333e-13
1700 1.47001e-13
1701 1.33091e-13
1702 1.20472e-13
1703 1.09027e-13
1704 9.86492e-14
1705 8.9241e-14
1706 8.07134e-14
1707 7.29858e-14
1708 6.59844e-14
1709 5.96425e-14
1710 5.3899e-14
1711 4.86986e-14
1712 4.3991e-14
1713 3.97302e-14
1714 3.58748e-14
1715 3.23868e-14
1716 2.9232e-14
1717 2.6379e-14
1718 2.37996e-14
1719 2.1468e-14
1720 1.93609e-14
1721 1.74569e-14
1722 1.5737e-14
1723 1.41836e-14
1724 1.27809e-14
1725 1.15145e-14
1726 1.03715e-14
1727 9.34005e-15
1728 8.40942e-15
1729 7.56996e-15
1730 6.81289e-15
1731 6.13027e-15
1732 5.51491e-15
1733 4.96029e-15
1734 4.46053e-15
1735 4.0103e-15
1736 3.60476e-15
1737 3.23957e-15
1738 2.91077e-15
1739 2.6148e-15
1740 2.34844e-15
1741 2.10878e-15
1742 1.89318e-15
1743 1.69928e-15
1744 1.52492e-15
1745 1.36817e-15
1746 1.22727e-15
1747 1.10066e-15
1748 9.86908e-16
1749 8.84728e-16
1750 7.92962e-16
1751 7.10568e-16
1752 6.36603e-16
1753 5.70219e-16
1754 5.10652e-16
1755 4.57213e-16
1756 4.09281e-16
1757 3.66299e-16
1758 3.27762e-16
1759 2.93219e-16
1760 2.62262e-16
1761 2.34525e-16
1762 2.09677e-16
1763 1.87424e-16
1764 1.67497e-16
1765 1.49658e-16
1766 1.33692e-16
1767 1.19403e-16
1768 1.0662e-16
1769 9.51857e-17
1770 8.49598e-17
1771 7.58168e-17
1772 6.76437e-17
1773 6.03391e-17
1774 5.38121e-17
1775 4.79812e-17
1776 4.27732e-17
1777 3.81226e-17
1778 3.39705e-17
1779 3.02644e-17
1780 2.6957e-17
1781 2.4006e-17
1782 2.13736e-17
1783 1.90259e-17
1784 1.69326e-17
1785 1.50664e-17
1786 1.34032e-17
1787 1.1921e-17
1788 1.06006e-17
1789 9.42441e-18
1790 8.377e-18
1791 7.44444e-18
1792 6.61432e-18
1793 5.87554e-18
1794 5.21819e-18
1795 4.63342e-18
1796 4.11332e-18
1797 3.65083e-18
1798 3.23967e-18
1799 2.87422e-18
1800 2.54946e-18
1801 2.26092e-18
1802 2.00462e-18
1803 1.777e-18
1804 1.5749e-18
1805 1.39549e-18
1806 1.23626e-18
1807 1.09497e-18
1808 9.69624e-19
1809 8.58449e-19
1810 7.59861e-19
1811 6.72456e-19
1812 5.94979e-19
1813 5.26319e-19
1814 4.65485e-19
1815 4.11596e-19
1816 3.6387e-19
1817 3.21611e-19
1818 2.84199e-19
1819 2.51088e-19
1820 2.21787e-19
1821 1.95865e-19
1822 1.72936e-19
1823 1.52659e-19
1824 1.34732e-19
1825 1.18885e-19
1826 1.0488e-19
1827 9.25049e-20
1828 8.15732e-20
1829 7.19183e-20
1830 6.33928e-20
1831 5.58662e-20
1832 4.92229e-20
1833 4.33605e-20
1834 3.81883e-20
1835 3.3626e-20
1836 2.96025e-20
1837 2.6055e-20
1838 2.29278e-20
1839 2.01716e-20
1840 1.77431e-20
1841 1.56037e-20
1842 1.37193e-20
1843 1.206e-20
1844 1.05991e-20
1845 9.31326e-21
1846 8.18167e-21
1847 7.18606e-21
1848 6.31027e-21
1849 5.54006e-21
1850 4.86283e-21
1851 4.26748e-21
1852 3.74424e-21
1853 3.28446e-21
1854 2.88053e-21
1855 2.52575e-21
1856 2.21419e-21
1857 1.94066e-21
1858 1.70056e-21
1859 1.48985e-21
1860 1.30497e-21
1861 1.1428e-21
1862 1.00057e-21
1863 8.75852e-22
1864 7.66521e-22
1865 6.70695e-22
1866 5.86725e-22
1867 5.1316e-22
1868 4.48724e-22
1869 3.92296e-22
1870 3.42892e-22
1871 2.99646e-22
1872 2.61799e-22
1873 2.28684e-22
1874 1.99716e-22
1875 1.7438e-22
1876 1.52226e-22
1877 1.32859e-22
1878 1.15931e-22
1879 1.01139e-22
1880 8.8215e-23
1881 7.69266e-23
1882 6.70684e-23
1883 5.84613e-23
1884 5.09479e-23
1885 4.43908e-23
1886 3.86694e-23
1887 3.36783e-23
1888 2.93251e-23
1889 2.55293e-23
1890 2.22201e-23
1891 1.93357e-23
1892 1.68222e-23
1893 1.46323e-23
1894 1.27248e-23
1895 1.10637e-23
1896 9.61729e-24
1897 8.35826e-24
1898 7.26251e-24
1899 6.30906e-24
1900 5.47962e-24
1901 4.75822e-24
1902 4.13091e-24
1903 3.58555e-24
1904 3.11152e-24
1905 2.6996e-24
1906 2.34171e-24
1907 2.03083e-24
1908 1.76085e-24
1909 1.52643e-24
1910 1.32295e-24
1911 1.14634e-24
1912 9.93099e-25
1913 8.60163e-25
1914 7.44863e-25
1915 6.44879e-25
1916 5.58199e-25
1917 4.83068e-25
1918 4.17959e-25
1919 3.61548e-25
1920 3.12685e-25
1921 2.70369e-25
1922 2.33729e-25
1923 2.02011e-25
1924 1.74561e-25
1925 1.50809e-25
1926 1.30261e-25
1927 1.12488e-25
1928 9.71201e-26
1929 8.38337e-26
1930 7.23496e-26
1931 6.24252e-26
1932 5.38506e-26
1933 4.64441e-26
1934 4.00478e-26
1935 3.45249e-26
1936 2.97573e-26
1937 2.56426e-26
1938 2.20923e-26
1939 1.90293e-26
1940 1.63876e-26
1941 1.41096e-26
1942 1.21456e-26
1943 1.04528e-26
1944 8.99401e-27
1945 7.73716e-27
1946 6.65452e-27
1947 5.72216e-27
1948 4.91937e-27
1949 4.22831e-27
1950 3.63355e-27
1951 3.12178e-27
1952 2.68152e-27
1953 2.30286e-27
1954 1.97725e-27
1955 1.69731e-27
1956 1.4567e-27
1957 1.24993e-27
1958 1.07227e-27
1959 9.19674e-28
1960 7.88626e-28
1961 6.761e-28
1962 5.79513e-28
1963 4.96616e-28
1964 4.25484e-28
1965 3.64464e-28
1966 3.12128e-28
1967 2.6725e-28
1968 2.28775e-28
1969 1.95799e-28
1970 1.67538e-28
1971 1.43328e-28
1972 1.22589e-28
1973 1.04828e-28
1974 8.96205e-29
1975 7.66038e-29
1976 6.54643e-29
1977 5.5931e-29
1978 4.77764e-29
1979 4.0802e-29
1980 3.48381e-29
1981 2.97398e-29
1982 2.53822e-29
1983 2.16583e-29
1984 1.84768e-29
1985 1.57593e-29
1986 1.34385e-29
1987 1.14571e-29
1988 9.76569e-30
1989 8.32222e-30
1990 7.09043e-30
1991 6.03984e-30
1992 5.1439e-30
1993 4.37969e-30
1994 3.72833e-30
1995 3.17313e-30
1996 2.69996e-30
1997 2.29693e-30
1998 1.95364e-30
1999 1.66127e-30
2000 1.41235e-30
2001 1.20049e-30
2002 1.02015e-30
2003 8.66717e-31
2004 7.36211e-31
2005 6.25205e-31
2006 5.30827e-31
2007 4.50594e-31
2008 3.82401e-31
2009 3.24455e-31
2010 2.75226e-31
2011 2.33414e-31
2012 1.97902e-31
2013 1.67757e-31
2014 1.42169e-31
2015 1.20452e-31
2016 1.02027e-31
2017 8.6397e-32
2018 7.31414e-32
2019 6.19019e-32
2020 5.23744e-32
2021 4.42997e-32
2022 3.74577e-32
2023 3.16605e-32
2024 2.67505e-32
2025 2.25939e-32
2026 1.90737e-32
2027 1.60943e-32
2028 1.35731e-32
2029 1.14404e-32
2030 9.63662e-33
2031 8.11038e-33
2032 6.82047e-33
2033 5.7302e-33
2034 4.80874e-33
2035 4.0304e-33
2036 3.37331e-33
2037 2.81854e-33
2038 2.35023e-33
2039 1.95532e-33
2040 1.62244e-33
2041 1.342e-33
2042 1.10596e-33
2043 9.07683e-34
2044 7.41301e-34
2045 6.01938e-34
2046 4.85634e-34
2047 3.89019e-34
