0 5.18036e-33
1 3.83913e-33
2 2.74538e-33
3 1.86839e-33
4 1.18314e-33
5 6.69578e-34
6 3.12959e-34
7 1.02804e-34
8 3.14255e-35
9 9.59101e-35
10 2.96621e-34
11 6.37226e-34
12 1.12546e-33
13 1.77262e-33
14 2.59411e-33
15 3.60956e-33
16 4.84355e-33
17 6.32763e-33
18 8.09675e-33
19 1.01952e-32
20 1.26773e-32
21 1.55993e-32
22 1.90356e-32
23 2.3071e-32
24 2.78012e-32
25 3.33513e-32
26 3.9857e-32
27 4.74679e-32
28 5.63732e-32
29 6.68052e-32
30 7.89864e-32
31 9.32336e-32
32 1.09911e-31
33 1.29375e-31
34 1.52144e-31
35 1.78732e-31
36 2.09769e-31
37 2.46032e-31
38 2.88383e-31
39 3.37837e-31
40 3.95483e-31
41 4.62749e-31
42 5.41303e-31
43 6.32848e-31
44 7.39604e-31
45 8.6422e-31
46 1.00926e-30
47 1.17829e-30
48 1.3753e-30
49 1.60473e-30
50 1.87194e-30
51 2.18305e-30
52 2.54543e-30
53 2.96679e-30
54 3.45733e-30
55 4.02802e-30
56 4.6916e-30
57 5.46355e-30
58 6.3607e-30
59 7.40344e-30
60 8.61503e-30
61 1.00235e-29
62 1.16589e-29
63 1.3558e-29
64 1.57641e-29
65 1.83234e-29
66 2.12941e-29
67 2.47415e-29
68 2.87409e-29
69 3.33792e-29
70 3.87571e-29
71 4.49936e-29
72 5.22208e-29
73 6.05956e-29
74 7.02989e-29
75 8.15381e-29
76 9.45547e-29
77 1.09624e-28
78 1.27069e-28
79 1.47256e-28
80 1.70616e-28
81 1.97638e-28
82 2.28888e-28
83 2.65029e-28
84 3.06804e-28
85 3.55093e-28
86 4.10891e-28
87 4.75355e-28
88 5.4981e-28
89 6.35781e-28
90 7.35062e-28
91 8.49654e-28
92 9.81879e-28
93 1.13445e-27
94 1.31044e-27
95 1.51337e-27
96 1.74741e-27
97 2.01723e-27
98 2.32816e-27
99 2.68646e-27
100 3.0992e-27
101 3.57457e-27
102 4.12198e-27
103 4.7523e-27
104 5.47771e-27
105 6.31237e-27
106 7.27285e-27
107 8.37775e-27
108 9.64821e-27
109 1.11089e-26
110 1.27883e-26
111 1.47183e-26
112 1.69358e-26
113 1.94835e-26
114 2.24092e-26
115 2.57691e-26
116 2.96266e-26
117 3.40537e-26
118 3.91343e-26
119 4.49631e-26
120 5.16491e-26
121 5.93174e-26
122 6.81087e-26
123 7.81869e-26
124 8.97372e-26
125 1.02971e-25
126 1.18132e-25
127 1.35496e-25
128 1.55379e-25
129 1.78142e-25
130 2.04196e-25
131 2.34011e-25
132 2.68121e-25
133 3.07138e-25
134 3.51758e-25
135 4.02773e-25
136 4.61089e-25
137 5.27736e-25
138 6.03883e-25
139 6.90872e-25
140 7.90223e-25
141 9.03664e-25
142 1.03317e-24
143 1.18098e-24
144 1.34965e-24
145 1.54208e-24
146 1.76156e-24
147 2.01185e-24
148 2.2972e-24
149 2.62247e-24
150 2.99316e-24
151 3.41549e-24
152 3.89658e-24
153 4.44448e-24
154 5.06834e-24
155 5.77853e-24
156 6.58679e-24
157 7.50653e-24
158 8.55286e-24
159 9.74292e-24
160 1.10962e-23
161 1.26348e-23
162 1.43836e-23
163 1.6371e-23
164 1.8629e-23
165 2.11939e-23
166 2.41069e-23
167 2.74143e-23
168 3.1169e-23
169 3.54304e-23
170 4.02656e-23
171 4.57513e-23
172 5.19732e-23
173 5.90286e-23
174 6.70277e-23
175 7.60946e-23
176 8.63699e-23
177 9.80117e-23
178 1.11199e-22
179 1.26134e-22
180 1.43045e-22
181 1.62189e-22
182 1.83855e-22
183 2.08372e-22
184 2.36108e-22
185 2.67479e-22
186 3.02954e-22
187 3.43061e-22
188 3.88395e-22
189 4.39626e-22
190 4.97509e-22
191 5.62893e-22
192 6.36734e-22
193 7.20107e-22
194 8.14224e-22
195 9.20443e-22
196 1.0403e-21
197 1.17551e-21
198 1.32801e-21
199 1.49997e-21
200 1.69383e-21
201 1.91235e-21
202 2.15858e-21
203 2.436e-21
204 2.74849e-21
205 3.1004e-21
206 3.49661e-21
207 3.94261e-21
208 4.44455e-21
209 5.00932e-21
210 5.64464e-21
211 6.35919e-21
212 7.16265e-21
213 8.06592e-21
214 9.08115e-21
215 1.0222e-20
216 1.15037e-20
217 1.29434e-20
218 1.45601e-20
219 1.63753e-20
220 1.8413e-20
221 2.06998e-20
222 2.32657e-20
223 2.61441e-20
224 2.93724e-20
225 3.29925e-20
226 3.70509e-20
227 4.15998e-20
228 4.66973e-20
229 5.24084e-20
230 5.88057e-20
231 6.597e-20
232 7.39916e-20
233 8.29712e-20
234 9.30209e-20
235 1.04266e-19
236 1.16846e-19
237 1.30916e-19
238 1.4665e-19
239 1.6424e-19
240 1.83901e-19
241 2.05872e-19
242 2.3042e-19
243 2.5784e-19
244 2.88462e-19
245 3.22653e-19
246 3.6082e-19
247 4.03415e-19
248 4.50944e-19
249 5.03965e-19
250 5.631e-19
251 6.2904e-19
252 7.02552e-19
253 7.84488e-19
254 8.75792e-19
255 9.77513e-19
256 1.09082e-18
257 1.21699e-18
258 1.35747e-18
259 1.51384e-18
260 1.68786e-18
261 1.88149e-18
262 2.09688e-18
263 2.33642e-18
264 2.60277e-18
265 2.89887e-18
266 3.22796e-18
267 3.59365e-18
268 3.99992e-18
269 4.45116e-18
270 4.95226e-18
271 5.50861e-18
272 6.12615e-18
273 6.81149e-18
274 7.5719e-18
275 8.41542e-18
276 9.35094e-18
277 1.03883e-17
278 1.15383e-17
279 1.28129e-17
280 1.42254e-17
281 1.57902e-17
282 1.75236e-17
283 1.94431e-17
284 2.15685e-17
285 2.39212e-17
286 2.6525e-17
287 2.94061e-17
288 3.25935e-17
289 3.61188e-17
290 4.00171e-17
291 4.43269e-17
292 4.90907e-17
293 5.43552e-17
294 6.01717e-17
295 6.65968e-17
296 7.36926e-17
297 8.15274e-17
298 9.01764e-17
299 9.97221e-17
300 1.10255e-16
301 1.21875e-16
302 1.34692e-16
303 1.48824e-16
304 1.64405e-16
305 1.81579e-16
306 2.00505e-16
307 2.21356e-16
308 2.44323e-16
309 2.69616e-16
310 2.97464e-16
311 3.28119e-16
312 3.61855e-16
313 3.98975e-16
314 4.39808e-16
315 4.84716e-16
316 5.34096e-16
317 5.8838e-16
318 6.48042e-16
319 7.13601e-16
320 7.85624e-16
321 8.64731e-16
322 9.516e-16
323 1.04697e-15
324 1.15166e-15
325 1.26654e-15
326 1.39258e-15
327 1.53085e-15
328 1.68248e-15
329 1.84875e-15
330 2.03102e-15
331 2.23078e-15
332 2.44968e-15
333 2.6895e-15
334 2.95218e-15
335 3.23984e-15
336 3.55479e-15
337 3.89954e-15
338 4.27685e-15
339 4.6897e-15
340 5.14134e-15
341 5.63532e-15
342 6.1755e-15
343 6.76607e-15
344 7.4116e-15
345 8.11707e-15
346 8.88787e-15
347 9.72988e-15
348 1.06495e-14
349 1.16536e-14
350 1.27499e-14
351 1.39464e-14
352 1.52521e-14
353 1.66766e-14
354 1.82305e-14
355 1.9925e-14
356 2.17726e-14
357 2.37866e-14
358 2.59815e-14
359 2.83731e-14
360 3.09785e-14
361 3.3816e-14
362 3.69058e-14
363 4.02694e-14
364 4.39304e-14
365 4.79142e-14
366 5.22481e-14
367 5.69621e-14
368 6.20881e-14
369 6.7661e-14
370 7.37184e-14
371 8.03009e-14
372 8.74524e-14
373 9.52203e-14
374 1.03656e-13
375 1.12814e-13
376 1.22756e-13
377 1.33544e-13
378 1.4525e-13
379 1.57947e-13
380 1.71717e-13
381 1.86647e-13
382 2.02831e-13
383 2.20371e-13
384 2.39377e-13
385 2.59966e-13
386 2.82265e-13
387 3.06412e-13
388 3.32554e-13
389 3.6085e-13
390 3.9147e-13
391 4.24599e-13
392 4.60435e-13
393 4.99192e-13
394 5.41099e-13
395 5.86402e-13
396 6.35367e-13
397 6.8828e-13
398 7.45447e-13
399 8.07198e-13
400 8.73887e-13
401 9.45896e-13
402 1.02363e-12
403 1.10754e-12
404 1.19808e-12
405 1.29577e-12
406 1.40114e-12
407 1.51478e-12
408 1.63732e-12
409 1.76943e-12
410 1.91181e-12
411 2.06524e-12
412 2.23055e-12
413 2.40862e-12
414 2.60039e-12
415 2.80687e-12
416 3.02915e-12
417 3.26838e-12
418 3.5258e-12
419 3.80274e-12
420 4.1006e-12
421 4.4209e-12
422 4.76526e-12
423 5.13539e-12
424 5.53314e-12
425 5.96046e-12
426 6.41946e-12
427 6.91236e-12
428 7.44154e-12
429 8.00955e-12
430 8.61909e-12
431 9.27303e-12
432 9.97445e-12
433 1.07266e-11
434 1.1533e-11
435 1.23973e-11
436 1.33235e-11
437 1.43157e-11
438 1.53784e-11
439 1.65164e-11
440 1.77347e-11
441 1.90386e-11
442 2.04338e-11
443 2.19264e-11
444 2.35228e-11
445 2.52299e-11
446 2.70548e-11
447 2.90053e-11
448 3.10896e-11
449 3.33164e-11
450 3.56948e-11
451 3.82346e-11
452 4.09463e-11
453 4.38409e-11
454 4.693e-11
455 5.02261e-11
456 5.37424e-11
457 5.74927e-11
458 6.1492e-11
459 6.57559e-11
460 7.0301e-11
461 7.51451e-11
462 8.03069e-11
463 8.58061e-11
464 9.16638e-11
465 9.79022e-11
466 1.04545e-10
467 1.11617e-10
468 1.19145e-10
469 1.27156e-10
470 1.35681e-10
471 1.4475e-10
472 1.54396e-10
473 1.64655e-10
474 1.75564e-10
475 1.87161e-10
476 1.99488e-10
477 2.12588e-10
478 2.26507e-10
479 2.41293e-10
480 2.56998e-10
481 2.73675e-10
482 2.9138e-10
483 3.10174e-10
484 3.30119e-10
485 3.5128e-10
486 3.73728e-10
487 3.97534e-10
488 4.22776e-10
489 4.49533e-10
490 4.77891e-10
491 5.07936e-10
492 5.39762e-10
493 5.73467e-10
494 6.0915e-10
495 6.4692e-10
496 6.86887e-10
497 7.29168e-10
498 7.73884e-10
499 8.21164e-10
500 8.71139e-10
501 9.2395e-10
502 9.79742e-10
503 1.03867e-09
504 1.10088e-09
505 1.16655e-09
506 1.23585e-09
507 1.30896e-09
508 1.38606e-09
509 1.46736e-09
510 1.55305e-09
511 1.64335e-09
512 1.73849e-09
513 1.83869e-09
514 1.94419e-09
515 2.05526e-09
516 2.17215e-09
517 2.29514e-09
518 2.42452e-09
519 2.56059e-09
520 2.70365e-09
521 2.85405e-09
522 3.01211e-09
523 3.17821e-09
524 3.3527e-09
525 3.53599e-09
526 3.72849e-09
527 3.93061e-09
528 4.14281e-09
529 4.36556e-09
530 4.59934e-09
531 4.84467e-09
532 5.10208e-09
533 5.37213e-09
534 5.65541e-09
535 5.95252e-09
536 6.26412e-09
537 6.59088e-09
538 6.93348e-09
539 7.29266e-09
540 7.66919e-09
541 8.06386e-09
542 8.47751e-09
543 8.911e-09
544 9.36524e-09
545 9.84117e-09
546 1.03398e-08
547 1.0862e-08
548 1.14091e-08
549 1.19819e-08
550 1.25818e-08
551 1.32098e-08
552 1.38672e-08
553 1.45553e-08
554 1.52753e-08
555 1.60287e-08
556 1.68167e-08
557 1.76409e-08
558 1.85027e-08
559 1.94036e-08
560 2.03451e-08
561 2.13289e-08
562 2.23565e-08
563 2.34297e-08
564 2.45501e-08
565 2.57194e-08
566 2.69394e-08
567 2.82119e-08
568 2.95386e-08
569 3.09215e-08
570 3.23622e-08
571 3.38627e-08
572 3.54249e-08
573 3.70507e-08
574 3.8742e-08
575 4.05006e-08
576 4.23285e-08
577 4.42276e-08
578 4.61999e-08
579 4.82473e-08
580 5.03717e-08
581 5.2575e-08
582 5.48592e-08
583 5.72262e-08
584 5.96779e-08
585 6.22163e-08
586 6.48433e-08
587 6.75608e-08
588 7.03708e-08
589 7.32752e-08
590 7.6276e-08
591 7.93753e-08
592 8.2575e-08
593 8.58773e-08
594 8.92842e-08
595 9.2798e-08
596 9.64208e-08
597 1.00155e-07
598 1.04003e-07
599 1.07967e-07
600 1.1205e-07
601 1.16255e-07
602 1.20584e-07
603 1.25041e-07
604 1.29629e-07
605 1.34351e-07
606 1.39211e-07
607 1.44213e-07
608 1.49361e-07
609 1.54659e-07
610 1.60112e-07
611 1.65726e-07
612 1.71505e-07
613 1.77455e-07
614 1.83582e-07
615 1.89893e-07
616 1.96394e-07
617 2.03093e-07
618 2.09997e-07
619 2.17114e-07
620 2.24453e-07
621 2.32023e-07
622 2.39833e-07
623 2.47892e-07
624 2.56211e-07
625 2.64801e-07
626 2.73672e-07
627 2.82836e-07
628 2.92304e-07
629 3.02089e-07
630 3.12203e-07
631 3.22658e-07
632 3.33468e-07
633 3.44645e-07
634 3.56202e-07
635 3.68153e-07
636 3.80512e-07
637 3.9329e-07
638 4.06501e-07
639 4.20158e-07
640 4.34273e-07
641 4.48859e-07
642 4.63927e-07
643 4.79489e-07
644 4.95554e-07
645 5.12132e-07
646 5.29233e-07
647 5.46864e-07
648 5.65031e-07
649 5.83741e-07
650 6.02998e-07
651 6.22804e-07
652 6.43162e-07
653 6.6407e-07
654 6.85526e-07
655 7.07528e-07
656 7.3007e-07
657 7.53142e-07
658 7.76737e-07
659 8.00843e-07
660 8.25444e-07
661 8.50525e-07
662 8.76067e-07
663 9.02049e-07
664 9.28448e-07
665 9.55239e-07
666 9.82393e-07
667 1.00988e-06
668 1.03767e-06
669 1.06572e-06
670 1.094e-06
671 1.12247e-06
672 1.15109e-06
673 1.17982e-06
674 1.2086e-06
675 1.23741e-06
676 1.26618e-06
677 1.29487e-06
678 1.32344e-06
679 1.35182e-06
680 1.37998e-06
681 1.40786e-06
682 1.43541e-06
683 1.46259e-06
684 1.48935e-06
685 1.51563e-06
686 1.5414e-06
687 1.5666e-06
688 1.59121e-06
689 1.61519e-06
690 1.63849e-06
691 1.66109e-06
692 1.68296e-06
693 1.70408e-06
694 1.72444e-06
695 1.74401e-06
696 1.76281e-06
697 1.78081e-06
698 1.79804e-06
699 1.81451e-06
700 1.83023e-06
701 1.84524e-06
702 1.85957e-06
703 1.87327e-06
704 1.88638e-06
705 1.89898e-06
706 1.91113e-06
707 1.92291e-06
708 1.9344e-06
709 1.94571e-06
710 1.95695e-06
711 1.96822e-06
712 1.97965e-06
713 1.99138e-06
714 2.00355e-06
715 2.0163e-06
716 2.0298e-06
717 2.04421e-06
718 2.05971e-06
719 2.07647e-06
720 2.09469e-06
721 2.11456e-06
722 2.13626e-06
723 2.16001e-06
724 2.18602e-06
725 2.21448e-06
726 2.24561e-06
727 2.27963e-06
728 2.31674e-06
729 2.35715e-06
730 2.40108e-06
731 2.44872e-06
732 2.50029e-06
733 2.55598e-06
734 2.61598e-06
735 2.68047e-06
736 2.74963e-06
737 2.82363e-06
738 2.9026e-06
739 2.98671e-06
740 3.07607e-06
741 3.1708e-06
742 3.271e-06
743 3.37674e-06
744 3.48809e-06
745 3.6051e-06
746 3.72778e-06
747 3.85615e-06
748 3.99017e-06
749 4.12981e-06
750 4.275e-06
751 4.42566e-06
752 4.58167e-06
753 4.74288e-06
754 4.90914e-06
755 5.08025e-06
756 5.256e-06
757 5.43614e-06
758 5.6204e-06
759 5.80848e-06
760 6.00007e-06
761 6.19481e-06
762 6.39233e-06
763 6.59224e-06
764 6.7941e-06
765 6.99749e-06
766 7.20192e-06
767 7.40692e-06
768 7.61197e-06
769 7.81655e-06
770 8.02012e-06
771 8.22212e-06
772 8.42198e-06
773 8.61912e-06
774 8.81294e-06
775 9.00284e-06
776 9.18823e-06
777 9.36848e-06
778 9.54299e-06
779 9.71115e-06
780 9.87236e-06
781 1.0026e-05
782 1.01715e-05
783 1.03083e-05
784 1.04359e-05
785 1.05535e-05
786 1.06609e-05
787 1.07574e-05
788 1.08425e-05
789 1.09159e-05
790 1.09771e-05
791 1.10257e-05
792 1.10614e-05
793 1.10838e-05
794 1.10928e-05
795 1.1088e-05
796 1.10693e-05
797 1.10366e-05
798 1.09899e-05
799 1.0929e-05
800 1.0854e-05
801 1.07651e-05
802 1.06623e-05
803 1.0546e-05
804 1.04163e-05
805 1.02737e-05
806 1.01185e-05
807 9.95119e-06
808 9.7724e-06
809 9.5827e-06
810 9.38279e-06
811 9.17343e-06
812 8.95546e-06
813 8.72977e-06
814 8.49735e-06
815 8.25924e-06
816 8.01657e-06
817 7.77052e-06
818 7.52236e-06
819 7.27343e-06
820 7.02511e-06
821 6.77889e-06
822 6.53629e-06
823 6.29891e-06
824 6.06842e-06
825 5.84654e-06
826 5.63506e-06
827 5.43583e-06
828 5.25073e-06
829 5.08173e-06
830 4.93083e-06
831 4.80009e-06
832 4.6916e-06
833 4.60752e-06
834 4.55003e-06
835 4.52136e-06
836 4.52378e-06
837 4.55958e-06
838 4.6311e-06
839 4.74068e-06
840 4.89072e-06
841 5.08363e-06
842 5.32183e-06
843 5.60776e-06
844 5.94389e-06
845 6.33269e-06
846 6.77665e-06
847 7.27826e-06
848 7.84001e-06
849 8.4644e-06
850 9.15394e-06
851 9.91112e-06
852 1.07384e-05
853 1.16384e-05
854 1.26135e-05
855 1.36662e-05
856 1.47989e-05
857 1.60142e-05
858 1.73144e-05
859 1.87021e-05
860 2.01795e-05
861 2.17493e-05
862 2.34136e-05
863 2.5175e-05
864 2.70357e-05
865 2.89982e-05
866 3.10647e-05
867 3.32376e-05
868 3.55192e-05
869 3.79118e-05
870 4.04178e-05
871 4.30393e-05
872 4.57786e-05
873 4.86381e-05
874 5.162e-05
875 5.47266e-05
876 5.79601e-05
877 6.13227e-05
878 6.48169e-05
879 6.84448e-05
880 7.22088e-05
881 7.61111e-05
882 8.01542e-05
883 8.43402e-05
884 8.86717e-05
885 9.3151e-05
886 9.77805e-05
887 0.000102563
888 0.0001075
889 0.000112595
890 0.000117851
891 0.00012327
892 0.000128854
893 0.000134607
894 0.000140531
895 0.000146629
896 0.000152904
897 0.00015936
898 0.000165998
899 0.000172824
900 0.000179839
901 0.000187047
902 0.000194452
903 0.000202057
904 0.000209865
905 0.000217882
906 0.00022611
907 0.000234554
908 0.000243218
909 0.000252105
910 0.000261221
911 0.00027057
912 0.000280157
913 0.000289985
914 0.000300062
915 0.00031039
916 0.000320976
917 0.000331826
918 0.000342943
919 0.000354335
920 0.000366007
921 0.000377965
922 0.000390215
923 0.000402763
924 0.000415616
925 0.000428781
926 0.000442264
927 0.000456072
928 0.000470212
929 0.000484693
930 0.00049952
931 0.000514702
932 0.000530246
933 0.000546161
934 0.000562455
935 0.000579135
936 0.00059621
937 0.000613689
938 0.000631581
939 0.000649894
940 0.000668637
941 0.000687821
942 0.000707453
943 0.000727544
944 0.000748103
945 0.00076914
946 0.000790665
947 0.000812689
948 0.00083522
949 0.00085827
950 0.000881849
951 0.000905968
952 0.000930637
953 0.000955868
954 0.00098167
955 0.00100806
956 0.00103504
957 0.00106262
958 0.00109082
959 0.00111965
960 0.00114912
961 0.00117924
962 0.00121002
963 0.00124148
964 0.00127362
965 0.00130646
966 0.00134001
967 0.00137428
968 0.00140929
969 0.00144504
970 0.00148154
971 0.00151881
972 0.00155687
973 0.00159571
974 0.00163536
975 0.00167583
976 0.00171712
977 0.00175925
978 0.00180223
979 0.00184607
980 0.00189079
981 0.00193639
982 0.00198288
983 0.00203029
984 0.00207861
985 0.00212786
986 0.00217805
987 0.00222919
988 0.00228129
989 0.00233436
990 0.00238841
991 0.00244345
992 0.0024995
993 0.00255655
994 0.00261462
995 0.00267373
996 0.00273387
997 0.00279505
998 0.00285729
999 0.0029206
1000 0.00298497
1001 0.00305042
1002 0.00311696
1003 0.00318459
1004 0.00325332
1005 0.00332315
1006 0.00339409
1007 0.00346615
1008 0.00353934
1009 0.00361364
1010 0.00368908
1011 0.00376566
1012 0.00384337
1013 0.00392223
1014 0.00400223
1015 0.00408337
1016 0.00416567
1017 0.00424912
1018 0.00433372
1019 0.00441947
1020 0.00450637
1021 0.00459442
1022 0.00468363
1023 0.00477398
1024 0.00486549
1025 0.00495813
1026 0.00505192
1027 0.00514685
1028 0.00524291
1029 0.0053401
1030 0.00543841
1031 0.00553785
1032 0.00563839
1033 0.00574004
1034 0.00584278
1035 0.00594662
1036 0.00605153
1037 0.00615751
1038 0.00626456
1039 0.00637265
1040 0.00648178
1041 0.00659193
1042 0.0067031
1043 0.00681527
1044 0.00692842
1045 0.00704255
1046 0.00715763
1047 0.00727365
1048 0.00739059
1049 0.00750843
1050 0.00762717
1051 0.00774677
1052 0.00786722
1053 0.0079885
1054 0.00811059
1055 0.00823346
1056 0.0083571
1057 0.00848149
1058 0.00860658
1059 0.00873238
1060 0.00885884
1061 0.00898595
1062 0.00911367
1063 0.00924199
1064 0.00937087
1065 0.00950028
1066 0.0096302
1067 0.0097606
1068 0.00989145
1069 0.0100227
1070 0.0101544
1071 0.0102864
1072 0.0104187
1073 0.0105513
1074 0.0106842
1075 0.0108173
1076 0.0109505
1077 0.0110839
1078 0.0112175
1079 0.0113511
1080 0.0114848
1081 0.0116184
1082 0.0117521
1083 0.0118856
1084 0.0120191
1085 0.0121524
1086 0.0122855
1087 0.0124184
1088 0.012551
1089 0.0126833
1090 0.0128153
1091 0.0129469
1092 0.013078
1093 0.0132087
1094 0.0133389
1095 0.0134685
1096 0.0135975
1097 0.0137258
1098 0.0138535
1099 0.0139804
1100 0.0141066
1101 0.014232
1102 0.0143564
1103 0.01448
1104 0.0146027
1105 0.0147243
1106 0.014845
1107 0.0149645
1108 0.015083
1109 0.0152002
1110 0.0153163
1111 0.0154311
1112 0.0155446
1113 0.0156568
1114 0.0157677
1115 0.0158771
1116 0.015985
1117 0.0160914
1118 0.0161963
1119 0.0162996
1120 0.0164013
1121 0.0165013
1122 0.0165996
1123 0.0166962
1124 0.016791
1125 0.0168839
1126 0.016975
1127 0.0170642
1128 0.0171515
1129 0.0172368
1130 0.0173201
1131 0.0174013
1132 0.0174805
1133 0.0175576
1134 0.0176325
1135 0.0177052
1136 0.0177758
1137 0.0178441
1138 0.0179101
1139 0.0179738
1140 0.0180352
1141 0.0180943
1142 0.018151
1143 0.0182052
1144 0.0182571
1145 0.0183065
1146 0.0183534
1147 0.0183978
1148 0.0184397
1149 0.0184791
1150 0.0185159
1151 0.0185501
1152 0.0185817
1153 0.0186108
1154 0.0186372
1155 0.0186609
1156 0.0186821
1157 0.0187005
1158 0.0187163
1159 0.0187294
1160 0.0187398
1161 0.0187476
1162 0.0187526
1163 0.0187549
1164 0.0187545
1165 0.0187514
1166 0.0187456
1167 0.0187371
1168 0.0187258
1169 0.0187119
1170 0.0186952
1171 0.0186759
1172 0.0186538
1173 0.0186291
1174 0.0186017
1175 0.0185716
1176 0.0185388
1177 0.0185034
1178 0.0184654
1179 0.0184247
1180 0.0183815
1181 0.0183356
1182 0.0182872
1183 0.0182362
1184 0.0181827
1185 0.0181266
1186 0.0180681
1187 0.0180071
1188 0.0179437
1189 0.0178778
1190 0.0178095
1191 0.0177389
1192 0.0176659
1193 0.0175906
1194 0.017513
1195 0.0174332
1196 0.0173511
1197 0.0172669
1198 0.0171805
1199 0.0170919
1200 0.0170013
1201 0.0169086
1202 0.0168139
1203 0.0167173
1204 0.0166187
1205 0.0165182
1206 0.0164158
1207 0.0163116
1208 0.0162056
1209 0.0160979
1210 0.0159884
1211 0.0158773
1212 0.0157646
1213 0.0156503
1214 0.0155345
1215 0.0154172
1216 0.0152985
1217 0.0151784
1218 0.0150569
1219 0.0149341
1220 0.0148101
1221 0.0146848
1222 0.0145584
1223 0.0144308
1224 0.0143022
1225 0.0141726
1226 0.0140419
1227 0.0139104
1228 0.0137779
1229 0.0136446
1230 0.0135105
1231 0.0133757
1232 0.0132402
1233 0.013104
1234 0.0129673
1235 0.0128299
1236 0.0126921
1237 0.0125538
1238 0.012415
1239 0.0122759
1240 0.0121365
1241 0.0119968
1242 0.0118569
1243 0.0117167
1244 0.0115765
1245 0.0114361
1246 0.0112956
1247 0.0111552
1248 0.0110147
1249 0.0108744
1250 0.0107341
1251 0.010594
1252 0.0104541
1253 0.0103144
1254 0.010175
1255 0.0100358
1256 0.00989708
1257 0.00975869
1258 0.00962073
1259 0.00948323
1260 0.00934622
1261 0.00920973
1262 0.00907381
1263 0.00893848
1264 0.00880378
1265 0.00866973
1266 0.00853638
1267 0.00840375
1268 0.00827186
1269 0.00814076
1270 0.00801046
1271 0.007881
1272 0.0077524
1273 0.00762468
1274 0.00749788
1275 0.00737201
1276 0.0072471
1277 0.00712317
1278 0.00700024
1279 0.00687833
1280 0.00675747
1281 0.00663767
1282 0.00651895
1283 0.00640134
1284 0.00628483
1285 0.00616946
1286 0.00605523
1287 0.00594216
1288 0.00583027
1289 0.00571957
1290 0.00561006
1291 0.00550176
1292 0.00539469
1293 0.00528884
1294 0.00518424
1295 0.00508088
1296 0.00497878
1297 0.00487794
1298 0.00477837
1299 0.00468007
1300 0.00458305
1301 0.00448731
1302 0.00439286
1303 0.0042997
1304 0.00420782
1305 0.00411724
1306 0.00402795
1307 0.00393996
1308 0.00385325
1309 0.00376784
1310 0.00368372
1311 0.00360088
1312 0.00351933
1313 0.00343907
1314 0.00336008
1315 0.00328236
1316 0.00320591
1317 0.00313073
1318 0.0030568
1319 0.00298413
1320 0.0029127
1321 0.00284252
1322 0.00277356
1323 0.00270583
1324 0.00263931
1325 0.002574
1326 0.00250989
1327 0.00244696
1328 0.00238522
1329 0.00232465
1330 0.00226523
1331 0.00220697
1332 0.00214984
1333 0.00209384
1334 0.00203896
1335 0.00198518
1336 0.00193249
1337 0.00188089
1338 0.00183036
1339 0.00178088
1340 0.00173245
1341 0.00168505
1342 0.00163867
1343 0.0015933
1344 0.00154892
1345 0.00150552
1346 0.00146309
1347 0.00142161
1348 0.00138107
1349 0.00134147
1350 0.00130277
1351 0.00126498
1352 0.00122807
1353 0.00119203
1354 0.00115686
1355 0.00112253
1356 0.00108903
1357 0.00105636
1358 0.00102448
1359 0.000993402
1360 0.000963097
1361 0.000933557
1362 0.000904767
1363 0.000876714
1364 0.000849385
1365 0.000822766
1366 0.000796843
1367 0.000771605
1368 0.000747036
1369 0.000723126
1370 0.000699859
1371 0.000677224
1372 0.000655208
1373 0.000633797
1374 0.00061298
1375 0.000592745
1376 0.000573077
1377 0.000553967
1378 0.0005354
1379 0.000517366
1380 0.000499853
1381 0.000482848
1382 0.000466341
1383 0.00045032
1384 0.000434773
1385 0.00041969
1386 0.00040506
1387 0.000390872
1388 0.000377114
1389 0.000363778
1390 0.000350852
1391 0.000338326
1392 0.00032619
1393 0.000314434
1394 0.000303049
1395 0.000292025
1396 0.000281353
1397 0.000271023
1398 0.000261027
1399 0.000251356
1400 0.000242
1401 0.000232951
1402 0.000224201
1403 0.000215742
1404 0.000207566
1405 0.000199664
1406 0.00019203
1407 0.000184654
1408 0.000177531
1409 0.000170652
1410 0.00016401
1411 0.0001576
1412 0.000151413
1413 0.000145443
1414 0.000139683
1415 0.000134128
1416 0.000128771
1417 0.000123606
1418 0.000118627
1419 0.000113829
1420 0.000109205
1421 0.00010475
1422 0.000100459
1423 9.63264e-05
1424 9.23474e-05
1425 8.85169e-05
1426 8.48301e-05
1427 8.12823e-05
1428 7.78689e-05
1429 7.45855e-05
1430 7.14277e-05
1431 6.83913e-05
1432 6.54722e-05
1433 6.26664e-05
1434 5.99701e-05
1435 5.73794e-05
1436 5.48907e-05
1437 5.25005e-05
1438 5.02053e-05
1439 4.80017e-05
1440 4.58866e-05
1441 4.38567e-05
1442 4.1909e-05
1443 4.00405e-05
1444 3.82484e-05
1445 3.65299e-05
1446 3.48823e-05
1447 3.33029e-05
1448 3.17892e-05
1449 3.03388e-05
1450 2.89493e-05
1451 2.76185e-05
1452 2.63439e-05
1453 2.51237e-05
1454 2.39555e-05
1455 2.28375e-05
1456 2.17677e-05
1457 2.07443e-05
1458 1.97653e-05
1459 1.88291e-05
1460 1.79339e-05
1461 1.70782e-05
1462 1.62603e-05
1463 1.54787e-05
1464 1.4732e-05
1465 1.40188e-05
1466 1.33376e-05
1467 1.26872e-05
1468 1.20663e-05
1469 1.14737e-05
1470 1.09082e-05
1471 1.03686e-05
1472 9.8539e-06
1473 9.36304e-06
1474 8.89499e-06
1475 8.44877e-06
1476 8.02346e-06
1477 7.61815e-06
1478 7.23199e-06
1479 6.86413e-06
1480 6.51377e-06
1481 6.18016e-06
1482 5.86255e-06
1483 5.56023e-06
1484 5.27253e-06
1485 4.99878e-06
1486 4.73838e-06
1487 4.4907e-06
1488 4.25518e-06
1489 4.03127e-06
1490 3.81842e-06
1491 3.61615e-06
1492 3.42395e-06
1493 3.24137e-06
1494 3.06795e-06
1495 2.90327e-06
1496 2.74692e-06
1497 2.5985e-06
1498 2.45764e-06
1499 2.32399e-06
1500 2.19719e-06
1501 2.07692e-06
1502 1.96287e-06
1503 1.85474e-06
1504 1.75224e-06
1505 1.65509e-06
1506 1.56303e-06
1507 1.47582e-06
1508 1.39321e-06
1509 1.31498e-06
1510 1.24091e-06
1511 1.17079e-06
1512 1.10442e-06
1513 1.04163e-06
1514 9.82213e-07
1515 9.26015e-07
1516 8.72867e-07
1517 8.22615e-07
1518 7.7511e-07
1519 7.3021e-07
1520 6.87781e-07
1521 6.47695e-07
1522 6.0983e-07
1523 5.7407e-07
1524 5.40305e-07
1525 5.08429e-07
1526 4.78344e-07
1527 4.49953e-07
1528 4.23167e-07
1529 3.979e-07
1530 3.74071e-07
1531 3.51602e-07
1532 3.30419e-07
1533 3.10454e-07
1534 2.9164e-07
1535 2.73914e-07
1536 2.57216e-07
1537 2.4149e-07
1538 2.26683e-07
1539 2.12743e-07
1540 1.99622e-07
1541 1.87274e-07
1542 1.75657e-07
1543 1.64729e-07
1544 1.54451e-07
1545 1.44787e-07
1546 1.35702e-07
1547 1.27162e-07
1548 1.19137e-07
1549 1.11598e-07
1550 1.04515e-07
1551 9.7863e-08
1552 9.1617e-08
1553 8.57531e-08
1554 8.02492e-08
1555 7.50841e-08
1556 7.02381e-08
1557 6.56922e-08
1558 6.14287e-08
1559 5.74309e-08
1560 5.3683e-08
1561 5.017e-08
1562 4.68779e-08
1563 4.37934e-08
1564 4.0904e-08
1565 3.81979e-08
1566 3.56639e-08
1567 3.32917e-08
1568 3.10712e-08
1569 2.89933e-08
1570 2.70491e-08
1571 2.52304e-08
1572 2.35294e-08
1573 2.19389e-08
1574 2.0452e-08
1575 1.90622e-08
1576 1.77633e-08
1577 1.65498e-08
1578 1.54162e-08
1579 1.43574e-08
1580 1.33688e-08
1581 1.24459e-08
1582 1.15844e-08
1583 1.07804e-08
1584 1.00303e-08
1585 9.33063e-09
1586 8.67804e-09
1587 8.06953e-09
1588 7.50222e-09
1589 6.97345e-09
1590 6.48068e-09
1591 6.02156e-09
1592 5.59388e-09
1593 5.19556e-09
1594 4.82467e-09
1595 4.47938e-09
1596 4.15799e-09
1597 3.8589e-09
1598 3.58063e-09
1599 3.32178e-09
1600 3.08104e-09
1601 2.85719e-09
1602 2.64908e-09
1603 2.45565e-09
1604 2.2759e-09
1605 2.1089e-09
1606 1.95376e-09
1607 1.80969e-09
1608 1.67591e-09
1609 1.55172e-09
1610 1.43644e-09
1611 1.32947e-09
1612 1.23023e-09
1613 1.13817e-09
1614 1.05279e-09
1615 9.73629e-10
1616 9.00241e-10
1617 8.32221e-10
1618 7.6919e-10
1619 7.10793e-10
1620 6.567e-10
1621 6.06604e-10
1622 5.6022e-10
1623 5.17281e-10
1624 4.77539e-10
1625 4.40764e-10
1626 4.0674e-10
1627 3.75269e-10
1628 3.46165e-10
1629 3.19255e-10
1630 2.94379e-10
1631 2.71388e-10
1632 2.50143e-10
1633 2.30516e-10
1634 2.12387e-10
1635 1.95645e-10
1636 1.80187e-10
1637 1.65918e-10
1638 1.52748e-10
1639 1.40596e-10
1640 1.29385e-10
1641 1.19045e-10
1642 1.09509e-10
1643 1.00718e-10
1644 9.26132e-11
1645 8.51442e-11
1646 7.8262e-11
1647 7.19218e-11
1648 6.60822e-11
1649 6.07046e-11
1650 5.57536e-11
1651 5.11963e-11
1652 4.70021e-11
1653 4.31429e-11
1654 3.95928e-11
1655 3.63275e-11
1656 3.33249e-11
1657 3.05645e-11
1658 2.80271e-11
1659 2.56952e-11
1660 2.35526e-11
1661 2.15844e-11
1662 1.97768e-11
1663 1.81169e-11
1664 1.6593e-11
1665 1.51943e-11
1666 1.39107e-11
1667 1.2733e-11
1668 1.16527e-11
1669 1.06619e-11
1670 9.75337e-12
1671 8.92051e-12
1672 8.15713e-12
1673 7.45759e-12
1674 6.81668e-12
1675 6.2296e-12
1676 5.69194e-12
1677 5.19965e-12
1678 4.74898e-12
1679 4.33651e-12
1680 3.95907e-12
1681 3.61376e-12
1682 3.2979e-12
1683 3.00905e-12
1684 2.74495e-12
1685 2.50352e-12
1686 2.28288e-12
1687 2.08126e-12
1688 1.89706e-12
1689 1.72883e-12
1690 1.57519e-12
1691 1.43492e-12
1692 1.30688e-12
1693 1.19003e-12
1694 1.0834e-12
1695 9.86132e-13
1696 8.97416e-13
1697 8.16517e-13
1698 7.42761e-13
1699 6.75532e-13
1700 6.14264e-13
1701 5.5844e-13
1702 5.07588e-13
1703 4.61273e-13
1704 4.191e-13
1705 3.80706e-13
1706 3.45759e-13
1707 3.13957e-13
1708 2.85023e-13
1709 2.58703e-13
1710 2.34766e-13
1711 2.13001e-13
1712 1.93215e-13
1713 1.75231e-13
1714 1.58889e-13
1715 1.44042e-13
1716 1.30556e-13
1717 1.18309e-13
1718 1.07189e-13
1719 9.70944e-14
1720 8.79327e-14
1721 7.96194e-14
1722 7.20774e-14
1723 6.52366e-14
1724 5.90332e-14
1725 5.34088e-14
1726 4.83104e-14
1727 4.36899e-14
1728 3.95033e-14
1729 3.57107e-14
1730 3.22756e-14
1731 2.9165e-14
1732 2.63489e-14
1733 2.37998e-14
1734 2.1493e-14
1735 1.94058e-14
1736 1.75178e-14
1737 1.58102e-14
1738 1.42662e-14
1739 1.28704e-14
1740 1.16087e-14
1741 1.04686e-14
1742 9.4386e-15
1743 8.50818e-15
1744 7.66791e-15
1745 6.90922e-15
1746 6.22433e-15
1747 5.6062e-15
1748 5.04842e-15
1749 4.54521e-15
1750 4.09132e-15
1751 3.68201e-15
1752 3.31297e-15
1753 2.98032e-15
1754 2.68052e-15
1755 2.41038e-15
1756 2.16703e-15
1757 1.94785e-15
1758 1.75048e-15
1759 1.57279e-15
1760 1.41284e-15
1761 1.26891e-15
1762 1.1394e-15
1763 1.0229e-15
1764 9.18129e-16
1765 8.23919e-16
1766 7.39225e-16
1767 6.63101e-16
1768 5.94695e-16
1769 5.33236e-16
1770 4.78031e-16
1771 4.28453e-16
1772 3.83939e-16
1773 3.43979e-16
1774 3.08115e-16
1775 2.75934e-16
1776 2.47063e-16
1777 2.21168e-16
1778 1.97946e-16
1779 1.77126e-16
1780 1.58463e-16
1781 1.41738e-16
1782 1.26752e-16
1783 1.13327e-16
1784 1.01303e-16
1785 9.05368e-17
1786 8.08979e-17
1787 7.22703e-17
1788 6.45495e-17
1789 5.76417e-17
1790 5.14626e-17
1791 4.59364e-17
1792 4.09952e-17
1793 3.6578e-17
1794 3.263e-17
1795 2.91022e-17
1796 2.59504e-17
1797 2.31352e-17
1798 2.06212e-17
1799 1.83766e-17
1800 1.63729e-17
1801 1.45847e-17
1802 1.29891e-17
1803 1.15657e-17
1804 1.02962e-17
1805 9.16408e-18
1806 8.15479e-18
1807 7.25517e-18
1808 6.45346e-18
1809 5.73916e-18
1810 5.10287e-18
1811 4.53619e-18
1812 4.0316e-18
1813 3.58241e-18
1814 3.1826e-18
1815 2.82683e-18
1816 2.51031e-18
1817 2.22878e-18
1818 1.97841e-18
1819 1.7558e-18
1820 1.55791e-18
1821 1.38205e-18
1822 1.22578e-18
1823 1.08696e-18
1824 9.63658e-19
1825 8.54168e-19
1826 7.56961e-19
1827 6.70678e-19
1828 5.94107e-19
1829 5.26169e-19
1830 4.65904e-19
1831 4.12455e-19
1832 3.65063e-19
1833 3.23049e-19
1834 2.85811e-19
1835 2.52813e-19
1836 2.23579e-19
1837 1.97684e-19
1838 1.74752e-19
1839 1.54448e-19
1840 1.36475e-19
1841 1.20568e-19
1842 1.06493e-19
1843 9.40421e-20
1844 8.30294e-20
1845 7.32911e-20
1846 6.46816e-20
1847 5.70715e-20
1848 5.03464e-20
1849 4.44045e-20
1850 3.91557e-20
1851 3.45201e-20
1852 3.04271e-20
1853 2.68137e-20
1854 2.36246e-20
1855 2.08104e-20
1856 1.83277e-20
1857 1.61377e-20
1858 1.42065e-20
1859 1.25038e-20
1860 1.10029e-20
1861 9.68014e-21
1862 8.51462e-21
1863 7.48788e-21
1864 6.58357e-21
1865 5.78727e-21
1866 5.08623e-21
1867 4.46917e-21
1868 3.92616e-21
1869 3.4484e-21
1870 3.02815e-21
1871 2.65856e-21
1872 2.33359e-21
1873 2.04792e-21
1874 1.79684e-21
1875 1.57622e-21
1876 1.3824e-21
1877 1.21216e-21
1878 1.06266e-21
1879 9.31402e-22
1880 8.16189e-22
1881 7.15077e-22
1882 6.26361e-22
1883 5.48537e-22
1884 4.80282e-22
1885 4.20432e-22
1886 3.67963e-22
1887 3.21975e-22
1888 2.81675e-22
1889 2.46368e-22
1890 2.15442e-22
1891 1.88358e-22
1892 1.64644e-22
1893 1.43886e-22
1894 1.25719e-22
1895 1.09822e-22
1896 9.59159e-23
1897 8.37527e-23
1898 7.31166e-23
1899 6.38179e-23
1900 5.569e-23
1901 4.85872e-23
1902 4.23814e-23
1903 3.69605e-23
1904 3.22261e-23
1905 2.80923e-23
1906 2.44837e-23
1907 2.13341e-23
1908 1.85858e-23
1909 1.61881e-23
1910 1.40968e-23
1911 1.22731e-23
1912 1.0683e-23
1913 9.29703e-24
1914 8.08917e-24
1915 7.03675e-24
1916 6.11996e-24
1917 5.3215e-24
1918 4.62624e-24
1919 4.02097e-24
1920 3.49416e-24
1921 3.03573e-24
1922 2.63689e-24
1923 2.28997e-24
1924 1.98827e-24
1925 1.72596e-24
1926 1.49794e-24
1927 1.29977e-24
1928 1.12758e-24
1929 9.77993e-25
1930 8.48073e-25
1931 7.35258e-25
1932 6.37316e-25
1933 5.52304e-25
1934 4.78531e-25
1935 4.14524e-25
1936 3.59003e-25
1937 3.10853e-25
1938 2.69105e-25
1939 2.32913e-25
1940 2.01548e-25
1941 1.74369e-25
1942 1.50823e-25
1943 1.30429e-25
1944 1.1277e-25
1945 9.74801e-26
1946 8.42456e-26
1947 7.27929e-26
1948 6.28836e-26
1949 5.43118e-26
1950 4.68986e-26
1951 4.04886e-26
1952 3.49474e-26
1953 3.01581e-26
1954 2.60197e-26
1955 2.24445e-26
1956 1.93564e-26
1957 1.66897e-26
1958 1.43873e-26
1959 1.23998e-26
1960 1.06848e-26
1961 9.20491e-27
1962 7.92833e-27
1963 6.82734e-27
1964 5.878e-27
1965 5.05965e-27
1966 4.35425e-27
1967 3.74643e-27
1968 3.22277e-27
1969 2.77171e-27
1970 2.38329e-27
1971 2.04884e-27
1972 1.76098e-27
1973 1.51323e-27
1974 1.30006e-27
1975 1.11668e-27
1976 9.58965e-28
1977 8.23361e-28
1978 7.06769e-28
1979 6.06562e-28
1980 5.20457e-28
1981 4.46476e-28
1982 3.82932e-28
1983 3.28358e-28
1984 2.815e-28
1985 2.41286e-28
1986 2.06767e-28
1987 1.77149e-28
1988 1.51742e-28
1989 1.29951e-28
1990 1.11267e-28
1991 9.52466e-29
1992 8.1517e-29
1993 6.9751e-29
1994 5.96709e-29
1995 5.10363e-29
1996 4.36417e-29
1997 3.73105e-29
1998 3.18912e-29
1999 2.72531e-29
2000 2.32841e-29
2001 1.98891e-29
2002 1.69852e-29
2003 1.45023e-29
2004 1.23795e-29
2005 1.0565e-29
2006 9.01454e-30
2007 7.68986e-30
2008 6.55825e-30
2009 5.592e-30
2010 4.76695e-30
2011 4.06261e-30
2012 3.46155e-30
2013 2.9486e-30
2014 2.51107e-30
2015 2.13788e-30
2016 1.81968e-30
2017 1.54835e-30
2018 1.31712e-30
2019 1.12013e-30
2020 9.52176e-31
2021 8.09164e-31
2022 6.87398e-31
2023 5.83665e-31
2024 4.95392e-31
2025 4.20284e-31
2026 3.56353e-31
2027 3.01973e-31
2028 2.5573e-31
2029 2.1639e-31
2030 1.82948e-31
2031 1.54533e-31
2032 1.30379e-31
2033 1.09871e-31
2034 9.24522e-32
2035 7.76557e-32
2036 6.50997e-32
2037 5.44482e-32
2038 4.54153e-32
2039 3.77525e-32
2040 3.12653e-32
2041 2.57738e-32
2042 2.11235e-32
2043 1.71989e-32
2044 1.38886e-32
2045 1.11007e-32
2046 8.76108e-33
2047 6.80544e-33
