0 6.80776e-46
1 4.54216e-46
2 2.91752e-46
3 1.85786e-46
4 1.31238e-46
5 1.25312e-46
6 1.67348e-46
7 2.58791e-46
8 4.03237e-46
9 6.06577e-46
10 8.77225e-46
11 1.2265e-45
12 1.66903e-45
13 2.22342e-45
14 2.91296e-45
15 3.7667e-45
16 4.82051e-45
17 6.11859e-45
18 7.71537e-45
19 9.67779e-45
20 1.20879e-44
21 1.50462e-44
22 1.86758e-44
23 2.31275e-44
24 2.85861e-44
25 3.52779e-44
26 4.34784e-44
27 5.35255e-44
28 6.58332e-44
29 8.09062e-44
30 9.93605e-44
31 1.21949e-43
32 1.49595e-43
33 1.83421e-43
34 2.24797e-43
35 2.75397e-43
36 3.37267e-43
37 4.12897e-43
38 5.05327e-43
39 6.18255e-43
40 7.56206e-43
41 9.24689e-43
42 1.1304e-42
43 1.3815e-42
44 1.68795e-42
45 2.06188e-42
46 2.51801e-42
47 3.07429e-42
48 3.75254e-42
49 4.57935e-42
50 5.58704e-42
51 6.81479e-42
52 8.31036e-42
53 1.01318e-41
54 1.23496e-41
55 1.50493e-41
56 1.83348e-41
57 2.23325e-41
58 2.71955e-41
59 3.31095e-41
60 4.03002e-41
61 4.90412e-41
62 5.96642e-41
63 7.25711e-41
64 8.82492e-41
65 1.0729e-40
66 1.30407e-40
67 1.58469e-40
68 1.92523e-40
69 2.33841e-40
70 2.83958e-40
71 3.44737e-40
72 4.18424e-40
73 5.07741e-40
74 6.1598e-40
75 7.47112e-40
76 9.05949e-40
77 1.09829e-39
78 1.33115e-39
79 1.613e-39
80 1.95406e-39
81 2.36669e-39
82 2.86575e-39
83 3.46922e-39
84 4.19878e-39
85 5.08056e-39
86 6.14606e-39
87 7.4332e-39
88 8.98783e-39
89 1.08651e-38
90 1.31312e-38
91 1.58662e-38
92 1.91664e-38
93 2.31477e-38
94 2.79493e-38
95 3.37389e-38
96 4.07183e-38
97 4.913e-38
98 5.92658e-38
99 7.14757e-38
100 8.61803e-38
101 1.03887e-37
102 1.25202e-37
103 1.50855e-37
104 1.81722e-37
105 2.18855e-37
106 2.63515e-37
107 3.17214e-37
108 3.81766e-37
109 4.5935e-37
110 5.52577e-37
111 6.64566e-37
112 7.99064e-37
113 9.60568e-37
114 1.15445e-36
115 1.38714e-36
116 1.66635e-36
117 2.0013e-36
118 2.40303e-36
119 2.88473e-36
120 3.46217e-36
121 4.15424e-36
122 4.98353e-36
123 5.97699e-36
124 7.16681e-36
125 8.59145e-36
126 1.02969e-35
127 1.23381e-35
128 1.47805e-35
129 1.77021e-35
130 2.11964e-35
131 2.53745e-35
132 3.0369e-35
133 3.6338e-35
134 4.347e-35
135 5.19897e-35
136 6.21645e-35
137 7.43128e-35
138 8.88143e-35
139 1.06121e-34
140 1.2677e-34
141 1.514e-34
142 1.80774e-34
143 2.15795e-34
144 2.5754e-34
145 3.07287e-34
146 3.66557e-34
147 4.37156e-34
148 5.21228e-34
149 6.21321e-34
150 7.40461e-34
151 8.82238e-34
152 1.05091e-33
153 1.25154e-33
154 1.49012e-33
155 1.77376e-33
156 2.11089e-33
157 2.51151e-33
158 2.98747e-33
159 3.55279e-33
160 4.2241e-33
161 5.02107e-33
162 5.96703e-33
163 7.08956e-33
164 8.42131e-33
165 1.00009e-32
166 1.1874e-32
167 1.40947e-32
168 1.67268e-32
169 1.98459e-32
170 2.35412e-32
171 2.79182e-32
172 3.31012e-32
173 3.92375e-32
174 4.65007e-32
175 5.50958e-32
176 6.52646e-32
177 7.72923e-32
178 9.15157e-32
179 1.08332e-31
180 1.28208e-31
181 1.51696e-31
182 1.79447e-31
183 2.12225e-31
184 2.50932e-31
185 2.96631e-31
186 3.50571e-31
187 4.14224e-31
188 4.89322e-31
189 5.77901e-31
190 6.82355e-31
191 8.05503e-31
192 9.50654e-31
193 1.1217e-30
194 1.32321e-30
195 1.56056e-30
196 1.84005e-30
197 2.16908e-30
198 2.55635e-30
199 3.01206e-30
200 3.54817e-30
201 4.1787e-30
202 4.92013e-30
203 5.79174e-30
204 6.81614e-30
205 8.01983e-30
206 9.43384e-30
207 1.10945e-29
208 1.30445e-29
209 1.53335e-29
210 1.80199e-29
211 2.11719e-29
212 2.48694e-29
213 2.92057e-29
214 3.429e-29
215 4.02498e-29
216 4.72344e-29
217 5.54178e-29
218 6.50038e-29
219 7.62299e-29
220 8.93738e-29
221 1.04759e-28
222 1.22765e-28
223 1.43831e-28
224 1.68473e-28
225 1.97291e-28
226 2.30985e-28
227 2.7037e-28
228 3.16397e-28
229 3.70174e-28
230 4.32991e-28
231 5.06351e-28
232 5.92004e-28
233 6.91986e-28
234 8.08669e-28
235 9.44808e-28
236 1.10361e-27
237 1.28882e-27
238 1.50476e-27
239 1.75647e-27
240 2.04982e-27
241 2.39162e-27
242 2.78978e-27
243 3.25347e-27
244 3.79336e-27
245 4.42183e-27
246 5.15324e-27
247 6.00424e-27
248 6.99418e-27
249 8.14544e-27
250 9.48402e-27
251 1.104e-26
252 1.28483e-26
253 1.49494e-26
254 1.73899e-26
255 2.02242e-26
256 2.35149e-26
257 2.73347e-26
258 3.17674e-26
259 3.69104e-26
260 4.28759e-26
261 4.97937e-26
262 5.78141e-26
263 6.71104e-26
264 7.78831e-26
265 9.03635e-26
266 1.04819e-25
267 1.21558e-25
268 1.40936e-25
269 1.63365e-25
270 1.89317e-25
271 2.19341e-25
272 2.54064e-25
273 2.94215e-25
274 3.40629e-25
275 3.94271e-25
276 4.56252e-25
277 5.2785e-25
278 6.10538e-25
279 7.06011e-25
280 8.1622e-25
281 9.43408e-25
282 1.09016e-24
283 1.25943e-24
284 1.45465e-24
285 1.67974e-24
286 1.93919e-24
287 2.2382e-24
288 2.5827e-24
289 2.97953e-24
290 3.43654e-24
291 3.96271e-24
292 4.56839e-24
293 5.26543e-24
294 6.06742e-24
295 6.98994e-24
296 8.05087e-24
297 9.2707e-24
298 1.06729e-23
299 1.22844e-23
300 1.41359e-23
301 1.62628e-23
302 1.87054e-23
303 2.151e-23
304 2.47295e-23
305 2.84243e-23
306 3.26636e-23
307 3.75267e-23
308 4.3104e-23
309 4.94987e-23
310 5.68292e-23
311 6.52303e-23
312 7.48561e-23
313 8.58826e-23
314 9.85105e-23
315 1.12969e-22
316 1.2952e-22
317 1.4846e-22
318 1.70131e-22
319 1.9492e-22
320 2.23268e-22
321 2.55679e-22
322 2.92726e-22
323 3.35061e-22
324 3.83428e-22
325 4.38673e-22
326 5.01758e-22
327 5.73778e-22
328 6.55978e-22
329 7.49774e-22
330 8.56775e-22
331 9.78811e-22
332 1.11796e-21
333 1.27658e-21
334 1.45735e-21
335 1.66332e-21
336 1.89794e-21
337 2.16513e-21
338 2.46933e-21
339 2.81559e-21
340 3.20963e-21
341 3.65792e-21
342 4.16782e-21
343 4.74765e-21
344 5.40683e-21
345 6.15606e-21
346 7.00743e-21
347 7.97462e-21
348 9.07313e-21
349 1.03205e-20
350 1.17366e-20
351 1.33438e-20
352 1.51674e-20
353 1.72363e-20
354 1.95827e-20
355 2.22434e-20
356 2.52596e-20
357 2.86782e-20
358 3.25518e-20
359 3.69402e-20
360 4.19104e-20
361 4.75384e-20
362 5.39098e-20
363 6.11211e-20
364 6.92812e-20
365 7.85128e-20
366 8.89542e-20
367 1.00761e-19
368 1.14109e-19
369 1.29197e-19
370 1.46245e-19
371 1.65506e-19
372 1.87261e-19
373 2.11828e-19
374 2.39563e-19
375 2.70867e-19
376 3.06192e-19
377 3.46044e-19
378 3.90994e-19
379 4.41681e-19
380 4.98823e-19
381 5.63228e-19
382 6.35801e-19
383 7.17557e-19
384 8.09637e-19
385 9.13318e-19
386 1.03003e-18
387 1.16139e-18
388 1.30918e-18
389 1.47543e-18
390 1.66239e-18
391 1.87259e-18
392 2.10886e-18
393 2.37436e-18
394 2.67264e-18
395 3.00765e-18
396 3.38383e-18
397 3.80611e-18
398 4.28004e-18
399 4.81179e-18
400 5.40827e-18
401 6.07717e-18
402 6.8271e-18
403 7.66767e-18
404 8.60958e-18
405 9.66479e-18
406 1.08466e-17
407 1.21699e-17
408 1.36513e-17
409 1.53092e-17
410 1.71641e-17
411 1.92391e-17
412 2.15596e-17
413 2.41539e-17
414 2.70539e-17
415 3.02946e-17
416 3.39152e-17
417 3.79593e-17
418 4.24754e-17
419 4.75174e-17
420 5.31451e-17
421 5.94251e-17
422 6.64315e-17
423 7.42465e-17
424 8.29613e-17
425 9.26775e-17
426 1.03507e-16
427 1.15576e-16
428 1.29023e-16
429 1.44e-16
430 1.6068e-16
431 1.79251e-16
432 1.99924e-16
433 2.2293e-16
434 2.48527e-16
435 2.77002e-16
436 3.0867e-16
437 3.43881e-16
438 3.83023e-16
439 4.26526e-16
440 4.74864e-16
441 5.28561e-16
442 5.88199e-16
443 6.54419e-16
444 7.27931e-16
445 8.09517e-16
446 9.00044e-16
447 1.00047e-15
448 1.11184e-15
449 1.23533e-15
450 1.37222e-15
451 1.52392e-15
452 1.69201e-15
453 1.87818e-15
454 2.08435e-15
455 2.31261e-15
456 2.56524e-15
457 2.84478e-15
458 3.15402e-15
459 3.49602e-15
460 3.87415e-15
461 4.29211e-15
462 4.75398e-15
463 5.26422e-15
464 5.82775e-15
465 6.44997e-15
466 7.1368e-15
467 7.89473e-15
468 8.7309e-15
469 9.65313e-15
470 1.067e-14
471 1.17909e-14
472 1.30262e-14
473 1.4387e-14
474 1.58859e-14
475 1.75364e-14
476 1.93532e-14
477 2.13526e-14
478 2.35525e-14
479 2.59721e-14
480 2.86329e-14
481 3.1558e-14
482 3.47729e-14
483 3.83054e-14
484 4.21859e-14
485 4.64476e-14
486 5.11268e-14
487 5.62632e-14
488 6.19002e-14
489 6.80848e-14
490 7.4869e-14
491 8.23089e-14
492 9.04662e-14
493 9.9408e-14
494 1.09208e-13
495 1.19945e-13
496 1.31707e-13
497 1.44589e-13
498 1.58694e-13
499 1.74136e-13
500 1.91038e-13
501 2.09533e-13
502 2.29768e-13
503 2.51901e-13
504 2.76107e-13
505 3.02573e-13
506 3.31505e-13
507 3.63125e-13
508 3.97677e-13
509 4.35425e-13
510 4.76654e-13
511 5.21678e-13
512 5.70834e-13
513 6.2449e-13
514 6.83046e-13
515 7.46934e-13
516 8.16625e-13
517 8.92628e-13
518 9.75495e-13
519 1.06583e-12
520 1.16427e-12
521 1.27152e-12
522 1.38835e-12
523 1.51557e-12
524 1.65408e-12
525 1.80484e-12
526 1.96888e-12
527 2.14732e-12
528 2.34138e-12
529 2.55237e-12
530 2.78169e-12
531 3.03087e-12
532 3.30154e-12
533 3.59547e-12
534 3.91456e-12
535 4.26086e-12
536 4.63657e-12
537 5.04407e-12
538 5.48589e-12
539 5.96479e-12
540 6.4837e-12
541 7.04579e-12
542 7.65446e-12
543 8.31334e-12
544 9.02635e-12
545 9.79768e-12
546 1.06318e-11
547 1.15337e-11
548 1.25083e-11
549 1.35613e-11
550 1.46986e-11
551 1.59266e-11
552 1.72521e-11
553 1.86824e-11
554 2.02253e-11
555 2.18891e-11
556 2.3683e-11
557 2.56163e-11
558 2.76994e-11
559 2.99433e-11
560 3.23598e-11
561 3.49613e-11
562 3.77615e-11
563 4.07746e-11
564 4.40161e-11
565 4.75026e-11
566 5.12516e-11
567 5.5282e-11
568 5.96141e-11
569 6.42695e-11
570 6.92713e-11
571 7.46442e-11
572 8.04149e-11
573 8.66115e-11
574 9.32644e-11
575 1.00406e-10
576 1.08071e-10
577 1.16297e-10
578 1.25123e-10
579 1.34591e-10
580 1.44747e-10
581 1.5564e-10
582 1.6732e-10
583 1.79844e-10
584 1.93271e-10
585 2.07663e-10
586 2.23088e-10
587 2.39618e-10
588 2.57328e-10
589 2.76302e-10
590 2.96625e-10
591 3.1839e-10
592 3.41697e-10
593 3.66649e-10
594 3.93358e-10
595 4.21943e-10
596 4.5253e-10
597 4.85252e-10
598 5.2025e-10
599 5.57675e-10
600 5.97686e-10
601 6.40451e-10
602 6.86147e-10
603 7.34963e-10
604 7.87096e-10
605 8.42757e-10
606 9.02165e-10
607 9.65553e-10
608 1.03317e-09
609 1.10526e-09
610 1.1821e-09
611 1.26398e-09
612 1.35119e-09
613 1.44404e-09
614 1.54285e-09
615 1.64798e-09
616 1.75976e-09
617 1.87857e-09
618 2.00481e-09
619 2.13886e-09
620 2.28116e-09
621 2.43213e-09
622 2.59224e-09
623 2.76194e-09
624 2.94173e-09
625 3.13212e-09
626 3.33362e-09
627 3.54679e-09
628 3.77219e-09
629 4.01039e-09
630 4.26201e-09
631 4.52766e-09
632 4.80798e-09
633 5.10365e-09
634 5.41535e-09
635 5.74379e-09
636 6.08971e-09
637 6.45387e-09
638 6.83706e-09
639 7.24009e-09
640 7.6638e-09
641 8.10907e-09
642 8.57681e-09
643 9.06796e-09
644 9.58351e-09
645 1.01245e-08
646 1.06919e-08
647 1.1287e-08
648 1.19108e-08
649 1.25645e-08
650 1.32495e-08
651 1.39671e-08
652 1.47188e-08
653 1.55059e-08
654 1.633e-08
655 1.71929e-08
656 1.80963e-08
657 1.90419e-08
658 2.00319e-08
659 2.10682e-08
660 2.21532e-08
661 2.32891e-08
662 2.44784e-08
663 2.57239e-08
664 2.70284e-08
665 2.83949e-08
666 2.98266e-08
667 3.13269e-08
668 3.28995e-08
669 3.45483e-08
670 3.62774e-08
671 3.80912e-08
672 3.99942e-08
673 4.19916e-08
674 4.40884e-08
675 4.62902e-08
676 4.8603e-08
677 5.10327e-08
678 5.35861e-08
679 5.62698e-08
680 5.90913e-08
681 6.20579e-08
682 6.51778e-08
683 6.84591e-08
684 7.19106e-08
685 7.55413e-08
686 7.93606e-08
687 8.33783e-08
688 8.76044e-08
689 9.20495e-08
690 9.67243e-08
691 1.0164e-07
692 1.06808e-07
693 1.12239e-07
694 1.17946e-07
695 1.2394e-07
696 1.30234e-07
697 1.36841e-07
698 1.43771e-07
699 1.51038e-07
700 1.58654e-07
701 1.66631e-07
702 1.74981e-07
703 1.83715e-07
704 1.92846e-07
705 2.02384e-07
706 2.1234e-07
707 2.22723e-07
708 2.33542e-07
709 2.44807e-07
710 2.56525e-07
711 2.68702e-07
712 2.81344e-07
713 2.94455e-07
714 3.08038e-07
715 3.22094e-07
716 3.36624e-07
717 3.51626e-07
718 3.67097e-07
719 3.83031e-07
720 3.99421e-07
721 4.16258e-07
722 4.3353e-07
723 4.51223e-07
724 4.69323e-07
725 4.87809e-07
726 5.06662e-07
727 5.25857e-07
728 5.45369e-07
729 5.65169e-07
730 5.85226e-07
731 6.05506e-07
732 6.25972e-07
733 6.46586e-07
734 6.67306e-07
735 6.88088e-07
736 7.08886e-07
737 7.29652e-07
738 7.50336e-07
739 7.70885e-07
740 7.91245e-07
741 8.11361e-07
742 8.31177e-07
743 8.50635e-07
744 8.69679e-07
745 8.88249e-07
746 9.06288e-07
747 9.23739e-07
748 9.40546e-07
749 9.56653e-07
750 9.7201e-07
751 9.86565e-07
752 1.00027e-06
753 1.01309e-06
754 1.02497e-06
755 1.03589e-06
756 1.04581e-06
757 1.05472e-06
758 1.0626e-06
759 1.06944e-06
760 1.07525e-06
761 1.08002e-06
762 1.08379e-06
763 1.08658e-06
764 1.08843e-06
765 1.0894e-06
766 1.08956e-06
767 1.08898e-06
768 1.08776e-06
769 1.086e-06
770 1.08384e-06
771 1.08142e-06
772 1.07889e-06
773 1.07643e-06
774 1.07423e-06
775 1.0725e-06
776 1.07148e-06
777 1.07141e-06
778 1.07257e-06
779 1.07524e-06
780 1.07974e-06
781 1.08638e-06
782 1.09553e-06
783 1.10755e-06
784 1.12284e-06
785 1.14179e-06
786 1.16484e-06
787 1.19243e-06
788 1.22503e-06
789 1.26312e-06
790 1.30721e-06
791 1.3578e-06
792 1.41543e-06
793 1.48065e-06
794 1.554e-06
795 1.63607e-06
796 1.72742e-06
797 1.82866e-06
798 1.94038e-06
799 2.06317e-06
800 2.19766e-06
801 2.34443e-06
802 2.50412e-06
803 2.67732e-06
804 2.86464e-06
805 3.06668e-06
806 3.28404e-06
807 3.51729e-06
808 3.76702e-06
809 4.03377e-06
810 4.31809e-06
811 4.6205e-06
812 4.94152e-06
813 5.28162e-06
814 5.64126e-06
815 6.02087e-06
816 6.42086e-06
817 6.84161e-06
818 7.28345e-06
819 7.74669e-06
820 8.23161e-06
821 8.73845e-06
822 9.26741e-06
823 9.81865e-06
824 1.03923e-05
825 1.09884e-05
826 1.16071e-05
827 1.22483e-05
828 1.2912e-05
829 1.35981e-05
830 1.43066e-05
831 1.50371e-05
832 1.57896e-05
833 1.65638e-05
834 1.73595e-05
835 1.81762e-05
836 1.90138e-05
837 1.98718e-05
838 2.07499e-05
839 2.16475e-05
840 2.25644e-05
841 2.35e-05
842 2.44539e-05
843 2.54256e-05
844 2.64146e-05
845 2.74205e-05
846 2.84429e-05
847 2.94811e-05
848 3.05349e-05
849 3.16038e-05
850 3.26874e-05
851 3.37855e-05
852 3.48977e-05
853 3.60238e-05
854 3.71636e-05
855 3.83171e-05
856 3.94842e-05
857 4.06649e-05
858 4.18595e-05
859 4.30682e-05
860 4.42914e-05
861 4.55296e-05
862 4.67834e-05
863 4.80536e-05
864 4.93411e-05
865 5.0647e-05
866 5.19726e-05
867 5.33194e-05
868 5.46888e-05
869 5.60828e-05
870 5.75034e-05
871 5.89528e-05
872 6.04336e-05
873 6.19484e-05
874 6.35003e-05
875 6.50924e-05
876 6.67282e-05
877 6.84116e-05
878 7.01464e-05
879 7.19372e-05
880 7.37885e-05
881 7.57053e-05
882 7.76928e-05
883 7.97567e-05
884 8.19028e-05
885 8.41374e-05
886 8.64671e-05
887 8.8899e-05
888 9.14402e-05
889 9.40984e-05
890 9.68818e-05
891 9.97987e-05
892 0.000102858
893 0.000106069
894 0.00010944
895 0.000112983
896 0.000116707
897 0.000120623
898 0.000124743
899 0.000129077
900 0.000133638
901 0.000138438
902 0.00014349
903 0.000148806
904 0.000154402
905 0.000160289
906 0.000166484
907 0.000173
908 0.000179853
909 0.000187058
910 0.000194632
911 0.00020259
912 0.000210949
913 0.000219727
914 0.000228941
915 0.000238609
916 0.000248749
917 0.000259379
918 0.00027052
919 0.00028219
920 0.000294409
921 0.000307196
922 0.000320574
923 0.000334561
924 0.00034918
925 0.000364452
926 0.000380398
927 0.000397041
928 0.000414403
929 0.000432506
930 0.000451374
931 0.000471031
932 0.000491498
933 0.000512801
934 0.000534964
935 0.00055801
936 0.000581964
937 0.000606851
938 0.000632696
939 0.000659525
940 0.000687362
941 0.000716234
942 0.000746165
943 0.000777183
944 0.000809313
945 0.000842581
946 0.000877014
947 0.000912638
948 0.000949481
949 0.000987568
950 0.00102693
951 0.00106758
952 0.00110957
953 0.0011529
954 0.00119761
955 0.00124373
956 0.00129128
957 0.0013403
958 0.0013908
959 0.00144281
960 0.00149636
961 0.00155148
962 0.0016082
963 0.00166653
964 0.00172651
965 0.00178816
966 0.00185151
967 0.00191658
968 0.0019834
969 0.002052
970 0.00212239
971 0.0021946
972 0.00226866
973 0.00234459
974 0.00242242
975 0.00250216
976 0.00258383
977 0.00266747
978 0.00275309
979 0.0028407
980 0.00293034
981 0.00302203
982 0.00311577
983 0.00321158
984 0.0033095
985 0.00340952
986 0.00351167
987 0.00361597
988 0.00372241
989 0.00383103
990 0.00394183
991 0.00405482
992 0.00417002
993 0.00428742
994 0.00440705
995 0.0045289
996 0.00465299
997 0.00477931
998 0.00490787
999 0.00503867
1000 0.00517172
1001 0.00530701
1002 0.00544454
1003 0.00558431
1004 0.0057263
1005 0.00587053
1006 0.00601697
1007 0.00616562
1008 0.00631647
1009 0.0064695
1010 0.0066247
1011 0.00678205
1012 0.00694155
1013 0.00710315
1014 0.00726686
1015 0.00743263
1016 0.00760046
1017 0.0077703
1018 0.00794214
1019 0.00811594
1020 0.00829166
1021 0.00846929
1022 0.00864877
1023 0.00883007
1024 0.00901315
1025 0.00919797
1026 0.00938448
1027 0.00957264
1028 0.0097624
1029 0.00995371
1030 0.0101465
1031 0.0103408
1032 0.0105364
1033 0.0107334
1034 0.0109316
1035 0.011131
1036 0.0113316
1037 0.0115333
1038 0.0117359
1039 0.0119395
1040 0.012144
1041 0.0123492
1042 0.0125552
1043 0.0127618
1044 0.012969
1045 0.0131767
1046 0.0133847
1047 0.0135931
1048 0.0138017
1049 0.0140104
1050 0.0142192
1051 0.0144279
1052 0.0146366
1053 0.014845
1054 0.015053
1055 0.0152607
1056 0.0154679
1057 0.0156744
1058 0.0158803
1059 0.0160853
1060 0.0162894
1061 0.0164926
1062 0.0166946
1063 0.0168954
1064 0.0170949
1065 0.017293
1066 0.0174896
1067 0.0176845
1068 0.0178777
1069 0.0180691
1070 0.0182586
1071 0.018446
1072 0.0186312
1073 0.0188142
1074 0.0189949
1075 0.0191731
1076 0.0193487
1077 0.0195216
1078 0.0196919
1079 0.0198592
1080 0.0200236
1081 0.0201849
1082 0.020343
1083 0.0204979
1084 0.0206495
1085 0.0207976
1086 0.0209422
1087 0.0210831
1088 0.0212204
1089 0.0213538
1090 0.0214834
1091 0.0216089
1092 0.0217305
1093 0.0218479
1094 0.0219611
1095 0.02207
1096 0.0221746
1097 0.0222747
1098 0.0223704
1099 0.0224615
1100 0.022548
1101 0.0226299
1102 0.022707
1103 0.0227793
1104 0.0228469
1105 0.0229095
1106 0.0229672
1107 0.02302
1108 0.0230678
1109 0.0231105
1110 0.0231482
1111 0.0231808
1112 0.0232083
1113 0.0232307
1114 0.0232479
1115 0.02326
1116 0.0232668
1117 0.0232685
1118 0.0232651
1119 0.0232564
1120 0.0232425
1121 0.0232235
1122 0.0231993
1123 0.02317
1124 0.0231355
1125 0.023096
1126 0.0230513
1127 0.0230016
1128 0.0229468
1129 0.0228871
1130 0.0228224
1131 0.0227528
1132 0.0226783
1133 0.022599
1134 0.0225149
1135 0.0224261
1136 0.0223326
1137 0.0222345
1138 0.0221319
1139 0.0220248
1140 0.0219133
1141 0.0217975
1142 0.0216773
1143 0.021553
1144 0.0214246
1145 0.0212922
1146 0.0211558
1147 0.0210155
1148 0.0208715
1149 0.0207237
1150 0.0205724
1151 0.0204176
1152 0.0202593
1153 0.0200978
1154 0.019933
1155 0.0197651
1156 0.0195942
1157 0.0194204
1158 0.0192438
1159 0.0190644
1160 0.0188825
1161 0.018698
1162 0.0185112
1163 0.0183221
1164 0.0181308
1165 0.0179374
1166 0.0177421
1167 0.0175449
1168 0.017346
1169 0.0171455
1170 0.0169434
1171 0.0167399
1172 0.0165351
1173 0.0163291
1174 0.016122
1175 0.0159139
1176 0.015705
1177 0.0154952
1178 0.0152848
1179 0.0150738
1180 0.0148624
1181 0.0146505
1182 0.0144385
1183 0.0142262
1184 0.0140139
1185 0.0138016
1186 0.0135895
1187 0.0133775
1188 0.0131659
1189 0.0129546
1190 0.0127439
1191 0.0125337
1192 0.0123242
1193 0.0121154
1194 0.0119075
1195 0.0117005
1196 0.0114944
1197 0.0112894
1198 0.0110855
1199 0.0108829
1200 0.0106815
1201 0.0104814
1202 0.0102827
1203 0.0100856
1204 0.00988989
1205 0.00969581
1206 0.00950337
1207 0.00931263
1208 0.00912363
1209 0.00893643
1210 0.00875108
1211 0.00856761
1212 0.00838608
1213 0.00820652
1214 0.00802898
1215 0.00785348
1216 0.00768006
1217 0.00750876
1218 0.0073396
1219 0.00717262
1220 0.00700783
1221 0.00684527
1222 0.00668495
1223 0.00652689
1224 0.00637111
1225 0.00621763
1226 0.00606646
1227 0.00591762
1228 0.0057711
1229 0.00562692
1230 0.00548509
1231 0.00534562
1232 0.00520849
1233 0.00507373
1234 0.00494131
1235 0.00481125
1236 0.00468355
1237 0.00455818
1238 0.00443516
1239 0.00431446
1240 0.00419609
1241 0.00408003
1242 0.00396627
1243 0.0038548
1244 0.0037456
1245 0.00363866
1246 0.00353396
1247 0.00343148
1248 0.00333121
1249 0.00323313
1250 0.00313721
1251 0.00304344
1252 0.00295179
1253 0.00286224
1254 0.00277477
1255 0.00268936
1256 0.00260597
1257 0.00252459
1258 0.00244518
1259 0.00236773
1260 0.0022922
1261 0.00221857
1262 0.0021468
1263 0.00207688
1264 0.00200878
1265 0.00194245
1266 0.00187789
1267 0.00181505
1268 0.0017539
1269 0.00169443
1270 0.00163659
1271 0.00158036
1272 0.00152571
1273 0.00147261
1274 0.00142103
1275 0.00137093
1276 0.0013223
1277 0.0012751
1278 0.00122929
1279 0.00118486
1280 0.00114177
1281 0.00109999
1282 0.00105949
1283 0.00102024
1284 0.000982227
1285 0.000945406
1286 0.000909754
1287 0.000875243
1288 0.000841846
1289 0.000809535
1290 0.000778283
1291 0.000748064
1292 0.000718851
1293 0.000690619
1294 0.000663341
1295 0.000636992
1296 0.000611548
1297 0.000586983
1298 0.000563274
1299 0.000540398
1300 0.000518329
1301 0.000497047
1302 0.000476527
1303 0.000456748
1304 0.000437689
1305 0.000419327
1306 0.000401642
1307 0.000384614
1308 0.000368222
1309 0.000352447
1310 0.000337269
1311 0.00032267
1312 0.000308631
1313 0.000295134
1314 0.000282162
1315 0.000269698
1316 0.000257724
1317 0.000246225
1318 0.000235184
1319 0.000224586
1320 0.000214416
1321 0.000204659
1322 0.000195301
1323 0.000186327
1324 0.000177725
1325 0.00016948
1326 0.000161581
1327 0.000154014
1328 0.000146767
1329 0.000139829
1330 0.000133188
1331 0.000126833
1332 0.000120754
1333 0.000114939
1334 0.000109379
1335 0.000104064
1336 9.8984e-05
1337 9.41304e-05
1338 8.94941e-05
1339 8.50665e-05
1340 8.08393e-05
1341 7.68044e-05
1342 7.29541e-05
1343 6.92808e-05
1344 6.57772e-05
1345 6.24364e-05
1346 5.92516e-05
1347 5.62163e-05
1348 5.33241e-05
1349 5.05691e-05
1350 4.79453e-05
1351 4.54472e-05
1352 4.30693e-05
1353 4.08065e-05
1354 3.86535e-05
1355 3.66058e-05
1356 3.46585e-05
1357 3.28072e-05
1358 3.10476e-05
1359 2.93757e-05
1360 2.77873e-05
1361 2.62788e-05
1362 2.48464e-05
1363 2.34867e-05
1364 2.21963e-05
1365 2.09719e-05
1366 1.98105e-05
1367 1.87091e-05
1368 1.76648e-05
1369 1.6675e-05
1370 1.5737e-05
1371 1.48483e-05
1372 1.40066e-05
1373 1.32095e-05
1374 1.24549e-05
1375 1.17407e-05
1376 1.10649e-05
1377 1.04256e-05
1378 9.82095e-06
1379 9.24922e-06
1380 8.70876e-06
1381 8.19798e-06
1382 7.71538e-06
1383 7.2595e-06
1384 6.82897e-06
1385 6.42249e-06
1386 6.0388e-06
1387 5.67672e-06
1388 5.33511e-06
1389 5.0129e-06
1390 4.70905e-06
1391 4.42259e-06
1392 4.1526e-06
1393 3.89818e-06
1394 3.65851e-06
1395 3.43277e-06
1396 3.22021e-06
1397 3.02011e-06
1398 2.83179e-06
1399 2.6546e-06
1400 2.48791e-06
1401 2.33115e-06
1402 2.18376e-06
1403 2.04521e-06
1404 1.91501e-06
1405 1.79269e-06
1406 1.67778e-06
1407 1.56988e-06
1408 1.46857e-06
1409 1.37349e-06
1410 1.28426e-06
1411 1.20055e-06
1412 1.12204e-06
1413 1.04841e-06
1414 9.79395e-07
1415 9.14707e-07
1416 8.54094e-07
1417 7.97313e-07
1418 7.44134e-07
1419 6.94341e-07
1420 6.47729e-07
1421 6.04107e-07
1422 5.63292e-07
1423 5.25113e-07
1424 4.89409e-07
1425 4.56026e-07
1426 4.24823e-07
1427 3.95663e-07
1428 3.68419e-07
1429 3.42972e-07
1430 3.19208e-07
1431 2.97023e-07
1432 2.76316e-07
1433 2.56992e-07
1434 2.38965e-07
1435 2.22152e-07
1436 2.06473e-07
1437 1.91857e-07
1438 1.78234e-07
1439 1.65541e-07
1440 1.53716e-07
1441 1.42703e-07
1442 1.32448e-07
1443 1.22902e-07
1444 1.14017e-07
1445 1.05751e-07
1446 9.8061e-08
1447 9.09094e-08
1448 8.426e-08
1449 7.80789e-08
1450 7.23346e-08
1451 6.69975e-08
1452 6.20399e-08
1453 5.74359e-08
1454 5.31613e-08
1455 4.91935e-08
1456 4.55113e-08
1457 4.20951e-08
1458 3.89264e-08
1459 3.59878e-08
1460 3.32635e-08
1461 3.07383e-08
1462 2.83982e-08
1463 2.62303e-08
1464 2.42222e-08
1465 2.23628e-08
1466 2.06413e-08
1467 1.90479e-08
1468 1.75735e-08
1469 1.62095e-08
1470 1.49479e-08
1471 1.37813e-08
1472 1.27028e-08
1473 1.17061e-08
1474 1.0785e-08
1475 9.93413e-09
1476 9.14828e-09
1477 8.42264e-09
1478 7.75277e-09
1479 7.13453e-09
1480 6.56408e-09
1481 6.03784e-09
1482 5.5525e-09
1483 5.10501e-09
1484 4.69249e-09
1485 4.31231e-09
1486 3.96201e-09
1487 3.63933e-09
1488 3.34216e-09
1489 3.06855e-09
1490 2.81668e-09
1491 2.58489e-09
1492 2.37163e-09
1493 2.17546e-09
1494 1.99505e-09
1495 1.82919e-09
1496 1.67672e-09
1497 1.53661e-09
1498 1.40788e-09
1499 1.28964e-09
1500 1.18106e-09
1501 1.08137e-09
1502 9.89861e-10
1503 9.0589e-10
1504 8.28852e-10
1505 7.5819e-10
1506 6.93393e-10
1507 6.33987e-10
1508 5.79537e-10
1509 5.29641e-10
1510 4.8393e-10
1511 4.42062e-10
1512 4.03723e-10
1513 3.68625e-10
1514 3.365e-10
1515 3.07104e-10
1516 2.80212e-10
1517 2.55616e-10
1518 2.33125e-10
1519 2.12564e-10
1520 1.93772e-10
1521 1.76601e-10
1522 1.60914e-10
1523 1.46587e-10
1524 1.33505e-10
1525 1.21563e-10
1526 1.10663e-10
1527 1.00718e-10
1528 9.16452e-11
1529 8.33707e-11
1530 7.58258e-11
1531 6.89479e-11
1532 6.26795e-11
1533 5.69679e-11
1534 5.17649e-11
1535 4.70263e-11
1536 4.27116e-11
1537 3.87839e-11
1538 3.52094e-11
1539 3.19569e-11
1540 2.89982e-11
1541 2.63074e-11
1542 2.38609e-11
1543 2.16368e-11
1544 1.96156e-11
1545 1.77791e-11
1546 1.61109e-11
1547 1.45958e-11
1548 1.32202e-11
1549 1.19714e-11
1550 1.08382e-11
1551 9.80991e-12
1552 8.87718e-12
1553 8.03129e-12
1554 7.26433e-12
1555 6.5691e-12
1556 5.93905e-12
1557 5.36819e-12
1558 4.85109e-12
1559 4.38279e-12
1560 3.95878e-12
1561 3.57498e-12
1562 3.22764e-12
1563 2.91338e-12
1564 2.62911e-12
1565 2.37203e-12
1566 2.1396e-12
1567 1.9295e-12
1568 1.73964e-12
1569 1.56809e-12
1570 1.41314e-12
1571 1.2732e-12
1572 1.14686e-12
1573 1.03282e-12
1574 9.29902e-13
1575 8.37049e-13
1576 7.53294e-13
1577 6.77765e-13
1578 6.09668e-13
1579 5.48287e-13
1580 4.92973e-13
1581 4.43137e-13
1582 3.98248e-13
1583 3.57824e-13
1584 3.21429e-13
1585 2.8867e-13
1586 2.5919e-13
1587 2.32668e-13
1588 2.08811e-13
1589 1.87358e-13
1590 1.6807e-13
1591 1.50733e-13
1592 1.35154e-13
1593 1.21157e-13
1594 1.08585e-13
1595 9.72947e-14
1596 8.71587e-14
1597 7.80607e-14
1598 6.98964e-14
1599 6.25717e-14
1600 5.60017e-14
1601 5.01101e-14
1602 4.48281e-14
1603 4.00937e-14
1604 3.5851e-14
1605 3.205e-14
1606 2.86454e-14
1607 2.55967e-14
1608 2.28671e-14
1609 2.0424e-14
1610 1.82377e-14
1611 1.62817e-14
1612 1.45322e-14
1613 1.29677e-14
1614 1.1569e-14
1615 1.03188e-14
1616 9.20156e-15
1617 8.20343e-15
1618 7.3119e-15
1619 6.51577e-15
1620 5.80499e-15
1621 5.17056e-15
1622 4.60442e-15
1623 4.09932e-15
1624 3.6488e-15
1625 3.24705e-15
1626 2.88887e-15
1627 2.56961e-15
1628 2.28511e-15
1629 2.03165e-15
1630 1.80588e-15
1631 1.60484e-15
1632 1.42585e-15
1633 1.26653e-15
1634 1.12476e-15
1635 9.98625e-16
1636 8.86434e-16
1637 7.86667e-16
1638 6.97969e-16
1639 6.19129e-16
1640 5.49069e-16
1641 4.86826e-16
1642 4.3154e-16
1643 3.82444e-16
1644 3.38857e-16
1645 3.00168e-16
1646 2.65836e-16
1647 2.35376e-16
1648 2.08359e-16
1649 1.84401e-16
1650 1.6316e-16
1651 1.44333e-16
1652 1.27649e-16
1653 1.12868e-16
1654 9.97755e-17
1655 8.81816e-17
1656 7.79171e-17
1657 6.88316e-17
1658 6.07916e-17
1659 5.36785e-17
1660 4.73868e-17
1661 4.1823e-17
1662 3.6904e-17
1663 3.25562e-17
1664 2.8714e-17
1665 2.53194e-17
1666 2.23211e-17
1667 1.96733e-17
1668 1.73357e-17
1669 1.52723e-17
1670 1.34515e-17
1671 1.1845e-17
1672 1.0428e-17
1673 9.17843e-18
1674 8.07675e-18
1675 7.10567e-18
1676 6.24992e-18
1677 5.49598e-18
1678 4.83188e-18
1679 4.24706e-18
1680 3.73217e-18
1681 3.27895e-18
1682 2.88011e-18
1683 2.52921e-18
1684 2.22055e-18
1685 1.94911e-18
1686 1.71047e-18
1687 1.5007e-18
1688 1.31635e-18
1689 1.15439e-18
1690 1.01212e-18
1691 8.87186e-19
1692 7.77494e-19
1693 6.81208e-19
1694 5.9671e-19
1695 5.22574e-19
1696 4.57544e-19
1697 4.00515e-19
1698 3.50514e-19
1699 3.06685e-19
1700 2.68275e-19
1701 2.34622e-19
1702 2.05143e-19
1703 1.79328e-19
1704 1.56725e-19
1705 1.36939e-19
1706 1.19624e-19
1707 1.04475e-19
1708 9.12232e-20
1709 7.9634e-20
1710 6.95013e-20
1711 6.0644e-20
1712 5.29033e-20
1713 4.61402e-20
1714 4.02324e-20
1715 3.5073e-20
1716 3.05683e-20
1717 2.66361e-20
1718 2.32044e-20
1719 2.02102e-20
1720 1.75983e-20
1721 1.53205e-20
1722 1.33344e-20
1723 1.16032e-20
1724 1.00944e-20
1725 8.77983e-21
1726 7.63469e-21
1727 6.6374e-21
1728 5.76905e-21
1729 5.01317e-21
1730 4.35533e-21
1731 3.78295e-21
1732 3.28504e-21
1733 2.85201e-21
1734 2.4755e-21
1735 2.1482e-21
1736 1.86376e-21
1737 1.6166e-21
1738 1.40191e-21
1739 1.21544e-21
1740 1.05354e-21
1741 9.12998e-22
1742 7.91022e-22
1743 6.85185e-22
1744 5.93374e-22
1745 5.13747e-22
1746 4.44705e-22
1747 3.84853e-22
1748 3.3298e-22
1749 2.88034e-22
1750 2.49097e-22
1751 2.15375e-22
1752 1.86175e-22
1753 1.60898e-22
1754 1.3902e-22
1755 1.2009e-22
1756 1.03714e-22
1757 8.95508e-23
1758 7.73039e-23
1759 6.67166e-23
1760 5.75661e-23
1761 4.96593e-23
1762 4.28288e-23
1763 3.69293e-23
1764 3.18351e-23
1765 2.74374e-23
1766 2.36418e-23
1767 2.03666e-23
1768 1.75411e-23
1769 1.51042e-23
1770 1.30028e-23
1771 1.11912e-23
1772 9.62982e-24
1773 8.28437e-24
1774 7.12528e-24
1775 6.12696e-24
1776 5.26731e-24
1777 4.52723e-24
1778 3.89025e-24
1779 3.34213e-24
1780 2.87057e-24
1781 2.46499e-24
1782 2.11623e-24
1783 1.8164e-24
1784 1.55869e-24
1785 1.33724e-24
1786 1.14699e-24
1787 9.83577e-25
1788 8.43256e-25
1789 7.22789e-25
1790 6.1939e-25
1791 5.30661e-25
1792 4.54539e-25
1793 3.89247e-25
1794 3.33258e-25
1795 2.85257e-25
1796 2.44114e-25
1797 2.08858e-25
1798 1.78652e-25
1799 1.5278e-25
1800 1.30625e-25
1801 1.11657e-25
1802 9.54221e-26
1803 8.15287e-26
1804 6.96423e-26
1805 5.94753e-26
1806 5.07809e-26
1807 4.33476e-26
1808 3.6994e-26
1809 3.15644e-26
1810 2.69255e-26
1811 2.29632e-26
1812 1.95794e-26
1813 1.66905e-26
1814 1.42246e-26
1815 1.21202e-26
1816 1.03248e-26
1817 8.79329e-27
1818 7.48728e-27
1819 6.37377e-27
1820 5.42463e-27
1821 4.61577e-27
1822 3.92662e-27
1823 3.3396e-27
1824 2.83968e-27
1825 2.41405e-27
1826 2.05174e-27
1827 1.74341e-27
1828 1.48108e-27
1829 1.25793e-27
1830 1.06815e-27
1831 9.06803e-28
1832 7.69648e-28
1833 6.53088e-28
1834 5.54054e-28
1835 4.6993e-28
1836 3.98487e-28
1837 3.37828e-28
1838 2.86337e-28
1839 2.42638e-28
1840 2.05561e-28
1841 1.7411e-28
1842 1.47437e-28
1843 1.24822e-28
1844 1.05651e-28
1845 8.94044e-29
1846 7.56386e-29
1847 6.39777e-29
1848 5.41021e-29
1849 4.57403e-29
1850 3.86621e-29
1851 3.26717e-29
1852 2.76031e-29
1853 2.33155e-29
1854 1.96894e-29
1855 1.66234e-29
1856 1.40317e-29
1857 1.18413e-29
1858 9.9905e-30
1859 8.42707e-30
1860 7.10667e-30
1861 5.99179e-30
1862 5.05065e-30
1863 4.25636e-30
1864 3.58616e-30
1865 3.0208e-30
1866 2.54398e-30
1867 2.14194e-30
1868 1.80302e-30
1869 1.51738e-30
1870 1.2767e-30
1871 1.07394e-30
1872 9.03184e-31
1873 7.59401e-31
1874 6.38361e-31
1875 5.36491e-31
1876 4.50773e-31
1877 3.78664e-31
1878 3.18017e-31
1879 2.67022e-31
1880 2.24153e-31
1881 1.88123e-31
1882 1.57848e-31
1883 1.32415e-31
1884 1.11054e-31
1885 9.31178e-32
1886 7.80604e-32
1887 6.54227e-32
1888 5.48185e-32
1889 4.59225e-32
1890 3.84613e-32
1891 3.22049e-32
1892 2.696e-32
1893 2.25641e-32
1894 1.88806e-32
1895 1.57948e-32
1896 1.32103e-32
1897 1.10462e-32
1898 9.23441e-33
1899 7.71804e-33
1900 6.44919e-33
1901 5.38769e-33
1902 4.49987e-33
1903 3.75749e-33
1904 3.13685e-33
1905 2.61813e-33
1906 2.18468e-33
1907 1.82257e-33
1908 1.52013e-33
1909 1.26758e-33
1910 1.05675e-33
1911 8.80783e-34
1912 7.33946e-34
1913 6.11448e-34
1914 5.09278e-34
1915 4.24082e-34
1916 3.53057e-34
1917 2.93859e-34
1918 2.44531e-34
1919 2.03436e-34
1920 1.69208e-34
1921 1.40707e-34
1922 1.1698e-34
1923 9.72307e-35
1924 8.07972e-35
1925 6.71258e-35
1926 5.57548e-35
1927 4.62994e-35
1928 3.84386e-35
1929 3.19051e-35
1930 2.6476e-35
1931 2.19656e-35
1932 1.82194e-35
1933 1.51087e-35
1934 1.25261e-35
1935 1.03826e-35
1936 8.60396e-36
1937 7.12835e-36
1938 5.90444e-36
1939 4.88954e-36
1940 4.04815e-36
1941 3.35078e-36
1942 2.7729e-36
1943 2.29415e-36
1944 1.89762e-36
1945 1.56926e-36
1946 1.29742e-36
1947 1.07243e-36
1948 8.86242e-37
1949 7.32212e-37
1950 6.04813e-37
1951 4.99463e-37
1952 4.12369e-37
1953 3.40383e-37
1954 2.80898e-37
1955 2.31755e-37
1956 1.91165e-37
1957 1.57647e-37
1958 1.29976e-37
1959 1.07137e-37
1960 8.82909e-38
1961 7.27429e-38
1962 5.99191e-38
1963 4.93444e-38
1964 4.06265e-38
1965 3.34411e-38
1966 2.75201e-38
1967 2.26422e-38
1968 1.86245e-38
1969 1.53162e-38
1970 1.25927e-38
1971 1.0351e-38
1972 8.5064e-39
1973 6.98887e-39
1974 5.74076e-39
1975 4.71443e-39
1976 3.87068e-39
1977 3.1772e-39
1978 2.60736e-39
1979 2.13923e-39
1980 1.75473e-39
1981 1.43901e-39
1982 1.17982e-39
1983 9.67087e-40
1984 7.92529e-40
1985 6.49326e-40
1986 5.31875e-40
1987 4.35568e-40
1988 3.56616e-40
1989 2.91906e-40
1990 2.38883e-40
1991 1.95446e-40
1992 1.5987e-40
1993 1.30738e-40
1994 1.06891e-40
1995 8.73728e-41
1996 7.14019e-41
1997 5.83367e-41
1998 4.76511e-41
1999 3.89137e-41
2000 3.17709e-41
2001 2.59331e-41
2002 2.1163e-41
2003 1.72663e-41
2004 1.40837e-41
2005 1.14851e-41
2006 9.36369e-42
2007 7.63232e-42
2008 6.2196e-42
2009 5.06716e-42
2010 4.12725e-42
2011 3.36086e-42
2012 2.73612e-42
2013 2.22695e-42
2014 1.81207e-42
2015 1.47411e-42
2016 1.19887e-42
2017 9.74753e-43
2018 7.92316e-43
2019 6.43839e-43
2020 5.23029e-43
2021 4.24755e-43
2022 3.44832e-43
2023 2.79847e-43
2024 2.27021e-43
2025 1.8409e-43
2026 1.49208e-43
2027 1.20873e-43
2028 9.78612e-44
2029 7.91775e-44
2030 6.40116e-44
2031 5.1704e-44
2032 4.17185e-44
2033 3.36192e-44
2034 2.70515e-44
2035 2.17276e-44
2036 1.74131e-44
2037 1.3918e-44
2038 1.10881e-44
2039 8.79794e-45
2040 6.94593e-45
2041 5.44974e-45
2042 4.24267e-45
2043 3.27075e-45
2044 2.49043e-45
2045 1.86663e-45
2046 1.37126e-45
2047 9.81872e-46
