0 2.14616e-93
1 5.63314e-93
2 1.87908e-92
3 4.57788e-92
4 8.8498e-92
5 1.56954e-91
6 2.58312e-91
7 4.14173e-91
8 6.43087e-91
9 9.91028e-91
10 1.63412e-90
11 2.44124e-90
12 3.64555e-90
13 5.44178e-90
14 8.11982e-90
15 1.2111e-89
16 1.80566e-89
17 2.69105e-89
18 4.00897e-89
19 5.96996e-89
20 8.88661e-89
21 1.32229e-88
22 1.96673e-88
23 2.92409e-88
24 4.34572e-88
25 6.45594e-88
26 9.58703e-88
27 1.4231e-87
28 2.11161e-87
29 3.13197e-87
30 4.64353e-87
31 6.88186e-87
32 1.01951e-86
33 1.50973e-86
34 2.2348e-86
35 3.30676e-86
36 4.89095e-86
37 7.2312e-86
38 1.0687e-85
39 1.57879e-85
40 2.33143e-85
41 3.44149e-85
42 5.07805e-85
43 7.48987e-85
44 1.10428e-84
45 1.62745e-84
46 2.39754e-84
47 3.53061e-84
48 5.19709e-84
49 7.64711e-84
50 1.12476e-83
51 1.65368e-83
52 2.43035e-83
53 3.57036e-83
54 5.24304e-83
55 7.69627e-83
56 1.12929e-82
57 1.65636e-82
58 2.42846e-82
59 3.55906e-82
60 5.21394e-82
61 7.63525e-82
62 1.11765e-81
63 1.63538e-81
64 2.39196e-81
65 3.49719e-81
66 5.11104e-81
67 7.46667e-81
68 1.09036e-80
69 1.59163e-80
70 2.32241e-80
71 3.38737e-80
72 4.93871e-80
73 7.19766e-80
74 1.04857e-79
75 1.52696e-79
76 2.22272e-79
77 3.23421e-79
78 4.70413e-79
79 6.83939e-79
80 9.9399e-79
81 1.44402e-78
82 2.09697e-78
83 3.04394e-78
84 4.4168e-78
85 6.40627e-78
86 9.28818e-78
87 1.34611e-77
88 1.95012e-77
89 2.82401e-77
90 4.08787e-77
91 5.91502e-77
92 8.55542e-77
93 1.23695e-76
94 1.78769e-76
95 2.5826e-76
96 3.7295e-76
97 5.38356e-76
98 7.76811e-76
99 1.12044e-75
100 1.61543e-75
101 2.32816e-75
102 3.35403e-75
103 4.82999e-75
104 6.95268e-75
105 1.00043e-74
106 1.43895e-74
107 2.06887e-74
108 2.97335e-74
109 4.27156e-74
110 6.13414e-74
111 8.80537e-74
112 1.26348e-73
113 1.81224e-73
114 2.59831e-73
115 3.72384e-73
116 5.33482e-73
117 7.63966e-73
118 1.09359e-72
119 1.56482e-72
120 2.2382e-72
121 3.20008e-72
122 4.57352e-72
123 6.5338e-72
124 9.33057e-72
125 1.33192e-71
126 1.90053e-71
127 2.7108e-71
128 3.86497e-71
129 5.50837e-71
130 7.84742e-71
131 1.11752e-70
132 1.59079e-70
133 2.26359e-70
134 3.21965e-70
135 4.57769e-70
136 6.50596e-70
137 9.24278e-70
138 1.31257e-69
139 1.86323e-69
140 2.64386e-69
141 3.75005e-69
142 5.31695e-69
143 7.53555e-69
144 1.06757e-68
145 1.51182e-68
146 2.1401e-68
147 3.02827e-68
148 4.28333e-68
149 6.05613e-68
150 8.55926e-68
151 1.20922e-67
152 1.70765e-67
153 2.41057e-67
154 3.40148e-67
155 4.79781e-67
156 6.76465e-67
157 9.53399e-67
158 1.34317e-66
159 1.89153e-66
160 2.66271e-66
161 3.7468e-66
162 5.27016e-66
163 7.40994e-66
164 1.04144e-65
165 1.46311e-65
166 2.0547e-65
167 2.88434e-65
168 4.04736e-65
169 5.67707e-65
170 7.95982e-65
171 1.1156e-64
172 1.56294e-64
173 2.18878e-64
174 3.06401e-64
175 4.2875e-64
176 5.99715e-64
177 8.38519e-64
178 1.17195e-63
179 1.6373e-63
180 2.28654e-63
181 3.19194e-63
182 4.45407e-63
183 6.21279e-63
184 8.66251e-63
185 1.20733e-62
186 1.68205e-62
187 2.34248e-62
188 3.26093e-62
189 4.53767e-62
190 6.31178e-62
191 8.77602e-62
192 1.21975e-61
193 1.69461e-61
194 2.35341e-61
195 3.26702e-61
196 4.53349e-61
197 6.2884e-61
198 8.71917e-61
199 1.20847e-60
200 1.67427e-60
201 2.31869e-60
202 3.20986e-60
203 4.44177e-60
204 6.14403e-60
205 8.49529e-60
206 1.17417e-59
207 1.62221e-59
208 2.24034e-59
209 3.09276e-59
210 4.26782e-59
211 5.88698e-59
212 8.11721e-59
213 1.11879e-58
214 1.5414e-58
215 2.12281e-58
216 2.92236e-58
217 4.02145e-58
218 5.53171e-58
219 7.60611e-58
220 1.04543e-57
221 1.43632e-57
222 1.97259e-57
223 2.708e-57
224 3.7161e-57
225 5.09746e-57
226 6.98952e-57
227 9.58005e-57
228 1.31255e-56
229 1.79759e-56
230 2.46089e-56
231 3.36761e-56
232 4.60657e-56
233 6.29885e-56
234 8.60938e-56
235 1.17628e-55
236 1.60648e-55
237 2.19314e-55
238 2.99286e-55
239 4.08256e-55
240 5.56681e-55
241 7.58765e-55
242 1.0338e-54
243 1.40796e-54
244 1.91678e-54
245 2.60845e-54
246 3.54829e-54
247 4.82485e-54
248 6.55805e-54
249 8.91032e-54
250 1.21015e-53
251 1.6429e-53
252 2.22953e-53
253 3.0244e-53
254 4.10104e-53
255 5.55874e-53
256 7.53157e-53
257 1.02005e-52
258 1.38097e-52
259 1.86886e-52
260 2.5281e-52
261 3.41853e-52
262 4.62075e-52
263 6.24328e-52
264 8.43218e-52
265 1.1384e-51
266 1.5363e-51
267 2.07245e-51
268 2.79461e-51
269 3.76691e-51
270 5.07547e-51
271 6.83588e-51
272 9.20322e-51
273 1.23855e-50
274 1.66615e-50
275 2.24048e-50
276 3.01159e-50
277 4.04648e-50
278 5.43484e-50
279 7.29666e-50
280 9.79237e-50
281 1.31365e-49
282 1.76156e-49
283 2.36126e-49
284 3.16387e-49
285 4.23759e-49
286 5.67345e-49
287 7.59282e-49
288 1.01575e-48
289 1.3583e-48
290 1.81566e-48
291 2.42605e-48
292 3.24035e-48
293 4.32626e-48
294 5.77377e-48
295 7.70255e-48
296 1.02716e-47
297 1.3692e-47
298 1.82441e-47
299 2.43001e-47
300 3.23534e-47
301 4.30585e-47
302 5.7283e-47
303 7.61763e-47
304 1.01261e-46
305 1.34552e-46
306 1.78717e-46
307 2.37285e-46
308 3.14922e-46
309 4.17793e-46
310 5.54048e-46
311 7.34449e-46
312 9.73202e-46
313 1.28906e-45
314 1.70674e-45
315 2.25887e-45
316 2.98843e-45
317 3.95204e-45
318 5.2243e-45
319 6.90338e-45
320 9.11849e-45
321 1.20396e-44
322 1.58902e-44
323 2.09639e-44
324 2.76467e-44
325 3.64454e-44
326 4.80252e-44
327 6.32591e-44
328 8.32923e-44
329 1.09626e-43
330 1.44228e-43
331 1.89677e-43
332 2.49348e-43
333 3.27662e-43
334 4.30401e-43
335 5.65129e-43
336 7.41737e-43
337 9.73149e-43
338 1.27625e-42
339 1.6731e-42
340 2.19247e-42
341 2.87193e-42
342 3.76047e-42
343 4.92196e-42
344 6.43963e-42
345 8.42193e-42
346 1.10101e-41
347 1.43878e-41
348 1.87944e-41
349 2.45409e-41
350 3.20317e-41
351 4.17923e-41
352 5.45055e-41
353 7.10578e-41
354 9.26001e-41
355 1.20625e-40
356 1.5707e-40
357 2.04445e-40
358 2.66003e-40
359 3.45959e-40
360 4.4977e-40
361 5.84499e-40
362 7.59285e-40
363 9.85947e-40
364 1.27976e-39
365 1.66048e-39
366 2.15361e-39
367 2.79207e-39
368 3.61838e-39
369 4.68737e-39
370 6.06977e-39
371 7.85675e-39
372 1.01658e-38
373 1.31482e-38
374 1.69989e-38
375 2.19687e-38
376 2.838e-38
377 3.6648e-38
378 4.73059e-38
379 6.10392e-38
380 7.8728e-38
381 1.01503e-37
382 1.30814e-37
383 1.68523e-37
384 2.17015e-37
385 2.79351e-37
386 3.5945e-37
387 4.62332e-37
388 5.94425e-37
389 7.63956e-37
390 9.81448e-37
391 1.26036e-36
392 1.61789e-36
393 2.07602e-36
394 2.66282e-36
395 3.41414e-36
396 4.3757e-36
397 5.60585e-36
398 7.17899e-36
399 9.18996e-36
400 1.17596e-35
401 1.50417e-35
402 1.92323e-35
403 2.45806e-35
404 3.14038e-35
405 4.01051e-35
406 5.11971e-35
407 6.53308e-35
408 8.33335e-35
409 1.06255e-34
410 1.35427e-34
411 1.72541e-34
412 2.19738e-34
413 2.79734e-34
414 3.55971e-34
415 4.52805e-34
416 5.75754e-34
417 7.31795e-34
418 9.2976e-34
419 1.18081e-33
420 1.49905e-33
421 1.90231e-33
422 2.4131e-33
423 3.05982e-33
424 3.87833e-33
425 4.91385e-33
426 6.2234e-33
427 7.87881e-33
428 9.97062e-33
429 1.26128e-32
430 1.59488e-32
431 2.01592e-32
432 2.54711e-32
433 3.21699e-32
434 4.06143e-32
435 5.12551e-32
436 6.46581e-32
437 8.15336e-32
438 1.02773e-31
439 1.29494e-31
440 1.63097e-31
441 2.0534e-31
442 2.58421e-31
443 3.25095e-31
444 4.0881e-31
445 5.13878e-31
446 6.45695e-31
447 8.11003e-31
448 1.01823e-30
449 1.2779e-30
450 1.60316e-30
451 2.01041e-30
452 2.52012e-30
453 3.15781e-30
454 3.95528e-30
455 4.9522e-30
456 6.19794e-30
457 7.75397e-30
458 9.69682e-30
459 1.21217e-29
460 1.51469e-29
461 1.89197e-29
462 2.36228e-29
463 2.94835e-29
464 3.67835e-29
465 4.58729e-29
466 5.71856e-29
467 7.126e-29
468 8.87633e-29
469 1.10522e-28
470 1.3756e-28
471 1.71146e-28
472 2.12846e-28
473 2.64603e-28
474 3.28816e-28
475 4.08449e-28
476 5.07168e-28
477 6.29497e-28
478 7.81024e-28
479 9.68641e-28
480 1.20085e-27
481 1.48815e-27
482 1.84344e-27
483 2.28266e-27
484 2.82541e-27
485 3.49583e-27
486 4.32362e-27
487 5.34531e-27
488 6.60582e-27
489 8.16035e-27
490 1.00767e-26
491 1.24382e-26
492 1.53471e-26
493 1.89287e-26
494 2.3337e-26
495 2.87606e-26
496 3.54306e-26
497 4.36303e-26
498 5.37064e-26
499 6.60833e-26
500 8.12805e-26
501 9.99331e-26
502 1.22818e-25
503 1.50883e-25
504 1.85289e-25
505 2.2745e-25
506 2.79094e-25
507 3.4233e-25
508 4.19727e-25
509 5.14419e-25
510 6.30226e-25
511 7.71798e-25
512 9.448e-25
513 1.15612e-24
514 1.41416e-24
515 1.7291e-24
516 2.11334e-24
517 2.58195e-24
518 3.15322e-24
519 3.84937e-24
520 4.69736e-24
521 5.7299e-24
522 6.98663e-24
523 8.51565e-24
524 1.03752e-23
525 1.26358e-23
526 1.53829e-23
527 1.87198e-23
528 2.27717e-23
529 2.76895e-23
530 3.36562e-23
531 4.08925e-23
532 4.9665e-23
533 6.02956e-23
534 7.31728e-23
535 8.87651e-23
536 1.07637e-22
537 1.30471e-22
538 1.58085e-22
539 1.91469e-22
540 2.31811e-22
541 2.80542e-22
542 3.39384e-22
543 4.10405e-22
544 4.96093e-22
545 5.99434e-22
546 7.24017e-22
547 8.74148e-22
548 1.05499e-21
549 1.27275e-21
550 1.53485e-21
551 1.85019e-21
552 2.22944e-21
553 2.68537e-21
554 3.23326e-21
555 3.8914e-21
556 4.68166e-21
557 5.63019e-21
558 6.76822e-21
559 8.13308e-21
560 9.76932e-21
561 1.17301e-20
562 1.40789e-20
563 1.68913e-20
564 2.02576e-20
565 2.42851e-20
566 2.91019e-20
567 3.48604e-20
568 4.17418e-20
569 4.99618e-20
570 5.97771e-20
571 7.14924e-20
572 8.547e-20
573 1.0214e-19
574 1.22014e-19
575 1.45696e-19
576 1.73907e-19
577 2.07499e-19
578 2.47481e-19
579 2.95051e-19
580 3.51627e-19
581 4.18885e-19
582 4.98812e-19
583 5.93755e-19
584 7.06491e-19
585 8.40301e-19
586 9.99061e-19
587 1.18735e-18
588 1.41056e-18
589 1.67508e-18
590 1.98842e-18
591 2.35945e-18
592 2.7986e-18
593 3.31818e-18
594 3.93267e-18
595 4.65912e-18
596 5.5176e-18
597 6.53167e-18
598 7.72908e-18
599 9.14239e-18
600 1.08099e-17
601 1.27765e-17
602 1.50949e-17
603 1.7827e-17
604 2.10453e-17
605 2.48348e-17
606 2.92951e-17
607 3.45428e-17
608 4.07146e-17
609 4.79702e-17
610 5.64965e-17
611 6.65121e-17
612 7.82724e-17
613 9.20758e-17
614 1.08271e-16
615 1.27264e-16
616 1.49531e-16
617 1.75623e-16
618 2.06188e-16
619 2.41977e-16
620 2.83867e-16
621 3.32876e-16
622 3.90194e-16
623 4.572e-16
624 5.35503e-16
625 6.26969e-16
626 7.33769e-16
627 8.58424e-16
628 1.00386e-15
629 1.17347e-15
630 1.37121e-15
631 1.60163e-15
632 1.87003e-15
633 2.18255e-15
634 2.5463e-15
635 2.9695e-15
636 3.46168e-15
637 4.03385e-15
638 4.69873e-15
639 5.47105e-15
640 6.36781e-15
641 7.40864e-15
642 8.6162e-15
643 1.00166e-14
644 1.16401e-14
645 1.35214e-14
646 1.57006e-14
647 1.82238e-14
648 2.11441e-14
649 2.45228e-14
650 2.84302e-14
651 3.29472e-14
652 3.81668e-14
653 4.4196e-14
654 5.11574e-14
655 5.91921e-14
656 6.84617e-14
657 7.91518e-14
658 9.14751e-14
659 1.05675e-13
660 1.22032e-13
661 1.40865e-13
662 1.62541e-13
663 1.87478e-13
664 2.16155e-13
665 2.49122e-13
666 2.87003e-13
667 3.30514e-13
668 3.80472e-13
669 4.37809e-13
670 5.03589e-13
671 5.79024e-13
672 6.65496e-13
673 7.64582e-13
674 8.78075e-13
675 1.00802e-12
676 1.15674e-12
677 1.32687e-12
678 1.52143e-12
679 1.74384e-12
680 1.99797e-12
681 2.28823e-12
682 2.61963e-12
683 2.99785e-12
684 3.42932e-12
685 3.92135e-12
686 4.48222e-12
687 5.12129e-12
688 5.84917e-12
689 6.67788e-12
690 7.621e-12
691 8.6939e-12
692 9.91395e-12
693 1.13008e-11
694 1.28765e-11
695 1.46662e-11
696 1.6698e-11
697 1.90039e-11
698 2.16197e-11
699 2.45859e-11
700 2.7948e-11
701 3.17574e-11
702 3.60718e-11
703 4.09562e-11
704 4.64838e-11
705 5.27367e-11
706 5.98071e-11
707 6.77987e-11
708 7.68281e-11
709 8.70257e-11
710 9.8538e-11
711 1.11529e-10
712 1.26184e-10
713 1.42708e-10
714 1.61333e-10
715 1.82316e-10
716 2.05947e-10
717 2.3255e-10
718 2.62487e-10
719 2.9616e-10
720 3.34022e-10
721 3.76576e-10
722 4.24384e-10
723 4.78074e-10
724 5.38344e-10
725 6.05974e-10
726 6.81832e-10
727 7.66885e-10
728 8.62208e-10
729 9.68999e-10
730 1.08859e-09
731 1.22245e-09
732 1.37224e-09
733 1.53978e-09
734 1.72709e-09
735 1.93643e-09
736 2.17029e-09
737 2.43143e-09
738 2.72293e-09
739 3.04817e-09
740 3.41092e-09
741 3.81533e-09
742 4.26602e-09
743 4.76807e-09
744 5.32711e-09
745 5.94936e-09
746 6.64167e-09
747 7.41163e-09
748 8.2676e-09
749 9.2188e-09
750 1.02754e-08
751 1.14486e-08
752 1.27507e-08
753 1.41954e-08
754 1.57975e-08
755 1.75735e-08
756 1.95415e-08
757 2.17213e-08
758 2.41348e-08
759 2.68059e-08
760 2.97609e-08
761 3.30287e-08
762 3.66409e-08
763 4.06322e-08
764 4.50405e-08
765 4.99074e-08
766 5.52785e-08
767 6.12036e-08
768 6.77372e-08
769 7.49387e-08
770 8.28732e-08
771 9.16118e-08
772 1.01232e-07
773 1.11819e-07
774 1.23464e-07
775 1.36268e-07
776 1.50341e-07
777 1.65802e-07
778 1.82781e-07
779 2.0142e-07
780 2.21872e-07
781 2.44305e-07
782 2.689e-07
783 2.95854e-07
784 3.25383e-07
785 3.57718e-07
786 3.93112e-07
787 4.31838e-07
788 4.74193e-07
789 5.20497e-07
790 5.71097e-07
791 6.26371e-07
792 6.86724e-07
793 7.52596e-07
794 8.24462e-07
795 9.02836e-07
796 9.88271e-07
797 1.08137e-06
798 1.18276e-06
799 1.29316e-06
800 1.41331e-06
801 1.54401e-06
802 1.68614e-06
803 1.84062e-06
804 2.00847e-06
805 2.19076e-06
806 2.38866e-06
807 2.60341e-06
808 2.83636e-06
809 3.08893e-06
810 3.36266e-06
811 3.65922e-06
812 3.98036e-06
813 4.32799e-06
814 4.70413e-06
815 5.11094e-06
816 5.55075e-06
817 6.02604e-06
818 6.53945e-06
819 7.09381e-06
820 7.69214e-06
821 8.33766e-06
822 9.03379e-06
823 9.7842e-06
824 1.05928e-05
825 1.14637e-05
826 1.24013e-05
827 1.34103e-05
828 1.44957e-05
829 1.56628e-05
830 1.69172e-05
831 1.82649e-05
832 1.97121e-05
833 2.12657e-05
834 2.29328e-05
835 2.47207e-05
836 2.66376e-05
837 2.86919e-05
838 3.08924e-05
839 3.32486e-05
840 3.57704e-05
841 3.84684e-05
842 4.13536e-05
843 4.44376e-05
844 4.7733e-05
845 5.12525e-05
846 5.50098e-05
847 5.90194e-05
848 6.32964e-05
849 6.78566e-05
850 7.27167e-05
851 7.78942e-05
852 8.34076e-05
853 8.92761e-05
854 9.55198e-05
855 0.00010216
856 0.000109219
857 0.00011672
858 0.000124686
859 0.000133144
860 0.00014212
861 0.000151642
862 0.000161737
863 0.000172437
864 0.000183773
865 0.000195776
866 0.000208481
867 0.000221924
868 0.00023614
869 0.000251169
870 0.000267048
871 0.00028382
872 0.000301527
873 0.000320212
874 0.000339921
875 0.000360701
876 0.000382601
877 0.000405671
878 0.000429963
879 0.00045553
880 0.000482427
881 0.000510712
882 0.000540442
883 0.000571678
884 0.000604481
885 0.000638915
886 0.000675045
887 0.000712937
888 0.00075266
889 0.000794283
890 0.000837879
891 0.000883519
892 0.000931279
893 0.000981234
894 0.00103346
895 0.00108804
896 0.00114505
897 0.00120458
898 0.0012667
899 0.00133149
900 0.00139906
901 0.00146947
902 0.00154282
903 0.00161919
904 0.00169867
905 0.00178136
906 0.00186733
907 0.00195668
908 0.0020495
909 0.00214588
910 0.00224591
911 0.00234967
912 0.00245726
913 0.00256877
914 0.00268428
915 0.00280387
916 0.00292765
917 0.00305568
918 0.00318806
919 0.00332486
920 0.00346617
921 0.00361206
922 0.00376261
923 0.00391789
924 0.00407797
925 0.00424292
926 0.00441281
927 0.00458769
928 0.00476763
929 0.00495267
930 0.00514287
931 0.00533827
932 0.00553891
933 0.00574483
934 0.00595605
935 0.00617262
936 0.00639453
937 0.00662182
938 0.00685449
939 0.00709254
940 0.00733596
941 0.00758475
942 0.00783889
943 0.00809836
944 0.00836311
945 0.00863313
946 0.00890835
947 0.00918872
948 0.00947419
949 0.00976467
950 0.0100601
951 0.0103604
952 0.0106654
953 0.0109751
954 0.0112894
955 0.0116081
956 0.011931
957 0.0122581
958 0.0125893
959 0.0129242
960 0.0132629
961 0.0136051
962 0.0139506
963 0.0142992
964 0.0146508
965 0.0150052
966 0.015362
967 0.0157211
968 0.0160823
969 0.0164453
970 0.0168099
971 0.0171757
972 0.0175427
973 0.0179104
974 0.0182786
975 0.018647
976 0.0190154
977 0.0193834
978 0.0197507
979 0.0201171
980 0.0204822
981 0.0208457
982 0.0212072
983 0.0215666
984 0.0219234
985 0.0222773
986 0.022628
987 0.0229752
988 0.0233185
989 0.0236577
990 0.0239923
991 0.024322
992 0.0246465
993 0.0249656
994 0.0252788
995 0.0255858
996 0.0258864
997 0.0261802
998 0.0264668
999 0.0267461
1000 0.0270177
1001 0.0272812
1002 0.0275365
1003 0.0277832
1004 0.0280211
1005 0.0282499
1006 0.0284693
1007 0.0286791
1008 0.028879
1009 0.0290689
1010 0.0292485
1011 0.0294176
1012 0.0295761
1013 0.0297236
1014 0.0298601
1015 0.0299855
1016 0.0300994
1017 0.0302019
1018 0.0302928
1019 0.030372
1020 0.0304394
1021 0.0304949
1022 0.0305385
1023 0.0305701
1024 0.0305896
1025 0.0305971
1026 0.0305926
1027 0.0305759
1028 0.0305472
1029 0.0305066
1030 0.0304539
1031 0.0303894
1032 0.030313
1033 0.0302249
1034 0.0301252
1035 0.030014
1036 0.0298914
1037 0.0297575
1038 0.0296126
1039 0.0294567
1040 0.0292902
1041 0.029113
1042 0.0289256
1043 0.028728
1044 0.0285205
1045 0.0283033
1046 0.0280767
1047 0.027841
1048 0.0275963
1049 0.027343
1050 0.0270813
1051 0.0268116
1052 0.0265341
1053 0.026249
1054 0.0259569
1055 0.0256578
1056 0.0253522
1057 0.0250403
1058 0.0247225
1059 0.0243992
1060 0.0240705
1061 0.0237369
1062 0.0233987
1063 0.0230562
1064 0.0227098
1065 0.0223598
1066 0.0220064
1067 0.0216501
1068 0.0212912
1069 0.02093
1070 0.0205667
1071 0.0202018
1072 0.0198356
1073 0.0194683
1074 0.0191003
1075 0.0187318
1076 0.0183632
1077 0.0179947
1078 0.0176267
1079 0.0172594
1080 0.0168931
1081 0.016528
1082 0.0161644
1083 0.0158026
1084 0.0154428
1085 0.0150853
1086 0.0147302
1087 0.0143778
1088 0.0140282
1089 0.0136818
1090 0.0133387
1091 0.012999
1092 0.012663
1093 0.0123308
1094 0.0120026
1095 0.0116785
1096 0.0113587
1097 0.0110432
1098 0.0107323
1099 0.0104261
1100 0.0101245
1101 0.00982784
1102 0.00953608
1103 0.00924933
1104 0.00896767
1105 0.00869115
1106 0.00841983
1107 0.00815376
1108 0.00789298
1109 0.00763753
1110 0.00738743
1111 0.0071427
1112 0.00690335
1113 0.00666938
1114 0.00644081
1115 0.00621761
1116 0.00599977
1117 0.00578729
1118 0.00558012
1119 0.00537825
1120 0.00518163
1121 0.00499023
1122 0.00480401
1123 0.0046229
1124 0.00444687
1125 0.00427585
1126 0.00410979
1127 0.00394862
1128 0.00379227
1129 0.00364067
1130 0.00349375
1131 0.00335144
1132 0.00321366
1133 0.00308032
1134 0.00295135
1135 0.00282666
1136 0.00270617
1137 0.0025898
1138 0.00247745
1139 0.00236904
1140 0.00226448
1141 0.00216368
1142 0.00206655
1143 0.001973
1144 0.00188294
1145 0.00179628
1146 0.00171294
1147 0.00163281
1148 0.00155582
1149 0.00148188
1150 0.00141089
1151 0.00134277
1152 0.00127744
1153 0.0012148
1154 0.00115478
1155 0.00109729
1156 0.00104226
1157 0.000989587
1158 0.000939209
1159 0.000891043
1160 0.000845014
1161 0.000801046
1162 0.000759066
1163 0.000719002
1164 0.000680784
1165 0.000644342
1166 0.000609611
1167 0.000576523
1168 0.000545016
1169 0.000515028
1170 0.000486497
1171 0.000459365
1172 0.000433576
1173 0.000409072
1174 0.000385801
1175 0.00036371
1176 0.000342748
1177 0.000322867
1178 0.000304019
1179 0.000286158
1180 0.00026924
1181 0.000253222
1182 0.000238063
1183 0.000223723
1184 0.000210164
1185 0.000197349
1186 0.000185242
1187 0.000173809
1188 0.000163017
1189 0.000152835
1190 0.000143232
1191 0.00013418
1192 0.00012565
1193 0.000117615
1194 0.000110051
1195 0.000102933
1196 9.62374e-05
1197 8.99416e-05
1198 8.40244e-05
1199 7.84655e-05
1200 7.32455e-05
1201 6.83456e-05
1202 6.37484e-05
1203 5.94369e-05
1204 5.53951e-05
1205 5.16078e-05
1206 4.80604e-05
1207 4.47391e-05
1208 4.16309e-05
1209 3.87234e-05
1210 3.60047e-05
1211 3.34636e-05
1212 3.10896e-05
1213 2.88726e-05
1214 2.68031e-05
1215 2.48721e-05
1216 2.30711e-05
1217 2.1392e-05
1218 1.98273e-05
1219 1.83698e-05
1220 1.70127e-05
1221 1.57496e-05
1222 1.45746e-05
1223 1.34819e-05
1224 1.24662e-05
1225 1.15224e-05
1226 1.06459e-05
1227 9.83219e-06
1228 9.07708e-06
1229 8.37664e-06
1230 7.72721e-06
1231 7.1253e-06
1232 6.56768e-06
1233 6.05131e-06
1234 5.57334e-06
1235 5.13109e-06
1236 4.72206e-06
1237 4.34393e-06
1238 3.99449e-06
1239 3.67171e-06
1240 3.37368e-06
1241 3.09862e-06
1242 2.84486e-06
1243 2.61085e-06
1244 2.39514e-06
1245 2.19638e-06
1246 2.01332e-06
1247 1.84479e-06
1248 1.6897e-06
1249 1.54703e-06
1250 1.41585e-06
1251 1.29528e-06
1252 1.18451e-06
1253 1.08279e-06
1254 9.89408e-07
1255 9.03723e-07
1256 8.25133e-07
1257 7.53079e-07
1258 6.87046e-07
1259 6.26555e-07
1260 5.71164e-07
1261 5.20464e-07
1262 4.74077e-07
1263 4.31653e-07
1264 3.92871e-07
1265 3.57431e-07
1266 3.2506e-07
1267 2.95504e-07
1268 2.68529e-07
1269 2.4392e-07
1270 2.21478e-07
1271 2.01022e-07
1272 1.82383e-07
1273 1.65407e-07
1274 1.49952e-07
1275 1.35887e-07
1276 1.23092e-07
1277 1.11458e-07
1278 1.00884e-07
1279 9.12771e-08
1280 8.25522e-08
1281 7.46318e-08
1282 6.74446e-08
1283 6.09254e-08
1284 5.50147e-08
1285 4.96577e-08
1286 4.48046e-08
1287 4.04099e-08
1288 3.64318e-08
1289 3.28323e-08
1290 2.95768e-08
1291 2.66335e-08
1292 2.39736e-08
1293 2.15709e-08
1294 1.94013e-08
1295 1.7443e-08
1296 1.56761e-08
1297 1.40827e-08
1298 1.26462e-08
1299 1.13518e-08
1300 1.01858e-08
1301 9.13598e-09
1302 8.19112e-09
1303 7.34107e-09
1304 6.57663e-09
1305 5.88947e-09
1306 5.27202e-09
1307 4.71743e-09
1308 4.21952e-09
1309 3.77267e-09
1310 3.3718e-09
1311 3.01234e-09
1312 2.69013e-09
1313 2.40144e-09
1314 2.14288e-09
1315 1.9114e-09
1316 1.70426e-09
1317 1.51896e-09
1318 1.35327e-09
1319 1.20518e-09
1320 1.07287e-09
1321 9.5471e-10
1322 8.49226e-10
1323 7.55098e-10
1324 6.71138e-10
1325 5.96277e-10
1326 5.29557e-10
1327 4.70116e-10
1328 4.17182e-10
1329 3.70062e-10
1330 3.28135e-10
1331 2.90842e-10
1332 2.57686e-10
1333 2.28219e-10
1334 2.02042e-10
1335 1.78797e-10
1336 1.58164e-10
1337 1.39856e-10
1338 1.23618e-10
1339 1.09223e-10
1340 9.64656e-11
1341 8.51647e-11
1342 7.51579e-11
1343 6.63006e-11
1344 5.84641e-11
1345 5.15333e-11
1346 4.54063e-11
1347 3.99919e-11
1348 3.52091e-11
1349 3.09861e-11
1350 2.72589e-11
1351 2.39704e-11
1352 2.10704e-11
1353 1.85138e-11
1354 1.62611e-11
1355 1.42768e-11
1356 1.25296e-11
1357 1.0992e-11
1358 9.6392e-12
1359 8.44956e-12
1360 7.40381e-12
1361 6.48492e-12
1362 5.67783e-12
1363 4.96922e-12
1364 4.34732e-12
1365 3.80175e-12
1366 3.32333e-12
1367 2.90397e-12
1368 2.53652e-12
1369 2.21468e-12
1370 1.93292e-12
1371 1.68634e-12
1372 1.47063e-12
1373 1.282e-12
1374 1.11713e-12
1375 9.73077e-13
1376 8.47262e-13
1377 7.37423e-13
1378 6.4157e-13
1379 5.57955e-13
1380 4.85045e-13
1381 4.21496e-13
1382 3.66128e-13
1383 3.17907e-13
1384 2.75928e-13
1385 2.39397e-13
1386 2.07621e-13
1387 1.79991e-13
1388 1.55976e-13
1389 1.35112e-13
1390 1.16992e-13
1391 1.01263e-13
1392 8.76131e-14
1393 7.57735e-14
1394 6.55078e-14
1395 5.66105e-14
1396 4.89023e-14
1397 4.22269e-14
1398 3.64483e-14
1399 3.14481e-14
1400 2.7123e-14
1401 2.33835e-14
1402 2.01517e-14
1403 1.73596e-14
1404 1.49484e-14
1405 1.28671e-14
1406 1.10711e-14
1407 9.5221e-15
1408 8.18656e-15
1409 7.03555e-15
1410 6.04397e-15
1411 5.19009e-15
1412 4.45508e-15
1413 3.82265e-15
1414 3.27869e-15
1415 2.81103e-15
1416 2.40912e-15
1417 2.06385e-15
1418 1.76737e-15
1419 1.51288e-15
1420 1.29452e-15
1421 1.10724e-15
1422 9.46676e-16
1423 8.09077e-16
1424 6.91204e-16
1425 5.9027e-16
1426 5.03876e-16
1427 4.29956e-16
1428 3.66735e-16
1429 3.12686e-16
1430 2.66498e-16
1431 2.27042e-16
1432 1.93351e-16
1433 1.64594e-16
1434 1.40059e-16
1435 1.19134e-16
1436 1.01295e-16
1437 8.6093e-17
1438 7.31435e-17
1439 6.21172e-17
1440 5.27322e-17
1441 4.47475e-17
1442 3.79567e-17
1443 3.21837e-17
1444 2.7278e-17
1445 2.31109e-17
1446 1.95726e-17
1447 1.65694e-17
1448 1.40215e-17
1449 1.18607e-17
1450 1.00289e-17
1451 8.47668e-18
1452 7.16185e-18
1453 6.04857e-18
1454 5.10632e-18
1455 4.30915e-18
1456 3.63498e-18
1457 3.06508e-18
1458 2.5835e-18
1459 2.17672e-18
1460 1.83327e-18
1461 1.54339e-18
1462 1.29884e-18
1463 1.0926e-18
1464 9.18748e-19
1465 7.72252e-19
1466 6.48857e-19
1467 5.44963e-19
1468 4.57523e-19
1469 3.83961e-19
1470 3.22099e-19
1471 2.70096e-19
1472 2.264e-19
1473 1.89698e-19
1474 1.58882e-19
1475 1.3302e-19
1476 1.11323e-19
1477 9.31285e-20
1478 7.78767e-20
1479 6.50969e-20
1480 5.43927e-20
1481 4.54307e-20
1482 3.79303e-20
1483 3.16556e-20
1484 2.64084e-20
1485 2.20223e-20
1486 1.83573e-20
1487 1.52963e-20
1488 1.27406e-20
1489 1.06077e-20
1490 8.82835e-21
1491 7.34458e-21
1492 6.10776e-21
1493 5.0772e-21
1494 4.21886e-21
1495 3.50424e-21
1496 2.90951e-21
1497 2.41476e-21
1498 2.00334e-21
1499 1.66137e-21
1500 1.37722e-21
1501 1.14122e-21
1502 9.45283e-22
1503 7.82677e-22
1504 6.47786e-22
1505 5.3593e-22
1506 4.43213e-22
1507 3.66391e-22
1508 3.02765e-22
1509 2.50088e-22
1510 2.06495e-22
1511 1.70432e-22
1512 1.40612e-22
1513 1.15964e-22
1514 9.55982e-23
1515 7.87779e-23
1516 6.48913e-23
1517 5.34315e-23
1518 4.3978e-23
1519 3.61827e-23
1520 2.97574e-23
1521 2.44634e-23
1522 2.01032e-23
1523 1.65136e-23
1524 1.35596e-23
1525 1.11296e-23
1526 9.13145e-24
1527 7.48906e-24
1528 6.13965e-24
1529 5.03138e-24
1530 4.12153e-24
1531 3.37487e-24
1532 2.76238e-24
1533 2.26016e-24
1534 1.84851e-24
1535 1.51123e-24
1536 1.235e-24
1537 1.00887e-24
1538 8.23811e-25
1539 6.72432e-25
1540 5.48652e-25
1541 4.4748e-25
1542 3.64819e-25
1543 2.9731e-25
1544 2.42197e-25
1545 1.97223e-25
1546 1.60536e-25
1547 1.30621e-25
1548 1.06239e-25
1549 8.6374e-26
1550 7.01955e-26
1551 5.70246e-26
1552 4.63067e-26
1553 3.75883e-26
1554 3.04993e-26
1555 2.47374e-26
1556 2.00561e-26
1557 1.62542e-26
1558 1.31678e-26
1559 1.06632e-26
1560 8.63161e-27
1561 6.98429e-27
1562 5.64911e-27
1563 4.56737e-27
1564 3.6913e-27
1565 2.98209e-27
1566 2.40819e-27
1567 1.94396e-27
1568 1.5686e-27
1569 1.26521e-27
1570 1.0201e-27
1571 8.22147e-28
1572 6.62345e-28
1573 5.33393e-28
1574 4.29376e-28
1575 3.45506e-28
1576 2.77908e-28
1577 2.23447e-28
1578 1.79587e-28
1579 1.44279e-28
1580 1.15867e-28
1581 9.30128e-29
1582 7.4637e-29
1583 5.98678e-29
1584 4.8002e-29
1585 3.84728e-29
1586 3.08231e-29
1587 2.46845e-29
1588 1.97607e-29
1589 1.58127e-29
1590 1.26485e-29
1591 1.01134e-29
1592 8.08326e-30
1593 6.45805e-30
1594 5.15756e-30
1595 4.11732e-30
1596 3.28558e-30
1597 2.62082e-30
1598 2.08973e-30
1599 1.6656e-30
1600 1.32703e-30
1601 1.05686e-30
1602 8.41355e-31
1603 6.6953e-31
1604 5.32585e-31
1605 4.23482e-31
1606 3.36596e-31
1607 2.6743e-31
1608 2.12392e-31
1609 1.68615e-31
1610 1.33807e-31
1611 1.06143e-31
1612 8.41647e-32
1613 6.67109e-32
1614 5.28556e-32
1615 4.18613e-32
1616 3.31407e-32
1617 2.62264e-32
1618 2.07464e-32
1619 1.6405e-32
1620 1.29669e-32
1621 1.02452e-32
1622 8.09163e-33
1623 6.3882e-33
1624 5.04136e-33
1625 3.9769e-33
1626 3.13595e-33
1627 2.47185e-33
1628 1.94761e-33
1629 1.53394e-33
1630 1.20766e-33
1631 9.50399e-34
1632 7.47645e-34
1633 5.87913e-34
1634 4.62123e-34
1635 3.63103e-34
1636 2.85187e-34
1637 2.23901e-34
1638 1.75716e-34
1639 1.37846e-34
1640 1.08094e-34
1641 8.47307e-35
1642 6.63904e-35
1643 5.19993e-35
1644 4.07115e-35
1645 3.18614e-35
1646 2.49252e-35
1647 1.94913e-35
1648 1.5236e-35
1649 1.19049e-35
1650 9.29848e-36
1651 7.25978e-36
1652 5.66582e-36
1653 4.42008e-36
1654 3.44686e-36
1655 2.68687e-36
1656 2.09361e-36
1657 1.63069e-36
1658 1.26963e-36
1659 9.88115e-37
1660 7.68717e-37
1661 5.97796e-37
1662 4.64693e-37
1663 3.61084e-37
1664 2.80464e-37
1665 2.17757e-37
1666 1.69004e-37
1667 1.31113e-37
1668 1.01678e-37
1669 7.88191e-38
1670 6.10751e-38
1671 4.7307e-38
1672 3.6628e-38
1673 2.83484e-38
1674 2.19317e-38
1675 1.69606e-38
1676 1.31111e-38
1677 1.01313e-38
1678 7.82558e-39
1679 6.04222e-39
1680 4.66341e-39
1681 3.59781e-39
1682 2.7746e-39
1683 2.1389e-39
1684 1.64819e-39
1685 1.26955e-39
1686 9.77512e-40
1687 7.52352e-40
1688 5.78825e-40
1689 4.45144e-40
1690 3.42201e-40
1691 2.6296e-40
1692 2.01988e-40
1693 1.55092e-40
1694 1.19036e-40
1695 9.13265e-41
1696 7.00393e-41
1697 5.36926e-41
1698 4.11447e-41
1699 3.15167e-41
1700 2.41321e-41
1701 1.84705e-41
1702 1.41315e-41
1703 1.08075e-41
1704 8.26204e-42
1705 6.31362e-42
1706 4.82277e-42
1707 3.6825e-42
1708 2.81071e-42
1709 2.14445e-42
1710 1.63547e-42
1711 1.24681e-42
1712 9.50126e-43
1713 7.23754e-43
1714 5.51097e-43
1715 4.19462e-43
1716 3.19142e-43
1717 2.42718e-43
1718 1.84522e-43
1719 1.40224e-43
1720 1.06518e-43
1721 8.08819e-44
1722 6.13913e-44
1723 4.65789e-44
1724 3.53264e-44
1725 2.67816e-44
1726 2.02956e-44
1727 1.53742e-44
1728 1.16416e-44
1729 8.81167e-45
1730 6.66702e-45
1731 5.04235e-45
1732 3.81207e-45
1733 2.88082e-45
1734 2.1762e-45
1735 1.64327e-45
1736 1.24035e-45
1737 9.35858e-46
1738 7.05833e-46
1739 5.32134e-46
1740 4.01021e-46
1741 3.02093e-46
1742 2.27479e-46
1743 1.71226e-46
1744 1.28832e-46
1745 9.68961e-47
1746 7.28477e-47
1747 5.4746e-47
1748 4.1126e-47
1749 3.08822e-47
1750 2.31807e-47
1751 1.73929e-47
1752 1.3045e-47
1753 9.78014e-48
1754 7.32946e-48
1755 5.49069e-48
1756 4.11158e-48
1757 3.07764e-48
1758 2.30279e-48
1759 1.72233e-48
1760 1.28768e-48
1761 9.62333e-49
1762 7.18903e-49
1763 5.36837e-49
1764 4.00721e-49
1765 2.98998e-49
1766 2.23009e-49
1767 1.66266e-49
1768 1.23911e-49
1769 9.23095e-50
1770 6.87399e-50
1771 5.1168e-50
1772 3.80728e-50
1773 2.83178e-50
1774 2.10538e-50
1775 1.56469e-50
1776 1.16239e-50
1777 8.6319e-51
1778 6.40746e-51
1779 4.75437e-51
1780 3.52636e-51
1781 2.6145e-51
1782 1.93766e-51
1783 1.43546e-51
1784 1.063e-51
1785 7.86873e-52
1786 5.82239e-52
1787 4.30651e-52
1788 3.18403e-52
1789 2.35318e-52
1790 1.73844e-52
1791 1.28379e-52
1792 9.47661e-53
1793 6.99262e-53
1794 5.15767e-53
1795 3.80272e-53
1796 2.80261e-53
1797 2.06471e-53
1798 1.52048e-53
1799 1.11926e-53
1800 8.23582e-54
1801 6.05774e-54
1802 4.45391e-54
1803 3.2734e-54
1804 2.40483e-54
1805 1.76602e-54
1806 1.29639e-54
1807 9.51267e-55
1808 6.97744e-55
1809 5.11583e-55
1810 3.74942e-55
1811 2.74687e-55
1812 2.01159e-55
1813 1.47255e-55
1814 1.07752e-55
1815 7.88149e-56
1816 5.7626e-56
1817 4.21168e-56
1818 3.07695e-56
1819 2.24704e-56
1820 1.64032e-56
1821 1.19695e-56
1822 8.73067e-57
1823 6.36572e-57
1824 4.63953e-57
1825 3.38008e-57
1826 2.46155e-57
1827 1.79191e-57
1828 1.30392e-57
1829 9.48447e-58
1830 6.89607e-58
1831 5.01208e-58
1832 3.64134e-58
1833 2.64442e-58
1834 1.91968e-58
1835 1.393e-58
1836 1.01042e-58
1837 7.32625e-59
1838 5.3099e-59
1839 3.84697e-59
1840 2.78598e-59
1841 2.01681e-59
1842 1.45941e-59
1843 1.05565e-59
1844 7.63283e-60
1845 5.51671e-60
1846 3.98567e-60
1847 2.87839e-60
1848 2.0779e-60
1849 1.49943e-60
1850 1.08158e-60
1851 7.79854e-61
1852 5.62078e-61
1853 4.04955e-61
1854 2.91638e-61
1855 2.09947e-61
1856 1.51078e-61
1857 1.08672e-61
1858 7.81384e-62
1859 5.61612e-62
1860 4.03493e-62
1861 2.89776e-62
1862 2.08025e-62
1863 1.49278e-62
1864 1.07079e-62
1865 7.67781e-63
1866 5.50299e-63
1867 3.94264e-63
1868 2.82359e-63
1869 2.02136e-63
1870 1.44648e-63
1871 1.03469e-63
1872 7.39831e-64
1873 5.28789e-64
1874 3.77798e-64
1875 2.69813e-64
1876 1.92617e-64
1877 1.37452e-64
1878 9.80475e-65
1879 6.99114e-65
1880 4.98295e-65
1881 3.5502e-65
1882 2.52839e-65
1883 1.79997e-65
1884 1.28089e-65
1885 9.11138e-66
1886 6.47865e-66
1887 4.60481e-66
1888 3.27164e-66
1889 2.32352e-66
1890 1.64951e-66
1891 1.17055e-66
1892 8.30331e-67
1893 5.88763e-67
1894 4.17307e-67
1895 2.95664e-67
1896 2.09396e-67
1897 1.4824e-67
1898 1.04903e-67
1899 7.42058e-68
1900 5.24705e-68
1901 3.70868e-68
1902 2.6203e-68
1903 1.85058e-68
1904 1.30645e-68
1905 9.21944e-69
1906 6.50344e-69
1907 4.58573e-69
1908 3.23222e-69
1909 2.2773e-69
1910 1.60386e-69
1911 1.12912e-69
1912 7.94583e-70
1913 5.58941e-70
1914 3.93025e-70
1915 2.76249e-70
1916 1.94092e-70
1917 1.36315e-70
1918 9.56981e-71
1919 6.7157e-71
1920 4.71093e-71
1921 3.3033e-71
1922 2.31535e-71
1923 1.62223e-71
1924 1.13615e-71
1925 7.95397e-72
1926 5.56622e-72
1927 3.89371e-72
1928 2.72266e-72
1929 1.90305e-72
1930 1.32964e-72
1931 9.28632e-73
1932 6.48308e-73
1933 4.52424e-73
1934 3.15599e-73
1935 2.20067e-73
1936 1.53391e-73
1937 1.06874e-73
1938 7.44335e-74
1939 5.18196e-74
1940 3.60617e-74
1941 2.50856e-74
1942 1.74434e-74
1943 1.21245e-74
1944 8.42408e-75
1945 5.85071e-75
1946 4.06183e-75
1947 2.81878e-75
1948 1.95537e-75
1949 1.35588e-75
1950 9.39814e-76
1951 6.51162e-76
1952 4.50986e-76
1953 3.12222e-76
1954 2.16069e-76
1955 1.49467e-76
1956 1.03354e-76
1957 7.1439e-77
1958 4.93594e-77
1959 3.40904e-77
1960 2.35353e-77
1961 1.62419e-77
1962 1.12041e-77
1963 7.72585e-78
1964 5.32528e-78
1965 3.66914e-78
1966 2.52705e-78
1967 1.73976e-78
1968 1.19727e-78
1969 8.23612e-79
1970 5.66342e-79
1971 3.8928e-79
1972 2.67468e-79
1973 1.837e-79
1974 1.26117e-79
1975 8.65492e-80
1976 5.93718e-80
1977 4.07121e-80
1978 2.79058e-80
1979 1.91202e-80
1980 1.30953e-80
1981 8.96535e-81
1982 6.13543e-81
1983 4.1971e-81
1984 2.86999e-81
1985 1.96173e-81
1986 1.34037e-81
1987 9.15452e-82
1988 6.24991e-82
1989 4.2652e-82
1990 2.90958e-82
1991 1.98404e-82
1992 1.35237e-82
1993 9.21441e-83
1994 6.27576e-83
1995 4.2726e-83
1996 2.90766e-83
1997 1.97799e-83
1998 1.34502e-83
1999 9.14244e-84
2000 6.21186e-84
2001 4.21898e-84
2002 2.86431e-84
2003 1.94384e-84
2004 1.31864e-84
2005 8.94169e-85
2006 6.06094e-85
2007 4.10664e-85
2008 2.78138e-85
2009 1.88304e-85
2010 1.27434e-85
2011 8.62065e-86
2012 5.82935e-86
2013 3.94028e-86
2014 2.66232e-86
2015 1.79813e-86
2016 1.21397e-86
2017 8.19261e-87
2018 5.52666e-87
2019 3.72675e-87
2020 2.51203e-87
2021 1.69256e-87
2022 1.13997e-87
2023 7.67479e-88
2024 5.16497e-88
2025 3.47452e-88
2026 2.33641e-88
2027 1.57047e-88
2028 1.05521e-88
2029 7.08716e-89
2030 4.7581e-89
2031 3.19316e-89
2032 2.14208e-89
2033 1.43641e-89
2034 9.6282e-90
2035 6.45119e-90
2036 4.32077e-90
2037 2.89274e-90
2038 1.83623e-90
2039 1.21137e-90
2040 7.86847e-91
2041 5.08446e-91
2042 3.19354e-91
2043 1.96429e-91
2044 1.13565e-91
2045 6.12758e-92
2046 2.7698e-92
2047 9.6803e-93
