0 9.23704e-32
1 8.37094e-32
2 7.65809e-32
3 7.07928e-32
4 6.617e-32
5 6.26073e-32
6 6.00094e-32
7 5.8296e-32
8 5.74297e-32
9 5.73908e-32
10 5.81557e-32
11 5.97425e-32
12 6.22159e-32
13 6.55954e-32
14 6.99814e-32
15 7.55029e-32
16 8.22568e-32
17 9.04399e-32
18 1.00226e-31
19 1.11863e-31
20 1.25644e-31
21 1.419e-31
22 1.61029e-31
23 1.83443e-31
24 2.09724e-31
25 2.40524e-31
26 2.76521e-31
27 3.18607e-31
28 3.67828e-31
29 4.25195e-31
30 4.92143e-31
31 5.70296e-31
32 6.61414e-31
33 7.67638e-31
34 8.91462e-31
35 1.03576e-30
36 1.20376e-30
37 1.3995e-30
38 1.62728e-30
39 1.89242e-30
40 2.20112e-30
41 2.56019e-30
42 2.97768e-30
43 3.46326e-30
44 4.02808e-30
45 4.68425e-30
46 5.44683e-30
47 6.33286e-30
48 7.3621e-30
49 8.55751e-30
50 9.94516e-30
51 1.15562e-29
52 1.34255e-29
53 1.55946e-29
54 1.81117e-29
55 2.10295e-29
56 2.44146e-29
57 2.83383e-29
58 3.28847e-29
59 3.81563e-29
60 4.42592e-29
61 5.13295e-29
62 5.95179e-29
63 6.89972e-29
64 7.99712e-29
65 9.26675e-29
66 1.07363e-28
67 1.24357e-28
68 1.44016e-28
69 1.66748e-28
70 1.93022e-28
71 2.23388e-28
72 2.58466e-28
73 2.99011e-28
74 3.45836e-28
75 3.99893e-28
76 4.62317e-28
77 5.34361e-28
78 6.17478e-28
79 7.13417e-28
80 8.24087e-28
81 9.517e-28
82 1.09886e-27
83 1.26847e-27
84 1.46395e-27
85 1.68921e-27
86 1.94875e-27
87 2.24763e-27
88 2.59175e-27
89 2.98802e-27
90 3.44417e-27
91 3.96904e-27
92 4.57287e-27
93 5.26762e-27
94 6.0665e-27
95 6.98502e-27
96 8.04109e-27
97 9.2546e-27
98 1.06491e-26
99 1.22513e-26
100 1.40912e-26
101 1.62042e-26
102 1.86301e-26
103 2.14145e-26
104 2.461e-26
105 2.8276e-26
106 3.24815e-26
107 3.73045e-26
108 4.28343e-26
109 4.91733e-26
110 5.64383e-26
111 6.4763e-26
112 7.42991e-26
113 8.52222e-26
114 9.77302e-26
115 1.12049e-25
116 1.28439e-25
117 1.47195e-25
118 1.68653e-25
119 1.93198e-25
120 2.21269e-25
121 2.53362e-25
122 2.90051e-25
123 3.31981e-25
124 3.79888e-25
125 4.34619e-25
126 4.97126e-25
127 5.68506e-25
128 6.49994e-25
129 7.43e-25
130 8.49137e-25
131 9.70224e-25
132 1.10835e-24
133 1.26587e-24
134 1.44547e-24
135 1.65019e-24
136 1.8835e-24
137 2.14937e-24
138 2.45224e-24
139 2.79717e-24
140 3.18997e-24
141 3.63714e-24
142 4.14612e-24
143 4.72534e-24
144 5.38434e-24
145 6.13394e-24
146 6.98643e-24
147 7.95571e-24
148 9.05755e-24
149 1.03098e-23
150 1.17328e-23
151 1.33492e-23
152 1.51853e-23
153 1.72701e-23
154 1.96371e-23
155 2.23238e-23
156 2.53725e-23
157 2.88317e-23
158 3.27555e-23
159 3.72054e-23
160 4.22509e-23
161 4.79703e-23
162 5.44525e-23
163 6.17976e-23
164 7.01184e-23
165 7.95427e-23
166 9.02145e-23
167 1.02296e-22
168 1.15971e-22
169 1.31446e-22
170 1.48955e-22
171 1.68759e-22
172 1.91156e-22
173 2.1648e-22
174 2.45106e-22
175 2.77457e-22
176 3.14012e-22
177 3.55308e-22
178 4.01948e-22
179 4.54614e-22
180 5.14073e-22
181 5.81183e-22
182 6.56915e-22
183 7.42358e-22
184 8.38736e-22
185 9.47426e-22
186 1.06997e-21
187 1.20812e-21
188 1.36381e-21
189 1.53924e-21
190 1.73687e-21
191 1.95947e-21
192 2.21012e-21
193 2.49232e-21
194 2.80996e-21
195 3.16741e-21
196 3.56958e-21
197 4.02198e-21
198 4.53076e-21
199 5.10284e-21
200 5.74594e-21
201 6.46874e-21
202 7.28093e-21
203 8.19338e-21
204 9.21826e-21
205 1.03692e-20
206 1.16613e-20
207 1.31117e-20
208 1.47394e-20
209 1.65657e-20
210 1.86144e-20
211 2.09121e-20
212 2.34884e-20
213 2.63766e-20
214 2.96136e-20
215 3.3241e-20
216 3.73047e-20
217 4.18564e-20
218 4.69536e-20
219 5.26603e-20
220 5.90481e-20
221 6.61967e-20
222 7.41951e-20
223 8.31422e-20
224 9.31484e-20
225 1.04337e-19
226 1.16844e-19
227 1.30823e-19
228 1.46443e-19
229 1.63894e-19
230 1.83385e-19
231 2.0515e-19
232 2.2945e-19
233 2.56574e-19
234 2.86843e-19
235 3.20615e-19
236 3.58288e-19
237 4.00303e-19
238 4.4715e-19
239 4.99375e-19
240 5.57581e-19
241 6.22441e-19
242 6.94699e-19
243 7.75184e-19
244 8.64811e-19
245 9.646e-19
246 1.07568e-18
247 1.1993e-18
248 1.33684e-18
249 1.48985e-18
250 1.66003e-18
251 1.84926e-18
252 2.05964e-18
253 2.29347e-18
254 2.55332e-18
255 2.84203e-18
256 3.16272e-18
257 3.51886e-18
258 3.91431e-18
259 4.35328e-18
260 4.84049e-18
261 5.3811e-18
262 5.98086e-18
263 6.64607e-18
264 7.38375e-18
265 8.20159e-18
266 9.10813e-18
267 1.01128e-17
268 1.12258e-17
269 1.24589e-17
270 1.38244e-17
271 1.53364e-17
272 1.70102e-17
273 1.88627e-17
274 2.09126e-17
275 2.31803e-17
276 2.56886e-17
277 2.84622e-17
278 3.15287e-17
279 3.49181e-17
280 3.86637e-17
281 4.28021e-17
282 4.73733e-17
283 5.24216e-17
284 5.79956e-17
285 6.41487e-17
286 7.09395e-17
287 7.84326e-17
288 8.66988e-17
289 9.58159e-17
290 1.05869e-16
291 1.16953e-16
292 1.29169e-16
293 1.42632e-16
294 1.57465e-16
295 1.73803e-16
296 1.91797e-16
297 2.11609e-16
298 2.33419e-16
299 2.57423e-16
300 2.83836e-16
301 3.12895e-16
302 3.44857e-16
303 3.80005e-16
304 4.18649e-16
305 4.61128e-16
306 5.07812e-16
307 5.59108e-16
308 6.15459e-16
309 6.7735e-16
310 7.45313e-16
311 8.19928e-16
312 9.01828e-16
313 9.91707e-16
314 1.09032e-15
315 1.1985e-15
316 1.31713e-15
317 1.44722e-15
318 1.58983e-15
319 1.74614e-15
320 1.91742e-15
321 2.10508e-15
322 2.31062e-15
323 2.53571e-15
324 2.78216e-15
325 3.05193e-15
326 3.34717e-15
327 3.67021e-15
328 4.0236e-15
329 4.41009e-15
330 4.8327e-15
331 5.2947e-15
332 5.79966e-15
333 6.35144e-15
334 6.95425e-15
335 7.61268e-15
336 8.33168e-15
337 9.11667e-15
338 9.97351e-15
339 1.09086e-14
340 1.19287e-14
341 1.30416e-14
342 1.42552e-14
343 1.55784e-14
344 1.70209e-14
345 1.85929e-14
346 2.03058e-14
347 2.21719e-14
348 2.42042e-14
349 2.64173e-14
350 2.88266e-14
351 3.1449e-14
352 3.43027e-14
353 3.74075e-14
354 4.07848e-14
355 4.44577e-14
356 4.84513e-14
357 5.27926e-14
358 5.7511e-14
359 6.26381e-14
360 6.82083e-14
361 7.42585e-14
362 8.08289e-14
363 8.79627e-14
364 9.57067e-14
365 1.04111e-13
366 1.13231e-13
367 1.23125e-13
368 1.33857e-13
369 1.45494e-13
370 1.58112e-13
371 1.7179e-13
372 1.86614e-13
373 2.02677e-13
374 2.20079e-13
375 2.38927e-13
376 2.59338e-13
377 2.81436e-13
378 3.05357e-13
379 3.31245e-13
380 3.59256e-13
381 3.89557e-13
382 4.2233e-13
383 4.57768e-13
384 4.9608e-13
385 5.3749e-13
386 5.82238e-13
387 6.30583e-13
388 6.82803e-13
389 7.39196e-13
390 8.00081e-13
391 8.65803e-13
392 9.36728e-13
393 1.01325e-12
394 1.0958e-12
395 1.18482e-12
396 1.28081e-12
397 1.38427e-12
398 1.49578e-12
399 1.61593e-12
400 1.74535e-12
401 1.88473e-12
402 2.03481e-12
403 2.19637e-12
404 2.37025e-12
405 2.55734e-12
406 2.7586e-12
407 2.97506e-12
408 3.20781e-12
409 3.45803e-12
410 3.72697e-12
411 4.01596e-12
412 4.32643e-12
413 4.65991e-12
414 5.01803e-12
415 5.40252e-12
416 5.81526e-12
417 6.2582e-12
418 6.73348e-12
419 7.24335e-12
420 7.79022e-12
421 8.37665e-12
422 9.00539e-12
423 9.67935e-12
424 1.04017e-11
425 1.11756e-11
426 1.20048e-11
427 1.28929e-11
428 1.3844e-11
429 1.48624e-11
430 1.59526e-11
431 1.71194e-11
432 1.8368e-11
433 1.97039e-11
434 2.1133e-11
435 2.26614e-11
436 2.42957e-11
437 2.60429e-11
438 2.79106e-11
439 2.99065e-11
440 3.20391e-11
441 3.43172e-11
442 3.67505e-11
443 3.93487e-11
444 4.21227e-11
445 4.50836e-11
446 4.82434e-11
447 5.16148e-11
448 5.5211e-11
449 5.90464e-11
450 6.31357e-11
451 6.7495e-11
452 7.21409e-11
453 7.70912e-11
454 8.23644e-11
455 8.79805e-11
456 9.39603e-11
457 1.00326e-10
458 1.071e-10
459 1.14308e-10
460 1.21974e-10
461 1.30128e-10
462 1.38796e-10
463 1.4801e-10
464 1.578e-10
465 1.68202e-10
466 1.79249e-10
467 1.9098e-10
468 2.03434e-10
469 2.1665e-10
470 2.30674e-10
471 2.4555e-10
472 2.61327e-10
473 2.78055e-10
474 2.95786e-10
475 3.14578e-10
476 3.34489e-10
477 3.5558e-10
478 3.77917e-10
479 4.01568e-10
480 4.26604e-10
481 4.53103e-10
482 4.81142e-10
483 5.10806e-10
484 5.42182e-10
485 5.75364e-10
486 6.10448e-10
487 6.47537e-10
488 6.86738e-10
489 7.28165e-10
490 7.71936e-10
491 8.18176e-10
492 8.67017e-10
493 9.18597e-10
494 9.7306e-10
495 1.03056e-09
496 1.09126e-09
497 1.15532e-09
498 1.22292e-09
499 1.29424e-09
500 1.36949e-09
501 1.44886e-09
502 1.53257e-09
503 1.62083e-09
504 1.71389e-09
505 1.812e-09
506 1.9154e-09
507 2.02436e-09
508 2.13917e-09
509 2.26011e-09
510 2.38751e-09
511 2.52166e-09
512 2.66291e-09
513 2.8116e-09
514 2.96809e-09
515 3.13276e-09
516 3.306e-09
517 3.48821e-09
518 3.67981e-09
519 3.88124e-09
520 4.09296e-09
521 4.31543e-09
522 4.54914e-09
523 4.79459e-09
524 5.05229e-09
525 5.3228e-09
526 5.60665e-09
527 5.90442e-09
528 6.2167e-09
529 6.5441e-09
530 6.88724e-09
531 7.24677e-09
532 7.62335e-09
533 8.01765e-09
534 8.43039e-09
535 8.86229e-09
536 9.31407e-09
537 9.78652e-09
538 1.02804e-08
539 1.07965e-08
540 1.13357e-08
541 1.18988e-08
542 1.24867e-08
543 1.31003e-08
544 1.37405e-08
545 1.44083e-08
546 1.51046e-08
547 1.58305e-08
548 1.6587e-08
549 1.73752e-08
550 1.81962e-08
551 1.90511e-08
552 1.99411e-08
553 2.08675e-08
554 2.18316e-08
555 2.28346e-08
556 2.3878e-08
557 2.49631e-08
558 2.60915e-08
559 2.72647e-08
560 2.84844e-08
561 2.97521e-08
562 3.10698e-08
563 3.24391e-08
564 3.38621e-08
565 3.53406e-08
566 3.68769e-08
567 3.8473e-08
568 4.01312e-08
569 4.1854e-08
570 4.36438e-08
571 4.55031e-08
572 4.74347e-08
573 4.94413e-08
574 5.1526e-08
575 5.36916e-08
576 5.59415e-08
577 5.82787e-08
578 6.07068e-08
579 6.32293e-08
580 6.58497e-08
581 6.85719e-08
582 7.13997e-08
583 7.43371e-08
584 7.73882e-08
585 8.05571e-08
586 8.38481e-08
587 8.72657e-08
588 9.08142e-08
589 9.44983e-08
590 9.83224e-08
591 1.02291e-07
592 1.0641e-07
593 1.10682e-07
594 1.15113e-07
595 1.19708e-07
596 1.24471e-07
597 1.29406e-07
598 1.34519e-07
599 1.39814e-07
600 1.45296e-07
601 1.50968e-07
602 1.56834e-07
603 1.629e-07
604 1.69167e-07
605 1.75641e-07
606 1.82325e-07
607 1.89221e-07
608 1.96333e-07
609 2.03662e-07
610 2.11212e-07
611 2.18984e-07
612 2.26981e-07
613 2.35202e-07
614 2.4365e-07
615 2.52324e-07
616 2.61225e-07
617 2.70353e-07
618 2.79707e-07
619 2.89286e-07
620 2.99089e-07
621 3.09114e-07
622 3.19359e-07
623 3.29823e-07
624 3.40501e-07
625 3.51392e-07
626 3.62492e-07
627 3.73798e-07
628 3.85306e-07
629 3.97012e-07
630 4.08914e-07
631 4.21007e-07
632 4.33288e-07
633 4.45752e-07
634 4.58397e-07
635 4.7122e-07
636 4.84218e-07
637 4.97388e-07
638 5.10729e-07
639 5.24239e-07
640 5.37918e-07
641 5.51765e-07
642 5.65783e-07
643 5.79973e-07
644 5.94339e-07
645 6.08883e-07
646 6.23613e-07
647 6.38534e-07
648 6.53655e-07
649 6.68986e-07
650 6.84538e-07
651 7.00324e-07
652 7.16358e-07
653 7.32657e-07
654 7.4924e-07
655 7.66126e-07
656 7.83337e-07
657 8.00898e-07
658 8.18834e-07
659 8.37173e-07
660 8.55945e-07
661 8.75181e-07
662 8.94915e-07
663 9.15182e-07
664 9.36018e-07
665 9.57462e-07
666 9.79553e-07
667 1.00233e-06
668 1.02584e-06
669 1.05013e-06
670 1.07523e-06
671 1.1012e-06
672 1.12807e-06
673 1.1559e-06
674 1.18472e-06
675 1.21458e-06
676 1.24553e-06
677 1.27761e-06
678 1.31085e-06
679 1.34531e-06
680 1.381e-06
681 1.41798e-06
682 1.45627e-06
683 1.49591e-06
684 1.5369e-06
685 1.57929e-06
686 1.62308e-06
687 1.66829e-06
688 1.71492e-06
689 1.76297e-06
690 1.81245e-06
691 1.86333e-06
692 1.9156e-06
693 1.96925e-06
694 2.02423e-06
695 2.0805e-06
696 2.13803e-06
697 2.19674e-06
698 2.2566e-06
699 2.31751e-06
700 2.3794e-06
701 2.44218e-06
702 2.50575e-06
703 2.57001e-06
704 2.63484e-06
705 2.70012e-06
706 2.76571e-06
707 2.83147e-06
708 2.89726e-06
709 2.96292e-06
710 3.02829e-06
711 3.09319e-06
712 3.15744e-06
713 3.22086e-06
714 3.28326e-06
715 3.34445e-06
716 3.40423e-06
717 3.46239e-06
718 3.51873e-06
719 3.57303e-06
720 3.6251e-06
721 3.67472e-06
722 3.72169e-06
723 3.76579e-06
724 3.80682e-06
725 3.84458e-06
726 3.87888e-06
727 3.90953e-06
728 3.93634e-06
729 3.95914e-06
730 3.97777e-06
731 3.99208e-06
732 4.00191e-06
733 4.00715e-06
734 4.00768e-06
735 4.0034e-06
736 3.99423e-06
737 3.98011e-06
738 3.96099e-06
739 3.93684e-06
740 3.90766e-06
741 3.87348e-06
742 3.83432e-06
743 3.79026e-06
744 3.74138e-06
745 3.68779e-06
746 3.62965e-06
747 3.56711e-06
748 3.50036e-06
749 3.42963e-06
750 3.35516e-06
751 3.27724e-06
752 3.19616e-06
753 3.11225e-06
754 3.02587e-06
755 2.93742e-06
756 2.8473e-06
757 2.75595e-06
758 2.66384e-06
759 2.57146e-06
760 2.47933e-06
761 2.38798e-06
762 2.29798e-06
763 2.20991e-06
764 2.12438e-06
765 2.042e-06
766 1.96342e-06
767 1.88929e-06
768 1.82028e-06
769 1.75708e-06
770 1.70037e-06
771 1.65086e-06
772 1.60926e-06
773 1.57628e-06
774 1.55264e-06
775 1.53904e-06
776 1.53622e-06
777 1.54488e-06
778 1.56572e-06
779 1.59944e-06
780 1.64673e-06
781 1.70826e-06
782 1.78468e-06
783 1.87665e-06
784 1.98478e-06
785 2.10966e-06
786 2.25189e-06
787 2.412e-06
788 2.59052e-06
789 2.78795e-06
790 3.00474e-06
791 3.24132e-06
792 3.49809e-06
793 3.7754e-06
794 4.07357e-06
795 4.39289e-06
796 4.73359e-06
797 5.09587e-06
798 5.4799e-06
799 5.88578e-06
800 6.31358e-06
801 6.76333e-06
802 7.23503e-06
803 7.7286e-06
804 8.24395e-06
805 8.78093e-06
806 9.33935e-06
807 9.91897e-06
808 1.05195e-05
809 1.11407e-05
810 1.17822e-05
811 1.24435e-05
812 1.31243e-05
813 1.38241e-05
814 1.45424e-05
815 1.52787e-05
816 1.60325e-05
817 1.68031e-05
818 1.75899e-05
819 1.83924e-05
820 1.921e-05
821 2.00419e-05
822 2.08875e-05
823 2.17461e-05
824 2.26172e-05
825 2.34999e-05
826 2.43936e-05
827 2.52978e-05
828 2.62116e-05
829 2.71345e-05
830 2.80659e-05
831 2.90052e-05
832 2.99517e-05
833 3.0905e-05
834 3.18646e-05
835 3.28299e-05
836 3.38006e-05
837 3.47762e-05
838 3.57565e-05
839 3.67411e-05
840 3.77299e-05
841 3.87227e-05
842 3.97194e-05
843 4.072e-05
844 4.17245e-05
845 4.27331e-05
846 4.37459e-05
847 4.47634e-05
848 4.57858e-05
849 4.68136e-05
850 4.78474e-05
851 4.88879e-05
852 4.99359e-05
853 5.09921e-05
854 5.20576e-05
855 5.31334e-05
856 5.42208e-05
857 5.5321e-05
858 5.64354e-05
859 5.75656e-05
860 5.87132e-05
861 5.988e-05
862 6.10678e-05
863 6.22787e-05
864 6.35148e-05
865 6.47783e-05
866 6.60716e-05
867 6.73972e-05
868 6.87577e-05
869 7.01559e-05
870 7.15946e-05
871 7.30768e-05
872 7.46056e-05
873 7.61843e-05
874 7.78162e-05
875 7.95048e-05
876 8.12538e-05
877 8.30669e-05
878 8.49478e-05
879 8.69006e-05
880 8.89294e-05
881 9.10384e-05
882 9.32318e-05
883 9.55142e-05
884 9.78901e-05
885 0.000100364
886 0.000102941
887 0.000105626
888 0.000108423
889 0.000111339
890 0.000114377
891 0.000117544
892 0.000120844
893 0.000124284
894 0.000127868
895 0.000131604
896 0.000135495
897 0.000139548
898 0.00014377
899 0.000148166
900 0.000152742
901 0.000157505
902 0.00016246
903 0.000167614
904 0.000172975
905 0.000178547
906 0.000184338
907 0.000190354
908 0.000196603
909 0.000203091
910 0.000209824
911 0.000216811
912 0.000224057
913 0.000231571
914 0.000239358
915 0.000247427
916 0.000255785
917 0.000264439
918 0.000273396
919 0.000282665
920 0.000292252
921 0.000302165
922 0.000312411
923 0.000323
924 0.000333937
925 0.000345232
926 0.000356892
927 0.000368925
928 0.000381338
929 0.000394141
930 0.000407341
931 0.000420946
932 0.000434965
933 0.000449406
934 0.000464277
935 0.000479586
936 0.000495343
937 0.000511555
938 0.000528231
939 0.000545379
940 0.000563009
941 0.000581129
942 0.000599748
943 0.000618874
944 0.000638516
945 0.000658684
946 0.000679386
947 0.000700631
948 0.000722428
949 0.000744786
950 0.000767715
951 0.000791224
952 0.000815321
953 0.000840015
954 0.000865317
955 0.000891236
956 0.00091778
957 0.00094496
958 0.000972783
959 0.00100126
960 0.0010304
961 0.00106022
962 0.00109071
963 0.0011219
964 0.00115379
965 0.00118639
966 0.00121971
967 0.00125376
968 0.00128855
969 0.00132409
970 0.00136038
971 0.00139744
972 0.00143529
973 0.00147391
974 0.00151333
975 0.00155356
976 0.00159461
977 0.00163647
978 0.00167917
979 0.00172271
980 0.00176711
981 0.00181236
982 0.00185848
983 0.00190548
984 0.00195337
985 0.00200215
986 0.00205184
987 0.00210244
988 0.00215396
989 0.00220641
990 0.0022598
991 0.00231413
992 0.00236942
993 0.00242567
994 0.00248289
995 0.00254108
996 0.00260025
997 0.00266042
998 0.00272158
999 0.00278374
1000 0.00284692
1001 0.00291111
1002 0.00297632
1003 0.00304256
1004 0.00310983
1005 0.00317814
1006 0.00324749
1007 0.00331789
1008 0.00338934
1009 0.00346185
1010 0.00353541
1011 0.00361004
1012 0.00368573
1013 0.0037625
1014 0.00384033
1015 0.00391924
1016 0.00399922
1017 0.00408028
1018 0.00416241
1019 0.00424563
1020 0.00432992
1021 0.00441528
1022 0.00450173
1023 0.00458925
1024 0.00467784
1025 0.0047675
1026 0.00485824
1027 0.00495004
1028 0.0050429
1029 0.00513682
1030 0.0052318
1031 0.00532782
1032 0.00542489
1033 0.005523
1034 0.00562214
1035 0.00572231
1036 0.00582349
1037 0.00592568
1038 0.00602887
1039 0.00613306
1040 0.00623823
1041 0.00634436
1042 0.00645146
1043 0.00655951
1044 0.00666849
1045 0.0067784
1046 0.00688922
1047 0.00700094
1048 0.00711354
1049 0.00722701
1050 0.00734134
1051 0.00745649
1052 0.00757247
1053 0.00768925
1054 0.00780681
1055 0.00792514
1056 0.00804422
1057 0.00816402
1058 0.00828452
1059 0.00840571
1060 0.00852757
1061 0.00865006
1062 0.00877317
1063 0.00889687
1064 0.00902114
1065 0.00914596
1066 0.00927129
1067 0.00939712
1068 0.00952341
1069 0.00965015
1070 0.00977729
1071 0.00990482
1072 0.0100327
1073 0.0101609
1074 0.0102894
1075 0.0104182
1076 0.0105472
1077 0.0106764
1078 0.0108057
1079 0.0109352
1080 0.0110648
1081 0.0111945
1082 0.0113242
1083 0.0114539
1084 0.0115836
1085 0.0117132
1086 0.0118427
1087 0.0119721
1088 0.0121012
1089 0.0122302
1090 0.0123589
1091 0.0124873
1092 0.0126154
1093 0.0127431
1094 0.0128704
1095 0.0129973
1096 0.0131237
1097 0.0132495
1098 0.0133748
1099 0.0134995
1100 0.0136235
1101 0.0137469
1102 0.0138695
1103 0.0139914
1104 0.0141125
1105 0.0142327
1106 0.014352
1107 0.0144704
1108 0.0145878
1109 0.0147042
1110 0.0148196
1111 0.0149338
1112 0.015047
1113 0.0151589
1114 0.0152697
1115 0.0153792
1116 0.0154874
1117 0.0155942
1118 0.0156997
1119 0.0158038
1120 0.0159064
1121 0.0160075
1122 0.0161071
1123 0.0162051
1124 0.0163015
1125 0.0163963
1126 0.0164894
1127 0.0165807
1128 0.0166703
1129 0.0167581
1130 0.0168441
1131 0.0169282
1132 0.0170105
1133 0.0170908
1134 0.0171691
1135 0.0172454
1136 0.0173197
1137 0.017392
1138 0.0174621
1139 0.0175302
1140 0.0175961
1141 0.0176598
1142 0.0177213
1143 0.0177806
1144 0.0178376
1145 0.0178924
1146 0.0179448
1147 0.0179949
1148 0.0180427
1149 0.018088
1150 0.018131
1151 0.0181716
1152 0.0182097
1153 0.0182454
1154 0.0182786
1155 0.0183094
1156 0.0183376
1157 0.0183633
1158 0.0183865
1159 0.0184072
1160 0.0184253
1161 0.0184409
1162 0.0184539
1163 0.0184643
1164 0.0184721
1165 0.0184773
1166 0.01848
1167 0.0184801
1168 0.0184775
1169 0.0184724
1170 0.0184647
1171 0.0184543
1172 0.0184414
1173 0.0184259
1174 0.0184078
1175 0.0183871
1176 0.0183639
1177 0.0183381
1178 0.0183097
1179 0.0182788
1180 0.0182453
1181 0.0182093
1182 0.0181708
1183 0.0181299
1184 0.0180864
1185 0.0180404
1186 0.017992
1187 0.0179412
1188 0.017888
1189 0.0178324
1190 0.0177744
1191 0.017714
1192 0.0176514
1193 0.0175864
1194 0.0175192
1195 0.0174497
1196 0.017378
1197 0.0173041
1198 0.017228
1199 0.0171498
1200 0.0170695
1201 0.0169872
1202 0.0169027
1203 0.0168163
1204 0.0167279
1205 0.0166375
1206 0.0165453
1207 0.0164511
1208 0.0163552
1209 0.0162574
1210 0.0161579
1211 0.0160566
1212 0.0159536
1213 0.015849
1214 0.0157428
1215 0.0156351
1216 0.0155258
1217 0.015415
1218 0.0153027
1219 0.0151891
1220 0.0150741
1221 0.0149577
1222 0.0148401
1223 0.0147213
1224 0.0146012
1225 0.01448
1226 0.0143577
1227 0.0142344
1228 0.01411
1229 0.0139846
1230 0.0138583
1231 0.0137311
1232 0.0136031
1233 0.0134742
1234 0.0133446
1235 0.0132143
1236 0.0130833
1237 0.0129517
1238 0.0128195
1239 0.0126867
1240 0.0125535
1241 0.0124198
1242 0.0122857
1243 0.0121512
1244 0.0120164
1245 0.0118813
1246 0.011746
1247 0.0116104
1248 0.0114747
1249 0.0113389
1250 0.011203
1251 0.0110671
1252 0.0109311
1253 0.0107952
1254 0.0106594
1255 0.0105237
1256 0.0103881
1257 0.0102527
1258 0.0101176
1259 0.0099827
1260 0.00984811
1261 0.00971385
1262 0.00957996
1263 0.00944648
1264 0.00931343
1265 0.00918084
1266 0.00904876
1267 0.0089172
1268 0.00878621
1269 0.00865581
1270 0.00852603
1271 0.0083969
1272 0.00826845
1273 0.00814071
1274 0.0080137
1275 0.00788745
1276 0.00776198
1277 0.00763732
1278 0.0075135
1279 0.00739054
1280 0.00726845
1281 0.00714727
1282 0.00702701
1283 0.00690769
1284 0.00678934
1285 0.00667196
1286 0.00655559
1287 0.00644024
1288 0.00632592
1289 0.00621266
1290 0.00610046
1291 0.00598934
1292 0.00587932
1293 0.00577041
1294 0.00566262
1295 0.00555597
1296 0.00545046
1297 0.0053461
1298 0.00524291
1299 0.0051409
1300 0.00504006
1301 0.00494042
1302 0.00484198
1303 0.00474474
1304 0.00464872
1305 0.0045539
1306 0.00446031
1307 0.00436795
1308 0.00427681
1309 0.0041869
1310 0.00409822
1311 0.00401078
1312 0.00392457
1313 0.0038396
1314 0.00375586
1315 0.00367336
1316 0.00359209
1317 0.00351205
1318 0.00343324
1319 0.00335566
1320 0.0032793
1321 0.00320416
1322 0.00313023
1323 0.00305751
1324 0.002986
1325 0.00291569
1326 0.00284657
1327 0.00277864
1328 0.00271189
1329 0.00264632
1330 0.0025819
1331 0.00251865
1332 0.00245655
1333 0.00239558
1334 0.00233575
1335 0.00227704
1336 0.00221944
1337 0.00216295
1338 0.00210755
1339 0.00205323
1340 0.00199999
1341 0.0019478
1342 0.00189667
1343 0.00184658
1344 0.00179751
1345 0.00174946
1346 0.00170242
1347 0.00165636
1348 0.00161129
1349 0.00156719
1350 0.00152404
1351 0.00148184
1352 0.00144056
1353 0.00140021
1354 0.00136076
1355 0.0013222
1356 0.00128453
1357 0.00124772
1358 0.00121176
1359 0.00117664
1360 0.00114236
1361 0.00110888
1362 0.00107621
1363 0.00104433
1364 0.00101322
1365 0.000982881
1366 0.000953287
1367 0.000924429
1368 0.000896295
1369 0.000868872
1370 0.000842147
1371 0.000816108
1372 0.00079074
1373 0.000766033
1374 0.000741973
1375 0.000718547
1376 0.000695744
1377 0.000673551
1378 0.000651956
1379 0.000630947
1380 0.000610512
1381 0.000590638
1382 0.000571315
1383 0.00055253
1384 0.000534272
1385 0.00051653
1386 0.000499292
1387 0.000482547
1388 0.000466285
1389 0.000450493
1390 0.000435162
1391 0.000420282
1392 0.00040584
1393 0.000391828
1394 0.000378234
1395 0.00036505
1396 0.000352265
1397 0.000339869
1398 0.000327853
1399 0.000316207
1400 0.000304923
1401 0.000293991
1402 0.000283401
1403 0.000273146
1404 0.000263217
1405 0.000253604
1406 0.0002443
1407 0.000235297
1408 0.000226587
1409 0.000218161
1410 0.000210012
1411 0.000202132
1412 0.000194514
1413 0.00018715
1414 0.000180034
1415 0.000173158
1416 0.000166516
1417 0.000160101
1418 0.000153906
1419 0.000147925
1420 0.000142151
1421 0.000136579
1422 0.000131203
1423 0.000126016
1424 0.000121013
1425 0.000116188
1426 0.000111536
1427 0.000107051
1428 0.000102729
1429 9.85635e-05
1430 9.45507e-05
1431 9.06852e-05
1432 8.69625e-05
1433 8.33779e-05
1434 7.9927e-05
1435 7.66055e-05
1436 7.3409e-05
1437 7.03335e-05
1438 6.73749e-05
1439 6.45294e-05
1440 6.17932e-05
1441 5.91625e-05
1442 5.66338e-05
1443 5.42036e-05
1444 5.18685e-05
1445 4.96252e-05
1446 4.74705e-05
1447 4.54013e-05
1448 4.34146e-05
1449 4.15075e-05
1450 3.96771e-05
1451 3.79207e-05
1452 3.62355e-05
1453 3.46191e-05
1454 3.3069e-05
1455 3.15826e-05
1456 3.01576e-05
1457 2.87918e-05
1458 2.74829e-05
1459 2.62289e-05
1460 2.50276e-05
1461 2.3877e-05
1462 2.27753e-05
1463 2.17205e-05
1464 2.07109e-05
1465 1.97446e-05
1466 1.88201e-05
1467 1.79356e-05
1468 1.70896e-05
1469 1.62806e-05
1470 1.55071e-05
1471 1.47677e-05
1472 1.4061e-05
1473 1.33857e-05
1474 1.27405e-05
1475 1.21242e-05
1476 1.15357e-05
1477 1.09738e-05
1478 1.04373e-05
1479 9.92526e-06
1480 9.43663e-06
1481 8.97042e-06
1482 8.52571e-06
1483 8.10156e-06
1484 7.69712e-06
1485 7.31154e-06
1486 6.944e-06
1487 6.59375e-06
1488 6.26001e-06
1489 5.94209e-06
1490 5.63928e-06
1491 5.35092e-06
1492 5.07638e-06
1493 4.81505e-06
1494 4.56633e-06
1495 4.32967e-06
1496 4.10452e-06
1497 3.89037e-06
1498 3.68671e-06
1499 3.49307e-06
1500 3.309e-06
1501 3.13405e-06
1502 2.9678e-06
1503 2.80986e-06
1504 2.65983e-06
1505 2.51735e-06
1506 2.38206e-06
1507 2.25363e-06
1508 2.13173e-06
1509 2.01605e-06
1510 1.9063e-06
1511 1.80219e-06
1512 1.70345e-06
1513 1.60982e-06
1514 1.52106e-06
1515 1.43692e-06
1516 1.35719e-06
1517 1.28165e-06
1518 1.21008e-06
1519 1.1423e-06
1520 1.07812e-06
1521 1.01736e-06
1522 9.59838e-07
1523 9.05403e-07
1524 8.53898e-07
1525 8.05172e-07
1526 7.59086e-07
1527 7.15505e-07
1528 6.74301e-07
1529 6.35351e-07
1530 5.9854e-07
1531 5.63756e-07
1532 5.30895e-07
1533 4.99856e-07
1534 4.70545e-07
1535 4.42869e-07
1536 4.16743e-07
1537 3.92086e-07
1538 3.68818e-07
1539 3.46866e-07
1540 3.2616e-07
1541 3.06633e-07
1542 2.8822e-07
1543 2.70863e-07
1544 2.54503e-07
1545 2.39086e-07
1546 2.24562e-07
1547 2.1088e-07
1548 1.97994e-07
1549 1.85861e-07
1550 1.74438e-07
1551 1.63687e-07
1552 1.53569e-07
1553 1.4405e-07
1554 1.35095e-07
1555 1.26673e-07
1556 1.18754e-07
1557 1.11309e-07
1558 1.04311e-07
1559 9.77338e-08
1560 9.15545e-08
1561 8.57496e-08
1562 8.02976e-08
1563 7.5178e-08
1564 7.03715e-08
1565 6.58598e-08
1566 6.16256e-08
1567 5.76527e-08
1568 5.39257e-08
1569 5.04301e-08
1570 4.71521e-08
1571 4.40788e-08
1572 4.1198e-08
1573 3.84981e-08
1574 3.59683e-08
1575 3.35983e-08
1576 3.13785e-08
1577 2.92998e-08
1578 2.73536e-08
1579 2.55318e-08
1580 2.38268e-08
1581 2.22314e-08
1582 2.07388e-08
1583 1.93428e-08
1584 1.80373e-08
1585 1.68167e-08
1586 1.56757e-08
1587 1.46093e-08
1588 1.36128e-08
1589 1.26819e-08
1590 1.18124e-08
1591 1.10004e-08
1592 1.02423e-08
1593 9.53455e-09
1594 8.87402e-09
1595 8.25767e-09
1596 7.68266e-09
1597 7.14631e-09
1598 6.64613e-09
1599 6.17978e-09
1600 5.74504e-09
1601 5.33986e-09
1602 4.9623e-09
1603 4.61054e-09
1604 4.2829e-09
1605 3.97778e-09
1606 3.69368e-09
1607 3.42921e-09
1608 3.18307e-09
1609 2.95402e-09
1610 2.74093e-09
1611 2.54271e-09
1612 2.35838e-09
1613 2.18698e-09
1614 2.02765e-09
1615 1.87957e-09
1616 1.74196e-09
1617 1.61412e-09
1618 1.49537e-09
1619 1.38508e-09
1620 1.28268e-09
1621 1.18762e-09
1622 1.0994e-09
1623 1.01753e-09
1624 9.41571e-10
1625 8.71116e-10
1626 8.05776e-10
1627 7.45192e-10
1628 6.89029e-10
1629 6.36976e-10
1630 5.8874e-10
1631 5.44051e-10
1632 5.02656e-10
1633 4.6432e-10
1634 4.28825e-10
1635 3.95965e-10
1636 3.65553e-10
1637 3.3741e-10
1638 3.11373e-10
1639 2.87289e-10
1640 2.65017e-10
1641 2.44423e-10
1642 2.25386e-10
1643 2.0779e-10
1644 1.91531e-10
1645 1.76509e-10
1646 1.62634e-10
1647 1.4982e-10
1648 1.37989e-10
1649 1.27067e-10
1650 1.16987e-10
1651 1.07685e-10
1652 9.91038e-11
1653 9.11882e-11
1654 8.38884e-11
1655 7.71578e-11
1656 7.09533e-11
1657 6.52349e-11
1658 5.99656e-11
1659 5.51111e-11
1660 5.06396e-11
1661 4.65218e-11
1662 4.27304e-11
1663 3.92403e-11
1664 3.60282e-11
1665 3.30725e-11
1666 3.03533e-11
1667 2.78522e-11
1668 2.55522e-11
1669 2.34374e-11
1670 2.14935e-11
1671 1.97069e-11
1672 1.80652e-11
1673 1.65571e-11
1674 1.51718e-11
1675 1.38997e-11
1676 1.27318e-11
1677 1.16597e-11
1678 1.06757e-11
1679 9.77286e-12
1680 8.94461e-12
1681 8.18492e-12
1682 7.48828e-12
1683 6.84958e-12
1684 6.26411e-12
1685 5.72755e-12
1686 5.23591e-12
1687 4.78553e-12
1688 4.37301e-12
1689 3.99527e-12
1690 3.64943e-12
1691 3.33286e-12
1692 3.04316e-12
1693 2.77808e-12
1694 2.53559e-12
1695 2.3138e-12
1696 2.111e-12
1697 1.92558e-12
1698 1.75611e-12
1699 1.60123e-12
1700 1.45972e-12
1701 1.33045e-12
1702 1.21238e-12
1703 1.10458e-12
1704 1.00616e-12
1705 9.16323e-13
1706 8.34344e-13
1707 7.59547e-13
1708 6.91318e-13
1709 6.29092e-13
1710 5.72353e-13
1711 5.20628e-13
1712 4.73482e-13
1713 4.3052e-13
1714 3.91377e-13
1715 3.55723e-13
1716 3.23252e-13
1717 2.93686e-13
1718 2.66771e-13
1719 2.42274e-13
1720 2.19983e-13
1721 1.99703e-13
1722 1.81256e-13
1723 1.6448e-13
1724 1.49227e-13
1725 1.35361e-13
1726 1.22759e-13
1727 1.11308e-13
1728 1.00905e-13
1729 9.14557e-14
1730 8.28747e-14
1731 7.50839e-14
1732 6.80118e-14
1733 6.15934e-14
1734 5.57695e-14
1735 5.04862e-14
1736 4.56942e-14
1737 4.13488e-14
1738 3.7409e-14
1739 3.38379e-14
1740 3.06015e-14
1741 2.76691e-14
1742 2.50126e-14
1743 2.26066e-14
1744 2.0428e-14
1745 1.84556e-14
1746 1.66703e-14
1747 1.50546e-14
1748 1.35928e-14
1749 1.22705e-14
1750 1.10745e-14
1751 9.99315e-15
1752 9.01554e-15
1753 8.13192e-15
1754 7.33343e-15
1755 6.612e-15
1756 5.96035e-15
1757 5.37183e-15
1758 4.84044e-15
1759 4.36074e-15
1760 3.92778e-15
1761 3.53709e-15
1762 3.18462e-15
1763 2.86669e-15
1764 2.57998e-15
1765 2.32148e-15
1766 2.08845e-15
1767 1.87844e-15
1768 1.6892e-15
1769 1.51871e-15
1770 1.36516e-15
1771 1.22688e-15
1772 1.10239e-15
1773 9.90327e-16
1774 8.89476e-16
1775 7.98733e-16
1776 7.17101e-16
1777 6.43682e-16
1778 5.77663e-16
1779 5.1831e-16
1780 4.6496e-16
1781 4.17017e-16
1782 3.73942e-16
1783 3.35248e-16
1784 3.00496e-16
1785 2.69293e-16
1786 2.4128e-16
1787 2.16137e-16
1788 1.93575e-16
1789 1.73333e-16
1790 1.55176e-16
1791 1.38893e-16
1792 1.24293e-16
1793 1.11205e-16
1794 9.94753e-17
1795 8.89644e-17
1796 7.9548e-17
1797 7.11137e-17
1798 6.35607e-17
1799 5.67984e-17
1800 5.07451e-17
1801 4.53278e-17
1802 4.04805e-17
1803 3.61442e-17
1804 3.22658e-17
1805 2.87977e-17
1806 2.56971e-17
1807 2.29256e-17
1808 2.04489e-17
1809 1.8236e-17
1810 1.62593e-17
1811 1.44939e-17
1812 1.29175e-17
1813 1.15102e-17
1814 1.02541e-17
1815 9.13325e-18
1816 8.13323e-18
1817 7.24123e-18
1818 6.44573e-18
1819 5.73645e-18
1820 5.10417e-18
1821 4.54065e-18
1822 4.03852e-18
1823 3.59118e-18
1824 3.19274e-18
1825 2.83792e-18
1826 2.52202e-18
1827 2.24082e-18
1828 1.99056e-18
1829 1.76789e-18
1830 1.56981e-18
1831 1.39363e-18
1832 1.23698e-18
1833 1.0977e-18
1834 9.73911e-19
1835 8.63901e-19
1836 7.66161e-19
1837 6.79339e-19
1838 6.02232e-19
1839 5.33767e-19
1840 4.72988e-19
1841 4.19043e-19
1842 3.71175e-19
1843 3.28707e-19
1844 2.91038e-19
1845 2.57633e-19
1846 2.28015e-19
1847 2.01761e-19
1848 1.78493e-19
1849 1.57875e-19
1850 1.39611e-19
1851 1.23434e-19
1852 1.09108e-19
1853 9.6426e-20
1854 8.52001e-20
1855 7.52656e-20
1856 6.64758e-20
1857 5.87004e-20
1858 5.18237e-20
1859 4.57432e-20
1860 4.03678e-20
1861 3.56167e-20
1862 3.14183e-20
1863 2.7709e-20
1864 2.44327e-20
1865 2.15392e-20
1866 1.89845e-20
1867 1.67294e-20
1868 1.47391e-20
1869 1.29829e-20
1870 1.14335e-20
1871 1.0067e-20
1872 8.862e-21
1873 7.7996e-21
1874 6.86315e-21
1875 6.03788e-21
1876 5.31074e-21
1877 4.6702e-21
1878 4.10607e-21
1879 3.60934e-21
1880 3.17204e-21
1881 2.78714e-21
1882 2.44844e-21
1883 2.15045e-21
1884 1.88834e-21
1885 1.65783e-21
1886 1.45516e-21
1887 1.277e-21
1888 1.12042e-21
1889 9.82835e-22
1890 8.61967e-22
1891 7.55805e-22
1892 6.62581e-22
1893 5.80735e-22
1894 5.08893e-22
1895 4.45846e-22
1896 3.90529e-22
1897 3.42004e-22
1898 2.99446e-22
1899 2.6213e-22
1900 2.29416e-22
1901 2.00743e-22
1902 1.75617e-22
1903 1.53604e-22
1904 1.34322e-22
1905 1.17437e-22
1906 1.02652e-22
1907 8.97104e-23
1908 7.83838e-23
1909 6.84731e-23
1910 5.9803e-23
1911 5.22198e-23
1912 4.55887e-23
1913 3.97914e-23
1914 3.4724e-23
1915 3.02956e-23
1916 2.64265e-23
1917 2.30467e-23
1918 2.00949e-23
1919 1.75176e-23
1920 1.52676e-23
1921 1.33039e-23
1922 1.15903e-23
1923 1.00953e-23
1924 8.79129e-24
1925 7.65414e-24
1926 6.66269e-24
1927 5.79844e-24
1928 5.04525e-24
1929 4.38897e-24
1930 3.81726e-24
1931 3.31934e-24
1932 2.88575e-24
1933 2.50828e-24
1934 2.17973e-24
1935 1.89382e-24
1936 1.64506e-24
1937 1.42868e-24
1938 1.2405e-24
1939 1.07689e-24
1940 9.34653e-25
1941 8.11033e-25
1942 7.03619e-25
1943 6.10303e-25
1944 5.29252e-25
1945 4.58869e-25
1946 3.97761e-25
1947 3.4472e-25
1948 2.98689e-25
1949 2.58749e-25
1950 2.24104e-25
1951 1.94057e-25
1952 1.68003e-25
1953 1.45417e-25
1954 1.2584e-25
1955 1.08877e-25
1956 9.41799e-26
1957 8.14499e-26
1958 7.04258e-26
1959 6.0881e-26
1960 5.26188e-26
1961 4.54681e-26
1962 3.92812e-26
1963 3.39288e-26
1964 2.92997e-26
1965 2.52967e-26
1966 2.1836e-26
1967 1.8845e-26
1968 1.626e-26
1969 1.40268e-26
1970 1.20977e-26
1971 1.04318e-26
1972 8.99337e-27
1973 7.75159e-27
1974 6.67996e-27
1975 5.7552e-27
1976 4.95741e-27
1977 4.26938e-27
1978 3.67601e-27
1979 3.16445e-27
1980 2.72351e-27
1981 2.3435e-27
1982 2.01612e-27
1983 1.73409e-27
1984 1.4912e-27
1985 1.28207e-27
1986 1.10203e-27
1987 9.47074e-28
1988 8.13725e-28
1989 6.99023e-28
1990 6.00354e-28
1991 5.15501e-28
1992 4.42549e-28
1993 3.79841e-28
1994 3.25958e-28
1995 2.79651e-28
1996 2.39876e-28
1997 2.05718e-28
1998 1.76383e-28
1999 1.51203e-28
2000 1.29586e-28
2001 1.11037e-28
2002 9.51296e-29
2003 8.14794e-29
2004 6.97742e-29
2005 5.97398e-29
2006 5.11371e-29
2007 4.37652e-29
2008 3.74477e-29
2009 3.20369e-29
2010 2.74021e-29
2011 2.34339e-29
2012 2.00363e-29
2013 1.71282e-29
2014 1.46399e-29
2015 1.25109e-29
2016 1.06899e-29
2017 9.13238e-30
2018 7.80104e-30
2019 6.66261e-30
2020 5.68976e-30
2021 4.85876e-30
2022 4.14867e-30
2023 3.54225e-30
2024 3.02446e-30
2025 2.58231e-30
2026 2.20501e-30
2027 1.88306e-30
2028 1.60832e-30
2029 1.37404e-30
2030 1.1742e-30
2031 1.00384e-30
2032 8.58634e-31
2033 7.34916e-31
2034 6.29502e-31
2035 5.39705e-31
2036 4.63281e-31
2037 3.9818e-31
2038 3.42801e-31
2039 2.95723e-31
2040 2.55674e-31
2041 2.21655e-31
2042 1.92787e-31
2043 1.68296e-31
2044 1.47552e-31
2045 1.30021e-31
2046 1.15221e-31
2047 1.02777e-31
