0 5.86069e-31
1 5.13727e-31
2 4.53838e-31
3 4.04937e-31
4 3.65729e-31
5 3.35121e-31
6 3.12462e-31
7 2.97017e-31
8 2.88332e-31
9 2.86345e-31
10 2.9081e-31
11 3.01808e-31
12 3.19637e-31
13 3.44568e-31
14 3.77233e-31
15 4.18275e-31
16 4.68805e-31
17 5.2985e-31
18 6.02702e-31
19 6.89292e-31
20 7.91422e-31
21 9.11567e-31
22 1.05224e-30
23 1.21689e-30
24 1.4091e-30
25 1.63317e-30
26 1.89443e-30
27 2.19812e-30
28 2.55227e-30
29 2.96411e-30
30 3.44227e-30
31 3.99832e-30
32 4.64388e-30
33 5.39407e-30
34 6.26522e-30
35 7.27539e-30
36 8.4495e-30
37 9.81106e-30
38 1.1389e-29
39 1.32216e-29
40 1.53433e-29
41 1.78027e-29
42 2.06548e-29
43 2.39579e-29
44 2.77853e-29
45 3.22157e-29
46 3.73481e-29
47 4.32878e-29
48 5.01634e-29
49 5.81213e-29
50 6.73236e-29
51 7.79674e-29
52 9.02709e-29
53 1.04504e-28
54 1.20954e-28
55 1.39958e-28
56 1.61923e-28
57 1.87287e-28
58 2.16576e-28
59 2.50407e-28
60 2.89455e-28
61 3.34525e-28
62 3.86532e-28
63 4.46517e-28
64 5.15713e-28
65 5.9551e-28
66 6.875e-28
67 7.9352e-28
68 9.15712e-28
69 1.05649e-27
70 1.21865e-27
71 1.40544e-27
72 1.62049e-27
73 1.86802e-27
74 2.15293e-27
75 2.48074e-27
76 2.85792e-27
77 3.29174e-27
78 3.79053e-27
79 4.36402e-27
80 5.02318e-27
81 5.78074e-27
82 6.65116e-27
83 7.65089e-27
84 8.79899e-27
85 1.01173e-26
86 1.16307e-26
87 1.33676e-26
88 1.53608e-26
89 1.7647e-26
90 2.02694e-26
91 2.32765e-26
92 2.67238e-26
93 3.06759e-26
94 3.52046e-26
95 4.03928e-26
96 4.63362e-26
97 5.31431e-26
98 6.09368e-26
99 6.98582e-26
100 8.0069e-26
101 9.17527e-26
102 1.05121e-25
103 1.2041e-25
104 1.37892e-25
105 1.57882e-25
106 1.80729e-25
107 2.06841e-25
108 2.36675e-25
109 2.70753e-25
110 3.09676e-25
111 3.54115e-25
112 4.0485e-25
113 4.62758e-25
114 5.28836e-25
115 6.0422e-25
116 6.902e-25
117 7.88261e-25
118 9.00061e-25
119 1.0275e-24
120 1.17273e-24
121 1.3382e-24
122 1.52671e-24
123 1.74141e-24
124 1.98588e-24
125 2.26418e-24
126 2.58095e-24
127 2.94142e-24
128 3.35151e-24
129 3.81798e-24
130 4.34845e-24
131 4.95156e-24
132 5.63715e-24
133 6.41631e-24
134 7.3016e-24
135 8.30729e-24
136 9.44948e-24
137 1.07465e-23
138 1.22189e-23
139 1.389e-23
140 1.57864e-23
141 1.7938e-23
142 2.03784e-23
143 2.3146e-23
144 2.62838e-23
145 2.98408e-23
146 3.38719e-23
147 3.84395e-23
148 4.36139e-23
149 4.94742e-23
150 5.61103e-23
151 6.3623e-23
152 7.21264e-23
153 8.17493e-23
154 9.26366e-23
155 1.04951e-22
156 1.18879e-22
157 1.34626e-22
158 1.52427e-22
159 1.72546e-22
160 1.9528e-22
161 2.20962e-22
162 2.4997e-22
163 2.82727e-22
164 3.1971e-22
165 3.61455e-22
166 4.08566e-22
167 4.6172e-22
168 5.21681e-22
169 5.89305e-22
170 6.65557e-22
171 7.51517e-22
172 8.48403e-22
173 9.57579e-22
174 1.08058e-21
175 1.21912e-21
176 1.37514e-21
177 1.5508e-21
178 1.74853e-21
179 1.97106e-21
180 2.22145e-21
181 2.50311e-21
182 2.8199e-21
183 3.17611e-21
184 3.57656e-21
185 4.02666e-21
186 4.53244e-21
187 5.10068e-21
188 5.73895e-21
189 6.45573e-21
190 7.2605e-21
191 8.16387e-21
192 9.17771e-21
193 1.03153e-20
194 1.15914e-20
195 1.30226e-20
196 1.46275e-20
197 1.64268e-20
198 1.84434e-20
199 2.07033e-20
200 2.32351e-20
201 2.60712e-20
202 2.92472e-20
203 3.28033e-20
204 3.67841e-20
205 4.12393e-20
206 4.62245e-20
207 5.18015e-20
208 5.80392e-20
209 6.50146e-20
210 7.28131e-20
211 8.15301e-20
212 9.12717e-20
213 1.02156e-19
214 1.14315e-19
215 1.27894e-19
216 1.43057e-19
217 1.59984e-19
218 1.78877e-19
219 1.9996e-19
220 2.23482e-19
221 2.49719e-19
222 2.78979e-19
223 3.11603e-19
224 3.47969e-19
225 3.885e-19
226 4.33662e-19
227 4.83973e-19
228 5.4001e-19
229 6.02409e-19
230 6.7188e-19
231 7.49206e-19
232 8.35258e-19
233 9.31e-19
234 1.0375e-18
235 1.15594e-18
236 1.28764e-18
237 1.43404e-18
238 1.59675e-18
239 1.77755e-18
240 1.9784e-18
241 2.2015e-18
242 2.44923e-18
243 2.72427e-18
244 3.02956e-18
245 3.36836e-18
246 3.74425e-18
247 4.16122e-18
248 4.62365e-18
249 5.1364e-18
250 5.7048e-18
251 6.33478e-18
252 7.03286e-18
253 7.80622e-18
254 8.66281e-18
255 9.61138e-18
256 1.06616e-17
257 1.18241e-17
258 1.31106e-17
259 1.45341e-17
260 1.61088e-17
261 1.78504e-17
262 1.97762e-17
263 2.19052e-17
264 2.42584e-17
265 2.68589e-17
266 2.9732e-17
267 3.29057e-17
268 3.64107e-17
269 4.02808e-17
270 4.45531e-17
271 4.92685e-17
272 5.44717e-17
273 6.02122e-17
274 6.65441e-17
275 7.35268e-17
276 8.12257e-17
277 8.97124e-17
278 9.90657e-17
279 1.09372e-16
280 1.20725e-16
281 1.3323e-16
282 1.47e-16
283 1.62161e-16
284 1.78848e-16
285 1.97212e-16
286 2.17417e-16
287 2.39642e-16
288 2.64085e-16
289 2.90962e-16
290 3.20508e-16
291 3.5298e-16
292 3.88662e-16
293 4.27863e-16
294 4.70919e-16
295 5.18201e-16
296 5.7011e-16
297 6.27089e-16
298 6.89618e-16
299 7.58224e-16
300 8.3348e-16
301 9.16014e-16
302 1.00651e-15
303 1.10571e-15
304 1.21444e-15
305 1.33358e-15
306 1.4641e-15
307 1.60706e-15
308 1.7636e-15
309 1.93499e-15
310 2.1226e-15
311 2.3279e-15
312 2.55253e-15
313 2.79826e-15
314 3.067e-15
315 3.36086e-15
316 3.68211e-15
317 4.03323e-15
318 4.41693e-15
319 4.83613e-15
320 5.29404e-15
321 5.79412e-15
322 6.34014e-15
323 6.93621e-15
324 7.58678e-15
325 8.29668e-15
326 9.07118e-15
327 9.91598e-15
328 1.08373e-14
329 1.18418e-14
330 1.29368e-14
331 1.41303e-14
332 1.54307e-14
333 1.68475e-14
334 1.83907e-14
335 2.00712e-14
336 2.19009e-14
337 2.38926e-14
338 2.60603e-14
339 2.84189e-14
340 3.09848e-14
341 3.37755e-14
342 3.68102e-14
343 4.01095e-14
344 4.36957e-14
345 4.75928e-14
346 5.18271e-14
347 5.64266e-14
348 6.14217e-14
349 6.68454e-14
350 7.2733e-14
351 7.9123e-14
352 8.60566e-14
353 9.35785e-14
354 1.01737e-13
355 1.10583e-13
356 1.20174e-13
357 1.30569e-13
358 1.41834e-13
359 1.54038e-13
360 1.67257e-13
361 1.81573e-13
362 1.97072e-13
363 2.1385e-13
364 2.32007e-13
365 2.51652e-13
366 2.72904e-13
367 2.95888e-13
368 3.2074e-13
369 3.47607e-13
370 3.76646e-13
371 4.08025e-13
372 4.41926e-13
373 4.78544e-13
374 5.18089e-13
375 5.60786e-13
376 6.06876e-13
377 6.5662e-13
378 7.10296e-13
379 7.68204e-13
380 8.30664e-13
381 8.98022e-13
382 9.70646e-13
383 1.04893e-12
384 1.13331e-12
385 1.22423e-12
386 1.32218e-12
387 1.42769e-12
388 1.54132e-12
389 1.66366e-12
390 1.79537e-12
391 1.93712e-12
392 2.08966e-12
393 2.25378e-12
394 2.43032e-12
395 2.62018e-12
396 2.82432e-12
397 3.04378e-12
398 3.27967e-12
399 3.53315e-12
400 3.80549e-12
401 4.09802e-12
402 4.41218e-12
403 4.7495e-12
404 5.11161e-12
405 5.50025e-12
406 5.91727e-12
407 6.36465e-12
408 6.84449e-12
409 7.35904e-12
410 7.91068e-12
411 8.50195e-12
412 9.13557e-12
413 9.8144e-12
414 1.05415e-11
415 1.13202e-11
416 1.21538e-11
417 1.30461e-11
418 1.4001e-11
419 1.50227e-11
420 1.61154e-11
421 1.7284e-11
422 1.85334e-11
423 1.98689e-11
424 2.12961e-11
425 2.28209e-11
426 2.44496e-11
427 2.61889e-11
428 2.8046e-11
429 3.00283e-11
430 3.21437e-11
431 3.44009e-11
432 3.68087e-11
433 3.93765e-11
434 4.21146e-11
435 4.50336e-11
436 4.81447e-11
437 5.14599e-11
438 5.49919e-11
439 5.87541e-11
440 6.27609e-11
441 6.70271e-11
442 7.15688e-11
443 7.64028e-11
444 8.1547e-11
445 8.70203e-11
446 9.28427e-11
447 9.90353e-11
448 1.05621e-10
449 1.12622e-10
450 1.20065e-10
451 1.27975e-10
452 1.36381e-10
453 1.45313e-10
454 1.548e-10
455 1.64877e-10
456 1.75578e-10
457 1.86939e-10
458 1.99e-10
459 2.118e-10
460 2.25384e-10
461 2.39795e-10
462 2.55083e-10
463 2.71296e-10
464 2.88489e-10
465 3.06716e-10
466 3.26035e-10
467 3.46509e-10
468 3.68201e-10
469 3.9118e-10
470 4.15516e-10
471 4.41285e-10
472 4.68563e-10
473 4.97434e-10
474 5.27982e-10
475 5.60299e-10
476 5.94478e-10
477 6.30617e-10
478 6.6882e-10
479 7.09195e-10
480 7.51854e-10
481 7.96914e-10
482 8.44498e-10
483 8.94736e-10
484 9.4776e-10
485 1.00371e-09
486 1.06273e-09
487 1.12498e-09
488 1.19061e-09
489 1.25979e-09
490 1.33269e-09
491 1.40948e-09
492 1.49037e-09
493 1.57554e-09
494 1.66519e-09
495 1.75955e-09
496 1.85882e-09
497 1.96324e-09
498 2.07305e-09
499 2.1885e-09
500 2.30986e-09
501 2.43739e-09
502 2.57137e-09
503 2.71211e-09
504 2.85992e-09
505 3.01511e-09
506 3.17803e-09
507 3.34902e-09
508 3.52845e-09
509 3.71671e-09
510 3.9142e-09
511 4.12134e-09
512 4.33855e-09
513 4.56631e-09
514 4.80509e-09
515 5.05538e-09
516 5.31771e-09
517 5.59261e-09
518 5.88067e-09
519 6.18247e-09
520 6.49862e-09
521 6.82979e-09
522 7.17663e-09
523 7.53986e-09
524 7.9202e-09
525 8.31842e-09
526 8.73531e-09
527 9.1717e-09
528 9.62845e-09
529 1.01065e-08
530 1.06066e-08
531 1.113e-08
532 1.16774e-08
533 1.22501e-08
534 1.28489e-08
535 1.34752e-08
536 1.41299e-08
537 1.48143e-08
538 1.55295e-08
539 1.62769e-08
540 1.70577e-08
541 1.78732e-08
542 1.87249e-08
543 1.9614e-08
544 2.05419e-08
545 2.15103e-08
546 2.25204e-08
547 2.35739e-08
548 2.46722e-08
549 2.58169e-08
550 2.70097e-08
551 2.8252e-08
552 2.95456e-08
553 3.08921e-08
554 3.22931e-08
555 3.37504e-08
556 3.52655e-08
557 3.68403e-08
558 3.84764e-08
559 4.01757e-08
560 4.19397e-08
561 4.37702e-08
562 4.56691e-08
563 4.7638e-08
564 4.96787e-08
565 5.1793e-08
566 5.39827e-08
567 5.62496e-08
568 5.85955e-08
569 6.10221e-08
570 6.35314e-08
571 6.61251e-08
572 6.88053e-08
573 7.15737e-08
574 7.44323e-08
575 7.73832e-08
576 8.04283e-08
577 8.35697e-08
578 8.68097e-08
579 9.01505e-08
580 9.35943e-08
581 9.71436e-08
582 1.00801e-07
583 1.04569e-07
584 1.0845e-07
585 1.12448e-07
586 1.16565e-07
587 1.20805e-07
588 1.2517e-07
589 1.29666e-07
590 1.34295e-07
591 1.39061e-07
592 1.4397e-07
593 1.49024e-07
594 1.5423e-07
595 1.59592e-07
596 1.65116e-07
597 1.70807e-07
598 1.76671e-07
599 1.82715e-07
600 1.88945e-07
601 1.95368e-07
602 2.01991e-07
603 2.08821e-07
604 2.15868e-07
605 2.23138e-07
606 2.3064e-07
607 2.38383e-07
608 2.46376e-07
609 2.54628e-07
610 2.6315e-07
611 2.71949e-07
612 2.81037e-07
613 2.90423e-07
614 3.00118e-07
615 3.10132e-07
616 3.20475e-07
617 3.31157e-07
618 3.42188e-07
619 3.53578e-07
620 3.65338e-07
621 3.77477e-07
622 3.90003e-07
623 4.02927e-07
624 4.16255e-07
625 4.29997e-07
626 4.44159e-07
627 4.58749e-07
628 4.73771e-07
629 4.89231e-07
630 5.05133e-07
631 5.21481e-07
632 5.38275e-07
633 5.55518e-07
634 5.73209e-07
635 5.91345e-07
636 6.09926e-07
637 6.28945e-07
638 6.48398e-07
639 6.68276e-07
640 6.88572e-07
641 7.09275e-07
642 7.30373e-07
643 7.51851e-07
644 7.73696e-07
645 7.9589e-07
646 8.18414e-07
647 8.41249e-07
648 8.64373e-07
649 8.87762e-07
650 9.11392e-07
651 9.35238e-07
652 9.59271e-07
653 9.83464e-07
654 1.00779e-06
655 1.03221e-06
656 1.0567e-06
657 1.08123e-06
658 1.10576e-06
659 1.13026e-06
660 1.15471e-06
661 1.17906e-06
662 1.20329e-06
663 1.22736e-06
664 1.25124e-06
665 1.27492e-06
666 1.29834e-06
667 1.32151e-06
668 1.34437e-06
669 1.36693e-06
670 1.38915e-06
671 1.41102e-06
672 1.43253e-06
673 1.45367e-06
674 1.47444e-06
675 1.49482e-06
676 1.51483e-06
677 1.53446e-06
678 1.55375e-06
679 1.57269e-06
680 1.59131e-06
681 1.60964e-06
682 1.62771e-06
683 1.64557e-06
684 1.66325e-06
685 1.68082e-06
686 1.69832e-06
687 1.71581e-06
688 1.73338e-06
689 1.75109e-06
690 1.76902e-06
691 1.78727e-06
692 1.80593e-06
693 1.8251e-06
694 1.84487e-06
695 1.86537e-06
696 1.8867e-06
697 1.90898e-06
698 1.93235e-06
699 1.95692e-06
700 1.98282e-06
701 2.0102e-06
702 2.03917e-06
703 2.06989e-06
704 2.10248e-06
705 2.13709e-06
706 2.17385e-06
707 2.21289e-06
708 2.25436e-06
709 2.29838e-06
710 2.34509e-06
711 2.39459e-06
712 2.44702e-06
713 2.50248e-06
714 2.56108e-06
715 2.62291e-06
716 2.68807e-06
717 2.75663e-06
718 2.82865e-06
719 2.9042e-06
720 2.98332e-06
721 3.06603e-06
722 3.15237e-06
723 3.24232e-06
724 3.33587e-06
725 3.433e-06
726 3.53366e-06
727 3.63779e-06
728 3.7453e-06
729 3.85609e-06
730 3.97006e-06
731 4.08705e-06
732 4.20693e-06
733 4.3295e-06
734 4.45457e-06
735 4.58194e-06
736 4.71136e-06
737 4.84258e-06
738 4.97534e-06
739 5.10933e-06
740 5.24426e-06
741 5.37979e-06
742 5.51558e-06
743 5.65127e-06
744 5.78649e-06
745 5.92085e-06
746 6.05394e-06
747 6.18536e-06
748 6.31467e-06
749 6.44144e-06
750 6.56522e-06
751 6.68557e-06
752 6.80204e-06
753 6.91415e-06
754 7.02146e-06
755 7.12351e-06
756 7.21982e-06
757 7.30996e-06
758 7.39347e-06
759 7.46992e-06
760 7.53886e-06
761 7.5999e-06
762 7.65261e-06
763 7.69661e-06
764 7.73154e-06
765 7.75704e-06
766 7.77279e-06
767 7.77848e-06
768 7.77385e-06
769 7.75865e-06
770 7.73265e-06
771 7.69569e-06
772 7.64761e-06
773 7.5883e-06
774 7.51769e-06
775 7.43575e-06
776 7.34249e-06
777 7.23795e-06
778 7.12224e-06
779 6.9955e-06
780 6.85792e-06
781 6.70973e-06
782 6.55122e-06
783 6.38273e-06
784 6.20464e-06
785 6.01739e-06
786 5.82147e-06
787 5.61742e-06
788 5.40582e-06
789 5.18733e-06
790 4.96264e-06
791 4.73248e-06
792 4.49766e-06
793 4.25902e-06
794 4.01746e-06
795 3.77391e-06
796 3.52937e-06
797 3.28488e-06
798 3.0415e-06
799 2.80036e-06
800 2.56263e-06
801 2.3295e-06
802 2.10223e-06
803 1.88207e-06
804 1.67035e-06
805 1.4684e-06
806 1.2776e-06
807 1.09933e-06
808 9.35031e-07
809 7.86131e-07
810 6.54099e-07
811 5.40412e-07
812 4.46565e-07
813 3.74062e-07
814 3.24417e-07
815 2.9915e-07
816 2.99786e-07
817 3.27849e-07
818 3.84863e-07
819 4.72346e-07
820 5.91811e-07
821 7.44761e-07
822 9.32687e-07
823 1.15707e-06
824 1.41936e-06
825 1.72101e-06
826 2.06344e-06
827 2.44805e-06
828 2.87622e-06
829 3.34929e-06
830 3.86858e-06
831 4.43539e-06
832 5.05098e-06
833 5.71658e-06
834 6.43339e-06
835 7.20257e-06
836 8.02525e-06
837 8.90253e-06
838 9.83547e-06
839 1.08251e-05
840 1.18724e-05
841 1.29783e-05
842 1.41437e-05
843 1.53696e-05
844 1.66568e-05
845 1.80061e-05
846 1.94183e-05
847 2.08941e-05
848 2.24343e-05
849 2.40396e-05
850 2.57107e-05
851 2.74482e-05
852 2.92527e-05
853 3.11249e-05
854 3.30654e-05
855 3.50748e-05
856 3.71535e-05
857 3.93023e-05
858 4.15216e-05
859 4.3812e-05
860 4.61741e-05
861 4.86084e-05
862 5.11156e-05
863 5.36961e-05
864 5.63507e-05
865 5.90798e-05
866 6.18842e-05
867 6.47646e-05
868 6.77216e-05
869 7.07559e-05
870 7.38684e-05
871 7.70599e-05
872 8.03312e-05
873 8.36832e-05
874 8.71169e-05
875 9.06334e-05
876 9.42337e-05
877 9.7919e-05
878 0.000101691
879 0.00010555
880 0.000109498
881 0.000113536
882 0.000117666
883 0.00012189
884 0.000126209
885 0.000130626
886 0.000135141
887 0.000139758
888 0.000144478
889 0.000149303
890 0.000154237
891 0.000159281
892 0.000164438
893 0.000169711
894 0.000175103
895 0.000180616
896 0.000186254
897 0.00019202
898 0.000197918
899 0.000203951
900 0.000210122
901 0.000216436
902 0.000222896
903 0.000229507
904 0.000236273
905 0.000243198
906 0.000250286
907 0.000257544
908 0.000264974
909 0.000272583
910 0.000280375
911 0.000288355
912 0.00029653
913 0.000304904
914 0.000313484
915 0.000322275
916 0.000331284
917 0.000340516
918 0.000349978
919 0.000359676
920 0.000369617
921 0.000379808
922 0.000390255
923 0.000400966
924 0.000411948
925 0.000423209
926 0.000434754
927 0.000446594
928 0.000458734
929 0.000471183
930 0.000483948
931 0.000497039
932 0.000510463
933 0.000524229
934 0.000538344
935 0.000552819
936 0.000567661
937 0.000582879
938 0.000598482
939 0.000614479
940 0.00063088
941 0.000647693
942 0.000664929
943 0.000682595
944 0.000700703
945 0.000719261
946 0.000738279
947 0.000757767
948 0.000777735
949 0.000798193
950 0.00081915
951 0.000840617
952 0.000862604
953 0.000885121
954 0.000908178
955 0.000931786
956 0.000955954
957 0.000980693
958 0.00100601
959 0.00103193
960 0.00105844
961 0.00108557
962 0.00111332
963 0.0011417
964 0.00117073
965 0.00120041
966 0.00123076
967 0.00126178
968 0.00129348
969 0.00132589
970 0.001359
971 0.00139282
972 0.00142738
973 0.00146267
974 0.00149871
975 0.0015355
976 0.00157307
977 0.00161141
978 0.00165054
979 0.00169046
980 0.0017312
981 0.00177275
982 0.00181512
983 0.00185834
984 0.00190239
985 0.00194731
986 0.00199308
987 0.00203973
988 0.00208726
989 0.00213569
990 0.00218501
991 0.00223523
992 0.00228638
993 0.00233844
994 0.00239144
995 0.00244538
996 0.00250026
997 0.0025561
998 0.0026129
999 0.00267066
1000 0.0027294
1001 0.00278912
1002 0.00284983
1003 0.00291153
1004 0.00297423
1005 0.00303794
1006 0.00310265
1007 0.00316838
1008 0.00323512
1009 0.00330289
1010 0.00337168
1011 0.00344151
1012 0.00351236
1013 0.00358426
1014 0.00365719
1015 0.00373117
1016 0.00380619
1017 0.00388225
1018 0.00395936
1019 0.00403752
1020 0.00411672
1021 0.00419697
1022 0.00427827
1023 0.00436062
1024 0.00444401
1025 0.00452845
1026 0.00461393
1027 0.00470044
1028 0.004788
1029 0.00487659
1030 0.0049662
1031 0.00505685
1032 0.00514851
1033 0.00524119
1034 0.00533488
1035 0.00542957
1036 0.00552526
1037 0.00562194
1038 0.00571961
1039 0.00581824
1040 0.00591785
1041 0.00601841
1042 0.00611991
1043 0.00622236
1044 0.00632572
1045 0.00643001
1046 0.00653519
1047 0.00664127
1048 0.00674822
1049 0.00685604
1050 0.00696471
1051 0.00707421
1052 0.00718453
1053 0.00729566
1054 0.00740758
1055 0.00752026
1056 0.0076337
1057 0.00774788
1058 0.00786277
1059 0.00797837
1060 0.00809464
1061 0.00821157
1062 0.00832913
1063 0.00844732
1064 0.0085661
1065 0.00868545
1066 0.00880535
1067 0.00892577
1068 0.0090467
1069 0.00916811
1070 0.00928996
1071 0.00941225
1072 0.00953493
1073 0.00965798
1074 0.00978139
1075 0.00990511
1076 0.0100291
1077 0.0101534
1078 0.0102779
1079 0.0104026
1080 0.0105275
1081 0.0106525
1082 0.0107776
1083 0.0109029
1084 0.0110281
1085 0.0111534
1086 0.0112786
1087 0.0114039
1088 0.011529
1089 0.011654
1090 0.0117788
1091 0.0119035
1092 0.012028
1093 0.0121522
1094 0.0122761
1095 0.0123996
1096 0.0125228
1097 0.0126456
1098 0.012768
1099 0.0128899
1100 0.0130113
1101 0.0131321
1102 0.0132524
1103 0.013372
1104 0.013491
1105 0.0136093
1106 0.0137268
1107 0.0138436
1108 0.0139596
1109 0.0140747
1110 0.0141889
1111 0.0143022
1112 0.0144146
1113 0.0145259
1114 0.0146362
1115 0.0147455
1116 0.0148536
1117 0.0149606
1118 0.0150663
1119 0.0151709
1120 0.0152742
1121 0.0153762
1122 0.0154769
1123 0.0155762
1124 0.015674
1125 0.0157705
1126 0.0158654
1127 0.0159589
1128 0.0160508
1129 0.0161411
1130 0.0162298
1131 0.0163169
1132 0.0164022
1133 0.0164859
1134 0.0165678
1135 0.0166479
1136 0.0167262
1137 0.0168027
1138 0.0168773
1139 0.01695
1140 0.0170208
1141 0.0170896
1142 0.0171564
1143 0.0172212
1144 0.017284
1145 0.0173447
1146 0.0174033
1147 0.0174598
1148 0.0175141
1149 0.0175663
1150 0.0176164
1151 0.0176642
1152 0.0177098
1153 0.0177531
1154 0.0177942
1155 0.017833
1156 0.0178695
1157 0.0179037
1158 0.0179356
1159 0.0179651
1160 0.0179922
1161 0.018017
1162 0.0180394
1163 0.0180594
1164 0.018077
1165 0.0180922
1166 0.018105
1167 0.0181154
1168 0.0181233
1169 0.0181288
1170 0.0181318
1171 0.0181324
1172 0.0181305
1173 0.0181262
1174 0.0181195
1175 0.0181102
1176 0.0180986
1177 0.0180845
1178 0.0180679
1179 0.018049
1180 0.0180275
1181 0.0180037
1182 0.0179774
1183 0.0179488
1184 0.0179177
1185 0.0178842
1186 0.0178484
1187 0.0178102
1188 0.0177696
1189 0.0177267
1190 0.0176815
1191 0.017634
1192 0.0175842
1193 0.0175321
1194 0.0174777
1195 0.0174211
1196 0.0173623
1197 0.0173014
1198 0.0172382
1199 0.0171729
1200 0.0171054
1201 0.0170359
1202 0.0169643
1203 0.0168906
1204 0.0168149
1205 0.0167373
1206 0.0166576
1207 0.016576
1208 0.0164925
1209 0.0164072
1210 0.01632
1211 0.0162309
1212 0.0161401
1213 0.0160476
1214 0.0159533
1215 0.0158573
1216 0.0157597
1217 0.0156605
1218 0.0155597
1219 0.0154574
1220 0.0153536
1221 0.0152483
1222 0.0151416
1223 0.0150334
1224 0.014924
1225 0.0148132
1226 0.0147011
1227 0.0145878
1228 0.0144733
1229 0.0143577
1230 0.0142409
1231 0.0141231
1232 0.0140042
1233 0.0138843
1234 0.0137635
1235 0.0136417
1236 0.0135191
1237 0.0133956
1238 0.0132714
1239 0.0131464
1240 0.0130207
1241 0.0128943
1242 0.0127673
1243 0.0126397
1244 0.0125116
1245 0.0123829
1246 0.0122538
1247 0.0121243
1248 0.0119944
1249 0.0118641
1250 0.0117336
1251 0.0116027
1252 0.0114717
1253 0.0113404
1254 0.0112091
1255 0.0110776
1256 0.010946
1257 0.0108144
1258 0.0106828
1259 0.0105513
1260 0.0104198
1261 0.0102884
1262 0.0101572
1263 0.0100262
1264 0.00989541
1265 0.00976486
1266 0.00963461
1267 0.00950468
1268 0.00937511
1269 0.00924592
1270 0.00911715
1271 0.00898884
1272 0.008861
1273 0.00873368
1274 0.0086069
1275 0.00848068
1276 0.00835507
1277 0.00823008
1278 0.00810574
1279 0.00798208
1280 0.00785913
1281 0.00773691
1282 0.00761544
1283 0.00749474
1284 0.00737485
1285 0.00725578
1286 0.00713755
1287 0.00702019
1288 0.00690371
1289 0.00678814
1290 0.00667349
1291 0.00655978
1292 0.00644703
1293 0.00633526
1294 0.00622448
1295 0.00611471
1296 0.00600596
1297 0.00589824
1298 0.00579157
1299 0.00568597
1300 0.00558144
1301 0.00547799
1302 0.00537564
1303 0.0052744
1304 0.00517426
1305 0.00507526
1306 0.00497738
1307 0.00488064
1308 0.00478505
1309 0.00469061
1310 0.00459733
1311 0.0045052
1312 0.00441425
1313 0.00432446
1314 0.00423585
1315 0.00414841
1316 0.00406215
1317 0.00397706
1318 0.00389316
1319 0.00381043
1320 0.00372889
1321 0.00364852
1322 0.00356933
1323 0.00349132
1324 0.00341448
1325 0.00333881
1326 0.00326431
1327 0.00319097
1328 0.0031188
1329 0.00304777
1330 0.0029779
1331 0.00290918
1332 0.0028416
1333 0.00277515
1334 0.00270982
1335 0.00264562
1336 0.00258254
1337 0.00252056
1338 0.00245967
1339 0.00239988
1340 0.00234118
1341 0.00228354
1342 0.00222698
1343 0.00217147
1344 0.002117
1345 0.00206358
1346 0.00201118
1347 0.0019598
1348 0.00190943
1349 0.00186005
1350 0.00181167
1351 0.00176425
1352 0.00171781
1353 0.00167232
1354 0.00162777
1355 0.00158415
1356 0.00154145
1357 0.00149967
1358 0.00145878
1359 0.00141877
1360 0.00137964
1361 0.00134137
1362 0.00130396
1363 0.00126738
1364 0.00123162
1365 0.00119668
1366 0.00116254
1367 0.0011292
1368 0.00109663
1369 0.00106482
1370 0.00103377
1371 0.00100346
1372 0.000973881
1373 0.000945017
1374 0.000916859
1375 0.000889394
1376 0.00086261
1377 0.000836495
1378 0.000811037
1379 0.000786225
1380 0.000762046
1381 0.000738489
1382 0.000715541
1383 0.000693193
1384 0.000671431
1385 0.000650245
1386 0.000629624
1387 0.000609555
1388 0.000590028
1389 0.000571032
1390 0.000552555
1391 0.000534588
1392 0.000517119
1393 0.000500138
1394 0.000483633
1395 0.000467596
1396 0.000452015
1397 0.00043688
1398 0.000422182
1399 0.00040791
1400 0.000394054
1401 0.000380606
1402 0.000367555
1403 0.000354892
1404 0.000342608
1405 0.000330694
1406 0.00031914
1407 0.000307939
1408 0.00029708
1409 0.000286557
1410 0.00027636
1411 0.000266481
1412 0.000256911
1413 0.000247644
1414 0.000238671
1415 0.000229984
1416 0.000221576
1417 0.000213439
1418 0.000205566
1419 0.000197951
1420 0.000190585
1421 0.000183462
1422 0.000176575
1423 0.000169918
1424 0.000163485
1425 0.000157268
1426 0.000151262
1427 0.00014546
1428 0.000139858
1429 0.000134448
1430 0.000129225
1431 0.000124184
1432 0.00011932
1433 0.000114626
1434 0.000110098
1435 0.000105731
1436 0.00010152
1437 9.74592e-05
1438 9.35453e-05
1439 8.97731e-05
1440 8.61383e-05
1441 8.26364e-05
1442 7.92632e-05
1443 7.60146e-05
1444 7.28865e-05
1445 6.98752e-05
1446 6.69766e-05
1447 6.41873e-05
1448 6.15034e-05
1449 5.89215e-05
1450 5.64383e-05
1451 5.40503e-05
1452 5.17544e-05
1453 4.95473e-05
1454 4.74262e-05
1455 4.53879e-05
1456 4.34297e-05
1457 4.15488e-05
1458 3.97423e-05
1459 3.80078e-05
1460 3.63426e-05
1461 3.47442e-05
1462 3.32104e-05
1463 3.17387e-05
1464 3.03269e-05
1465 2.89728e-05
1466 2.76743e-05
1467 2.64294e-05
1468 2.5236e-05
1469 2.40923e-05
1470 2.29964e-05
1471 2.19464e-05
1472 2.09407e-05
1473 1.99776e-05
1474 1.90554e-05
1475 1.81725e-05
1476 1.73275e-05
1477 1.65189e-05
1478 1.57452e-05
1479 1.50051e-05
1480 1.42972e-05
1481 1.36204e-05
1482 1.29732e-05
1483 1.23547e-05
1484 1.17635e-05
1485 1.11986e-05
1486 1.0659e-05
1487 1.01435e-05
1488 9.6513e-06
1489 9.18132e-06
1490 8.73267e-06
1491 8.30446e-06
1492 7.89585e-06
1493 7.506e-06
1494 7.13412e-06
1495 6.77946e-06
1496 6.44128e-06
1497 6.11888e-06
1498 5.81157e-06
1499 5.51871e-06
1500 5.23967e-06
1501 4.97385e-06
1502 4.72066e-06
1503 4.47957e-06
1504 4.25002e-06
1505 4.03151e-06
1506 3.82355e-06
1507 3.62567e-06
1508 3.43741e-06
1509 3.25833e-06
1510 3.08804e-06
1511 2.92611e-06
1512 2.77218e-06
1513 2.62587e-06
1514 2.48683e-06
1515 2.35473e-06
1516 2.22924e-06
1517 2.11006e-06
1518 1.99689e-06
1519 1.88945e-06
1520 1.78747e-06
1521 1.69068e-06
1522 1.59885e-06
1523 1.51172e-06
1524 1.42909e-06
1525 1.35073e-06
1526 1.27643e-06
1527 1.206e-06
1528 1.13925e-06
1529 1.07599e-06
1530 1.01607e-06
1531 9.59302e-07
1532 9.05544e-07
1533 8.54642e-07
1534 8.06454e-07
1535 7.60844e-07
1536 7.17682e-07
1537 6.76845e-07
1538 6.38214e-07
1539 6.01678e-07
1540 5.67129e-07
1541 5.34466e-07
1542 5.03592e-07
1543 4.74413e-07
1544 4.46844e-07
1545 4.20799e-07
1546 3.96199e-07
1547 3.72968e-07
1548 3.51035e-07
1549 3.30331e-07
1550 3.10791e-07
1551 2.92352e-07
1552 2.74957e-07
1553 2.58548e-07
1554 2.43075e-07
1555 2.28485e-07
1556 2.1473e-07
1557 2.01767e-07
1558 1.89551e-07
1559 1.78042e-07
1560 1.672e-07
1561 1.5699e-07
1562 1.47375e-07
1563 1.38324e-07
1564 1.29805e-07
1565 1.21788e-07
1566 1.14244e-07
1567 1.07148e-07
1568 1.00474e-07
1569 9.41983e-08
1570 8.8298e-08
1571 8.2752e-08
1572 7.75398e-08
1573 7.26423e-08
1574 6.80415e-08
1575 6.37203e-08
1576 5.96623e-08
1577 5.58523e-08
1578 5.22758e-08
1579 4.89193e-08
1580 4.57696e-08
1581 4.28148e-08
1582 4.00432e-08
1583 3.74441e-08
1584 3.50071e-08
1585 3.27225e-08
1586 3.05813e-08
1587 2.85749e-08
1588 2.66951e-08
1589 2.49343e-08
1590 2.32852e-08
1591 2.17411e-08
1592 2.02956e-08
1593 1.89427e-08
1594 1.76766e-08
1595 1.6492e-08
1596 1.53839e-08
1597 1.43475e-08
1598 1.33785e-08
1599 1.24725e-08
1600 1.16257e-08
1601 1.08344e-08
1602 1.0095e-08
1603 9.40423e-09
1604 8.75912e-09
1605 8.15671e-09
1606 7.5943e-09
1607 7.06932e-09
1608 6.57939e-09
1609 6.12225e-09
1610 5.69579e-09
1611 5.29803e-09
1612 4.92711e-09
1613 4.58129e-09
1614 4.25893e-09
1615 3.95851e-09
1616 3.67857e-09
1617 3.41778e-09
1618 3.17487e-09
1619 2.94867e-09
1620 2.73806e-09
1621 2.542e-09
1622 2.35954e-09
1623 2.18975e-09
1624 2.0318e-09
1625 1.88488e-09
1626 1.74825e-09
1627 1.62121e-09
1628 1.50311e-09
1629 1.39336e-09
1630 1.29137e-09
1631 1.19661e-09
1632 1.1086e-09
1633 1.02686e-09
1634 9.50969e-10
1635 8.80517e-10
1636 8.15128e-10
1637 7.5445e-10
1638 6.98155e-10
1639 6.45937e-10
1640 5.97509e-10
1641 5.52606e-10
1642 5.1098e-10
1643 4.72398e-10
1644 4.36645e-10
1645 4.03521e-10
1646 3.72838e-10
1647 3.44421e-10
1648 3.1811e-10
1649 2.93751e-10
1650 2.71206e-10
1651 2.50342e-10
1652 2.3104e-10
1653 2.13184e-10
1654 1.9667e-10
1655 1.81401e-10
1656 1.67284e-10
1657 1.54237e-10
1658 1.42179e-10
1659 1.31039e-10
1660 1.20749e-10
1661 1.11244e-10
1662 1.02469e-10
1663 9.43668e-11
1664 8.68888e-11
1665 7.99878e-11
1666 7.36206e-11
1667 6.77472e-11
1668 6.23302e-11
1669 5.73352e-11
1670 5.27303e-11
1671 4.84858e-11
1672 4.45742e-11
1673 4.09703e-11
1674 3.76504e-11
1675 3.45929e-11
1676 3.17774e-11
1677 2.91854e-11
1678 2.67996e-11
1679 2.4604e-11
1680 2.25839e-11
1681 2.07256e-11
1682 1.90165e-11
1683 1.7445e-11
1684 1.60002e-11
1685 1.46721e-11
1686 1.34517e-11
1687 1.23304e-11
1688 1.13004e-11
1689 1.03543e-11
1690 9.48565e-12
1691 8.68814e-12
1692 7.95613e-12
1693 7.28436e-12
1694 6.66801e-12
1695 6.10262e-12
1696 5.58407e-12
1697 5.10858e-12
1698 4.67266e-12
1699 4.27311e-12
1700 3.90695e-12
1701 3.57146e-12
1702 3.26415e-12
1703 2.98269e-12
1704 2.72496e-12
1705 2.48902e-12
1706 2.27306e-12
1707 2.07543e-12
1708 1.89461e-12
1709 1.7292e-12
1710 1.57792e-12
1711 1.4396e-12
1712 1.31314e-12
1713 1.19755e-12
1714 1.09193e-12
1715 9.95419e-13
1716 9.07264e-13
1717 8.26752e-13
1718 7.53236e-13
1719 6.86123e-13
1720 6.24865e-13
1721 5.68965e-13
1722 5.17963e-13
1723 4.71439e-13
1724 4.2901e-13
1725 3.90322e-13
1726 3.55052e-13
1727 3.22906e-13
1728 2.93612e-13
1729 2.66923e-13
1730 2.42612e-13
1731 2.20471e-13
1732 2.00311e-13
1733 1.81959e-13
1734 1.65255e-13
1735 1.50055e-13
1736 1.36226e-13
1737 1.23647e-13
1738 1.12207e-13
1739 1.01805e-13
1740 9.23492e-14
1741 8.37551e-14
1742 7.59456e-14
1743 6.88506e-14
1744 6.24061e-14
1745 5.65535e-14
1746 5.12395e-14
1747 4.64157e-14
1748 4.20376e-14
1749 3.80649e-14
1750 3.44607e-14
1751 3.11916e-14
1752 2.8227e-14
1753 2.55391e-14
1754 2.31025e-14
1755 2.08942e-14
1756 1.88933e-14
1757 1.70805e-14
1758 1.54386e-14
1759 1.39517e-14
1760 1.26056e-14
1761 1.1387e-14
1762 1.02842e-14
1763 9.2863e-15
1764 8.38357e-15
1765 7.56709e-15
1766 6.82876e-15
1767 6.16124e-15
1768 5.55786e-15
1769 5.01256e-15
1770 4.51986e-15
1771 4.07477e-15
1772 3.67278e-15
1773 3.30978e-15
1774 2.98206e-15
1775 2.68625e-15
1776 2.4193e-15
1777 2.17844e-15
1778 1.96117e-15
1779 1.76521e-15
1780 1.58852e-15
1781 1.42922e-15
1782 1.28564e-15
1783 1.15625e-15
1784 1.03968e-15
1785 9.34666e-16
1786 8.40093e-16
1787 7.54938e-16
1788 6.78278e-16
1789 6.0928e-16
1790 5.4719e-16
1791 4.91329e-16
1792 4.41082e-16
1793 3.95893e-16
1794 3.55263e-16
1795 3.18738e-16
1796 2.85911e-16
1797 2.56413e-16
1798 2.29912e-16
1799 2.06108e-16
1800 1.84731e-16
1801 1.65538e-16
1802 1.4831e-16
1803 1.32847e-16
1804 1.18973e-16
1805 1.06526e-16
1806 9.5362e-17
1807 8.53507e-17
1808 7.6375e-17
1809 6.83294e-17
1810 6.1119e-17
1811 5.46584e-17
1812 4.88708e-17
1813 4.36872e-17
1814 3.90456e-17
1815 3.489e-17
1816 3.11704e-17
1817 2.78416e-17
1818 2.48634e-17
1819 2.21992e-17
1820 1.98165e-17
1821 1.76859e-17
1822 1.57812e-17
1823 1.40788e-17
1824 1.25575e-17
1825 1.11983e-17
1826 9.98416e-18
1827 8.89987e-18
1828 7.93173e-18
1829 7.06747e-18
1830 6.29611e-18
1831 5.60779e-18
1832 4.99371e-18
1833 4.44597e-18
1834 3.9575e-18
1835 3.52199e-18
1836 3.13376e-18
1837 2.78776e-18
1838 2.47946e-18
1839 2.2048e-18
1840 1.96017e-18
1841 1.74233e-18
1842 1.54838e-18
1843 1.37574e-18
1844 1.2221e-18
1845 1.0854e-18
1846 9.63793e-19
1847 8.55635e-19
1848 7.5946e-19
1849 6.73958e-19
1850 5.9796e-19
1851 5.30423e-19
1852 4.70418e-19
1853 4.17116e-19
1854 3.69779e-19
1855 3.27746e-19
1856 2.90432e-19
1857 2.57313e-19
1858 2.27925e-19
1859 2.01852e-19
1860 1.78724e-19
1861 1.58215e-19
1862 1.4003e-19
1863 1.2391e-19
1864 1.09623e-19
1865 9.69638e-20
1866 8.57488e-20
1867 7.58154e-20
1868 6.7019e-20
1869 5.92311e-20
1870 5.23374e-20
1871 4.62366e-20
1872 4.08386e-20
1873 3.60634e-20
1874 3.184e-20
1875 2.81054e-20
1876 2.48038e-20
1877 2.18856e-20
1878 1.93067e-20
1879 1.70282e-20
1880 1.50155e-20
1881 1.3238e-20
1882 1.16685e-20
1883 1.0283e-20
1884 9.06017e-21
1885 7.98109e-21
1886 7.02908e-21
1887 6.18936e-21
1888 5.44884e-21
1889 4.79593e-21
1890 4.22039e-21
1891 3.71315e-21
1892 3.2662e-21
1893 2.87246e-21
1894 2.52567e-21
1895 2.22028e-21
1896 1.95142e-21
1897 1.71477e-21
1898 1.5065e-21
1899 1.32325e-21
1900 1.16206e-21
1901 1.02029e-21
1902 8.95632e-22
1903 7.86043e-22
1904 6.8972e-22
1905 6.05076e-22
1906 5.3071e-22
1907 4.65388e-22
1908 4.08022e-22
1909 3.57653e-22
1910 3.13437e-22
1911 2.74631e-22
1912 2.4058e-22
1913 2.10707e-22
1914 1.84505e-22
1915 1.61528e-22
1916 1.41383e-22
1917 1.23725e-22
1918 1.0825e-22
1919 9.46913e-23
1920 8.28134e-23
1921 7.24106e-23
1922 6.33014e-23
1923 5.53266e-23
1924 4.83465e-23
1925 4.22384e-23
1926 3.68943e-23
1927 3.22196e-23
1928 2.81314e-23
1929 2.45569e-23
1930 2.14321e-23
1931 1.8701e-23
1932 1.63146e-23
1933 1.42298e-23
1934 1.24088e-23
1935 1.08186e-23
1936 9.43024e-24
1937 8.21833e-24
1938 7.16069e-24
1939 6.23787e-24
1940 5.43283e-24
1941 4.73071e-24
1942 4.11848e-24
1943 3.58474e-24
1944 3.11951e-24
1945 2.7141e-24
1946 2.36089e-24
1947 2.05321e-24
1948 1.78527e-24
1949 1.55197e-24
1950 1.34887e-24
1951 1.17211e-24
1952 1.0183e-24
1953 8.84488e-25
1954 7.68102e-25
1955 6.66889e-25
1956 5.78895e-25
1957 5.02407e-25
1958 4.35932e-25
1959 3.78177e-25
1960 3.28005e-25
1961 2.84426e-25
1962 2.46588e-25
1963 2.13739e-25
1964 1.85228e-25
1965 1.60487e-25
1966 1.39021e-25
1967 1.20401e-25
1968 1.04253e-25
1969 9.02511e-26
1970 7.81143e-26
1971 6.75961e-26
1972 5.84811e-26
1973 5.05852e-26
1974 4.37457e-26
1975 3.78233e-26
1976 3.26963e-26
1977 2.82578e-26
1978 2.44168e-26
1979 2.10937e-26
1980 1.8219e-26
1981 1.57325e-26
1982 1.35828e-26
1983 1.17244e-26
1984 1.0118e-26
1985 8.72992e-27
1986 7.53064e-27
1987 6.4949e-27
1988 5.60035e-27
1989 4.82799e-27
1990 4.16132e-27
1991 3.58594e-27
1992 3.08946e-27
1993 2.66115e-27
1994 2.29174e-27
1995 1.97321e-27
1996 1.69861e-27
1997 1.4619e-27
1998 1.25791e-27
1999 1.08216e-27
2000 9.30785e-28
2001 8.004e-28
2002 6.88141e-28
2003 5.91509e-28
2004 5.0833e-28
2005 4.36764e-28
2006 3.75195e-28
2007 3.22235e-28
2008 2.76691e-28
2009 2.3754e-28
2010 2.03884e-28
2011 1.74958e-28
2012 1.50107e-28
2013 1.28758e-28
2014 1.10426e-28
2015 9.4681e-29
2016 8.11659e-29
2017 6.95673e-29
2018 5.96121e-29
2019 5.10727e-29
2020 4.37459e-29
2021 3.7463e-29
2022 3.20795e-29
2023 2.74614e-29
2024 2.35045e-29
2025 2.01151e-29
2026 1.72104e-29
2027 1.47232e-29
2028 1.25932e-29
2029 1.07702e-29
2030 9.20955e-30
2031 7.87451e-30
2032 6.73208e-30
2033 5.75497e-30
2034 4.91983e-30
2035 4.20566e-30
2036 3.59545e-30
2037 3.07412e-30
2038 2.62916e-30
2039 2.24905e-30
2040 1.92475e-30
2041 1.64859e-30
2042 1.41318e-30
2043 1.21281e-30
2044 1.04262e-30
2045 8.98114e-31
2046 7.75817e-31
2047 6.72739e-31
