0 7.81048e-28
1 6.81054e-28
2 5.96611e-28
3 5.25893e-28
4 4.67302e-28
5 4.19667e-28
6 3.81825e-28
7 3.52962e-28
8 3.32496e-28
9 3.19903e-28
10 3.1483e-28
11 3.17156e-28
12 3.26835e-28
13 3.44044e-28
14 3.69073e-28
15 4.02303e-28
16 4.44426e-28
17 4.96199e-28
18 5.58552e-28
19 6.3271e-28
20 7.20099e-28
21 8.222e-28
22 9.41073e-28
23 1.07909e-27
24 1.23868e-27
25 1.42281e-27
26 1.6351e-27
27 1.87955e-27
28 2.16056e-27
29 2.48358e-27
30 2.85435e-27
31 3.27995e-27
32 3.7686e-27
33 4.32867e-27
34 4.97101e-27
35 5.70722e-27
36 6.55055e-27
37 7.51723e-27
38 8.62393e-27
39 9.89147e-27
40 1.13422e-26
41 1.3002e-26
42 1.49021e-26
43 1.70757e-26
44 1.95627e-26
45 2.24049e-26
46 2.56543e-26
47 2.93704e-26
48 3.36158e-26
49 3.84679e-26
50 4.40106e-26
51 5.03384e-26
52 5.75651e-26
53 6.58167e-26
54 7.52334e-26
55 8.5979e-26
56 9.824e-26
57 1.12224e-25
58 1.28174e-25
59 1.46362e-25
60 1.6709e-25
61 1.90715e-25
62 2.17639e-25
63 2.48308e-25
64 2.83243e-25
65 3.23026e-25
66 3.68316e-25
67 4.19877e-25
68 4.78544e-25
69 5.45301e-25
70 6.21248e-25
71 7.07613e-25
72 8.05833e-25
73 9.17488e-25
74 1.04439e-24
75 1.18861e-24
76 1.35245e-24
77 1.53858e-24
78 1.74996e-24
79 1.98996e-24
80 2.26241e-24
81 2.57162e-24
82 2.92248e-24
83 3.3206e-24
84 3.77215e-24
85 4.28415e-24
86 4.86469e-24
87 5.52281e-24
88 6.26859e-24
89 7.11367e-24
90 8.07104e-24
91 9.15538e-24
92 1.03833e-23
93 1.17734e-23
94 1.33469e-23
95 1.51275e-23
96 1.71423e-23
97 1.94215e-23
98 2.19991e-23
99 2.49139e-23
100 2.82089e-23
101 3.19331e-23
102 3.61417e-23
103 4.08965e-23
104 4.62676e-23
105 5.23333e-23
106 5.91819e-23
107 6.69131e-23
108 7.56385e-23
109 8.54846e-23
110 9.65926e-23
111 1.09121e-22
112 1.23249e-22
113 1.39178e-22
114 1.57134e-22
115 1.77369e-22
116 2.00169e-22
117 2.25854e-22
118 2.54781e-22
119 2.87355e-22
120 3.24027e-22
121 3.65304e-22
122 4.11755e-22
123 4.64016e-22
124 5.22803e-22
125 5.88918e-22
126 6.63257e-22
127 7.46828e-22
128 8.40756e-22
129 9.46304e-22
130 1.06489e-21
131 1.19808e-21
132 1.34766e-21
133 1.51561e-21
134 1.70413e-21
135 1.91572e-21
136 2.15314e-21
137 2.4195e-21
138 2.71825e-21
139 3.05326e-21
140 3.42887e-21
141 3.84991e-21
142 4.32177e-21
143 4.85049e-21
144 5.44277e-21
145 6.10615e-21
146 6.84899e-21
147 7.68064e-21
148 8.61153e-21
149 9.65329e-21
150 1.08189e-20
151 1.21228e-20
152 1.3581e-20
153 1.52116e-20
154 1.70345e-20
155 1.9072e-20
156 2.13489e-20
157 2.38927e-20
158 2.67342e-20
159 2.99076e-20
160 3.34508e-20
161 3.74062e-20
162 4.18208e-20
163 4.67469e-20
164 5.22425e-20
165 5.83724e-20
166 6.52082e-20
167 7.28297e-20
168 8.13253e-20
169 9.07935e-20
170 1.01343e-19
171 1.13096e-19
172 1.26186e-19
173 1.40762e-19
174 1.5699e-19
175 1.75053e-19
176 1.95154e-19
177 2.1752e-19
178 2.424e-19
179 2.7007e-19
180 3.00838e-19
181 3.35043e-19
182 3.73062e-19
183 4.15311e-19
184 4.62251e-19
185 5.14393e-19
186 5.723e-19
187 6.36598e-19
188 7.07977e-19
189 7.87202e-19
190 8.75115e-19
191 9.72652e-19
192 1.08084e-18
193 1.20083e-18
194 1.33386e-18
195 1.48134e-18
196 1.64479e-18
197 1.82592e-18
198 2.02658e-18
199 2.24885e-18
200 2.495e-18
201 2.76753e-18
202 3.06922e-18
203 3.40312e-18
204 3.77258e-18
205 4.18132e-18
206 4.63342e-18
207 5.13337e-18
208 5.68612e-18
209 6.29713e-18
210 6.97239e-18
211 7.71852e-18
212 8.54276e-18
213 9.45313e-18
214 1.04584e-17
215 1.15682e-17
216 1.27933e-17
217 1.41452e-17
218 1.56368e-17
219 1.72822e-17
220 1.90969e-17
221 2.10979e-17
222 2.33038e-17
223 2.57352e-17
224 2.84144e-17
225 3.13663e-17
226 3.46178e-17
227 3.81987e-17
228 4.21414e-17
229 4.64817e-17
230 5.12587e-17
231 5.65152e-17
232 6.22982e-17
233 6.86592e-17
234 7.56544e-17
235 8.33456e-17
236 9.18003e-17
237 1.01092e-16
238 1.11303e-16
239 1.2252e-16
240 1.34841e-16
241 1.48371e-16
242 1.63226e-16
243 1.79533e-16
244 1.9743e-16
245 2.17068e-16
246 2.38613e-16
247 2.62244e-16
248 2.88158e-16
249 3.16571e-16
250 3.47717e-16
251 3.81852e-16
252 4.19255e-16
253 4.60231e-16
254 5.05114e-16
255 5.54264e-16
256 6.08077e-16
257 6.66983e-16
258 7.31452e-16
259 8.01994e-16
260 8.79166e-16
261 9.63574e-16
262 1.05588e-15
263 1.15679e-15
264 1.26711e-15
265 1.38766e-15
266 1.51938e-15
267 1.66328e-15
268 1.82045e-15
269 1.99206e-15
270 2.17942e-15
271 2.38393e-15
272 2.60711e-15
273 2.8506e-15
274 3.11622e-15
275 3.4059e-15
276 3.72177e-15
277 4.06611e-15
278 4.44141e-15
279 4.85039e-15
280 5.29596e-15
281 5.78129e-15
282 6.30984e-15
283 6.88533e-15
284 7.5118e-15
285 8.19362e-15
286 8.93555e-15
287 9.7427e-15
288 1.06206e-14
289 1.15754e-14
290 1.26135e-14
291 1.37419e-14
292 1.49683e-14
293 1.63009e-14
294 1.77487e-14
295 1.93213e-14
296 2.1029e-14
297 2.28832e-14
298 2.48961e-14
299 2.70807e-14
300 2.94512e-14
301 3.20231e-14
302 3.48128e-14
303 3.78382e-14
304 4.11185e-14
305 4.46747e-14
306 4.8529e-14
307 5.27057e-14
308 5.72309e-14
309 6.21327e-14
310 6.74413e-14
311 7.31895e-14
312 7.94124e-14
313 8.61478e-14
314 9.34365e-14
315 1.01322e-13
316 1.09853e-13
317 1.19078e-13
318 1.29053e-13
319 1.39837e-13
320 1.51493e-13
321 1.64088e-13
322 1.77696e-13
323 1.92395e-13
324 2.08269e-13
325 2.25409e-13
326 2.43911e-13
327 2.6388e-13
328 2.85428e-13
329 3.08674e-13
330 3.33746e-13
331 3.60784e-13
332 3.89935e-13
333 4.21357e-13
334 4.5522e-13
335 4.91707e-13
336 5.31011e-13
337 5.73343e-13
338 6.18925e-13
339 6.67997e-13
340 7.20816e-13
341 7.77655e-13
342 8.38808e-13
343 9.0459e-13
344 9.75336e-13
345 1.05141e-12
346 1.13318e-12
347 1.22108e-12
348 1.31553e-12
349 1.41701e-12
350 1.52602e-12
351 1.64309e-12
352 1.7688e-12
353 1.90376e-12
354 2.04861e-12
355 2.20407e-12
356 2.37086e-12
357 2.54979e-12
358 2.7417e-12
359 2.94749e-12
360 3.16813e-12
361 3.40465e-12
362 3.65813e-12
363 3.92975e-12
364 4.22076e-12
365 4.53247e-12
366 4.86629e-12
367 5.22373e-12
368 5.60639e-12
369 6.01597e-12
370 6.45428e-12
371 6.92324e-12
372 7.4249e-12
373 7.96145e-12
374 8.53518e-12
375 9.14856e-12
376 9.8042e-12
377 1.05049e-11
378 1.12535e-11
379 1.20533e-11
380 1.29074e-11
381 1.38195e-11
382 1.47932e-11
383 1.58325e-11
384 1.69415e-11
385 1.81248e-11
386 1.9387e-11
387 2.0733e-11
388 2.21682e-11
389 2.36981e-11
390 2.53286e-11
391 2.7066e-11
392 2.89168e-11
393 3.08879e-11
394 3.29869e-11
395 3.52215e-11
396 3.75998e-11
397 4.01307e-11
398 4.28233e-11
399 4.56873e-11
400 4.8733e-11
401 5.19713e-11
402 5.54135e-11
403 5.90718e-11
404 6.29589e-11
405 6.70882e-11
406 7.14741e-11
407 7.61314e-11
408 8.1076e-11
409 8.63246e-11
410 9.18947e-11
411 9.78051e-11
412 1.04075e-10
413 1.10726e-10
414 1.17779e-10
415 1.25256e-10
416 1.33184e-10
417 1.41586e-10
418 1.5049e-10
419 1.59924e-10
420 1.69919e-10
421 1.80504e-10
422 1.91715e-10
423 2.03585e-10
424 2.1615e-10
425 2.29451e-10
426 2.43527e-10
427 2.58421e-10
428 2.74178e-10
429 2.90845e-10
430 3.08472e-10
431 3.27111e-10
432 3.46816e-10
433 3.67645e-10
434 3.89659e-10
435 4.12919e-10
436 4.37493e-10
437 4.6345e-10
438 4.90863e-10
439 5.19806e-10
440 5.50361e-10
441 5.82611e-10
442 6.16642e-10
443 6.52545e-10
444 6.90415e-10
445 7.30353e-10
446 7.72461e-10
447 8.16847e-10
448 8.63625e-10
449 9.12911e-10
450 9.64829e-10
451 1.01951e-09
452 1.07707e-09
453 1.13767e-09
454 1.20145e-09
455 1.26854e-09
456 1.33912e-09
457 1.41334e-09
458 1.49138e-09
459 1.57339e-09
460 1.65958e-09
461 1.75013e-09
462 1.84523e-09
463 1.94509e-09
464 2.04992e-09
465 2.15995e-09
466 2.2754e-09
467 2.39651e-09
468 2.52353e-09
469 2.65673e-09
470 2.79636e-09
471 2.9427e-09
472 3.09606e-09
473 3.25672e-09
474 3.42501e-09
475 3.60124e-09
476 3.78577e-09
477 3.97894e-09
478 4.18113e-09
479 4.39271e-09
480 4.61409e-09
481 4.84569e-09
482 5.08793e-09
483 5.34127e-09
484 5.60619e-09
485 5.88316e-09
486 6.17271e-09
487 6.47536e-09
488 6.79167e-09
489 7.12222e-09
490 7.46759e-09
491 7.82843e-09
492 8.20537e-09
493 8.5991e-09
494 9.01031e-09
495 9.43973e-09
496 9.88813e-09
497 1.03563e-08
498 1.0845e-08
499 1.13551e-08
500 1.18875e-08
501 1.24431e-08
502 1.30228e-08
503 1.36276e-08
504 1.42585e-08
505 1.49165e-08
506 1.56026e-08
507 1.6318e-08
508 1.70638e-08
509 1.7841e-08
510 1.86509e-08
511 1.94947e-08
512 2.03737e-08
513 2.12889e-08
514 2.22419e-08
515 2.32337e-08
516 2.42659e-08
517 2.53397e-08
518 2.64565e-08
519 2.76178e-08
520 2.88248e-08
521 3.00791e-08
522 3.13821e-08
523 3.27353e-08
524 3.41401e-08
525 3.5598e-08
526 3.71106e-08
527 3.86793e-08
528 4.03056e-08
529 4.19912e-08
530 4.37374e-08
531 4.5546e-08
532 4.74183e-08
533 4.93561e-08
534 5.13608e-08
535 5.34341e-08
536 5.55776e-08
537 5.77928e-08
538 6.00815e-08
539 6.24452e-08
540 6.48856e-08
541 6.74046e-08
542 7.00036e-08
543 7.26847e-08
544 7.54495e-08
545 7.83e-08
546 8.1238e-08
547 8.42655e-08
548 8.73846e-08
549 9.05975e-08
550 9.39062e-08
551 9.73132e-08
552 1.00821e-07
553 1.04431e-07
554 1.08148e-07
555 1.11973e-07
556 1.15909e-07
557 1.1996e-07
558 1.24129e-07
559 1.28419e-07
560 1.32833e-07
561 1.37376e-07
562 1.42051e-07
563 1.46863e-07
564 1.51815e-07
565 1.56913e-07
566 1.6216e-07
567 1.67563e-07
568 1.73126e-07
569 1.78855e-07
570 1.84755e-07
571 1.90833e-07
572 1.97093e-07
573 2.03543e-07
574 2.10189e-07
575 2.17037e-07
576 2.24095e-07
577 2.31369e-07
578 2.38866e-07
579 2.46594e-07
580 2.5456e-07
581 2.6277e-07
582 2.71233e-07
583 2.79956e-07
584 2.88946e-07
585 2.98211e-07
586 3.07757e-07
587 3.17591e-07
588 3.2772e-07
589 3.38152e-07
590 3.48891e-07
591 3.59944e-07
592 3.71317e-07
593 3.83014e-07
594 3.9504e-07
595 4.074e-07
596 4.20097e-07
597 4.33133e-07
598 4.46512e-07
599 4.60234e-07
600 4.743e-07
601 4.8871e-07
602 5.03463e-07
603 5.18558e-07
604 5.33992e-07
605 5.4976e-07
606 5.65859e-07
607 5.82283e-07
608 5.99025e-07
609 6.16078e-07
610 6.33433e-07
611 6.5108e-07
612 6.6901e-07
613 6.8721e-07
614 7.05668e-07
615 7.2437e-07
616 7.43304e-07
617 7.62453e-07
618 7.81803e-07
619 8.01337e-07
620 8.21038e-07
621 8.4089e-07
622 8.60875e-07
623 8.80975e-07
624 9.01173e-07
625 9.2145e-07
626 9.4179e-07
627 9.62174e-07
628 9.82587e-07
629 1.00301e-06
630 1.02343e-06
631 1.04384e-06
632 1.06421e-06
633 1.08454e-06
634 1.10482e-06
635 1.12504e-06
636 1.14518e-06
637 1.16526e-06
638 1.18525e-06
639 1.20517e-06
640 1.22502e-06
641 1.2448e-06
642 1.26451e-06
643 1.28417e-06
644 1.3038e-06
645 1.32341e-06
646 1.34301e-06
647 1.36264e-06
648 1.38232e-06
649 1.40208e-06
650 1.42195e-06
651 1.44198e-06
652 1.4622e-06
653 1.48266e-06
654 1.50341e-06
655 1.52449e-06
656 1.54597e-06
657 1.56789e-06
658 1.59033e-06
659 1.61334e-06
660 1.63699e-06
661 1.66134e-06
662 1.68647e-06
663 1.71245e-06
664 1.73935e-06
665 1.76725e-06
666 1.79621e-06
667 1.82632e-06
668 1.85765e-06
669 1.89027e-06
670 1.92425e-06
671 1.95966e-06
672 1.99658e-06
673 2.03507e-06
674 2.07519e-06
675 2.117e-06
676 2.16056e-06
677 2.2059e-06
678 2.25309e-06
679 2.30216e-06
680 2.35313e-06
681 2.40604e-06
682 2.46089e-06
683 2.51771e-06
684 2.57649e-06
685 2.63722e-06
686 2.69988e-06
687 2.76445e-06
688 2.83088e-06
689 2.89914e-06
690 2.96915e-06
691 3.04085e-06
692 3.11415e-06
693 3.18896e-06
694 3.26518e-06
695 3.34268e-06
696 3.42133e-06
697 3.501e-06
698 3.58153e-06
699 3.66275e-06
700 3.74449e-06
701 3.82656e-06
702 3.90876e-06
703 3.99088e-06
704 4.0727e-06
705 4.154e-06
706 4.23454e-06
707 4.31406e-06
708 4.39233e-06
709 4.46908e-06
710 4.54404e-06
711 4.61695e-06
712 4.68753e-06
713 4.75551e-06
714 4.82061e-06
715 4.88254e-06
716 4.94104e-06
717 4.99583e-06
718 5.04663e-06
719 5.09318e-06
720 5.13521e-06
721 5.17246e-06
722 5.2047e-06
723 5.23168e-06
724 5.25317e-06
725 5.26896e-06
726 5.27886e-06
727 5.28267e-06
728 5.28023e-06
729 5.27139e-06
730 5.25601e-06
731 5.23398e-06
732 5.20522e-06
733 5.16965e-06
734 5.12724e-06
735 5.07797e-06
736 5.02183e-06
737 4.95887e-06
738 4.88915e-06
739 4.81276e-06
740 4.72981e-06
741 4.64046e-06
742 4.54488e-06
743 4.44329e-06
744 4.33591e-06
745 4.22303e-06
746 4.10495e-06
747 3.98198e-06
748 3.85451e-06
749 3.72292e-06
750 3.58764e-06
751 3.44912e-06
752 3.30784e-06
753 3.16432e-06
754 3.01909e-06
755 2.87271e-06
756 2.72579e-06
757 2.57892e-06
758 2.43277e-06
759 2.28797e-06
760 2.14522e-06
761 2.00521e-06
762 1.86866e-06
763 1.73631e-06
764 1.6089e-06
765 1.48718e-06
766 1.37194e-06
767 1.26393e-06
768 1.16396e-06
769 1.07279e-06
770 9.91235e-07
771 9.20067e-07
772 8.60077e-07
773 8.12047e-07
774 7.76751e-07
775 7.54957e-07
776 7.4742e-07
777 7.54881e-07
778 7.78069e-07
779 8.17693e-07
780 8.74443e-07
781 9.48989e-07
782 1.04198e-06
783 1.15403e-06
784 1.28573e-06
785 1.43766e-06
786 1.61035e-06
787 1.8043e-06
788 2.01998e-06
789 2.25783e-06
790 2.51824e-06
791 2.80159e-06
792 3.1082e-06
793 3.43836e-06
794 3.79231e-06
795 4.17027e-06
796 4.5724e-06
797 4.99883e-06
798 5.44966e-06
799 5.92493e-06
800 6.42465e-06
801 6.94878e-06
802 7.49726e-06
803 8.06997e-06
804 8.66677e-06
805 9.28747e-06
806 9.93185e-06
807 1.05996e-05
808 1.12906e-05
809 1.20043e-05
810 1.27405e-05
811 1.34988e-05
812 1.42788e-05
813 1.508e-05
814 1.5902e-05
815 1.67443e-05
816 1.76064e-05
817 1.84878e-05
818 1.93881e-05
819 2.03065e-05
820 2.12428e-05
821 2.21961e-05
822 2.31662e-05
823 2.41523e-05
824 2.51539e-05
825 2.61706e-05
826 2.72018e-05
827 2.8247e-05
828 2.93056e-05
829 3.03773e-05
830 3.14616e-05
831 3.2558e-05
832 3.36662e-05
833 3.47857e-05
834 3.59164e-05
835 3.70578e-05
836 3.82097e-05
837 3.9372e-05
838 4.05444e-05
839 4.17269e-05
840 4.29194e-05
841 4.4122e-05
842 4.53346e-05
843 4.65574e-05
844 4.77907e-05
845 4.90345e-05
846 5.02894e-05
847 5.15556e-05
848 5.28337e-05
849 5.41242e-05
850 5.54276e-05
851 5.67448e-05
852 5.80764e-05
853 5.94234e-05
854 6.07867e-05
855 6.21673e-05
856 6.35663e-05
857 6.4985e-05
858 6.64247e-05
859 6.78867e-05
860 6.93724e-05
861 7.08836e-05
862 7.24218e-05
863 7.39888e-05
864 7.55864e-05
865 7.72165e-05
866 7.88813e-05
867 8.05828e-05
868 8.23232e-05
869 8.41049e-05
870 8.59302e-05
871 8.78016e-05
872 8.97218e-05
873 9.16934e-05
874 9.37192e-05
875 9.5802e-05
876 9.79448e-05
877 0.000100151
878 0.000102423
879 0.000104764
880 0.000107178
881 0.000109668
882 0.000112237
883 0.00011489
884 0.000117629
885 0.000120458
886 0.000123382
887 0.000126404
888 0.000129527
889 0.000132757
890 0.000136097
891 0.000139551
892 0.000143123
893 0.000146818
894 0.00015064
895 0.000154594
896 0.000158683
897 0.000162914
898 0.000167289
899 0.000171814
900 0.000176494
901 0.000181334
902 0.000186337
903 0.00019151
904 0.000196857
905 0.000202383
906 0.000208094
907 0.000213993
908 0.000220088
909 0.000226382
910 0.000232881
911 0.000239591
912 0.000246516
913 0.000253663
914 0.000261036
915 0.000268641
916 0.000276484
917 0.00028457
918 0.000292904
919 0.000301494
920 0.000310344
921 0.000319459
922 0.000328847
923 0.000338512
924 0.00034846
925 0.000358698
926 0.000369231
927 0.000380065
928 0.000391207
929 0.000402662
930 0.000414436
931 0.000426536
932 0.000438968
933 0.000451737
934 0.000464851
935 0.000478314
936 0.000492135
937 0.000506318
938 0.00052087
939 0.000535798
940 0.000551108
941 0.000566807
942 0.0005829
943 0.000599395
944 0.000616298
945 0.000633615
946 0.000651353
947 0.000669519
948 0.000688119
949 0.00070716
950 0.000726649
951 0.000746592
952 0.000766996
953 0.000787867
954 0.000809214
955 0.000831041
956 0.000853357
957 0.000876167
958 0.00089948
959 0.0009233
960 0.000947637
961 0.000972495
962 0.000997883
963 0.00102381
964 0.00105027
965 0.00107729
966 0.00110486
967 0.001133
968 0.00116171
969 0.00119099
970 0.00122086
971 0.00125132
972 0.00128238
973 0.00131404
974 0.00134631
975 0.00137921
976 0.00141272
977 0.00144687
978 0.00148166
979 0.00151709
980 0.00155318
981 0.00158992
982 0.00162733
983 0.00166541
984 0.00170417
985 0.00174361
986 0.00178374
987 0.00182457
988 0.0018661
989 0.00190835
990 0.0019513
991 0.00199498
992 0.00203939
993 0.00208453
994 0.00213041
995 0.00217703
996 0.0022244
997 0.00227253
998 0.00232142
999 0.00237107
1000 0.0024215
1001 0.0024727
1002 0.00252468
1003 0.00257745
1004 0.00263101
1005 0.00268536
1006 0.00274051
1007 0.00279646
1008 0.00285322
1009 0.00291079
1010 0.00296917
1011 0.00302837
1012 0.00308838
1013 0.00314923
1014 0.00321089
1015 0.00327339
1016 0.00333671
1017 0.00340087
1018 0.00346587
1019 0.0035317
1020 0.00359837
1021 0.00366587
1022 0.00373422
1023 0.00380341
1024 0.00387344
1025 0.00394431
1026 0.00401602
1027 0.00408858
1028 0.00416197
1029 0.00423621
1030 0.00431128
1031 0.00438719
1032 0.00446393
1033 0.00454151
1034 0.00461992
1035 0.00469915
1036 0.00477922
1037 0.0048601
1038 0.0049418
1039 0.00502431
1040 0.00510764
1041 0.00519176
1042 0.00527669
1043 0.00536241
1044 0.00544892
1045 0.00553622
1046 0.00562429
1047 0.00571312
1048 0.00580272
1049 0.00589308
1050 0.00598418
1051 0.00607602
1052 0.00616858
1053 0.00626187
1054 0.00635587
1055 0.00645056
1056 0.00654595
1057 0.00664202
1058 0.00673875
1059 0.00683615
1060 0.00693418
1061 0.00703285
1062 0.00713214
1063 0.00723204
1064 0.00733252
1065 0.00743359
1066 0.00753522
1067 0.00763741
1068 0.00774012
1069 0.00784336
1070 0.0079471
1071 0.00805132
1072 0.00815602
1073 0.00826117
1074 0.00836675
1075 0.00847276
1076 0.00857916
1077 0.00868594
1078 0.00879308
1079 0.00890056
1080 0.00900836
1081 0.00911647
1082 0.00922486
1083 0.0093335
1084 0.00944238
1085 0.00955148
1086 0.00966078
1087 0.00977024
1088 0.00987985
1089 0.00998959
1090 0.0100994
1091 0.0102094
1092 0.0103193
1093 0.0104293
1094 0.0105393
1095 0.0106493
1096 0.0107593
1097 0.0108691
1098 0.0109789
1099 0.0110885
1100 0.011198
1101 0.0113074
1102 0.0114165
1103 0.0115254
1104 0.011634
1105 0.0117423
1106 0.0118504
1107 0.011958
1108 0.0120654
1109 0.0121723
1110 0.0122788
1111 0.0123848
1112 0.0124903
1113 0.0125954
1114 0.0126999
1115 0.0128038
1116 0.0129071
1117 0.0130098
1118 0.0131118
1119 0.0132132
1120 0.0133138
1121 0.0134137
1122 0.0135128
1123 0.0136111
1124 0.0137086
1125 0.0138052
1126 0.0139009
1127 0.0139956
1128 0.0140895
1129 0.0141823
1130 0.0142741
1131 0.0143649
1132 0.0144547
1133 0.0145433
1134 0.0146308
1135 0.0147172
1136 0.0148023
1137 0.0148863
1138 0.014969
1139 0.0150505
1140 0.0151307
1141 0.0152095
1142 0.015287
1143 0.0153632
1144 0.0154379
1145 0.0155113
1146 0.0155831
1147 0.0156535
1148 0.0157225
1149 0.0157898
1150 0.0158557
1151 0.01592
1152 0.0159827
1153 0.0160438
1154 0.0161032
1155 0.016161
1156 0.0162171
1157 0.0162715
1158 0.0163242
1159 0.0163752
1160 0.0164244
1161 0.0164719
1162 0.0165175
1163 0.0165614
1164 0.0166034
1165 0.0166435
1166 0.0166819
1167 0.0167183
1168 0.0167529
1169 0.0167855
1170 0.0168163
1171 0.0168451
1172 0.016872
1173 0.0168969
1174 0.0169199
1175 0.0169409
1176 0.01696
1177 0.016977
1178 0.0169921
1179 0.0170051
1180 0.0170162
1181 0.0170252
1182 0.0170322
1183 0.0170372
1184 0.0170402
1185 0.0170411
1186 0.01704
1187 0.0170369
1188 0.0170318
1189 0.0170246
1190 0.0170154
1191 0.0170042
1192 0.0169909
1193 0.0169756
1194 0.0169583
1195 0.016939
1196 0.0169177
1197 0.0168943
1198 0.016869
1199 0.0168417
1200 0.0168124
1201 0.0167811
1202 0.0167478
1203 0.0167126
1204 0.0166755
1205 0.0166364
1206 0.0165954
1207 0.0165525
1208 0.0165078
1209 0.0164611
1210 0.0164126
1211 0.0163622
1212 0.01631
1213 0.0162559
1214 0.0162001
1215 0.0161425
1216 0.0160831
1217 0.016022
1218 0.0159592
1219 0.0158947
1220 0.0158285
1221 0.0157606
1222 0.0156911
1223 0.0156199
1224 0.0155472
1225 0.0154729
1226 0.0153971
1227 0.0153197
1228 0.0152409
1229 0.0151606
1230 0.0150788
1231 0.0149956
1232 0.014911
1233 0.0148251
1234 0.0147378
1235 0.0146492
1236 0.0145593
1237 0.0144682
1238 0.0143758
1239 0.0142822
1240 0.0141875
1241 0.0140916
1242 0.0139946
1243 0.0138966
1244 0.0137975
1245 0.0136973
1246 0.0135962
1247 0.0134941
1248 0.0133911
1249 0.0132872
1250 0.0131825
1251 0.0130769
1252 0.0129704
1253 0.0128633
1254 0.0127554
1255 0.0126467
1256 0.0125374
1257 0.0124275
1258 0.0123169
1259 0.0122058
1260 0.0120941
1261 0.0119819
1262 0.0118692
1263 0.0117561
1264 0.0116425
1265 0.0115285
1266 0.0114142
1267 0.0112995
1268 0.0111846
1269 0.0110693
1270 0.0109539
1271 0.0108382
1272 0.0107224
1273 0.0106064
1274 0.0104903
1275 0.0103741
1276 0.0102578
1277 0.0101415
1278 0.0100252
1279 0.00990897
1280 0.00979277
1281 0.00967665
1282 0.00956065
1283 0.00944479
1284 0.0093291
1285 0.0092136
1286 0.00909833
1287 0.0089833
1288 0.00886855
1289 0.00875409
1290 0.00863996
1291 0.00852617
1292 0.00841276
1293 0.00829975
1294 0.00818715
1295 0.008075
1296 0.00796331
1297 0.00785211
1298 0.00774142
1299 0.00763126
1300 0.00752165
1301 0.00741262
1302 0.00730417
1303 0.00719634
1304 0.00708913
1305 0.00698258
1306 0.00687669
1307 0.00677148
1308 0.00666698
1309 0.00656319
1310 0.00646014
1311 0.00635784
1312 0.00625629
1313 0.00615553
1314 0.00605556
1315 0.0059564
1316 0.00585806
1317 0.00576054
1318 0.00566387
1319 0.00556806
1320 0.00547311
1321 0.00537904
1322 0.00528586
1323 0.00519357
1324 0.00510218
1325 0.00501172
1326 0.00492217
1327 0.00483355
1328 0.00474587
1329 0.00465913
1330 0.00457334
1331 0.00448851
1332 0.00440463
1333 0.00432172
1334 0.00423978
1335 0.00415881
1336 0.00407882
1337 0.0039998
1338 0.00392177
1339 0.00384472
1340 0.00376866
1341 0.00369358
1342 0.00361949
1343 0.00354639
1344 0.00347427
1345 0.00340314
1346 0.003333
1347 0.00326385
1348 0.00319567
1349 0.00312848
1350 0.00306227
1351 0.00299703
1352 0.00293277
1353 0.00286948
1354 0.00280715
1355 0.00274579
1356 0.00268539
1357 0.00262595
1358 0.00256745
1359 0.0025099
1360 0.00245328
1361 0.00239761
1362 0.00234286
1363 0.00228903
1364 0.00223612
1365 0.00218411
1366 0.00213301
1367 0.00208281
1368 0.00203349
1369 0.00198506
1370 0.0019375
1371 0.0018908
1372 0.00184497
1373 0.00179998
1374 0.00175584
1375 0.00171253
1376 0.00167005
1377 0.00162838
1378 0.00158752
1379 0.00154746
1380 0.00150819
1381 0.0014697
1382 0.00143199
1383 0.00139503
1384 0.00135883
1385 0.00132338
1386 0.00128866
1387 0.00125467
1388 0.00122139
1389 0.00118883
1390 0.00115695
1391 0.00112577
1392 0.00109526
1393 0.00106543
1394 0.00103625
1395 0.00100772
1396 0.000979827
1397 0.000952567
1398 0.000925926
1399 0.000899896
1400 0.000874467
1401 0.00084963
1402 0.000825373
1403 0.000801689
1404 0.000778567
1405 0.000755999
1406 0.000733974
1407 0.000712483
1408 0.000691516
1409 0.000671066
1410 0.000651121
1411 0.000631674
1412 0.000612714
1413 0.000594233
1414 0.000576222
1415 0.000558672
1416 0.000541574
1417 0.00052492
1418 0.000508699
1419 0.000492905
1420 0.000477528
1421 0.00046256
1422 0.000447993
1423 0.000433818
1424 0.000420027
1425 0.000406612
1426 0.000393564
1427 0.000380877
1428 0.000368543
1429 0.000356552
1430 0.000344899
1431 0.000333575
1432 0.000322573
1433 0.000311886
1434 0.000301506
1435 0.000291427
1436 0.000281641
1437 0.000272141
1438 0.000262921
1439 0.000253974
1440 0.000245293
1441 0.000236872
1442 0.000228705
1443 0.000220785
1444 0.000213106
1445 0.000205661
1446 0.000198446
1447 0.000191455
1448 0.00018468
1449 0.000178118
1450 0.000171762
1451 0.000165606
1452 0.000159646
1453 0.000153877
1454 0.000148293
1455 0.000142889
1456 0.00013766
1457 0.000132602
1458 0.000127709
1459 0.000122977
1460 0.000118403
1461 0.00011398
1462 0.000109705
1463 0.000105574
1464 0.000101582
1465 9.77256e-05
1466 9.40007e-05
1467 9.04035e-05
1468 8.693e-05
1469 8.35767e-05
1470 8.034e-05
1471 7.72162e-05
1472 7.42021e-05
1473 7.12943e-05
1474 6.84894e-05
1475 6.57843e-05
1476 6.3176e-05
1477 6.06613e-05
1478 5.82374e-05
1479 5.59013e-05
1480 5.36503e-05
1481 5.14817e-05
1482 4.93927e-05
1483 4.73809e-05
1484 4.54436e-05
1485 4.35785e-05
1486 4.17832e-05
1487 4.00554e-05
1488 3.83927e-05
1489 3.67932e-05
1490 3.52545e-05
1491 3.37747e-05
1492 3.23517e-05
1493 3.09836e-05
1494 2.96685e-05
1495 2.84047e-05
1496 2.71902e-05
1497 2.60233e-05
1498 2.49025e-05
1499 2.38261e-05
1500 2.27924e-05
1501 2.18e-05
1502 2.08474e-05
1503 1.99331e-05
1504 1.90558e-05
1505 1.82141e-05
1506 1.74067e-05
1507 1.66324e-05
1508 1.58899e-05
1509 1.5178e-05
1510 1.44956e-05
1511 1.38416e-05
1512 1.3215e-05
1513 1.26146e-05
1514 1.20395e-05
1515 1.14887e-05
1516 1.09613e-05
1517 1.04563e-05
1518 9.973e-06
1519 9.51042e-06
1520 9.06779e-06
1521 8.64432e-06
1522 8.23926e-06
1523 7.85186e-06
1524 7.48143e-06
1525 7.12729e-06
1526 6.78878e-06
1527 6.46526e-06
1528 6.15613e-06
1529 5.8608e-06
1530 5.57871e-06
1531 5.3093e-06
1532 5.05205e-06
1533 4.80646e-06
1534 4.57204e-06
1535 4.34833e-06
1536 4.13486e-06
1537 3.93121e-06
1538 3.73697e-06
1539 3.55172e-06
1540 3.37508e-06
1541 3.20669e-06
1542 3.04619e-06
1543 2.89323e-06
1544 2.74748e-06
1545 2.60864e-06
1546 2.47639e-06
1547 2.35045e-06
1548 2.23053e-06
1549 2.11637e-06
1550 2.00772e-06
1551 1.90432e-06
1552 1.80593e-06
1553 1.71234e-06
1554 1.62332e-06
1555 1.53867e-06
1556 1.45818e-06
1557 1.38166e-06
1558 1.30894e-06
1559 1.23983e-06
1560 1.17417e-06
1561 1.1118e-06
1562 1.05256e-06
1563 9.96301e-07
1564 9.4289e-07
1565 8.92188e-07
1566 8.44068e-07
1567 7.98406e-07
1568 7.55083e-07
1569 7.13989e-07
1570 6.75014e-07
1571 6.38056e-07
1572 6.03018e-07
1573 5.69805e-07
1574 5.38328e-07
1575 5.08502e-07
1576 4.80245e-07
1577 4.5348e-07
1578 4.28132e-07
1579 4.04131e-07
1580 3.81409e-07
1581 3.59901e-07
1582 3.39548e-07
1583 3.2029e-07
1584 3.02071e-07
1585 2.84839e-07
1586 2.68543e-07
1587 2.53136e-07
1588 2.3857e-07
1589 2.24804e-07
1590 2.11794e-07
1591 1.99503e-07
1592 1.87892e-07
1593 1.76926e-07
1594 1.66571e-07
1595 1.56794e-07
1596 1.47565e-07
1597 1.38855e-07
1598 1.30637e-07
1599 1.22883e-07
1600 1.15569e-07
1601 1.08671e-07
1602 1.02167e-07
1603 9.60349e-08
1604 9.02553e-08
1605 8.48085e-08
1606 7.96764e-08
1607 7.48416e-08
1608 7.02878e-08
1609 6.59994e-08
1610 6.19617e-08
1611 5.81607e-08
1612 5.45832e-08
1613 5.12167e-08
1614 4.80493e-08
1615 4.50698e-08
1616 4.22676e-08
1617 3.96325e-08
1618 3.71551e-08
1619 3.48264e-08
1620 3.26378e-08
1621 3.05813e-08
1622 2.86493e-08
1623 2.68346e-08
1624 2.51303e-08
1625 2.35301e-08
1626 2.20278e-08
1627 2.06177e-08
1628 1.92945e-08
1629 1.80529e-08
1630 1.68883e-08
1631 1.57959e-08
1632 1.47715e-08
1633 1.38111e-08
1634 1.29108e-08
1635 1.20671e-08
1636 1.12764e-08
1637 1.05357e-08
1638 9.84182e-09
1639 9.192e-09
1640 8.58354e-09
1641 8.01392e-09
1642 7.48074e-09
1643 6.98178e-09
1644 6.51493e-09
1645 6.07819e-09
1646 5.6697e-09
1647 5.28771e-09
1648 4.93057e-09
1649 4.59671e-09
1650 4.28469e-09
1651 3.99312e-09
1652 3.72072e-09
1653 3.46627e-09
1654 3.22863e-09
1655 3.00674e-09
1656 2.7996e-09
1657 2.60624e-09
1658 2.42581e-09
1659 2.25745e-09
1660 2.1004e-09
1661 1.95391e-09
1662 1.81731e-09
1663 1.68995e-09
1664 1.57124e-09
1665 1.46059e-09
1666 1.35749e-09
1667 1.26144e-09
1668 1.17196e-09
1669 1.08864e-09
1670 1.01105e-09
1671 9.38826e-10
1672 8.71599e-10
1673 8.09037e-10
1674 7.50829e-10
1675 6.9668e-10
1676 6.46319e-10
1677 5.99487e-10
1678 5.55947e-10
1679 5.15475e-10
1680 4.77861e-10
1681 4.4291e-10
1682 4.1044e-10
1683 3.80281e-10
1684 3.52273e-10
1685 3.26267e-10
1686 3.02126e-10
1687 2.79719e-10
1688 2.58926e-10
1689 2.39635e-10
1690 2.2174e-10
1691 2.05143e-10
1692 1.89754e-10
1693 1.75486e-10
1694 1.62261e-10
1695 1.50005e-10
1696 1.3865e-10
1697 1.2813e-10
1698 1.18386e-10
1699 1.09363e-10
1700 1.01009e-10
1701 9.32755e-11
1702 8.61183e-11
1703 7.94955e-11
1704 7.33684e-11
1705 6.77009e-11
1706 6.24596e-11
1707 5.76133e-11
1708 5.31331e-11
1709 4.89923e-11
1710 4.51656e-11
1711 4.16302e-11
1712 3.83643e-11
1713 3.5348e-11
1714 3.25627e-11
1715 2.99914e-11
1716 2.76179e-11
1717 2.54275e-11
1718 2.34064e-11
1719 2.1542e-11
1720 1.98223e-11
1721 1.82365e-11
1722 1.67744e-11
1723 1.54267e-11
1724 1.41846e-11
1725 1.304e-11
1726 1.19856e-11
1727 1.10143e-11
1728 1.01199e-11
1729 9.2963e-12
1730 8.53816e-12
1731 7.84037e-12
1732 7.19825e-12
1733 6.60748e-12
1734 6.06405e-12
1735 5.56427e-12
1736 5.10472e-12
1737 4.68223e-12
1738 4.29391e-12
1739 3.93704e-12
1740 3.60916e-12
1741 3.30795e-12
1742 3.03131e-12
1743 2.77729e-12
1744 2.54406e-12
1745 2.32998e-12
1746 2.13352e-12
1747 1.95325e-12
1748 1.78787e-12
1749 1.63618e-12
1750 1.49708e-12
1751 1.36955e-12
1752 1.25264e-12
1753 1.14549e-12
1754 1.04731e-12
1755 9.57368e-13
1756 8.7498e-13
1757 7.9953e-13
1758 7.30447e-13
1759 6.67206e-13
1760 6.09324e-13
1761 5.56358e-13
1762 5.07899e-13
1763 4.63573e-13
1764 4.23035e-13
1765 3.85967e-13
1766 3.52081e-13
1767 3.21108e-13
1768 2.92804e-13
1769 2.66944e-13
1770 2.43322e-13
1771 2.21747e-13
1772 2.02047e-13
1773 1.84062e-13
1774 1.67645e-13
1775 1.52664e-13
1776 1.38994e-13
1777 1.26525e-13
1778 1.15152e-13
1779 1.04781e-13
1780 9.53261e-14
1781 8.67076e-14
1782 7.88532e-14
1783 7.16965e-14
1784 6.51768e-14
1785 5.92386e-14
1786 5.38311e-14
1787 4.89078e-14
1788 4.44263e-14
1789 4.03476e-14
1790 3.66364e-14
1791 3.32601e-14
1792 3.01891e-14
1793 2.73964e-14
1794 2.48573e-14
1795 2.25492e-14
1796 2.04514e-14
1797 1.85452e-14
1798 1.68134e-14
1799 1.52405e-14
1800 1.3812e-14
1801 1.25149e-14
1802 1.13375e-14
1803 1.02689e-14
1804 9.2992e-15
1805 8.41944e-15
1806 7.62144e-15
1807 6.89774e-15
1808 6.24155e-15
1809 5.64669e-15
1810 5.10753e-15
1811 4.61896e-15
1812 4.17631e-15
1813 3.77535e-15
1814 3.41223e-15
1815 3.08343e-15
1816 2.78577e-15
1817 2.51636e-15
1818 2.27257e-15
1819 2.05199e-15
1820 1.85246e-15
1821 1.67201e-15
1822 1.50884e-15
1823 1.36134e-15
1824 1.22801e-15
1825 1.10752e-15
1826 9.98666e-16
1827 9.00332e-16
1828 8.11523e-16
1829 7.31331e-16
1830 6.58935e-16
1831 5.93589e-16
1832 5.3462e-16
1833 4.81415e-16
1834 4.3342e-16
1835 3.90134e-16
1836 3.51102e-16
1837 3.15914e-16
1838 2.84196e-16
1839 2.55613e-16
1840 2.2986e-16
1841 2.06661e-16
1842 1.85767e-16
1843 1.66953e-16
1844 1.50015e-16
1845 1.34769e-16
1846 1.21049e-16
1847 1.08704e-16
1848 9.7599e-17
1849 8.76113e-17
1850 7.86302e-17
1851 7.0556e-17
1852 6.32985e-17
1853 5.67763e-17
1854 5.09162e-17
1855 4.56519e-17
1856 4.09239e-17
1857 3.66783e-17
1858 3.28667e-17
1859 2.94455e-17
1860 2.63751e-17
1861 2.36203e-17
1862 2.11491e-17
1863 1.89326e-17
1864 1.69451e-17
1865 1.51633e-17
1866 1.35662e-17
1867 1.21349e-17
1868 1.08524e-17
1869 9.7036e-18
1870 8.67468e-18
1871 7.75333e-18
1872 6.92847e-18
1873 6.19014e-18
1874 5.5294e-18
1875 4.93821e-18
1876 4.40936e-18
1877 3.93637e-18
1878 3.51341e-18
1879 3.13529e-18
1880 2.7973e-18
1881 2.49526e-18
1882 2.22539e-18
1883 1.98431e-18
1884 1.769e-18
1885 1.57674e-18
1886 1.4051e-18
1887 1.25189e-18
1888 1.11517e-18
1889 9.93182e-19
1890 8.84363e-19
1891 7.8731e-19
1892 7.00769e-19
1893 6.23617e-19
1894 5.54849e-19
1895 4.93566e-19
1896 4.38965e-19
1897 3.90326e-19
1898 3.47008e-19
1899 3.08436e-19
1900 2.74097e-19
1901 2.43532e-19
1902 2.16333e-19
1903 1.92133e-19
1904 1.70606e-19
1905 1.51461e-19
1906 1.34438e-19
1907 1.19304e-19
1908 1.05853e-19
1909 9.38995e-20
1910 8.32793e-20
1911 7.38456e-20
1912 6.54674e-20
1913 5.80282e-20
1914 5.14241e-20
1915 4.55625e-20
1916 4.0361e-20
1917 3.57461e-20
1918 3.16526e-20
1919 2.80222e-20
1920 2.48033e-20
1921 2.19497e-20
1922 1.94206e-20
1923 1.71794e-20
1924 1.51938e-20
1925 1.34351e-20
1926 1.18775e-20
1927 1.04984e-20
1928 9.27758e-21
1929 8.19708e-21
1930 7.24096e-21
1931 6.39509e-21
1932 5.6469e-21
1933 4.98523e-21
1934 4.40022e-21
1935 3.88308e-21
1936 3.42603e-21
1937 3.02217e-21
1938 2.66537e-21
1939 2.35023e-21
1940 2.07194e-21
1941 1.82623e-21
1942 1.60934e-21
1943 1.41792e-21
1944 1.24901e-21
1945 1.10001e-21
1946 9.68585e-22
1947 8.52692e-22
1948 7.50515e-22
1949 6.60448e-22
1950 5.81074e-22
1951 5.11136e-22
1952 4.49525e-22
1953 3.9526e-22
1954 3.47476e-22
1955 3.05408e-22
1956 2.68378e-22
1957 2.35791e-22
1958 2.07118e-22
1959 1.81896e-22
1960 1.59713e-22
1961 1.40207e-22
1962 1.23058e-22
1963 1.07985e-22
1964 9.47394e-23
1965 8.31017e-23
1966 7.28785e-23
1967 6.39e-23
1968 5.60165e-23
1969 4.90958e-23
1970 4.30213e-23
1971 3.76907e-23
1972 3.3014e-23
1973 2.89117e-23
1974 2.53141e-23
1975 2.21595e-23
1976 1.93942e-23
1977 1.69706e-23
1978 1.48468e-23
1979 1.29861e-23
1980 1.13564e-23
1981 9.92914e-24
1982 8.67948e-24
1983 7.58559e-24
1984 6.62822e-24
1985 5.79053e-24
1986 5.05763e-24
1987 4.41662e-24
1988 3.85608e-24
1989 3.36598e-24
1990 2.93757e-24
1991 2.56318e-24
1992 2.23605e-24
1993 1.95026e-24
1994 1.70066e-24
1995 1.48271e-24
1996 1.29242e-24
1997 1.12632e-24
1998 9.81367e-25
1999 8.54904e-25
2000 7.4458e-25
2001 6.48355e-25
2002 5.64454e-25
2003 4.91314e-25
2004 4.27561e-25
2005 3.72003e-25
2006 3.236e-25
2007 2.81436e-25
2008 2.44716e-25
2009 2.12745e-25
2010 1.8491e-25
2011 1.60683e-25
2012 1.39603e-25
2013 1.21264e-25
2014 1.05311e-25
2015 9.14374e-26
2016 7.9376e-26
2017 6.889e-26
2018 5.97767e-26
2019 5.18588e-26
2020 4.49787e-26
2021 3.90039e-26
2022 3.38155e-26
2023 2.93098e-26
2024 2.53994e-26
2025 2.20056e-26
2026 1.90609e-26
2027 1.65067e-26
2028 1.42914e-26
2029 1.23702e-26
2030 1.07049e-26
2031 9.26121e-27
2032 8.01036e-27
2033 6.9271e-27
2034 5.98864e-27
2035 5.17606e-27
2036 4.4725e-27
2037 3.86373e-27
2038 3.33731e-27
2039 2.88204e-27
2040 2.48858e-27
2041 2.14892e-27
2042 1.8555e-27
2043 1.60252e-27
2044 1.38475e-27
2045 1.1973e-27
2046 1.03642e-27
2047 8.98633e-28
