0 7.75498e-28
1 6.65634e-28
2 5.72895e-28
3 4.9518e-28
4 4.30894e-28
5 3.78571e-28
6 3.37052e-28
7 3.05498e-28
8 2.8312e-28
9 2.69367e-28
10 2.6396e-28
11 2.66626e-28
12 2.77431e-28
13 2.965e-28
14 3.24098e-28
15 3.60798e-28
16 4.07191e-28
17 4.64157e-28
18 5.32729e-28
19 6.14215e-28
20 7.10097e-28
21 8.22191e-28
22 9.52697e-28
23 1.10393e-27
24 1.27875e-27
25 1.48054e-27
26 1.71303e-27
27 1.98049e-27
28 2.28805e-27
29 2.64113e-27
30 3.04654e-27
31 3.51204e-27
32 4.04563e-27
33 4.65763e-27
34 5.35908e-27
35 6.16256e-27
36 7.08358e-27
37 8.13805e-27
38 9.34571e-27
39 1.07279e-26
40 1.23094e-26
41 1.41196e-26
42 1.61906e-26
43 1.85601e-26
44 2.12681e-26
45 2.43641e-26
46 2.79047e-26
47 3.19498e-26
48 3.65729e-26
49 4.18543e-26
50 4.78838e-26
51 5.47699e-26
52 6.26329e-26
53 7.16064e-26
54 8.18464e-26
55 9.35309e-26
56 1.06858e-25
57 1.22059e-25
58 1.39393e-25
59 1.59149e-25
60 1.81667e-25
61 2.0733e-25
62 2.36563e-25
63 2.69864e-25
64 3.07787e-25
65 3.50961e-25
66 4.00116e-25
67 4.56047e-25
68 5.19692e-25
69 5.92103e-25
70 6.74449e-25
71 7.68102e-25
72 8.74569e-25
73 9.95581e-25
74 1.1331e-24
75 1.28935e-24
76 1.46686e-24
77 1.66846e-24
78 1.89736e-24
79 2.15722e-24
80 2.45215e-24
81 2.78683e-24
82 3.1666e-24
83 3.59735e-24
84 4.08579e-24
85 4.63964e-24
86 5.26753e-24
87 5.97908e-24
88 6.78539e-24
89 7.69889e-24
90 8.73359e-24
91 9.90531e-24
92 1.12319e-23
93 1.27335e-23
94 1.44329e-23
95 1.63558e-23
96 1.85312e-23
97 2.09915e-23
98 2.37737e-23
99 2.69189e-23
100 3.04741e-23
101 3.44918e-23
102 3.9031e-23
103 4.41589e-23
104 4.99502e-23
105 5.64891e-23
106 6.38711e-23
107 7.22026e-23
108 8.16047e-23
109 9.22122e-23
110 1.04177e-22
111 1.17669e-22
112 1.32882e-22
113 1.50032e-22
114 1.69359e-22
115 1.91137e-22
116 2.15671e-22
117 2.43305e-22
118 2.74422e-22
119 3.09456e-22
120 3.4889e-22
121 3.9327e-22
122 4.43203e-22
123 4.99373e-22
124 5.62549e-22
125 6.33585e-22
126 7.13446e-22
127 8.03208e-22
128 9.0408e-22
129 1.01741e-21
130 1.14472e-21
131 1.28769e-21
132 1.44822e-21
133 1.62843e-21
134 1.8307e-21
135 2.05767e-21
136 2.31231e-21
137 2.59793e-21
138 2.91824e-21
139 3.27738e-21
140 3.67998e-21
141 4.13119e-21
142 4.63678e-21
143 5.2032e-21
144 5.83762e-21
145 6.54808e-21
146 7.3435e-21
147 8.23389e-21
148 9.23036e-21
149 1.03453e-20
150 1.15926e-20
151 1.29877e-20
152 1.45477e-20
153 1.62917e-20
154 1.82411e-20
155 2.04197e-20
156 2.28538e-20
157 2.55728e-20
158 2.86095e-20
159 3.20003e-20
160 3.57858e-20
161 4.00108e-20
162 4.47256e-20
163 4.99858e-20
164 5.58532e-20
165 6.23966e-20
166 6.96925e-20
167 7.78255e-20
168 8.68899e-20
169 9.69903e-20
170 1.08243e-19
171 1.20776e-19
172 1.34733e-19
173 1.50272e-19
174 1.6757e-19
175 1.8682e-19
176 2.0824e-19
177 2.32068e-19
178 2.5857e-19
179 2.88041e-19
180 3.20806e-19
181 3.57225e-19
182 3.97698e-19
183 4.42667e-19
184 4.92622e-19
185 5.48103e-19
186 6.0971e-19
187 6.78106e-19
188 7.54022e-19
189 8.38268e-19
190 9.31741e-19
191 1.03543e-18
192 1.15042e-18
193 1.27794e-18
194 1.4193e-18
195 1.57598e-18
196 1.74961e-18
197 1.94198e-18
198 2.15507e-18
199 2.39106e-18
200 2.65236e-18
201 2.94164e-18
202 3.2618e-18
203 3.6161e-18
204 4.00807e-18
205 4.44164e-18
206 4.92112e-18
207 5.45127e-18
208 6.03733e-18
209 6.68504e-18
210 7.40076e-18
211 8.19145e-18
212 9.0648e-18
213 1.00292e-17
214 1.1094e-17
215 1.22694e-17
216 1.35666e-17
217 1.49979e-17
218 1.65768e-17
219 1.83183e-17
220 2.02386e-17
221 2.23557e-17
222 2.46893e-17
223 2.72609e-17
224 3.00943e-17
225 3.32155e-17
226 3.6653e-17
227 4.04381e-17
228 4.4605e-17
229 4.91914e-17
230 5.42385e-17
231 5.97914e-17
232 6.58995e-17
233 7.2617e-17
234 8.00032e-17
235 8.81231e-17
236 9.70477e-17
237 1.06855e-16
238 1.17629e-16
239 1.29465e-16
240 1.42463e-16
241 1.56734e-16
242 1.72401e-16
243 1.89597e-16
244 2.08467e-16
245 2.29169e-16
246 2.51878e-16
247 2.76782e-16
248 3.04088e-16
249 3.34023e-16
250 3.66833e-16
251 4.02786e-16
252 4.42175e-16
253 4.85322e-16
254 5.32573e-16
255 5.84311e-16
256 6.40948e-16
257 7.02936e-16
258 7.70768e-16
259 8.44978e-16
260 9.26151e-16
261 1.01492e-15
262 1.11198e-15
263 1.21808e-15
264 1.33404e-15
265 1.46074e-15
266 1.59917e-15
267 1.75036e-15
268 1.91546e-15
269 2.09572e-15
270 2.29249e-15
271 2.50722e-15
272 2.74153e-15
273 2.99713e-15
274 3.2759e-15
275 3.57988e-15
276 3.91128e-15
277 4.27251e-15
278 4.66616e-15
279 5.09505e-15
280 5.56225e-15
281 6.07107e-15
282 6.62511e-15
283 7.22826e-15
284 7.88474e-15
285 8.59912e-15
286 9.37636e-15
287 1.02218e-14
288 1.11413e-14
289 1.2141e-14
290 1.32279e-14
291 1.44092e-14
292 1.56929e-14
293 1.70876e-14
294 1.86026e-14
295 2.02479e-14
296 2.20345e-14
297 2.3974e-14
298 2.60791e-14
299 2.83636e-14
300 3.08422e-14
301 3.35309e-14
302 3.6447e-14
303 3.9609e-14
304 4.3037e-14
305 4.67528e-14
306 5.07795e-14
307 5.51426e-14
308 5.98689e-14
309 6.49879e-14
310 7.05311e-14
311 7.65323e-14
312 8.30282e-14
313 9.00582e-14
314 9.76645e-14
315 1.05893e-13
316 1.14792e-13
317 1.24416e-13
318 1.3482e-13
319 1.46065e-13
320 1.58218e-13
321 1.71348e-13
322 1.85532e-13
323 2.00851e-13
324 2.17392e-13
325 2.35248e-13
326 2.54521e-13
327 2.75319e-13
328 2.97757e-13
329 3.2196e-13
330 3.48061e-13
331 3.76203e-13
332 4.06539e-13
333 4.39234e-13
334 4.74463e-13
335 5.12415e-13
336 5.53292e-13
337 5.97311e-13
338 6.44702e-13
339 6.95715e-13
340 7.50613e-13
341 8.09683e-13
342 8.73226e-13
343 9.41569e-13
344 1.01506e-12
345 1.09407e-12
346 1.179e-12
347 1.27026e-12
348 1.36833e-12
349 1.47368e-12
350 1.58682e-12
351 1.70833e-12
352 1.83878e-12
353 1.97881e-12
354 2.1291e-12
355 2.29036e-12
356 2.46337e-12
357 2.64894e-12
358 2.84795e-12
359 3.06134e-12
360 3.2901e-12
361 3.53529e-12
362 3.79804e-12
363 4.07956e-12
364 4.38114e-12
365 4.70413e-12
366 5.05001e-12
367 5.42031e-12
368 5.81668e-12
369 6.24089e-12
370 6.6948e-12
371 7.18039e-12
372 7.69978e-12
373 8.2552e-12
374 8.84904e-12
375 9.48383e-12
376 1.01623e-11
377 1.08872e-11
378 1.16616e-11
379 1.24888e-11
380 1.33721e-11
381 1.43151e-11
382 1.53217e-11
383 1.6396e-11
384 1.75422e-11
385 1.87648e-11
386 2.00688e-11
387 2.14592e-11
388 2.29414e-11
389 2.45211e-11
390 2.62044e-11
391 2.79977e-11
392 2.99078e-11
393 3.19418e-11
394 3.41072e-11
395 3.64122e-11
396 3.8865e-11
397 4.14748e-11
398 4.42508e-11
399 4.72031e-11
400 5.03423e-11
401 5.36793e-11
402 5.72261e-11
403 6.09949e-11
404 6.49989e-11
405 6.92519e-11
406 7.37684e-11
407 7.8564e-11
408 8.36548e-11
409 8.90579e-11
410 9.47916e-11
411 1.00875e-10
412 1.07328e-10
413 1.14171e-10
414 1.21428e-10
415 1.29122e-10
416 1.37278e-10
417 1.45922e-10
418 1.55081e-10
419 1.64785e-10
420 1.75064e-10
421 1.85951e-10
422 1.9748e-10
423 2.09685e-10
424 2.22606e-10
425 2.36282e-10
426 2.50754e-10
427 2.66066e-10
428 2.82264e-10
429 2.99396e-10
430 3.17514e-10
431 3.3667e-10
432 3.5692e-10
433 3.78323e-10
434 4.00941e-10
435 4.24837e-10
436 4.50081e-10
437 4.76741e-10
438 5.04893e-10
439 5.34613e-10
440 5.65983e-10
441 5.99088e-10
442 6.34016e-10
443 6.70859e-10
444 7.09714e-10
445 7.50683e-10
446 7.93869e-10
447 8.39384e-10
448 8.8734e-10
449 9.37858e-10
450 9.91062e-10
451 1.04708e-09
452 1.10605e-09
453 1.16811e-09
454 1.2334e-09
455 1.30208e-09
456 1.37431e-09
457 1.45025e-09
458 1.53006e-09
459 1.61394e-09
460 1.70206e-09
461 1.79462e-09
462 1.89181e-09
463 1.99385e-09
464 2.10094e-09
465 2.21332e-09
466 2.33122e-09
467 2.45488e-09
468 2.58455e-09
469 2.7205e-09
470 2.863e-09
471 3.01233e-09
472 3.1688e-09
473 3.33271e-09
474 3.50439e-09
475 3.68415e-09
476 3.87237e-09
477 4.06939e-09
478 4.27561e-09
479 4.4914e-09
480 4.71718e-09
481 4.95339e-09
482 5.20045e-09
483 5.45885e-09
484 5.72906e-09
485 6.01159e-09
486 6.30696e-09
487 6.61572e-09
488 6.93843e-09
489 7.27569e-09
490 7.62811e-09
491 7.99634e-09
492 8.38103e-09
493 8.78288e-09
494 9.2026e-09
495 9.64094e-09
496 1.00987e-08
497 1.05766e-08
498 1.10755e-08
499 1.15963e-08
500 1.21399e-08
501 1.27071e-08
502 1.3299e-08
503 1.39164e-08
504 1.45604e-08
505 1.52321e-08
506 1.59324e-08
507 1.66624e-08
508 1.74233e-08
509 1.82163e-08
510 1.90424e-08
511 1.99029e-08
512 2.0799e-08
513 2.17319e-08
514 2.2703e-08
515 2.37134e-08
516 2.47645e-08
517 2.58576e-08
518 2.69941e-08
519 2.81754e-08
520 2.94028e-08
521 3.06776e-08
522 3.20015e-08
523 3.33756e-08
524 3.48016e-08
525 3.62808e-08
526 3.78148e-08
527 3.94049e-08
528 4.10527e-08
529 4.27596e-08
530 4.45273e-08
531 4.63571e-08
532 4.82507e-08
533 5.02095e-08
534 5.22352e-08
535 5.43293e-08
536 5.64934e-08
537 5.87292e-08
538 6.10383e-08
539 6.34224e-08
540 6.58833e-08
541 6.84225e-08
542 7.10421e-08
543 7.37438e-08
544 7.65296e-08
545 7.94013e-08
546 8.23612e-08
547 8.54112e-08
548 8.85536e-08
549 9.17906e-08
550 9.51248e-08
551 9.85586e-08
552 1.02095e-07
553 1.05736e-07
554 1.09484e-07
555 1.13344e-07
556 1.17318e-07
557 1.2141e-07
558 1.25622e-07
559 1.29959e-07
560 1.34424e-07
561 1.39023e-07
562 1.43758e-07
563 1.48634e-07
564 1.53657e-07
565 1.5883e-07
566 1.64159e-07
567 1.6965e-07
568 1.75307e-07
569 1.81136e-07
570 1.87144e-07
571 1.93336e-07
572 1.99718e-07
573 2.06297e-07
574 2.1308e-07
575 2.20072e-07
576 2.27282e-07
577 2.34714e-07
578 2.42378e-07
579 2.50279e-07
580 2.58424e-07
581 2.66821e-07
582 2.75476e-07
583 2.84396e-07
584 2.93589e-07
585 3.03059e-07
586 3.12814e-07
587 3.2286e-07
588 3.33203e-07
589 3.43848e-07
590 3.548e-07
591 3.66064e-07
592 3.77644e-07
593 3.89545e-07
594 4.01768e-07
595 4.14317e-07
596 4.27193e-07
597 4.40398e-07
598 4.53933e-07
599 4.67797e-07
600 4.81988e-07
601 4.96506e-07
602 5.11347e-07
603 5.26509e-07
604 5.41985e-07
605 5.57772e-07
606 5.73862e-07
607 5.90249e-07
608 6.06925e-07
609 6.2388e-07
610 6.41105e-07
611 6.58588e-07
612 6.76319e-07
613 6.94285e-07
614 7.12474e-07
615 7.30871e-07
616 7.49463e-07
617 7.68234e-07
618 7.8717e-07
619 8.06255e-07
620 8.25474e-07
621 8.4481e-07
622 8.64249e-07
623 8.83774e-07
624 9.0337e-07
625 9.23023e-07
626 9.42717e-07
627 9.6244e-07
628 9.82178e-07
629 1.00192e-06
630 1.02165e-06
631 1.04137e-06
632 1.06107e-06
633 1.08073e-06
634 1.10036e-06
635 1.11996e-06
636 1.13952e-06
637 1.15904e-06
638 1.17853e-06
639 1.19801e-06
640 1.21747e-06
641 1.23693e-06
642 1.25641e-06
643 1.27592e-06
644 1.29549e-06
645 1.31514e-06
646 1.3349e-06
647 1.3548e-06
648 1.37488e-06
649 1.39518e-06
650 1.41573e-06
651 1.43658e-06
652 1.45778e-06
653 1.47937e-06
654 1.50142e-06
655 1.52397e-06
656 1.54709e-06
657 1.57083e-06
658 1.59526e-06
659 1.62045e-06
660 1.64645e-06
661 1.67333e-06
662 1.70117e-06
663 1.73003e-06
664 1.75999e-06
665 1.7911e-06
666 1.82343e-06
667 1.85706e-06
668 1.89204e-06
669 1.92845e-06
670 1.96633e-06
671 2.00575e-06
672 2.04676e-06
673 2.08941e-06
674 2.13374e-06
675 2.1798e-06
676 2.22761e-06
677 2.27722e-06
678 2.32862e-06
679 2.38185e-06
680 2.43691e-06
681 2.49379e-06
682 2.55248e-06
683 2.61297e-06
684 2.67523e-06
685 2.73921e-06
686 2.80488e-06
687 2.87216e-06
688 2.941e-06
689 3.01131e-06
690 3.083e-06
691 3.15596e-06
692 3.23009e-06
693 3.30526e-06
694 3.38133e-06
695 3.45816e-06
696 3.53559e-06
697 3.61345e-06
698 3.69155e-06
699 3.76972e-06
700 3.84775e-06
701 3.92544e-06
702 4.00256e-06
703 4.0789e-06
704 4.15422e-06
705 4.22828e-06
706 4.30084e-06
707 4.37165e-06
708 4.44045e-06
709 4.50698e-06
710 4.57099e-06
711 4.63221e-06
712 4.69039e-06
713 4.74525e-06
714 4.79655e-06
715 4.84403e-06
716 4.88744e-06
717 4.92653e-06
718 4.96106e-06
719 4.99081e-06
720 5.01556e-06
721 5.03509e-06
722 5.04921e-06
723 5.05773e-06
724 5.0605e-06
725 5.05735e-06
726 5.04815e-06
727 5.03279e-06
728 5.01117e-06
729 4.98321e-06
730 4.94886e-06
731 4.90808e-06
732 4.86088e-06
733 4.80727e-06
734 4.74729e-06
735 4.68102e-06
736 4.60854e-06
737 4.53e-06
738 4.44553e-06
739 4.35532e-06
740 4.25959e-06
741 4.15857e-06
742 4.05253e-06
743 3.94178e-06
744 3.82664e-06
745 3.70747e-06
746 3.58466e-06
747 3.45861e-06
748 3.32979e-06
749 3.19865e-06
750 3.06569e-06
751 2.93143e-06
752 2.79643e-06
753 2.66126e-06
754 2.5265e-06
755 2.39278e-06
756 2.26073e-06
757 2.131e-06
758 2.00426e-06
759 1.8812e-06
760 1.76252e-06
761 1.64894e-06
762 1.54116e-06
763 1.43993e-06
764 1.34598e-06
765 1.26005e-06
766 1.18288e-06
767 1.11522e-06
768 1.0578e-06
769 1.01137e-06
770 9.76651e-07
771 9.54368e-07
772 9.45234e-07
773 9.49948e-07
774 9.69195e-07
775 1.00364e-06
776 1.05394e-06
777 1.12072e-06
778 1.20459e-06
779 1.30613e-06
780 1.42589e-06
781 1.5644e-06
782 1.72217e-06
783 1.89966e-06
784 2.0973e-06
785 2.31549e-06
786 2.55462e-06
787 2.81499e-06
788 3.09691e-06
789 3.40064e-06
790 3.72639e-06
791 4.07433e-06
792 4.44461e-06
793 4.83732e-06
794 5.25252e-06
795 5.69023e-06
796 6.15043e-06
797 6.63305e-06
798 7.138e-06
799 7.66512e-06
800 8.21425e-06
801 8.78517e-06
802 9.37762e-06
803 9.99132e-06
804 1.06259e-05
805 1.12812e-05
806 1.19565e-05
807 1.26517e-05
808 1.33662e-05
809 1.40996e-05
810 1.48513e-05
811 1.5621e-05
812 1.64079e-05
813 1.72117e-05
814 1.80317e-05
815 1.88674e-05
816 1.97181e-05
817 2.05834e-05
818 2.14626e-05
819 2.23551e-05
820 2.32603e-05
821 2.41778e-05
822 2.51068e-05
823 2.60468e-05
824 2.69974e-05
825 2.79579e-05
826 2.89279e-05
827 2.9907e-05
828 3.08945e-05
829 3.18902e-05
830 3.28936e-05
831 3.39044e-05
832 3.49222e-05
833 3.59469e-05
834 3.69782e-05
835 3.80159e-05
836 3.90598e-05
837 4.01101e-05
838 4.11665e-05
839 4.22292e-05
840 4.32983e-05
841 4.43739e-05
842 4.54564e-05
843 4.6546e-05
844 4.76431e-05
845 4.87481e-05
846 4.98616e-05
847 5.09843e-05
848 5.21167e-05
849 5.32597e-05
850 5.44141e-05
851 5.55808e-05
852 5.67609e-05
853 5.79554e-05
854 5.91657e-05
855 6.03928e-05
856 6.16383e-05
857 6.29035e-05
858 6.419e-05
859 6.54994e-05
860 6.68335e-05
861 6.81941e-05
862 6.9583e-05
863 7.10023e-05
864 7.24541e-05
865 7.39405e-05
866 7.54638e-05
867 7.70263e-05
868 7.86305e-05
869 8.0279e-05
870 8.19743e-05
871 8.37192e-05
872 8.55164e-05
873 8.73688e-05
874 8.92795e-05
875 9.12513e-05
876 9.32875e-05
877 9.53912e-05
878 9.75658e-05
879 9.98146e-05
880 0.000102141
881 0.000104549
882 0.000107041
883 0.000109622
884 0.000112295
885 0.000115064
886 0.000117932
887 0.000120905
888 0.000123985
889 0.000127178
890 0.000130486
891 0.000133914
892 0.000137467
893 0.000141149
894 0.000144964
895 0.000148917
896 0.000153011
897 0.000157253
898 0.000161645
899 0.000166194
900 0.000170903
901 0.000175777
902 0.000180822
903 0.000186041
904 0.000191441
905 0.000197025
906 0.000202799
907 0.000208768
908 0.000214937
909 0.000221311
910 0.000227895
911 0.000234695
912 0.000241715
913 0.000248961
914 0.000256438
915 0.000264152
916 0.000272108
917 0.000280311
918 0.000288767
919 0.000297481
920 0.000306459
921 0.000315707
922 0.00032523
923 0.000335033
924 0.000345123
925 0.000355504
926 0.000366184
927 0.000377167
928 0.00038846
929 0.000400068
930 0.000411997
931 0.000424253
932 0.000436842
933 0.00044977
934 0.000463044
935 0.000476668
936 0.000490649
937 0.000504994
938 0.000519708
939 0.000534798
940 0.00055027
941 0.000566129
942 0.000582383
943 0.000599038
944 0.0006161
945 0.000633575
946 0.000651469
947 0.00066979
948 0.000688544
949 0.000707736
950 0.000727375
951 0.000747465
952 0.000768014
953 0.000789029
954 0.000810515
955 0.00083248
956 0.00085493
957 0.000877872
958 0.000901313
959 0.000925258
960 0.000949716
961 0.000974693
962 0.00100019
963 0.00102623
964 0.0010528
965 0.00107992
966 0.00110759
967 0.00113582
968 0.00116462
969 0.00119399
970 0.00122394
971 0.00125448
972 0.0012856
973 0.00131733
974 0.00134967
975 0.00138262
976 0.00141619
977 0.00145039
978 0.00148522
979 0.00152069
980 0.0015568
981 0.00159357
982 0.001631
983 0.0016691
984 0.00170787
985 0.00174732
986 0.00178745
987 0.00182827
988 0.0018698
989 0.00191202
990 0.00195496
991 0.00199861
992 0.00204299
993 0.00208809
994 0.00213393
995 0.0021805
996 0.00222782
997 0.00227589
998 0.00232471
999 0.0023743
1000 0.00242465
1001 0.00247577
1002 0.00252767
1003 0.00258034
1004 0.0026338
1005 0.00268805
1006 0.0027431
1007 0.00279894
1008 0.00285558
1009 0.00291302
1010 0.00297128
1011 0.00303035
1012 0.00309023
1013 0.00315093
1014 0.00321245
1015 0.00327479
1016 0.00333796
1017 0.00340196
1018 0.00346679
1019 0.00353245
1020 0.00359895
1021 0.00366627
1022 0.00373444
1023 0.00380344
1024 0.00387328
1025 0.00394395
1026 0.00401547
1027 0.00408782
1028 0.004161
1029 0.00423502
1030 0.00430988
1031 0.00438557
1032 0.00446209
1033 0.00453944
1034 0.00461762
1035 0.00469662
1036 0.00477645
1037 0.00485709
1038 0.00493855
1039 0.00502081
1040 0.00510389
1041 0.00518776
1042 0.00527244
1043 0.0053579
1044 0.00544415
1045 0.00553118
1046 0.00561899
1047 0.00570756
1048 0.00579689
1049 0.00588697
1050 0.00597779
1051 0.00606936
1052 0.00616164
1053 0.00625465
1054 0.00634837
1055 0.00644278
1056 0.00653789
1057 0.00663367
1058 0.00673012
1059 0.00682722
1060 0.00692497
1061 0.00702335
1062 0.00712235
1063 0.00722196
1064 0.00732216
1065 0.00742293
1066 0.00752428
1067 0.00762617
1068 0.00772859
1069 0.00783154
1070 0.00793499
1071 0.00803893
1072 0.00814333
1073 0.0082482
1074 0.00835349
1075 0.00845921
1076 0.00856533
1077 0.00867182
1078 0.00877868
1079 0.00888589
1080 0.00899341
1081 0.00910124
1082 0.00920935
1083 0.00931773
1084 0.00942634
1085 0.00953517
1086 0.0096442
1087 0.00975341
1088 0.00986276
1089 0.00997224
1090 0.0100818
1091 0.0101915
1092 0.0103012
1093 0.010411
1094 0.0105208
1095 0.0106305
1096 0.0107402
1097 0.0108499
1098 0.0109594
1099 0.0110689
1100 0.0111781
1101 0.0112873
1102 0.0113962
1103 0.0115049
1104 0.0116133
1105 0.0117214
1106 0.0118293
1107 0.0119368
1108 0.012044
1109 0.0121507
1110 0.012257
1111 0.0123629
1112 0.0124683
1113 0.0125732
1114 0.0126776
1115 0.0127814
1116 0.0128846
1117 0.0129872
1118 0.0130891
1119 0.0131904
1120 0.0132909
1121 0.0133907
1122 0.0134897
1123 0.013588
1124 0.0136854
1125 0.0137819
1126 0.0138776
1127 0.0139723
1128 0.0140661
1129 0.0141589
1130 0.0142508
1131 0.0143416
1132 0.0144313
1133 0.0145199
1134 0.0146075
1135 0.0146938
1136 0.0147791
1137 0.0148631
1138 0.0149459
1139 0.0150274
1140 0.0151076
1141 0.0151866
1142 0.0152642
1143 0.0153404
1144 0.0154153
1145 0.0154887
1146 0.0155607
1147 0.0156312
1148 0.0157003
1149 0.0157678
1150 0.0158338
1151 0.0158983
1152 0.0159611
1153 0.0160224
1154 0.016082
1155 0.01614
1156 0.0161964
1157 0.016251
1158 0.0163039
1159 0.0163551
1160 0.0164045
1161 0.0164522
1162 0.0164981
1163 0.0165422
1164 0.0165845
1165 0.0166249
1166 0.0166635
1167 0.0167003
1168 0.0167351
1169 0.0167681
1170 0.0167991
1171 0.0168283
1172 0.0168555
1173 0.0168807
1174 0.016904
1175 0.0169254
1176 0.0169447
1177 0.0169621
1178 0.0169775
1179 0.016991
1180 0.0170024
1181 0.0170118
1182 0.0170191
1183 0.0170245
1184 0.0170279
1185 0.0170292
1186 0.0170285
1187 0.0170258
1188 0.017021
1189 0.0170142
1190 0.0170054
1191 0.0169946
1192 0.0169818
1193 0.0169669
1194 0.01695
1195 0.0169311
1196 0.0169102
1197 0.0168872
1198 0.0168623
1199 0.0168354
1200 0.0168066
1201 0.0167757
1202 0.0167429
1203 0.0167081
1204 0.0166714
1205 0.0166328
1206 0.0165922
1207 0.0165498
1208 0.0165054
1209 0.0164592
1210 0.0164111
1211 0.0163612
1212 0.0163094
1213 0.0162558
1214 0.0162004
1215 0.0161432
1216 0.0160843
1217 0.0160236
1218 0.0159612
1219 0.0158972
1220 0.0158314
1221 0.0157639
1222 0.0156949
1223 0.0156242
1224 0.0155519
1225 0.015478
1226 0.0154026
1227 0.0153257
1228 0.0152472
1229 0.0151673
1230 0.015086
1231 0.0150032
1232 0.014919
1233 0.0148335
1234 0.0147466
1235 0.0146584
1236 0.0145689
1237 0.0144782
1238 0.0143862
1239 0.0142931
1240 0.0141987
1241 0.0141033
1242 0.0140067
1243 0.013909
1244 0.0138102
1245 0.0137105
1246 0.0136097
1247 0.013508
1248 0.0134054
1249 0.0133019
1250 0.0131975
1251 0.0130922
1252 0.0129862
1253 0.0128793
1254 0.0127717
1255 0.0126635
1256 0.0125545
1257 0.0124449
1258 0.0123346
1259 0.0122238
1260 0.0121124
1261 0.0120005
1262 0.0118882
1263 0.0117753
1264 0.011662
1265 0.0115483
1266 0.0114343
1267 0.0113199
1268 0.0112052
1269 0.0110903
1270 0.0109751
1271 0.0108596
1272 0.010744
1273 0.0106283
1274 0.0105124
1275 0.0103964
1276 0.0102804
1277 0.0101643
1278 0.0100482
1279 0.00993216
1280 0.00981616
1281 0.00970023
1282 0.0095844
1283 0.00946871
1284 0.00935318
1285 0.00923784
1286 0.00912271
1287 0.00900782
1288 0.0088932
1289 0.00877887
1290 0.00866485
1291 0.00855118
1292 0.00843787
1293 0.00832495
1294 0.00821244
1295 0.00810036
1296 0.00798875
1297 0.00787761
1298 0.00776698
1299 0.00765686
1300 0.0075473
1301 0.00743829
1302 0.00732987
1303 0.00722205
1304 0.00711486
1305 0.0070083
1306 0.00690241
1307 0.00679719
1308 0.00669266
1309 0.00658885
1310 0.00648576
1311 0.00638341
1312 0.00628182
1313 0.006181
1314 0.00608096
1315 0.00598173
1316 0.00588331
1317 0.00578571
1318 0.00568895
1319 0.00559303
1320 0.00549798
1321 0.0054038
1322 0.0053105
1323 0.00521809
1324 0.00512657
1325 0.00503597
1326 0.00494628
1327 0.00485752
1328 0.00476969
1329 0.00468279
1330 0.00459684
1331 0.00451184
1332 0.0044278
1333 0.00434471
1334 0.00426259
1335 0.00418144
1336 0.00410126
1337 0.00402205
1338 0.00394383
1339 0.00386658
1340 0.00379032
1341 0.00371503
1342 0.00364074
1343 0.00356742
1344 0.00349509
1345 0.00342375
1346 0.00335339
1347 0.00328401
1348 0.00321562
1349 0.0031482
1350 0.00308176
1351 0.0030163
1352 0.00295181
1353 0.00288829
1354 0.00282573
1355 0.00276414
1356 0.00270351
1357 0.00264383
1358 0.00258509
1359 0.00252731
1360 0.00247046
1361 0.00241455
1362 0.00235956
1363 0.0023055
1364 0.00225235
1365 0.00220011
1366 0.00214878
1367 0.00209834
1368 0.00204879
1369 0.00200013
1370 0.00195234
1371 0.00190541
1372 0.00185934
1373 0.00181413
1374 0.00176976
1375 0.00172622
1376 0.00168351
1377 0.00164162
1378 0.00160054
1379 0.00156026
1380 0.00152077
1381 0.00148206
1382 0.00144413
1383 0.00140696
1384 0.00137055
1385 0.00133489
1386 0.00129996
1387 0.00126576
1388 0.00123228
1389 0.00119951
1390 0.00116743
1391 0.00113605
1392 0.00110535
1393 0.00107531
1394 0.00104594
1395 0.00101722
1396 0.00098914
1397 0.000961692
1398 0.000934867
1399 0.000908655
1400 0.000883045
1401 0.000858029
1402 0.000833597
1403 0.000809739
1404 0.000786446
1405 0.000763708
1406 0.000741516
1407 0.00071986
1408 0.000698732
1409 0.000678121
1410 0.000658019
1411 0.000638416
1412 0.000619303
1413 0.000600672
1414 0.000582512
1415 0.000564816
1416 0.000547574
1417 0.000530778
1418 0.000514418
1419 0.000498487
1420 0.000482975
1421 0.000467875
1422 0.000453177
1423 0.000438874
1424 0.000424957
1425 0.000411418
1426 0.00039825
1427 0.000385444
1428 0.000372992
1429 0.000360887
1430 0.000349121
1431 0.000337687
1432 0.000326577
1433 0.000315783
1434 0.000305299
1435 0.000295118
1436 0.000285232
1437 0.000275634
1438 0.000266319
1439 0.000257278
1440 0.000248505
1441 0.000239994
1442 0.000231739
1443 0.000223733
1444 0.00021597
1445 0.000208443
1446 0.000201148
1447 0.000194078
1448 0.000187227
1449 0.000180589
1450 0.00017416
1451 0.000167933
1452 0.000161904
1453 0.000156066
1454 0.000150416
1455 0.000144947
1456 0.000139655
1457 0.000134535
1458 0.000129583
1459 0.000124793
1460 0.000120161
1461 0.000115683
1462 0.000111354
1463 0.00010717
1464 0.000103127
1465 9.92212e-05
1466 9.54479e-05
1467 9.18035e-05
1468 8.82842e-05
1469 8.48864e-05
1470 8.16063e-05
1471 7.84405e-05
1472 7.53855e-05
1473 7.24379e-05
1474 6.95944e-05
1475 6.68519e-05
1476 6.42071e-05
1477 6.16571e-05
1478 5.91989e-05
1479 5.68296e-05
1480 5.45463e-05
1481 5.23464e-05
1482 5.0227e-05
1483 4.81858e-05
1484 4.622e-05
1485 4.43272e-05
1486 4.25051e-05
1487 4.07513e-05
1488 3.90635e-05
1489 3.74396e-05
1490 3.58774e-05
1491 3.43747e-05
1492 3.29296e-05
1493 3.15402e-05
1494 3.02044e-05
1495 2.89205e-05
1496 2.76867e-05
1497 2.65012e-05
1498 2.53623e-05
1499 2.42683e-05
1500 2.32178e-05
1501 2.22091e-05
1502 2.12407e-05
1503 2.03112e-05
1504 1.94192e-05
1505 1.85633e-05
1506 1.77422e-05
1507 1.69546e-05
1508 1.61994e-05
1509 1.54752e-05
1510 1.47809e-05
1511 1.41155e-05
1512 1.34778e-05
1513 1.28668e-05
1514 1.22814e-05
1515 1.17208e-05
1516 1.11838e-05
1517 1.06697e-05
1518 1.01776e-05
1519 9.7065e-06
1520 9.2557e-06
1521 8.82436e-06
1522 8.41172e-06
1523 8.01705e-06
1524 7.63961e-06
1525 7.27874e-06
1526 6.93375e-06
1527 6.60401e-06
1528 6.2889e-06
1529 5.98782e-06
1530 5.70021e-06
1531 5.4255e-06
1532 5.16316e-06
1533 4.91269e-06
1534 4.67358e-06
1535 4.44536e-06
1536 4.22758e-06
1537 4.01979e-06
1538 3.82157e-06
1539 3.63251e-06
1540 3.45222e-06
1541 3.28033e-06
1542 3.11647e-06
1543 2.9603e-06
1544 2.81147e-06
1545 2.66968e-06
1546 2.53461e-06
1547 2.40597e-06
1548 2.28346e-06
1549 2.16683e-06
1550 2.05581e-06
1551 1.95014e-06
1552 1.84959e-06
1553 1.75393e-06
1554 1.66293e-06
1555 1.57638e-06
1556 1.49408e-06
1557 1.41584e-06
1558 1.34146e-06
1559 1.27078e-06
1560 1.20361e-06
1561 1.1398e-06
1562 1.07919e-06
1563 1.02162e-06
1564 9.66962e-07
1565 9.15069e-07
1566 8.65812e-07
1567 8.19065e-07
1568 7.74709e-07
1569 7.32628e-07
1570 6.92714e-07
1571 6.54862e-07
1572 6.1897e-07
1573 5.84945e-07
1574 5.52695e-07
1575 5.22132e-07
1576 4.93174e-07
1577 4.65742e-07
1578 4.39759e-07
1579 4.15153e-07
1580 3.91856e-07
1581 3.69803e-07
1582 3.48929e-07
1583 3.29177e-07
1584 3.10489e-07
1585 2.92811e-07
1586 2.76091e-07
1587 2.6028e-07
1588 2.45332e-07
1589 2.31202e-07
1590 2.17848e-07
1591 2.0523e-07
1592 1.93308e-07
1593 1.82047e-07
1594 1.71412e-07
1595 1.6137e-07
1596 1.5189e-07
1597 1.42942e-07
1598 1.34497e-07
1599 1.26529e-07
1600 1.19012e-07
1601 1.11922e-07
1602 1.05235e-07
1603 9.89312e-08
1604 9.29883e-08
1605 8.7387e-08
1606 8.21086e-08
1607 7.71354e-08
1608 7.24507e-08
1609 6.80385e-08
1610 6.38837e-08
1611 5.9972e-08
1612 5.62899e-08
1613 5.28245e-08
1614 4.95636e-08
1615 4.64958e-08
1616 4.36102e-08
1617 4.08964e-08
1618 3.83446e-08
1619 3.59457e-08
1620 3.36909e-08
1621 3.15719e-08
1622 2.95809e-08
1623 2.77105e-08
1624 2.59538e-08
1625 2.43041e-08
1626 2.27552e-08
1627 2.13012e-08
1628 1.99366e-08
1629 1.8656e-08
1630 1.74546e-08
1631 1.63276e-08
1632 1.52707e-08
1633 1.42796e-08
1634 1.33504e-08
1635 1.24795e-08
1636 1.16632e-08
1637 1.08985e-08
1638 1.0182e-08
1639 9.5109e-09
1640 8.88245e-09
1641 8.29403e-09
1642 7.7432e-09
1643 7.22764e-09
1644 6.7452e-09
1645 6.29382e-09
1646 5.87159e-09
1647 5.47669e-09
1648 5.10743e-09
1649 4.7622e-09
1650 4.43951e-09
1651 4.13793e-09
1652 3.85614e-09
1653 3.59289e-09
1654 3.347e-09
1655 3.11738e-09
1656 2.90298e-09
1657 2.70284e-09
1658 2.51604e-09
1659 2.34172e-09
1660 2.17908e-09
1661 2.02737e-09
1662 1.88588e-09
1663 1.75394e-09
1664 1.63094e-09
1665 1.51629e-09
1666 1.40944e-09
1667 1.30988e-09
1668 1.21713e-09
1669 1.13074e-09
1670 1.05029e-09
1671 9.75388e-10
1672 9.0566e-10
1673 8.40764e-10
1674 7.80375e-10
1675 7.2419e-10
1676 6.71928e-10
1677 6.23323e-10
1678 5.78128e-10
1679 5.36111e-10
1680 4.97057e-10
1681 4.60763e-10
1682 4.27041e-10
1683 3.95714e-10
1684 3.66618e-10
1685 3.39598e-10
1686 3.14512e-10
1687 2.91226e-10
1688 2.69613e-10
1689 2.49559e-10
1690 2.30954e-10
1691 2.13696e-10
1692 1.97691e-10
1693 1.82852e-10
1694 1.69094e-10
1695 1.56343e-10
1696 1.44527e-10
1697 1.33579e-10
1698 1.23438e-10
1699 1.14045e-10
1700 1.05348e-10
1701 9.72954e-11
1702 8.98419e-11
1703 8.2944e-11
1704 7.65615e-11
1705 7.06569e-11
1706 6.51956e-11
1707 6.01453e-11
1708 5.54758e-11
1709 5.11593e-11
1710 4.71699e-11
1711 4.34835e-11
1712 4.00777e-11
1713 3.69318e-11
1714 3.40264e-11
1715 3.13438e-11
1716 2.88672e-11
1717 2.65814e-11
1718 2.4472e-11
1719 2.25258e-11
1720 2.07305e-11
1721 1.90746e-11
1722 1.75478e-11
1723 1.61402e-11
1724 1.48427e-11
1725 1.36469e-11
1726 1.25451e-11
1727 1.15301e-11
1728 1.05953e-11
1729 9.73436e-12
1730 8.94174e-12
1731 8.21212e-12
1732 7.54061e-12
1733 6.92271e-12
1734 6.35424e-12
1735 5.83136e-12
1736 5.3505e-12
1737 4.90836e-12
1738 4.50192e-12
1739 4.12835e-12
1740 3.78506e-12
1741 3.46967e-12
1742 3.17995e-12
1743 2.91388e-12
1744 2.66957e-12
1745 2.44527e-12
1746 2.2394e-12
1747 2.05047e-12
1748 1.87713e-12
1749 1.71812e-12
1750 1.57227e-12
1751 1.43854e-12
1752 1.31593e-12
1753 1.20354e-12
1754 1.10055e-12
1755 1.00617e-12
1756 9.19715e-13
1757 8.40528e-13
1758 7.68013e-13
1759 7.01621e-13
1760 6.40846e-13
1761 5.85224e-13
1762 5.34328e-13
1763 4.87765e-13
1764 4.45176e-13
1765 4.06227e-13
1766 3.70616e-13
1767 3.38062e-13
1768 3.08308e-13
1769 2.8112e-13
1770 2.5628e-13
1771 2.3359e-13
1772 2.12869e-13
1773 1.93948e-13
1774 1.76676e-13
1775 1.60911e-13
1776 1.46525e-13
1777 1.33399e-13
1778 1.21426e-13
1779 1.10506e-13
1780 1.00549e-13
1781 9.1472e-14
1782 8.31982e-14
1783 7.56583e-14
1784 6.87885e-14
1785 6.25304e-14
1786 5.68308e-14
1787 5.16408e-14
1788 4.69157e-14
1789 4.26148e-14
1790 3.87007e-14
1791 3.51394e-14
1792 3.18996e-14
1793 2.8953e-14
1794 2.62735e-14
1795 2.38374e-14
1796 2.1623e-14
1797 1.96105e-14
1798 1.77819e-14
1799 1.61207e-14
1800 1.46119e-14
1801 1.32417e-14
1802 1.19977e-14
1803 1.08685e-14
1804 9.84365e-15
1805 8.91372e-15
1806 8.07008e-15
1807 7.30487e-15
1808 6.61094e-15
1809 5.98177e-15
1810 5.41143e-15
1811 4.89453e-15
1812 4.42614e-15
1813 4.0018e-15
1814 3.61744e-15
1815 3.26936e-15
1816 2.9542e-15
1817 2.66891e-15
1818 2.4107e-15
1819 2.17704e-15
1820 1.96565e-15
1821 1.77445e-15
1822 1.60153e-15
1823 1.44518e-15
1824 1.30384e-15
1825 1.17609e-15
1826 1.06065e-15
1827 9.56363e-16
1828 8.62158e-16
1829 7.77081e-16
1830 7.00263e-16
1831 6.30916e-16
1832 5.68325e-16
1833 5.11844e-16
1834 4.60886e-16
1835 4.14921e-16
1836 3.73466e-16
1837 3.36088e-16
1838 3.02392e-16
1839 2.72021e-16
1840 2.44652e-16
1841 2.19994e-16
1842 1.97783e-16
1843 1.77779e-16
1844 1.59767e-16
1845 1.43552e-16
1846 1.28958e-16
1847 1.15824e-16
1848 1.04008e-16
1849 9.3379e-17
1850 8.38197e-17
1851 7.52242e-17
1852 6.7497e-17
1853 6.05516e-17
1854 5.43102e-17
1855 4.87026e-17
1856 4.36655e-17
1857 3.91416e-17
1858 3.50795e-17
1859 3.14328e-17
1860 2.81596e-17
1861 2.52224e-17
1862 2.2587e-17
1863 2.02231e-17
1864 1.8103e-17
1865 1.62019e-17
1866 1.44977e-17
1867 1.29701e-17
1868 1.16012e-17
1869 1.03748e-17
1870 9.27613e-18
1871 8.29221e-18
1872 7.41118e-18
1873 6.62246e-18
1874 5.91651e-18
1875 5.28477e-18
1876 4.71955e-18
1877 4.21394e-18
1878 3.76176e-18
1879 3.35744e-18
1880 2.99598e-18
1881 2.67291e-18
1882 2.38421e-18
1883 2.12626e-18
1884 1.89585e-18
1885 1.69007e-18
1886 1.50633e-18
1887 1.3423e-18
1888 1.19589e-18
1889 1.06525e-18
1890 9.48683e-19
1891 8.44706e-19
1892 7.51977e-19
1893 6.69294e-19
1894 5.95584e-19
1895 5.29887e-19
1896 4.71343e-19
1897 4.19184e-19
1898 3.72722e-19
1899 3.31345e-19
1900 2.94503e-19
1901 2.61705e-19
1902 2.32513e-19
1903 2.06537e-19
1904 1.83426e-19
1905 1.62868e-19
1906 1.44586e-19
1907 1.28331e-19
1908 1.1388e-19
1909 1.01037e-19
1910 8.96236e-20
1911 7.94841e-20
1912 7.04776e-20
1913 6.24792e-20
1914 5.53775e-20
1915 4.90732e-20
1916 4.34779e-20
1917 3.85129e-20
1918 3.41081e-20
1919 3.0201e-20
1920 2.67361e-20
1921 2.36641e-20
1922 2.09408e-20
1923 1.85272e-20
1924 1.63885e-20
1925 1.44938e-20
1926 1.28156e-20
1927 1.13294e-20
1928 1.00136e-20
1929 8.84884e-21
1930 7.81798e-21
1931 6.90583e-21
1932 6.09888e-21
1933 5.38515e-21
1934 4.75398e-21
1935 4.19595e-21
1936 3.70268e-21
1937 3.26674e-21
1938 2.88156e-21
1939 2.54127e-21
1940 2.24072e-21
1941 1.97532e-21
1942 1.74101e-21
1943 1.53418e-21
1944 1.35165e-21
1945 1.1906e-21
1946 1.04853e-21
1947 9.2322e-22
1948 8.12726e-22
1949 7.15313e-22
1950 6.29448e-22
1951 5.53779e-22
1952 4.87109e-22
1953 4.28379e-22
1954 3.76653e-22
1955 3.31107e-22
1956 2.9101e-22
1957 2.55717e-22
1958 2.24659e-22
1959 1.97333e-22
1960 1.73297e-22
1961 1.52157e-22
1962 1.33569e-22
1963 1.17228e-22
1964 1.02865e-22
1965 9.02445e-23
1966 7.91562e-23
1967 6.94159e-23
1968 6.08619e-23
1969 5.33514e-23
1970 4.67583e-23
1971 4.09715e-23
1972 3.58937e-23
1973 3.14388e-23
1974 2.75314e-23
1975 2.41047e-23
1976 2.11001e-23
1977 1.84663e-23
1978 1.61581e-23
1979 1.41355e-23
1980 1.23635e-23
1981 1.08115e-23
1982 9.45243e-24
1983 8.26249e-24
1984 7.22089e-24
1985 6.30933e-24
1986 5.51174e-24
1987 4.81396e-24
1988 4.20368e-24
1989 3.67003e-24
1990 3.20346e-24
1991 2.79563e-24
1992 2.43924e-24
1993 2.12784e-24
1994 1.85582e-24
1995 1.61823e-24
1996 1.41079e-24
1997 1.22968e-24
1998 1.0716e-24
1999 9.33646e-25
2000 8.13295e-25
2001 7.08307e-25
2002 6.16738e-25
2003 5.369e-25
2004 4.67305e-25
2005 4.06643e-25
2006 3.53781e-25
2007 3.07727e-25
2008 2.67612e-25
2009 2.32677e-25
2010 2.0226e-25
2011 1.7578e-25
2012 1.52734e-25
2013 1.32681e-25
2014 1.15236e-25
2015 1.00061e-25
2016 8.68649e-26
2017 7.53927e-26
2018 6.54193e-26
2019 5.67516e-26
2020 4.92211e-26
2021 4.26778e-26
2022 3.69956e-26
2023 3.20616e-26
2024 2.77769e-26
2025 2.40583e-26
2026 2.08311e-26
2027 1.80311e-26
2028 1.56025e-26
2029 1.34961e-26
2030 1.16695e-26
2031 1.00864e-26
2032 8.71383e-27
2033 7.52476e-27
2034 6.49512e-27
2035 5.60308e-27
2036 4.83092e-27
2037 4.16249e-27
2038 3.58414e-27
2039 3.08423e-27
2040 2.65201e-27
2041 2.27857e-27
2042 1.95643e-27
2043 1.67848e-27
2044 1.43898e-27
2045 1.233e-27
2046 1.05617e-27
2047 9.04831e-28
