0 3.24685e-65
1 3.11313e-65
2 3.32813e-65
3 3.90861e-65
4 4.90334e-65
5 6.39712e-65
6 8.51792e-65
7 1.14477e-64
8 1.54375e-64
9 2.08289e-64
10 2.80823e-64
11 3.78157e-64
12 5.08557e-64
13 6.83068e-64
14 9.16422e-64
15 1.22826e-63
16 1.64473e-63
17 2.20065e-63
18 2.94234e-63
19 3.9314e-63
20 5.24967e-63
21 7.00587e-63
22 9.34436e-63
23 1.24567e-62
24 1.65969e-62
25 2.21018e-62
26 2.94177e-62
27 3.91355e-62
28 5.20377e-62
29 6.91592e-62
30 9.1869e-62
31 1.21976e-61
32 1.61871e-61
33 2.14709e-61
34 2.84655e-61
35 3.77205e-61
36 4.99603e-61
37 6.61395e-61
38 8.75156e-61
39 1.15744e-60
40 1.53004e-60
41 2.0216e-60
42 2.66978e-60
43 3.52408e-60
44 4.64949e-60
45 6.13132e-60
46 8.08151e-60
47 1.06468e-59
48 1.40197e-59
49 1.84521e-59
50 2.4274e-59
51 3.19174e-59
52 4.19473e-59
53 5.51025e-59
54 7.23482e-59
55 9.49456e-59
56 1.24541e-58
57 1.63283e-58
58 2.13974e-58
59 2.80266e-58
60 3.66921e-58
61 4.80137e-58
62 6.27986e-58
63 8.2097e-58
64 1.07274e-57
65 1.40106e-57
66 1.829e-57
67 2.38649e-57
68 3.11245e-57
69 4.0573e-57
70 5.28648e-57
71 6.88479e-57
72 8.9621e-57
73 1.16607e-56
74 1.51647e-56
75 1.97125e-56
76 2.56121e-56
77 3.32619e-56
78 4.31764e-56
79 5.60201e-56
80 7.26509e-56
81 9.41753e-56
82 1.22021e-55
83 1.58027e-55
84 2.04565e-55
85 2.64687e-55
86 3.42325e-55
87 4.42534e-55
88 5.71821e-55
89 7.38549e-55
90 9.53465e-55
91 1.23037e-54
92 1.587e-54
93 2.0461e-54
94 2.63686e-54
95 3.3967e-54
96 4.37361e-54
97 5.62906e-54
98 7.24178e-54
99 9.31259e-54
100 1.19705e-53
101 1.53805e-53
102 1.97537e-53
103 2.53598e-53
104 3.25436e-53
105 4.17453e-53
106 5.3527e-53
107 6.86064e-53
108 8.78986e-53
109 1.12571e-52
110 1.44113e-52
111 1.84421e-52
112 2.35912e-52
113 3.01663e-52
114 3.85595e-52
115 4.92694e-52
116 6.29307e-52
117 8.03504e-52
118 1.02555e-51
119 1.30848e-51
120 1.66888e-51
121 2.12779e-51
122 2.71196e-51
123 3.45531e-51
124 4.40092e-51
125 5.60344e-51
126 7.13217e-51
127 9.075e-51
128 1.15433e-50
129 1.46784e-50
130 1.86589e-50
131 2.37116e-50
132 3.01232e-50
133 3.8257e-50
134 4.85725e-50
135 6.16514e-50
136 7.82291e-50
137 9.9236e-50
138 1.25848e-49
139 1.59553e-49
140 2.02228e-49
141 2.56248e-49
142 3.24611e-49
143 4.11103e-49
144 5.20504e-49
145 6.5885e-49
146 8.33754e-49
147 1.05482e-48
148 1.33418e-48
149 1.6871e-48
150 2.13285e-48
151 2.69573e-48
152 3.40635e-48
153 4.30327e-48
154 5.43509e-48
155 6.86299e-48
156 8.66402e-48
157 1.09352e-47
158 1.37986e-47
159 1.74078e-47
160 2.1956e-47
161 2.76864e-47
162 3.49046e-47
163 4.39947e-47
164 5.54398e-47
165 6.98467e-47
166 8.79777e-47
167 1.1079e-46
168 1.39487e-46
169 1.75578e-46
170 2.20956e-46
171 2.77999e-46
172 3.4969e-46
173 4.39767e-46
174 5.52921e-46
175 6.95028e-46
176 8.73455e-46
177 1.09743e-45
178 1.37851e-45
179 1.73117e-45
180 2.17352e-45
181 2.72824e-45
182 3.42369e-45
183 4.29536e-45
184 5.3876e-45
185 6.75588e-45
186 8.4695e-45
187 1.0615e-44
188 1.33006e-44
189 1.66613e-44
190 2.08655e-44
191 2.61236e-44
192 3.26979e-44
193 4.09155e-44
194 5.11841e-44
195 6.40121e-44
196 8.00326e-44
197 1.00034e-43
198 1.24999e-43
199 1.56148e-43
200 1.95003e-43
201 2.43456e-43
202 3.03857e-43
203 3.79131e-43
204 4.72911e-43
205 5.89711e-43
206 7.35134e-43
207 9.1614e-43
208 1.14136e-42
209 1.42152e-42
210 1.76989e-42
211 2.20296e-42
212 2.74114e-42
213 3.40973e-42
214 4.24006e-42
215 5.27095e-42
216 6.55042e-42
217 8.13791e-42
218 1.01069e-41
219 1.25485e-41
220 1.55749e-41
221 1.93251e-41
222 2.39708e-41
223 2.9724e-41
224 3.68464e-41
225 4.56614e-41
226 5.65675e-41
227 7.00569e-41
228 8.67362e-41
229 1.07354e-40
230 1.32831e-40
231 1.64305e-40
232 2.03175e-40
233 2.51165e-40
234 3.10397e-40
235 3.83485e-40
236 4.73642e-40
237 5.84824e-40
238 7.21895e-40
239 8.90837e-40
240 1.099e-39
241 1.35542e-39
242 1.67121e-39
243 2.05999e-39
244 2.53851e-39
245 3.12734e-39
246 3.85171e-39
247 4.7426e-39
248 5.838e-39
249 7.18453e-39
250 8.83933e-39
251 1.08725e-38
252 1.33699e-38
253 1.64368e-38
254 2.02021e-38
255 2.4824e-38
256 3.04957e-38
257 3.74541e-38
258 4.59893e-38
259 5.6456e-38
260 6.92884e-38
261 8.50176e-38
262 1.04293e-37
263 1.27909e-37
264 1.56837e-37
265 1.92262e-37
266 2.35636e-37
267 2.88728e-37
268 3.53704e-37
269 4.33203e-37
270 5.30451e-37
271 6.49384e-37
272 7.94804e-37
273 9.72569e-37
274 1.18982e-36
275 1.45528e-36
276 1.77957e-36
277 2.17561e-36
278 2.6592e-36
279 3.24953e-36
280 3.96999e-36
281 4.84908e-36
282 5.92144e-36
283 7.22927e-36
284 8.82386e-36
285 1.07676e-35
286 1.31364e-35
287 1.60225e-35
288 1.95378e-35
289 2.38186e-35
290 2.903e-35
291 3.53729e-35
292 4.30908e-35
293 5.24793e-35
294 6.38968e-35
295 7.77781e-35
296 9.46503e-35
297 1.15152e-34
298 1.40057e-34
299 1.70303e-34
300 2.07023e-34
301 2.51593e-34
302 3.05672e-34
303 3.71273e-34
304 4.50825e-34
305 5.47268e-34
306 6.64152e-34
307 8.05769e-34
308 9.77299e-34
309 1.185e-33
310 1.43642e-33
311 1.74067e-33
312 2.10874e-33
313 2.55387e-33
314 3.09205e-33
315 3.74252e-33
316 4.52846e-33
317 5.47781e-33
318 6.62417e-33
319 8.00802e-33
320 9.67803e-33
321 1.16928e-32
322 1.41227e-32
323 1.70523e-32
324 2.05835e-32
325 2.48385e-32
326 2.9964e-32
327 3.61363e-32
328 4.35669e-32
329 5.25099e-32
330 6.32698e-32
331 7.6212e-32
332 9.17746e-32
333 1.10483e-31
334 1.32966e-31
335 1.59978e-31
336 1.92422e-31
337 2.31381e-31
338 2.78148e-31
339 3.34275e-31
340 4.01616e-31
341 4.82389e-31
342 5.79249e-31
343 6.95371e-31
344 8.34547e-31
345 1.00131e-30
346 1.20109e-30
347 1.44035e-30
348 1.72682e-30
349 2.06974e-30
350 2.48014e-30
351 2.97116e-30
352 3.55853e-30
353 4.26096e-30
354 5.10081e-30
355 6.10473e-30
356 7.3045e-30
357 8.73799e-30
358 1.04503e-29
359 1.24954e-29
360 1.49371e-29
361 1.78519e-29
362 2.13307e-29
363 2.54815e-29
364 3.04333e-29
365 3.6339e-29
366 4.33812e-29
367 5.17764e-29
368 6.17825e-29
369 7.37058e-29
370 8.79107e-29
371 1.0483e-28
372 1.24977e-28
373 1.48963e-28
374 1.77512e-28
375 2.11485e-28
376 2.51902e-28
377 2.99975e-28
378 3.5714e-28
379 4.251e-28
380 5.05873e-28
381 6.01853e-28
382 7.15872e-28
383 8.51288e-28
384 1.01207e-27
385 1.20293e-27
386 1.42943e-27
387 1.69814e-27
388 2.01686e-27
389 2.39479e-27
390 2.8428e-27
391 3.37374e-27
392 4.00277e-27
393 4.74782e-27
394 5.63001e-27
395 6.6743e-27
396 7.91009e-27
397 9.37207e-27
398 1.11011e-26
399 1.31454e-26
400 1.55616e-26
401 1.84166e-26
402 2.1789e-26
403 2.57712e-26
404 3.04721e-26
405 3.60196e-26
406 4.25641e-26
407 5.02824e-26
408 5.93818e-26
409 7.01063e-26
410 8.27419e-26
411 9.76243e-26
412 1.15147e-25
413 1.35773e-25
414 1.60042e-25
415 1.8859e-25
416 2.2216e-25
417 2.61622e-25
418 3.07996e-25
419 3.62474e-25
420 4.26453e-25
421 5.01566e-25
422 5.89723e-25
423 6.93155e-25
424 8.14473e-25
425 9.56725e-25
426 1.12347e-24
427 1.31887e-24
428 1.54778e-24
429 1.81586e-24
430 2.12973e-24
431 2.49709e-24
432 2.92695e-24
433 3.4298e-24
434 4.01785e-24
435 4.70535e-24
436 5.50892e-24
437 6.44788e-24
438 7.54477e-24
439 8.8258e-24
440 1.03215e-23
441 1.20674e-23
442 1.41049e-23
443 1.6482e-23
444 1.92548e-23
445 2.24882e-23
446 2.6258e-23
447 3.0652e-23
448 3.57726e-23
449 4.17384e-23
450 4.86875e-23
451 5.67802e-23
452 6.62025e-23
453 7.71705e-23
454 8.99352e-23
455 1.04788e-22
456 1.22066e-22
457 1.42162e-22
458 1.65529e-22
459 1.92697e-22
460 2.24274e-22
461 2.60971e-22
462 3.03608e-22
463 3.53135e-22
464 4.10655e-22
465 4.77443e-22
466 5.54977e-22
467 6.44965e-22
468 7.49385e-22
469 8.70527e-22
470 1.01104e-21
471 1.17397e-21
472 1.36287e-21
473 1.58181e-21
474 1.83553e-21
475 2.12946e-21
476 2.46991e-21
477 2.86413e-21
478 3.32049e-21
479 3.84868e-21
480 4.45981e-21
481 5.16673e-21
482 5.98423e-21
483 6.92935e-21
484 8.02168e-21
485 9.28381e-21
486 1.07417e-20
487 1.24252e-20
488 1.43686e-20
489 1.66113e-20
490 1.91987e-20
491 2.21828e-20
492 2.56232e-20
493 2.95883e-20
494 3.41569e-20
495 3.94187e-20
496 4.5477e-20
497 5.24498e-20
498 6.04724e-20
499 6.96996e-20
500 8.03083e-20
501 9.2501e-20
502 1.06509e-19
503 1.22596e-19
504 1.41065e-19
505 1.6226e-19
506 1.86574e-19
507 2.14456e-19
508 2.46417e-19
509 2.83039e-19
510 3.24986e-19
511 3.73015e-19
512 4.27987e-19
513 4.90879e-19
514 5.62807e-19
515 6.45038e-19
516 7.39011e-19
517 8.46362e-19
518 9.68951e-19
519 1.10889e-18
520 1.26857e-18
521 1.45071e-18
522 1.6584e-18
523 1.89513e-18
524 2.16488e-18
525 2.47213e-18
526 2.82199e-18
527 3.22022e-18
528 3.67336e-18
529 4.18881e-18
530 4.77496e-18
531 5.44129e-18
532 6.19853e-18
533 7.05883e-18
534 8.03593e-18
535 9.14537e-18
536 1.04047e-17
537 1.18338e-17
538 1.34552e-17
539 1.52941e-17
540 1.73794e-17
541 1.97434e-17
542 2.24227e-17
543 2.54588e-17
544 2.88983e-17
545 3.27941e-17
546 3.72059e-17
547 4.22009e-17
548 4.78552e-17
549 5.42546e-17
550 6.14961e-17
551 6.9689e-17
552 7.89569e-17
553 8.94391e-17
554 1.01293e-16
555 1.14696e-16
556 1.29848e-16
557 1.46975e-16
558 1.66332e-16
559 1.88205e-16
560 2.1292e-16
561 2.40841e-16
562 2.72379e-16
563 3.07998e-16
564 3.48222e-16
565 3.93638e-16
566 4.4491e-16
567 5.02784e-16
568 5.68101e-16
569 6.41806e-16
570 7.24964e-16
571 8.18772e-16
572 9.24574e-16
573 1.04388e-15
574 1.1784e-15
575 1.33004e-15
576 1.50094e-15
577 1.6935e-15
578 1.91043e-15
579 2.15475e-15
580 2.42987e-15
581 2.73957e-15
582 3.08813e-15
583 3.48031e-15
584 3.92144e-15
585 4.41749e-15
586 4.97514e-15
587 5.60182e-15
588 6.30586e-15
589 7.09655e-15
590 7.98423e-15
591 8.98044e-15
592 1.0098e-14
593 1.13513e-14
594 1.27563e-14
595 1.43305e-14
596 1.60938e-14
597 1.80679e-14
598 2.02771e-14
599 2.27482e-14
600 2.55112e-14
601 2.85989e-14
602 3.20479e-14
603 3.58986e-14
604 4.01956e-14
605 4.49883e-14
606 5.03311e-14
607 5.62839e-14
608 6.2913e-14
609 7.02913e-14
610 7.84987e-14
611 8.76237e-14
612 9.7763e-14
613 1.09023e-13
614 1.21521e-13
615 1.35384e-13
616 1.50754e-13
617 1.67783e-13
618 1.8664e-13
619 2.0751e-13
620 2.30592e-13
621 2.56107e-13
622 2.84295e-13
623 3.15418e-13
624 3.49759e-13
625 3.87631e-13
626 4.29371e-13
627 4.75347e-13
628 5.25961e-13
629 5.81648e-13
630 6.42882e-13
631 7.10176e-13
632 7.84089e-13
633 8.65227e-13
634 9.54248e-13
635 1.05187e-12
636 1.15885e-12
637 1.27605e-12
638 1.40437e-12
639 1.54479e-12
640 1.69839e-12
641 1.86633e-12
642 2.04985e-12
643 2.25033e-12
644 2.46924e-12
645 2.70819e-12
646 2.96891e-12
647 3.25328e-12
648 3.56337e-12
649 3.90139e-12
650 4.26976e-12
651 4.67112e-12
652 5.10831e-12
653 5.58447e-12
654 6.10297e-12
655 6.66753e-12
656 7.28217e-12
657 7.95129e-12
658 8.67973e-12
659 9.47272e-12
660 1.0336e-11
661 1.1276e-11
662 1.22995e-11
663 1.34141e-11
664 1.46282e-11
665 1.59508e-11
666 1.73921e-11
667 1.89631e-11
668 2.06758e-11
669 2.25438e-11
670 2.45818e-11
671 2.68059e-11
672 2.92342e-11
673 3.18863e-11
674 3.4784e-11
675 3.79514e-11
676 4.1415e-11
677 4.52039e-11
678 4.93506e-11
679 5.38906e-11
680 5.88631e-11
681 6.43116e-11
682 7.02837e-11
683 7.68322e-11
684 8.40151e-11
685 9.18964e-11
686 1.00546e-10
687 1.10043e-10
688 1.2047e-10
689 1.31923e-10
690 1.44504e-10
691 1.58327e-10
692 1.73514e-10
693 1.90202e-10
694 2.08541e-10
695 2.28692e-10
696 2.50834e-10
697 2.75163e-10
698 3.0189e-10
699 3.31248e-10
700 3.63489e-10
701 3.98888e-10
702 4.37745e-10
703 4.80385e-10
704 5.2716e-10
705 5.78454e-10
706 6.34679e-10
707 6.96284e-10
708 7.63752e-10
709 8.37607e-10
710 9.1841e-10
711 1.00677e-09
712 1.10333e-09
713 1.2088e-09
714 1.32392e-09
715 1.4495e-09
716 1.5864e-09
717 1.73554e-09
718 1.89788e-09
719 2.07448e-09
720 2.26644e-09
721 2.47494e-09
722 2.70122e-09
723 2.94661e-09
724 3.21249e-09
725 3.50033e-09
726 3.81168e-09
727 4.14817e-09
728 4.5115e-09
729 4.90345e-09
730 5.32589e-09
731 5.78075e-09
732 6.27006e-09
733 6.79591e-09
734 7.36047e-09
735 7.96597e-09
736 8.61471e-09
737 9.30905e-09
738 1.00514e-08
739 1.08443e-08
740 1.16901e-08
741 1.25914e-08
742 1.35508e-08
743 1.45707e-08
744 1.56539e-08
745 1.68026e-08
746 1.80195e-08
747 1.93069e-08
748 2.06672e-08
749 2.21027e-08
750 2.36153e-08
751 2.52071e-08
752 2.68798e-08
753 2.8635e-08
754 3.04741e-08
755 3.2398e-08
756 3.44075e-08
757 3.6503e-08
758 3.86845e-08
759 4.09516e-08
760 4.33033e-08
761 4.57383e-08
762 4.82546e-08
763 5.08497e-08
764 5.35203e-08
765 5.62626e-08
766 5.90719e-08
767 6.19429e-08
768 6.48694e-08
769 6.78442e-08
770 7.08593e-08
771 7.3906e-08
772 7.69742e-08
773 8.00531e-08
774 8.31309e-08
775 8.61946e-08
776 8.92304e-08
777 9.22232e-08
778 9.5157e-08
779 9.8015e-08
780 1.00779e-07
781 1.03431e-07
782 1.0595e-07
783 1.08317e-07
784 1.1051e-07
785 1.12508e-07
786 1.1429e-07
787 1.15832e-07
788 1.17114e-07
789 1.18114e-07
790 1.1881e-07
791 1.19184e-07
792 1.19215e-07
793 1.18887e-07
794 1.18185e-07
795 1.17097e-07
796 1.15613e-07
797 1.13729e-07
798 1.11442e-07
799 1.08759e-07
800 1.05688e-07
801 1.02248e-07
802 9.84641e-08
803 9.43698e-08
804 9.00095e-08
805 8.54389e-08
806 8.07259e-08
807 7.59526e-08
808 7.12168e-08
809 6.6633e-08
810 6.2335e-08
811 5.84773e-08
812 5.52369e-08
813 5.28159e-08
814 5.14434e-08
815 5.13779e-08
816 5.29102e-08
817 5.63653e-08
818 6.21061e-08
819 7.05358e-08
820 8.21011e-08
821 9.72957e-08
822 1.16664e-07
823 1.40803e-07
824 1.7037e-07
825 2.06081e-07
826 2.48722e-07
827 2.99144e-07
828 3.58278e-07
829 4.27132e-07
830 5.06798e-07
831 5.9846e-07
832 7.03395e-07
833 8.22981e-07
834 9.58703e-07
835 1.11216e-06
836 1.28506e-06
837 1.47925e-06
838 1.6967e-06
839 1.93951e-06
840 2.20995e-06
841 2.51042e-06
842 2.84348e-06
843 3.21186e-06
844 3.61848e-06
845 4.06643e-06
846 4.55898e-06
847 5.09963e-06
848 5.69205e-06
849 6.34016e-06
850 7.04808e-06
851 7.82019e-06
852 8.6611e-06
853 9.57568e-06
854 1.05691e-05
855 1.16466e-05
856 1.28141e-05
857 1.40774e-05
858 1.54429e-05
859 1.69172e-05
860 1.85072e-05
861 2.02201e-05
862 2.20636e-05
863 2.40457e-05
864 2.61747e-05
865 2.84593e-05
866 3.09087e-05
867 3.35324e-05
868 3.63403e-05
869 3.93429e-05
870 4.25509e-05
871 4.59757e-05
872 4.9629e-05
873 5.35231e-05
874 5.76706e-05
875 6.20849e-05
876 6.67796e-05
877 7.17691e-05
878 7.70683e-05
879 8.26924e-05
880 8.86576e-05
881 9.49804e-05
882 0.000101678
883 0.000108768
884 0.000116269
885 0.0001242
886 0.000132581
887 0.000141432
888 0.000150774
889 0.000160629
890 0.000171019
891 0.000181969
892 0.000193501
893 0.00020564
894 0.000218412
895 0.000231844
896 0.000245961
897 0.000260793
898 0.000276367
899 0.000292714
900 0.000309863
901 0.000327846
902 0.000346695
903 0.000366443
904 0.000387124
905 0.000408772
906 0.000431424
907 0.000455115
908 0.000479883
909 0.000505767
910 0.000532806
911 0.00056104
912 0.00059051
913 0.000621259
914 0.00065333
915 0.000686766
916 0.000721614
917 0.000757917
918 0.000795725
919 0.000835083
920 0.000876041
921 0.000918649
922 0.000962956
923 0.00100902
924 0.00105688
925 0.0011066
926 0.00115823
927 0.00121182
928 0.00126743
929 0.00132512
930 0.00138495
931 0.00144696
932 0.00151122
933 0.00157779
934 0.00164673
935 0.00171809
936 0.00179194
937 0.00186834
938 0.00194734
939 0.00202901
940 0.00211341
941 0.0022006
942 0.00229064
943 0.0023836
944 0.00247953
945 0.0025785
946 0.00268056
947 0.00278577
948 0.0028942
949 0.00300591
950 0.00312095
951 0.00323938
952 0.00336125
953 0.00348663
954 0.00361556
955 0.0037481
956 0.0038843
957 0.00402421
958 0.00416788
959 0.00431536
960 0.00446668
961 0.00462189
962 0.00478104
963 0.00494415
964 0.00511126
965 0.00528241
966 0.00545762
967 0.00563693
968 0.00582034
969 0.00600789
970 0.00619959
971 0.00639545
972 0.00659548
973 0.00679968
974 0.00700806
975 0.00722062
976 0.00743733
977 0.0076582
978 0.0078832
979 0.00811231
980 0.00834551
981 0.00858277
982 0.00882404
983 0.00906928
984 0.00931845
985 0.00957149
986 0.00982834
987 0.0100889
988 0.0103532
989 0.0106211
990 0.0108925
991 0.0111673
992 0.0114455
993 0.0117269
994 0.0120114
995 0.012299
996 0.0125895
997 0.0128827
998 0.0131786
999 0.0134769
1000 0.0137777
1001 0.0140806
1002 0.0143856
1003 0.0146925
1004 0.0150012
1005 0.0153114
1006 0.015623
1007 0.0159358
1008 0.0162496
1009 0.0165642
1010 0.0168794
1011 0.0171951
1012 0.0175109
1013 0.0178268
1014 0.0181424
1015 0.0184576
1016 0.0187721
1017 0.0190857
1018 0.0193982
1019 0.0197094
1020 0.0200189
1021 0.0203267
1022 0.0206323
1023 0.0209356
1024 0.0212364
1025 0.0215343
1026 0.0218292
1027 0.0221208
1028 0.0224089
1029 0.0226931
1030 0.0229733
1031 0.0232493
1032 0.0235207
1033 0.0237873
1034 0.0240489
1035 0.0243052
1036 0.0245561
1037 0.0248012
1038 0.0250404
1039 0.0252734
1040 0.0255001
1041 0.0257201
1042 0.0259333
1043 0.0261394
1044 0.0263383
1045 0.0265298
1046 0.0267137
1047 0.0268898
1048 0.0270579
1049 0.0272178
1050 0.0273695
1051 0.0275127
1052 0.0276473
1053 0.0277731
1054 0.0278901
1055 0.0279981
1056 0.0280969
1057 0.0281866
1058 0.028267
1059 0.028338
1060 0.0283995
1061 0.0284515
1062 0.0284939
1063 0.0285267
1064 0.0285498
1065 0.0285633
1066 0.028567
1067 0.0285611
1068 0.0285454
1069 0.02852
1070 0.028485
1071 0.0284403
1072 0.0283861
1073 0.0283223
1074 0.0282491
1075 0.0281665
1076 0.0280745
1077 0.0279733
1078 0.0278631
1079 0.0277438
1080 0.0276156
1081 0.0274786
1082 0.0273331
1083 0.0271791
1084 0.0270167
1085 0.0268462
1086 0.0266676
1087 0.0264813
1088 0.0262873
1089 0.0260859
1090 0.0258772
1091 0.0256615
1092 0.0254389
1093 0.0252096
1094 0.024974
1095 0.0247321
1096 0.0244843
1097 0.0242307
1098 0.0239716
1099 0.0237072
1100 0.0234378
1101 0.0231636
1102 0.0228848
1103 0.0226017
1104 0.0223146
1105 0.0220236
1106 0.0217291
1107 0.0214312
1108 0.0211303
1109 0.0208265
1110 0.0205201
1111 0.0202114
1112 0.0199007
1113 0.019588
1114 0.0192738
1115 0.0189582
1116 0.0186414
1117 0.0183238
1118 0.0180055
1119 0.0176868
1120 0.0173678
1121 0.0170488
1122 0.0167301
1123 0.0164117
1124 0.016094
1125 0.0157772
1126 0.0154614
1127 0.0151468
1128 0.0148336
1129 0.014522
1130 0.0142121
1131 0.0139042
1132 0.0135984
1133 0.0132949
1134 0.0129938
1135 0.0126952
1136 0.0123993
1137 0.0121063
1138 0.0118162
1139 0.0115293
1140 0.0112455
1141 0.010965
1142 0.010688
1143 0.0104145
1144 0.0101446
1145 0.00987834
1146 0.00961589
1147 0.0093573
1148 0.00910262
1149 0.00885192
1150 0.00860526
1151 0.00836268
1152 0.00812424
1153 0.00788997
1154 0.0076599
1155 0.00743407
1156 0.0072125
1157 0.00699521
1158 0.00678221
1159 0.00657352
1160 0.00636913
1161 0.00616906
1162 0.00597328
1163 0.00578181
1164 0.00559462
1165 0.00541169
1166 0.00523302
1167 0.00505857
1168 0.00488832
1169 0.00472224
1170 0.0045603
1171 0.00440245
1172 0.00424867
1173 0.00409891
1174 0.00395312
1175 0.00381126
1176 0.00367328
1177 0.00353913
1178 0.00340876
1179 0.00328211
1180 0.00315913
1181 0.00303976
1182 0.00292393
1183 0.0028116
1184 0.0027027
1185 0.00259716
1186 0.00249492
1187 0.00239592
1188 0.0023001
1189 0.00220738
1190 0.00211771
1191 0.00203102
1192 0.00194724
1193 0.0018663
1194 0.00178815
1195 0.0017127
1196 0.00163991
1197 0.00156969
1198 0.001502
1199 0.00143675
1200 0.00137389
1201 0.00131335
1202 0.00125507
1203 0.00119898
1204 0.00114503
1205 0.00109315
1206 0.00104328
1207 0.000995363
1208 0.000949337
1209 0.000905145
1210 0.000862729
1211 0.000822035
1212 0.000783005
1213 0.000745587
1214 0.000709726
1215 0.000675371
1216 0.00064247
1217 0.000610974
1218 0.000580834
1219 0.000552002
1220 0.000524431
1221 0.000498076
1222 0.000472892
1223 0.000448837
1224 0.000425867
1225 0.000403942
1226 0.000383022
1227 0.000363069
1228 0.000344043
1229 0.000325909
1230 0.000308632
1231 0.000292176
1232 0.000276508
1233 0.000261596
1234 0.000247408
1235 0.000233915
1236 0.000221086
1237 0.000208893
1238 0.00019731
1239 0.000186309
1240 0.000175864
1241 0.000165952
1242 0.000156548
1243 0.000147629
1244 0.000139174
1245 0.000131161
1246 0.00012357
1247 0.00011638
1248 0.000109574
1249 0.000103133
1250 9.70392e-05
1251 9.12763e-05
1252 8.58282e-05
1253 8.06794e-05
1254 7.58153e-05
1255 7.12216e-05
1256 6.68849e-05
1257 6.27921e-05
1258 5.8931e-05
1259 5.52897e-05
1260 5.18568e-05
1261 4.86216e-05
1262 4.55737e-05
1263 4.27032e-05
1264 4.00008e-05
1265 3.74575e-05
1266 3.50648e-05
1267 3.28145e-05
1268 3.06988e-05
1269 2.87104e-05
1270 2.68423e-05
1271 2.50878e-05
1272 2.34406e-05
1273 2.18946e-05
1274 2.0444e-05
1275 1.90836e-05
1276 1.7808e-05
1277 1.66125e-05
1278 1.54923e-05
1279 1.44432e-05
1280 1.34608e-05
1281 1.25413e-05
1282 1.16809e-05
1283 1.08762e-05
1284 1.01237e-05
1285 9.4203e-06
1286 8.76304e-06
1287 8.14909e-06
1288 7.57578e-06
1289 7.0406e-06
1290 6.54119e-06
1291 6.0753e-06
1292 5.64084e-06
1293 5.23582e-06
1294 4.85837e-06
1295 4.50673e-06
1296 4.17924e-06
1297 3.87435e-06
1298 3.59058e-06
1299 3.32657e-06
1300 3.08102e-06
1301 2.85272e-06
1302 2.64052e-06
1303 2.44334e-06
1304 2.2602e-06
1305 2.09014e-06
1306 1.93228e-06
1307 1.7858e-06
1308 1.64991e-06
1309 1.5239e-06
1310 1.40708e-06
1311 1.29882e-06
1312 1.19853e-06
1313 1.10564e-06
1314 1.01964e-06
1315 9.4004e-07
1316 8.66394e-07
1317 7.98275e-07
1318 7.35289e-07
1319 6.77067e-07
1320 6.23267e-07
1321 5.73569e-07
1322 5.27674e-07
1323 4.85305e-07
1324 4.46204e-07
1325 4.10129e-07
1326 3.76858e-07
1327 3.46182e-07
1328 3.17908e-07
1329 2.91855e-07
1330 2.67858e-07
1331 2.4576e-07
1332 2.25417e-07
1333 2.06697e-07
1334 1.89475e-07
1335 1.73636e-07
1336 1.59074e-07
1337 1.4569e-07
1338 1.33392e-07
1339 1.22096e-07
1340 1.11724e-07
1341 1.02202e-07
1342 9.34646e-08
1343 8.54486e-08
1344 7.8097e-08
1345 7.13568e-08
1346 6.51791e-08
1347 5.95186e-08
1348 5.43337e-08
1349 4.95859e-08
1350 4.52397e-08
1351 4.12622e-08
1352 3.76234e-08
1353 3.42954e-08
1354 3.12526e-08
1355 2.84714e-08
1356 2.59301e-08
1357 2.36087e-08
1358 2.14889e-08
1359 1.95536e-08
1360 1.77874e-08
1361 1.61761e-08
1362 1.47063e-08
1363 1.33662e-08
1364 1.21447e-08
1365 1.10316e-08
1366 1.00176e-08
1367 9.09408e-09
1368 8.25332e-09
1369 7.4881e-09
1370 6.79185e-09
1371 6.15853e-09
1372 5.58264e-09
1373 5.05912e-09
1374 4.58336e-09
1375 4.15113e-09
1376 3.75856e-09
1377 3.40212e-09
1378 3.07858e-09
1379 2.785e-09
1380 2.51868e-09
1381 2.27717e-09
1382 2.05821e-09
1383 1.85976e-09
1384 1.67996e-09
1385 1.51709e-09
1386 1.36962e-09
1387 1.23612e-09
1388 1.11531e-09
1389 1.00601e-09
1390 9.07158e-10
1391 8.1778e-10
1392 7.36994e-10
1393 6.63994e-10
1394 5.98051e-10
1395 5.385e-10
1396 4.84737e-10
1397 4.36214e-10
1398 3.92434e-10
1399 3.52946e-10
1400 3.17338e-10
1401 2.85239e-10
1402 2.56313e-10
1403 2.30253e-10
1404 2.06782e-10
1405 1.8565e-10
1406 1.66629e-10
1407 1.49513e-10
1408 1.34117e-10
1409 1.2027e-10
1410 1.07822e-10
1411 9.66348e-11
1412 8.65829e-11
1413 7.7554e-11
1414 6.94466e-11
1415 6.21686e-11
1416 5.56373e-11
1417 4.97778e-11
1418 4.45225e-11
1419 3.98105e-11
1420 3.55869e-11
1421 3.18022e-11
1422 2.84119e-11
1423 2.53756e-11
1424 2.26574e-11
1425 2.02245e-11
1426 1.80476e-11
1427 1.61004e-11
1428 1.43592e-11
1429 1.28027e-11
1430 1.14116e-11
1431 1.01687e-11
1432 9.05863e-12
1433 8.06743e-12
1434 7.18265e-12
1435 6.39308e-12
1436 5.68869e-12
1437 5.06047e-12
1438 4.50036e-12
1439 4.0011e-12
1440 3.55623e-12
1441 3.15993e-12
1442 2.807e-12
1443 2.49278e-12
1444 2.21312e-12
1445 1.96427e-12
1446 1.74292e-12
1447 1.54608e-12
1448 1.37109e-12
1449 1.21556e-12
1450 1.07737e-12
1451 9.5463e-13
1452 8.45635e-13
1453 7.48875e-13
1454 6.63003e-13
1455 5.86815e-13
1456 5.19237e-13
1457 4.59315e-13
1458 4.06195e-13
1459 3.5912e-13
1460 3.17412e-13
1461 2.80471e-13
1462 2.47761e-13
1463 2.18806e-13
1464 1.93181e-13
1465 1.7051e-13
1466 1.50459e-13
1467 1.32729e-13
1468 1.17056e-13
1469 1.03206e-13
1470 9.09694e-14
1471 8.01618e-14
1472 7.06188e-14
1473 6.2195e-14
1474 5.4761e-14
1475 4.82024e-14
1476 4.24178e-14
1477 3.73171e-14
1478 3.28209e-14
1479 2.88585e-14
1480 2.53676e-14
1481 2.22929e-14
1482 1.95855e-14
1483 1.72023e-14
1484 1.51049e-14
1485 1.32596e-14
1486 1.16366e-14
1487 1.02095e-14
1488 8.95498e-15
1489 7.85246e-15
1490 6.8838e-15
1491 6.033e-15
1492 5.28591e-15
1493 4.63007e-15
1494 4.0545e-15
1495 3.54951e-15
1496 3.10658e-15
1497 2.71817e-15
1498 2.37768e-15
1499 2.07927e-15
1500 1.81782e-15
1501 1.58881e-15
1502 1.38827e-15
1503 1.21272e-15
1504 1.05907e-15
1505 9.2464e-16
1506 8.07052e-16
1507 7.04225e-16
1508 6.14332e-16
1509 5.35767e-16
1510 4.67121e-16
1511 4.0716e-16
1512 3.54799e-16
1513 3.09087e-16
1514 2.6919e-16
1515 2.3438e-16
1516 2.04015e-16
1517 1.77535e-16
1518 1.54451e-16
1519 1.34331e-16
1520 1.168e-16
1521 1.01529e-16
1522 8.82309e-17
1523 7.66535e-17
1524 6.6577e-17
1525 5.78094e-17
1526 5.01827e-17
1527 4.35503e-17
1528 3.77841e-17
1529 3.27725e-17
1530 2.84179e-17
1531 2.46351e-17
1532 2.13501e-17
1533 1.84981e-17
1534 1.60228e-17
1535 1.38749e-17
1536 1.20116e-17
1537 1.03958e-17
1538 8.9949e-18
1539 7.78067e-18
1540 6.72853e-18
1541 5.81709e-18
1542 5.02776e-18
1543 4.34436e-18
1544 3.75284e-18
1545 3.24099e-18
1546 2.7982e-18
1547 2.41526e-18
1548 2.08416e-18
1549 1.79797e-18
1550 1.55066e-18
1551 1.33701e-18
1552 1.15249e-18
1553 9.93175e-19
1554 8.55651e-19
1555 7.36974e-19
1556 6.34589e-19
1557 5.46282e-19
1558 4.70139e-19
1559 4.04502e-19
1560 3.47937e-19
1561 2.99202e-19
1562 2.57226e-19
1563 2.2108e-19
1564 1.89964e-19
1565 1.63184e-19
1566 1.40142e-19
1567 1.20322e-19
1568 1.03278e-19
1569 8.86254e-20
1570 7.60315e-20
1571 6.52102e-20
1572 5.59143e-20
1573 4.7931e-20
1574 4.10768e-20
1575 3.51936e-20
1576 3.01451e-20
1577 2.58141e-20
1578 2.20995e-20
1579 1.89145e-20
1580 1.61843e-20
1581 1.38446e-20
1582 1.184e-20
1583 1.01231e-20
1584 8.65281e-21
1585 7.39417e-21
1586 6.31697e-21
1587 5.39528e-21
1588 4.60687e-21
1589 3.93265e-21
1590 3.35622e-21
1591 2.86353e-21
1592 2.44253e-21
1593 2.08288e-21
1594 1.77573e-21
1595 1.51347e-21
1596 1.28961e-21
1597 1.09857e-21
1598 9.35587e-22
1599 7.96575e-22
1600 6.7804e-22
1601 5.76992e-22
1602 4.90874e-22
1603 4.175e-22
1604 3.55e-22
1605 3.01778e-22
1606 2.56466e-22
1607 2.17901e-22
1608 1.85087e-22
1609 1.57172e-22
1610 1.33432e-22
1611 1.13249e-22
1612 9.60925e-23
1613 8.15139e-23
1614 6.91288e-23
1615 5.861e-23
1616 4.96786e-23
1617 4.20971e-23
1618 3.56632e-23
1619 3.02046e-23
1620 2.55748e-23
1621 2.16488e-23
1622 1.83207e-23
1623 1.55002e-23
1624 1.31104e-23
1625 1.10861e-23
1626 9.37187e-24
1627 7.92063e-24
1628 6.69234e-24
1629 5.65303e-24
1630 4.77387e-24
1631 4.03036e-24
1632 3.40176e-24
1633 2.87044e-24
1634 2.42146e-24
1635 2.04217e-24
1636 1.72184e-24
1637 1.45137e-24
1638 1.22307e-24
1639 1.03041e-24
1640 8.67864e-25
1641 7.3077e-25
1642 6.15171e-25
1643 5.17723e-25
1644 4.35597e-25
1645 3.66402e-25
1646 3.08119e-25
1647 2.59039e-25
1648 2.1772e-25
1649 1.82944e-25
1650 1.53682e-25
1651 1.29068e-25
1652 1.08367e-25
1653 9.09632e-26
1654 7.63344e-26
1655 6.40417e-26
1656 5.37147e-26
1657 4.50412e-26
1658 3.77586e-26
1659 3.16453e-26
1660 2.65149e-26
1661 2.22105e-26
1662 1.86001e-26
1663 1.55726e-26
1664 1.30345e-26
1665 1.09073e-26
1666 9.12488e-27
1667 7.63179e-27
1668 6.38137e-27
1669 5.33445e-27
1670 4.45815e-27
1671 3.72484e-27
1672 3.11136e-27
1673 2.59825e-27
1674 2.16921e-27
1675 1.81055e-27
1676 1.5108e-27
1677 1.26036e-27
1678 1.05116e-27
1679 8.76462e-28
1680 7.3061e-28
1681 6.08874e-28
1682 5.07292e-28
1683 4.22548e-28
1684 3.51871e-28
1685 2.92941e-28
1686 2.43817e-28
1687 2.02879e-28
1688 1.68771e-28
1689 1.40362e-28
1690 1.16704e-28
1691 9.7009e-29
1692 8.06169e-29
1693 6.69773e-29
1694 5.5631e-29
1695 4.61949e-29
1696 3.83494e-29
1697 3.18281e-29
1698 2.64089e-29
1699 2.19067e-29
1700 1.81673e-29
1701 1.50623e-29
1702 1.24847e-29
1703 1.03455e-29
1704 8.57065e-30
1705 7.09841e-30
1706 5.87753e-30
1707 4.86536e-30
1708 4.02643e-30
1709 3.33129e-30
1710 2.75544e-30
1711 2.27853e-30
1712 1.88367e-30
1713 1.55682e-30
1714 1.28635e-30
1715 1.06259e-30
1716 8.77519e-31
1717 7.24492e-31
1718 5.97992e-31
1719 4.93449e-31
1720 4.07075e-31
1721 3.35731e-31
1722 2.76818e-31
1723 2.28182e-31
1724 1.88042e-31
1725 1.54921e-31
1726 1.27601e-31
1727 1.05071e-31
1728 8.64956e-32
1729 7.11855e-32
1730 5.85698e-32
1731 4.81772e-32
1732 3.96181e-32
1733 3.25711e-32
1734 2.67704e-32
1735 2.1997e-32
1736 1.807e-32
1737 1.48401e-32
1738 1.21843e-32
1739 1.00012e-32
1740 8.20707e-33
1741 6.73302e-33
1742 5.52227e-33
1743 4.52805e-33
1744 3.71186e-33
1745 3.04199e-33
1746 2.49236e-33
1747 2.0415e-33
1748 1.67176e-33
1749 1.36863e-33
1750 1.12018e-33
1751 9.16584e-34
1752 7.498e-34
1753 6.13205e-34
1754 5.01364e-34
1755 4.09815e-34
1756 3.34897e-34
1757 2.73603e-34
1758 2.2347e-34
1759 1.82475e-34
1760 1.48963e-34
1761 1.21573e-34
1762 9.91946e-35
1763 8.09143e-35
1764 6.59859e-35
1765 5.37978e-35
1766 4.38497e-35
1767 3.5732e-35
1768 2.91096e-35
1769 2.37084e-35
1770 1.93045e-35
1771 1.57145e-35
1772 1.27889e-35
1773 1.04053e-35
1774 8.46371e-36
1775 6.88267e-36
1776 5.59553e-36
1777 4.54793e-36
1778 3.69551e-36
1779 3.00208e-36
1780 2.43814e-36
1781 1.97962e-36
1782 1.60691e-36
1783 1.30404e-36
1784 1.05798e-36
1785 8.58121e-37
1786 6.95837e-37
1787 5.64097e-37
1788 4.57179e-37
1789 3.70429e-37
1790 3.00061e-37
1791 2.42997e-37
1792 1.96733e-37
1793 1.59235e-37
1794 1.28851e-37
1795 1.04236e-37
1796 8.43014e-38
1797 6.8161e-38
1798 5.50962e-38
1799 4.45237e-38
1800 3.59703e-38
1801 2.90523e-38
1802 2.34585e-38
1803 1.89367e-38
1804 1.52823e-38
1805 1.23298e-38
1806 9.94506e-39
1807 8.01936e-39
1808 6.46477e-39
1809 5.21013e-39
1810 4.19783e-39
1811 3.38129e-39
1812 2.72283e-39
1813 2.19199e-39
1814 1.76416e-39
1815 1.41944e-39
1816 1.14177e-39
1817 9.18155e-40
1818 7.38133e-40
1819 5.93243e-40
1820 4.76661e-40
1821 3.82883e-40
1822 3.07469e-40
1823 2.4684e-40
1824 1.98111e-40
1825 1.58957e-40
1826 1.27505e-40
1827 1.02249e-40
1828 8.19717e-41
1829 6.56975e-41
1830 5.26395e-41
1831 4.21652e-41
1832 3.37655e-41
1833 2.70316e-41
1834 2.16346e-41
1835 1.73102e-41
1836 1.38464e-41
1837 1.10725e-41
1838 8.8519e-42
1839 7.07464e-42
1840 5.65264e-42
1841 4.5152e-42
1842 3.60563e-42
1843 2.87848e-42
1844 2.29734e-42
1845 1.83302e-42
1846 1.46213e-42
1847 1.16597e-42
1848 9.29533e-43
1849 7.40838e-43
1850 5.90285e-43
1851 4.70197e-43
1852 3.74436e-43
1853 2.98096e-43
1854 2.37255e-43
1855 1.88779e-43
1856 1.50167e-43
1857 1.1942e-43
1858 9.49417e-44
1859 7.54606e-44
1860 5.99604e-44
1861 4.7631e-44
1862 3.78266e-44
1863 3.00321e-44
1864 2.38373e-44
1865 1.89151e-44
1866 1.50053e-44
1867 1.19004e-44
1868 9.43538e-45
1869 7.47894e-45
1870 5.92657e-45
1871 4.69514e-45
1872 3.71857e-45
1873 2.94433e-45
1874 2.33066e-45
1875 1.84439e-45
1876 1.45918e-45
1877 1.15411e-45
1878 9.12575e-46
1879 7.21391e-46
1880 5.70105e-46
1881 4.50423e-46
1882 3.55769e-46
1883 2.80928e-46
1884 2.21771e-46
1885 1.75023e-46
1886 1.38091e-46
1887 1.08922e-46
1888 8.58905e-47
1889 6.77103e-47
1890 5.33634e-47
1891 4.20447e-47
1892 3.31174e-47
1893 2.60783e-47
1894 2.05296e-47
1895 1.61569e-47
1896 1.2712e-47
1897 9.99867e-48
1898 7.86226e-48
1899 6.18055e-48
1900 4.85715e-48
1901 3.816e-48
1902 2.99715e-48
1903 2.35332e-48
1904 1.84725e-48
1905 1.44957e-48
1906 1.13717e-48
1907 8.91826e-49
1908 6.99203e-49
1909 5.48017e-49
1910 4.2939e-49
1911 3.36338e-49
1912 2.6337e-49
1913 2.06167e-49
1914 1.61339e-49
1915 1.26217e-49
1916 9.87103e-50
1917 7.71733e-50
1918 6.03159e-50
1919 4.71255e-50
1920 3.68077e-50
1921 2.87395e-50
1922 2.24325e-50
1923 1.75037e-50
1924 1.36533e-50
1925 1.06464e-50
1926 8.29882e-51
1927 6.46671e-51
1928 5.03735e-51
1929 3.92258e-51
1930 3.05345e-51
1931 2.37606e-51
1932 1.8483e-51
1933 1.43725e-51
1934 1.11723e-51
1935 8.68146e-52
1936 6.74355e-52
1937 5.23634e-52
1938 4.06452e-52
1939 3.15378e-52
1940 2.44621e-52
1941 1.89669e-52
1942 1.47007e-52
1943 1.13898e-52
1944 8.82128e-53
1945 6.82941e-53
1946 5.2853e-53
1947 4.08876e-53
1948 3.16188e-53
1949 2.44418e-53
1950 1.88866e-53
1951 1.45883e-53
1952 1.12638e-53
1953 8.69353e-54
1954 6.70712e-54
1955 5.17254e-54
1956 3.98749e-54
1957 3.07271e-54
1958 2.36684e-54
1959 1.8224e-54
1960 1.40262e-54
1961 1.0791e-54
1962 8.29867e-55
1963 6.37935e-55
1964 4.90193e-55
1965 3.76511e-55
1966 2.89075e-55
1967 2.21852e-55
1968 1.7019e-55
1969 1.30505e-55
1970 1.00031e-55
1971 7.66414e-56
1972 5.8696e-56
1973 4.49336e-56
1974 3.43834e-56
1975 2.62993e-56
1976 2.01073e-56
1977 1.53666e-56
1978 1.17386e-56
1979 8.96334e-57
1980 6.84127e-57
1981 5.21935e-57
1982 3.98024e-57
1983 3.03399e-57
1984 2.31169e-57
1985 1.76059e-57
1986 1.34029e-57
1987 1.01988e-57
1988 7.75728e-58
1989 5.89767e-58
1990 4.48189e-58
1991 3.40448e-58
1992 2.58494e-58
1993 1.96182e-58
1994 1.48825e-58
1995 1.1285e-58
1996 8.55328e-59
1997 6.47998e-59
1998 4.90706e-59
1999 3.7143e-59
2000 2.81021e-59
2001 2.12524e-59
2002 1.60651e-59
2003 1.21385e-59
2004 9.16753e-60
2005 6.92063e-60
2006 5.2221e-60
2007 3.93867e-60
2008 2.96933e-60
2009 2.23756e-60
2010 1.68536e-60
2011 1.26887e-60
2012 9.54874e-61
2013 7.18256e-61
2014 5.40027e-61
2015 4.05841e-61
2016 3.04859e-61
2017 2.289e-61
2018 1.71789e-61
2019 1.28868e-61
2020 9.66264e-62
2021 7.24181e-62
2022 5.42497e-62
2023 4.06204e-62
2024 3.04009e-62
2025 2.27416e-62
2026 1.70037e-62
2027 1.27072e-62
2028 9.49145e-63
2029 7.08572e-63
2030 5.28679e-63
2031 3.94224e-63
2032 2.93776e-63
2033 2.1877e-63
2034 1.6279e-63
2035 1.21029e-63
2036 8.98941e-64
2037 6.66947e-64
2038 4.94208e-64
2039 3.65706e-64
2040 2.70232e-64
2041 1.99433e-64
2042 1.47091e-64
2043 1.08595e-64
2044 8.05382e-65
2045 6.04309e-65
2046 4.64793e-65
2047 3.74315e-65
