0 4.56092e-39
1 3.66121e-39
2 2.96263e-39
3 2.43966e-39
4 2.07316e-39
5 1.84934e-39
6 1.75928e-39
7 1.79866e-39
8 1.96803e-39
9 2.27213e-39
10 2.72022e-39
11 3.32667e-39
12 4.11139e-39
13 5.09975e-39
14 6.32389e-39
15 7.82452e-39
16 9.65111e-39
17 1.18635e-38
18 1.45342e-38
19 1.77509e-38
20 2.16198e-38
21 2.62689e-38
22 3.18474e-38
23 3.85375e-38
24 4.65605e-38
25 5.61737e-38
26 6.76901e-38
27 8.14834e-38
28 9.7996e-38
29 1.17761e-37
30 1.41417e-37
31 1.69724e-37
32 2.03579e-37
33 2.44049e-37
34 2.92442e-37
35 3.50317e-37
36 4.19461e-37
37 5.02086e-37
38 6.00772e-37
39 7.18612e-37
40 8.59361e-37
41 1.02734e-36
42 1.22782e-36
43 1.46708e-36
44 1.75251e-36
45 2.09291e-36
46 2.49883e-36
47 2.98271e-36
48 3.55937e-36
49 4.24675e-36
50 5.06554e-36
51 6.04073e-36
52 7.20206e-36
53 8.58469e-36
54 1.02303e-35
55 1.21886e-35
56 1.45189e-35
57 1.72905e-35
58 2.05862e-35
59 2.45039e-35
60 2.91625e-35
61 3.46993e-35
62 4.12754e-35
63 4.90871e-35
64 5.83639e-35
65 6.93797e-35
66 8.24558e-35
67 9.79721e-35
68 1.16386e-34
69 1.38229e-34
70 1.6413e-34
71 1.94844e-34
72 2.31251e-34
73 2.74396e-34
74 3.25522e-34
75 3.8609e-34
76 4.57814e-34
77 5.42743e-34
78 6.43283e-34
79 7.62272e-34
80 9.03076e-34
81 1.06964e-33
82 1.26663e-33
83 1.49956e-33
84 1.77494e-33
85 2.10043e-33
86 2.48502e-33
87 2.93936e-33
88 3.47598e-33
89 4.10967e-33
90 4.85777e-33
91 5.74077e-33
92 6.78279e-33
93 8.01206e-33
94 9.46216e-33
95 1.11721e-32
96 1.31881e-32
97 1.55643e-32
98 1.83644e-32
99 2.1664e-32
100 2.55503e-32
101 3.0127e-32
102 3.5516e-32
103 4.18593e-32
104 4.93243e-32
105 5.81084e-32
106 6.84413e-32
107 8.05931e-32
108 9.4882e-32
109 1.11679e-31
110 1.31419e-31
111 1.54613e-31
112 1.81866e-31
113 2.13872e-31
114 2.51451e-31
115 2.95569e-31
116 3.47353e-31
117 4.08117e-31
118 4.79397e-31
119 5.63003e-31
120 6.61045e-31
121 7.75988e-31
122 9.10703e-31
123 1.06857e-30
124 1.25354e-30
125 1.47016e-30
126 1.72383e-30
127 2.02086e-30
128 2.36849e-30
129 2.77532e-30
130 3.2513e-30
131 3.808e-30
132 4.45904e-30
133 5.22023e-30
134 6.10999e-30
135 7.14975e-30
136 8.36454e-30
137 9.78358e-30
138 1.14407e-29
139 1.33756e-29
140 1.56342e-29
141 1.827e-29
142 2.13454e-29
143 2.49328e-29
144 2.91165e-29
145 3.39948e-29
146 3.96815e-29
147 4.63088e-29
148 5.40312e-29
149 6.30272e-29
150 7.35043e-29
151 8.57041e-29
152 9.99064e-29
153 1.16437e-28
154 1.35671e-28
155 1.58047e-28
156 1.84074e-28
157 2.14339e-28
158 2.49524e-28
159 2.9042e-28
160 3.37945e-28
161 3.9316e-28
162 4.57293e-28
163 5.31771e-28
164 6.18241e-28
165 7.18612e-28
166 8.35093e-28
167 9.70238e-28
168 1.12701e-27
169 1.30881e-27
170 1.51961e-27
171 1.76396e-27
172 2.04715e-27
173 2.37528e-27
174 2.75538e-27
175 3.19559e-27
176 3.7053e-27
177 4.29535e-27
178 4.97826e-27
179 5.76844e-27
180 6.68256e-27
181 7.73977e-27
182 8.96225e-27
183 1.03755e-26
184 1.20088e-26
185 1.38962e-26
186 1.60765e-26
187 1.85948e-26
188 2.15026e-26
189 2.48596e-26
190 2.87342e-26
191 3.32052e-26
192 3.8363e-26
193 4.43123e-26
194 5.11724e-26
195 5.90813e-26
196 6.81973e-26
197 7.87018e-26
198 9.0804e-26
199 1.04744e-25
200 1.20796e-25
201 1.39277e-25
202 1.60549e-25
203 1.85029e-25
204 2.13194e-25
205 2.45591e-25
206 2.82848e-25
207 3.25684e-25
208 3.74924e-25
209 4.31511e-25
210 4.9653e-25
211 5.71218e-25
212 6.56994e-25
213 7.55484e-25
214 8.68545e-25
215 9.98304e-25
216 1.1472e-24
217 1.318e-24
218 1.51391e-24
219 1.73854e-24
220 1.99607e-24
221 2.29124e-24
222 2.62948e-24
223 3.01698e-24
224 3.46081e-24
225 3.96907e-24
226 4.55096e-24
227 5.217e-24
228 5.97919e-24
229 6.85122e-24
230 7.84868e-24
231 8.98936e-24
232 1.02935e-23
233 1.17843e-23
234 1.34879e-23
235 1.54344e-23
236 1.76578e-23
237 2.0197e-23
238 2.30961e-23
239 2.64054e-23
240 3.01822e-23
241 3.44913e-23
242 3.94068e-23
243 4.50126e-23
244 5.14044e-23
245 5.86904e-23
246 6.6994e-23
247 7.64551e-23
248 8.72325e-23
249 9.95066e-23
250 1.13482e-22
251 1.29391e-22
252 1.47497e-22
253 1.68098e-22
254 1.91534e-22
255 2.18187e-22
256 2.48493e-22
257 2.82945e-22
258 3.221e-22
259 3.66592e-22
260 4.17135e-22
261 4.7454e-22
262 5.39723e-22
263 6.13723e-22
264 6.97713e-22
265 7.9302e-22
266 9.01145e-22
267 1.02378e-21
268 1.16285e-21
269 1.32052e-21
270 1.49924e-21
271 1.70176e-21
272 1.93121e-21
273 2.19112e-21
274 2.48546e-21
275 2.81871e-21
276 3.19595e-21
277 3.62287e-21
278 4.10592e-21
279 4.65235e-21
280 5.27035e-21
281 5.96912e-21
282 6.75905e-21
283 7.65184e-21
284 8.66064e-21
285 9.80028e-21
286 1.10874e-20
287 1.25409e-20
288 1.41817e-20
289 1.60337e-20
290 1.81235e-20
291 2.04811e-20
292 2.31403e-20
293 2.61388e-20
294 2.95194e-20
295 3.33297e-20
296 3.76234e-20
297 4.24607e-20
298 4.79092e-20
299 5.40446e-20
300 6.09519e-20
301 6.87265e-20
302 7.74753e-20
303 8.73179e-20
304 9.83886e-20
305 1.10838e-19
306 1.24834e-19
307 1.40565e-19
308 1.58242e-19
309 1.78102e-19
310 2.00409e-19
311 2.25458e-19
312 2.5358e-19
313 2.85145e-19
314 3.20567e-19
315 3.60306e-19
316 4.04879e-19
317 4.54863e-19
318 5.10902e-19
319 5.73716e-19
320 6.44106e-19
321 7.2297e-19
322 8.11306e-19
323 9.10232e-19
324 1.02099e-18
325 1.14497e-18
326 1.28372e-18
327 1.43896e-18
328 1.61262e-18
329 1.80684e-18
330 2.02399e-18
331 2.26675e-18
332 2.53806e-18
333 2.84122e-18
334 3.1799e-18
335 3.55817e-18
336 3.98056e-18
337 4.45212e-18
338 4.97846e-18
339 5.56581e-18
340 6.22109e-18
341 6.95201e-18
342 7.76711e-18
343 8.67588e-18
344 9.68886e-18
345 1.08178e-17
346 1.20755e-17
347 1.34766e-17
348 1.5037e-17
349 1.67743e-17
350 1.87082e-17
351 2.08604e-17
352 2.32551e-17
353 2.5919e-17
354 2.88815e-17
355 3.21755e-17
356 3.58372e-17
357 3.99066e-17
358 4.44281e-17
359 4.94508e-17
360 5.50288e-17
361 6.1222e-17
362 6.80968e-17
363 7.57264e-17
364 8.41914e-17
365 9.35813e-17
366 1.03994e-16
367 1.1554e-16
368 1.28337e-16
369 1.42519e-16
370 1.58232e-16
371 1.75637e-16
372 1.9491e-16
373 2.16249e-16
374 2.39869e-16
375 2.66006e-16
376 2.94924e-16
377 3.2691e-16
378 3.62282e-16
379 4.01389e-16
380 4.44615e-16
381 4.92384e-16
382 5.4516e-16
383 6.03455e-16
384 6.67833e-16
385 7.38912e-16
386 8.17371e-16
387 9.03958e-16
388 9.99494e-16
389 1.10488e-15
390 1.22111e-15
391 1.34926e-15
392 1.49054e-15
393 1.64624e-15
394 1.81781e-15
395 2.00683e-15
396 2.21502e-15
397 2.44428e-15
398 2.69668e-15
399 2.9745e-15
400 3.28023e-15
401 3.61662e-15
402 3.98664e-15
403 4.39358e-15
404 4.84102e-15
405 5.33289e-15
406 5.87347e-15
407 6.46745e-15
408 7.11998e-15
409 7.83666e-15
410 8.62362e-15
411 9.48756e-15
412 1.04358e-14
413 1.14763e-14
414 1.26178e-14
415 1.38698e-14
416 1.52426e-14
417 1.67477e-14
418 1.83972e-14
419 2.02048e-14
420 2.21849e-14
421 2.43537e-14
422 2.67284e-14
423 2.9328e-14
424 3.21731e-14
425 3.52861e-14
426 3.86914e-14
427 4.24154e-14
428 4.64871e-14
429 5.09378e-14
430 5.58014e-14
431 6.11151e-14
432 6.6919e-14
433 7.32567e-14
434 8.01757e-14
435 8.77273e-14
436 9.59673e-14
437 1.04956e-13
438 1.1476e-13
439 1.2545e-13
440 1.37102e-13
441 1.49801e-13
442 1.63638e-13
443 1.78711e-13
444 1.95126e-13
445 2.12998e-13
446 2.32453e-13
447 2.53626e-13
448 2.76662e-13
449 3.01722e-13
450 3.28975e-13
451 3.58608e-13
452 3.90822e-13
453 4.25833e-13
454 4.63876e-13
455 5.05205e-13
456 5.50095e-13
457 5.98841e-13
458 6.51764e-13
459 7.09211e-13
460 7.71555e-13
461 8.39199e-13
462 9.1258e-13
463 9.92167e-13
464 1.07847e-12
465 1.17203e-12
466 1.27344e-12
467 1.38335e-12
468 1.50242e-12
469 1.63141e-12
470 1.77111e-12
471 1.92238e-12
472 2.08614e-12
473 2.26339e-12
474 2.45519e-12
475 2.66269e-12
476 2.88714e-12
477 3.12986e-12
478 3.39227e-12
479 3.67593e-12
480 3.98246e-12
481 4.31365e-12
482 4.67138e-12
483 5.05769e-12
484 5.47477e-12
485 5.92496e-12
486 6.41075e-12
487 6.93483e-12
488 7.50009e-12
489 8.10958e-12
490 8.76661e-12
491 9.47468e-12
492 1.02376e-11
493 1.10593e-11
494 1.19441e-11
495 1.28967e-11
496 1.39219e-11
497 1.50249e-11
498 1.62114e-11
499 1.74872e-11
500 1.88588e-11
501 2.03329e-11
502 2.19167e-11
503 2.36179e-11
504 2.54447e-11
505 2.74059e-11
506 2.95108e-11
507 3.17692e-11
508 3.41917e-11
509 3.67896e-11
510 3.95747e-11
511 4.25599e-11
512 4.57587e-11
513 4.91855e-11
514 5.28556e-11
515 5.67854e-11
516 6.09922e-11
517 6.54945e-11
518 7.0312e-11
519 7.54655e-11
520 8.09774e-11
521 8.68711e-11
522 9.3172e-11
523 9.99066e-11
524 1.07104e-10
525 1.14793e-10
526 1.23007e-10
527 1.3178e-10
528 1.41148e-10
529 1.5115e-10
530 1.61827e-10
531 1.73221e-10
532 1.85381e-10
533 1.98354e-10
534 2.12193e-10
535 2.26954e-10
536 2.42694e-10
537 2.59477e-10
538 2.77369e-10
539 2.96439e-10
540 3.16762e-10
541 3.38417e-10
542 3.61487e-10
543 3.86061e-10
544 4.12231e-10
545 4.40096e-10
546 4.6976e-10
547 5.01335e-10
548 5.34936e-10
549 5.70686e-10
550 6.08714e-10
551 6.49157e-10
552 6.92159e-10
553 7.3787e-10
554 7.86451e-10
555 8.38068e-10
556 8.92897e-10
557 9.51123e-10
558 1.01294e-09
559 1.07855e-09
560 1.14817e-09
561 1.22201e-09
562 1.30032e-09
563 1.38333e-09
564 1.47131e-09
565 1.56451e-09
566 1.66321e-09
567 1.76771e-09
568 1.8783e-09
569 1.9953e-09
570 2.11904e-09
571 2.24986e-09
572 2.38811e-09
573 2.53416e-09
574 2.68839e-09
575 2.85121e-09
576 3.02302e-09
577 3.20425e-09
578 3.39536e-09
579 3.5968e-09
580 3.80905e-09
581 4.03261e-09
582 4.268e-09
583 4.51576e-09
584 4.77645e-09
585 5.05064e-09
586 5.33894e-09
587 5.64197e-09
588 5.96038e-09
589 6.29486e-09
590 6.6461e-09
591 7.01484e-09
592 7.40185e-09
593 7.80792e-09
594 8.23388e-09
595 8.68061e-09
596 9.14901e-09
597 9.64003e-09
598 1.01547e-08
599 1.0694e-08
600 1.1259e-08
601 1.18509e-08
602 1.24709e-08
603 1.31203e-08
604 1.38004e-08
605 1.45124e-08
606 1.52581e-08
607 1.60387e-08
608 1.6856e-08
609 1.77117e-08
610 1.86075e-08
611 1.95454e-08
612 2.05272e-08
613 2.1555e-08
614 2.26311e-08
615 2.37577e-08
616 2.49371e-08
617 2.6172e-08
618 2.74649e-08
619 2.88185e-08
620 3.02358e-08
621 3.17198e-08
622 3.32736e-08
623 3.49004e-08
624 3.66037e-08
625 3.8387e-08
626 4.0254e-08
627 4.22085e-08
628 4.42545e-08
629 4.63959e-08
630 4.86371e-08
631 5.09823e-08
632 5.3436e-08
633 5.60027e-08
634 5.86872e-08
635 6.14941e-08
636 6.44283e-08
637 6.74948e-08
638 7.06986e-08
639 7.40446e-08
640 7.75379e-08
641 8.11838e-08
642 8.49871e-08
643 8.89532e-08
644 9.3087e-08
645 9.73934e-08
646 1.01878e-07
647 1.06544e-07
648 1.11398e-07
649 1.16444e-07
650 1.21685e-07
651 1.27127e-07
652 1.32774e-07
653 1.38628e-07
654 1.44695e-07
655 1.50975e-07
656 1.57474e-07
657 1.64192e-07
658 1.71133e-07
659 1.78298e-07
660 1.85688e-07
661 1.93305e-07
662 2.01148e-07
663 2.09219e-07
664 2.17515e-07
665 2.26038e-07
666 2.34785e-07
667 2.43754e-07
668 2.52943e-07
669 2.6235e-07
670 2.71971e-07
671 2.81804e-07
672 2.91843e-07
673 3.02085e-07
674 3.12525e-07
675 3.23158e-07
676 3.3398e-07
677 3.44985e-07
678 3.56167e-07
679 3.67522e-07
680 3.79045e-07
681 3.90729e-07
682 4.02571e-07
683 4.14566e-07
684 4.26709e-07
685 4.38999e-07
686 4.51431e-07
687 4.64003e-07
688 4.76716e-07
689 4.89569e-07
690 5.02562e-07
691 5.157e-07
692 5.28987e-07
693 5.42427e-07
694 5.56029e-07
695 5.69803e-07
696 5.83761e-07
697 5.97916e-07
698 6.12284e-07
699 6.26886e-07
700 6.41743e-07
701 6.56879e-07
702 6.72322e-07
703 6.88103e-07
704 7.04254e-07
705 7.20813e-07
706 7.3782e-07
707 7.55319e-07
708 7.73357e-07
709 7.91983e-07
710 8.11253e-07
711 8.31222e-07
712 8.51951e-07
713 8.73505e-07
714 8.9595e-07
715 9.19356e-07
716 9.43797e-07
717 9.69347e-07
718 9.96086e-07
719 1.02409e-06
720 1.05345e-06
721 1.08425e-06
722 1.11656e-06
723 1.15049e-06
724 1.18611e-06
725 1.22351e-06
726 1.26279e-06
727 1.30402e-06
728 1.3473e-06
729 1.3927e-06
730 1.44032e-06
731 1.49022e-06
732 1.54248e-06
733 1.59717e-06
734 1.65437e-06
735 1.71412e-06
736 1.77649e-06
737 1.84152e-06
738 1.90924e-06
739 1.97971e-06
740 2.05292e-06
741 2.12891e-06
742 2.20766e-06
743 2.28918e-06
744 2.37344e-06
745 2.4604e-06
746 2.55003e-06
747 2.64227e-06
748 2.73703e-06
749 2.83423e-06
750 2.93378e-06
751 3.03554e-06
752 3.13939e-06
753 3.24517e-06
754 3.35272e-06
755 3.46185e-06
756 3.57236e-06
757 3.68404e-06
758 3.79664e-06
759 3.90993e-06
760 4.02363e-06
761 4.13746e-06
762 4.25111e-06
763 4.36429e-06
764 4.47665e-06
765 4.58786e-06
766 4.69756e-06
767 4.80538e-06
768 4.91095e-06
769 5.01388e-06
770 5.11377e-06
771 5.21022e-06
772 5.30282e-06
773 5.39114e-06
774 5.47479e-06
775 5.55334e-06
776 5.62636e-06
777 5.69346e-06
778 5.75421e-06
779 5.80822e-06
780 5.85509e-06
781 5.89444e-06
782 5.9259e-06
783 5.94912e-06
784 5.96375e-06
785 5.9695e-06
786 5.96605e-06
787 5.95316e-06
788 5.93057e-06
789 5.89808e-06
790 5.85552e-06
791 5.80275e-06
792 5.73965e-06
793 5.66618e-06
794 5.5823e-06
795 5.48805e-06
796 5.38349e-06
797 5.26875e-06
798 5.144e-06
799 5.00946e-06
800 4.86542e-06
801 4.71221e-06
802 4.55022e-06
803 4.37991e-06
804 4.20181e-06
805 4.01648e-06
806 3.82457e-06
807 3.6268e-06
808 3.42392e-06
809 3.21679e-06
810 3.00632e-06
811 2.79346e-06
812 2.57927e-06
813 2.36485e-06
814 2.15137e-06
815 1.94007e-06
816 1.73227e-06
817 1.52932e-06
818 1.33265e-06
819 1.14378e-06
820 9.64246e-07
821 7.95669e-07
822 6.39723e-07
823 4.98138e-07
824 3.72695e-07
825 2.6523e-07
826 1.77626e-07
827 1.11815e-07
828 6.97709e-08
829 5.35109e-08
830 6.50903e-08
831 1.066e-07
832 1.80165e-07
833 2.87938e-07
834 4.32101e-07
835 6.14859e-07
836 8.38435e-07
837 1.10507e-06
838 1.41703e-06
839 1.77658e-06
840 2.18598e-06
841 2.64753e-06
842 3.16351e-06
843 3.7362e-06
844 4.36788e-06
845 5.06081e-06
846 5.81727e-06
847 6.6395e-06
848 7.52975e-06
849 8.49023e-06
850 9.52315e-06
851 1.06307e-05
852 1.1815e-05
853 1.30783e-05
854 1.44226e-05
855 1.58501e-05
856 1.73628e-05
857 1.89627e-05
858 2.0652e-05
859 2.24325e-05
860 2.43063e-05
861 2.62752e-05
862 2.83413e-05
863 3.05064e-05
864 3.27724e-05
865 3.51412e-05
866 3.76146e-05
867 4.01944e-05
868 4.28826e-05
869 4.56809e-05
870 4.85911e-05
871 5.16151e-05
872 5.47547e-05
873 5.80117e-05
874 6.1388e-05
875 6.48854e-05
876 6.85058e-05
877 7.22512e-05
878 7.61236e-05
879 8.01248e-05
880 8.4257e-05
881 8.85222e-05
882 9.29227e-05
883 9.74606e-05
884 0.000102138
885 0.000106958
886 0.000111923
887 0.000117034
888 0.000122295
889 0.00012771
890 0.000133279
891 0.000139007
892 0.000144897
893 0.000150952
894 0.000157175
895 0.00016357
896 0.000170141
897 0.000176892
898 0.000183827
899 0.00019095
900 0.000198265
901 0.000205778
902 0.000213494
903 0.000221417
904 0.000229552
905 0.000237906
906 0.000246484
907 0.000255293
908 0.000264338
909 0.000273626
910 0.000283165
911 0.00029296
912 0.00030302
913 0.000313352
914 0.000323964
915 0.000334864
916 0.000346061
917 0.000357563
918 0.00036938
919 0.000381521
920 0.000393996
921 0.000406814
922 0.000419987
923 0.000433524
924 0.000447436
925 0.000461735
926 0.000476432
927 0.000491539
928 0.000507069
929 0.000523033
930 0.000539444
931 0.000556316
932 0.000573662
933 0.000591495
934 0.00060983
935 0.00062868
936 0.00064806
937 0.000667985
938 0.000688471
939 0.000709531
940 0.000731183
941 0.000753442
942 0.000776325
943 0.000799846
944 0.000824024
945 0.000848876
946 0.000874417
947 0.000900667
948 0.000927641
949 0.000955359
950 0.000983837
951 0.00101309
952 0.00104315
953 0.00107402
954 0.00110573
955 0.00113829
956 0.00117172
957 0.00120604
958 0.00124127
959 0.00127744
960 0.00131455
961 0.00135263
962 0.0013917
963 0.00143177
964 0.00147288
965 0.00151502
966 0.00155824
967 0.00160254
968 0.00164795
969 0.00169448
970 0.00174215
971 0.00179098
972 0.001841
973 0.00189222
974 0.00194466
975 0.00199834
976 0.00205328
977 0.00210949
978 0.002167
979 0.00222581
980 0.00228596
981 0.00234746
982 0.00241032
983 0.00247456
984 0.0025402
985 0.00260726
986 0.00267574
987 0.00274567
988 0.00281706
989 0.00288993
990 0.00296429
991 0.00304015
992 0.00311753
993 0.00319644
994 0.00327689
995 0.00335889
996 0.00344247
997 0.00352761
998 0.00361435
999 0.00370267
1000 0.00379261
1001 0.00388415
1002 0.00397732
1003 0.00407211
1004 0.00416853
1005 0.0042666
1006 0.0043663
1007 0.00446765
1008 0.00457065
1009 0.0046753
1010 0.0047816
1011 0.00488956
1012 0.00499916
1013 0.00511042
1014 0.00522333
1015 0.00533788
1016 0.00545407
1017 0.00557189
1018 0.00569135
1019 0.00581242
1020 0.00593511
1021 0.00605941
1022 0.00618529
1023 0.00631276
1024 0.0064418
1025 0.0065724
1026 0.00670453
1027 0.0068382
1028 0.00697337
1029 0.00711003
1030 0.00724816
1031 0.00738774
1032 0.00752875
1033 0.00767117
1034 0.00781497
1035 0.00796013
1036 0.00810661
1037 0.0082544
1038 0.00840347
1039 0.00855378
1040 0.0087053
1041 0.008858
1042 0.00901185
1043 0.00916681
1044 0.00932284
1045 0.00947991
1046 0.00963799
1047 0.00979702
1048 0.00995698
1049 0.0101178
1050 0.0102795
1051 0.0104419
1052 0.0106051
1053 0.010769
1054 0.0109336
1055 0.0110987
1056 0.0112644
1057 0.0114307
1058 0.0115973
1059 0.0117644
1060 0.0119318
1061 0.0120994
1062 0.0122673
1063 0.0124354
1064 0.0126036
1065 0.0127719
1066 0.0129401
1067 0.0131083
1068 0.0132764
1069 0.0134443
1070 0.0136119
1071 0.0137793
1072 0.0139462
1073 0.0141127
1074 0.0142788
1075 0.0144442
1076 0.014609
1077 0.0147731
1078 0.0149364
1079 0.0150989
1080 0.0152605
1081 0.0154211
1082 0.0155807
1083 0.0157392
1084 0.0158965
1085 0.0160525
1086 0.0162072
1087 0.0163606
1088 0.0165125
1089 0.0166628
1090 0.0168116
1091 0.0169587
1092 0.0171041
1093 0.0172477
1094 0.0173894
1095 0.0175292
1096 0.017667
1097 0.0178027
1098 0.0179364
1099 0.0180678
1100 0.0181969
1101 0.0183238
1102 0.0184482
1103 0.0185702
1104 0.0186897
1105 0.0188067
1106 0.018921
1107 0.0190326
1108 0.0191415
1109 0.0192475
1110 0.0193508
1111 0.0194511
1112 0.0195484
1113 0.0196428
1114 0.0197341
1115 0.0198222
1116 0.0199072
1117 0.019989
1118 0.0200676
1119 0.0201429
1120 0.0202148
1121 0.0202834
1122 0.0203485
1123 0.0204102
1124 0.0204685
1125 0.0205232
1126 0.0205743
1127 0.0206219
1128 0.0206659
1129 0.0207063
1130 0.020743
1131 0.0207761
1132 0.0208054
1133 0.0208311
1134 0.020853
1135 0.0208712
1136 0.0208857
1137 0.0208963
1138 0.0209032
1139 0.0209064
1140 0.0209057
1141 0.0209013
1142 0.0208931
1143 0.0208811
1144 0.0208654
1145 0.0208459
1146 0.0208226
1147 0.0207956
1148 0.0207648
1149 0.0207303
1150 0.0206922
1151 0.0206503
1152 0.0206048
1153 0.0205556
1154 0.0205028
1155 0.0204464
1156 0.0203865
1157 0.020323
1158 0.0202561
1159 0.0201856
1160 0.0201117
1161 0.0200345
1162 0.0199538
1163 0.0198699
1164 0.0197827
1165 0.0196923
1166 0.0195986
1167 0.0195019
1168 0.019402
1169 0.0192992
1170 0.0191933
1171 0.0190845
1172 0.0189728
1173 0.0188583
1174 0.018741
1175 0.0186211
1176 0.0184985
1177 0.0183732
1178 0.0182455
1179 0.0181153
1180 0.0179827
1181 0.0178478
1182 0.0177106
1183 0.0175711
1184 0.0174296
1185 0.017286
1186 0.0171403
1187 0.0169928
1188 0.0168433
1189 0.0166921
1190 0.0165392
1191 0.0163846
1192 0.0162284
1193 0.0160707
1194 0.0159115
1195 0.015751
1196 0.0155892
1197 0.0154261
1198 0.0152619
1199 0.0150966
1200 0.0149303
1201 0.014763
1202 0.0145949
1203 0.014426
1204 0.0142563
1205 0.014086
1206 0.0139151
1207 0.0137437
1208 0.0135718
1209 0.0133996
1210 0.013227
1211 0.0130542
1212 0.0128812
1213 0.012708
1214 0.0125348
1215 0.0123617
1216 0.0121886
1217 0.0120156
1218 0.0118429
1219 0.0116704
1220 0.0114982
1221 0.0113264
1222 0.0111551
1223 0.0109842
1224 0.0108139
1225 0.0106442
1226 0.0104752
1227 0.0103069
1228 0.0101393
1229 0.00997254
1230 0.00980665
1231 0.00964166
1232 0.00947763
1233 0.0093146
1234 0.00915261
1235 0.00899171
1236 0.00883194
1237 0.00867334
1238 0.00851594
1239 0.00835978
1240 0.00820491
1241 0.00805134
1242 0.00789913
1243 0.0077483
1244 0.00759887
1245 0.00745089
1246 0.00730437
1247 0.00715935
1248 0.00701585
1249 0.00687389
1250 0.00673349
1251 0.00659468
1252 0.00645748
1253 0.00632191
1254 0.00618798
1255 0.00605571
1256 0.00592512
1257 0.00579621
1258 0.005669
1259 0.00554351
1260 0.00541973
1261 0.00529769
1262 0.00517739
1263 0.00505883
1264 0.00494202
1265 0.00482697
1266 0.00471368
1267 0.00460214
1268 0.00449237
1269 0.00438436
1270 0.00427811
1271 0.00417361
1272 0.00407088
1273 0.00396989
1274 0.00387065
1275 0.00377316
1276 0.0036774
1277 0.00358337
1278 0.00349106
1279 0.00340046
1280 0.00331156
1281 0.00322435
1282 0.00313883
1283 0.00305497
1284 0.00297277
1285 0.00289222
1286 0.00281329
1287 0.00273598
1288 0.00266027
1289 0.00258615
1290 0.0025136
1291 0.00244261
1292 0.00237315
1293 0.00230521
1294 0.00223878
1295 0.00217384
1296 0.00211036
1297 0.00204833
1298 0.00198774
1299 0.00192856
1300 0.00187077
1301 0.00181435
1302 0.00175929
1303 0.00170556
1304 0.00165315
1305 0.00160203
1306 0.00155218
1307 0.00150359
1308 0.00145623
1309 0.00141008
1310 0.00136513
1311 0.00132134
1312 0.00127871
1313 0.00123721
1314 0.00119682
1315 0.00115751
1316 0.00111928
1317 0.00108209
1318 0.00104593
1319 0.00101078
1320 0.000976613
1321 0.000943415
1322 0.000911163
1323 0.000879839
1324 0.000849423
1325 0.000819894
1326 0.000791233
1327 0.000763422
1328 0.000736442
1329 0.000710272
1330 0.000684896
1331 0.000660294
1332 0.000636448
1333 0.00061334
1334 0.000590953
1335 0.000569269
1336 0.00054827
1337 0.000527939
1338 0.000508261
1339 0.000489217
1340 0.000470792
1341 0.00045297
1342 0.000435734
1343 0.00041907
1344 0.000402962
1345 0.000387394
1346 0.000372353
1347 0.000357824
1348 0.000343792
1349 0.000330243
1350 0.000317164
1351 0.000304541
1352 0.000292361
1353 0.000280612
1354 0.00026928
1355 0.000258353
1356 0.000247819
1357 0.000237667
1358 0.000227884
1359 0.000218459
1360 0.000209382
1361 0.00020064
1362 0.000192225
1363 0.000184125
1364 0.00017633
1365 0.000168831
1366 0.000161618
1367 0.000154682
1368 0.000148013
1369 0.000141602
1370 0.000135442
1371 0.000129523
1372 0.000123838
1373 0.000118377
1374 0.000113135
1375 0.000108102
1376 0.000103273
1377 9.86386e-05
1378 9.41931e-05
1379 8.99296e-05
1380 8.58415e-05
1381 8.19225e-05
1382 7.81664e-05
1383 7.45672e-05
1384 7.11192e-05
1385 6.78167e-05
1386 6.46544e-05
1387 6.16268e-05
1388 5.8729e-05
1389 5.5956e-05
1390 5.3303e-05
1391 5.07654e-05
1392 4.83387e-05
1393 4.60186e-05
1394 4.38008e-05
1395 4.16813e-05
1396 3.96563e-05
1397 3.7722e-05
1398 3.58746e-05
1399 3.41107e-05
1400 3.24268e-05
1401 3.08198e-05
1402 2.92864e-05
1403 2.78236e-05
1404 2.64284e-05
1405 2.5098e-05
1406 2.38297e-05
1407 2.26208e-05
1408 2.14688e-05
1409 2.03714e-05
1410 1.9326e-05
1411 1.83305e-05
1412 1.73828e-05
1413 1.64806e-05
1414 1.5622e-05
1415 1.48051e-05
1416 1.40281e-05
1417 1.32891e-05
1418 1.25864e-05
1419 1.19184e-05
1420 1.12836e-05
1421 1.06803e-05
1422 1.01073e-05
1423 9.56296e-06
1424 9.0461e-06
1425 8.55541e-06
1426 8.08966e-06
1427 7.64769e-06
1428 7.22836e-06
1429 6.83062e-06
1430 6.45342e-06
1431 6.0958e-06
1432 5.75679e-06
1433 5.43552e-06
1434 5.1311e-06
1435 4.84274e-06
1436 4.56963e-06
1437 4.31102e-06
1438 4.06621e-06
1439 3.8345e-06
1440 3.61525e-06
1441 3.40782e-06
1442 3.21162e-06
1443 3.02609e-06
1444 2.85069e-06
1445 2.68489e-06
1446 2.52821e-06
1447 2.38017e-06
1448 2.24034e-06
1449 2.10828e-06
1450 1.98359e-06
1451 1.86589e-06
1452 1.7548e-06
1453 1.64999e-06
1454 1.55111e-06
1455 1.45785e-06
1456 1.36991e-06
1457 1.287e-06
1458 1.20887e-06
1459 1.13523e-06
1460 1.06586e-06
1461 1.00052e-06
1462 9.38991e-07
1463 8.81059e-07
1464 8.26528e-07
1465 7.75209e-07
1466 7.26925e-07
1467 6.81506e-07
1468 6.3879e-07
1469 5.98626e-07
1470 5.6087e-07
1471 5.25386e-07
1472 4.92043e-07
1473 4.60719e-07
1474 4.313e-07
1475 4.03674e-07
1476 3.77738e-07
1477 3.53395e-07
1478 3.30551e-07
1479 3.09119e-07
1480 2.89016e-07
1481 2.70164e-07
1482 2.52488e-07
1483 2.3592e-07
1484 2.20392e-07
1485 2.05843e-07
1486 1.92215e-07
1487 1.79451e-07
1488 1.67499e-07
1489 1.5631e-07
1490 1.45839e-07
1491 1.3604e-07
1492 1.26873e-07
1493 1.18299e-07
1494 1.10281e-07
1495 1.02785e-07
1496 9.57784e-08
1497 8.92307e-08
1498 8.31131e-08
1499 7.73986e-08
1500 7.20619e-08
1501 6.7079e-08
1502 6.24276e-08
1503 5.80865e-08
1504 5.40359e-08
1505 5.02572e-08
1506 4.67328e-08
1507 4.34465e-08
1508 4.03828e-08
1509 3.75272e-08
1510 3.48661e-08
1511 3.2387e-08
1512 3.00778e-08
1513 2.79273e-08
1514 2.59251e-08
1515 2.40614e-08
1516 2.23269e-08
1517 2.07131e-08
1518 1.92119e-08
1519 1.78157e-08
1520 1.65175e-08
1521 1.53107e-08
1522 1.4189e-08
1523 1.31467e-08
1524 1.21784e-08
1525 1.12791e-08
1526 1.04439e-08
1527 9.66852e-09
1528 8.94882e-09
1529 8.28094e-09
1530 7.66128e-09
1531 7.08649e-09
1532 6.55343e-09
1533 6.05918e-09
1534 5.60102e-09
1535 5.1764e-09
1536 4.78296e-09
1537 4.41849e-09
1538 4.08092e-09
1539 3.76834e-09
1540 3.47897e-09
1541 3.21113e-09
1542 2.96329e-09
1543 2.73399e-09
1544 2.5219e-09
1545 2.32577e-09
1546 2.14444e-09
1547 1.97682e-09
1548 1.82192e-09
1549 1.6788e-09
1550 1.5466e-09
1551 1.4245e-09
1552 1.31176e-09
1553 1.20769e-09
1554 1.11164e-09
1555 1.02301e-09
1556 9.41244e-10
1557 8.65831e-10
1558 7.96291e-10
1559 7.32181e-10
1560 6.73089e-10
1561 6.18634e-10
1562 5.68464e-10
1563 5.22252e-10
1564 4.79694e-10
1565 4.40511e-10
1566 4.04442e-10
1567 3.71248e-10
1568 3.40705e-10
1569 3.12609e-10
1570 2.86769e-10
1571 2.63008e-10
1572 2.41165e-10
1573 2.21089e-10
1574 2.02641e-10
1575 1.85693e-10
1576 1.70126e-10
1577 1.55831e-10
1578 1.42706e-10
1579 1.30659e-10
1580 1.19604e-10
1581 1.09461e-10
1582 1.00156e-10
1583 9.16231e-11
1584 8.37991e-11
1585 7.66269e-11
1586 7.00536e-11
1587 6.40305e-11
1588 5.85127e-11
1589 5.3459e-11
1590 4.88314e-11
1591 4.45948e-11
1592 4.07171e-11
1593 3.71687e-11
1594 3.39222e-11
1595 3.09526e-11
1596 2.8237e-11
1597 2.57541e-11
1598 2.34845e-11
1599 2.14104e-11
1600 1.95152e-11
1601 1.7784e-11
1602 1.62029e-11
1603 1.47592e-11
1604 1.34413e-11
1605 1.22384e-11
1606 1.11408e-11
1607 1.01394e-11
1608 9.22611e-12
1609 8.39325e-12
1610 7.63394e-12
1611 6.94184e-12
1612 6.31113e-12
1613 5.73649e-12
1614 5.21306e-12
1615 4.73637e-12
1616 4.30235e-12
1617 3.90726e-12
1618 3.54769e-12
1619 3.22052e-12
1620 2.9229e-12
1621 2.65221e-12
1622 2.40607e-12
1623 2.18231e-12
1624 1.97893e-12
1625 1.79412e-12
1626 1.62622e-12
1627 1.47372e-12
1628 1.33523e-12
1629 1.2095e-12
1630 1.09537e-12
1631 9.91798e-13
1632 8.97826e-13
1633 8.12583e-13
1634 7.35276e-13
1635 6.65181e-13
1636 6.01639e-13
1637 5.4405e-13
1638 4.91867e-13
1639 4.44595e-13
1640 4.01779e-13
1641 3.63009e-13
1642 3.27909e-13
1643 2.9614e-13
1644 2.67391e-13
1645 2.41381e-13
1646 2.17854e-13
1647 1.96578e-13
1648 1.77342e-13
1649 1.59954e-13
1650 1.4424e-13
1651 1.30041e-13
1652 1.17215e-13
1653 1.05631e-13
1654 9.51718e-14
1655 8.57296e-14
1656 7.72075e-14
1657 6.95176e-14
1658 6.25801e-14
1659 5.63229e-14
1660 5.06803e-14
1661 4.55933e-14
1662 4.10079e-14
1663 3.68758e-14
1664 3.3153e-14
1665 2.97995e-14
1666 2.67795e-14
1667 2.40603e-14
1668 2.16126e-14
1669 1.94097e-14
1670 1.74276e-14
1671 1.56445e-14
1672 1.40408e-14
1673 1.25988e-14
1674 1.13024e-14
1675 1.01373e-14
1676 9.09028e-15
1677 8.14966e-15
1678 7.30479e-15
1679 6.54609e-15
1680 5.86493e-15
1681 5.25351e-15
1682 4.70481e-15
1683 4.21251e-15
1684 3.77092e-15
1685 3.37488e-15
1686 3.01978e-15
1687 2.70147e-15
1688 2.41618e-15
1689 2.16056e-15
1690 1.93156e-15
1691 1.72646e-15
1692 1.54281e-15
1693 1.37839e-15
1694 1.23123e-15
1695 1.09955e-15
1696 9.81731e-16
1697 8.76351e-16
1698 7.82113e-16
1699 6.97858e-16
1700 6.22546e-16
1701 5.5524e-16
1702 4.95105e-16
1703 4.41387e-16
1704 3.93412e-16
1705 3.50576e-16
1706 3.12336e-16
1707 2.78208e-16
1708 2.47755e-16
1709 2.20587e-16
1710 1.96357e-16
1711 1.7475e-16
1712 1.55487e-16
1713 1.38317e-16
1714 1.23017e-16
1715 1.09385e-16
1716 9.72433e-17
1717 8.64304e-17
1718 7.68032e-17
1719 6.82335e-17
1720 6.06069e-17
1721 5.38211e-17
1722 4.77847e-17
1723 4.24161e-17
1724 3.76425e-17
1725 3.33989e-17
1726 2.96273e-17
1727 2.62759e-17
1728 2.32985e-17
1729 2.06541e-17
1730 1.83058e-17
1731 1.6221e-17
1732 1.43705e-17
1733 1.27283e-17
1734 1.12714e-17
1735 9.97902e-18
1736 8.83293e-18
1737 7.81678e-18
1738 6.91602e-18
1739 6.11773e-18
1740 5.41041e-18
1741 4.78383e-18
1742 4.2289e-18
1743 3.73752e-18
1744 3.30253e-18
1745 2.91752e-18
1746 2.57685e-18
1747 2.27545e-18
1748 2.00888e-18
1749 1.77314e-18
1750 1.56473e-18
1751 1.38052e-18
1752 1.21773e-18
1753 1.0739e-18
1754 9.46852e-19
1755 8.34654e-19
1756 7.35591e-19
1757 6.48145e-19
1758 5.7097e-19
1759 5.02876e-19
1760 4.42806e-19
1761 3.89826e-19
1762 3.43111e-19
1763 3.01929e-19
1764 2.65631e-19
1765 2.33647e-19
1766 2.05469e-19
1767 1.8065e-19
1768 1.58794e-19
1769 1.39552e-19
1770 1.22615e-19
1771 1.07711e-19
1772 9.45972e-20
1773 8.30621e-20
1774 7.29177e-20
1775 6.39984e-20
1776 5.61578e-20
1777 4.9267e-20
1778 4.32124e-20
1779 3.78936e-20
1780 3.32222e-20
1781 2.91204e-20
1782 2.55194e-20
1783 2.23588e-20
1784 1.95855e-20
1785 1.71523e-20
1786 1.50182e-20
1787 1.31468e-20
1788 1.1506e-20
1789 1.00678e-20
1790 8.80747e-21
1791 7.70323e-21
1792 6.73596e-21
1793 5.88886e-21
1794 5.14717e-21
1795 4.49791e-21
1796 3.92969e-21
1797 3.4325e-21
1798 2.99757e-21
1799 2.61717e-21
1800 2.28455e-21
1801 1.99376e-21
1802 1.73961e-21
1803 1.51753e-21
1804 1.3235e-21
1805 1.15404e-21
1806 1.00605e-21
1807 8.76846e-22
1808 7.6407e-22
1809 6.65653e-22
1810 5.79786e-22
1811 5.04885e-22
1812 4.39565e-22
1813 3.82612e-22
1814 3.32965e-22
1815 2.89697e-22
1816 2.51997e-22
1817 2.19155e-22
1818 1.90551e-22
1819 1.65645e-22
1820 1.43962e-22
1821 1.25091e-22
1822 1.08669e-22
1823 9.43827e-23
1824 8.19566e-23
1825 7.11509e-23
1826 6.17564e-23
1827 5.35906e-23
1828 4.64943e-23
1829 4.03289e-23
1830 3.49734e-23
1831 3.03225e-23
1832 2.62843e-23
1833 2.27789e-23
1834 1.97367e-23
1835 1.70971e-23
1836 1.48072e-23
1837 1.28212e-23
1838 1.10992e-23
1839 9.60632e-24
1840 8.31244e-24
1841 7.19125e-24
1842 6.21993e-24
1843 5.37862e-24
1844 4.6501e-24
1845 4.01936e-24
1846 3.47342e-24
1847 3.00098e-24
1848 2.59222e-24
1849 2.23866e-24
1850 1.93289e-24
1851 1.66852e-24
1852 1.43999e-24
1853 1.24249e-24
1854 1.07184e-24
1855 9.24432e-25
1856 7.97118e-25
1857 6.87188e-25
1858 5.92287e-25
1859 5.10381e-25
1860 4.39705e-25
1861 3.78732e-25
1862 3.26143e-25
1863 2.80794e-25
1864 2.41698e-25
1865 2.08e-25
1866 1.78961e-25
1867 1.53942e-25
1868 1.32392e-25
1869 1.13833e-25
1870 9.78549e-26
1871 8.41008e-26
1872 7.22641e-26
1873 6.20797e-26
1874 5.33189e-26
1875 4.57843e-26
1876 3.93059e-26
1877 3.37367e-26
1878 2.89503e-26
1879 2.48374e-26
1880 2.13042e-26
1881 1.82696e-26
1882 1.56638e-26
1883 1.34267e-26
1884 1.15066e-26
1885 9.85893e-27
1886 8.44532e-27
1887 7.23281e-27
1888 6.19302e-27
1889 5.30154e-27
1890 4.53739e-27
1891 3.88253e-27
1892 3.32145e-27
1893 2.84083e-27
1894 2.42923e-27
1895 2.0768e-27
1896 1.77511e-27
1897 1.51691e-27
1898 1.29599e-27
1899 1.10699e-27
1900 9.4535e-28
1901 8.07133e-28
1902 6.88973e-28
1903 5.87982e-28
1904 5.01683e-28
1905 4.27956e-28
1906 3.64983e-28
1907 3.11208e-28
1908 2.65298e-28
1909 2.2611e-28
1910 1.92669e-28
1911 1.64137e-28
1912 1.398e-28
1913 1.19045e-28
1914 1.01349e-28
1915 8.62639e-29
1916 7.34083e-29
1917 6.24547e-29
1918 5.31238e-29
1919 4.51771e-29
1920 3.84106e-29
1921 3.26503e-29
1922 2.77477e-29
1923 2.35761e-29
1924 2.00273e-29
1925 1.70088e-29
1926 1.44422e-29
1927 1.22601e-29
1928 1.04054e-29
1929 8.82932e-30
1930 7.49033e-30
1931 6.353e-30
1932 5.38715e-30
1933 4.56714e-30
1934 3.8711e-30
1935 3.28041e-30
1936 2.77923e-30
1937 2.3541e-30
1938 1.99358e-30
1939 1.68788e-30
1940 1.42875e-30
1941 1.20913e-30
1942 1.02305e-30
1943 8.65406e-31
1944 7.31894e-31
1945 6.18846e-31
1946 5.23142e-31
1947 4.42141e-31
1948 3.736e-31
1949 3.15614e-31
1950 2.66568e-31
1951 2.25094e-31
1952 1.90031e-31
1953 1.60394e-31
1954 1.3535e-31
1955 1.1419e-31
1956 9.63177e-32
1957 8.12241e-32
1958 6.84804e-32
1959 5.77234e-32
1960 4.86457e-32
1961 4.09862e-32
1962 3.4525e-32
1963 2.90763e-32
1964 2.44819e-32
1965 2.06088e-32
1966 1.73445e-32
1967 1.45941e-32
1968 1.22772e-32
1969 1.03258e-32
1970 8.68256e-33
1971 7.29926e-33
1972 6.13496e-33
1973 5.15523e-33
1974 4.33102e-33
1975 3.63776e-33
1976 3.05479e-33
1977 2.56467e-33
1978 2.15271e-33
1979 1.80653e-33
1980 1.51568e-33
1981 1.27137e-33
1982 1.0662e-33
1983 8.93947e-34
1984 7.49355e-34
1985 6.28008e-34
1986 5.26196e-34
1987 4.40791e-34
1988 3.69166e-34
1989 3.0911e-34
1990 2.58766e-34
1991 2.16575e-34
1992 1.81221e-34
1993 1.51605e-34
1994 1.26801e-34
1995 1.06031e-34
1996 8.86442e-35
1997 7.40911e-35
1998 6.19137e-35
1999 5.17262e-35
2000 4.32051e-35
2001 3.608e-35
2002 3.0123e-35
2003 2.51438e-35
2004 2.09829e-35
2005 1.75067e-35
2006 1.4603e-35
2007 1.21782e-35
2008 1.01538e-35
2009 8.46387e-36
2010 7.05369e-36
2011 5.87708e-36
2012 4.89548e-36
2013 4.07696e-36
2014 3.39437e-36
2015 2.82547e-36
2016 2.35144e-36
2017 1.95635e-36
2018 1.62717e-36
2019 1.35305e-36
2020 1.12487e-36
2021 9.34885e-37
2022 7.7671e-37
2023 6.45131e-37
2024 5.35688e-37
2025 4.4463e-37
2026 3.6891e-37
2027 3.05976e-37
2028 2.53672e-37
2029 2.10198e-37
2030 1.74073e-37
2031 1.44078e-37
2032 1.19176e-37
2033 9.84964e-38
2034 8.13314e-38
2035 6.70948e-38
2036 5.52872e-38
2037 4.54938e-38
2038 3.73764e-38
2039 3.06533e-38
2040 2.50881e-38
2041 2.04849e-38
2042 1.66812e-38
2043 1.35425e-38
2044 1.09586e-38
2045 8.8376e-39
2046 7.10383e-39
2047 5.69508e-39
