0 1.25059e-76
1 1.43967e-76
2 6.92432e-76
3 1.83473e-75
4 3.70593e-75
5 6.5277e-75
6 1.06343e-74
7 1.65119e-74
8 2.48552e-74
9 3.66487e-74
10 5.32812e-74
11 7.67073e-74
12 1.09674e-73
13 1.56037e-73
14 2.21208e-73
15 3.12774e-73
16 4.41368e-73
17 6.21887e-73
18 8.75191e-73
19 1.23047e-72
20 1.72858e-72
21 2.42663e-72
22 3.40445e-72
23 4.77359e-72
24 6.68984e-72
25 9.37066e-72
26 1.31195e-71
27 1.83595e-71
28 2.56808e-71
29 3.59054e-71
30 5.01787e-71
31 7.0095e-71
32 9.78735e-71
33 1.36601e-70
34 1.90569e-70
35 2.65743e-70
36 3.70411e-70
37 5.1608e-70
38 7.18723e-70
39 1.0005e-69
40 1.39215e-69
41 1.93626e-69
42 2.69188e-69
43 3.74074e-69
44 5.19601e-69
45 7.21432e-69
46 1.00122e-68
47 1.38892e-68
48 1.92591e-68
49 2.66935e-68
50 3.69816e-68
51 5.12127e-68
52 7.08891e-68
53 9.80826e-68
54 1.35649e-67
55 1.87521e-67
56 2.59116e-67
57 3.57889e-67
58 4.94099e-67
59 6.81852e-67
60 9.40536e-67
61 1.2968e-66
62 1.78722e-66
63 2.46203e-66
64 3.39015e-66
65 4.66611e-66
66 6.41948e-66
67 8.82785e-66
68 1.21344e-65
69 1.66722e-65
70 2.28969e-65
71 3.14318e-65
72 4.31292e-65
73 5.91538e-65
74 8.10965e-65
75 1.1113e-64
76 1.52219e-64
77 2.08409e-64
78 2.85214e-64
79 3.90153e-64
80 5.33467e-64
81 7.29102e-64
82 9.96041e-64
83 1.36011e-63
84 1.85644e-63
85 2.53276e-63
86 3.45394e-63
87 4.70808e-63
88 6.41477e-63
89 8.73627e-63
90 1.18926e-62
91 1.61822e-62
92 2.20093e-62
93 2.99213e-62
94 4.06595e-62
95 5.52269e-62
96 7.49802e-62
97 1.01753e-61
98 1.38025e-61
99 1.87143e-61
100 2.53628e-61
101 3.43579e-61
102 4.65224e-61
103 6.29657e-61
104 8.51828e-61
105 1.15188e-60
106 1.55692e-60
107 2.10345e-60
108 2.84056e-60
109 3.83426e-60
110 5.17326e-60
111 6.97674e-60
112 9.40473e-60
113 1.2672e-59
114 1.70667e-59
115 2.29751e-59
116 3.09152e-59
117 4.15806e-59
118 5.59003e-59
119 7.51176e-59
120 1.00896e-58
121 1.3546e-58
122 1.81782e-58
123 2.43835e-58
124 3.26923e-58
125 4.38126e-58
126 5.86888e-58
127 7.85806e-58
128 1.05167e-57
129 1.40685e-57
130 1.88112e-57
131 2.51415e-57
132 3.35867e-57
133 4.48484e-57
134 5.98589e-57
135 7.98572e-57
136 1.06488e-56
137 1.41936e-56
138 1.89097e-56
139 2.51814e-56
140 3.35178e-56
141 4.45938e-56
142 5.93028e-56
143 7.88274e-56
144 1.04732e-55
145 1.39087e-55
146 1.84626e-55
147 2.44963e-55
148 3.2487e-55
149 4.30646e-55
150 5.70599e-55
151 7.55688e-55
152 1.00036e-54
153 1.32363e-54
154 1.75057e-54
155 2.31416e-54
156 3.05779e-54
157 4.0385e-54
158 5.3313e-54
159 7.03471e-54
160 9.2781e-54
161 1.22312e-53
162 1.61169e-53
163 2.12272e-53
164 2.79449e-53
165 3.67715e-53
166 4.83636e-53
167 6.35806e-53
168 8.35468e-53
169 1.09732e-52
170 1.44057e-52
171 1.89032e-52
172 2.47932e-52
173 3.25034e-52
174 4.25915e-52
175 5.57847e-52
176 7.30305e-52
177 9.55633e-52
178 1.2499e-51
179 1.63402e-51
180 2.13519e-51
181 2.78877e-51
182 3.64071e-51
183 4.75068e-51
184 6.19615e-51
185 8.07766e-51
186 1.05256e-50
187 1.37089e-50
188 1.78466e-50
189 2.32222e-50
190 3.02029e-50
191 3.92636e-50
192 5.10185e-50
193 6.62615e-50
194 8.60182e-50
195 1.11613e-49
196 1.44756e-49
197 1.87651e-49
198 2.43144e-49
199 3.14899e-49
200 4.07637e-49
201 5.27438e-49
202 6.82125e-49
203 8.81765e-49
204 1.1393e-48
205 1.47135e-48
206 1.89928e-48
207 2.45052e-48
208 3.16025e-48
209 4.07362e-48
210 5.24849e-48
211 6.75902e-48
212 8.70017e-48
213 1.11935e-47
214 1.43946e-47
215 1.85025e-47
216 2.37713e-47
217 3.05262e-47
218 3.91821e-47
219 5.02686e-47
220 6.44616e-47
221 8.26231e-47
222 1.05851e-46
223 1.35546e-46
224 1.7349e-46
225 2.2195e-46
226 2.83814e-46
227 3.6275e-46
228 4.63423e-46
229 5.91757e-46
230 7.55276e-46
231 9.63528e-46
232 1.22863e-45
233 1.56593e-45
234 1.9949e-45
235 2.54021e-45
236 3.23306e-45
237 4.11298e-45
238 5.22994e-45
239 6.64716e-45
240 8.4445e-45
241 1.07229e-44
242 1.36097e-44
243 1.72657e-44
244 2.18938e-44
245 2.77497e-44
246 3.51558e-44
247 4.45181e-44
248 5.63481e-44
249 7.12892e-44
250 9.01512e-44
251 1.13952e-43
252 1.43972e-43
253 1.81819e-43
254 2.29511e-43
255 2.89585e-43
256 3.6522e-43
257 4.60405e-43
258 5.80143e-43
259 7.30698e-43
260 9.19922e-43
261 1.15764e-42
262 1.45616e-42
263 1.83087e-42
264 2.30101e-42
265 2.89064e-42
266 3.62981e-42
267 4.55608e-42
268 5.71631e-42
269 7.16899e-42
270 8.98713e-42
271 1.12617e-41
272 1.41062e-41
273 1.76619e-41
274 2.21051e-41
275 2.76549e-41
276 3.45842e-41
277 4.32328e-41
278 5.40231e-41
279 6.74803e-41
280 8.42573e-41
281 1.05165e-40
282 1.31212e-40
283 1.6365e-40
284 2.0403e-40
285 2.54282e-40
286 3.16797e-40
287 3.94539e-40
288 4.91186e-40
289 6.11296e-40
290 7.60514e-40
291 9.45835e-40
292 1.17592e-39
293 1.46149e-39
294 1.81583e-39
295 2.25534e-39
296 2.80035e-39
297 3.47599e-39
298 4.3133e-39
299 5.3507e-39
300 6.63562e-39
301 8.22671e-39
302 1.01964e-38
303 1.26341e-38
304 1.56502e-38
305 1.9381e-38
306 2.39949e-38
307 2.96993e-38
308 3.67503e-38
309 4.54638e-38
310 5.62294e-38
311 6.95271e-38
312 8.5949e-38
313 1.06225e-37
314 1.31253e-37
315 1.62142e-37
316 2.00256e-37
317 2.47276e-37
318 3.0527e-37
319 3.76785e-37
320 4.64959e-37
321 5.7365e-37
322 7.07607e-37
323 8.72674e-37
324 1.07604e-36
325 1.32654e-36
326 1.63504e-36
327 2.01492e-36
328 2.4826e-36
329 3.05827e-36
330 3.76675e-36
331 4.63851e-36
332 5.71101e-36
333 7.03024e-36
334 8.65267e-36
335 1.06476e-35
336 1.31002e-35
337 1.61149e-35
338 1.98198e-35
339 2.43722e-35
340 2.99647e-35
341 3.6834e-35
342 4.52697e-35
343 5.56272e-35
344 6.83417e-35
345 8.39465e-35
346 1.03095e-34
347 1.26587e-34
348 1.55401e-34
349 1.90737e-34
350 2.3406e-34
351 2.87164e-34
352 3.52243e-34
353 4.31979e-34
354 5.29651e-34
355 6.49263e-34
356 7.95709e-34
357 9.74964e-34
358 1.19432e-33
359 1.46269e-33
360 1.79092e-33
361 2.19227e-33
362 2.68289e-33
363 3.28247e-33
364 4.01499e-33
365 4.90968e-33
366 6.00211e-33
367 7.33559e-33
368 8.96283e-33
369 1.09479e-32
370 1.33687e-32
371 1.63201e-32
372 1.9917e-32
373 2.42993e-32
374 2.96366e-32
375 3.61349e-32
376 4.40441e-32
377 5.36672e-32
378 6.53714e-32
379 7.96018e-32
380 9.68975e-32
381 1.17911e-31
382 1.43433e-31
383 1.74418e-31
384 2.12022e-31
385 2.57643e-31
386 3.12968e-31
387 3.80037e-31
388 4.6131e-31
389 5.59759e-31
390 6.78968e-31
391 8.23259e-31
392 9.9784e-31
393 1.20899e-30
394 1.46426e-30
395 1.77276e-30
396 2.14544e-30
397 2.59547e-30
398 3.1387e-30
399 3.79416e-30
400 4.58472e-30
401 5.53787e-30
402 6.68658e-30
403 8.07044e-30
404 9.73693e-30
405 1.1743e-29
406 1.41568e-29
407 1.70603e-29
408 2.05513e-29
409 2.47471e-29
410 2.97881e-29
411 3.58422e-29
412 4.31103e-29
413 5.18326e-29
414 6.22961e-29
415 7.48438e-29
416 8.98853e-29
417 1.0791e-28
418 1.29501e-28
419 1.55356e-28
420 1.86305e-28
421 2.2334e-28
422 2.67643e-28
423 3.2062e-28
424 3.83951e-28
425 4.59635e-28
426 5.5005e-28
427 6.58032e-28
428 7.86953e-28
429 9.40826e-28
430 1.12443e-27
431 1.34344e-27
432 1.60461e-27
433 1.91596e-27
434 2.28706e-27
435 2.72922e-27
436 3.25594e-27
437 3.88322e-27
438 4.63006e-27
439 5.51906e-27
440 6.577e-27
441 7.83572e-27
442 9.33297e-27
443 1.11136e-26
444 1.32307e-26
445 1.57474e-26
446 1.87386e-26
447 2.2293e-26
448 2.65157e-26
449 3.15316e-26
450 3.74886e-26
451 4.45619e-26
452 5.29595e-26
453 6.29273e-26
454 7.47573e-26
455 8.87948e-26
456 1.05449e-25
457 1.25206e-25
458 1.48638e-25
459 1.76426e-25
460 2.09374e-25
461 2.48435e-25
462 2.94737e-25
463 3.49612e-25
464 4.14639e-25
465 4.91684e-25
466 5.82956e-25
467 6.91065e-25
468 8.19097e-25
469 9.707e-25
470 1.15019e-24
471 1.36265e-24
472 1.61411e-24
473 1.91167e-24
474 2.26372e-24
475 2.68018e-24
476 3.17272e-24
477 3.75515e-24
478 4.44374e-24
479 5.25768e-24
480 6.21959e-24
481 7.35612e-24
482 8.69871e-24
483 1.02843e-23
484 1.21566e-23
485 1.43667e-23
486 1.69751e-23
487 2.00527e-23
488 2.3683e-23
489 2.79641e-23
490 3.30113e-23
491 3.896e-23
492 4.59691e-23
493 5.42254e-23
494 6.39476e-23
495 7.53924e-23
496 8.88607e-23
497 1.04705e-22
498 1.23339e-22
499 1.45244e-22
500 1.70988e-22
501 2.0123e-22
502 2.36745e-22
503 2.78436e-22
504 3.27358e-22
505 3.84743e-22
506 4.52027e-22
507 5.30888e-22
508 6.23277e-22
509 7.31472e-22
510 8.58121e-22
511 1.00631e-21
512 1.17962e-21
513 1.38223e-21
514 1.61899e-21
515 1.89551e-21
516 2.21833e-21
517 2.59504e-21
518 3.03441e-21
519 3.54663e-21
520 4.14349e-21
521 4.83864e-21
522 5.64788e-21
523 6.58947e-21
524 7.68451e-21
525 8.95739e-21
526 1.04362e-20
527 1.21535e-20
528 1.41467e-20
529 1.6459e-20
530 1.91399e-20
531 2.22469e-20
532 2.58457e-20
533 3.00121e-20
534 3.48331e-20
535 4.04087e-20
536 4.68537e-20
537 5.43e-20
538 6.28987e-20
539 7.28232e-20
540 8.4272e-20
541 9.74725e-20
542 1.12685e-19
543 1.30208e-19
544 1.50382e-19
545 1.73597e-19
546 2.00298e-19
547 2.30993e-19
548 2.66264e-19
549 3.06773e-19
550 3.53276e-19
551 4.06636e-19
552 4.67835e-19
553 5.37995e-19
554 6.18392e-19
555 7.1048e-19
556 8.15914e-19
557 9.36579e-19
558 1.07462e-18
559 1.23247e-18
560 1.41292e-18
561 1.61911e-18
562 1.85464e-18
563 2.12358e-18
564 2.43058e-18
565 2.7809e-18
566 3.18054e-18
567 3.63631e-18
568 4.15595e-18
569 4.74825e-18
570 5.42321e-18
571 6.19219e-18
572 7.06809e-18
573 8.06559e-18
574 9.20136e-18
575 1.04944e-17
576 1.19662e-17
577 1.36413e-17
578 1.55475e-17
579 1.77167e-17
580 2.01848e-17
581 2.29928e-17
582 2.61876e-17
583 2.98223e-17
584 3.39574e-17
585 3.86619e-17
586 4.40143e-17
587 5.01042e-17
588 5.70334e-17
589 6.49182e-17
590 7.38913e-17
591 8.41036e-17
592 9.57276e-17
593 1.0896e-16
594 1.24025e-16
595 1.41178e-16
596 1.60713e-16
597 1.82962e-16
598 2.08305e-16
599 2.37179e-16
600 2.70078e-16
601 3.0757e-16
602 3.50302e-16
603 3.99012e-16
604 4.54543e-16
605 5.17859e-16
606 5.90059e-16
607 6.72398e-16
608 7.66309e-16
609 8.73425e-16
610 9.95612e-16
611 1.135e-15
612 1.29401e-15
613 1.47541e-15
614 1.68236e-15
615 1.91845e-15
616 2.18778e-15
617 2.49501e-15
618 2.84544e-15
619 3.24513e-15
620 3.70093e-15
621 4.22068e-15
622 4.81324e-15
623 5.4887e-15
624 6.25853e-15
625 7.13571e-15
626 8.135e-15
627 9.27311e-15
628 1.0569e-14
629 1.2044e-14
630 1.37226e-14
631 1.5632e-14
632 1.78034e-14
633 2.02718e-14
634 2.30767e-14
635 2.62627e-14
636 2.98803e-14
637 3.39859e-14
638 3.86435e-14
639 4.39248e-14
640 4.99104e-14
641 5.66911e-14
642 6.43684e-14
643 7.30565e-14
644 8.28832e-14
645 9.39916e-14
646 1.06542e-13
647 1.20714e-13
648 1.36706e-13
649 1.54743e-13
650 1.75073e-13
651 1.97975e-13
652 2.23756e-13
653 2.52761e-13
654 2.85371e-13
655 3.2201e-13
656 3.63149e-13
657 4.09309e-13
658 4.61067e-13
659 5.19062e-13
660 5.83999e-13
661 6.56658e-13
662 7.37897e-13
663 8.28662e-13
664 9.29997e-13
665 1.04305e-12
666 1.16907e-12
667 1.30944e-12
668 1.46569e-12
669 1.63945e-12
670 1.83255e-12
671 2.04696e-12
672 2.28484e-12
673 2.54855e-12
674 2.84063e-12
675 3.16388e-12
676 3.52131e-12
677 3.9162e-12
678 4.35208e-12
679 4.83279e-12
680 5.36246e-12
681 5.94556e-12
682 6.58686e-12
683 7.29154e-12
684 8.06511e-12
685 8.91351e-12
686 9.84305e-12
687 1.08605e-11
688 1.1973e-11
689 1.31884e-11
690 1.45145e-11
691 1.59601e-11
692 1.75343e-11
693 1.92465e-11
694 2.11069e-11
695 2.31259e-11
696 2.53145e-11
697 2.76842e-11
698 3.0247e-11
699 3.3015e-11
700 3.6001e-11
701 3.9218e-11
702 4.26792e-11
703 4.63982e-11
704 5.03886e-11
705 5.46639e-11
706 5.92379e-11
707 6.41239e-11
708 6.9335e-11
709 7.48838e-11
710 8.07822e-11
711 8.70413e-11
712 9.36712e-11
713 1.0068e-10
714 1.08076e-10
715 1.15864e-10
716 1.24047e-10
717 1.32625e-10
718 1.41597e-10
719 1.50956e-10
720 1.60695e-10
721 1.70798e-10
722 1.8125e-10
723 1.92027e-10
724 2.03101e-10
725 2.14437e-10
726 2.25997e-10
727 2.37731e-10
728 2.49586e-10
729 2.61499e-10
730 2.73399e-10
731 2.85208e-10
732 2.96838e-10
733 3.08193e-10
734 3.19166e-10
735 3.29644e-10
736 3.39505e-10
737 3.48617e-10
738 3.56844e-10
739 3.6404e-10
740 3.70059e-10
741 3.74748e-10
742 3.77956e-10
743 3.79535e-10
744 3.79341e-10
745 3.77241e-10
746 3.7312e-10
747 3.6688e-10
748 3.58458e-10
749 3.47822e-10
750 3.34993e-10
751 3.20046e-10
752 3.03131e-10
753 2.84484e-10
754 2.64446e-10
755 2.43481e-10
756 2.22201e-10
757 2.01391e-10
758 1.82037e-10
759 1.65359e-10
760 1.5285e-10
761 1.46314e-10
762 1.47914e-10
763 1.60226e-10
764 1.86295e-10
765 2.297e-10
766 2.94625e-10
767 3.85941e-10
768 5.09296e-10
769 6.71208e-10
770 8.79178e-10
771 1.14181e-09
772 1.46894e-09
773 1.87179e-09
774 2.3631e-09
775 2.95736e-09
776 3.67093e-09
777 4.52231e-09
778 5.53235e-09
779 6.72448e-09
780 8.12503e-09
781 9.76348e-09
782 1.16728e-08
783 1.38899e-08
784 1.64558e-08
785 1.94162e-08
786 2.2822e-08
787 2.67297e-08
788 3.12017e-08
789 3.63074e-08
790 4.21234e-08
791 4.87342e-08
792 5.62331e-08
793 6.47229e-08
794 7.43167e-08
795 8.51386e-08
796 9.73252e-08
797 1.11026e-07
798 1.26405e-07
799 1.43642e-07
800 1.62933e-07
801 1.84492e-07
802 2.08553e-07
803 2.35371e-07
804 2.65224e-07
805 2.98414e-07
806 3.35269e-07
807 3.76147e-07
808 4.21435e-07
809 4.71552e-07
810 5.26955e-07
811 5.88137e-07
812 6.5563e-07
813 7.30011e-07
814 8.11902e-07
815 9.01976e-07
816 1.00096e-06
817 1.10963e-06
818 1.22882e-06
819 1.35946e-06
820 1.5025e-06
821 1.65899e-06
822 1.83006e-06
823 2.01691e-06
824 2.22083e-06
825 2.44321e-06
826 2.68553e-06
827 2.94938e-06
828 3.23645e-06
829 3.54855e-06
830 3.88763e-06
831 4.25576e-06
832 4.65513e-06
833 5.0881e-06
834 5.55717e-06
835 6.06502e-06
836 6.61448e-06
837 7.20857e-06
838 7.85049e-06
839 8.54367e-06
840 9.29171e-06
841 1.00984e-05
842 1.0968e-05
843 1.19046e-05
844 1.29128e-05
845 1.39976e-05
846 1.5164e-05
847 1.64174e-05
848 1.77636e-05
849 1.92085e-05
850 2.07586e-05
851 2.24206e-05
852 2.42016e-05
853 2.61091e-05
854 2.81509e-05
855 3.03354e-05
856 3.26712e-05
857 3.51676e-05
858 3.78342e-05
859 4.06812e-05
860 4.37191e-05
861 4.69592e-05
862 5.04132e-05
863 5.40934e-05
864 5.80127e-05
865 6.21845e-05
866 6.66229e-05
867 7.13428e-05
868 7.63596e-05
869 8.16895e-05
870 8.73493e-05
871 9.33566e-05
872 9.97299e-05
873 0.000106488
874 0.000113652
875 0.000121241
876 0.000129278
877 0.000137786
878 0.000146787
879 0.000156306
880 0.000166369
881 0.000177001
882 0.000188231
883 0.000200087
884 0.000212598
885 0.000225795
886 0.000239709
887 0.000254373
888 0.000269822
889 0.000286089
890 0.000303212
891 0.000321228
892 0.000340175
893 0.000360094
894 0.000381025
895 0.000403011
896 0.000426096
897 0.000450324
898 0.000475742
899 0.000502398
900 0.000530339
901 0.000559618
902 0.000590283
903 0.00062239
904 0.000655991
905 0.000691143
906 0.000727901
907 0.000766325
908 0.000806472
909 0.000848404
910 0.000892182
911 0.000937869
912 0.00098553
913 0.00103523
914 0.00108703
915 0.00114101
916 0.00119723
917 0.00125576
918 0.00131667
919 0.00138003
920 0.00144592
921 0.0015144
922 0.00158556
923 0.00165946
924 0.00173618
925 0.00181579
926 0.00189838
927 0.00198401
928 0.00207276
929 0.00216472
930 0.00225995
931 0.00235853
932 0.00246054
933 0.00256605
934 0.00267513
935 0.00278787
936 0.00290433
937 0.00302459
938 0.00314872
939 0.00327679
940 0.00340887
941 0.00354502
942 0.00368531
943 0.0038298
944 0.00397856
945 0.00413165
946 0.00428912
947 0.00445102
948 0.00461741
949 0.00478835
950 0.00496386
951 0.005144
952 0.0053288
953 0.0055183
954 0.00571254
955 0.00591152
956 0.00611529
957 0.00632386
958 0.00653723
959 0.00675543
960 0.00697845
961 0.00720629
962 0.00743894
963 0.0076764
964 0.00791863
965 0.00816563
966 0.00841735
967 0.00867376
968 0.00893482
969 0.00920048
970 0.00947067
971 0.00974534
972 0.0100244
973 0.0103078
974 0.0105955
975 0.0108873
976 0.0111831
977 0.0114829
978 0.0117866
979 0.0120939
980 0.0124048
981 0.0127192
982 0.0130368
983 0.0133576
984 0.0136814
985 0.014008
986 0.0143373
987 0.014669
988 0.015003
989 0.0153391
990 0.0156771
991 0.0160167
992 0.0163578
993 0.0167001
994 0.0170434
995 0.0173875
996 0.0177321
997 0.018077
998 0.0184219
999 0.0187666
1000 0.0191107
1001 0.0194542
1002 0.0197965
1003 0.0201376
1004 0.0204771
1005 0.0208147
1006 0.0211502
1007 0.0214832
1008 0.0218136
1009 0.0221408
1010 0.0224648
1011 0.0227852
1012 0.0231017
1013 0.023414
1014 0.0237218
1015 0.0240248
1016 0.0243228
1017 0.0246154
1018 0.0249024
1019 0.0251835
1020 0.0254584
1021 0.0257268
1022 0.0259884
1023 0.0262431
1024 0.0264904
1025 0.0267302
1026 0.0269623
1027 0.0271863
1028 0.027402
1029 0.0276093
1030 0.0278078
1031 0.0279974
1032 0.0281778
1033 0.0283489
1034 0.0285105
1035 0.0286624
1036 0.0288044
1037 0.0289364
1038 0.0290582
1039 0.0291697
1040 0.0292708
1041 0.0293613
1042 0.0294411
1043 0.0295102
1044 0.0295684
1045 0.0296158
1046 0.0296522
1047 0.0296777
1048 0.0296921
1049 0.0296954
1050 0.0296877
1051 0.029669
1052 0.0296392
1053 0.0295984
1054 0.0295467
1055 0.0294841
1056 0.0294107
1057 0.0293265
1058 0.0292317
1059 0.0291263
1060 0.0290105
1061 0.0288844
1062 0.0287481
1063 0.0286018
1064 0.0284456
1065 0.0282797
1066 0.0281043
1067 0.0279196
1068 0.0277258
1069 0.027523
1070 0.0273116
1071 0.0270916
1072 0.0268634
1073 0.0266272
1074 0.0263833
1075 0.0261318
1076 0.025873
1077 0.0256073
1078 0.0253349
1079 0.025056
1080 0.0247709
1081 0.02448
1082 0.0241834
1083 0.0238816
1084 0.0235747
1085 0.0232631
1086 0.022947
1087 0.0226269
1088 0.0223028
1089 0.0219753
1090 0.0216444
1091 0.0213106
1092 0.0209742
1093 0.0206353
1094 0.0202944
1095 0.0199517
1096 0.0196075
1097 0.019262
1098 0.0189156
1099 0.0185686
1100 0.0182211
1101 0.0178734
1102 0.0175259
1103 0.0171787
1104 0.0168322
1105 0.0164865
1106 0.0161419
1107 0.0157987
1108 0.015457
1109 0.0151171
1110 0.0147792
1111 0.0144435
1112 0.0141101
1113 0.0137794
1114 0.0134514
1115 0.0131263
1116 0.0128044
1117 0.0124857
1118 0.0121705
1119 0.0118588
1120 0.0115508
1121 0.0112467
1122 0.0109465
1123 0.0106504
1124 0.0103584
1125 0.0100708
1126 0.00978749
1127 0.00950866
1128 0.00923437
1129 0.00896468
1130 0.00869965
1131 0.00843935
1132 0.00818382
1133 0.00793309
1134 0.00768722
1135 0.00744622
1136 0.00721013
1137 0.00697895
1138 0.0067527
1139 0.00653138
1140 0.00631499
1141 0.00610352
1142 0.00589698
1143 0.00569533
1144 0.00549855
1145 0.00530663
1146 0.00511953
1147 0.00493721
1148 0.00475965
1149 0.00458679
1150 0.00441859
1151 0.004255
1152 0.00409596
1153 0.00394143
1154 0.00379135
1155 0.00364565
1156 0.00350426
1157 0.00336714
1158 0.00323419
1159 0.00310537
1160 0.00298059
1161 0.00285978
1162 0.00274287
1163 0.00262978
1164 0.00252044
1165 0.00241476
1166 0.00231268
1167 0.00221411
1168 0.00211896
1169 0.00202718
1170 0.00193866
1171 0.00185334
1172 0.00177113
1173 0.00169196
1174 0.00161574
1175 0.00154239
1176 0.00147185
1177 0.00140402
1178 0.00133884
1179 0.00127622
1180 0.00121609
1181 0.00115837
1182 0.001103
1183 0.0010499
1184 0.000998994
1185 0.000950214
1186 0.000903492
1187 0.000858759
1188 0.000815947
1189 0.000774992
1190 0.000735828
1191 0.000698393
1192 0.000662626
1193 0.000628465
1194 0.000595852
1195 0.00056473
1196 0.000535042
1197 0.000506734
1198 0.000479752
1199 0.000454045
1200 0.000429562
1201 0.000406255
1202 0.000384076
1203 0.000362978
1204 0.000342917
1205 0.00032385
1206 0.000305735
1207 0.00028853
1208 0.000272197
1209 0.000256698
1210 0.000241995
1211 0.000228054
1212 0.00021484
1213 0.00020232
1214 0.000190462
1215 0.000179236
1216 0.000168612
1217 0.000158562
1218 0.000149058
1219 0.000140075
1220 0.000131586
1221 0.000123569
1222 0.000115999
1223 0.000108855
1224 0.000102115
1225 9.57582e-05
1226 8.97658e-05
1227 8.4119e-05
1228 7.87997e-05
1229 7.3791e-05
1230 6.90764e-05
1231 6.46405e-05
1232 6.04682e-05
1233 5.65455e-05
1234 5.28587e-05
1235 4.93951e-05
1236 4.61424e-05
1237 4.30888e-05
1238 4.02232e-05
1239 3.75352e-05
1240 3.50146e-05
1241 3.26518e-05
1242 3.0438e-05
1243 2.83643e-05
1244 2.64228e-05
1245 2.46056e-05
1246 2.29054e-05
1247 2.13153e-05
1248 1.98286e-05
1249 1.84393e-05
1250 1.71414e-05
1251 1.59293e-05
1252 1.47978e-05
1253 1.37419e-05
1254 1.2757e-05
1255 1.18385e-05
1256 1.09824e-05
1257 1.01846e-05
1258 9.44157e-06
1259 8.74971e-06
1260 8.10574e-06
1261 7.50657e-06
1262 6.9493e-06
1263 6.43117e-06
1264 5.94963e-06
1265 5.50224e-06
1266 5.08675e-06
1267 4.70101e-06
1268 4.34302e-06
1269 4.01091e-06
1270 3.70293e-06
1271 3.41742e-06
1272 3.15284e-06
1273 2.90774e-06
1274 2.68077e-06
1275 2.47067e-06
1276 2.27625e-06
1277 2.09642e-06
1278 1.93012e-06
1279 1.77641e-06
1280 1.63438e-06
1281 1.50319e-06
1282 1.38205e-06
1283 1.27024e-06
1284 1.16708e-06
1285 1.07193e-06
1286 9.84192e-07
1287 9.0333e-07
1288 8.28827e-07
1289 7.60209e-07
1290 6.97032e-07
1291 6.38887e-07
1292 5.85392e-07
1293 5.36192e-07
1294 4.90959e-07
1295 4.49389e-07
1296 4.11197e-07
1297 3.76122e-07
1298 3.43922e-07
1299 3.1437e-07
1300 2.8726e-07
1301 2.62398e-07
1302 2.39606e-07
1303 2.18718e-07
1304 1.99584e-07
1305 1.82061e-07
1306 1.66019e-07
1307 1.5134e-07
1308 1.37911e-07
1309 1.25631e-07
1310 1.14406e-07
1311 1.04148e-07
1312 9.4777e-08
1313 8.622e-08
1314 7.84089e-08
1315 7.12811e-08
1316 6.47792e-08
1317 5.88504e-08
1318 5.34459e-08
1319 4.85212e-08
1320 4.40353e-08
1321 3.99506e-08
1322 3.62324e-08
1323 3.28491e-08
1324 2.97716e-08
1325 2.69732e-08
1326 2.44296e-08
1327 2.21184e-08
1328 2.0019e-08
1329 1.81127e-08
1330 1.63824e-08
1331 1.48123e-08
1332 1.33882e-08
1333 1.2097e-08
1334 1.09265e-08
1335 9.866e-09
1336 8.90539e-09
1337 8.0356e-09
1338 7.24831e-09
1339 6.53595e-09
1340 5.89162e-09
1341 5.30901e-09
1342 4.78241e-09
1343 4.30659e-09
1344 3.87681e-09
1345 3.48875e-09
1346 3.13848e-09
1347 2.82242e-09
1348 2.53735e-09
1349 2.2803e-09
1350 2.04861e-09
1351 1.83985e-09
1352 1.6518e-09
1353 1.48248e-09
1354 1.33008e-09
1355 1.19294e-09
1356 1.06959e-09
1357 9.58676e-10
1358 8.58977e-10
1359 7.69391e-10
1360 6.88921e-10
1361 6.16662e-10
1362 5.51801e-10
1363 4.93598e-10
1364 4.41389e-10
1365 3.94573e-10
1366 3.52606e-10
1367 3.15e-10
1368 2.81312e-10
1369 2.51144e-10
1370 2.24139e-10
1371 1.99972e-10
1372 1.78352e-10
1373 1.59018e-10
1374 1.41734e-10
1375 1.26288e-10
1376 1.12488e-10
1377 1.00164e-10
1378 8.91618e-11
1379 7.93422e-11
1380 7.05813e-11
1381 6.27676e-11
1382 5.58011e-11
1383 4.95918e-11
1384 4.40594e-11
1385 3.91317e-11
1386 3.4744e-11
1387 3.08385e-11
1388 2.73633e-11
1389 2.42721e-11
1390 2.15232e-11
1391 1.90796e-11
1392 1.69082e-11
1393 1.49791e-11
1394 1.3266e-11
1395 1.17451e-11
1396 1.03953e-11
1397 9.19776e-12
1398 8.13564e-12
1399 7.19393e-12
1400 6.35924e-12
1401 5.61966e-12
1402 4.96455e-12
1403 4.38446e-12
1404 3.87095e-12
1405 3.41653e-12
1406 3.01453e-12
1407 2.65901e-12
1408 2.34471e-12
1409 2.06692e-12
1410 1.82148e-12
1411 1.6047e-12
1412 1.41329e-12
1413 1.24434e-12
1414 1.09524e-12
1415 9.63723e-13
1416 8.47739e-13
1417 7.45489e-13
1418 6.55373e-13
1419 5.75977e-13
1420 5.06048e-13
1421 4.44474e-13
1422 3.90276e-13
1423 3.42583e-13
1424 3.00629e-13
1425 2.63733e-13
1426 2.31297e-13
1427 2.02789e-13
1428 1.77742e-13
1429 1.55742e-13
1430 1.36424e-13
1431 1.19467e-13
1432 1.04587e-13
1433 9.15325e-14
1434 8.00839e-14
1435 7.00464e-14
1436 6.12489e-14
1437 5.35404e-14
1438 4.67882e-14
1439 4.08754e-14
1440 3.56993e-14
1441 3.11694e-14
1442 2.72062e-14
1443 2.374e-14
1444 2.07092e-14
1445 1.806e-14
1446 1.57451e-14
1447 1.37228e-14
1448 1.19567e-14
1449 1.04149e-14
1450 9.06913e-15
1451 7.89495e-15
1452 6.87076e-15
1453 5.97766e-15
1454 5.19912e-15
1455 4.52063e-15
1456 3.92952e-15
1457 3.41469e-15
1458 2.96644e-15
1459 2.57626e-15
1460 2.23673e-15
1461 1.94138e-15
1462 1.68453e-15
1463 1.46122e-15
1464 1.26714e-15
1465 1.09851e-15
1466 9.52037e-16
1467 8.24848e-16
1468 7.14438e-16
1469 6.18623e-16
1470 5.35497e-16
1471 4.63403e-16
1472 4.00894e-16
1473 3.46714e-16
1474 2.99766e-16
1475 2.59098e-16
1476 2.2388e-16
1477 1.9339e-16
1478 1.67003e-16
1479 1.44173e-16
1480 1.24426e-16
1481 1.07352e-16
1482 9.25927e-17
1483 7.98386e-17
1484 6.88205e-17
1485 5.93051e-17
1486 5.10899e-17
1487 4.39994e-17
1488 3.78815e-17
1489 3.26044e-17
1490 2.80539e-17
1491 2.41313e-17
1492 2.07508e-17
1493 1.78385e-17
1494 1.53303e-17
1495 1.31708e-17
1496 1.13121e-17
1497 9.7127e-18
1498 8.33694e-18
1499 7.15388e-18
1500 6.13684e-18
1501 5.26281e-18
1502 4.51189e-18
1503 3.86694e-18
1504 3.31319e-18
1505 2.83787e-18
1506 2.43001e-18
1507 2.08015e-18
1508 1.78011e-18
1509 1.5229e-18
1510 1.30245e-18
1511 1.11359e-18
1512 9.51821e-19
1513 8.13309e-19
1514 6.94745e-19
1515 5.93288e-19
1516 5.06496e-19
1517 4.32271e-19
1518 3.68813e-19
1519 3.14577e-19
1520 2.68237e-19
1521 2.28655e-19
1522 1.94856e-19
1523 1.66004e-19
1524 1.41382e-19
1525 1.20377e-19
1526 1.02462e-19
1527 8.71874e-20
1528 7.41682e-20
1529 6.30746e-20
1530 5.36246e-20
1531 4.5577e-20
1532 3.87259e-20
1533 3.28951e-20
1534 2.79341e-20
1535 2.37144e-20
1536 2.01263e-20
1537 1.70761e-20
1538 1.44841e-20
1539 1.2282e-20
1540 1.04116e-20
1541 8.82362e-21
1542 7.47567e-21
1543 6.33184e-21
1544 5.3615e-21
1545 4.53858e-21
1546 3.84088e-21
1547 3.24951e-21
1548 2.74842e-21
1549 2.32395e-21
1550 1.96448e-21
1551 1.66015e-21
1552 1.40258e-21
1553 1.18463e-21
1554 1.00028e-21
1555 8.44377e-22
1556 7.12578e-22
1557 6.01185e-22
1558 5.07065e-22
1559 4.27562e-22
1560 3.60426e-22
1561 3.03748e-22
1562 2.55912e-22
1563 2.15551e-22
1564 1.81506e-22
1565 1.52796e-22
1566 1.28592e-22
1567 1.08193e-22
1568 9.10052e-23
1569 7.6527e-23
1570 6.43347e-23
1571 5.40702e-23
1572 4.5431e-23
1573 3.81618e-23
1574 3.20471e-23
1575 2.69048e-23
1576 2.25816e-23
1577 1.89479e-23
1578 1.58946e-23
1579 1.33297e-23
1580 1.11757e-23
1581 9.36719e-24
1582 7.84924e-24
1583 6.57548e-24
1584 5.50694e-24
1585 4.61078e-24
1586 3.85941e-24
1587 3.22961e-24
1588 2.70184e-24
1589 2.25971e-24
1590 1.88941e-24
1591 1.57936e-24
1592 1.31983e-24
1593 1.10264e-24
1594 9.20944e-25
1595 7.68975e-25
1596 6.41907e-25
1597 5.35688e-25
1598 4.46922e-25
1599 3.72763e-25
1600 3.10822e-25
1601 2.59102e-25
1602 2.15929e-25
1603 1.79899e-25
1604 1.49839e-25
1605 1.24767e-25
1606 1.03861e-25
1607 8.64341e-26
1608 7.19109e-26
1609 5.98111e-26
1610 4.97332e-26
1611 4.13416e-26
1612 3.43563e-26
1613 2.85431e-26
1614 2.37068e-26
1615 1.96843e-26
1616 1.63397e-26
1617 1.35594e-26
1618 1.12491e-26
1619 9.32965e-27
1620 7.73553e-27
1621 6.41193e-27
1622 5.31328e-27
1623 4.4016e-27
1624 3.64529e-27
1625 3.01806e-27
1626 2.49803e-27
1627 2.067e-27
1628 1.70984e-27
1629 1.41399e-27
1630 1.16898e-27
1631 9.66149e-28
1632 7.98274e-28
1633 6.59376e-28
1634 5.44485e-28
1635 4.49482e-28
1636 3.70946e-28
1637 3.06042e-28
1638 2.5242e-28
1639 2.08132e-28
1640 1.71564e-28
1641 1.41379e-28
1642 1.1647e-28
1643 9.5922e-29
1644 7.89758e-29
1645 6.50042e-29
1646 5.34886e-29
1647 4.4e-29
1648 3.61841e-29
1649 2.97477e-29
1650 2.44491e-29
1651 2.00884e-29
1652 1.65006e-29
1653 1.35496e-29
1654 1.11231e-29
1655 9.12853e-30
1656 7.48941e-30
1657 6.14283e-30
1658 5.03689e-30
1659 4.12886e-30
1660 3.38355e-30
1661 2.77197e-30
1662 2.27028e-30
1663 1.85886e-30
1664 1.52155e-30
1665 1.2451e-30
1666 1.01858e-30
1667 8.33035e-31
1668 6.81094e-31
1669 5.56708e-31
1670 4.54909e-31
1671 3.7162e-31
1672 3.03494e-31
1673 2.47788e-31
1674 2.02249e-31
1675 1.65033e-31
1676 1.34628e-31
1677 1.09794e-31
1678 8.9516e-32
1679 7.29629e-32
1680 5.94543e-32
1681 4.84333e-32
1682 3.94445e-32
1683 3.2115e-32
1684 2.61404e-32
1685 2.12714e-32
1686 1.73046e-32
1687 1.40737e-32
1688 1.1443e-32
1689 9.30147e-33
1690 7.55868e-33
1691 6.14078e-33
1692 4.98751e-33
1693 4.04974e-33
1694 3.28741e-33
1695 2.66787e-33
1696 2.1645e-33
1697 1.75564e-33
1698 1.42363e-33
1699 1.1541e-33
1700 9.35351e-34
1701 7.5786e-34
1702 6.13886e-34
1703 4.97131e-34
1704 4.02475e-34
1705 3.25755e-34
1706 2.63589e-34
1707 2.1323e-34
1708 1.72446e-34
1709 1.39425e-34
1710 1.12698e-34
1711 9.10694e-35
1712 7.35722e-35
1713 5.94208e-35
1714 4.79785e-35
1715 3.87292e-35
1716 3.12545e-35
1717 2.52157e-35
1718 2.03381e-35
1719 1.63996e-35
1720 1.32202e-35
1721 1.06542e-35
1722 8.58399e-36
1723 6.91412e-36
1724 5.56756e-36
1725 4.48201e-36
1726 3.60712e-36
1727 2.9022e-36
1728 2.33438e-36
1729 1.87713e-36
1730 1.50902e-36
1731 1.21276e-36
1732 9.74379e-37
1733 7.82632e-37
1734 6.28439e-37
1735 5.04479e-37
1736 4.04852e-37
1737 3.24806e-37
1738 2.6051e-37
1739 2.0888e-37
1740 1.67432e-37
1741 1.34169e-37
1742 1.07482e-37
1743 8.60776e-38
1744 6.89147e-38
1745 5.51571e-38
1746 4.41324e-38
1747 3.53005e-38
1748 2.82272e-38
1749 2.25643e-38
1750 1.80318e-38
1751 1.44052e-38
1752 1.15043e-38
1753 9.18468e-39
1754 7.33041e-39
1755 5.84861e-39
1756 4.66484e-39
1757 3.71945e-39
1758 2.96468e-39
1759 2.3623e-39
1760 1.88168e-39
1761 1.49835e-39
1762 1.19271e-39
1763 9.49098e-40
1764 7.54986e-40
1765 6.0037e-40
1766 4.77254e-40
1767 3.79255e-40
1768 3.01274e-40
1769 2.39244e-40
1770 1.89919e-40
1771 1.50711e-40
1772 1.19554e-40
1773 9.48052e-41
1774 7.51526e-41
1775 5.95525e-41
1776 4.71737e-41
1777 3.73544e-41
1778 2.95683e-41
1779 2.33966e-41
1780 1.85062e-41
1781 1.46327e-41
1782 1.15656e-41
1783 9.13803e-42
1784 7.21729e-42
1785 5.69814e-42
1786 4.49705e-42
1787 3.5478e-42
1788 2.79785e-42
1789 2.2056e-42
1790 1.73804e-42
1791 1.36908e-42
1792 1.07803e-42
1793 8.48521e-43
1794 6.67617e-43
1795 5.25077e-43
1796 4.12809e-43
1797 3.24418e-43
1798 2.54854e-43
1799 2.00127e-43
1800 1.5709e-43
1801 1.23259e-43
1802 9.66755e-44
1803 7.57951e-44
1804 5.94008e-44
1805 4.65339e-44
1806 3.64395e-44
1807 2.85233e-44
1808 2.23178e-44
1809 1.74553e-44
1810 1.36467e-44
1811 1.06647e-44
1812 8.33099e-45
1813 6.50527e-45
1814 5.07757e-45
1815 3.96158e-45
1816 3.0896e-45
1817 2.40856e-45
1818 1.87687e-45
1819 1.46194e-45
1820 1.13827e-45
1821 8.85892e-46
1822 6.89185e-46
1823 5.35932e-46
1824 4.16584e-46
1825 3.23679e-46
1826 2.51387e-46
1827 1.9516e-46
1828 1.51445e-46
1829 1.17473e-46
1830 9.10832e-47
1831 7.05919e-47
1832 5.46875e-47
1833 4.23485e-47
1834 3.27796e-47
1835 2.53621e-47
1836 1.96148e-47
1837 1.51634e-47
1838 1.17172e-47
1839 9.05042e-48
1840 6.98759e-48
1841 5.39264e-48
1842 4.15996e-48
1843 3.20769e-48
1844 2.47234e-48
1845 1.90476e-48
1846 1.46685e-48
1847 1.12913e-48
1848 8.68794e-49
1849 6.68195e-49
1850 5.13692e-49
1851 3.94744e-49
1852 3.03209e-49
1853 2.32799e-49
1854 1.78662e-49
1855 1.37056e-49
1856 1.05093e-49
1857 8.055e-50
1858 6.17118e-50
1859 4.72589e-50
1860 3.61752e-50
1861 2.7679e-50
1862 2.11691e-50
1863 1.61833e-50
1864 1.23664e-50
1865 9.44562e-51
1866 7.21157e-51
1867 5.50354e-51
1868 4.19822e-51
1869 3.20111e-51
1870 2.43976e-51
1871 1.85868e-51
1872 1.41539e-51
1873 1.07735e-51
1874 8.19689e-52
1875 6.23381e-52
1876 4.7388e-52
1877 3.60077e-52
1878 2.73485e-52
1879 2.07627e-52
1880 1.57559e-52
1881 1.19513e-52
1882 9.06146e-53
1883 6.8674e-53
1884 5.20233e-53
1885 3.93926e-53
1886 2.98155e-53
1887 2.25569e-53
1888 1.70581e-53
1889 1.28941e-53
1890 9.74232e-54
1891 7.35775e-54
1892 5.55442e-54
1893 4.19125e-54
1894 3.16126e-54
1895 2.38334e-54
1896 1.79608e-54
1897 1.35293e-54
1898 1.01867e-54
1899 7.66664e-55
1900 5.7675e-55
1901 4.33691e-55
1902 3.25976e-55
1903 2.44907e-55
1904 1.83919e-55
1905 1.38059e-55
1906 1.03589e-55
1907 7.76915e-56
1908 5.82431e-56
1909 4.36443e-56
1910 3.26904e-56
1911 2.44752e-56
1912 1.83165e-56
1913 1.37015e-56
1914 1.02449e-56
1915 7.65697e-57
1916 5.72029e-57
1917 4.2716e-57
1918 3.18841e-57
1919 2.37887e-57
1920 1.77409e-57
1921 1.3225e-57
1922 9.85427e-58
1923 7.33949e-58
1924 5.4641e-58
1925 4.06615e-58
1926 3.02454e-58
1927 2.24878e-58
1928 1.67127e-58
1929 1.24153e-58
1930 9.21892e-59
1931 6.84249e-59
1932 5.07646e-59
1933 3.7646e-59
1934 2.79055e-59
1935 2.06762e-59
1936 1.53132e-59
1937 1.13363e-59
1938 8.38859e-60
1939 6.20468e-60
1940 4.58734e-60
1941 3.39012e-60
1942 2.50428e-60
1943 1.8491e-60
1944 1.36475e-60
1945 1.00683e-60
1946 7.42456e-61
1947 5.47266e-61
1948 4.03217e-61
1949 2.96956e-61
1950 2.18604e-61
1951 1.60855e-61
1952 1.18311e-61
1953 8.69819e-62
1954 6.39211e-62
1955 4.6954e-62
1956 3.44758e-62
1957 2.53028e-62
1958 1.85624e-62
1959 1.36118e-62
1960 9.97716e-63
1961 7.30992e-63
1962 5.35342e-63
1963 3.91889e-63
1964 2.86752e-63
1965 2.09732e-63
1966 1.53333e-63
1967 1.12052e-63
1968 8.18497e-64
1969 5.97624e-64
1970 4.36166e-64
1971 3.18192e-64
1972 2.32028e-64
1973 1.69124e-64
1974 1.2322e-64
1975 8.97373e-65
1976 6.53248e-65
1977 4.75331e-65
1978 3.45723e-65
1979 2.51347e-65
1980 1.82656e-65
1981 1.32681e-65
1982 9.63374e-66
1983 6.99191e-66
1984 5.07237e-66
1985 3.67824e-66
1986 2.66614e-66
1987 1.9317e-66
1988 1.39898e-66
1989 1.01274e-66
1990 7.32819e-67
1991 5.30043e-67
1992 3.83212e-67
1993 2.76937e-67
1994 2.0005e-67
1995 1.44447e-67
1996 1.04255e-67
1997 7.52133e-68
1998 5.42387e-68
1999 3.90966e-68
2000 2.81697e-68
2001 2.02881e-68
2002 1.46054e-68
2003 1.051e-68
2004 7.5597e-69
2005 5.43528e-69
2006 3.9062e-69
2007 2.80609e-69
2008 2.01495e-69
2009 1.44624e-69
2010 1.0376e-69
2011 7.44112e-70
2012 5.33409e-70
2013 3.82205e-70
2014 2.73746e-70
2015 1.95981e-70
2016 1.40247e-70
2017 1.0032e-70
2018 7.1729e-71
2019 5.12643e-71
2020 3.66224e-71
2021 2.6151e-71
2022 1.86655e-71
2023 1.33166e-71
2024 9.49621e-72
2025 6.76863e-72
2026 4.82211e-72
2027 3.43357e-72
2028 2.4435e-72
2029 1.73783e-72
2030 1.23509e-72
2031 8.77073e-73
2032 6.22223e-73
2033 4.40889e-73
2034 3.11919e-73
2035 2.20231e-73
2036 1.55077e-73
2037 1.08799e-73
2038 7.59467e-74
2039 5.26402e-74
2040 3.61208e-74
2041 2.44286e-74
2042 1.61731e-74
2043 1.03703e-74
2044 6.32716e-75
2045 3.5595e-75
2046 1.7352e-75
2047 6.34714e-76
