0 2.30631e-52
1 2.08853e-52
2 1.95491e-52
3 1.89772e-52
4 1.91347e-52
5 2.00266e-52
6 2.16985e-52
7 2.42383e-52
8 2.77808e-52
9 3.25147e-52
10 3.86924e-52
11 4.66433e-52
12 5.67907e-52
13 6.96741e-52
14 8.59771e-52
15 1.06563e-51
16 1.3252e-51
17 1.65216e-51
18 2.06371e-51
19 2.58146e-51
20 3.23252e-51
21 4.05091e-51
22 5.07928e-51
23 6.37112e-51
24 7.99345e-51
25 1.00303e-50
26 1.25867e-50
27 1.57945e-50
28 1.98186e-50
29 2.48653e-50
30 3.11928e-50
31 3.9124e-50
32 4.90627e-50
33 6.15139e-50
34 7.71084e-50
35 9.66347e-50
36 1.21077e-49
37 1.51667e-49
38 1.89937e-49
39 2.37806e-49
40 2.97665e-49
41 3.72495e-49
42 4.66019e-49
43 5.82874e-49
44 7.28843e-49
45 9.1113e-49
46 1.13871e-48
47 1.42277e-48
48 1.77723e-48
49 2.21942e-48
50 2.77092e-48
51 3.45855e-48
52 4.31572e-48
53 5.38394e-48
54 6.71483e-48
55 8.37257e-48
56 1.04369e-47
57 1.30069e-47
58 1.62056e-47
59 2.01858e-47
60 2.51373e-47
61 3.12954e-47
62 3.89525e-47
63 4.84709e-47
64 6.03002e-47
65 7.49979e-47
66 9.3255e-47
67 1.15928e-46
68 1.44078e-46
69 1.7902e-46
70 2.22382e-46
71 2.76181e-46
72 3.42911e-46
73 4.25662e-46
74 5.28255e-46
75 6.55418e-46
76 8.12997e-46
77 1.00822e-45
78 1.25003e-45
79 1.54945e-45
80 1.92015e-45
81 2.37896e-45
82 2.94671e-45
83 3.64909e-45
84 4.51781e-45
85 5.59201e-45
86 6.91998e-45
87 8.56128e-45
88 1.05893e-44
89 1.30947e-44
90 1.61889e-44
91 2.00095e-44
92 2.47258e-44
93 3.05464e-44
94 3.77282e-44
95 4.65871e-44
96 5.75124e-44
97 7.09824e-44
98 8.7586e-44
99 1.08047e-43
100 1.33255e-43
101 1.64304e-43
102 2.02537e-43
103 2.49606e-43
104 3.07537e-43
105 3.78819e-43
106 4.66507e-43
107 5.74349e-43
108 7.06943e-43
109 8.69929e-43
110 1.07022e-42
111 1.3163e-42
112 1.61855e-42
113 1.9897e-42
114 2.44534e-42
115 3.00456e-42
116 3.69072e-42
117 4.53244e-42
118 5.5647e-42
119 6.83033e-42
120 8.38167e-42
121 1.02828e-41
122 1.26118e-41
123 1.54645e-41
124 1.89577e-41
125 2.32339e-41
126 2.84676e-41
127 3.48714e-41
128 4.27051e-41
129 5.22853e-41
130 6.39986e-41
131 7.83164e-41
132 9.58135e-41
133 1.1719e-40
134 1.43301e-40
135 1.75187e-40
136 2.14113e-40
137 2.61626e-40
138 3.19603e-40
139 3.90332e-40
140 4.76598e-40
141 5.81787e-40
142 7.10021e-40
143 8.66311e-40
144 1.05675e-39
145 1.28874e-39
146 1.57128e-39
147 1.91532e-39
148 2.33412e-39
149 2.84382e-39
150 3.464e-39
151 4.21844e-39
152 5.13597e-39
153 6.25159e-39
154 7.60775e-39
155 9.25591e-39
156 1.12585e-38
157 1.36911e-38
158 1.66455e-38
159 2.02325e-38
160 2.45868e-38
161 2.98712e-38
162 3.62827e-38
163 4.40599e-38
164 5.34916e-38
165 6.49269e-38
166 7.8788e-38
167 9.55856e-38
168 1.15937e-37
169 1.40587e-37
170 1.70438e-37
171 2.06577e-37
172 2.50319e-37
173 3.0325e-37
174 3.67284e-37
175 4.44731e-37
176 5.38378e-37
177 6.51585e-37
178 7.88402e-37
179 9.53714e-37
180 1.1534e-36
181 1.39456e-36
182 1.68572e-36
183 2.03716e-36
184 2.46126e-36
185 2.9729e-36
186 3.59001e-36
187 4.33412e-36
188 5.23117e-36
189 6.31229e-36
190 7.61493e-36
191 9.18408e-36
192 1.10738e-35
193 1.3349e-35
194 1.60875e-35
195 1.93831e-35
196 2.33478e-35
197 2.81165e-35
198 3.38506e-35
199 4.07439e-35
200 4.90287e-35
201 5.89834e-35
202 7.09416e-35
203 8.53028e-35
204 1.02546e-34
205 1.23244e-34
206 1.48083e-34
207 1.77885e-34
208 2.13631e-34
209 2.56499e-34
210 3.07892e-34
211 3.69494e-34
212 4.43312e-34
213 5.31749e-34
214 6.37675e-34
215 7.64517e-34
216 9.16371e-34
217 1.09812e-33
218 1.31561e-33
219 1.5758e-33
220 1.88699e-33
221 2.25911e-33
222 2.70397e-33
223 3.23567e-33
224 3.87101e-33
225 4.63001e-33
226 5.53653e-33
227 6.61898e-33
228 7.91121e-33
229 9.45351e-33
230 1.12938e-32
231 1.34892e-32
232 1.61076e-32
233 1.92298e-32
234 2.29517e-32
235 2.73875e-32
236 3.26729e-32
237 3.89691e-32
238 4.64677e-32
239 5.53959e-32
240 6.6024e-32
241 7.86723e-32
242 9.37212e-32
243 1.11622e-31
244 1.3291e-31
245 1.58219e-31
246 1.88303e-31
247 2.24052e-31
248 2.66523e-31
249 3.16967e-31
250 3.76867e-31
251 4.47975e-31
252 5.32369e-31
253 6.32505e-31
254 7.5129e-31
255 8.92161e-31
256 1.05918e-30
257 1.25715e-30
258 1.49176e-30
259 1.76969e-30
260 2.09888e-30
261 2.48869e-30
262 2.95014e-30
263 3.49626e-30
264 4.14244e-30
265 4.90681e-30
266 5.81075e-30
267 6.87947e-30
268 8.1427e-30
269 9.63546e-30
270 1.1399e-29
271 1.34819e-29
272 1.59414e-29
273 1.88449e-29
274 2.22716e-29
275 2.63148e-29
276 3.10844e-29
277 3.67092e-29
278 4.33411e-29
279 5.11586e-29
280 6.03712e-29
281 7.12252e-29
282 8.40102e-29
283 9.90659e-29
284 1.16791e-28
285 1.37655e-28
286 1.62207e-28
287 1.91091e-28
288 2.25065e-28
289 2.65016e-28
290 3.11984e-28
291 3.67189e-28
292 4.3206e-28
293 5.08271e-28
294 5.97784e-28
295 7.02896e-28
296 8.26297e-28
297 9.71133e-28
298 1.14109e-27
299 1.34048e-27
300 1.57433e-27
301 1.84856e-27
302 2.17004e-27
303 2.54683e-27
304 2.98834e-27
305 3.50558e-27
306 4.11137e-27
307 4.82071e-27
308 5.6511e-27
309 6.62297e-27
310 7.76013e-27
311 9.09039e-27
312 1.06461e-26
313 1.24651e-26
314 1.45915e-26
315 1.70763e-26
316 1.99796e-26
317 2.33707e-26
318 2.73308e-26
319 3.1954e-26
320 3.73501e-26
321 4.36466e-26
322 5.0992e-26
323 5.95587e-26
324 6.95472e-26
325 8.11906e-26
326 9.47593e-26
327 1.10568e-25
328 1.28981e-25
329 1.50422e-25
330 1.75383e-25
331 2.04433e-25
332 2.38235e-25
333 2.77554e-25
334 3.2328e-25
335 3.76441e-25
336 4.38232e-25
337 5.10035e-25
338 5.93449e-25
339 6.90327e-25
340 8.02814e-25
341 9.3339e-25
342 1.08493e-24
343 1.26074e-24
344 1.46467e-24
345 1.70115e-24
346 1.97531e-24
347 2.29307e-24
348 2.66128e-24
349 3.08783e-24
350 3.58184e-24
351 4.15386e-24
352 4.81601e-24
353 5.58234e-24
354 6.469e-24
355 7.49464e-24
356 8.68077e-24
357 1.00522e-23
358 1.16374e-23
359 1.34693e-23
360 1.55859e-23
361 1.80307e-23
362 2.08541e-23
363 2.41137e-23
364 2.78763e-23
365 3.22184e-23
366 3.7228e-23
367 4.30065e-23
368 4.96702e-23
369 5.7353e-23
370 6.62087e-23
371 7.64139e-23
372 8.81716e-23
373 1.01715e-22
374 1.17311e-22
375 1.35266e-22
376 1.55934e-22
377 1.79718e-22
378 2.0708e-22
379 2.38553e-22
380 2.74745e-22
381 3.16352e-22
382 3.64174e-22
383 4.19126e-22
384 4.82254e-22
385 5.54758e-22
386 6.38009e-22
387 7.33575e-22
388 8.4325e-22
389 9.69085e-22
390 1.11342e-21
391 1.27895e-21
392 1.46871e-21
393 1.6862e-21
394 1.93542e-21
395 2.22091e-21
396 2.54786e-21
397 2.92219e-21
398 3.35066e-21
399 3.84096e-21
400 4.40187e-21
401 5.04337e-21
402 5.77684e-21
403 6.61524e-21
404 7.57332e-21
405 8.66787e-21
406 9.91798e-21
407 1.13454e-20
408 1.29747e-20
409 1.48341e-20
410 1.69554e-20
411 1.93749e-20
412 2.21337e-20
413 2.52786e-20
414 2.88626e-20
415 3.2946e-20
416 3.75971e-20
417 4.28935e-20
418 4.89229e-20
419 5.57852e-20
420 6.35932e-20
421 7.24752e-20
422 8.25761e-20
423 9.40604e-20
424 1.07114e-19
425 1.21948e-19
426 1.38801e-19
427 1.57943e-19
428 1.7968e-19
429 2.04356e-19
430 2.32364e-19
431 2.64145e-19
432 3.00198e-19
433 3.4109e-19
434 3.87457e-19
435 4.40022e-19
436 4.99598e-19
437 5.67106e-19
438 6.43583e-19
439 7.30201e-19
440 8.28283e-19
441 9.39321e-19
442 1.065e-18
443 1.20721e-18
444 1.3681e-18
445 1.55007e-18
446 1.75584e-18
447 1.98848e-18
448 2.25142e-18
449 2.54855e-18
450 2.88423e-18
451 3.26337e-18
452 3.69151e-18
453 4.17486e-18
454 4.7204e-18
455 5.33599e-18
456 6.03045e-18
457 6.81369e-18
458 7.69685e-18
459 8.69241e-18
460 9.8144e-18
461 1.10785e-17
462 1.25025e-17
463 1.4106e-17
464 1.59112e-17
465 1.7943e-17
466 2.02291e-17
467 2.28007e-17
468 2.56927e-17
469 2.8944e-17
470 3.25983e-17
471 3.67043e-17
472 4.13165e-17
473 4.64958e-17
474 5.23103e-17
475 5.8836e-17
476 6.61576e-17
477 7.43698e-17
478 8.35783e-17
479 9.39006e-17
480 1.05468e-16
481 1.18427e-16
482 1.32941e-16
483 1.49191e-16
484 1.6738e-16
485 1.87732e-16
486 2.10498e-16
487 2.35958e-16
488 2.6442e-16
489 2.96231e-16
490 3.31773e-16
491 3.71472e-16
492 4.15803e-16
493 4.65291e-16
494 5.2052e-16
495 5.8214e-16
496 6.50871e-16
497 7.27512e-16
498 8.1295e-16
499 9.08171e-16
500 1.01427e-15
501 1.13245e-15
502 1.26406e-15
503 1.41058e-15
504 1.57367e-15
505 1.75516e-15
506 1.95707e-15
507 2.18165e-15
508 2.43138e-15
509 2.70902e-15
510 3.01761e-15
511 3.36053e-15
512 3.74152e-15
513 4.1647e-15
514 4.63465e-15
515 5.15643e-15
516 5.73563e-15
517 6.37843e-15
518 7.09167e-15
519 7.8829e-15
520 8.76047e-15
521 9.7336e-15
522 1.08125e-14
523 1.20083e-14
524 1.33336e-14
525 1.4802e-14
526 1.64285e-14
527 1.82299e-14
528 2.02246e-14
529 2.24327e-14
530 2.48766e-14
531 2.75809e-14
532 3.05726e-14
533 3.38815e-14
534 3.75403e-14
535 4.15852e-14
536 4.60557e-14
537 5.09955e-14
538 5.64522e-14
539 6.24786e-14
540 6.91322e-14
541 7.64765e-14
542 8.45807e-14
543 9.35211e-14
544 1.03381e-13
545 1.14252e-13
546 1.26234e-13
547 1.39436e-13
548 1.53978e-13
549 1.69992e-13
550 1.8762e-13
551 2.07018e-13
552 2.28358e-13
553 2.51825e-13
554 2.77624e-13
555 3.05975e-13
556 3.37121e-13
557 3.71325e-13
558 4.08873e-13
559 4.50078e-13
560 4.95279e-13
561 5.44846e-13
562 5.99181e-13
563 6.58721e-13
564 7.2394e-13
565 7.95354e-13
566 8.73522e-13
567 9.59052e-13
568 1.0526e-12
569 1.15489e-12
570 1.26669e-12
571 1.38884e-12
572 1.52226e-12
573 1.66793e-12
574 1.82692e-12
575 2.00039e-12
576 2.1896e-12
577 2.39591e-12
578 2.62078e-12
579 2.86582e-12
580 3.13275e-12
581 3.42344e-12
582 3.73991e-12
583 4.08435e-12
584 4.45912e-12
585 4.86679e-12
586 5.31014e-12
587 5.79216e-12
588 6.31611e-12
589 6.8855e-12
590 7.50413e-12
591 8.17613e-12
592 8.90595e-12
593 9.6984e-12
594 1.05587e-11
595 1.14926e-11
596 1.2506e-11
597 1.36057e-11
598 1.47988e-11
599 1.6093e-11
600 1.74968e-11
601 1.90191e-11
602 2.06699e-11
603 2.24597e-11
604 2.43999e-11
605 2.65031e-11
606 2.87827e-11
607 3.12531e-11
608 3.393e-11
609 3.68304e-11
610 3.99727e-11
611 4.33764e-11
612 4.70631e-11
613 5.10557e-11
614 5.5379e-11
615 6.00599e-11
616 6.51272e-11
617 7.0612e-11
618 7.65477e-11
619 8.29703e-11
620 8.99187e-11
621 9.74343e-11
622 1.05562e-10
623 1.1435e-10
624 1.23849e-10
625 1.34114e-10
626 1.45206e-10
627 1.57186e-10
628 1.70123e-10
629 1.84088e-10
630 1.9916e-10
631 2.15419e-10
632 2.32955e-10
633 2.5186e-10
634 2.72234e-10
635 2.94182e-10
636 3.17817e-10
637 3.43257e-10
638 3.70628e-10
639 4.00065e-10
640 4.31708e-10
641 4.65706e-10
642 5.02218e-10
643 5.41408e-10
644 5.83453e-10
645 6.28536e-10
646 6.7685e-10
647 7.28599e-10
648 7.83996e-10
649 8.43265e-10
650 9.06638e-10
651 9.74362e-10
652 1.04669e-09
653 1.12389e-09
654 1.20624e-09
655 1.29403e-09
656 1.38756e-09
657 1.48714e-09
658 1.5931e-09
659 1.70578e-09
660 1.82553e-09
661 1.95271e-09
662 2.0877e-09
663 2.23089e-09
664 2.38268e-09
665 2.5435e-09
666 2.71376e-09
667 2.89394e-09
668 3.08447e-09
669 3.28586e-09
670 3.49859e-09
671 3.72318e-09
672 3.96017e-09
673 4.2101e-09
674 4.47357e-09
675 4.75116e-09
676 5.04351e-09
677 5.35126e-09
678 5.67511e-09
679 6.01577e-09
680 6.37398e-09
681 6.75054e-09
682 7.14629e-09
683 7.56211e-09
684 7.99892e-09
685 8.45772e-09
686 8.93958e-09
687 9.4456e-09
688 9.97699e-09
689 1.0535e-08
690 1.11211e-08
691 1.17368e-08
692 1.23835e-08
693 1.30631e-08
694 1.37774e-08
695 1.45283e-08
696 1.53182e-08
697 1.61492e-08
698 1.7024e-08
699 1.79452e-08
700 1.89159e-08
701 1.99391e-08
702 2.10185e-08
703 2.21576e-08
704 2.33606e-08
705 2.46319e-08
706 2.5976e-08
707 2.73981e-08
708 2.89035e-08
709 3.04983e-08
710 3.21886e-08
711 3.39813e-08
712 3.58834e-08
713 3.79029e-08
714 4.00479e-08
715 4.23272e-08
716 4.47502e-08
717 4.7327e-08
718 5.00681e-08
719 5.29846e-08
720 5.60886e-08
721 5.93925e-08
722 6.29096e-08
723 6.66537e-08
724 7.06394e-08
725 7.4882e-08
726 7.93976e-08
727 8.42027e-08
728 8.93148e-08
729 9.47518e-08
730 1.00532e-07
731 1.06676e-07
732 1.13202e-07
733 1.20131e-07
734 1.27485e-07
735 1.35284e-07
736 1.4355e-07
737 1.52305e-07
738 1.61572e-07
739 1.71373e-07
740 1.81731e-07
741 1.92668e-07
742 2.04206e-07
743 2.16367e-07
744 2.29173e-07
745 2.42645e-07
746 2.56803e-07
747 2.71667e-07
748 2.87254e-07
749 3.03582e-07
750 3.20666e-07
751 3.3852e-07
752 3.57156e-07
753 3.76583e-07
754 3.9681e-07
755 4.17841e-07
756 4.39679e-07
757 4.62321e-07
758 4.85764e-07
759 5.1e-07
760 5.35018e-07
761 5.608e-07
762 5.87327e-07
763 6.14575e-07
764 6.42512e-07
765 6.71105e-07
766 7.00314e-07
767 7.30092e-07
768 7.60388e-07
769 7.91146e-07
770 8.223e-07
771 8.53783e-07
772 8.85517e-07
773 9.17421e-07
774 9.49405e-07
775 9.81374e-07
776 1.01323e-06
777 1.04485e-06
778 1.07614e-06
779 1.10697e-06
780 1.1372e-06
781 1.16672e-06
782 1.19538e-06
783 1.22304e-06
784 1.24955e-06
785 1.27476e-06
786 1.29851e-06
787 1.32064e-06
788 1.341e-06
789 1.35943e-06
790 1.37575e-06
791 1.38981e-06
792 1.40145e-06
793 1.41051e-06
794 1.41684e-06
795 1.42028e-06
796 1.4207e-06
797 1.41796e-06
798 1.41194e-06
799 1.40251e-06
800 1.38959e-06
801 1.37309e-06
802 1.35293e-06
803 1.32906e-06
804 1.30147e-06
805 1.27013e-06
806 1.23507e-06
807 1.19633e-06
808 1.154e-06
809 1.10817e-06
810 1.05899e-06
811 1.00664e-06
812 9.51335e-07
813 8.93348e-07
814 8.3298e-07
815 7.70587e-07
816 7.06575e-07
817 6.41404e-07
818 5.7559e-07
819 5.09704e-07
820 4.44385e-07
821 3.80331e-07
822 3.18308e-07
823 2.59153e-07
824 2.03773e-07
825 1.53151e-07
826 1.08347e-07
827 7.04999e-08
828 4.08299e-08
829 2.06419e-08
830 1.13269e-08
831 1.4364e-08
832 3.13222e-08
833 6.38628e-08
834 1.1374e-07
835 1.82805e-07
836 2.73004e-07
837 3.8638e-07
838 5.2508e-07
839 6.91345e-07
840 8.87522e-07
841 1.11606e-06
842 1.3795e-06
843 1.68051e-06
844 2.02183e-06
845 2.40633e-06
846 2.83697e-06
847 3.31682e-06
848 3.84904e-06
849 4.43692e-06
850 5.08383e-06
851 5.79324e-06
852 6.56874e-06
853 7.41401e-06
854 8.33283e-06
855 9.32909e-06
856 1.04068e-05
857 1.157e-05
858 1.28228e-05
859 1.41696e-05
860 1.56148e-05
861 1.71627e-05
862 1.8818e-05
863 2.05853e-05
864 2.24693e-05
865 2.4475e-05
866 2.66073e-05
867 2.88711e-05
868 3.12717e-05
869 3.38143e-05
870 3.65041e-05
871 3.93466e-05
872 4.23474e-05
873 4.55121e-05
874 4.88464e-05
875 5.23561e-05
876 5.60472e-05
877 5.99257e-05
878 6.39979e-05
879 6.82701e-05
880 7.27486e-05
881 7.74401e-05
882 8.23512e-05
883 8.74888e-05
884 9.28598e-05
885 9.84716e-05
886 0.000104331
887 0.000110446
888 0.000116825
889 0.000123474
890 0.000130403
891 0.000137619
892 0.000145131
893 0.000152947
894 0.000161078
895 0.000169531
896 0.000178317
897 0.000187446
898 0.000196927
899 0.000206771
900 0.000216989
901 0.000227593
902 0.000238593
903 0.000250001
904 0.00026183
905 0.000274093
906 0.000286803
907 0.000299973
908 0.000313618
909 0.000327751
910 0.000342389
911 0.000357547
912 0.00037324
913 0.000389486
914 0.000406302
915 0.000423706
916 0.000441716
917 0.000460351
918 0.000479631
919 0.000499576
920 0.000520207
921 0.000541547
922 0.000563616
923 0.00058644
924 0.00061004
925 0.000634442
926 0.000659671
927 0.000685753
928 0.000712714
929 0.000740583
930 0.000769386
931 0.000799154
932 0.000829916
933 0.000861702
934 0.000894544
935 0.000928474
936 0.000963523
937 0.000999727
938 0.00103712
939 0.00107573
940 0.0011156
941 0.00115677
942 0.00119927
943 0.00124314
944 0.00128841
945 0.00133513
946 0.00138334
947 0.00143307
948 0.00148437
949 0.00153728
950 0.00159183
951 0.00164808
952 0.00170606
953 0.00176581
954 0.00182738
955 0.00189082
956 0.00195616
957 0.00202345
958 0.00209273
959 0.00216404
960 0.00223744
961 0.00231296
962 0.00239065
963 0.00247054
964 0.0025527
965 0.00263714
966 0.00272393
967 0.0028131
968 0.00290469
969 0.00299875
970 0.00309531
971 0.00319441
972 0.0032961
973 0.00340041
974 0.00350737
975 0.00361703
976 0.00372941
977 0.00384456
978 0.0039625
979 0.00408327
980 0.00420688
981 0.00433339
982 0.00446279
983 0.00459514
984 0.00473043
985 0.00486871
986 0.00500997
987 0.00515425
988 0.00530156
989 0.0054519
990 0.0056053
991 0.00576175
992 0.00592126
993 0.00608384
994 0.00624948
995 0.00641818
996 0.00658995
997 0.00676476
998 0.00694261
999 0.00712348
1000 0.00730736
1001 0.00749423
1002 0.00768406
1003 0.00787683
1004 0.0080725
1005 0.00827105
1006 0.00847244
1007 0.00867663
1008 0.00888357
1009 0.00909322
1010 0.00930554
1011 0.00952045
1012 0.00973792
1013 0.00995787
1014 0.0101802
1015 0.010405
1016 0.010632
1017 0.0108612
1018 0.0110926
1019 0.011326
1020 0.0115613
1021 0.0117986
1022 0.0120376
1023 0.0122783
1024 0.0125206
1025 0.0127644
1026 0.0130095
1027 0.013256
1028 0.0135035
1029 0.0137522
1030 0.0140017
1031 0.014252
1032 0.0145031
1033 0.0147546
1034 0.0150066
1035 0.0152589
1036 0.0155113
1037 0.0157637
1038 0.016016
1039 0.0162681
1040 0.0165197
1041 0.0167707
1042 0.0170211
1043 0.0172706
1044 0.0175191
1045 0.0177664
1046 0.0180124
1047 0.0182569
1048 0.0184999
1049 0.018741
1050 0.0189802
1051 0.0192173
1052 0.0194522
1053 0.0196846
1054 0.0199145
1055 0.0201416
1056 0.0203659
1057 0.0205871
1058 0.0208051
1059 0.0210198
1060 0.021231
1061 0.0214386
1062 0.0216423
1063 0.0218421
1064 0.0220377
1065 0.0222292
1066 0.0224162
1067 0.0225987
1068 0.0227766
1069 0.0229497
1070 0.0231178
1071 0.0232808
1072 0.0234387
1073 0.0235913
1074 0.0237384
1075 0.02388
1076 0.024016
1077 0.0241462
1078 0.0242705
1079 0.0243889
1080 0.0245012
1081 0.0246074
1082 0.0247073
1083 0.0248009
1084 0.0248882
1085 0.0249689
1086 0.0250432
1087 0.0251109
1088 0.0251719
1089 0.0252263
1090 0.0252739
1091 0.0253148
1092 0.0253488
1093 0.0253761
1094 0.0253964
1095 0.0254099
1096 0.0254166
1097 0.0254163
1098 0.0254091
1099 0.0253951
1100 0.0253742
1101 0.0253465
1102 0.0253119
1103 0.0252705
1104 0.0252224
1105 0.0251675
1106 0.0251059
1107 0.0250377
1108 0.024963
1109 0.0248817
1110 0.0247939
1111 0.0246998
1112 0.0245994
1113 0.0244927
1114 0.0243799
1115 0.0242611
1116 0.0241363
1117 0.0240056
1118 0.0238692
1119 0.0237271
1120 0.0235795
1121 0.0234265
1122 0.0232681
1123 0.0231046
1124 0.022936
1125 0.0227625
1126 0.0225842
1127 0.0224012
1128 0.0222137
1129 0.0220219
1130 0.0218257
1131 0.0216255
1132 0.0214213
1133 0.0212133
1134 0.0210017
1135 0.0207865
1136 0.020568
1137 0.0203462
1138 0.0201215
1139 0.0198938
1140 0.0196634
1141 0.0194304
1142 0.019195
1143 0.0189574
1144 0.0187176
1145 0.0184758
1146 0.0182323
1147 0.0179871
1148 0.0177404
1149 0.0174924
1150 0.0172432
1151 0.016993
1152 0.0167419
1153 0.01649
1154 0.0162376
1155 0.0159847
1156 0.0157315
1157 0.0154781
1158 0.0152247
1159 0.0149715
1160 0.0147184
1161 0.0144658
1162 0.0142137
1163 0.0139622
1164 0.0137114
1165 0.0134615
1166 0.0132126
1167 0.0129649
1168 0.0127183
1169 0.0124731
1170 0.0122293
1171 0.0119871
1172 0.0117465
1173 0.0115076
1174 0.0112705
1175 0.0110354
1176 0.0108023
1177 0.0105712
1178 0.0103423
1179 0.0101156
1180 0.00989129
1181 0.00966931
1182 0.00944977
1183 0.00923273
1184 0.00901825
1185 0.00880638
1186 0.00859718
1187 0.00839069
1188 0.00818696
1189 0.00798604
1190 0.00778794
1191 0.00759273
1192 0.00740041
1193 0.00721103
1194 0.00702461
1195 0.00684116
1196 0.00666072
1197 0.00648329
1198 0.0063089
1199 0.00613755
1200 0.00596924
1201 0.005804
1202 0.00564181
1203 0.00548268
1204 0.00532661
1205 0.00517359
1206 0.00502361
1207 0.00487668
1208 0.00473277
1209 0.00459187
1210 0.00445397
1211 0.00431906
1212 0.0041871
1213 0.00405809
1214 0.00393199
1215 0.00380879
1216 0.00368846
1217 0.00357098
1218 0.0034563
1219 0.00334442
1220 0.00323528
1221 0.00312887
1222 0.00302514
1223 0.00292407
1224 0.00282561
1225 0.00272974
1226 0.00263642
1227 0.0025456
1228 0.00245725
1229 0.00237133
1230 0.0022878
1231 0.00220662
1232 0.00212775
1233 0.00205115
1234 0.00197678
1235 0.0019046
1236 0.00183455
1237 0.00176661
1238 0.00170073
1239 0.00163687
1240 0.00157499
1241 0.00151504
1242 0.00145698
1243 0.00140077
1244 0.00134637
1245 0.00129373
1246 0.00124282
1247 0.0011936
1248 0.00114601
1249 0.00110004
1250 0.00105562
1251 0.00101272
1252 0.000971314
1253 0.000931349
1254 0.000892789
1255 0.000855598
1256 0.000819737
1257 0.00078517
1258 0.00075186
1259 0.000719771
1260 0.000688869
1261 0.000659118
1262 0.000630483
1263 0.000602933
1264 0.000576433
1265 0.000550951
1266 0.000526456
1267 0.000502917
1268 0.000480302
1269 0.000458583
1270 0.00043773
1271 0.000417714
1272 0.000398508
1273 0.000380085
1274 0.000362417
1275 0.000345479
1276 0.000329246
1277 0.000313692
1278 0.000298795
1279 0.00028453
1280 0.000270874
1281 0.000257806
1282 0.000245303
1283 0.000233346
1284 0.000221913
1285 0.000210985
1286 0.000200542
1287 0.000190566
1288 0.000181038
1289 0.000171942
1290 0.00016326
1291 0.000154976
1292 0.000147073
1293 0.000139537
1294 0.000132353
1295 0.000125505
1296 0.000118981
1297 0.000112766
1298 0.000106848
1299 0.000101215
1300 9.58527e-05
1301 9.07514e-05
1302 8.58991e-05
1303 8.1285e-05
1304 7.68988e-05
1305 7.27303e-05
1306 6.87699e-05
1307 6.50082e-05
1308 6.14363e-05
1309 5.80456e-05
1310 5.48278e-05
1311 5.17749e-05
1312 4.88793e-05
1313 4.61337e-05
1314 4.3531e-05
1315 4.10645e-05
1316 3.87277e-05
1317 3.65144e-05
1318 3.44187e-05
1319 3.24348e-05
1320 3.05574e-05
1321 2.87812e-05
1322 2.71012e-05
1323 2.55127e-05
1324 2.40111e-05
1325 2.2592e-05
1326 2.12513e-05
1327 1.9985e-05
1328 1.87893e-05
1329 1.76605e-05
1330 1.65953e-05
1331 1.55903e-05
1332 1.46423e-05
1333 1.37485e-05
1334 1.29059e-05
1335 1.21118e-05
1336 1.13636e-05
1337 1.06589e-05
1338 9.99527e-06
1339 9.37056e-06
1340 8.78263e-06
1341 8.22946e-06
1342 7.70913e-06
1343 7.21985e-06
1344 6.75986e-06
1345 6.32755e-06
1346 5.92136e-06
1347 5.53981e-06
1348 5.18151e-06
1349 4.84513e-06
1350 4.52941e-06
1351 4.23318e-06
1352 3.9553e-06
1353 3.6947e-06
1354 3.45038e-06
1355 3.22139e-06
1356 3.00682e-06
1357 2.80581e-06
1358 2.61757e-06
1359 2.44132e-06
1360 2.27635e-06
1361 2.12199e-06
1362 1.97758e-06
1363 1.84252e-06
1364 1.71624e-06
1365 1.59821e-06
1366 1.48791e-06
1367 1.38486e-06
1368 1.28862e-06
1369 1.19875e-06
1370 1.11487e-06
1371 1.03659e-06
1372 9.63557e-07
1373 8.95439e-07
1374 8.31922e-07
1375 7.72712e-07
1376 7.17531e-07
1377 6.66119e-07
1378 6.18232e-07
1379 5.7364e-07
1380 5.32128e-07
1381 4.93493e-07
1382 4.57545e-07
1383 4.24108e-07
1384 3.93013e-07
1385 3.64104e-07
1386 3.37235e-07
1387 3.1227e-07
1388 2.89078e-07
1389 2.6754e-07
1390 2.47544e-07
1391 2.28983e-07
1392 2.1176e-07
1393 1.95783e-07
1394 1.80965e-07
1395 1.67226e-07
1396 1.5449e-07
1397 1.42688e-07
1398 1.31754e-07
1399 1.21627e-07
1400 1.1225e-07
1401 1.03569e-07
1402 9.55358e-08
1403 8.8103e-08
1404 8.12279e-08
1405 7.48703e-08
1406 6.89928e-08
1407 6.35606e-08
1408 5.85413e-08
1409 5.39047e-08
1410 4.96228e-08
1411 4.56695e-08
1412 4.20205e-08
1413 3.86533e-08
1414 3.55469e-08
1415 3.2682e-08
1416 3.00404e-08
1417 2.76053e-08
1418 2.53613e-08
1419 2.32937e-08
1420 2.13894e-08
1421 1.96358e-08
1422 1.80214e-08
1423 1.65356e-08
1424 1.51685e-08
1425 1.3911e-08
1426 1.27544e-08
1427 1.16911e-08
1428 1.07138e-08
1429 9.81566e-09
1430 8.99058e-09
1431 8.23279e-09
1432 7.53698e-09
1433 6.89825e-09
1434 6.31206e-09
1435 5.77424e-09
1436 5.28092e-09
1437 4.82853e-09
1438 4.41379e-09
1439 4.03367e-09
1440 3.68535e-09
1441 3.36627e-09
1442 3.07405e-09
1443 2.80649e-09
1444 2.56158e-09
1445 2.33745e-09
1446 2.1324e-09
1447 1.94485e-09
1448 1.77335e-09
1449 1.61657e-09
1450 1.47328e-09
1451 1.34236e-09
1452 1.22276e-09
1453 1.11354e-09
1454 1.01382e-09
1455 9.228e-10
1456 8.39741e-10
1457 7.63967e-10
1458 6.94856e-10
1459 6.31839e-10
1460 5.74393e-10
1461 5.2204e-10
1462 4.74339e-10
1463 4.30889e-10
1464 3.91321e-10
1465 3.55297e-10
1466 3.22509e-10
1467 2.92674e-10
1468 2.65532e-10
1469 2.40847e-10
1470 2.18402e-10
1471 1.97999e-10
1472 1.79458e-10
1473 1.62612e-10
1474 1.4731e-10
1475 1.33415e-10
1476 1.20801e-10
1477 1.09352e-10
1478 9.89632e-11
1479 8.95392e-11
1480 8.09924e-11
1481 7.32431e-11
1482 6.62188e-11
1483 5.98533e-11
1484 5.40862e-11
1485 4.88626e-11
1486 4.41325e-11
1487 3.98504e-11
1488 3.59749e-11
1489 3.24682e-11
1490 2.9296e-11
1491 2.64272e-11
1492 2.38335e-11
1493 2.14889e-11
1494 1.93702e-11
1495 1.74561e-11
1496 1.57272e-11
1497 1.41661e-11
1498 1.27568e-11
1499 1.14848e-11
1500 1.03371e-11
1501 9.30181e-12
1502 8.36814e-12
1503 7.52633e-12
1504 6.76753e-12
1505 6.08374e-12
1506 5.46769e-12
1507 4.91281e-12
1508 4.41315e-12
1509 3.96334e-12
1510 3.5585e-12
1511 3.19423e-12
1512 2.86654e-12
1513 2.57184e-12
1514 2.30686e-12
1515 2.06868e-12
1516 1.85464e-12
1517 1.66233e-12
1518 1.4896e-12
1519 1.33449e-12
1520 1.19524e-12
1521 1.07025e-12
1522 9.58105e-13
1523 8.57496e-13
1524 7.67264e-13
1525 6.86359e-13
1526 6.13834e-13
1527 5.48838e-13
1528 4.90604e-13
1529 4.38441e-13
1530 3.91729e-13
1531 3.49907e-13
1532 3.12474e-13
1533 2.78977e-13
1534 2.49009e-13
1535 2.22207e-13
1536 1.9824e-13
1537 1.76815e-13
1538 1.57667e-13
1539 1.40559e-13
1540 1.25276e-13
1541 1.11627e-13
1542 9.94408e-14
1543 8.85633e-14
1544 7.88563e-14
1545 7.01961e-14
1546 6.24716e-14
1547 5.55835e-14
1548 4.94428e-14
1549 4.39697e-14
1550 3.90928e-14
1551 3.47484e-14
1552 3.08791e-14
1553 2.7434e-14
1554 2.43673e-14
1555 2.16381e-14
1556 1.92099e-14
1557 1.705e-14
1558 1.51292e-14
1559 1.34215e-14
1560 1.19037e-14
1561 1.05549e-14
1562 9.35671e-15
1563 8.29248e-15
1564 7.3475e-15
1565 6.50861e-15
1566 5.7641e-15
1567 5.1035e-15
1568 4.51751e-15
1569 3.99782e-15
1570 3.53706e-15
1571 3.12864e-15
1572 2.7667e-15
1573 2.44604e-15
1574 2.16202e-15
1575 1.91051e-15
1576 1.68785e-15
1577 1.49077e-15
1578 1.31639e-15
1579 1.16212e-15
1580 1.02568e-15
1581 9.05042e-16
1582 7.98399e-16
1583 7.0415e-16
1584 6.20876e-16
1585 5.47318e-16
1586 4.82358e-16
1587 4.25004e-16
1588 3.7438e-16
1589 3.29706e-16
1590 2.90292e-16
1591 2.55528e-16
1592 2.24873e-16
1593 1.97847e-16
1594 1.74028e-16
1595 1.53039e-16
1596 1.34549e-16
1597 1.18264e-16
1598 1.03925e-16
1599 9.1303e-17
1600 8.01942e-17
1601 7.04201e-17
1602 6.18223e-17
1603 5.42611e-17
1604 4.76132e-17
1605 4.17697e-17
1606 3.66345e-17
1607 3.21228e-17
1608 2.816e-17
1609 2.46801e-17
1610 2.1625e-17
1611 1.89435e-17
1612 1.65905e-17
1613 1.45262e-17
1614 1.27158e-17
1615 1.11282e-17
1616 9.73657e-18
1617 8.51688e-18
1618 7.44817e-18
1619 6.51199e-18
1620 5.69211e-18
1621 4.97425e-18
1622 4.34587e-18
1623 3.79596e-18
1624 3.31483e-18
1625 2.89398e-18
1626 2.52595e-18
1627 2.20419e-18
1628 1.92295e-18
1629 1.67719e-18
1630 1.46248e-18
1631 1.27496e-18
1632 1.1112e-18
1633 9.68252e-19
1634 8.43485e-19
1635 7.34618e-19
1636 6.39648e-19
1637 5.56821e-19
1638 4.84601e-19
1639 4.21647e-19
1640 3.66783e-19
1641 3.1898e-19
1642 2.77341e-19
1643 2.41079e-19
1644 2.09507e-19
1645 1.82027e-19
1646 1.58112e-19
1647 1.37307e-19
1648 1.1921e-19
1649 1.03474e-19
1650 8.97932e-20
1651 7.79025e-20
1652 6.75702e-20
1653 5.85941e-20
1654 5.07982e-20
1655 4.4029e-20
1656 3.81526e-20
1657 3.30526e-20
1658 2.86275e-20
1659 2.47888e-20
1660 2.14597e-20
1661 1.85733e-20
1662 1.60712e-20
1663 1.39029e-20
1664 1.20242e-20
1665 1.03969e-20
1666 8.98771e-21
1667 7.76763e-21
1668 6.71157e-21
1669 5.7977e-21
1670 5.00707e-21
1671 4.32322e-21
1672 3.73187e-21
1673 3.22064e-21
1674 2.77878e-21
1675 2.39697e-21
1676 2.06712e-21
1677 1.78224e-21
1678 1.53625e-21
1679 1.32389e-21
1680 1.14062e-21
1681 9.82483e-22
1682 8.46068e-22
1683 7.28419e-22
1684 6.26979e-22
1685 5.39537e-22
1686 4.64179e-22
1687 3.9925e-22
1688 3.43321e-22
1689 2.95157e-22
1690 2.53688e-22
1691 2.17994e-22
1692 1.87277e-22
1693 1.60849e-22
1694 1.38118e-22
1695 1.18571e-22
1696 1.01765e-22
1697 8.7321e-23
1698 7.49089e-23
1699 6.42456e-23
1700 5.50871e-23
1701 4.72228e-23
1702 4.04715e-23
1703 3.46771e-23
1704 2.97052e-23
1705 2.544e-23
1706 2.1782e-23
1707 1.86455e-23
1708 1.59568e-23
1709 1.36526e-23
1710 1.16783e-23
1711 9.98707e-24
1712 8.53873e-24
1713 7.29869e-24
1714 6.23723e-24
1715 5.32886e-24
1716 4.5517e-24
1717 3.88694e-24
1718 3.31848e-24
1719 2.83247e-24
1720 2.41706e-24
1721 2.06208e-24
1722 1.75882e-24
1723 1.49979e-24
1724 1.27861e-24
1725 1.08978e-24
1726 9.28623e-25
1727 7.91106e-25
1728 6.73791e-25
1729 5.73737e-25
1730 4.88423e-25
1731 4.15696e-25
1732 3.53714e-25
1733 3.00902e-25
1734 2.55913e-25
1735 2.176e-25
1736 1.84978e-25
1737 1.57209e-25
1738 1.33577e-25
1739 1.1347e-25
1740 9.63672e-26
1741 8.18224e-26
1742 6.94564e-26
1743 5.89452e-26
1744 5.00128e-26
1745 4.24239e-26
1746 3.5978e-26
1747 3.05041e-26
1748 2.5857e-26
1749 2.19125e-26
1750 1.85654e-26
1751 1.57258e-26
1752 1.33173e-26
1753 1.1275e-26
1754 9.54366e-27
1755 8.07623e-27
1756 6.8328e-27
1757 5.77943e-27
1758 4.88728e-27
1759 4.13187e-27
1760 3.49238e-27
1761 2.95116e-27
1762 2.49322e-27
1763 2.10584e-27
1764 1.77822e-27
1765 1.50121e-27
1766 1.26705e-27
1767 1.06916e-27
1768 9.01959e-28
1769 7.60724e-28
1770 6.41452e-28
1771 5.4075e-28
1772 4.55749e-28
1773 3.84017e-28
1774 3.23497e-28
1775 2.7245e-28
1776 2.29403e-28
1777 1.93112e-28
1778 1.62522e-28
1779 1.36745e-28
1780 1.15029e-28
1781 9.67389e-29
1782 8.13372e-29
1783 6.83711e-29
1784 5.74583e-29
1785 4.82757e-29
1786 4.05508e-29
1787 3.40539e-29
1788 2.85911e-29
1789 2.39988e-29
1790 2.01393e-29
1791 1.68965e-29
1792 1.41724e-29
1793 1.18847e-29
1794 9.96383e-30
1795 8.35144e-30
1796 6.99831e-30
1797 5.86301e-30
1798 4.91071e-30
1799 4.1121e-30
1800 3.44254e-30
1801 2.88132e-30
1802 2.41101e-30
1803 2.01699e-30
1804 1.68696e-30
1805 1.41059e-30
1806 1.17922e-30
1807 9.85563e-31
1808 8.23513e-31
1809 6.87943e-31
1810 5.74554e-31
1811 4.7974e-31
1812 4.00476e-31
1813 3.34229e-31
1814 2.78874e-31
1815 2.32631e-31
1816 1.9401e-31
1817 1.61762e-31
1818 1.34842e-31
1819 1.12376e-31
1820 9.36297e-32
1821 7.79923e-32
1822 6.4951e-32
1823 5.40775e-32
1824 4.50135e-32
1825 3.74598e-32
1826 3.11663e-32
1827 2.59239e-32
1828 2.15582e-32
1829 1.79233e-32
1830 1.48978e-32
1831 1.238e-32
1832 1.02853e-32
1833 8.54296e-33
1834 7.09408e-33
1835 5.88951e-33
1836 4.8883e-33
1837 4.05632e-33
1838 3.36514e-33
1839 2.79106e-33
1840 2.31436e-33
1841 1.91861e-33
1842 1.59016e-33
1843 1.31762e-33
1844 1.09152e-33
1845 9.04007e-34
1846 7.48526e-34
1847 6.19636e-34
1848 5.12817e-34
1849 4.2431e-34
1850 3.50994e-34
1851 2.90276e-34
1852 2.40004e-34
1853 1.9839e-34
1854 1.63952e-34
1855 1.3546e-34
1856 1.11892e-34
1857 9.2402e-35
1858 7.62887e-35
1859 6.297e-35
1860 5.1964e-35
1861 4.28713e-35
1862 3.53611e-35
1863 2.91596e-35
1864 2.40398e-35
1865 1.98142e-35
1866 1.63274e-35
1867 1.3451e-35
1868 1.10786e-35
1869 9.12244e-36
1870 7.50988e-36
1871 6.18088e-36
1872 5.08584e-36
1873 4.1838e-36
1874 3.44092e-36
1875 2.82927e-36
1876 2.32578e-36
1877 1.91143e-36
1878 1.57052e-36
1879 1.29011e-36
1880 1.0595e-36
1881 8.69909e-37
1882 7.14071e-37
1883 5.86009e-37
1884 4.80799e-37
1885 3.94382e-37
1886 3.2342e-37
1887 2.65163e-37
1888 2.17347e-37
1889 1.7811e-37
1890 1.45922e-37
1891 1.19522e-37
1892 9.78746e-38
1893 8.01286e-38
1894 6.55844e-38
1895 5.36672e-38
1896 4.39049e-38
1897 3.59097e-38
1898 2.93634e-38
1899 2.40046e-38
1900 1.96191e-38
1901 1.60309e-38
1902 1.30958e-38
1903 1.06955e-38
1904 8.73304e-39
1905 7.12893e-39
1906 5.81805e-39
1907 4.74707e-39
1908 3.8723e-39
1909 3.15795e-39
1910 2.57476e-39
1911 2.09876e-39
1912 1.71034e-39
1913 1.39347e-39
1914 1.13503e-39
1915 9.24294e-40
1916 7.52501e-40
1917 6.12489e-40
1918 4.98406e-40
1919 4.05473e-40
1920 3.29788e-40
1921 2.68165e-40
1922 2.18003e-40
1923 1.7718e-40
1924 1.43967e-40
1925 1.16951e-40
1926 9.49817e-41
1927 7.71203e-41
1928 6.26024e-41
1929 5.0805e-41
1930 4.12207e-41
1931 3.34363e-41
1932 2.71153e-41
1933 2.19839e-41
1934 1.78191e-41
1935 1.44399e-41
1936 1.16986e-41
1937 9.47538e-42
1938 7.67279e-42
1939 6.2116e-42
1940 5.02745e-42
1941 4.06804e-42
1942 3.29091e-42
1943 2.66158e-42
1944 2.15208e-42
1945 1.73968e-42
1946 1.40596e-42
1947 1.13598e-42
1948 9.17623e-43
1949 7.41054e-43
1950 5.98314e-43
1951 4.82949e-43
1952 3.89734e-43
1953 3.14433e-43
1954 2.53619e-43
1955 2.04517e-43
1956 1.64881e-43
1957 1.32894e-43
1958 1.07086e-43
1959 8.62688e-44
1960 6.94814e-44
1961 5.59471e-44
1962 4.5038e-44
1963 3.62473e-44
1964 2.91651e-44
1965 2.3461e-44
1966 1.88679e-44
1967 1.51702e-44
1968 1.21942e-44
1969 9.79962e-45
1970 7.87332e-45
1971 6.32411e-45
1972 5.07848e-45
1973 4.0772e-45
1974 3.27252e-45
1975 2.626e-45
1976 2.10669e-45
1977 1.68966e-45
1978 1.35484e-45
1979 1.0861e-45
1980 8.70455e-46
1981 6.97451e-46
1982 5.58692e-46
1983 4.47428e-46
1984 3.58233e-46
1985 2.86748e-46
1986 2.2947e-46
1987 1.83588e-46
1988 1.46842e-46
1989 1.17423e-46
1990 9.38733e-47
1991 7.50281e-47
1992 5.9951e-47
1993 4.78916e-47
1994 3.82484e-47
1995 3.05392e-47
1996 2.43777e-47
1997 1.94544e-47
1998 1.55215e-47
1999 1.23805e-47
2000 9.87269e-48
2001 7.87085e-48
2002 6.27332e-48
2003 4.99878e-48
2004 3.98218e-48
2005 3.17151e-48
2006 2.52524e-48
2007 2.01016e-48
2008 1.59973e-48
2009 1.27278e-48
2010 1.0124e-48
2011 8.05084e-49
2012 6.40061e-49
2013 5.08737e-49
2014 4.04257e-49
2015 3.21155e-49
2016 2.55074e-49
2017 2.02541e-49
2018 1.60789e-49
2019 1.27614e-49
2020 1.0126e-49
2021 8.03315e-50
2022 6.37148e-50
2023 5.0525e-50
2024 4.00583e-50
2025 3.17544e-50
2026 2.51682e-50
2027 1.99456e-50
2028 1.58055e-50
2029 1.25243e-50
2030 9.92446e-51
2031 7.86506e-51
2032 6.23418e-51
2033 4.943e-51
2034 3.92106e-51
2035 3.11246e-51
2036 2.47288e-51
2037 1.96717e-51
2038 1.5675e-51
2039 1.25182e-51
2040 1.00267e-51
2041 8.0625e-52
2042 6.51659e-52
2043 5.30295e-52
2044 4.35392e-52
2045 3.61647e-52
2046 3.04933e-52
2047 2.62065e-52
