0 9.44805e-42
1 8.57108e-42
2 7.90711e-42
3 7.42936e-42
4 7.11863e-42
5 6.96244e-42
6 6.95386e-42
7 7.09189e-42
8 7.38188e-42
9 7.83456e-42
10 8.46681e-42
11 9.30239e-42
12 1.0373e-41
13 1.17195e-41
14 1.33927e-41
15 1.54553e-41
16 1.79837e-41
17 2.10748e-41
18 2.4844e-41
19 2.9429e-41
20 3.50013e-41
21 4.17689e-41
22 4.99827e-41
23 5.99421e-41
24 7.20115e-41
25 8.66372e-41
26 1.04355e-40
27 1.25805e-40
28 1.51764e-40
29 1.83182e-40
30 2.21198e-40
31 2.67168e-40
32 3.22747e-40
33 3.89938e-40
34 4.7115e-40
35 5.69267e-40
36 6.87774e-40
37 8.30903e-40
38 1.00372e-39
39 1.21232e-39
40 1.46403e-39
41 1.76773e-39
42 2.13407e-39
43 2.57586e-39
44 3.1085e-39
45 3.75048e-39
46 4.52414e-39
47 5.45624e-39
48 6.57898e-39
49 7.93102e-39
50 9.55878e-39
51 1.1518e-38
52 1.38758e-38
53 1.67126e-38
54 2.01246e-38
55 2.42277e-38
56 2.91607e-38
57 3.50904e-38
58 4.22161e-38
59 5.07765e-38
60 6.10594e-38
61 7.34088e-38
62 8.82359e-38
63 1.06032e-37
64 1.27385e-37
65 1.53006e-37
66 1.83747e-37
67 2.20607e-37
68 2.64792e-37
69 3.17761e-37
70 3.81255e-37
71 4.57317e-37
72 5.48408e-37
73 6.57515e-37
74 7.88169e-37
75 9.44564e-37
76 1.1317e-36
77 1.3556e-36
78 1.62351e-36
79 1.94388e-36
80 2.32687e-36
81 2.78476e-36
82 3.33209e-36
83 3.98593e-36
84 4.76691e-36
85 5.69974e-36
86 6.8138e-36
87 8.14353e-36
88 9.73034e-36
89 1.16239e-35
90 1.38827e-35
91 1.65768e-35
92 1.97893e-35
93 2.36185e-35
94 2.81825e-35
95 3.36208e-35
96 4.00991e-35
97 4.78146e-35
98 5.70017e-35
99 6.79383e-35
100 8.09546e-35
101 9.64428e-35
102 1.14867e-34
103 1.3678e-34
104 1.62835e-34
105 1.93809e-34
106 2.30621e-34
107 2.74362e-34
108 3.26324e-34
109 3.88037e-34
110 4.61315e-34
111 5.48305e-34
112 6.51547e-34
113 7.74052e-34
114 9.19377e-34
115 1.09174e-33
116 1.29611e-33
117 1.53839e-33
118 1.82553e-33
119 2.16578e-33
120 2.56885e-33
121 3.04625e-33
122 3.61155e-33
123 4.28076e-33
124 5.07282e-33
125 6.01006e-33
126 7.11885e-33
127 8.43028e-33
128 9.98104e-33
129 1.18144e-32
130 1.39813e-32
131 1.65419e-32
132 1.9567e-32
133 2.31401e-32
134 2.73597e-32
135 3.23412e-32
136 3.82209e-32
137 4.51594e-32
138 5.33458e-32
139 6.30021e-32
140 7.43887e-32
141 8.78139e-32
142 1.03639e-31
143 1.22287e-31
144 1.44258e-31
145 1.70138e-31
146 2.00616e-31
147 2.365e-31
148 2.78739e-31
149 3.28446e-31
150 3.86931e-31
151 4.55725e-31
152 5.36625e-31
153 6.31746e-31
154 7.43557e-31
155 8.74954e-31
156 1.02934e-30
157 1.21068e-30
158 1.42364e-30
159 1.67369e-30
160 1.96719e-30
161 2.31163e-30
162 2.71576e-30
163 3.18981e-30
164 3.74574e-30
165 4.39752e-30
166 5.16154e-30
167 6.0569e-30
168 7.10594e-30
169 8.33475e-30
170 9.77378e-30
171 1.14587e-29
172 1.34309e-29
173 1.57389e-29
174 1.84393e-29
175 2.15981e-29
176 2.52922e-29
177 2.96113e-29
178 3.46601e-29
179 4.05604e-29
180 4.74542e-29
181 5.55071e-29
182 6.49117e-29
183 7.58925e-29
184 8.87106e-29
185 1.0367e-28
186 1.21125e-28
187 1.41487e-28
188 1.65233e-28
189 1.92922e-28
190 2.252e-28
191 2.62819e-28
192 3.06653e-28
193 3.57717e-28
194 4.17191e-28
195 4.86442e-28
196 5.67061e-28
197 6.60892e-28
198 7.70075e-28
199 8.97095e-28
200 1.04483e-27
201 1.21662e-27
202 1.41633e-27
203 1.64846e-27
204 1.9182e-27
205 2.23156e-27
206 2.59553e-27
207 3.01819e-27
208 3.50887e-27
209 4.07839e-27
210 4.73927e-27
211 5.506e-27
212 6.3953e-27
213 7.42654e-27
214 8.62208e-27
215 1.00078e-26
216 1.16136e-26
217 1.34739e-26
218 1.56286e-26
219 1.81237e-26
220 2.10123e-26
221 2.43556e-26
222 2.82244e-26
223 3.27002e-26
224 3.7877e-26
225 4.38632e-26
226 5.07837e-26
227 5.87825e-26
228 6.80254e-26
229 7.87035e-26
230 9.10366e-26
231 1.05278e-25
232 1.21719e-25
233 1.40695e-25
234 1.62593e-25
235 1.87854e-25
236 2.16991e-25
237 2.5059e-25
238 2.89324e-25
239 3.33969e-25
240 3.85415e-25
241 4.44684e-25
242 5.12951e-25
243 5.91562e-25
244 6.82067e-25
245 7.86239e-25
246 9.06115e-25
247 1.04403e-24
248 1.20267e-24
249 1.3851e-24
250 1.59484e-24
251 1.83592e-24
252 2.11298e-24
253 2.4313e-24
254 2.79694e-24
255 3.21684e-24
256 3.69896e-24
257 4.25238e-24
258 4.8875e-24
259 5.61621e-24
260 6.45213e-24
261 7.41079e-24
262 8.50998e-24
263 9.77e-24
264 1.1214e-23
265 1.28686e-23
266 1.4764e-23
267 1.69347e-23
268 1.94201e-23
269 2.22653e-23
270 2.55215e-23
271 2.92472e-23
272 3.35091e-23
273 3.83833e-23
274 4.39564e-23
275 5.03272e-23
276 5.7608e-23
277 6.5927e-23
278 7.54298e-23
279 8.62824e-23
280 9.86737e-23
281 1.12818e-22
282 1.28961e-22
283 1.47378e-22
284 1.68387e-22
285 1.92346e-22
286 2.19662e-22
287 2.508e-22
288 2.86284e-22
289 3.26713e-22
290 3.72765e-22
291 4.25208e-22
292 4.84917e-22
293 5.52882e-22
294 6.30225e-22
295 7.18222e-22
296 8.18316e-22
297 9.32143e-22
298 1.06156e-21
299 1.20866e-21
300 1.37583e-21
301 1.56577e-21
302 1.78151e-21
303 2.02652e-21
304 2.3047e-21
305 2.62046e-21
306 2.97881e-21
307 3.38539e-21
308 3.8466e-21
309 4.36965e-21
310 4.96271e-21
311 5.63499e-21
312 6.39689e-21
313 7.26019e-21
314 8.23813e-21
315 9.34572e-21
316 1.05998e-20
317 1.20196e-20
318 1.36264e-20
319 1.54446e-20
320 1.75014e-20
321 1.98278e-20
322 2.24584e-20
323 2.54322e-20
324 2.87934e-20
325 3.25915e-20
326 3.68822e-20
327 4.17285e-20
328 4.72009e-20
329 5.33789e-20
330 6.03518e-20
331 6.82201e-20
332 7.70967e-20
333 8.71083e-20
334 9.83975e-20
335 1.11124e-19
336 1.25468e-19
337 1.41631e-19
338 1.59839e-19
339 1.80345e-19
340 2.03436e-19
341 2.29429e-19
342 2.58683e-19
343 2.91598e-19
344 3.28625e-19
345 3.70267e-19
346 4.17086e-19
347 4.69715e-19
348 5.28861e-19
349 5.95313e-19
350 6.69957e-19
351 7.53782e-19
352 8.47894e-19
353 9.53532e-19
354 1.07208e-18
355 1.20508e-18
356 1.35426e-18
357 1.52154e-18
358 1.7091e-18
359 1.91932e-18
360 2.15489e-18
361 2.41881e-18
362 2.71443e-18
363 3.04546e-18
364 3.41607e-18
365 3.83091e-18
366 4.29512e-18
367 4.81449e-18
368 5.39542e-18
369 6.04507e-18
370 6.7714e-18
371 7.58329e-18
372 8.4906e-18
373 9.50433e-18
374 1.06367e-17
375 1.19013e-17
376 1.33133e-17
377 1.48895e-17
378 1.66486e-17
379 1.86114e-17
380 2.08009e-17
381 2.3243e-17
382 2.59659e-17
383 2.90014e-17
384 3.23846e-17
385 3.61545e-17
386 4.03542e-17
387 4.50318e-17
388 5.02404e-17
389 5.6039e-17
390 6.24929e-17
391 6.96745e-17
392 7.76639e-17
393 8.65499e-17
394 9.64308e-17
395 1.07415e-16
396 1.19624e-16
397 1.3319e-16
398 1.4826e-16
399 1.64997e-16
400 1.83582e-16
401 2.04212e-16
402 2.27107e-16
403 2.5251e-16
404 2.80689e-16
405 3.11938e-16
406 3.46584e-16
407 3.84987e-16
408 4.27542e-16
409 4.74688e-16
410 5.26906e-16
411 5.84728e-16
412 6.48738e-16
413 7.19581e-16
414 7.97967e-16
415 8.84677e-16
416 9.80572e-16
417 1.0866e-15
418 1.2038e-15
419 1.33331e-15
420 1.4764e-15
421 1.63446e-15
422 1.809e-15
423 2.00169e-15
424 2.21438e-15
425 2.44908e-15
426 2.70801e-15
427 2.9936e-15
428 3.30853e-15
429 3.65573e-15
430 4.03841e-15
431 4.46012e-15
432 4.92472e-15
433 5.43645e-15
434 5.99999e-15
435 6.62043e-15
436 7.30336e-15
437 8.05492e-15
438 8.88183e-15
439 9.79143e-15
440 1.07918e-14
441 1.18917e-14
442 1.31008e-14
443 1.44298e-14
444 1.589e-14
445 1.74942e-14
446 1.92562e-14
447 2.1191e-14
448 2.33152e-14
449 2.56468e-14
450 2.82055e-14
451 3.10127e-14
452 3.4092e-14
453 3.74689e-14
454 4.11713e-14
455 4.52298e-14
456 4.96776e-14
457 5.45508e-14
458 5.98889e-14
459 6.57349e-14
460 7.21356e-14
461 7.91418e-14
462 8.6809e-14
463 9.51976e-14
464 1.04373e-13
465 1.14407e-13
466 1.25376e-13
467 1.37365e-13
468 1.50465e-13
469 1.64776e-13
470 1.80405e-13
471 1.9747e-13
472 2.16096e-13
473 2.36422e-13
474 2.58597e-13
475 2.82781e-13
476 3.09151e-13
477 3.37897e-13
478 3.69222e-13
479 4.0335e-13
480 4.40521e-13
481 4.80996e-13
482 5.25056e-13
483 5.73006e-13
484 6.25175e-13
485 6.81919e-13
486 7.43624e-13
487 8.10703e-13
488 8.83608e-13
489 9.62822e-13
490 1.04887e-12
491 1.14232e-12
492 1.24378e-12
493 1.3539e-12
494 1.47341e-12
495 1.60307e-12
496 1.7437e-12
497 1.89621e-12
498 2.06154e-12
499 2.24075e-12
500 2.43495e-12
501 2.64536e-12
502 2.87326e-12
503 3.12007e-12
504 3.38729e-12
505 3.67656e-12
506 3.98963e-12
507 4.32838e-12
508 4.69486e-12
509 5.09125e-12
510 5.51991e-12
511 5.98338e-12
512 6.48438e-12
513 7.02585e-12
514 7.61096e-12
515 8.24308e-12
516 8.92588e-12
517 9.66326e-12
518 1.04594e-11
519 1.1319e-11
520 1.22466e-11
521 1.32477e-11
522 1.43277e-11
523 1.54928e-11
524 1.67491e-11
525 1.81038e-11
526 1.95641e-11
527 2.11379e-11
528 2.28337e-11
529 2.46606e-11
530 2.66281e-11
531 2.87466e-11
532 3.10272e-11
533 3.34816e-11
534 3.61224e-11
535 3.8963e-11
536 4.20177e-11
537 4.53018e-11
538 4.88314e-11
539 5.2624e-11
540 5.66979e-11
541 6.10727e-11
542 6.57692e-11
543 7.08095e-11
544 7.62172e-11
545 8.20171e-11
546 8.82359e-11
547 9.49015e-11
548 1.02044e-10
549 1.09695e-10
550 1.17887e-10
551 1.26657e-10
552 1.36041e-10
553 1.46081e-10
554 1.56817e-10
555 1.68294e-10
556 1.8056e-10
557 1.93664e-10
558 2.07659e-10
559 2.22601e-10
560 2.38549e-10
561 2.55564e-10
562 2.73713e-10
563 2.93066e-10
564 3.13695e-10
565 3.3568e-10
566 3.59101e-10
567 3.84045e-10
568 4.10605e-10
569 4.38877e-10
570 4.68965e-10
571 5.00975e-10
572 5.35024e-10
573 5.71232e-10
574 6.09728e-10
575 6.50647e-10
576 6.94132e-10
577 7.40337e-10
578 7.89422e-10
579 8.41556e-10
580 8.9692e-10
581 9.55704e-10
582 1.01811e-09
583 1.08435e-09
584 1.15466e-09
585 1.22927e-09
586 1.30843e-09
587 1.39242e-09
588 1.48151e-09
589 1.57602e-09
590 1.67625e-09
591 1.78254e-09
592 1.89526e-09
593 2.01477e-09
594 2.14147e-09
595 2.27578e-09
596 2.41815e-09
597 2.56904e-09
598 2.72895e-09
599 2.89839e-09
600 3.07791e-09
601 3.2681e-09
602 3.46955e-09
603 3.6829e-09
604 3.90882e-09
605 4.14801e-09
606 4.40121e-09
607 4.66919e-09
608 4.95275e-09
609 5.25273e-09
610 5.57002e-09
611 5.90553e-09
612 6.26022e-09
613 6.63507e-09
614 7.03113e-09
615 7.44945e-09
616 7.89117e-09
617 8.35742e-09
618 8.84939e-09
619 9.36832e-09
620 9.91547e-09
621 1.04921e-08
622 1.10997e-08
623 1.17395e-08
624 1.24129e-08
625 1.31215e-08
626 1.38666e-08
627 1.46498e-08
628 1.54727e-08
629 1.63367e-08
630 1.72436e-08
631 1.81948e-08
632 1.91921e-08
633 2.02372e-08
634 2.13316e-08
635 2.24772e-08
636 2.36755e-08
637 2.49284e-08
638 2.62376e-08
639 2.76048e-08
640 2.90318e-08
641 3.05203e-08
642 3.20722e-08
643 3.36893e-08
644 3.53733e-08
645 3.71261e-08
646 3.89495e-08
647 4.08453e-08
648 4.28155e-08
649 4.48618e-08
650 4.69863e-08
651 4.91909e-08
652 5.14777e-08
653 5.38486e-08
654 5.63057e-08
655 5.88514e-08
656 6.14879e-08
657 6.42175e-08
658 6.70428e-08
659 6.99664e-08
660 7.29911e-08
661 7.61197e-08
662 7.93556e-08
663 8.27019e-08
664 8.61624e-08
665 8.97408e-08
666 9.34412e-08
667 9.72682e-08
668 1.01227e-07
669 1.05321e-07
670 1.09558e-07
671 1.13943e-07
672 1.18483e-07
673 1.23183e-07
674 1.28053e-07
675 1.33101e-07
676 1.38333e-07
677 1.43761e-07
678 1.49394e-07
679 1.55243e-07
680 1.61319e-07
681 1.67634e-07
682 1.74201e-07
683 1.81033e-07
684 1.88146e-07
685 1.95554e-07
686 2.03274e-07
687 2.11323e-07
688 2.19717e-07
689 2.28477e-07
690 2.37621e-07
691 2.47169e-07
692 2.57143e-07
693 2.67564e-07
694 2.78455e-07
695 2.89838e-07
696 3.01738e-07
697 3.14178e-07
698 3.27183e-07
699 3.40778e-07
700 3.54988e-07
701 3.69839e-07
702 3.85355e-07
703 4.01563e-07
704 4.18487e-07
705 4.36153e-07
706 4.54583e-07
707 4.73802e-07
708 4.93833e-07
709 5.14696e-07
710 5.36412e-07
711 5.59e-07
712 5.82477e-07
713 6.06858e-07
714 6.32156e-07
715 6.58382e-07
716 6.85544e-07
717 7.13647e-07
718 7.42693e-07
719 7.72681e-07
720 8.03606e-07
721 8.3546e-07
722 8.68231e-07
723 9.019e-07
724 9.36448e-07
725 9.71848e-07
726 1.00807e-06
727 1.04507e-06
728 1.08282e-06
729 1.12127e-06
730 1.16036e-06
731 1.20004e-06
732 1.24025e-06
733 1.2809e-06
734 1.32194e-06
735 1.36328e-06
736 1.40483e-06
737 1.4465e-06
738 1.48819e-06
739 1.5298e-06
740 1.57122e-06
741 1.61233e-06
742 1.65303e-06
743 1.69318e-06
744 1.73266e-06
745 1.77134e-06
746 1.80909e-06
747 1.84577e-06
748 1.88124e-06
749 1.91537e-06
750 1.948e-06
751 1.97901e-06
752 2.00826e-06
753 2.0356e-06
754 2.0609e-06
755 2.08402e-06
756 2.10485e-06
757 2.12325e-06
758 2.13912e-06
759 2.15233e-06
760 2.1628e-06
761 2.17042e-06
762 2.17512e-06
763 2.17683e-06
764 2.17549e-06
765 2.17106e-06
766 2.16351e-06
767 2.15283e-06
768 2.13903e-06
769 2.12214e-06
770 2.10219e-06
771 2.07926e-06
772 2.05344e-06
773 2.02484e-06
774 1.99359e-06
775 1.95985e-06
776 1.92382e-06
777 1.88571e-06
778 1.84576e-06
779 1.80424e-06
780 1.76146e-06
781 1.71774e-06
782 1.67343e-06
783 1.62894e-06
784 1.58469e-06
785 1.54112e-06
786 1.49871e-06
787 1.45799e-06
788 1.4195e-06
789 1.3838e-06
790 1.35152e-06
791 1.32327e-06
792 1.29973e-06
793 1.28158e-06
794 1.26954e-06
795 1.26435e-06
796 1.26679e-06
797 1.27764e-06
798 1.29772e-06
799 1.32786e-06
800 1.36891e-06
801 1.42174e-06
802 1.48723e-06
803 1.56629e-06
804 1.6598e-06
805 1.7687e-06
806 1.8939e-06
807 2.03632e-06
808 2.19689e-06
809 2.37654e-06
810 2.57619e-06
811 2.79674e-06
812 3.03911e-06
813 3.30419e-06
814 3.59285e-06
815 3.90597e-06
816 4.24438e-06
817 4.60891e-06
818 5.00034e-06
819 5.41946e-06
820 5.86701e-06
821 6.34369e-06
822 6.85018e-06
823 7.38712e-06
824 7.95511e-06
825 8.55472e-06
826 9.18648e-06
827 9.85087e-06
828 1.05483e-05
829 1.12792e-05
830 1.2044e-05
831 1.28428e-05
832 1.3676e-05
833 1.45439e-05
834 1.54464e-05
835 1.63839e-05
836 1.73564e-05
837 1.83638e-05
838 1.94063e-05
839 2.04837e-05
840 2.15961e-05
841 2.27432e-05
842 2.39249e-05
843 2.51411e-05
844 2.63915e-05
845 2.76759e-05
846 2.89941e-05
847 3.03458e-05
848 3.17308e-05
849 3.31487e-05
850 3.45993e-05
851 3.60823e-05
852 3.75974e-05
853 3.91445e-05
854 4.07233e-05
855 4.23335e-05
856 4.3975e-05
857 4.56478e-05
858 4.73517e-05
859 4.90868e-05
860 5.08531e-05
861 5.26507e-05
862 5.44798e-05
863 5.63408e-05
864 5.8234e-05
865 6.01599e-05
866 6.21192e-05
867 6.41126e-05
868 6.61409e-05
869 6.82052e-05
870 7.03066e-05
871 7.24464e-05
872 7.46262e-05
873 7.68474e-05
874 7.91121e-05
875 8.14222e-05
876 8.37799e-05
877 8.61876e-05
878 8.86481e-05
879 9.11641e-05
880 9.37388e-05
881 9.63754e-05
882 9.90776e-05
883 0.000101849
884 0.000104694
885 0.000107617
886 0.000110623
887 0.000113716
888 0.000116901
889 0.000120185
890 0.000123572
891 0.00012707
892 0.000130684
893 0.000134421
894 0.000138288
895 0.000142292
896 0.000146442
897 0.000150745
898 0.000155209
899 0.000159843
900 0.000164657
901 0.000169659
902 0.000174859
903 0.000180267
904 0.000185893
905 0.000191749
906 0.000197845
907 0.000204192
908 0.000210803
909 0.000217688
910 0.000224862
911 0.000232336
912 0.000240123
913 0.000248237
914 0.000256692
915 0.000265501
916 0.000274679
917 0.00028424
918 0.000294201
919 0.000304575
920 0.000315379
921 0.000326628
922 0.000338339
923 0.000350529
924 0.000363213
925 0.00037641
926 0.000390136
927 0.00040441
928 0.000419249
929 0.000434672
930 0.000450697
931 0.000467342
932 0.000484627
933 0.000502571
934 0.000521193
935 0.000540513
936 0.00056055
937 0.000581326
938 0.00060286
939 0.000625172
940 0.000648284
941 0.000672216
942 0.000696989
943 0.000722624
944 0.000749143
945 0.000776566
946 0.000804916
947 0.000834215
948 0.000864483
949 0.000895744
950 0.000928018
951 0.000961329
952 0.000995697
953 0.00103115
954 0.0010677
955 0.00110537
956 0.0011442
957 0.00118419
958 0.00122537
959 0.00126777
960 0.0013114
961 0.00135629
962 0.00140247
963 0.00144994
964 0.00149874
965 0.00154888
966 0.00160039
967 0.0016533
968 0.00170761
969 0.00176335
970 0.00182055
971 0.00187922
972 0.00193939
973 0.00200107
974 0.00206428
975 0.00212905
976 0.00219539
977 0.00226333
978 0.00233288
979 0.00240406
980 0.00247689
981 0.00255138
982 0.00262756
983 0.00270544
984 0.00278504
985 0.00286637
986 0.00294945
987 0.00303429
988 0.00312091
989 0.00320932
990 0.00329953
991 0.00339156
992 0.00348541
993 0.00358111
994 0.00367865
995 0.00377806
996 0.00387933
997 0.00398247
998 0.0040875
999 0.00419442
1000 0.00430323
1001 0.00441394
1002 0.00452655
1003 0.00464107
1004 0.00475749
1005 0.00487582
1006 0.00499606
1007 0.00511821
1008 0.00524225
1009 0.0053682
1010 0.00549604
1011 0.00562577
1012 0.00575739
1013 0.00589087
1014 0.00602622
1015 0.00616342
1016 0.00630247
1017 0.00644334
1018 0.00658603
1019 0.00673051
1020 0.00687677
1021 0.0070248
1022 0.00717456
1023 0.00732605
1024 0.00747923
1025 0.00763409
1026 0.00779059
1027 0.00794872
1028 0.00810843
1029 0.00826971
1030 0.00843251
1031 0.00859681
1032 0.00876257
1033 0.00892976
1034 0.00909833
1035 0.00926826
1036 0.00943949
1037 0.00961199
1038 0.00978571
1039 0.0099606
1040 0.0101366
1041 0.0103137
1042 0.0104919
1043 0.010671
1044 0.010851
1045 0.011032
1046 0.0112137
1047 0.0113962
1048 0.0115794
1049 0.0117632
1050 0.0119477
1051 0.0121326
1052 0.012318
1053 0.0125038
1054 0.0126899
1055 0.0128763
1056 0.0130629
1057 0.0132495
1058 0.0134363
1059 0.0136229
1060 0.0138095
1061 0.013996
1062 0.0141821
1063 0.014368
1064 0.0145534
1065 0.0147384
1066 0.0149228
1067 0.0151066
1068 0.0152896
1069 0.0154719
1070 0.0156532
1071 0.0158336
1072 0.016013
1073 0.0161912
1074 0.0163682
1075 0.016544
1076 0.0167183
1077 0.0168912
1078 0.0170625
1079 0.0172323
1080 0.0174003
1081 0.0175665
1082 0.0177308
1083 0.0178932
1084 0.0180535
1085 0.0182117
1086 0.0183676
1087 0.0185213
1088 0.0186726
1089 0.0188215
1090 0.0189678
1091 0.0191115
1092 0.0192525
1093 0.0193908
1094 0.0195262
1095 0.0196587
1096 0.0197882
1097 0.0199146
1098 0.0200379
1099 0.020158
1100 0.0202748
1101 0.0203883
1102 0.0204984
1103 0.0206049
1104 0.020708
1105 0.0208075
1106 0.0209033
1107 0.0209954
1108 0.0210838
1109 0.0211683
1110 0.0212489
1111 0.0213257
1112 0.0213985
1113 0.0214672
1114 0.021532
1115 0.0215926
1116 0.0216491
1117 0.0217014
1118 0.0217496
1119 0.0217935
1120 0.0218331
1121 0.0218685
1122 0.0218996
1123 0.0219263
1124 0.0219487
1125 0.0219667
1126 0.0219804
1127 0.0219897
1128 0.0219946
1129 0.0219951
1130 0.0219912
1131 0.0219829
1132 0.0219702
1133 0.0219531
1134 0.0219316
1135 0.0219058
1136 0.0218756
1137 0.021841
1138 0.0218021
1139 0.021759
1140 0.0217115
1141 0.0216598
1142 0.0216039
1143 0.0215438
1144 0.0214795
1145 0.0214111
1146 0.0213386
1147 0.0212621
1148 0.0211816
1149 0.0210971
1150 0.0210087
1151 0.0209165
1152 0.0208204
1153 0.0207206
1154 0.0206172
1155 0.02051
1156 0.0203993
1157 0.0202851
1158 0.0201675
1159 0.0200465
1160 0.0199221
1161 0.0197945
1162 0.0196637
1163 0.0195299
1164 0.019393
1165 0.0192531
1166 0.0191104
1167 0.0189649
1168 0.0188166
1169 0.0186658
1170 0.0185123
1171 0.0183564
1172 0.0181981
1173 0.0180374
1174 0.0178746
1175 0.0177096
1176 0.0175425
1177 0.0173735
1178 0.0172026
1179 0.0170299
1180 0.0168555
1181 0.0166794
1182 0.0165018
1183 0.0163228
1184 0.0161424
1185 0.0159608
1186 0.0157779
1187 0.015594
1188 0.015409
1189 0.0152231
1190 0.0150364
1191 0.0148489
1192 0.0146607
1193 0.014472
1194 0.0142827
1195 0.014093
1196 0.013903
1197 0.0137128
1198 0.0135223
1199 0.0133318
1200 0.0131412
1201 0.0129507
1202 0.0127603
1203 0.0125701
1204 0.0123802
1205 0.0121907
1206 0.0120016
1207 0.011813
1208 0.0116249
1209 0.0114375
1210 0.0112508
1211 0.0110648
1212 0.0108797
1213 0.0106954
1214 0.0105121
1215 0.0103298
1216 0.0101485
1217 0.00996841
1218 0.00978944
1219 0.00961168
1220 0.0094352
1221 0.00926003
1222 0.00908623
1223 0.00891384
1224 0.0087429
1225 0.00857345
1226 0.00840554
1227 0.0082392
1228 0.00807447
1229 0.00791138
1230 0.00774997
1231 0.00759027
1232 0.00743231
1233 0.00727611
1234 0.00712171
1235 0.00696913
1236 0.00681839
1237 0.00666951
1238 0.00652252
1239 0.00637743
1240 0.00623427
1241 0.00609303
1242 0.00595375
1243 0.00581643
1244 0.00568108
1245 0.00554772
1246 0.00541635
1247 0.00528697
1248 0.0051596
1249 0.00503424
1250 0.00491088
1251 0.00478954
1252 0.00467022
1253 0.0045529
1254 0.00443759
1255 0.00432429
1256 0.00421299
1257 0.00410369
1258 0.00399638
1259 0.00389105
1260 0.00378769
1261 0.0036863
1262 0.00358686
1263 0.00348936
1264 0.00339379
1265 0.00330014
1266 0.00320839
1267 0.00311853
1268 0.00303054
1269 0.0029444
1270 0.00286011
1271 0.00277764
1272 0.00269697
1273 0.00261808
1274 0.00254096
1275 0.00246559
1276 0.00239194
1277 0.00232
1278 0.00224974
1279 0.00218114
1280 0.00211418
1281 0.00204884
1282 0.0019851
1283 0.00192292
1284 0.0018623
1285 0.0018032
1286 0.0017456
1287 0.00168948
1288 0.00163482
1289 0.00158158
1290 0.00152975
1291 0.0014793
1292 0.00143021
1293 0.00138245
1294 0.001336
1295 0.00129084
1296 0.00124693
1297 0.00120426
1298 0.0011628
1299 0.00112253
1300 0.00108342
1301 0.00104544
1302 0.00100859
1303 0.000972818
1304 0.000938117
1305 0.00090446
1306 0.000871824
1307 0.000840185
1308 0.00080952
1309 0.000779807
1310 0.000751024
1311 0.000723148
1312 0.000696157
1313 0.000670029
1314 0.000644744
1315 0.00062028
1316 0.000596616
1317 0.000573732
1318 0.000551607
1319 0.000530221
1320 0.000509555
1321 0.00048959
1322 0.000470305
1323 0.000451684
1324 0.000433706
1325 0.000416355
1326 0.000399612
1327 0.00038346
1328 0.000367882
1329 0.000352861
1330 0.000338381
1331 0.000324425
1332 0.000310978
1333 0.000298024
1334 0.000285549
1335 0.000273537
1336 0.000261973
1337 0.000250845
1338 0.000240138
1339 0.000229839
1340 0.000219934
1341 0.00021041
1342 0.000201256
1343 0.000192459
1344 0.000184006
1345 0.000175887
1346 0.00016809
1347 0.000160604
1348 0.000153418
1349 0.000146522
1350 0.000139907
1351 0.00013356
1352 0.000127475
1353 0.00012164
1354 0.000116048
1355 0.000110688
1356 0.000105554
1357 0.000100635
1358 9.59256e-05
1359 9.14165e-05
1360 8.71005e-05
1361 8.29703e-05
1362 7.90189e-05
1363 7.52393e-05
1364 7.1625e-05
1365 6.81696e-05
1366 6.48668e-05
1367 6.17107e-05
1368 5.86954e-05
1369 5.58153e-05
1370 5.3065e-05
1371 5.04393e-05
1372 4.79331e-05
1373 4.55415e-05
1374 4.32599e-05
1375 4.10836e-05
1376 3.90083e-05
1377 3.70298e-05
1378 3.5144e-05
1379 3.33469e-05
1380 3.16349e-05
1381 3.00042e-05
1382 2.84514e-05
1383 2.6973e-05
1384 2.55659e-05
1385 2.42269e-05
1386 2.29531e-05
1387 2.17414e-05
1388 2.05893e-05
1389 1.94939e-05
1390 1.84528e-05
1391 1.74635e-05
1392 1.65236e-05
1393 1.56308e-05
1394 1.47831e-05
1395 1.39783e-05
1396 1.32144e-05
1397 1.24895e-05
1398 1.18019e-05
1399 1.11496e-05
1400 1.05311e-05
1401 9.9447e-06
1402 9.38892e-06
1403 8.86226e-06
1404 8.36332e-06
1405 7.89074e-06
1406 7.44323e-06
1407 7.01957e-06
1408 6.61858e-06
1409 6.23913e-06
1410 5.88015e-06
1411 5.54061e-06
1412 5.21953e-06
1413 4.91599e-06
1414 4.62908e-06
1415 4.35797e-06
1416 4.10184e-06
1417 3.85992e-06
1418 3.63147e-06
1419 3.4158e-06
1420 3.21224e-06
1421 3.02014e-06
1422 2.83891e-06
1423 2.66798e-06
1424 2.50679e-06
1425 2.35482e-06
1426 2.21158e-06
1427 2.0766e-06
1428 1.94944e-06
1429 1.82966e-06
1430 1.71686e-06
1431 1.61067e-06
1432 1.51072e-06
1433 1.41666e-06
1434 1.32816e-06
1435 1.24492e-06
1436 1.16664e-06
1437 1.09305e-06
1438 1.02388e-06
1439 9.58868e-07
1440 8.97792e-07
1441 8.40423e-07
1442 7.86547e-07
1443 7.35964e-07
1444 6.88484e-07
1445 6.43926e-07
1446 6.0212e-07
1447 5.62905e-07
1448 5.26129e-07
1449 4.91648e-07
1450 4.59326e-07
1451 4.29035e-07
1452 4.00654e-07
1453 3.74068e-07
1454 3.4917e-07
1455 3.25858e-07
1456 3.04035e-07
1457 2.83612e-07
1458 2.64502e-07
1459 2.46626e-07
1460 2.29908e-07
1461 2.14276e-07
1462 1.99663e-07
1463 1.86006e-07
1464 1.73245e-07
1465 1.61323e-07
1466 1.5019e-07
1467 1.39793e-07
1468 1.30088e-07
1469 1.2103e-07
1470 1.12578e-07
1471 1.04693e-07
1472 9.73393e-08
1473 9.04819e-08
1474 8.40891e-08
1475 7.81308e-08
1476 7.25786e-08
1477 6.74062e-08
1478 6.25886e-08
1479 5.81025e-08
1480 5.39261e-08
1481 5.00388e-08
1482 4.64216e-08
1483 4.30563e-08
1484 3.99262e-08
1485 3.70155e-08
1486 3.43094e-08
1487 3.17941e-08
1488 2.94568e-08
1489 2.72853e-08
1490 2.52682e-08
1491 2.33952e-08
1492 2.16561e-08
1493 2.0042e-08
1494 1.85441e-08
1495 1.71543e-08
1496 1.58652e-08
1497 1.46697e-08
1498 1.35614e-08
1499 1.2534e-08
1500 1.15819e-08
1501 1.06997e-08
1502 9.8826e-09
1503 9.12586e-09
1504 8.42521e-09
1505 7.77665e-09
1506 7.17643e-09
1507 6.62107e-09
1508 6.10735e-09
1509 5.63225e-09
1510 5.19296e-09
1511 4.78688e-09
1512 4.41159e-09
1513 4.06482e-09
1514 3.74448e-09
1515 3.44864e-09
1516 3.17546e-09
1517 2.92328e-09
1518 2.69054e-09
1519 2.47578e-09
1520 2.27766e-09
1521 2.09494e-09
1522 1.92644e-09
1523 1.77112e-09
1524 1.62795e-09
1525 1.49603e-09
1526 1.3745e-09
1527 1.26256e-09
1528 1.15948e-09
1529 1.06458e-09
1530 9.77237e-10
1531 8.9686e-10
1532 8.22913e-10
1533 7.54896e-10
1534 6.92348e-10
1535 6.34843e-10
1536 5.81985e-10
1537 5.33411e-10
1538 4.88783e-10
1539 4.4779e-10
1540 4.10145e-10
1541 3.75581e-10
1542 3.43854e-10
1543 3.14738e-10
1544 2.88024e-10
1545 2.63519e-10
1546 2.41045e-10
1547 2.20439e-10
1548 2.01551e-10
1549 1.8424e-10
1550 1.68378e-10
1551 1.53848e-10
1552 1.40541e-10
1553 1.28357e-10
1554 1.17202e-10
1555 1.06994e-10
1556 9.76531e-11
1557 8.91079e-11
1558 8.12925e-11
1559 7.41462e-11
1560 6.76131e-11
1561 6.1642e-11
1562 5.61858e-11
1563 5.12012e-11
1564 4.66485e-11
1565 4.24913e-11
1566 3.86959e-11
1567 3.52318e-11
1568 3.20706e-11
1569 2.91867e-11
1570 2.65562e-11
1571 2.41574e-11
1572 2.19705e-11
1573 1.99771e-11
1574 1.81605e-11
1575 1.65055e-11
1576 1.4998e-11
1577 1.36252e-11
1578 1.23753e-11
1579 1.12375e-11
1580 1.02021e-11
1581 9.2601e-12
1582 8.40319e-12
1583 7.62388e-12
1584 6.91532e-12
1585 6.27123e-12
1586 5.68587e-12
1587 5.15401e-12
1588 4.67086e-12
1589 4.23207e-12
1590 3.83366e-12
1591 3.47198e-12
1592 3.14373e-12
1593 2.84589e-12
1594 2.57569e-12
1595 2.33063e-12
1596 2.10842e-12
1597 1.90698e-12
1598 1.7244e-12
1599 1.55896e-12
1600 1.40907e-12
1601 1.27332e-12
1602 1.15039e-12
1603 1.0391e-12
1604 9.38366e-13
1605 8.47212e-13
1606 7.64743e-13
1607 6.90148e-13
1608 6.22692e-13
1609 5.61705e-13
1610 5.06579e-13
1611 4.56762e-13
1612 4.11752e-13
1613 3.71096e-13
1614 3.3438e-13
1615 3.0123e-13
1616 2.71306e-13
1617 2.44301e-13
1618 2.19935e-13
1619 1.97955e-13
1620 1.78132e-13
1621 1.60259e-13
1622 1.44147e-13
1623 1.29627e-13
1624 1.16543e-13
1625 1.04756e-13
1626 9.41409e-14
1627 8.45825e-14
1628 7.59777e-14
1629 6.82332e-14
1630 6.12645e-14
1631 5.49953e-14
1632 4.93566e-14
1633 4.42863e-14
1634 3.9728e-14
1635 3.5631e-14
1636 3.19494e-14
1637 2.86419e-14
1638 2.56711e-14
1639 2.30033e-14
1640 2.06081e-14
1641 1.84583e-14
1642 1.65291e-14
1643 1.47982e-14
1644 1.32456e-14
1645 1.18533e-14
1646 1.0605e-14
1647 9.48609e-15
1648 8.48333e-15
1649 7.58488e-15
1650 6.78008e-15
1651 6.05933e-15
1652 5.414e-15
1653 4.83632e-15
1654 4.31933e-15
1655 3.85675e-15
1656 3.44294e-15
1657 3.07285e-15
1658 2.74194e-15
1659 2.44612e-15
1660 2.18173e-15
1661 1.94548e-15
1662 1.73444e-15
1663 1.54594e-15
1664 1.37762e-15
1665 1.22736e-15
1666 1.09325e-15
1667 9.7357e-16
1668 8.66802e-16
1669 7.71572e-16
1670 6.86652e-16
1671 6.10943e-16
1672 5.4346e-16
1673 4.83325e-16
1674 4.29748e-16
1675 3.82025e-16
1676 3.39527e-16
1677 3.01689e-16
1678 2.68008e-16
1679 2.38035e-16
1680 2.11367e-16
1681 1.87645e-16
1682 1.66548e-16
1683 1.47791e-16
1684 1.31117e-16
1685 1.16298e-16
1686 1.03131e-16
1687 9.14344e-17
1688 8.10464e-17
1689 7.18226e-17
1690 6.36345e-17
1691 5.63673e-17
1692 4.99189e-17
1693 4.41984e-17
1694 3.91247e-17
1695 3.46258e-17
1696 3.06374e-17
1697 2.71023e-17
1698 2.39698e-17
1699 2.11947e-17
1700 1.87367e-17
1701 1.656e-17
1702 1.4633e-17
1703 1.29273e-17
1704 1.1418e-17
1705 1.00826e-17
1706 8.90137e-18
1707 7.85681e-18
1708 6.93328e-18
1709 6.11695e-18
1710 5.39554e-18
1711 4.75814e-18
1712 4.19512e-18
1713 3.69789e-18
1714 3.25887e-18
1715 2.87134e-18
1716 2.52933e-18
1717 2.22755e-18
1718 1.96135e-18
1719 1.72658e-18
1720 1.51957e-18
1721 1.33708e-18
1722 1.17625e-18
1723 1.03453e-18
1724 9.09687e-19
1725 7.9973e-19
1726 7.02908e-19
1727 6.1767e-19
1728 5.42648e-19
1729 4.76633e-19
1730 4.18555e-19
1731 3.67472e-19
1732 3.22552e-19
1733 2.83061e-19
1734 2.48349e-19
1735 2.17845e-19
1736 1.91045e-19
1737 1.67506e-19
1738 1.46834e-19
1739 1.28684e-19
1740 1.12753e-19
1741 9.87719e-20
1742 8.65053e-20
1743 7.57452e-20
1744 6.63088e-20
1745 5.80351e-20
1746 5.07824e-20
1747 4.44262e-20
1748 3.88569e-20
1749 3.39782e-20
1750 2.97054e-20
1751 2.59642e-20
1752 2.26891e-20
1753 1.98227e-20
1754 1.73145e-20
1755 1.51204e-20
1756 1.32013e-20
1757 1.15232e-20
1758 1.00562e-20
1759 8.77405e-21
1760 7.65363e-21
1761 6.6748e-21
1762 5.81986e-21
1763 5.07329e-21
1764 4.4215e-21
1765 3.85259e-21
1766 3.35613e-21
1767 2.923e-21
1768 2.5452e-21
1769 2.21573e-21
1770 1.92849e-21
1771 1.67811e-21
1772 1.45991e-21
1773 1.26979e-21
1774 1.10419e-21
1775 9.59976e-22
1776 8.34408e-22
1777 7.25103e-22
1778 6.29976e-22
1779 5.47207e-22
1780 4.75207e-22
1781 4.12588e-22
1782 3.58141e-22
1783 3.1081e-22
1784 2.69674e-22
1785 2.3393e-22
1786 2.02878e-22
1787 1.75909e-22
1788 1.52491e-22
1789 1.32161e-22
1790 1.14516e-22
1791 9.92049e-23
1792 8.59215e-23
1793 7.44002e-23
1794 6.44094e-23
1795 5.57478e-23
1796 4.82402e-23
1797 4.17344e-23
1798 3.60979e-23
1799 3.12157e-23
1800 2.69877e-23
1801 2.33272e-23
1802 2.01587e-23
1803 1.74167e-23
1804 1.50443e-23
1805 1.29922e-23
1806 1.12174e-23
1807 9.68297e-24
1808 8.35655e-24
1809 7.21021e-24
1810 6.21973e-24
1811 5.36412e-24
1812 4.62518e-24
1813 3.98714e-24
1814 3.43635e-24
1815 2.96098e-24
1816 2.5508e-24
1817 2.19696e-24
1818 1.89177e-24
1819 1.62862e-24
1820 1.40175e-24
1821 1.20622e-24
1822 1.03773e-24
1823 8.92581e-25
1824 7.67559e-25
1825 6.59902e-25
1826 5.67217e-25
1827 4.87441e-25
1828 4.18791e-25
1829 3.5973e-25
1830 3.08928e-25
1831 2.65242e-25
1832 2.27682e-25
1833 1.95397e-25
1834 1.67653e-25
1835 1.43816e-25
1836 1.2334e-25
1837 1.05756e-25
1838 9.06589e-26
1839 7.76994e-26
1840 6.65775e-26
1841 5.70348e-26
1842 4.88489e-26
1843 4.18286e-26
1844 3.58092e-26
1845 3.06491e-26
1846 2.62268e-26
1847 2.24375e-26
1848 1.91914e-26
1849 1.64113e-26
1850 1.40307e-26
1851 1.19928e-26
1852 1.02486e-26
1853 8.75609e-27
1854 7.47927e-27
1855 6.38721e-27
1856 5.45338e-27
1857 4.65503e-27
1858 3.97267e-27
1859 3.38958e-27
1860 2.89142e-27
1861 2.46592e-27
1862 2.10257e-27
1863 1.79235e-27
1864 1.52757e-27
1865 1.3016e-27
1866 1.10882e-27
1867 9.44373e-28
1868 8.04138e-28
1869 6.84572e-28
1870 5.82654e-28
1871 4.95799e-28
1872 4.21795e-28
1873 3.58758e-28
1874 3.05072e-28
1875 2.59363e-28
1876 2.20452e-28
1877 1.87337e-28
1878 1.5916e-28
1879 1.35191e-28
1880 1.14806e-28
1881 9.7473e-29
1882 8.27381e-29
1883 7.0215e-29
1884 5.95738e-29
1885 5.05341e-29
1886 4.28564e-29
1887 3.6337e-29
1888 3.08024e-29
1889 2.6105e-29
1890 2.21189e-29
1891 1.87373e-29
1892 1.58691e-29
1893 1.34369e-29
1894 1.1375e-29
1895 9.62726e-30
1896 8.14625e-30
1897 6.89152e-30
1898 5.82874e-30
1899 4.92875e-30
1900 4.16678e-30
1901 3.52183e-30
1902 2.97603e-30
1903 2.51425e-30
1904 2.12365e-30
1905 1.79332e-30
1906 1.51404e-30
1907 1.27796e-30
1908 1.07845e-30
1909 9.09886e-31
1910 7.67493e-31
1911 6.47239e-31
1912 5.45704e-31
1913 4.59994e-31
1914 3.87659e-31
1915 3.26624e-31
1916 2.75138e-31
1917 2.31715e-31
1918 1.95101e-31
1919 1.64236e-31
1920 1.38223e-31
1921 1.16303e-31
1922 9.78376e-32
1923 8.22854e-32
1924 6.91898e-32
1925 5.81652e-32
1926 4.88862e-32
1927 4.10782e-32
1928 3.45094e-32
1929 2.89846e-32
1930 2.43388e-32
1931 2.0433e-32
1932 1.71501e-32
1933 1.43915e-32
1934 1.20738e-32
1935 1.01271e-32
1936 8.49234e-33
1937 7.11988e-33
1938 5.96787e-33
1939 5.00113e-33
1940 4.19004e-33
1941 3.5097e-33
1942 2.93917e-33
1943 2.46083e-33
1944 2.05987e-33
1945 1.72385e-33
1946 1.44232e-33
1947 1.20649e-33
1948 1.00899e-33
1949 8.43637e-34
1950 7.05219e-34
1951 5.89379e-34
1952 4.92455e-34
1953 4.11378e-34
1954 3.43571e-34
1955 2.86876e-34
1956 2.39482e-34
1957 1.99873e-34
1958 1.66777e-34
1959 1.3913e-34
1960 1.1604e-34
1961 9.67598e-35
1962 8.0665e-35
1963 6.7232e-35
1964 5.60234e-35
1965 4.66729e-35
1966 3.88742e-35
1967 3.23712e-35
1968 2.695e-35
1969 2.24317e-35
1970 1.86666e-35
1971 1.55299e-35
1972 1.29174e-35
1973 1.0742e-35
1974 8.93087e-36
1975 7.4234e-36
1976 6.16902e-36
1977 5.12546e-36
1978 4.25745e-36
1979 3.53561e-36
1980 2.9355e-36
1981 2.43672e-36
1982 2.02221e-36
1983 1.67783e-36
1984 1.39178e-36
1985 1.15425e-36
1986 9.57041e-37
1987 7.93336e-37
1988 6.57483e-37
1989 5.44774e-37
1990 4.51287e-37
1991 3.73755e-37
1992 3.0947e-37
1993 2.56187e-37
1994 2.1203e-37
1995 1.75444e-37
1996 1.45135e-37
1997 1.20037e-37
1998 9.92576e-38
1999 8.20557e-38
2000 6.78191e-38
2001 5.60403e-38
2002 4.62973e-38
2003 3.82392e-38
2004 3.15762e-38
2005 2.60685e-38
2006 2.15169e-38
2007 1.7756e-38
2008 1.46489e-38
2009 1.20831e-38
2010 9.96455e-39
2011 8.21565e-39
2012 6.77226e-39
2013 5.58121e-39
2014 4.59873e-39
2015 3.78846e-39
2016 3.12031e-39
2017 2.56951e-39
2018 2.11556e-39
2019 1.74154e-39
2020 1.43341e-39
2021 1.17961e-39
2022 9.70649e-40
2023 7.98628e-40
2024 6.57044e-40
2025 5.40541e-40
2026 4.44704e-40
2027 3.65883e-40
2028 3.01069e-40
2029 2.47787e-40
2030 2.03995e-40
2031 1.68015e-40
2032 1.38457e-40
2033 1.14182e-40
2034 9.42517e-41
2035 7.78923e-41
2036 6.44687e-41
2037 5.34576e-41
2038 4.44289e-41
2039 3.70292e-41
2040 3.09687e-41
2041 2.60087e-41
2042 2.19541e-41
2043 1.86443e-41
2044 1.59485e-41
2045 1.37602e-41
2046 1.1992e-41
2047 1.05734e-41
