0 1.44806e-23
1 1.33019e-23
2 1.22785e-23
3 1.1394e-23
4 1.06333e-23
5 9.9841e-24
6 9.43601e-24
7 8.97934e-24
8 8.60687e-24
9 8.31205e-24
10 8.09e-24
11 7.93694e-24
12 7.85003e-24
13 7.82771e-24
14 7.86933e-24
15 7.97521e-24
16 8.14658e-24
17 8.3861e-24
18 8.69712e-24
19 9.08401e-24
20 9.55251e-24
21 1.01095e-23
22 1.07631e-23
23 1.15227e-23
24 1.23996e-23
25 1.34066e-23
26 1.45581e-23
27 1.58709e-23
28 1.73638e-23
29 1.90584e-23
30 2.09786e-23
31 2.31522e-23
32 2.561e-23
33 2.83862e-23
34 3.15202e-23
35 3.50562e-23
36 3.90432e-23
37 4.35364e-23
38 4.85988e-23
39 5.42995e-23
40 6.07167e-23
41 6.79395e-23
42 7.60648e-23
43 8.5204e-23
44 9.54803e-23
45 1.07032e-22
46 1.20015e-22
47 1.34601e-22
48 1.50987e-22
49 1.69389e-22
50 1.9005e-22
51 2.13245e-22
52 2.39275e-22
53 2.68483e-22
54 3.01249e-22
55 3.37998e-22
56 3.79206e-22
57 4.25405e-22
58 4.77189e-22
59 5.35219e-22
60 6.00235e-22
61 6.73066e-22
62 7.54635e-22
63 8.45967e-22
64 9.48212e-22
65 1.06265e-21
66 1.19071e-21
67 1.33399e-21
68 1.49427e-21
69 1.6735e-21
70 1.87392e-21
71 2.09797e-21
72 2.34838e-21
73 2.6282e-21
74 2.94084e-21
75 3.29006e-21
76 3.68006e-21
77 4.11553e-21
78 4.60166e-21
79 5.14424e-21
80 5.7497e-21
81 6.4252e-21
82 7.17868e-21
83 8.01899e-21
84 8.95594e-21
85 1.00004e-20
86 1.11646e-20
87 1.24618e-20
88 1.39071e-20
89 1.5517e-20
90 1.73099e-20
91 1.93062e-20
92 2.15286e-20
93 2.4002e-20
94 2.67545e-20
95 2.98168e-20
96 3.3223e-20
97 3.70113e-20
98 4.12234e-20
99 4.5906e-20
100 5.11105e-20
101 5.6894e-20
102 6.33196e-20
103 7.04573e-20
104 7.83842e-20
105 8.71861e-20
106 9.69576e-20
107 1.07803e-19
108 1.19839e-19
109 1.33192e-19
110 1.48005e-19
111 1.64434e-19
112 1.8265e-19
113 2.02846e-19
114 2.25231e-19
115 2.50038e-19
116 2.77523e-19
117 3.07971e-19
118 3.41693e-19
119 3.79034e-19
120 4.20375e-19
121 4.66135e-19
122 5.16776e-19
123 5.72809e-19
124 6.34794e-19
125 7.03351e-19
126 7.79161e-19
127 8.62976e-19
128 9.55622e-19
129 1.05801e-18
130 1.17114e-18
131 1.29612e-18
132 1.43416e-18
133 1.58659e-18
134 1.75488e-18
135 1.94064e-18
136 2.14566e-18
137 2.37188e-18
138 2.62143e-18
139 2.89669e-18
140 3.20022e-18
141 3.53488e-18
142 3.90378e-18
143 4.31034e-18
144 4.75833e-18
145 5.25186e-18
146 5.79546e-18
147 6.39408e-18
148 7.05318e-18
149 7.77873e-18
150 8.57725e-18
151 9.45593e-18
152 1.04226e-17
153 1.14859e-17
154 1.26553e-17
155 1.3941e-17
156 1.53544e-17
157 1.69079e-17
158 1.8615e-17
159 2.04905e-17
160 2.25507e-17
161 2.48133e-17
162 2.72978e-17
163 3.00253e-17
164 3.3019e-17
165 3.63043e-17
166 3.99089e-17
167 4.38631e-17
168 4.81999e-17
169 5.29555e-17
170 5.81692e-17
171 6.38841e-17
172 7.01472e-17
173 7.70097e-17
174 8.45276e-17
175 9.27617e-17
176 1.01779e-16
177 1.11651e-16
178 1.22457e-16
179 1.34284e-16
180 1.47225e-16
181 1.61383e-16
182 1.76868e-16
183 1.93803e-16
184 2.12318e-16
185 2.32557e-16
186 2.54678e-16
187 2.78849e-16
188 3.05256e-16
189 3.341e-16
190 3.656e-16
191 3.99993e-16
192 4.37538e-16
193 4.78516e-16
194 5.23232e-16
195 5.72017e-16
196 6.25231e-16
197 6.83266e-16
198 7.46545e-16
199 8.15529e-16
200 8.90718e-16
201 9.72655e-16
202 1.06193e-15
203 1.15917e-15
204 1.26509e-15
205 1.38042e-15
206 1.50597e-15
207 1.64264e-15
208 1.79138e-15
209 1.95321e-15
210 2.12926e-15
211 2.32075e-15
212 2.52899e-15
213 2.7554e-15
214 3.00151e-15
215 3.269e-15
216 3.55966e-15
217 3.87545e-15
218 4.21847e-15
219 4.59099e-15
220 4.99549e-15
221 5.43462e-15
222 5.91125e-15
223 6.42849e-15
224 6.98969e-15
225 7.59847e-15
226 8.25875e-15
227 8.97474e-15
228 9.75099e-15
229 1.05924e-14
230 1.15043e-14
231 1.24924e-14
232 1.35628e-14
233 1.47221e-14
234 1.59776e-14
235 1.7337e-14
236 1.88084e-14
237 2.0401e-14
238 2.21242e-14
239 2.39884e-14
240 2.60049e-14
241 2.81856e-14
242 3.05434e-14
243 3.30923e-14
244 3.5847e-14
245 3.88238e-14
246 4.20399e-14
247 4.55138e-14
248 4.92655e-14
249 5.33164e-14
250 5.76895e-14
251 6.24096e-14
252 6.75033e-14
253 7.29989e-14
254 7.89272e-14
255 8.53209e-14
256 9.22154e-14
257 9.96484e-14
258 1.0766e-13
259 1.16295e-13
260 1.25599e-13
261 1.35622e-13
262 1.46418e-13
263 1.58045e-13
264 1.70563e-13
265 1.84039e-13
266 1.98544e-13
267 2.14152e-13
268 2.30946e-13
269 2.49011e-13
270 2.68441e-13
271 2.89334e-13
272 3.11797e-13
273 3.35944e-13
274 3.61895e-13
275 3.89781e-13
276 4.1974e-13
277 4.5192e-13
278 4.8648e-13
279 5.23589e-13
280 5.63427e-13
281 6.06187e-13
282 6.52074e-13
283 7.0131e-13
284 7.54126e-13
285 8.10774e-13
286 8.71519e-13
287 9.36645e-13
288 1.00646e-12
289 1.08127e-12
290 1.16144e-12
291 1.24732e-12
292 1.33931e-12
293 1.43782e-12
294 1.54329e-12
295 1.65619e-12
296 1.77702e-12
297 1.90631e-12
298 2.04464e-12
299 2.19259e-12
300 2.35082e-12
301 2.51999e-12
302 2.70084e-12
303 2.89413e-12
304 3.10067e-12
305 3.32134e-12
306 3.55704e-12
307 3.80877e-12
308 4.07756e-12
309 4.3645e-12
310 4.67077e-12
311 4.99761e-12
312 5.34634e-12
313 5.71835e-12
314 6.11512e-12
315 6.53823e-12
316 6.98934e-12
317 7.47021e-12
318 7.98273e-12
319 8.52887e-12
320 9.11074e-12
321 9.73057e-12
322 1.03907e-11
323 1.10937e-11
324 1.18421e-11
325 1.26388e-11
326 1.34867e-11
327 1.4389e-11
328 1.5349e-11
329 1.63702e-11
330 1.74563e-11
331 1.86112e-11
332 1.98391e-11
333 2.11444e-11
334 2.25317e-11
335 2.40059e-11
336 2.55722e-11
337 2.7236e-11
338 2.9003e-11
339 3.08794e-11
340 3.28715e-11
341 3.49861e-11
342 3.72302e-11
343 3.96115e-11
344 4.21377e-11
345 4.48173e-11
346 4.76589e-11
347 5.06717e-11
348 5.38655e-11
349 5.72505e-11
350 6.08374e-11
351 6.46375e-11
352 6.86626e-11
353 7.29252e-11
354 7.74385e-11
355 8.22162e-11
356 8.72728e-11
357 9.26234e-11
358 9.8284e-11
359 1.04271e-10
360 1.10603e-10
361 1.17298e-10
362 1.24374e-10
363 1.31854e-10
364 1.39757e-10
365 1.48106e-10
366 1.56925e-10
367 1.66238e-10
368 1.76071e-10
369 1.86452e-10
370 1.97408e-10
371 2.08969e-10
372 2.21168e-10
373 2.34035e-10
374 2.47606e-10
375 2.61916e-10
376 2.77004e-10
377 2.92909e-10
378 3.09672e-10
379 3.27336e-10
380 3.45947e-10
381 3.65553e-10
382 3.86203e-10
383 4.0795e-10
384 4.30848e-10
385 4.54955e-10
386 4.8033e-10
387 5.07036e-10
388 5.35138e-10
389 5.64705e-10
390 5.95808e-10
391 6.28523e-10
392 6.62927e-10
393 6.99102e-10
394 7.37133e-10
395 7.77109e-10
396 8.19123e-10
397 8.63272e-10
398 9.09656e-10
399 9.5838e-10
400 1.00955e-09
401 1.06329e-09
402 1.11971e-09
403 1.17894e-09
404 1.2411e-09
405 1.30632e-09
406 1.37475e-09
407 1.44653e-09
408 1.5218e-09
409 1.60073e-09
410 1.68347e-09
411 1.77019e-09
412 1.86106e-09
413 1.95625e-09
414 2.05596e-09
415 2.16038e-09
416 2.2697e-09
417 2.38412e-09
418 2.50386e-09
419 2.62915e-09
420 2.76019e-09
421 2.89724e-09
422 3.04052e-09
423 3.19029e-09
424 3.34682e-09
425 3.51036e-09
426 3.6812e-09
427 3.85961e-09
428 4.0459e-09
429 4.24037e-09
430 4.44333e-09
431 4.65512e-09
432 4.87608e-09
433 5.10654e-09
434 5.34688e-09
435 5.59747e-09
436 5.8587e-09
437 6.13097e-09
438 6.41471e-09
439 6.71033e-09
440 7.0183e-09
441 7.33907e-09
442 7.67313e-09
443 8.02097e-09
444 8.38313e-09
445 8.76012e-09
446 9.15252e-09
447 9.5609e-09
448 9.98586e-09
449 1.0428e-08
450 1.0888e-08
451 1.13665e-08
452 1.18643e-08
453 1.23819e-08
454 1.29202e-08
455 1.348e-08
456 1.4062e-08
457 1.4667e-08
458 1.52959e-08
459 1.59496e-08
460 1.6629e-08
461 1.73349e-08
462 1.80685e-08
463 1.88305e-08
464 1.96221e-08
465 2.04444e-08
466 2.12982e-08
467 2.21849e-08
468 2.31053e-08
469 2.40608e-08
470 2.50525e-08
471 2.60815e-08
472 2.71491e-08
473 2.82565e-08
474 2.9405e-08
475 3.05958e-08
476 3.18301e-08
477 3.31094e-08
478 3.44349e-08
479 3.5808e-08
480 3.72299e-08
481 3.87021e-08
482 4.02258e-08
483 4.18026e-08
484 4.34336e-08
485 4.51204e-08
486 4.68642e-08
487 4.86666e-08
488 5.05287e-08
489 5.24522e-08
490 5.44382e-08
491 5.64883e-08
492 5.86038e-08
493 6.0786e-08
494 6.30366e-08
495 6.53567e-08
496 6.77478e-08
497 7.02114e-08
498 7.2749e-08
499 7.53618e-08
500 7.80514e-08
501 8.08194e-08
502 8.36672e-08
503 8.65963e-08
504 8.96084e-08
505 9.27051e-08
506 9.58881e-08
507 9.9159e-08
508 1.0252e-07
509 1.05972e-07
510 1.09518e-07
511 1.1316e-07
512 1.16899e-07
513 1.20739e-07
514 1.2468e-07
515 1.28727e-07
516 1.3288e-07
517 1.37144e-07
518 1.4152e-07
519 1.46012e-07
520 1.50623e-07
521 1.55356e-07
522 1.60214e-07
523 1.65202e-07
524 1.70322e-07
525 1.75579e-07
526 1.80977e-07
527 1.8652e-07
528 1.92212e-07
529 1.98058e-07
530 2.04063e-07
531 2.10231e-07
532 2.16568e-07
533 2.23078e-07
534 2.29767e-07
535 2.3664e-07
536 2.43703e-07
537 2.50961e-07
538 2.58419e-07
539 2.66083e-07
540 2.73959e-07
541 2.82052e-07
542 2.90368e-07
543 2.98911e-07
544 3.07688e-07
545 3.16703e-07
546 3.25962e-07
547 3.35468e-07
548 3.45228e-07
549 3.55243e-07
550 3.6552e-07
551 3.76061e-07
552 3.8687e-07
553 3.97948e-07
554 4.09299e-07
555 4.20925e-07
556 4.32827e-07
557 4.45004e-07
558 4.57459e-07
559 4.7019e-07
560 4.83196e-07
561 4.96475e-07
562 5.10026e-07
563 5.23845e-07
564 5.37929e-07
565 5.52273e-07
566 5.66872e-07
567 5.81721e-07
568 5.96813e-07
569 6.12141e-07
570 6.27697e-07
571 6.43474e-07
572 6.59463e-07
573 6.75653e-07
574 6.92037e-07
575 7.08603e-07
576 7.2534e-07
577 7.42239e-07
578 7.59289e-07
579 7.76477e-07
580 7.93793e-07
581 8.11227e-07
582 8.28766e-07
583 8.464e-07
584 8.6412e-07
585 8.81914e-07
586 8.99774e-07
587 9.17691e-07
588 9.35657e-07
589 9.53665e-07
590 9.71709e-07
591 9.89784e-07
592 1.00789e-06
593 1.02602e-06
594 1.04417e-06
595 1.06235e-06
596 1.08056e-06
597 1.09879e-06
598 1.11707e-06
599 1.1354e-06
600 1.15378e-06
601 1.17223e-06
602 1.19076e-06
603 1.20939e-06
604 1.22813e-06
605 1.24702e-06
606 1.26607e-06
607 1.2853e-06
608 1.30474e-06
609 1.32443e-06
610 1.34438e-06
611 1.36465e-06
612 1.38525e-06
613 1.40623e-06
614 1.42762e-06
615 1.44947e-06
616 1.47181e-06
617 1.49469e-06
618 1.51814e-06
619 1.54221e-06
620 1.56694e-06
621 1.59238e-06
622 1.61857e-06
623 1.64555e-06
624 1.67336e-06
625 1.70204e-06
626 1.73164e-06
627 1.76218e-06
628 1.7937e-06
629 1.82624e-06
630 1.85982e-06
631 1.89448e-06
632 1.93023e-06
633 1.96709e-06
634 2.00508e-06
635 2.04421e-06
636 2.08448e-06
637 2.12589e-06
638 2.16845e-06
639 2.21213e-06
640 2.25693e-06
641 2.30281e-06
642 2.34975e-06
643 2.39772e-06
644 2.44666e-06
645 2.49654e-06
646 2.54729e-06
647 2.59885e-06
648 2.65114e-06
649 2.7041e-06
650 2.75763e-06
651 2.81164e-06
652 2.86604e-06
653 2.92071e-06
654 2.97555e-06
655 3.03043e-06
656 3.08523e-06
657 3.13981e-06
658 3.19405e-06
659 3.2478e-06
660 3.30092e-06
661 3.35325e-06
662 3.40464e-06
663 3.45495e-06
664 3.50399e-06
665 3.55163e-06
666 3.5977e-06
667 3.64203e-06
668 3.68446e-06
669 3.72484e-06
670 3.76301e-06
671 3.79881e-06
672 3.8321e-06
673 3.86272e-06
674 3.89054e-06
675 3.91541e-06
676 3.93722e-06
677 3.95584e-06
678 3.97115e-06
679 3.98307e-06
680 3.99149e-06
681 3.99633e-06
682 3.99753e-06
683 3.99503e-06
684 3.98879e-06
685 3.97877e-06
686 3.96497e-06
687 3.94739e-06
688 3.92604e-06
689 3.90095e-06
690 3.87218e-06
691 3.83979e-06
692 3.80387e-06
693 3.76452e-06
694 3.72186e-06
695 3.67603e-06
696 3.62718e-06
697 3.57549e-06
698 3.52115e-06
699 3.46437e-06
700 3.40538e-06
701 3.34442e-06
702 3.28176e-06
703 3.21766e-06
704 3.15243e-06
705 3.08638e-06
706 3.01982e-06
707 2.95309e-06
708 2.88654e-06
709 2.82054e-06
710 2.75545e-06
711 2.69165e-06
712 2.62954e-06
713 2.56951e-06
714 2.51196e-06
715 2.45731e-06
716 2.40597e-06
717 2.35834e-06
718 2.31484e-06
719 2.2759e-06
720 2.24191e-06
721 2.21329e-06
722 2.19043e-06
723 2.17375e-06
724 2.16362e-06
725 2.16042e-06
726 2.16452e-06
727 2.17627e-06
728 2.19602e-06
729 2.22408e-06
730 2.26077e-06
731 2.30637e-06
732 2.36116e-06
733 2.42538e-06
734 2.49926e-06
735 2.583e-06
736 2.67678e-06
737 2.78075e-06
738 2.89505e-06
739 3.01976e-06
740 3.15495e-06
741 3.30069e-06
742 3.45696e-06
743 3.62377e-06
744 3.80105e-06
745 3.98875e-06
746 4.18674e-06
747 4.39489e-06
748 4.61302e-06
749 4.84095e-06
750 5.07844e-06
751 5.32524e-06
752 5.58104e-06
753 5.84554e-06
754 6.11839e-06
755 6.39921e-06
756 6.68761e-06
757 6.98316e-06
758 7.28542e-06
759 7.5939e-06
760 7.90813e-06
761 8.22757e-06
762 8.5517e-06
763 8.87998e-06
764 9.21183e-06
765 9.54668e-06
766 9.88393e-06
767 1.0223e-05
768 1.05632e-05
769 1.09041e-05
770 1.12449e-05
771 1.1585e-05
772 1.19238e-05
773 1.22608e-05
774 1.25952e-05
775 1.29266e-05
776 1.32542e-05
777 1.35774e-05
778 1.38959e-05
779 1.42088e-05
780 1.45158e-05
781 1.48163e-05
782 1.51098e-05
783 1.53958e-05
784 1.56739e-05
785 1.59437e-05
786 1.62047e-05
787 1.64567e-05
788 1.66992e-05
789 1.6932e-05
790 1.71549e-05
791 1.73677e-05
792 1.75701e-05
793 1.77621e-05
794 1.79435e-05
795 1.81143e-05
796 1.82746e-05
797 1.84244e-05
798 1.85638e-05
799 1.8693e-05
800 1.8812e-05
801 1.89213e-05
802 1.90211e-05
803 1.91118e-05
804 1.91938e-05
805 1.92675e-05
806 1.93335e-05
807 1.93923e-05
808 1.94445e-05
809 1.94909e-05
810 1.95322e-05
811 1.9569e-05
812 1.96024e-05
813 1.9633e-05
814 1.9662e-05
815 1.96902e-05
816 1.97187e-05
817 1.97486e-05
818 1.9781e-05
819 1.98171e-05
820 1.98581e-05
821 1.99052e-05
822 1.99598e-05
823 2.00232e-05
824 2.00969e-05
825 2.01821e-05
826 2.02805e-05
827 2.03934e-05
828 2.05225e-05
829 2.06692e-05
830 2.08353e-05
831 2.10223e-05
832 2.12319e-05
833 2.14657e-05
834 2.17255e-05
835 2.2013e-05
836 2.233e-05
837 2.26782e-05
838 2.30594e-05
839 2.34754e-05
840 2.39282e-05
841 2.44194e-05
842 2.49509e-05
843 2.55247e-05
844 2.61426e-05
845 2.68064e-05
846 2.75181e-05
847 2.82795e-05
848 2.90926e-05
849 2.99592e-05
850 3.08813e-05
851 3.18607e-05
852 3.28994e-05
853 3.39993e-05
854 3.51623e-05
855 3.63903e-05
856 3.76851e-05
857 3.90487e-05
858 4.04831e-05
859 4.19899e-05
860 4.35713e-05
861 4.5229e-05
862 4.69649e-05
863 4.87809e-05
864 5.06789e-05
865 5.26607e-05
866 5.47281e-05
867 5.68831e-05
868 5.91275e-05
869 6.14631e-05
870 6.38918e-05
871 6.64154e-05
872 6.90357e-05
873 7.17546e-05
874 7.45739e-05
875 7.74955e-05
876 8.05211e-05
877 8.36526e-05
878 8.68918e-05
879 9.02406e-05
880 9.37008e-05
881 9.72743e-05
882 0.000100963
883 0.000104768
884 0.000108693
885 0.000112738
886 0.000116905
887 0.000121198
888 0.000125616
889 0.000130163
890 0.00013484
891 0.000139649
892 0.000144593
893 0.000149673
894 0.000154891
895 0.000160249
896 0.000165749
897 0.000171394
898 0.000177186
899 0.000183126
900 0.000189217
901 0.000195461
902 0.000201861
903 0.000208418
904 0.000215135
905 0.000222014
906 0.000229058
907 0.000236269
908 0.00024365
909 0.000251203
910 0.00025893
911 0.000266834
912 0.000274919
913 0.000283185
914 0.000291638
915 0.000300278
916 0.000309109
917 0.000318133
918 0.000327355
919 0.000336776
920 0.0003464
921 0.000356229
922 0.000366268
923 0.000376519
924 0.000386985
925 0.000397669
926 0.000408576
927 0.000419708
928 0.000431069
929 0.000442663
930 0.000454493
931 0.000466562
932 0.000478874
933 0.000491434
934 0.000504244
935 0.00051731
936 0.000530633
937 0.00054422
938 0.000558073
939 0.000572197
940 0.000586596
941 0.000601273
942 0.000616234
943 0.000631483
944 0.000647023
945 0.00066286
946 0.000678998
947 0.00069544
948 0.000712193
949 0.000729259
950 0.000746645
951 0.000764354
952 0.000782391
953 0.000800762
954 0.00081947
955 0.000838521
956 0.000857919
957 0.00087767
958 0.000897778
959 0.000918249
960 0.000939086
961 0.000960296
962 0.000981883
963 0.00100385
964 0.00102621
965 0.00104896
966 0.00107211
967 0.00109566
968 0.00111962
969 0.00114399
970 0.00116878
971 0.00119399
972 0.00121963
973 0.00124571
974 0.00127223
975 0.00129919
976 0.0013266
977 0.00135446
978 0.00138279
979 0.00141157
980 0.00144083
981 0.00147057
982 0.00150079
983 0.00153149
984 0.00156268
985 0.00159437
986 0.00162655
987 0.00165925
988 0.00169245
989 0.00172617
990 0.00176041
991 0.00179518
992 0.00183047
993 0.0018663
994 0.00190267
995 0.00193959
996 0.00197705
997 0.00201506
998 0.00205363
999 0.00209277
1000 0.00213247
1001 0.00217273
1002 0.00221358
1003 0.002255
1004 0.002297
1005 0.00233959
1006 0.00238277
1007 0.00242654
1008 0.00247091
1009 0.00251588
1010 0.00256145
1011 0.00260763
1012 0.00265441
1013 0.00270181
1014 0.00274983
1015 0.00279846
1016 0.00284772
1017 0.0028976
1018 0.0029481
1019 0.00299924
1020 0.003051
1021 0.00310339
1022 0.00315642
1023 0.00321009
1024 0.00326439
1025 0.00331933
1026 0.0033749
1027 0.00343112
1028 0.00348798
1029 0.00354548
1030 0.00360363
1031 0.00366241
1032 0.00372184
1033 0.00378191
1034 0.00384263
1035 0.00390398
1036 0.00396598
1037 0.00402862
1038 0.0040919
1039 0.00415581
1040 0.00422036
1041 0.00428555
1042 0.00435137
1043 0.00441782
1044 0.00448491
1045 0.00455261
1046 0.00462095
1047 0.0046899
1048 0.00475947
1049 0.00482965
1050 0.00490045
1051 0.00497185
1052 0.00504386
1053 0.00511646
1054 0.00518966
1055 0.00526345
1056 0.00533783
1057 0.00541278
1058 0.0054883
1059 0.0055644
1060 0.00564105
1061 0.00571827
1062 0.00579603
1063 0.00587433
1064 0.00595317
1065 0.00603254
1066 0.00611243
1067 0.00619283
1068 0.00627373
1069 0.00635514
1070 0.00643703
1071 0.0065194
1072 0.00660225
1073 0.00668555
1074 0.0067693
1075 0.0068535
1076 0.00693813
1077 0.00702318
1078 0.00710865
1079 0.00719451
1080 0.00728076
1081 0.00736739
1082 0.00745439
1083 0.00754174
1084 0.00762943
1085 0.00771745
1086 0.00780579
1087 0.00789444
1088 0.00798337
1089 0.00807259
1090 0.00816207
1091 0.0082518
1092 0.00834176
1093 0.00843195
1094 0.00852235
1095 0.00861294
1096 0.00870371
1097 0.00879464
1098 0.00888572
1099 0.00897694
1100 0.00906826
1101 0.00915969
1102 0.0092512
1103 0.00934278
1104 0.00943441
1105 0.00952608
1106 0.00961776
1107 0.00970944
1108 0.0098011
1109 0.00989273
1110 0.0099843
1111 0.0100758
1112 0.0101672
1113 0.0102585
1114 0.0103497
1115 0.0104407
1116 0.0105316
1117 0.0106223
1118 0.0107128
1119 0.010803
1120 0.010893
1121 0.0109828
1122 0.0110723
1123 0.0111615
1124 0.0112503
1125 0.0113389
1126 0.011427
1127 0.0115148
1128 0.0116022
1129 0.0116892
1130 0.0117757
1131 0.0118618
1132 0.0119474
1133 0.0120325
1134 0.0121171
1135 0.0122011
1136 0.0122846
1137 0.0123675
1138 0.0124498
1139 0.0125314
1140 0.0126124
1141 0.0126928
1142 0.0127725
1143 0.0128515
1144 0.0129297
1145 0.0130072
1146 0.0130839
1147 0.0131599
1148 0.0132351
1149 0.0133094
1150 0.0133829
1151 0.0134555
1152 0.0135272
1153 0.013598
1154 0.0136679
1155 0.0137369
1156 0.0138049
1157 0.0138719
1158 0.0139379
1159 0.0140029
1160 0.0140669
1161 0.0141298
1162 0.0141917
1163 0.0142524
1164 0.014312
1165 0.0143706
1166 0.0144279
1167 0.0144841
1168 0.0145392
1169 0.014593
1170 0.0146456
1171 0.014697
1172 0.0147472
1173 0.0147961
1174 0.0148437
1175 0.0148901
1176 0.0149351
1177 0.0149789
1178 0.0150213
1179 0.0150623
1180 0.015102
1181 0.0151404
1182 0.0151773
1183 0.0152129
1184 0.015247
1185 0.0152797
1186 0.015311
1187 0.0153409
1188 0.0153693
1189 0.0153963
1190 0.0154218
1191 0.0154458
1192 0.0154683
1193 0.0154893
1194 0.0155088
1195 0.0155268
1196 0.0155433
1197 0.0155583
1198 0.0155717
1199 0.0155836
1200 0.015594
1201 0.0156028
1202 0.0156101
1203 0.0156158
1204 0.01562
1205 0.0156225
1206 0.0156236
1207 0.015623
1208 0.0156209
1209 0.0156173
1210 0.015612
1211 0.0156052
1212 0.0155968
1213 0.0155869
1214 0.0155754
1215 0.0155623
1216 0.0155477
1217 0.0155315
1218 0.0155137
1219 0.0154944
1220 0.0154736
1221 0.0154512
1222 0.0154273
1223 0.0154018
1224 0.0153748
1225 0.0153463
1226 0.0153163
1227 0.0152847
1228 0.0152517
1229 0.0152172
1230 0.0151812
1231 0.0151437
1232 0.0151048
1233 0.0150644
1234 0.0150226
1235 0.0149794
1236 0.0149347
1237 0.0148886
1238 0.0148412
1239 0.0147923
1240 0.0147421
1241 0.0146906
1242 0.0146377
1243 0.0145834
1244 0.0145279
1245 0.014471
1246 0.0144129
1247 0.0143536
1248 0.0142929
1249 0.0142311
1250 0.014168
1251 0.0141037
1252 0.0140383
1253 0.0139717
1254 0.0139039
1255 0.013835
1256 0.013765
1257 0.013694
1258 0.0136218
1259 0.0135486
1260 0.0134744
1261 0.0133992
1262 0.0133229
1263 0.0132457
1264 0.0131676
1265 0.0130885
1266 0.0130086
1267 0.0129277
1268 0.012846
1269 0.0127634
1270 0.01268
1271 0.0125958
1272 0.0125109
1273 0.0124252
1274 0.0123387
1275 0.0122515
1276 0.0121637
1277 0.0120752
1278 0.011986
1279 0.0118962
1280 0.0118059
1281 0.0117149
1282 0.0116234
1283 0.0115313
1284 0.0114388
1285 0.0113458
1286 0.0112523
1287 0.0111583
1288 0.011064
1289 0.0109692
1290 0.0108741
1291 0.0107786
1292 0.0106828
1293 0.0105867
1294 0.0104903
1295 0.0103937
1296 0.0102968
1297 0.0101997
1298 0.0101024
1299 0.0100049
1300 0.00990727
1301 0.00980951
1302 0.00971165
1303 0.0096137
1304 0.00951568
1305 0.00941761
1306 0.00931952
1307 0.00922142
1308 0.00912335
1309 0.0090253
1310 0.00892731
1311 0.0088294
1312 0.00873159
1313 0.00863388
1314 0.00853631
1315 0.0084389
1316 0.00834165
1317 0.0082446
1318 0.00814775
1319 0.00805113
1320 0.00795475
1321 0.00785864
1322 0.0077628
1323 0.00766726
1324 0.00757202
1325 0.00747712
1326 0.00738256
1327 0.00728837
1328 0.00719454
1329 0.00710111
1330 0.00700809
1331 0.00691549
1332 0.00682332
1333 0.0067316
1334 0.00664035
1335 0.00654957
1336 0.00645928
1337 0.0063695
1338 0.00628023
1339 0.00619149
1340 0.00610329
1341 0.00601565
1342 0.00592856
1343 0.00584206
1344 0.00575613
1345 0.00567081
1346 0.00558609
1347 0.00550198
1348 0.00541851
1349 0.00533566
1350 0.00525346
1351 0.00517192
1352 0.00509103
1353 0.00501081
1354 0.00493127
1355 0.00485241
1356 0.00477425
1357 0.00469678
1358 0.00462001
1359 0.00454395
1360 0.00446861
1361 0.00439399
1362 0.0043201
1363 0.00424693
1364 0.00417451
1365 0.00410282
1366 0.00403187
1367 0.00396168
1368 0.00389223
1369 0.00382354
1370 0.0037556
1371 0.00368842
1372 0.003622
1373 0.00355635
1374 0.00349146
1375 0.00342733
1376 0.00336397
1377 0.00330138
1378 0.00323956
1379 0.0031785
1380 0.00311821
1381 0.0030587
1382 0.00299994
1383 0.00294196
1384 0.00288474
1385 0.00282828
1386 0.00277259
1387 0.00271765
1388 0.00266348
1389 0.00261006
1390 0.0025574
1391 0.00250549
1392 0.00245432
1393 0.00240391
1394 0.00235423
1395 0.0023053
1396 0.0022571
1397 0.00220963
1398 0.00216289
1399 0.00211688
1400 0.00207158
1401 0.002027
1402 0.00198313
1403 0.00193996
1404 0.0018975
1405 0.00185573
1406 0.00181465
1407 0.00177426
1408 0.00173455
1409 0.00169551
1410 0.00165714
1411 0.00161943
1412 0.00158238
1413 0.00154599
1414 0.00151023
1415 0.00147512
1416 0.00144064
1417 0.00140678
1418 0.00137354
1419 0.00134092
1420 0.0013089
1421 0.00127749
1422 0.00124667
1423 0.00121643
1424 0.00118678
1425 0.0011577
1426 0.00112918
1427 0.00110123
1428 0.00107382
1429 0.00104697
1430 0.00102065
1431 0.000994862
1432 0.000969602
1433 0.000944859
1434 0.000920627
1435 0.000896899
1436 0.000873668
1437 0.000850927
1438 0.000828668
1439 0.000806886
1440 0.000785573
1441 0.000764721
1442 0.000744325
1443 0.000724377
1444 0.000704869
1445 0.000685796
1446 0.000667151
1447 0.000648926
1448 0.000631114
1449 0.00061371
1450 0.000596705
1451 0.000580094
1452 0.00056387
1453 0.000548027
1454 0.000532556
1455 0.000517453
1456 0.000502711
1457 0.000488322
1458 0.000474282
1459 0.000460583
1460 0.000447219
1461 0.000434184
1462 0.000421471
1463 0.000409076
1464 0.000396991
1465 0.00038521
1466 0.000373728
1467 0.000362539
1468 0.000351637
1469 0.000341017
1470 0.000330671
1471 0.000320596
1472 0.000310785
1473 0.000301233
1474 0.000291934
1475 0.000282884
1476 0.000274076
1477 0.000265507
1478 0.000257169
1479 0.000249059
1480 0.000241172
1481 0.000233502
1482 0.000226044
1483 0.000218795
1484 0.000211748
1485 0.0002049
1486 0.000198246
1487 0.000191782
1488 0.000185502
1489 0.000179403
1490 0.00017348
1491 0.00016773
1492 0.000162147
1493 0.000156728
1494 0.000151469
1495 0.000146366
1496 0.000141416
1497 0.000136613
1498 0.000131955
1499 0.000127438
1500 0.000123058
1501 0.000118812
1502 0.000114696
1503 0.000110707
1504 0.000106842
1505 0.000103097
1506 9.94688e-05
1507 9.5955e-05
1508 9.25522e-05
1509 8.92574e-05
1510 8.60676e-05
1511 8.29799e-05
1512 7.99916e-05
1513 7.70998e-05
1514 7.4302e-05
1515 7.15954e-05
1516 6.89775e-05
1517 6.64458e-05
1518 6.39978e-05
1519 6.16312e-05
1520 5.93434e-05
1521 5.71324e-05
1522 5.49958e-05
1523 5.29314e-05
1524 5.09371e-05
1525 4.90109e-05
1526 4.71506e-05
1527 4.53544e-05
1528 4.36202e-05
1529 4.19463e-05
1530 4.03307e-05
1531 3.87716e-05
1532 3.72674e-05
1533 3.58163e-05
1534 3.44166e-05
1535 3.30668e-05
1536 3.17653e-05
1537 3.05105e-05
1538 2.9301e-05
1539 2.81352e-05
1540 2.70119e-05
1541 2.59296e-05
1542 2.48869e-05
1543 2.38827e-05
1544 2.29156e-05
1545 2.19844e-05
1546 2.10879e-05
1547 2.02249e-05
1548 1.93944e-05
1549 1.85953e-05
1550 1.78264e-05
1551 1.70867e-05
1552 1.63753e-05
1553 1.56912e-05
1554 1.50334e-05
1555 1.4401e-05
1556 1.37932e-05
1557 1.3209e-05
1558 1.26477e-05
1559 1.21084e-05
1560 1.15904e-05
1561 1.10928e-05
1562 1.0615e-05
1563 1.01563e-05
1564 9.71595e-06
1565 9.29327e-06
1566 8.88764e-06
1567 8.49842e-06
1568 8.12502e-06
1569 7.76686e-06
1570 7.42335e-06
1571 7.09396e-06
1572 6.77816e-06
1573 6.47543e-06
1574 6.18528e-06
1575 5.90723e-06
1576 5.64083e-06
1577 5.38561e-06
1578 5.14116e-06
1579 4.90705e-06
1580 4.68289e-06
1581 4.46828e-06
1582 4.26286e-06
1583 4.06625e-06
1584 3.87812e-06
1585 3.69812e-06
1586 3.52594e-06
1587 3.36125e-06
1588 3.20376e-06
1589 3.05318e-06
1590 2.90923e-06
1591 2.77164e-06
1592 2.64014e-06
1593 2.5145e-06
1594 2.39446e-06
1595 2.2798e-06
1596 2.17029e-06
1597 2.06572e-06
1598 1.96589e-06
1599 1.87059e-06
1600 1.77963e-06
1601 1.69282e-06
1602 1.61001e-06
1603 1.531e-06
1604 1.45564e-06
1605 1.38378e-06
1606 1.31525e-06
1607 1.24993e-06
1608 1.18766e-06
1609 1.12831e-06
1610 1.07177e-06
1611 1.01789e-06
1612 9.66575e-07
1613 9.17699e-07
1614 8.71157e-07
1615 8.26845e-07
1616 7.84662e-07
1617 7.44514e-07
1618 7.06308e-07
1619 6.69956e-07
1620 6.35374e-07
1621 6.02482e-07
1622 5.71201e-07
1623 5.41459e-07
1624 5.13183e-07
1625 4.86307e-07
1626 4.60764e-07
1627 4.36494e-07
1628 4.13436e-07
1629 3.91533e-07
1630 3.70731e-07
1631 3.50979e-07
1632 3.32225e-07
1633 3.14423e-07
1634 2.97528e-07
1635 2.81495e-07
1636 2.66283e-07
1637 2.51852e-07
1638 2.38166e-07
1639 2.25186e-07
1640 2.1288e-07
1641 2.01214e-07
1642 1.90157e-07
1643 1.79678e-07
1644 1.69749e-07
1645 1.60343e-07
1646 1.51433e-07
1647 1.42996e-07
1648 1.35006e-07
1649 1.27443e-07
1650 1.20283e-07
1651 1.13508e-07
1652 1.07096e-07
1653 1.0103e-07
1654 9.52926e-08
1655 8.98661e-08
1656 8.47347e-08
1657 7.98833e-08
1658 7.52974e-08
1659 7.09631e-08
1660 6.68673e-08
1661 6.29976e-08
1662 5.93421e-08
1663 5.58896e-08
1664 5.26293e-08
1665 4.9551e-08
1666 4.66451e-08
1667 4.39024e-08
1668 4.13141e-08
1669 3.8872e-08
1670 3.65682e-08
1671 3.43953e-08
1672 3.23462e-08
1673 3.04141e-08
1674 2.85926e-08
1675 2.68758e-08
1676 2.52579e-08
1677 2.37335e-08
1678 2.22973e-08
1679 2.09446e-08
1680 1.96707e-08
1681 1.84711e-08
1682 1.73419e-08
1683 1.62789e-08
1684 1.52786e-08
1685 1.43373e-08
1686 1.34518e-08
1687 1.26189e-08
1688 1.18356e-08
1689 1.1099e-08
1690 1.04065e-08
1691 9.7556e-09
1692 9.14387e-09
1693 8.56907e-09
1694 8.02905e-09
1695 7.52179e-09
1696 7.0454e-09
1697 6.59807e-09
1698 6.1781e-09
1699 5.78389e-09
1700 5.41392e-09
1701 5.06676e-09
1702 4.74107e-09
1703 4.43555e-09
1704 4.14903e-09
1705 3.88035e-09
1706 3.62846e-09
1707 3.39235e-09
1708 3.17107e-09
1709 2.96371e-09
1710 2.76945e-09
1711 2.58748e-09
1712 2.41705e-09
1713 2.25747e-09
1714 2.10806e-09
1715 1.96821e-09
1716 1.83732e-09
1717 1.71485e-09
1718 1.60026e-09
1719 1.49308e-09
1720 1.39284e-09
1721 1.2991e-09
1722 1.21147e-09
1723 1.12955e-09
1724 1.053e-09
1725 9.81459e-10
1726 9.14626e-10
1727 8.52197e-10
1728 7.93894e-10
1729 7.39452e-10
1730 6.88625e-10
1731 6.41181e-10
1732 5.96903e-10
1733 5.55587e-10
1734 5.17042e-10
1735 4.81088e-10
1736 4.47557e-10
1737 4.16291e-10
1738 3.87142e-10
1739 3.59972e-10
1740 3.34651e-10
1741 3.11057e-10
1742 2.89076e-10
1743 2.68602e-10
1744 2.49535e-10
1745 2.31781e-10
1746 2.15253e-10
1747 1.99869e-10
1748 1.85552e-10
1749 1.72231e-10
1750 1.59838e-10
1751 1.48311e-10
1752 1.37591e-10
1753 1.27624e-10
1754 1.18358e-10
1755 1.09746e-10
1756 1.01743e-10
1757 9.43067e-11
1758 8.73987e-11
1759 8.09826e-11
1760 7.50244e-11
1761 6.94923e-11
1762 6.43569e-11
1763 5.95906e-11
1764 5.51676e-11
1765 5.10639e-11
1766 4.72571e-11
1767 4.37265e-11
1768 4.04525e-11
1769 3.74171e-11
1770 3.46033e-11
1771 3.19955e-11
1772 2.9579e-11
1773 2.73403e-11
1774 2.52665e-11
1775 2.33458e-11
1776 2.15674e-11
1777 1.99209e-11
1778 1.83969e-11
1779 1.69864e-11
1780 1.56813e-11
1781 1.4474e-11
1782 1.33572e-11
1783 1.23244e-11
1784 1.13694e-11
1785 1.04866e-11
1786 9.67058e-12
1787 8.91649e-12
1788 8.21975e-12
1789 7.5761e-12
1790 6.9816e-12
1791 6.43262e-12
1792 5.92574e-12
1793 5.45783e-12
1794 5.02597e-12
1795 4.62746e-12
1796 4.25979e-12
1797 3.92062e-12
1798 3.60782e-12
1799 3.31938e-12
1800 3.05345e-12
1801 2.80833e-12
1802 2.58242e-12
1803 2.37425e-12
1804 2.18248e-12
1805 2.00583e-12
1806 1.84315e-12
1807 1.69337e-12
1808 1.55547e-12
1809 1.42855e-12
1810 1.31175e-12
1811 1.20428e-12
1812 1.10541e-12
1813 1.01448e-12
1814 9.30865e-13
1815 8.53985e-13
1816 7.83313e-13
1817 7.18361e-13
1818 6.58675e-13
1819 6.03839e-13
1820 5.53468e-13
1821 5.07207e-13
1822 4.64729e-13
1823 4.25732e-13
1824 3.89936e-13
1825 3.57085e-13
1826 3.26943e-13
1827 2.9929e-13
1828 2.73927e-13
1829 2.50668e-13
1830 2.29342e-13
1831 2.09792e-13
1832 1.91874e-13
1833 1.75454e-13
1834 1.6041e-13
1835 1.4663e-13
1836 1.34009e-13
1837 1.22452e-13
1838 1.11871e-13
1839 1.02186e-13
1840 9.33219e-14
1841 8.52115e-14
1842 7.77917e-14
1843 7.10051e-14
1844 6.47986e-14
1845 5.91239e-14
1846 5.39362e-14
1847 4.91947e-14
1848 4.48619e-14
1849 4.09031e-14
1850 3.72869e-14
1851 3.39841e-14
1852 3.09682e-14
1853 2.82147e-14
1854 2.57014e-14
1855 2.34076e-14
1856 2.13146e-14
1857 1.94052e-14
1858 1.76636e-14
1859 1.60754e-14
1860 1.46273e-14
1861 1.33071e-14
1862 1.21039e-14
1863 1.10074e-14
1864 1.00085e-14
1865 9.09848e-15
1866 8.26969e-15
1867 7.51502e-15
1868 6.82795e-15
1869 6.20255e-15
1870 5.6334e-15
1871 5.11552e-15
1872 4.64439e-15
1873 4.21587e-15
1874 3.82618e-15
1875 3.47187e-15
1876 3.14979e-15
1877 2.85705e-15
1878 2.59104e-15
1879 2.34936e-15
1880 2.12983e-15
1881 1.93045e-15
1882 1.74942e-15
1883 1.58506e-15
1884 1.43588e-15
1885 1.3005e-15
1886 1.17766e-15
1887 1.06623e-15
1888 9.6516e-16
1889 8.73509e-16
1890 7.90413e-16
1891 7.15089e-16
1892 6.46823e-16
1893 5.84964e-16
1894 5.28923e-16
1895 4.78161e-16
1896 4.3219e-16
1897 3.90565e-16
1898 3.52884e-16
1899 3.18778e-16
1900 2.87915e-16
1901 2.59991e-16
1902 2.34732e-16
1903 2.11886e-16
1904 1.91229e-16
1905 1.72553e-16
1906 1.55672e-16
1907 1.40415e-16
1908 1.26631e-16
1909 1.14178e-16
1910 1.0293e-16
1911 9.27731e-17
1912 8.36026e-17
1913 7.53244e-17
1914 6.78531e-17
1915 6.11114e-17
1916 5.50292e-17
1917 4.9543e-17
1918 4.45953e-17
1919 4.01342e-17
1920 3.61125e-17
1921 3.24877e-17
1922 2.92212e-17
1923 2.62782e-17
1924 2.36272e-17
1925 2.12395e-17
1926 1.90896e-17
1927 1.7154e-17
1928 1.54118e-17
1929 1.38439e-17
1930 1.24331e-17
1931 1.1164e-17
1932 1.00226e-17
1933 8.99613e-18
1934 8.07327e-18
1935 7.24371e-18
1936 6.49815e-18
1937 5.82823e-18
1938 5.22638e-18
1939 4.68579e-18
1940 4.20032e-18
1941 3.76443e-18
1942 3.37313e-18
1943 3.02193e-18
1944 2.70679e-18
1945 2.42404e-18
1946 2.17042e-18
1947 1.94297e-18
1948 1.73902e-18
1949 1.55618e-18
1950 1.3923e-18
1951 1.24544e-18
1952 1.11386e-18
1953 9.95988e-19
1954 8.90422e-19
1955 7.95892e-19
1956 7.11263e-19
1957 6.35511e-19
1958 5.67718e-19
1959 5.0706e-19
1960 4.52797e-19
1961 4.04263e-19
1962 3.60862e-19
1963 3.2206e-19
1964 2.87374e-19
1965 2.56375e-19
1966 2.28676e-19
1967 2.03931e-19
1968 1.81829e-19
1969 1.62091e-19
1970 1.44467e-19
1971 1.28736e-19
1972 1.14695e-19
1973 1.02166e-19
1974 9.09887e-20
1975 8.10184e-20
1976 7.21268e-20
1977 6.41987e-20
1978 5.71312e-20
1979 5.08319e-20
1980 4.52186e-20
1981 4.02174e-20
1982 3.57625e-20
1983 3.1795e-20
1984 2.82622e-20
1985 2.51172e-20
1986 2.23179e-20
1987 1.98268e-20
1988 1.76104e-20
1989 1.56388e-20
1990 1.38853e-20
1991 1.23261e-20
1992 1.09399e-20
1993 9.70774e-21
1994 8.61276e-21
1995 7.63987e-21
1996 6.7756e-21
1997 6.00799e-21
1998 5.32637e-21
1999 4.72121e-21
2000 4.18406e-21
2001 3.70735e-21
2002 3.28436e-21
2003 2.90913e-21
2004 2.57632e-21
2005 2.28119e-21
2006 2.01953e-21
2007 1.7876e-21
2008 1.58204e-21
2009 1.39991e-21
2010 1.23855e-21
2011 1.09564e-21
2012 9.69081e-22
2013 8.57032e-22
2014 7.57848e-22
2015 6.70066e-22
2016 5.92393e-22
2017 5.23679e-22
2018 4.62901e-22
2019 4.09155e-22
2020 3.61636e-22
2021 3.19629e-22
2022 2.82505e-22
2023 2.49702e-22
2024 2.20723e-22
2025 1.95126e-22
2026 1.72522e-22
2027 1.52566e-22
2028 1.34951e-22
2029 1.19405e-22
2030 1.05687e-22
2031 9.35861e-23
2032 8.29137e-23
2033 7.35032e-23
2034 6.52076e-23
2035 5.78964e-23
2036 5.14545e-23
2037 4.57796e-23
2038 4.07832e-23
2039 3.63846e-23
2040 3.25143e-23
2041 2.91105e-23
2042 2.61179e-23
2043 2.34893e-23
2044 2.11816e-23
2045 1.91578e-23
2046 1.7385e-23
2047 1.58343e-23
