0 1.18121e-89
1 1.25818e-89
2 1.71854e-89
3 2.6308e-89
4 4.14567e-89
5 6.49218e-89
6 1.00524e-88
7 1.53683e-88
8 2.32949e-88
9 3.50434e-88
10 5.24837e-88
11 7.8286e-88
12 1.1652e-87
13 1.73041e-87
14 2.56695e-87
15 3.8028e-87
16 5.63008e-87
17 8.32779e-87
18 1.23128e-86
19 1.8192e-86
20 2.68688e-86
21 3.96607e-86
22 5.8523e-86
23 8.63105e-86
24 1.27249e-85
25 1.87513e-85
26 2.76224e-85
27 4.0678e-85
28 5.98715e-85
29 8.80858e-85
30 1.29544e-84
31 1.90438e-84
32 2.79843e-84
33 4.11055e-84
34 6.03548e-84
35 8.85825e-84
36 1.2996e-83
37 1.90588e-83
38 2.79388e-83
39 4.09396e-83
40 5.9966e-83
41 8.77994e-83
42 1.285e-82
43 1.87992e-82
44 2.74917e-82
45 4.01872e-82
46 5.87219e-82
47 8.57702e-82
48 1.25227e-81
49 1.82762e-81
50 2.66622e-81
51 3.88806e-81
52 5.66754e-81
53 8.25813e-81
54 1.2028e-80
55 1.75118e-80
56 2.54854e-80
57 3.70747e-80
58 5.39125e-80
59 7.83656e-80
60 1.13864e-79
61 1.65376e-79
62 2.40096e-79
63 3.48434e-79
64 5.05455e-79
65 7.3294e-79
66 1.06238e-78
67 1.53927e-78
68 2.22934e-78
69 3.22747e-78
70 4.6706e-78
71 6.75628e-78
72 9.76941e-78
73 1.41206e-77
74 2.04016e-77
75 2.94645e-77
76 4.25362e-77
77 6.13824e-77
78 8.85429e-77
79 1.2767e-76
80 1.84013e-76
81 2.65114e-76
82 3.81805e-76
83 5.49636e-76
84 7.90922e-76
85 1.13767e-75
86 1.63578e-75
87 2.35104e-75
88 3.37767e-75
89 4.85065e-75
90 6.96318e-75
91 9.99172e-75
92 1.43317e-74
93 2.05485e-74
94 2.94501e-74
95 4.21909e-74
96 6.04192e-74
97 8.6488e-74
98 1.23755e-73
99 1.77008e-73
100 2.53074e-73
101 3.61683e-73
102 5.16694e-73
103 7.37841e-73
104 1.05322e-72
105 1.50278e-72
106 2.14338e-72
107 3.05583e-72
108 4.35494e-72
109 6.20383e-72
110 8.8341e-72
111 1.25745e-71
112 1.78913e-71
113 2.54459e-71
114 3.61759e-71
115 5.14098e-71
116 7.30292e-71
117 1.03698e-70
118 1.47188e-70
119 2.08832e-70
120 2.96173e-70
121 4.19875e-70
122 5.95002e-70
123 8.42832e-70
124 1.19341e-69
125 1.68912e-69
126 2.38978e-69
127 3.37971e-69
128 4.77778e-69
129 6.75144e-69
130 9.53656e-69
131 1.34652e-68
132 1.90045e-68
133 2.68117e-68
134 3.7811e-68
135 5.33011e-68
136 7.51067e-68
137 1.0579e-67
138 1.48949e-67
139 2.0963e-67
140 2.94913e-67
141 4.14724e-67
142 5.82973e-67
143 8.19149e-67
144 1.15054e-66
145 1.61534e-66
146 2.267e-66
147 3.18027e-66
148 4.45964e-66
149 6.25117e-66
150 8.75883e-66
151 1.22675e-65
152 1.71747e-65
153 2.40352e-65
154 3.36226e-65
155 4.70153e-65
156 6.57159e-65
157 9.18178e-65
158 1.28235e-64
159 1.79024e-64
160 2.49828e-64
161 3.48494e-64
162 4.85929e-64
163 6.7729e-64
164 9.4363e-64
165 1.31417e-63
166 1.82948e-63
167 2.54582e-63
168 3.54121e-63
169 4.92379e-63
170 6.8434e-63
171 9.50755e-63
172 1.32035e-62
173 1.83288e-62
174 2.54334e-62
175 3.52775e-62
176 4.89121e-62
177 6.77888e-62
178 9.39127e-62
179 1.30051e-61
180 1.80024e-61
181 2.49097e-61
182 3.44534e-61
183 4.76343e-61
184 6.58311e-61
185 9.09425e-61
186 1.25582e-60
187 1.73345e-60
188 2.39177e-60
189 3.29877e-60
190 4.54787e-60
191 6.26742e-60
192 8.63363e-60
193 1.18884e-59
194 1.63634e-59
195 2.2514e-59
196 3.09637e-59
197 4.25675e-59
198 5.84961e-59
199 8.03526e-59
200 1.10331e-58
201 1.51432e-58
202 2.07761e-58
203 2.84926e-58
204 3.90594e-58
205 5.35233e-58
206 7.33135e-58
207 1.0038e-57
208 1.37385e-57
209 1.87954e-57
210 2.57033e-57
211 3.51357e-57
212 4.80103e-57
213 6.55757e-57
214 8.95314e-57
215 1.22189e-56
216 1.66691e-56
217 2.27309e-56
218 3.09845e-56
219 4.22179e-56
220 5.75006e-56
221 7.82838e-56
222 1.06536e-55
223 1.44925e-55
224 1.97067e-55
225 2.6786e-55
226 3.63938e-55
227 4.94276e-55
228 6.7102e-55
229 9.10595e-55
230 1.2352e-54
231 1.67485e-54
232 2.27006e-54
233 3.07554e-54
234 4.16514e-54
235 5.63848e-54
236 7.62988e-54
237 1.03204e-53
238 1.3954e-53
239 1.88594e-53
240 2.54787e-53
241 3.44073e-53
242 4.6446e-53
243 6.26714e-53
244 8.45307e-53
245 1.13968e-52
246 1.53594e-52
247 2.06914e-52
248 2.7863e-52
249 3.75051e-52
250 5.04634e-52
251 6.78713e-52
252 9.12471e-52
253 1.22624e-51
254 1.64723e-51
255 2.21186e-51
256 2.96883e-51
257 3.98323e-51
258 5.34206e-51
259 7.16152e-51
260 9.59678e-51
261 1.28549e-50
262 1.72122e-50
263 2.3037e-50
264 3.08205e-50
265 4.12171e-50
266 5.50982e-50
267 7.36243e-50
268 9.83394e-50
269 1.31298e-49
270 1.75231e-49
271 2.33769e-49
272 3.11737e-49
273 4.15538e-49
274 5.53678e-49
275 7.37439e-49
276 9.81791e-49
277 1.30658e-48
278 1.7381e-48
279 2.31119e-48
280 3.072e-48
281 4.08159e-48
282 5.42076e-48
283 7.19639e-48
284 9.54976e-48
285 1.26676e-47
286 1.67964e-47
287 2.22619e-47
288 2.94939e-47
289 3.90594e-47
290 5.1706e-47
291 6.84194e-47
292 9.04984e-47
293 1.19653e-46
294 1.58137e-46
295 2.08912e-46
296 2.75877e-46
297 3.64159e-46
298 4.80497e-46
299 6.33741e-46
300 8.35519e-46
301 1.10109e-45
302 1.45049e-45
303 1.90997e-45
304 2.51398e-45
305 3.30766e-45
306 4.35012e-45
307 5.71881e-45
308 7.51505e-45
309 9.87145e-45
310 1.29614e-44
311 1.70117e-44
312 2.23185e-44
313 2.92688e-44
314 3.83678e-44
315 5.02749e-44
316 6.58505e-44
317 8.62163e-44
318 1.12834e-43
319 1.4761e-43
320 1.93025e-43
321 2.5231e-43
322 3.29668e-43
323 4.30568e-43
324 5.62121e-43
325 7.33566e-43
326 9.56911e-43
327 1.24775e-42
328 1.62631e-42
329 2.11886e-42
330 2.75946e-42
331 3.59226e-42
332 4.67449e-42
333 6.08027e-42
334 7.90558e-42
335 1.02746e-41
336 1.33482e-41
337 1.7334e-41
338 2.25009e-41
339 2.91958e-41
340 3.78674e-41
341 4.90943e-41
342 6.36238e-41
343 8.24194e-41
344 1.06724e-40
345 1.38139e-40
346 1.78728e-40
347 2.31149e-40
348 2.98822e-40
349 3.86149e-40
350 4.98791e-40
351 6.44029e-40
352 8.31215e-40
353 1.07237e-39
354 1.38292e-39
355 1.78267e-39
356 2.29703e-39
357 2.95858e-39
358 3.8091e-39
359 4.90212e-39
360 6.30619e-39
361 8.10909e-39
362 1.04231e-38
363 1.3392e-38
364 1.71995e-38
365 2.20805e-38
366 2.83349e-38
367 3.6346e-38
368 4.66029e-38
369 5.97298e-38
370 7.65227e-38
371 9.79967e-38
372 1.25445e-37
373 1.60516e-37
374 2.05307e-37
375 2.62489e-37
376 3.3546e-37
377 4.28539e-37
378 5.4722e-37
379 6.98481e-37
380 8.91187e-37
381 1.13659e-36
382 1.44898e-36
383 1.84646e-36
384 2.35201e-36
385 2.99475e-36
386 3.81156e-36
387 4.84915e-36
388 6.16666e-36
389 7.83891e-36
390 9.96054e-36
391 1.26512e-35
392 1.6062e-35
393 2.0384e-35
394 2.58584e-35
395 3.27895e-35
396 4.15612e-35
397 5.26577e-35
398 6.66895e-35
399 8.44256e-35
400 1.06835e-34
401 1.35136e-34
402 1.70864e-34
403 2.15948e-34
404 2.72817e-34
405 3.44519e-34
406 4.34887e-34
407 5.48731e-34
408 6.92093e-34
409 8.72549e-34
410 1.0996e-33
411 1.38517e-33
412 1.74418e-33
413 2.19533e-33
414 2.76203e-33
415 3.47358e-33
416 4.36665e-33
417 5.48705e-33
418 6.89209e-33
419 8.65333e-33
420 1.08602e-32
421 1.36242e-32
422 1.70846e-32
423 2.1415e-32
424 2.6832e-32
425 3.36054e-32
426 4.20712e-32
427 5.2648e-32
428 6.58565e-32
429 8.23448e-32
430 1.02919e-31
431 1.2858e-31
432 1.60573e-31
433 2.00443e-31
434 2.50109e-31
435 3.11953e-31
436 3.88929e-31
437 4.84697e-31
438 6.03798e-31
439 7.51852e-31
440 9.35824e-31
441 1.16433e-30
442 1.44803e-30
443 1.80011e-30
444 2.23688e-30
445 2.77847e-30
446 3.44976e-30
447 4.28146e-30
448 5.31147e-30
449 6.58656e-30
450 8.16437e-30
451 1.0116e-29
452 1.25288e-29
453 1.55108e-29
454 1.91946e-29
455 2.37435e-29
456 2.93582e-29
457 3.62856e-29
458 4.48291e-29
459 5.53612e-29
460 6.83394e-29
461 8.43251e-29
462 1.04007e-28
463 1.2823e-28
464 1.58029e-28
465 1.94671e-28
466 2.39711e-28
467 2.9505e-28
468 3.63013e-28
469 4.46447e-28
470 5.48829e-28
471 6.74411e-28
472 8.28386e-28
473 1.01709e-27
474 1.24827e-27
475 1.53136e-27
476 1.87787e-27
477 2.30184e-27
478 2.82036e-27
479 3.45426e-27
480 4.22888e-27
481 5.17506e-27
482 6.33034e-27
483 7.74031e-27
484 9.46041e-27
485 1.1558e-26
486 1.41148e-26
487 1.72301e-26
488 2.10243e-26
489 2.56435e-26
490 3.12645e-26
491 3.8102e-26
492 4.64157e-26
493 5.652e-26
494 6.87955e-26
495 8.37026e-26
496 1.01798e-25
497 1.23754e-25
498 1.50384e-25
499 1.82669e-25
500 2.21794e-25
501 2.69187e-25
502 3.26573e-25
503 3.9603e-25
504 4.80062e-25
505 5.81685e-25
506 7.04531e-25
507 8.52971e-25
508 1.03226e-24
509 1.24872e-24
510 1.50996e-24
511 1.8251e-24
512 2.20511e-24
513 2.66314e-24
514 3.21501e-24
515 3.87964e-24
516 4.67976e-24
517 5.64258e-24
518 6.80072e-24
519 8.19323e-24
520 9.86683e-24
521 1.18775e-23
522 1.4292e-23
523 1.71903e-23
524 2.06681e-23
525 2.48393e-23
526 2.98402e-23
527 3.58334e-23
528 4.30129e-23
529 5.161e-23
530 6.19003e-23
531 7.42124e-23
532 8.89374e-23
533 1.06541e-22
534 1.27578e-22
535 1.52707e-22
536 1.82712e-22
537 2.18525e-22
538 2.61253e-22
539 3.12211e-22
540 3.72958e-22
541 4.45347e-22
542 5.31574e-22
543 6.34244e-22
544 7.56442e-22
545 9.01826e-22
546 1.07473e-21
547 1.28027e-21
548 1.52451e-21
549 1.81464e-21
550 2.15913e-21
551 2.568e-21
552 3.05311e-21
553 3.62843e-21
554 4.31048e-21
555 5.11873e-21
556 6.07616e-21
557 7.20988e-21
558 8.5518e-21
559 1.01396e-20
560 1.20175e-20
561 1.42377e-20
562 1.68616e-20
563 1.99614e-20
564 2.3622e-20
565 2.79432e-20
566 3.30423e-20
567 3.90571e-20
568 4.61492e-20
569 5.45086e-20
570 6.43579e-20
571 7.59583e-20
572 8.96162e-20
573 1.0569e-19
574 1.24601e-19
575 1.46841e-19
576 1.72986e-19
577 2.03712e-19
578 2.39807e-19
579 2.82194e-19
580 3.31951e-19
581 3.9034e-19
582 4.58834e-19
583 5.39151e-19
584 6.33299e-19
585 7.43622e-19
586 8.72851e-19
587 1.02418e-18
588 1.20131e-18
589 1.40858e-18
590 1.65104e-18
591 1.93455e-18
592 2.26596e-18
593 2.65322e-18
594 3.1056e-18
595 3.63387e-18
596 4.25054e-18
597 4.97017e-18
598 5.80969e-18
599 6.78872e-18
600 7.93008e-18
601 9.26026e-18
602 1.081e-17
603 1.26149e-17
604 1.47164e-17
605 1.71624e-17
606 2.00084e-17
607 2.33189e-17
608 2.71684e-17
609 3.16434e-17
610 3.68438e-17
611 4.28854e-17
612 4.99022e-17
613 5.8049e-17
614 6.7505e-17
615 7.84773e-17
616 9.12053e-17
617 1.05966e-16
618 1.23078e-16
619 1.4291e-16
620 1.6589e-16
621 1.92507e-16
622 2.23331e-16
623 2.59014e-16
624 3.00311e-16
625 3.48094e-16
626 4.03364e-16
627 4.67278e-16
628 5.41167e-16
629 6.26564e-16
630 7.25236e-16
631 8.39215e-16
632 9.70842e-16
633 1.12281e-15
634 1.29821e-15
635 1.50061e-15
636 1.7341e-15
637 2.00339e-15
638 2.31389e-15
639 2.67181e-15
640 3.08429e-15
641 3.55953e-15
642 4.10694e-15
643 4.73731e-15
644 5.46304e-15
645 6.29836e-15
646 7.25957e-15
647 8.36536e-15
648 9.63718e-15
649 1.10996e-14
650 1.27808e-14
651 1.47129e-14
652 1.6933e-14
653 1.94833e-14
654 2.24123e-14
655 2.57752e-14
656 2.96356e-14
657 3.40659e-14
658 3.9149e-14
659 4.49797e-14
660 5.16663e-14
661 5.93327e-14
662 6.81203e-14
663 7.81905e-14
664 8.9728e-14
665 1.02943e-13
666 1.18076e-13
667 1.35401e-13
668 1.55231e-13
669 1.77923e-13
670 2.03882e-13
671 2.33572e-13
672 2.67522e-13
673 3.06331e-13
674 3.50686e-13
675 4.01366e-13
676 4.59257e-13
677 5.2537e-13
678 6.00853e-13
679 6.87011e-13
680 7.8533e-13
681 8.97496e-13
682 1.02543e-12
683 1.1713e-12
684 1.33759e-12
685 1.5271e-12
686 1.74301e-12
687 1.98895e-12
688 2.26901e-12
689 2.58783e-12
690 2.95068e-12
691 3.36354e-12
692 3.83315e-12
693 4.36717e-12
694 4.97427e-12
695 5.66426e-12
696 6.44821e-12
697 7.33869e-12
698 8.34985e-12
699 9.49774e-12
700 1.08005e-11
701 1.22784e-11
702 1.39548e-11
703 1.58555e-11
704 1.801e-11
705 2.04515e-11
706 2.32172e-11
707 2.63494e-11
708 2.98955e-11
709 3.39088e-11
710 3.84496e-11
711 4.35855e-11
712 4.93927e-11
713 5.59568e-11
714 6.33741e-11
715 7.17528e-11
716 8.12144e-11
717 9.18953e-11
718 1.03949e-10
719 1.17546e-10
720 1.32881e-10
721 1.50169e-10
722 1.69652e-10
723 1.91602e-10
724 2.16322e-10
725 2.44153e-10
726 2.75475e-10
727 3.10713e-10
728 3.50344e-10
729 3.949e-10
730 4.44975e-10
731 5.01231e-10
732 5.64411e-10
733 6.35341e-10
734 7.14942e-10
735 8.04243e-10
736 9.04389e-10
737 1.01666e-09
738 1.14246e-09
739 1.2834e-09
740 1.44121e-09
741 1.61787e-09
742 1.81554e-09
743 2.03665e-09
744 2.28387e-09
745 2.5602e-09
746 2.86893e-09
747 3.21374e-09
748 3.5987e-09
749 4.02832e-09
750 4.50759e-09
751 5.04205e-09
752 5.63783e-09
753 6.30169e-09
754 7.04115e-09
755 7.86447e-09
756 8.78082e-09
757 9.80031e-09
758 1.09341e-08
759 1.21945e-08
760 1.35951e-08
761 1.51509e-08
762 1.68785e-08
763 1.87959e-08
764 2.09232e-08
765 2.32824e-08
766 2.58978e-08
767 2.87961e-08
768 3.20065e-08
769 3.55613e-08
770 3.94956e-08
771 4.38485e-08
772 4.86623e-08
773 5.39838e-08
774 5.98641e-08
775 6.63591e-08
776 7.35304e-08
777 8.1445e-08
778 9.01763e-08
779 9.98048e-08
780 1.10418e-07
781 1.22112e-07
782 1.34992e-07
783 1.49172e-07
784 1.64777e-07
785 1.81942e-07
786 2.00816e-07
787 2.21561e-07
788 2.44352e-07
789 2.6938e-07
790 2.96855e-07
791 3.27002e-07
792 3.60068e-07
793 3.96319e-07
794 4.36047e-07
795 4.79565e-07
796 5.27217e-07
797 5.79372e-07
798 6.36432e-07
799 6.98832e-07
800 7.67043e-07
801 8.41573e-07
802 9.22976e-07
803 1.01185e-06
804 1.10883e-06
805 1.21461e-06
806 1.32996e-06
807 1.45567e-06
808 1.59262e-06
809 1.74176e-06
810 1.90409e-06
811 2.08071e-06
812 2.27279e-06
813 2.4816e-06
814 2.7085e-06
815 2.95495e-06
816 3.22252e-06
817 3.5129e-06
818 3.82788e-06
819 4.16942e-06
820 4.53959e-06
821 4.94062e-06
822 5.37489e-06
823 5.84495e-06
824 6.35355e-06
825 6.90359e-06
826 7.4982e-06
827 8.14071e-06
828 8.83468e-06
829 9.58391e-06
830 1.03924e-05
831 1.12646e-05
832 1.2205e-05
833 1.32184e-05
834 1.43103e-05
835 1.54859e-05
836 1.67514e-05
837 1.81128e-05
838 1.95769e-05
839 2.11507e-05
840 2.28418e-05
841 2.46579e-05
842 2.66076e-05
843 2.86997e-05
844 3.09437e-05
845 3.33495e-05
846 3.59277e-05
847 3.86895e-05
848 4.16464e-05
849 4.48111e-05
850 4.81966e-05
851 5.18166e-05
852 5.56858e-05
853 5.98195e-05
854 6.42337e-05
855 6.89455e-05
856 7.39727e-05
857 7.9334e-05
858 8.50492e-05
859 9.11388e-05
860 9.76245e-05
861 0.000104529
862 0.000111876
863 0.000119691
864 0.000127999
865 0.000136828
866 0.000146206
867 0.000156163
868 0.00016673
869 0.000177939
870 0.000189825
871 0.000202421
872 0.000215766
873 0.000229896
874 0.000244851
875 0.000260673
876 0.000277404
877 0.000295088
878 0.000313771
879 0.000333501
880 0.000354327
881 0.0003763
882 0.000399472
883 0.000423898
884 0.000449635
885 0.000476739
886 0.00050527
887 0.000535291
888 0.000566864
889 0.000600055
890 0.00063493
891 0.000671558
892 0.00071001
893 0.000750357
894 0.000792673
895 0.000837035
896 0.000883519
897 0.000932205
898 0.000983173
899 0.0010365
900 0.00109228
901 0.0011506
902 0.00121153
903 0.00127517
904 0.00134161
905 0.00141093
906 0.00148323
907 0.00155861
908 0.00163714
909 0.00171894
910 0.00180408
911 0.00189268
912 0.00198482
913 0.00208059
914 0.00218011
915 0.00228345
916 0.00239072
917 0.00250201
918 0.00261742
919 0.00273704
920 0.00286097
921 0.00298929
922 0.0031221
923 0.00325949
924 0.00340154
925 0.00354834
926 0.00369998
927 0.00385653
928 0.00401807
929 0.00418468
930 0.00435644
931 0.0045334
932 0.00471565
933 0.00490323
934 0.0050962
935 0.00529463
936 0.00549855
937 0.00570801
938 0.00592305
939 0.00614371
940 0.00637001
941 0.00660197
942 0.0068396
943 0.00708292
944 0.00733194
945 0.00758663
946 0.007847
947 0.00811302
948 0.00838467
949 0.00866191
950 0.0089447
951 0.009233
952 0.00952673
953 0.00982584
954 0.0101302
955 0.0104399
956 0.0107546
957 0.0110743
958 0.011399
959 0.0117284
960 0.0120625
961 0.0124011
962 0.0127441
963 0.0130912
964 0.0134424
965 0.0137975
966 0.0141562
967 0.0145184
968 0.0148839
969 0.0152524
970 0.0156237
971 0.0159976
972 0.0163739
973 0.0167523
974 0.0171325
975 0.0175143
976 0.0178974
977 0.0182816
978 0.0186664
979 0.0190517
980 0.0194371
981 0.0198224
982 0.0202071
983 0.020591
984 0.0209738
985 0.0213552
986 0.0217347
987 0.022112
988 0.0224869
989 0.022859
990 0.0232279
991 0.0235932
992 0.0239547
993 0.0243119
994 0.0246646
995 0.0250124
996 0.0253548
997 0.0256917
998 0.0260226
999 0.0263472
1000 0.0266651
1001 0.026976
1002 0.0272796
1003 0.0275756
1004 0.0278637
1005 0.0281434
1006 0.0284146
1007 0.0286769
1008 0.02893
1009 0.0291737
1010 0.0294076
1011 0.0296315
1012 0.0298452
1013 0.0300485
1014 0.0302409
1015 0.0304225
1016 0.0305929
1017 0.0307519
1018 0.0308994
1019 0.0310352
1020 0.0311591
1021 0.0312711
1022 0.0313708
1023 0.0314583
1024 0.0315335
1025 0.0315962
1026 0.0316464
1027 0.031684
1028 0.031709
1029 0.0317213
1030 0.031721
1031 0.031708
1032 0.0316823
1033 0.0316441
1034 0.0315933
1035 0.03153
1036 0.0314542
1037 0.0313661
1038 0.0312658
1039 0.0311534
1040 0.0310291
1041 0.0308929
1042 0.030745
1043 0.0305857
1044 0.030415
1045 0.0302333
1046 0.0300407
1047 0.0298374
1048 0.0296237
1049 0.0293998
1050 0.029166
1051 0.0289226
1052 0.0286697
1053 0.0284078
1054 0.0281371
1055 0.0278578
1056 0.0275704
1057 0.0272751
1058 0.0269722
1059 0.0266621
1060 0.026345
1061 0.0260214
1062 0.0256916
1063 0.0253558
1064 0.0250145
1065 0.024668
1066 0.0243166
1067 0.0239608
1068 0.0236007
1069 0.0232369
1070 0.0228695
1071 0.0224991
1072 0.0221259
1073 0.0217502
1074 0.0213724
1075 0.0209929
1076 0.0206119
1077 0.0202298
1078 0.0198469
1079 0.0194636
1080 0.0190801
1081 0.0186967
1082 0.0183138
1083 0.0179316
1084 0.0175505
1085 0.0171706
1086 0.0167924
1087 0.0164159
1088 0.0160415
1089 0.0156695
1090 0.0153001
1091 0.0149334
1092 0.0145698
1093 0.0142094
1094 0.0138524
1095 0.0134991
1096 0.0131496
1097 0.012804
1098 0.0124627
1099 0.0121256
1100 0.011793
1101 0.0114649
1102 0.0111416
1103 0.0108232
1104 0.0105097
1105 0.0102012
1106 0.00989793
1107 0.00959985
1108 0.00930708
1109 0.00901967
1110 0.0087377
1111 0.0084612
1112 0.00819022
1113 0.00792479
1114 0.00766495
1115 0.0074107
1116 0.00716206
1117 0.00691904
1118 0.00668163
1119 0.00644983
1120 0.00622362
1121 0.00600298
1122 0.00578788
1123 0.00557829
1124 0.00537418
1125 0.0051755
1126 0.0049822
1127 0.00479424
1128 0.00461155
1129 0.00443408
1130 0.00426177
1131 0.00409454
1132 0.00393233
1133 0.00377506
1134 0.00362266
1135 0.00347505
1136 0.00333214
1137 0.00319385
1138 0.00306011
1139 0.00293081
1140 0.00280587
1141 0.00268521
1142 0.00256873
1143 0.00245634
1144 0.00234794
1145 0.00224345
1146 0.00214276
1147 0.0020458
1148 0.00195246
1149 0.00186264
1150 0.00177627
1151 0.00169323
1152 0.00161344
1153 0.00153682
1154 0.00146326
1155 0.00139267
1156 0.00132497
1157 0.00126007
1158 0.00119788
1159 0.00113831
1160 0.00108129
1161 0.00102672
1162 0.000974519
1163 0.000924613
1164 0.000876921
1165 0.000831364
1166 0.000787866
1167 0.000746352
1168 0.00070675
1169 0.000668988
1170 0.000632997
1171 0.000598709
1172 0.000566057
1173 0.000534977
1174 0.000505407
1175 0.000477285
1176 0.000450552
1177 0.000425151
1178 0.000401026
1179 0.000378123
1180 0.000356388
1181 0.000335773
1182 0.000316227
1183 0.000297702
1184 0.000280154
1185 0.000263538
1186 0.000247811
1187 0.000232932
1188 0.000218861
1189 0.000205561
1190 0.000192993
1191 0.000181124
1192 0.000169919
1193 0.000159345
1194 0.000149371
1195 0.000139967
1196 0.000131104
1197 0.000122755
1198 0.000114893
1199 0.000107492
1200 0.00010053
1201 9.39819e-05
1202 8.78264e-05
1203 8.20423e-05
1204 7.66094e-05
1205 7.15086e-05
1206 6.67216e-05
1207 6.2231e-05
1208 5.80202e-05
1209 5.40734e-05
1210 5.03755e-05
1211 4.69124e-05
1212 4.36705e-05
1213 4.0637e-05
1214 3.77995e-05
1215 3.51466e-05
1216 3.26673e-05
1217 3.03511e-05
1218 2.81883e-05
1219 2.61695e-05
1220 2.42859e-05
1221 2.25292e-05
1222 2.08916e-05
1223 1.93655e-05
1224 1.79439e-05
1225 1.66203e-05
1226 1.53884e-05
1227 1.42423e-05
1228 1.31766e-05
1229 1.21858e-05
1230 1.12653e-05
1231 1.04102e-05
1232 9.61639e-06
1233 8.87968e-06
1234 8.19625e-06
1235 7.56251e-06
1236 6.9751e-06
1237 6.43084e-06
1238 5.92677e-06
1239 5.46012e-06
1240 5.02827e-06
1241 4.62881e-06
1242 4.25945e-06
1243 3.91805e-06
1244 3.60264e-06
1245 3.31135e-06
1246 3.04244e-06
1247 2.79431e-06
1248 2.56542e-06
1249 2.35438e-06
1250 2.15988e-06
1251 1.98068e-06
1252 1.81566e-06
1253 1.66375e-06
1254 1.52397e-06
1255 1.3954e-06
1256 1.27718e-06
1257 1.16854e-06
1258 1.06872e-06
1259 9.77063e-07
1260 8.92923e-07
1261 8.15717e-07
1262 7.44902e-07
1263 6.79975e-07
1264 6.20471e-07
1265 5.65958e-07
1266 5.16037e-07
1267 4.70341e-07
1268 4.28527e-07
1269 3.90282e-07
1270 3.55315e-07
1271 3.23357e-07
1272 2.94162e-07
1273 2.67501e-07
1274 2.43163e-07
1275 2.20956e-07
1276 2.00701e-07
1277 1.82233e-07
1278 1.65401e-07
1279 1.50067e-07
1280 1.36103e-07
1281 1.23392e-07
1282 1.11825e-07
1283 1.01303e-07
1284 9.17374e-08
1285 8.30432e-08
1286 7.51443e-08
1287 6.7971e-08
1288 6.14592e-08
1289 5.55501e-08
1290 5.01901e-08
1291 4.53301e-08
1292 4.09252e-08
1293 3.69343e-08
1294 3.332e-08
1295 3.0048e-08
1296 2.7087e-08
1297 2.44086e-08
1298 2.19867e-08
1299 1.97976e-08
1300 1.78197e-08
1301 1.60334e-08
1302 1.44206e-08
1303 1.29652e-08
1304 1.16523e-08
1305 1.04683e-08
1306 9.40115e-09
1307 8.43956e-09
1308 7.57347e-09
1309 6.79368e-09
1310 6.09189e-09
1311 5.46053e-09
1312 4.89276e-09
1313 4.38236e-09
1314 3.92373e-09
1315 3.51177e-09
1316 3.14188e-09
1317 2.80989e-09
1318 2.51203e-09
1319 2.2449e-09
1320 2.00542e-09
1321 1.79081e-09
1322 1.59857e-09
1323 1.42642e-09
1324 1.27234e-09
1325 1.13447e-09
1326 1.01116e-09
1327 9.00912e-10
1328 8.02383e-10
1329 7.14362e-10
1330 6.35757e-10
1331 5.65588e-10
1332 5.02975e-10
1333 4.47125e-10
1334 3.97327e-10
1335 3.52943e-10
1336 3.13398e-10
1337 2.7818e-10
1338 2.46827e-10
1339 2.18925e-10
1340 1.94104e-10
1341 1.72033e-10
1342 1.52414e-10
1343 1.34982e-10
1344 1.19498e-10
1345 1.05751e-10
1346 9.35508e-11
1347 8.27266e-11
1348 7.31274e-11
1349 6.46177e-11
1350 5.70769e-11
1351 5.03972e-11
1352 4.44825e-11
1353 3.92472e-11
1354 3.46151e-11
1355 3.05182e-11
1356 2.68962e-11
1357 2.36951e-11
1358 2.08672e-11
1359 1.83699e-11
1360 1.61654e-11
1361 1.42201e-11
1362 1.25042e-11
1363 1.09912e-11
1364 9.65771e-12
1365 8.4828e-12
1366 7.44803e-12
1367 6.53704e-12
1368 5.73532e-12
1369 5.03004e-12
1370 4.40983e-12
1371 3.86465e-12
1372 3.3856e-12
1373 2.96482e-12
1374 2.59537e-12
1375 2.2711e-12
1376 1.9866e-12
1377 1.73709e-12
1378 1.51835e-12
1379 1.32665e-12
1380 1.15872e-12
1381 1.01167e-12
1382 8.82954e-13
1383 7.70323e-13
1384 6.71808e-13
1385 5.85672e-13
1386 5.10389e-13
1387 4.44616e-13
1388 3.87174e-13
1389 3.37027e-13
1390 2.93265e-13
1391 2.5509e-13
1392 2.21801e-13
1393 1.92784e-13
1394 1.675e-13
1395 1.45478e-13
1396 1.26303e-13
1397 1.09615e-13
1398 9.50963e-14
1399 8.24696e-14
1400 7.14926e-14
1401 6.19535e-14
1402 5.3667e-14
1403 4.64714e-14
1404 4.02255e-14
1405 3.4806e-14
1406 3.01054e-14
1407 2.60298e-14
1408 2.24976e-14
1409 1.94373e-14
1410 1.6787e-14
1411 1.44927e-14
1412 1.25072e-14
1413 1.07897e-14
1414 9.30457e-15
1415 8.02082e-15
1416 6.9116e-15
1417 5.95354e-15
1418 5.12636e-15
1419 4.41244e-15
1420 3.79652e-15
1421 3.26535e-15
1422 2.80744e-15
1423 2.41284e-15
1424 2.07292e-15
1425 1.78022e-15
1426 1.52827e-15
1427 1.31149e-15
1428 1.12504e-15
1429 9.64727e-16
1430 8.26949e-16
1431 7.08581e-16
1432 6.06928e-16
1433 5.19662e-16
1434 4.44776e-16
1435 3.80538e-16
1436 3.25455e-16
1437 2.78241e-16
1438 2.37786e-16
1439 2.03137e-16
1440 1.73472e-16
1441 1.48082e-16
1442 1.26362e-16
1443 1.07786e-16
1444 9.19065e-17
1445 7.83369e-17
1446 6.67456e-17
1447 5.6848e-17
1448 4.83998e-17
1449 4.11915e-17
1450 3.50436e-17
1451 2.98019e-17
1452 2.53348e-17
1453 2.15291e-17
1454 1.82881e-17
1455 1.55292e-17
1456 1.31815e-17
1457 1.11845e-17
1458 9.48647e-18
1459 8.04318e-18
1460 6.8169e-18
1461 5.77539e-18
1462 4.89115e-18
1463 4.14073e-18
1464 3.50411e-18
1465 2.96425e-18
1466 2.50661e-18
1467 2.11882e-18
1468 1.79035e-18
1469 1.51222e-18
1470 1.27682e-18
1471 1.07765e-18
1472 9.09206e-19
1473 7.66799e-19
1474 6.46451e-19
1475 5.44785e-19
1476 4.58934e-19
1477 3.86465e-19
1478 3.25315e-19
1479 2.73737e-19
1480 2.30249e-19
1481 1.93597e-19
1482 1.62717e-19
1483 1.3671e-19
1484 1.14817e-19
1485 9.63925e-20
1486 8.0894e-20
1487 6.78616e-20
1488 5.69071e-20
1489 4.77028e-20
1490 3.99719e-20
1491 3.34812e-20
1492 2.80337e-20
1493 2.34637e-20
1494 1.96311e-20
1495 1.64183e-20
1496 1.3726e-20
1497 1.14709e-20
1498 9.58259e-21
1499 8.00208e-21
1500 6.6797e-21
1501 5.57372e-21
1502 4.64908e-21
1503 3.87635e-21
1504 3.23082e-21
1505 2.69176e-21
1506 2.24179e-21
1507 1.86632e-21
1508 1.55314e-21
1509 1.29202e-21
1510 1.07439e-21
1511 8.93076e-22
1512 7.42075e-22
1513 6.16369e-22
1514 5.11762e-22
1515 4.24744e-22
1516 3.52388e-22
1517 2.92245e-22
1518 2.42275e-22
1519 2.00771e-22
1520 1.66314e-22
1521 1.37717e-22
1522 1.13993e-22
1523 9.43205e-23
1524 7.80126e-23
1525 6.44996e-23
1526 5.33067e-23
1527 4.40392e-23
1528 3.63689e-23
1529 3.0023e-23
1530 2.47748e-23
1531 2.04361e-23
1532 1.68508e-23
1533 1.38891e-23
1534 1.14436e-23
1535 9.42499e-24
1536 7.75948e-24
1537 6.38583e-24
1538 5.25332e-24
1539 4.32e-24
1540 3.55112e-24
1541 2.91796e-24
1542 2.39676e-24
1543 1.9679e-24
1544 1.61516e-24
1545 1.32513e-24
1546 1.08676e-24
1547 8.9092e-25
1548 7.30092e-25
1549 5.98065e-25
1550 4.89724e-25
1551 4.00854e-25
1552 3.27984e-25
1553 2.68257e-25
1554 2.19322e-25
1555 1.79243e-25
1556 1.46432e-25
1557 1.19581e-25
1558 9.76155e-26
1559 7.96539e-26
1560 6.49721e-26
1561 5.29759e-26
1562 4.31779e-26
1563 3.51784e-26
1564 2.86498e-26
1565 2.33237e-26
1566 1.89804e-26
1567 1.54399e-26
1568 1.2555e-26
1569 1.02051e-26
1570 8.29185e-27
1571 6.73466e-27
1572 5.46777e-27
1573 4.43748e-27
1574 3.59993e-27
1575 2.91932e-27
1576 2.36647e-27
1577 1.91757e-27
1578 1.55322e-27
1579 1.2576e-27
1580 1.01785e-27
1581 8.2349e-28
1582 6.65981e-28
1583 5.38389e-28
1584 4.35072e-28
1585 3.51444e-28
1586 2.83781e-28
1587 2.29055e-28
1588 1.8481e-28
1589 1.49054e-28
1590 1.20169e-28
1591 9.68433e-29
1592 7.8015e-29
1593 6.28228e-29
1594 5.05692e-29
1595 4.06898e-29
1596 3.27277e-29
1597 2.63133e-29
1598 2.11478e-29
1599 1.69896e-29
1600 1.36438e-29
1601 1.09525e-29
1602 8.78868e-30
1603 7.04959e-30
1604 5.65241e-30
1605 4.53036e-30
1606 3.62963e-30
1607 2.90685e-30
1608 2.32708e-30
1609 1.86222e-30
1610 1.48963e-30
1611 1.19112e-30
1612 9.52062e-31
1613 7.60681e-31
1614 6.07533e-31
1615 4.85028e-31
1616 3.87073e-31
1617 3.0878e-31
1618 2.46226e-31
1619 1.96268e-31
1620 1.56384e-31
1621 1.24557e-31
1622 9.91677e-32
1623 7.89228e-32
1624 6.27862e-32
1625 4.99293e-32
1626 3.96895e-32
1627 3.15373e-32
1628 2.50498e-32
1629 1.98889e-32
1630 1.57851e-32
1631 1.25232e-32
1632 9.93137e-33
1633 7.87288e-33
1634 6.23859e-33
1635 4.94161e-33
1636 3.91273e-33
1637 3.09685e-33
1638 2.45013e-33
1639 1.9377e-33
1640 1.53184e-33
1641 1.21051e-33
1642 9.56212e-34
1643 7.55035e-34
1644 5.95949e-34
1645 4.70197e-34
1646 3.70834e-34
1647 2.92353e-34
1648 2.30391e-34
1649 1.81489e-34
1650 1.42911e-34
1651 1.12488e-34
1652 8.85072e-35
1653 6.96111e-35
1654 5.47276e-35
1655 4.30094e-35
1656 3.37869e-35
1657 2.65315e-35
1658 2.08259e-35
1659 1.63409e-35
1660 1.28166e-35
1661 1.00485e-35
1662 7.87513e-36
1663 6.16938e-36
1664 4.83119e-36
1665 3.78177e-36
1666 2.95913e-36
1667 2.31452e-36
1668 1.80961e-36
1669 1.41429e-36
1670 1.1049e-36
1671 8.62841e-37
1672 6.73549e-37
1673 5.25575e-37
1674 4.09948e-37
1675 3.19633e-37
1676 2.49116e-37
1677 1.9408e-37
1678 1.51142e-37
1679 1.17658e-37
1680 9.15552e-38
1681 7.12153e-38
1682 5.53721e-38
1683 4.30366e-38
1684 3.34358e-38
1685 2.59665e-38
1686 2.01578e-38
1687 1.56423e-38
1688 1.21335e-38
1689 9.40804e-39
1690 7.29189e-39
1691 5.64948e-39
1692 4.37527e-39
1693 3.38711e-39
1694 2.62109e-39
1695 2.0275e-39
1696 1.56772e-39
1697 1.21172e-39
1698 9.36194e-40
1699 7.2303e-40
1700 5.5818e-40
1701 4.30744e-40
1702 3.32271e-40
1703 2.56208e-40
1704 1.97479e-40
1705 1.52152e-40
1706 1.17182e-40
1707 9.02134e-41
1708 6.94239e-41
1709 5.34041e-41
1710 4.10646e-41
1711 3.15638e-41
1712 2.42514e-41
1713 1.86257e-41
1714 1.42993e-41
1715 1.09735e-41
1716 8.41788e-42
1717 6.45487e-42
1718 4.94766e-42
1719 3.79088e-42
1720 2.9034e-42
1721 2.2228e-42
1722 1.70107e-42
1723 1.30128e-42
1724 9.95055e-43
1725 7.6059e-43
1726 5.8114e-43
1727 4.43852e-43
1728 3.38863e-43
1729 2.58604e-43
1730 1.97276e-43
1731 1.50432e-43
1732 1.14666e-43
1733 8.73687e-44
1734 6.65433e-44
1735 5.06616e-44
1736 3.8555e-44
1737 2.93299e-44
1738 2.23032e-44
1739 1.69531e-44
1740 1.28813e-44
1741 9.78359e-45
1742 7.42785e-45
1743 5.63708e-45
1744 4.27635e-45
1745 3.24279e-45
1746 2.45805e-45
1747 1.86248e-45
1748 1.41064e-45
1749 1.068e-45
1750 8.08261e-46
1751 6.11447e-46
1752 4.62374e-46
1753 3.49506e-46
1754 2.64084e-46
1755 1.99461e-46
1756 1.50591e-46
1757 1.1365e-46
1758 8.57362e-47
1759 6.46527e-47
1760 4.87345e-47
1761 3.67208e-47
1762 2.76577e-47
1763 2.08231e-47
1764 1.56712e-47
1765 1.17892e-47
1766 8.86535e-48
1767 6.66397e-48
1768 5.00722e-48
1769 3.76086e-48
1770 2.82361e-48
1771 2.11909e-48
1772 1.58972e-48
1773 1.19211e-48
1774 8.93598e-49
1775 6.69566e-49
1776 5.015e-49
1777 3.7547e-49
1778 2.81e-49
1779 2.10215e-49
1780 1.57199e-49
1781 1.17506e-49
1782 8.78007e-50
1783 6.55786e-50
1784 4.89614e-50
1785 3.65402e-50
1786 2.72594e-50
1787 2.03276e-50
1788 1.51525e-50
1789 1.12904e-50
1790 8.40929e-51
1791 6.2609e-51
1792 4.65952e-51
1793 3.46634e-51
1794 2.57768e-51
1795 1.91607e-51
1796 1.42371e-51
1797 1.05745e-51
1798 7.85096e-52
1799 5.82656e-52
1800 4.32244e-52
1801 3.20532e-52
1802 2.37597e-52
1803 1.76051e-52
1804 1.30395e-52
1805 9.65403e-53
1806 7.1447e-53
1807 5.2855e-53
1808 3.90854e-53
1809 2.88915e-53
1810 2.13477e-53
1811 1.57673e-53
1812 1.16411e-53
1813 8.59119e-54
1814 6.33783e-54
1815 4.67363e-54
1816 3.44504e-54
1817 2.5384e-54
1818 1.86962e-54
1819 1.37649e-54
1820 1.01302e-54
1821 7.45231e-55
1822 5.48011e-55
1823 4.02823e-55
1824 2.95982e-55
1825 2.17392e-55
1826 1.59605e-55
1827 1.17132e-55
1828 8.59279e-56
1829 6.30111e-56
1830 4.61877e-56
1831 3.38425e-56
1832 2.4787e-56
1833 1.81474e-56
1834 1.32809e-56
1835 9.71559e-57
1836 7.10455e-57
1837 5.19315e-57
1838 3.79447e-57
1839 2.77139e-57
1840 2.02335e-57
1841 1.47662e-57
1842 1.0772e-57
1843 7.855e-58
1844 5.72564e-58
1845 4.17185e-58
1846 3.0385e-58
1847 2.21216e-58
1848 1.6099e-58
1849 1.17114e-58
1850 8.51617e-59
1851 6.19022e-59
1852 4.49774e-59
1853 3.2667e-59
1854 2.37164e-59
1855 1.72114e-59
1856 1.24856e-59
1857 9.05376e-60
1858 6.56258e-60
1859 4.75496e-60
1860 3.44386e-60
1861 2.49327e-60
1862 1.80435e-60
1863 1.30526e-60
1864 9.43843e-61
1865 6.82227e-61
1866 4.92929e-61
1867 3.56013e-61
1868 2.57024e-61
1869 1.85485e-61
1870 1.33804e-61
1871 9.64839e-62
1872 6.95452e-62
1873 5.01079e-62
1874 3.60887e-62
1875 2.59814e-62
1876 1.86973e-62
1877 1.345e-62
1878 9.67149e-63
1879 6.95167e-63
1880 4.99472e-63
1881 3.58723e-63
1882 2.57534e-63
1883 1.84814e-63
1884 1.32575e-63
1885 9.50635e-64
1886 6.81386e-64
1887 4.882e-64
1888 3.49647e-64
1889 2.50315e-64
1890 1.79131e-64
1891 1.28139e-64
1892 9.16254e-65
1893 6.54904e-65
1894 4.67914e-65
1895 3.3418e-65
1896 2.38573e-65
1897 1.7025e-65
1898 1.21445e-65
1899 8.65961e-66
1900 6.17225e-66
1901 4.39759e-66
1902 3.13193e-66
1903 2.22964e-66
1904 1.58666e-66
1905 1.12865e-66
1906 8.02529e-67
1907 5.70411e-67
1908 4.05268e-67
1909 2.87821e-67
1910 2.04328e-67
1911 1.44997e-67
1912 1.02853e-67
1913 7.29293e-68
1914 5.16906e-68
1915 3.66225e-68
1916 2.59365e-68
1917 1.83611e-68
1918 1.29931e-68
1919 9.19082e-69
1920 6.49862e-69
1921 4.59318e-69
1922 3.24513e-69
1923 2.2918e-69
1924 1.61789e-69
1925 1.14168e-69
1926 8.0532e-70
1927 5.67829e-70
1928 4.00215e-70
1929 2.81964e-70
1930 1.98574e-70
1931 1.3979e-70
1932 9.83682e-71
1933 6.91927e-71
1934 4.8651e-71
1935 3.41939e-71
1936 2.40233e-71
1937 1.68711e-71
1938 1.18435e-71
1939 8.31075e-72
1940 5.82945e-72
1941 4.08735e-72
1942 2.86472e-72
1943 2.007e-72
1944 1.40553e-72
1945 9.83915e-73
1946 6.88496e-73
1947 4.81584e-73
1948 3.36719e-73
1949 2.35337e-73
1950 1.64414e-73
1951 1.14819e-73
1952 8.01517e-74
1953 5.59292e-74
1954 3.90114e-74
1955 2.72e-74
1956 1.89572e-74
1957 1.3207e-74
1958 9.1973e-75
1959 6.4024e-75
1960 4.45504e-75
1961 3.09874e-75
1962 2.1545e-75
1963 1.49738e-75
1964 1.04027e-75
1965 7.2241e-76
1966 5.01474e-76
1967 3.47967e-76
1968 2.41354e-76
1969 1.67339e-76
1970 1.15975e-76
1971 8.03453e-77
1972 5.56392e-77
1973 3.85148e-77
1974 2.66502e-77
1975 1.84331e-77
1976 1.27445e-77
1977 8.80793e-78
1978 6.08486e-78
1979 4.20197e-78
1980 2.90056e-78
1981 2.00141e-78
1982 1.38044e-78
1983 9.5175e-79
1984 6.55927e-79
1985 4.5187e-79
1986 3.11171e-79
1987 2.14195e-79
1988 1.47382e-79
1989 1.0137e-79
1990 6.96942e-80
1991 4.78973e-80
1992 3.29042e-80
1993 2.25953e-80
1994 1.55099e-80
1995 1.06421e-80
1996 7.29916e-81
1997 5.0043e-81
1998 3.42957e-81
1999 2.34943e-81
2000 1.60883e-81
2001 1.10125e-81
2002 7.53503e-82
2003 5.15361e-82
2004 3.52341e-82
2005 2.40792e-82
2006 1.64493e-82
2007 1.12325e-82
2008 7.66713e-83
2009 5.23136e-83
2010 3.56799e-83
2011 2.43252e-83
2012 1.65774e-83
2013 1.12928e-83
2014 7.68981e-84
2015 5.23424e-84
2016 3.56137e-84
2017 2.42219e-84
2018 1.64673e-84
2019 1.11909e-84
2020 7.6021e-85
2021 5.16207e-85
2022 3.50382e-85
2023 2.37723e-85
2024 1.61227e-85
2025 1.09298e-85
2026 7.40655e-86
2027 5.01679e-86
2028 3.39671e-86
2029 2.29872e-86
2030 1.55495e-86
2031 1.05129e-86
2032 7.10369e-87
2033 4.79704e-87
2034 3.23687e-87
2035 2.1822e-87
2036 1.46934e-87
2037 9.87909e-88
2038 6.62737e-88
2039 4.43381e-88
2040 2.9536e-88
2041 1.957e-88
2042 1.2861e-88
2043 8.36887e-89
2044 5.37552e-89
2045 3.41812e-89
2046 2.1811e-89
2047 1.47353e-89
