0 4.04538e-22
1 3.57925e-22
2 3.1714e-22
3 2.81583e-22
4 2.50726e-22
5 2.24111e-22
6 2.01339e-22
7 1.82069e-22
8 1.66004e-22
9 1.52897e-22
10 1.42543e-22
11 1.34774e-22
12 1.2946e-22
13 1.26508e-22
14 1.25855e-22
15 1.27469e-22
16 1.31353e-22
17 1.37538e-22
18 1.46089e-22
19 1.571e-22
20 1.70699e-22
21 1.87046e-22
22 2.06339e-22
23 2.28815e-22
24 2.54748e-22
25 2.84457e-22
26 3.18308e-22
27 3.56722e-22
28 4.00172e-22
29 4.49191e-22
30 5.0439e-22
31 5.66442e-22
32 6.3611e-22
33 7.14252e-22
34 8.01818e-22
35 8.99874e-22
36 1.00962e-21
37 1.13237e-21
38 1.26962e-21
39 1.42301e-21
40 1.59439e-21
41 1.7858e-21
42 1.99953e-21
43 2.2381e-21
44 2.50434e-21
45 2.8014e-21
46 3.13274e-21
47 3.50227e-21
48 3.91427e-21
49 4.37355e-21
50 4.8854e-21
51 5.45575e-21
52 6.09112e-21
53 6.79882e-21
54 7.5869e-21
55 8.46429e-21
56 9.44098e-21
57 1.0528e-20
58 1.17374e-20
59 1.30829e-20
60 1.45795e-20
61 1.62437e-20
62 1.80941e-20
63 2.01509e-20
64 2.24369e-20
65 2.4977e-20
66 2.7799e-20
67 3.09334e-20
68 3.44143e-20
69 3.82792e-20
70 4.25695e-20
71 4.73313e-20
72 5.26152e-20
73 5.84775e-20
74 6.49801e-20
75 7.21917e-20
76 8.01878e-20
77 8.90523e-20
78 9.88775e-20
79 1.09765e-19
80 1.21829e-19
81 1.35192e-19
82 1.49991e-19
83 1.66379e-19
84 1.84522e-19
85 2.04604e-19
86 2.26828e-19
87 2.51419e-19
88 2.78621e-19
89 3.08708e-19
90 3.41979e-19
91 3.78763e-19
92 4.19424e-19
93 4.64361e-19
94 5.14015e-19
95 5.6887e-19
96 6.29459e-19
97 6.96369e-19
98 7.70245e-19
99 8.51796e-19
100 9.41802e-19
101 1.04112e-18
102 1.15069e-18
103 1.27156e-18
104 1.40485e-18
105 1.55181e-18
106 1.71383e-18
107 1.8924e-18
108 2.08918e-18
109 2.30599e-18
110 2.5448e-18
111 2.80782e-18
112 3.09744e-18
113 3.41627e-18
114 3.76721e-18
115 4.15342e-18
116 4.57835e-18
117 5.04579e-18
118 5.55991e-18
119 6.12526e-18
120 6.74681e-18
121 7.43004e-18
122 8.1809e-18
123 9.00596e-18
124 9.91235e-18
125 1.09079e-17
126 1.20012e-17
127 1.32016e-17
128 1.45193e-17
129 1.59656e-17
130 1.75527e-17
131 1.92939e-17
132 2.12038e-17
133 2.32985e-17
134 2.55954e-17
135 2.81134e-17
136 3.08734e-17
137 3.3898e-17
138 3.7212e-17
139 4.08423e-17
140 4.48185e-17
141 4.91726e-17
142 5.39397e-17
143 5.91579e-17
144 6.48689e-17
145 7.11179e-17
146 7.79543e-17
147 8.5432e-17
148 9.36095e-17
149 1.02551e-16
150 1.12325e-16
151 1.23008e-16
152 1.34681e-16
153 1.47435e-16
154 1.61367e-16
155 1.76582e-16
156 1.93195e-16
157 2.11332e-16
158 2.31128e-16
159 2.52732e-16
160 2.76303e-16
161 3.02016e-16
162 3.3006e-16
163 3.6064e-16
164 3.93981e-16
165 4.30323e-16
166 4.6993e-16
167 5.13086e-16
168 5.60102e-16
169 6.11312e-16
170 6.6708e-16
171 7.278e-16
172 7.939e-16
173 8.65842e-16
174 9.44129e-16
175 1.0293e-15
176 1.12196e-15
177 1.22272e-15
178 1.3323e-15
179 1.45142e-15
180 1.5809e-15
181 1.72163e-15
182 1.87453e-15
183 2.04064e-15
184 2.22106e-15
185 2.41699e-15
186 2.62973e-15
187 2.86067e-15
188 3.11133e-15
189 3.38333e-15
190 3.67844e-15
191 3.99856e-15
192 4.34575e-15
193 4.72223e-15
194 5.13039e-15
195 5.57281e-15
196 6.05229e-15
197 6.57181e-15
198 7.13464e-15
199 7.74425e-15
200 8.40442e-15
201 9.1192e-15
202 9.89296e-15
203 1.07304e-14
204 1.16366e-14
205 1.26171e-14
206 1.36776e-14
207 1.48245e-14
208 1.60647e-14
209 1.74055e-14
210 1.88546e-14
211 2.04207e-14
212 2.21128e-14
213 2.39407e-14
214 2.59149e-14
215 2.80468e-14
216 3.03485e-14
217 3.2833e-14
218 3.55144e-14
219 3.84077e-14
220 4.15292e-14
221 4.48961e-14
222 4.85271e-14
223 5.24422e-14
224 5.66629e-14
225 6.1212e-14
226 6.61144e-14
227 7.13965e-14
228 7.70866e-14
229 8.32152e-14
230 8.98148e-14
231 9.69203e-14
232 1.04569e-13
233 1.12802e-13
234 1.2166e-13
235 1.31191e-13
236 1.41444e-13
237 1.5247e-13
238 1.64327e-13
239 1.77075e-13
240 1.90777e-13
241 2.05504e-13
242 2.21328e-13
243 2.38329e-13
244 2.5659e-13
245 2.76201e-13
246 2.9726e-13
247 3.19867e-13
248 3.44132e-13
249 3.70173e-13
250 3.98114e-13
251 4.28089e-13
252 4.60239e-13
253 4.94715e-13
254 5.3168e-13
255 5.71305e-13
256 6.13774e-13
257 6.59283e-13
258 7.08039e-13
259 7.60265e-13
260 8.16197e-13
261 8.76086e-13
262 9.40202e-13
263 1.00883e-12
264 1.08227e-12
265 1.16084e-12
266 1.2449e-12
267 1.3348e-12
268 1.43094e-12
269 1.53372e-12
270 1.64359e-12
271 1.76101e-12
272 1.88648e-12
273 2.02052e-12
274 2.1637e-12
275 2.3166e-12
276 2.47987e-12
277 2.65416e-12
278 2.8402e-12
279 3.03873e-12
280 3.25055e-12
281 3.47653e-12
282 3.71755e-12
283 3.97458e-12
284 4.24863e-12
285 4.54078e-12
286 4.85216e-12
287 5.18399e-12
288 5.53755e-12
289 5.9142e-12
290 6.31538e-12
291 6.7426e-12
292 7.19748e-12
293 7.68174e-12
294 8.19717e-12
295 8.7457e-12
296 9.32934e-12
297 9.95025e-12
298 1.06107e-11
299 1.1313e-11
300 1.20598e-11
301 1.28537e-11
302 1.36976e-11
303 1.45944e-11
304 1.55473e-11
305 1.65595e-11
306 1.76348e-11
307 1.87766e-11
308 1.9989e-11
309 2.1276e-11
310 2.2642e-11
311 2.40916e-11
312 2.56296e-11
313 2.72611e-11
314 2.89915e-11
315 3.08263e-11
316 3.27716e-11
317 3.48335e-11
318 3.70188e-11
319 3.93342e-11
320 4.1787e-11
321 4.4385e-11
322 4.71361e-11
323 5.0049e-11
324 5.31323e-11
325 5.63956e-11
326 5.98486e-11
327 6.35017e-11
328 6.73657e-11
329 7.14521e-11
330 7.57728e-11
331 8.03405e-11
332 8.51682e-11
333 9.027e-11
334 9.56604e-11
335 1.01355e-10
336 1.07369e-10
337 1.1372e-10
338 1.20425e-10
339 1.27504e-10
340 1.34975e-10
341 1.42859e-10
342 1.51178e-10
343 1.59953e-10
344 1.69209e-10
345 1.7897e-10
346 1.89262e-10
347 2.00113e-10
348 2.1155e-10
349 2.23604e-10
350 2.36306e-10
351 2.49689e-10
352 2.63786e-10
353 2.78634e-10
354 2.94271e-10
355 3.10735e-10
356 3.28068e-10
357 3.46312e-10
358 3.65513e-10
359 3.85718e-10
360 4.06975e-10
361 4.29336e-10
362 4.52854e-10
363 4.77585e-10
364 5.03587e-10
365 5.30921e-10
366 5.59649e-10
367 5.89839e-10
368 6.21557e-10
369 6.54877e-10
370 6.89872e-10
371 7.26619e-10
372 7.65199e-10
373 8.05696e-10
374 8.48196e-10
375 8.9279e-10
376 9.39572e-10
377 9.8864e-10
378 1.04009e-09
379 1.09404e-09
380 1.15058e-09
381 1.20984e-09
382 1.27193e-09
383 1.33698e-09
384 1.4051e-09
385 1.47643e-09
386 1.55111e-09
387 1.62927e-09
388 1.71106e-09
389 1.79664e-09
390 1.88616e-09
391 1.97978e-09
392 2.07768e-09
393 2.18002e-09
394 2.28699e-09
395 2.39877e-09
396 2.51557e-09
397 2.63758e-09
398 2.76502e-09
399 2.89809e-09
400 3.03704e-09
401 3.18209e-09
402 3.33348e-09
403 3.49148e-09
404 3.65633e-09
405 3.82832e-09
406 4.00773e-09
407 4.19485e-09
408 4.38999e-09
409 4.59345e-09
410 4.80558e-09
411 5.02671e-09
412 5.25719e-09
413 5.49738e-09
414 5.74768e-09
415 6.00847e-09
416 6.28016e-09
417 6.56316e-09
418 6.85793e-09
419 7.1649e-09
420 7.48455e-09
421 7.81736e-09
422 8.16382e-09
423 8.52445e-09
424 8.89978e-09
425 9.29036e-09
426 9.69675e-09
427 1.01195e-08
428 1.05593e-08
429 1.10167e-08
430 1.14922e-08
431 1.19867e-08
432 1.25007e-08
433 1.30349e-08
434 1.35899e-08
435 1.41666e-08
436 1.47657e-08
437 1.53877e-08
438 1.60336e-08
439 1.67041e-08
440 1.73999e-08
441 1.81219e-08
442 1.88709e-08
443 1.96477e-08
444 2.0453e-08
445 2.12879e-08
446 2.2153e-08
447 2.30494e-08
448 2.39778e-08
449 2.49392e-08
450 2.59345e-08
451 2.69647e-08
452 2.80305e-08
453 2.91331e-08
454 3.02733e-08
455 3.14522e-08
456 3.26708e-08
457 3.393e-08
458 3.52308e-08
459 3.65745e-08
460 3.79619e-08
461 3.93943e-08
462 4.08727e-08
463 4.23984e-08
464 4.39724e-08
465 4.5596e-08
466 4.72705e-08
467 4.89971e-08
468 5.07771e-08
469 5.2612e-08
470 5.45031e-08
471 5.6452e-08
472 5.846e-08
473 6.05289e-08
474 6.26602e-08
475 6.48556e-08
476 6.71169e-08
477 6.9446e-08
478 7.18446e-08
479 7.43147e-08
480 7.68585e-08
481 7.9478e-08
482 8.21753e-08
483 8.49529e-08
484 8.7813e-08
485 9.0758e-08
486 9.37904e-08
487 9.69129e-08
488 1.00128e-07
489 1.03439e-07
490 1.06848e-07
491 1.10358e-07
492 1.13972e-07
493 1.17693e-07
494 1.21524e-07
495 1.25468e-07
496 1.29528e-07
497 1.33708e-07
498 1.38011e-07
499 1.4244e-07
500 1.46997e-07
501 1.51687e-07
502 1.56512e-07
503 1.61476e-07
504 1.66581e-07
505 1.71831e-07
506 1.77228e-07
507 1.82777e-07
508 1.88478e-07
509 1.94335e-07
510 2.00351e-07
511 2.06528e-07
512 2.12868e-07
513 2.19373e-07
514 2.26045e-07
515 2.32886e-07
516 2.39898e-07
517 2.47081e-07
518 2.54437e-07
519 2.61967e-07
520 2.69671e-07
521 2.77551e-07
522 2.85605e-07
523 2.93834e-07
524 3.02238e-07
525 3.10817e-07
526 3.19569e-07
527 3.28493e-07
528 3.3759e-07
529 3.46857e-07
530 3.56292e-07
531 3.65896e-07
532 3.75665e-07
533 3.85597e-07
534 3.95692e-07
535 4.05947e-07
536 4.1636e-07
537 4.2693e-07
538 4.37654e-07
539 4.48531e-07
540 4.5956e-07
541 4.70738e-07
542 4.82065e-07
543 4.9354e-07
544 5.05163e-07
545 5.16932e-07
546 5.28849e-07
547 5.40914e-07
548 5.53129e-07
549 5.65494e-07
550 5.78012e-07
551 5.90686e-07
552 6.0352e-07
553 6.16518e-07
554 6.29684e-07
555 6.43025e-07
556 6.56547e-07
557 6.70256e-07
558 6.84162e-07
559 6.98273e-07
560 7.12599e-07
561 7.27149e-07
562 7.41936e-07
563 7.56971e-07
564 7.72267e-07
565 7.87837e-07
566 8.03695e-07
567 8.19857e-07
568 8.36336e-07
569 8.53149e-07
570 8.70313e-07
571 8.87842e-07
572 9.05755e-07
573 9.24067e-07
574 9.42795e-07
575 9.61957e-07
576 9.81568e-07
577 1.00165e-06
578 1.0222e-06
579 1.04326e-06
580 1.06483e-06
581 1.08692e-06
582 1.10954e-06
583 1.13272e-06
584 1.15645e-06
585 1.18075e-06
586 1.20562e-06
587 1.23107e-06
588 1.2571e-06
589 1.28371e-06
590 1.3109e-06
591 1.33867e-06
592 1.367e-06
593 1.3959e-06
594 1.42535e-06
595 1.45533e-06
596 1.48583e-06
597 1.51683e-06
598 1.54831e-06
599 1.58023e-06
600 1.61257e-06
601 1.6453e-06
602 1.67838e-06
603 1.71177e-06
604 1.74544e-06
605 1.77933e-06
606 1.8134e-06
607 1.8476e-06
608 1.88188e-06
609 1.91619e-06
610 1.95046e-06
611 1.98463e-06
612 2.01865e-06
613 2.05246e-06
614 2.08599e-06
615 2.11917e-06
616 2.15194e-06
617 2.18423e-06
618 2.21598e-06
619 2.24712e-06
620 2.27759e-06
621 2.30732e-06
622 2.33625e-06
623 2.36432e-06
624 2.39147e-06
625 2.41765e-06
626 2.4428e-06
627 2.46686e-06
628 2.48981e-06
629 2.51159e-06
630 2.53216e-06
631 2.55151e-06
632 2.56959e-06
633 2.58639e-06
634 2.6019e-06
635 2.6161e-06
636 2.62901e-06
637 2.64061e-06
638 2.65093e-06
639 2.65998e-06
640 2.66781e-06
641 2.67443e-06
642 2.6799e-06
643 2.68428e-06
644 2.68761e-06
645 2.68998e-06
646 2.69146e-06
647 2.69214e-06
648 2.69211e-06
649 2.69147e-06
650 2.69033e-06
651 2.68882e-06
652 2.68705e-06
653 2.68516e-06
654 2.68329e-06
655 2.68158e-06
656 2.68018e-06
657 2.67925e-06
658 2.67894e-06
659 2.67943e-06
660 2.68087e-06
661 2.68344e-06
662 2.68731e-06
663 2.69265e-06
664 2.69964e-06
665 2.70845e-06
666 2.71924e-06
667 2.7322e-06
668 2.74749e-06
669 2.76527e-06
670 2.78569e-06
671 2.80892e-06
672 2.8351e-06
673 2.86437e-06
674 2.89686e-06
675 2.93269e-06
676 2.97198e-06
677 3.01482e-06
678 3.06131e-06
679 3.11152e-06
680 3.16552e-06
681 3.22336e-06
682 3.28508e-06
683 3.35069e-06
684 3.4202e-06
685 3.4936e-06
686 3.57086e-06
687 3.65194e-06
688 3.73677e-06
689 3.82528e-06
690 3.91737e-06
691 4.01291e-06
692 4.11178e-06
693 4.21382e-06
694 4.31886e-06
695 4.42671e-06
696 4.53716e-06
697 4.65e-06
698 4.76497e-06
699 4.88182e-06
700 5.00027e-06
701 5.12004e-06
702 5.24082e-06
703 5.36228e-06
704 5.48411e-06
705 5.60595e-06
706 5.72744e-06
707 5.84823e-06
708 5.96793e-06
709 6.08617e-06
710 6.20255e-06
711 6.31667e-06
712 6.42815e-06
713 6.53658e-06
714 6.64155e-06
715 6.74267e-06
716 6.83952e-06
717 6.93173e-06
718 7.01888e-06
719 7.1006e-06
720 7.17651e-06
721 7.24624e-06
722 7.30942e-06
723 7.36573e-06
724 7.41482e-06
725 7.45639e-06
726 7.49013e-06
727 7.51576e-06
728 7.53303e-06
729 7.5417e-06
730 7.54156e-06
731 7.53241e-06
732 7.5141e-06
733 7.48648e-06
734 7.44945e-06
735 7.40292e-06
736 7.34685e-06
737 7.28121e-06
738 7.20601e-06
739 7.1213e-06
740 7.02715e-06
741 6.92368e-06
742 6.81103e-06
743 6.68937e-06
744 6.55891e-06
745 6.41991e-06
746 6.27264e-06
747 6.11743e-06
748 5.95461e-06
749 5.78458e-06
750 5.60774e-06
751 5.42457e-06
752 5.23552e-06
753 5.04114e-06
754 4.84195e-06
755 4.63854e-06
756 4.43152e-06
757 4.22152e-06
758 4.00921e-06
759 3.79528e-06
760 3.58043e-06
761 3.36542e-06
762 3.15099e-06
763 2.93794e-06
764 2.72705e-06
765 2.51916e-06
766 2.3151e-06
767 2.1157e-06
768 1.92185e-06
769 1.7344e-06
770 1.55423e-06
771 1.38225e-06
772 1.21933e-06
773 1.06638e-06
774 9.24303e-07
775 7.93988e-07
776 6.76338e-07
777 5.72245e-07
778 4.82597e-07
779 4.08276e-07
780 3.50152e-07
781 3.09088e-07
782 2.85933e-07
783 2.8152e-07
784 2.96669e-07
785 3.32182e-07
786 3.88844e-07
787 4.67417e-07
788 5.68644e-07
789 6.93245e-07
790 8.41917e-07
791 1.01533e-06
792 1.21413e-06
793 1.43894e-06
794 1.69035e-06
795 1.96893e-06
796 2.2752e-06
797 2.60967e-06
798 2.97283e-06
799 3.36511e-06
800 3.78693e-06
801 4.23867e-06
802 4.72069e-06
803 5.23332e-06
804 5.77684e-06
805 6.35152e-06
806 6.95759e-06
807 7.59525e-06
808 8.26468e-06
809 8.96604e-06
810 9.69942e-06
811 1.04649e-05
812 1.12626e-05
813 1.20926e-05
814 1.29548e-05
815 1.38493e-05
816 1.4776e-05
817 1.57348e-05
818 1.67258e-05
819 1.77488e-05
820 1.88038e-05
821 1.98906e-05
822 2.10092e-05
823 2.21593e-05
824 2.33408e-05
825 2.45537e-05
826 2.57976e-05
827 2.70726e-05
828 2.83784e-05
829 2.97148e-05
830 3.10817e-05
831 3.2479e-05
832 3.39066e-05
833 3.53641e-05
834 3.68517e-05
835 3.83691e-05
836 3.99162e-05
837 4.14929e-05
838 4.30992e-05
839 4.47351e-05
840 4.64005e-05
841 4.80954e-05
842 4.98198e-05
843 5.15738e-05
844 5.33575e-05
845 5.5171e-05
846 5.70144e-05
847 5.8888e-05
848 6.07918e-05
849 6.27263e-05
850 6.46917e-05
851 6.66883e-05
852 6.87165e-05
853 7.07767e-05
854 7.28694e-05
855 7.49951e-05
856 7.71544e-05
857 7.9348e-05
858 8.15763e-05
859 8.38402e-05
860 8.61405e-05
861 8.84779e-05
862 9.08534e-05
863 9.32678e-05
864 9.57221e-05
865 9.82175e-05
866 0.000100755
867 0.000103336
868 0.000105961
869 0.000108631
870 0.000111349
871 0.000114116
872 0.000116932
873 0.0001198
874 0.00012272
875 0.000125695
876 0.000128727
877 0.000131816
878 0.000134966
879 0.000138177
880 0.000141451
881 0.000144792
882 0.000148199
883 0.000151677
884 0.000155227
885 0.00015885
886 0.000162551
887 0.00016633
888 0.00017019
889 0.000174133
890 0.000178163
891 0.000182281
892 0.000186491
893 0.000190794
894 0.000195194
895 0.000199694
896 0.000204296
897 0.000209002
898 0.000213817
899 0.000218743
900 0.000223782
901 0.000228939
902 0.000234216
903 0.000239616
904 0.000245142
905 0.000250799
906 0.000256588
907 0.000262514
908 0.000268579
909 0.000274788
910 0.000281143
911 0.000287648
912 0.000294307
913 0.000301123
914 0.000308099
915 0.000315241
916 0.00032255
917 0.000330031
918 0.000337687
919 0.000345523
920 0.000353542
921 0.000361748
922 0.000370144
923 0.000378736
924 0.000387526
925 0.000396518
926 0.000405717
927 0.000415127
928 0.000424751
929 0.000434594
930 0.000444659
931 0.000454952
932 0.000465475
933 0.000476233
934 0.000487231
935 0.000498472
936 0.00050996
937 0.000521701
938 0.000533697
939 0.000545954
940 0.000558476
941 0.000571266
942 0.00058433
943 0.000597671
944 0.000611294
945 0.000625203
946 0.000639403
947 0.000653897
948 0.000668691
949 0.000683789
950 0.000699194
951 0.000714912
952 0.000730947
953 0.000747304
954 0.000763986
955 0.000780998
956 0.000798345
957 0.00081603
958 0.00083406
959 0.000852437
960 0.000871166
961 0.000890252
962 0.0009097
963 0.000929512
964 0.000949695
965 0.000970253
966 0.000991189
967 0.00101251
968 0.00103422
969 0.00105631
970 0.00107881
971 0.00110171
972 0.00112501
973 0.00114872
974 0.00117284
975 0.00119739
976 0.00122235
977 0.00124774
978 0.00127357
979 0.00129983
980 0.00132652
981 0.00135366
982 0.00138125
983 0.00140929
984 0.00143779
985 0.00146675
986 0.00149617
987 0.00152605
988 0.00155641
989 0.00158725
990 0.00161856
991 0.00165036
992 0.00168265
993 0.00171543
994 0.0017487
995 0.00178247
996 0.00181674
997 0.00185152
998 0.0018868
999 0.0019226
1000 0.00195892
1001 0.00199575
1002 0.0020331
1003 0.00207098
1004 0.00210939
1005 0.00214833
1006 0.00218781
1007 0.00222782
1008 0.00226837
1009 0.00230947
1010 0.00235111
1011 0.0023933
1012 0.00243604
1013 0.00247933
1014 0.00252318
1015 0.00256758
1016 0.00261255
1017 0.00265807
1018 0.00270416
1019 0.00275082
1020 0.00279804
1021 0.00284583
1022 0.00289419
1023 0.00294312
1024 0.00299262
1025 0.00304269
1026 0.00309335
1027 0.00314457
1028 0.00319637
1029 0.00324875
1030 0.00330171
1031 0.00335524
1032 0.00340935
1033 0.00346404
1034 0.0035193
1035 0.00357515
1036 0.00363157
1037 0.00368856
1038 0.00374613
1039 0.00380428
1040 0.003863
1041 0.0039223
1042 0.00398216
1043 0.0040426
1044 0.0041036
1045 0.00416517
1046 0.00422731
1047 0.00429001
1048 0.00435326
1049 0.00441708
1050 0.00448145
1051 0.00454637
1052 0.00461185
1053 0.00467786
1054 0.00474442
1055 0.00481152
1056 0.00487916
1057 0.00494732
1058 0.00501601
1059 0.00508523
1060 0.00515496
1061 0.00522521
1062 0.00529596
1063 0.00536722
1064 0.00543897
1065 0.00551122
1066 0.00558395
1067 0.00565716
1068 0.00573085
1069 0.00580501
1070 0.00587962
1071 0.0059547
1072 0.00603021
1073 0.00610617
1074 0.00618256
1075 0.00625938
1076 0.00633661
1077 0.00641425
1078 0.0064923
1079 0.00657073
1080 0.00664955
1081 0.00672874
1082 0.0068083
1083 0.00688822
1084 0.00696848
1085 0.00704908
1086 0.00713
1087 0.00721124
1088 0.00729279
1089 0.00737463
1090 0.00745676
1091 0.00753916
1092 0.00762183
1093 0.00770474
1094 0.0077879
1095 0.00787128
1096 0.00795488
1097 0.00803868
1098 0.00812267
1099 0.00820684
1100 0.00829117
1101 0.00837566
1102 0.00846029
1103 0.00854504
1104 0.00862991
1105 0.00871487
1106 0.00879992
1107 0.00888504
1108 0.00897021
1109 0.00905543
1110 0.00914067
1111 0.00922593
1112 0.00931118
1113 0.00939642
1114 0.00948162
1115 0.00956678
1116 0.00965187
1117 0.00973689
1118 0.00982181
1119 0.00990662
1120 0.0099913
1121 0.0100758
1122 0.0101602
1123 0.0102444
1124 0.0103284
1125 0.0104122
1126 0.0104958
1127 0.0105792
1128 0.0106622
1129 0.010745
1130 0.0108275
1131 0.0109097
1132 0.0109916
1133 0.0110731
1134 0.0111543
1135 0.0112351
1136 0.0113155
1137 0.0113955
1138 0.011475
1139 0.0115541
1140 0.0116327
1141 0.0117109
1142 0.0117885
1143 0.0118657
1144 0.0119423
1145 0.0120183
1146 0.0120938
1147 0.0121687
1148 0.0122429
1149 0.0123166
1150 0.0123896
1151 0.012462
1152 0.0125336
1153 0.0126046
1154 0.0126749
1155 0.0127445
1156 0.0128133
1157 0.0128813
1158 0.0129486
1159 0.0130151
1160 0.0130807
1161 0.0131456
1162 0.0132096
1163 0.0132727
1164 0.013335
1165 0.0133964
1166 0.0134568
1167 0.0135164
1168 0.013575
1169 0.0136326
1170 0.0136893
1171 0.013745
1172 0.0137997
1173 0.0138534
1174 0.0139061
1175 0.0139577
1176 0.0140083
1177 0.0140578
1178 0.0141062
1179 0.0141535
1180 0.0141997
1181 0.0142448
1182 0.0142888
1183 0.0143316
1184 0.0143732
1185 0.0144137
1186 0.014453
1187 0.0144911
1188 0.014528
1189 0.0145637
1190 0.0145982
1191 0.0146314
1192 0.0146634
1193 0.0146941
1194 0.0147236
1195 0.0147518
1196 0.0147787
1197 0.0148043
1198 0.0148287
1199 0.0148517
1200 0.0148734
1201 0.0148938
1202 0.0149128
1203 0.0149305
1204 0.0149469
1205 0.014962
1206 0.0149756
1207 0.014988
1208 0.0149989
1209 0.0150086
1210 0.0150168
1211 0.0150237
1212 0.0150292
1213 0.0150333
1214 0.015036
1215 0.0150374
1216 0.0150373
1217 0.0150359
1218 0.0150331
1219 0.0150289
1220 0.0150233
1221 0.0150163
1222 0.015008
1223 0.0149982
1224 0.0149871
1225 0.0149746
1226 0.0149607
1227 0.0149454
1228 0.0149288
1229 0.0149107
1230 0.0148913
1231 0.0148706
1232 0.0148484
1233 0.0148249
1234 0.0148001
1235 0.0147739
1236 0.0147464
1237 0.0147175
1238 0.0146873
1239 0.0146558
1240 0.0146229
1241 0.0145888
1242 0.0145533
1243 0.0145166
1244 0.0144785
1245 0.0144392
1246 0.0143987
1247 0.0143568
1248 0.0143137
1249 0.0142694
1250 0.0142239
1251 0.0141771
1252 0.0141291
1253 0.01408
1254 0.0140296
1255 0.0139781
1256 0.0139254
1257 0.0138716
1258 0.0138166
1259 0.0137606
1260 0.0137034
1261 0.0136451
1262 0.0135858
1263 0.0135254
1264 0.0134639
1265 0.0134014
1266 0.0133379
1267 0.0132734
1268 0.0132079
1269 0.0131414
1270 0.013074
1271 0.0130056
1272 0.0129363
1273 0.0128661
1274 0.012795
1275 0.0127231
1276 0.0126503
1277 0.0125766
1278 0.0125021
1279 0.0124269
1280 0.0123508
1281 0.012274
1282 0.0121964
1283 0.0121182
1284 0.0120392
1285 0.0119595
1286 0.0118791
1287 0.0117981
1288 0.0117165
1289 0.0116342
1290 0.0115514
1291 0.011468
1292 0.011384
1293 0.0112995
1294 0.0112145
1295 0.011129
1296 0.011043
1297 0.0109565
1298 0.0108696
1299 0.0107823
1300 0.0106946
1301 0.0106066
1302 0.0105181
1303 0.0104294
1304 0.0103403
1305 0.0102509
1306 0.0101613
1307 0.0100713
1308 0.0099812
1309 0.00989083
1310 0.00980026
1311 0.00970952
1312 0.00961862
1313 0.00952757
1314 0.0094364
1315 0.00934514
1316 0.00925378
1317 0.00916237
1318 0.00907091
1319 0.00897942
1320 0.00888792
1321 0.00879643
1322 0.00870497
1323 0.00861356
1324 0.00852221
1325 0.00843094
1326 0.00833976
1327 0.00824871
1328 0.00815778
1329 0.00806701
1330 0.0079764
1331 0.00788597
1332 0.00779574
1333 0.00770572
1334 0.00761594
1335 0.0075264
1336 0.00743712
1337 0.00734812
1338 0.0072594
1339 0.007171
1340 0.00708291
1341 0.00699515
1342 0.00690774
1343 0.0068207
1344 0.00673402
1345 0.00664773
1346 0.00656185
1347 0.00647637
1348 0.00639132
1349 0.0063067
1350 0.00622253
1351 0.00613882
1352 0.00605558
1353 0.00597282
1354 0.00589055
1355 0.00580878
1356 0.00572752
1357 0.00564678
1358 0.00556658
1359 0.00548691
1360 0.00540779
1361 0.00532923
1362 0.00525123
1363 0.0051738
1364 0.00509696
1365 0.0050207
1366 0.00494504
1367 0.00486997
1368 0.00479552
1369 0.00472168
1370 0.00464847
1371 0.00457587
1372 0.00450391
1373 0.00443259
1374 0.00436191
1375 0.00429188
1376 0.0042225
1377 0.00415377
1378 0.0040857
1379 0.0040183
1380 0.00395156
1381 0.00388549
1382 0.00382009
1383 0.00375537
1384 0.00369133
1385 0.00362796
1386 0.00356528
1387 0.00350328
1388 0.00344197
1389 0.00338134
1390 0.0033214
1391 0.00326215
1392 0.00320359
1393 0.00314572
1394 0.00308853
1395 0.00303204
1396 0.00297623
1397 0.00292112
1398 0.00286669
1399 0.00281295
1400 0.00275989
1401 0.00270752
1402 0.00265584
1403 0.00260483
1404 0.00255451
1405 0.00250487
1406 0.0024559
1407 0.00240761
1408 0.00235999
1409 0.00231303
1410 0.00226675
1411 0.00222113
1412 0.00217617
1413 0.00213186
1414 0.00208821
1415 0.00204522
1416 0.00200287
1417 0.00196116
1418 0.00192009
1419 0.00187966
1420 0.00183986
1421 0.00180068
1422 0.00176213
1423 0.0017242
1424 0.00168688
1425 0.00165018
1426 0.00161407
1427 0.00157857
1428 0.00154366
1429 0.00150934
1430 0.0014756
1431 0.00144245
1432 0.00140987
1433 0.00137785
1434 0.00134641
1435 0.00131551
1436 0.00128518
1437 0.00125538
1438 0.00122613
1439 0.00119742
1440 0.00116923
1441 0.00114157
1442 0.00111443
1443 0.00108779
1444 0.00106167
1445 0.00103604
1446 0.00101091
1447 0.00098627
1448 0.000962109
1449 0.000938425
1450 0.00091521
1451 0.000892459
1452 0.000870166
1453 0.000848325
1454 0.00082693
1455 0.000805974
1456 0.000785451
1457 0.000765356
1458 0.000745682
1459 0.000726423
1460 0.000707573
1461 0.000689125
1462 0.000671075
1463 0.000653416
1464 0.000636141
1465 0.000619245
1466 0.000602722
1467 0.000586566
1468 0.000570771
1469 0.000555331
1470 0.00054024
1471 0.000525493
1472 0.000511084
1473 0.000497006
1474 0.000483255
1475 0.000469824
1476 0.000456708
1477 0.000443902
1478 0.000431399
1479 0.000419195
1480 0.000407284
1481 0.000395661
1482 0.000384319
1483 0.000373255
1484 0.000362463
1485 0.000351937
1486 0.000341672
1487 0.000331664
1488 0.000321907
1489 0.000312397
1490 0.000303128
1491 0.000294096
1492 0.000285295
1493 0.000276722
1494 0.000268372
1495 0.000260239
1496 0.00025232
1497 0.000244609
1498 0.000237103
1499 0.000229797
1500 0.000222687
1501 0.000215768
1502 0.000209037
1503 0.000202488
1504 0.000196119
1505 0.000189925
1506 0.000183903
1507 0.000178047
1508 0.000172355
1509 0.000166823
1510 0.000161447
1511 0.000156223
1512 0.000151148
1513 0.000146218
1514 0.00014143
1515 0.000136781
1516 0.000132266
1517 0.000127884
1518 0.00012363
1519 0.000119501
1520 0.000115495
1521 0.000111608
1522 0.000107837
1523 0.000104179
1524 0.000100632
1525 9.71928e-05
1526 9.38581e-05
1527 9.06255e-05
1528 8.74924e-05
1529 8.4456e-05
1530 8.1514e-05
1531 7.86637e-05
1532 7.59027e-05
1533 7.32285e-05
1534 7.0639e-05
1535 6.81317e-05
1536 6.57043e-05
1537 6.33548e-05
1538 6.10808e-05
1539 5.88804e-05
1540 5.67515e-05
1541 5.46919e-05
1542 5.26999e-05
1543 5.07734e-05
1544 4.89105e-05
1545 4.71095e-05
1546 4.53685e-05
1547 4.36858e-05
1548 4.20597e-05
1549 4.04884e-05
1550 3.89704e-05
1551 3.75041e-05
1552 3.6088e-05
1553 3.47205e-05
1554 3.34001e-05
1555 3.21254e-05
1556 3.0895e-05
1557 2.97076e-05
1558 2.85618e-05
1559 2.74564e-05
1560 2.639e-05
1561 2.53614e-05
1562 2.43695e-05
1563 2.34131e-05
1564 2.24911e-05
1565 2.16022e-05
1566 2.07456e-05
1567 1.99201e-05
1568 1.91247e-05
1569 1.83585e-05
1570 1.76205e-05
1571 1.69097e-05
1572 1.62253e-05
1573 1.55663e-05
1574 1.4932e-05
1575 1.43215e-05
1576 1.37339e-05
1577 1.31686e-05
1578 1.26247e-05
1579 1.21016e-05
1580 1.15984e-05
1581 1.11146e-05
1582 1.06494e-05
1583 1.02022e-05
1584 9.77237e-06
1585 9.35929e-06
1586 8.96238e-06
1587 8.58105e-06
1588 8.21475e-06
1589 7.86294e-06
1590 7.52511e-06
1591 7.20074e-06
1592 6.88934e-06
1593 6.59045e-06
1594 6.30361e-06
1595 6.02837e-06
1596 5.7643e-06
1597 5.51099e-06
1598 5.26804e-06
1599 5.03506e-06
1600 4.81168e-06
1601 4.59753e-06
1602 4.39227e-06
1603 4.19555e-06
1604 4.00705e-06
1605 3.82645e-06
1606 3.65346e-06
1607 3.48777e-06
1608 3.3291e-06
1609 3.17718e-06
1610 3.03174e-06
1611 2.89253e-06
1612 2.7593e-06
1613 2.63181e-06
1614 2.50985e-06
1615 2.39317e-06
1616 2.28159e-06
1617 2.17488e-06
1618 2.07285e-06
1619 1.97531e-06
1620 1.88208e-06
1621 1.79298e-06
1622 1.70784e-06
1623 1.6265e-06
1624 1.54881e-06
1625 1.4746e-06
1626 1.40373e-06
1627 1.33607e-06
1628 1.27148e-06
1629 1.20983e-06
1630 1.151e-06
1631 1.09486e-06
1632 1.0413e-06
1633 9.90206e-07
1634 9.4148e-07
1635 8.95015e-07
1636 8.50714e-07
1637 8.08483e-07
1638 7.68231e-07
1639 7.29872e-07
1640 6.93322e-07
1641 6.58502e-07
1642 6.25335e-07
1643 5.93748e-07
1644 5.63669e-07
1645 5.35032e-07
1646 5.07772e-07
1647 4.81827e-07
1648 4.57138e-07
1649 4.33646e-07
1650 4.11298e-07
1651 3.90042e-07
1652 3.69827e-07
1653 3.50606e-07
1654 3.32332e-07
1655 3.14962e-07
1656 2.98454e-07
1657 2.82767e-07
1658 2.67863e-07
1659 2.53705e-07
1660 2.40258e-07
1661 2.27488e-07
1662 2.15363e-07
1663 2.03853e-07
1664 1.92928e-07
1665 1.8256e-07
1666 1.72722e-07
1667 1.63389e-07
1668 1.54536e-07
1669 1.46139e-07
1670 1.38177e-07
1671 1.30629e-07
1672 1.23473e-07
1673 1.16691e-07
1674 1.10265e-07
1675 1.04175e-07
1676 9.84068e-08
1677 9.29431e-08
1678 8.77689e-08
1679 8.28697e-08
1680 7.82316e-08
1681 7.38413e-08
1682 6.96865e-08
1683 6.57549e-08
1684 6.20354e-08
1685 5.8517e-08
1686 5.51893e-08
1687 5.20426e-08
1688 4.90676e-08
1689 4.62552e-08
1690 4.35971e-08
1691 4.10851e-08
1692 3.87118e-08
1693 3.64697e-08
1694 3.43519e-08
1695 3.2352e-08
1696 3.04636e-08
1697 2.86809e-08
1698 2.69981e-08
1699 2.541e-08
1700 2.39115e-08
1701 2.24977e-08
1702 2.11641e-08
1703 1.99063e-08
1704 1.87203e-08
1705 1.76021e-08
1706 1.6548e-08
1707 1.55546e-08
1708 1.46184e-08
1709 1.37363e-08
1710 1.29054e-08
1711 1.21227e-08
1712 1.13857e-08
1713 1.06918e-08
1714 1.00385e-08
1715 9.42357e-09
1716 8.8449e-09
1717 8.3004e-09
1718 7.78816e-09
1719 7.30634e-09
1720 6.8532e-09
1721 6.42712e-09
1722 6.02654e-09
1723 5.65001e-09
1724 5.29614e-09
1725 4.96361e-09
1726 4.6512e-09
1727 4.35774e-09
1728 4.08212e-09
1729 3.82331e-09
1730 3.58032e-09
1731 3.35222e-09
1732 3.13814e-09
1733 2.93724e-09
1734 2.74875e-09
1735 2.57193e-09
1736 2.40609e-09
1737 2.25058e-09
1738 2.10476e-09
1739 1.96807e-09
1740 1.83995e-09
1741 1.71988e-09
1742 1.60739e-09
1743 1.502e-09
1744 1.40329e-09
1745 1.31085e-09
1746 1.22429e-09
1747 1.14326e-09
1748 1.06742e-09
1749 9.9644e-10
1750 9.30026e-10
1751 8.67893e-10
1752 8.09776e-10
1753 7.55425e-10
1754 7.04604e-10
1755 6.57092e-10
1756 6.12681e-10
1757 5.71176e-10
1758 5.32394e-10
1759 4.96161e-10
1760 4.62317e-10
1761 4.30709e-10
1762 4.01194e-10
1763 3.73639e-10
1764 3.47919e-10
1765 3.23914e-10
1766 3.01514e-10
1767 2.80616e-10
1768 2.61123e-10
1769 2.42942e-10
1770 2.2599e-10
1771 2.10184e-10
1772 1.95451e-10
1773 1.8172e-10
1774 1.68925e-10
1775 1.57004e-10
1776 1.459e-10
1777 1.35558e-10
1778 1.25928e-10
1779 1.16962e-10
1780 1.08615e-10
1781 1.00848e-10
1782 9.36195e-11
1783 8.68946e-11
1784 8.0639e-11
1785 7.4821e-11
1786 6.94109e-11
1787 6.43809e-11
1788 5.97053e-11
1789 5.53598e-11
1790 5.13217e-11
1791 4.75701e-11
1792 4.40851e-11
1793 4.08485e-11
1794 3.7843e-11
1795 3.50526e-11
1796 3.24624e-11
1797 3.00584e-11
1798 2.78276e-11
1799 2.5758e-11
1800 2.38382e-11
1801 2.20577e-11
1802 2.04066e-11
1803 1.88759e-11
1804 1.7457e-11
1805 1.6142e-11
1806 1.49234e-11
1807 1.37945e-11
1808 1.27487e-11
1809 1.17802e-11
1810 1.08834e-11
1811 1.00531e-11
1812 9.28453e-12
1813 8.57324e-12
1814 7.91507e-12
1815 7.30616e-12
1816 6.74292e-12
1817 6.22202e-12
1818 5.74035e-12
1819 5.29506e-12
1820 4.88345e-12
1821 4.50306e-12
1822 4.15157e-12
1823 3.82685e-12
1824 3.52691e-12
1825 3.24992e-12
1826 2.99415e-12
1827 2.75803e-12
1828 2.54008e-12
1829 2.33895e-12
1830 2.15337e-12
1831 1.98216e-12
1832 1.82425e-12
1833 1.67862e-12
1834 1.54435e-12
1835 1.42057e-12
1836 1.30647e-12
1837 1.20134e-12
1838 1.10446e-12
1839 1.01522e-12
1840 9.33029e-13
1841 8.57339e-13
1842 7.87649e-13
1843 7.23497e-13
1844 6.64453e-13
1845 6.10119e-13
1846 5.6013e-13
1847 5.14145e-13
1848 4.71852e-13
1849 4.32962e-13
1850 3.97206e-13
1851 3.64339e-13
1852 3.34132e-13
1853 3.06375e-13
1854 2.80874e-13
1855 2.5745e-13
1856 2.35937e-13
1857 2.16184e-13
1858 1.98049e-13
1859 1.81404e-13
1860 1.66127e-13
1861 1.5211e-13
1862 1.39251e-13
1863 1.27457e-13
1864 1.1664e-13
1865 1.06722e-13
1866 9.76306e-14
1867 8.92974e-14
1868 8.16609e-14
1869 7.46641e-14
1870 6.82546e-14
1871 6.23841e-14
1872 5.70083e-14
1873 5.20864e-14
1874 4.7581e-14
1875 4.34574e-14
1876 3.96841e-14
1877 3.62319e-14
1878 3.30741e-14
1879 3.01861e-14
1880 2.75453e-14
1881 2.5131e-14
1882 2.29242e-14
1883 2.09074e-14
1884 1.90646e-14
1885 1.73811e-14
1886 1.58434e-14
1887 1.44392e-14
1888 1.3157e-14
1889 1.19865e-14
1890 1.09182e-14
1891 9.94328e-15
1892 9.05379e-15
1893 8.24237e-15
1894 7.50232e-15
1895 6.82748e-15
1896 6.21221e-15
1897 5.65137e-15
1898 5.14023e-15
1899 4.67447e-15
1900 4.25014e-15
1901 3.86363e-15
1902 3.51163e-15
1903 3.19112e-15
1904 2.89933e-15
1905 2.63375e-15
1906 2.39206e-15
1907 2.17215e-15
1908 1.9721e-15
1909 1.79015e-15
1910 1.62469e-15
1911 1.47425e-15
1912 1.3375e-15
1913 1.21321e-15
1914 1.10027e-15
1915 9.97666e-16
1916 9.04461e-16
1917 8.19815e-16
1918 7.42954e-16
1919 6.73176e-16
1920 6.0984e-16
1921 5.52362e-16
1922 5.00209e-16
1923 4.52897e-16
1924 4.09986e-16
1925 3.71072e-16
1926 3.35789e-16
1927 3.03806e-16
1928 2.74819e-16
1929 2.48551e-16
1930 2.24753e-16
1931 2.03196e-16
1932 1.83673e-16
1933 1.65996e-16
1934 1.49992e-16
1935 1.35505e-16
1936 1.22396e-16
1937 1.10534e-16
1938 9.98037e-17
1939 9.00983e-17
1940 8.13216e-17
1941 7.33863e-17
1942 6.62131e-17
1943 5.973e-17
1944 5.38717e-17
1945 4.8579e-17
1946 4.37982e-17
1947 3.94806e-17
1948 3.5582e-17
1949 3.20624e-17
1950 2.88856e-17
1951 2.60188e-17
1952 2.34321e-17
1953 2.10987e-17
1954 1.89941e-17
1955 1.70962e-17
1956 1.53852e-17
1957 1.38428e-17
1958 1.24527e-17
1959 1.12001e-17
1960 1.00717e-17
1961 9.05522e-18
1962 8.13984e-18
1963 7.31563e-18
1964 6.57365e-18
1965 5.90582e-18
1966 5.30485e-18
1967 4.76414e-18
1968 4.27775e-18
1969 3.84029e-18
1970 3.44693e-18
1971 3.09328e-18
1972 2.7754e-18
1973 2.48971e-18
1974 2.23302e-18
1975 2.00241e-18
1976 1.79529e-18
1977 1.60928e-18
1978 1.44228e-18
1979 1.29236e-18
1980 1.15781e-18
1981 1.03708e-18
1982 9.28756e-19
1983 8.31592e-19
1984 7.44452e-19
1985 6.66318e-19
1986 5.96273e-19
1987 5.33489e-19
1988 4.77226e-19
1989 4.26817e-19
1990 3.81659e-19
1991 3.41215e-19
1992 3.04998e-19
1993 2.72574e-19
1994 2.4355e-19
1995 2.17575e-19
1996 1.94334e-19
1997 1.73542e-19
1998 1.54945e-19
1999 1.38314e-19
2000 1.23444e-19
2001 1.10152e-19
2002 9.8272e-20
2003 8.76563e-20
2004 7.81721e-20
2005 6.97004e-20
2006 6.21347e-20
2007 5.53793e-20
2008 4.93485e-20
2009 4.39658e-20
2010 3.91623e-20
2011 3.48766e-20
2012 3.10535e-20
2013 2.76439e-20
2014 2.46036e-20
2015 2.1893e-20
2016 1.9477e-20
2017 1.73239e-20
2018 1.54055e-20
2019 1.36965e-20
2020 1.21744e-20
2021 1.0819e-20
2022 9.61223e-21
2023 8.53807e-21
2024 7.58213e-21
2025 6.73156e-21
2026 5.9749e-21
2027 5.30192e-21
2028 4.70348e-21
2029 4.17145e-21
2030 3.69857e-21
2031 3.27832e-21
2032 2.90497e-21
2033 2.57335e-21
2034 2.27886e-21
2035 2.01743e-21
2036 1.7854e-21
2037 1.57953e-21
2038 1.39693e-21
2039 1.23503e-21
2040 1.09156e-21
2041 9.64461e-22
2042 8.51942e-22
2043 7.52388e-22
2044 6.64376e-22
2045 5.86648e-22
2046 5.18073e-22
2047 4.57662e-22
