0 6.60575e-43
1 5.31733e-43
2 4.35681e-43
3 3.68369e-43
4 3.2691e-43
5 3.09453e-43
6 3.15139e-43
7 3.44019e-43
8 3.97051e-43
9 4.76154e-43
10 5.84304e-43
11 7.25623e-43
12 9.05411e-43
13 1.13051e-42
14 1.40962e-42
15 1.7534e-42
16 2.17485e-42
17 2.69013e-42
18 3.31893e-42
19 4.08523e-42
20 5.01801e-42
21 6.15253e-42
22 7.53211e-42
23 9.20879e-42
24 1.12456e-41
25 1.3719e-41
26 1.67221e-41
27 2.03675e-41
28 2.47918e-41
29 3.01592e-41
30 3.66679e-41
31 4.45629e-41
32 5.41359e-41
33 6.57366e-41
34 7.97943e-41
35 9.6828e-41
36 1.17465e-40
37 1.42454e-40
38 1.72705e-40
39 2.09327e-40
40 2.53652e-40
41 3.07278e-40
42 3.72134e-40
43 4.50582e-40
44 5.45447e-40
45 6.60105e-40
46 7.98661e-40
47 9.66082e-40
48 1.16835e-39
49 1.41261e-39
50 1.7075e-39
51 2.06351e-39
52 2.49318e-39
53 3.01162e-39
54 3.63696e-39
55 4.3911e-39
56 5.30046e-39
57 6.39671e-39
58 7.71781e-39
59 9.30948e-39
60 1.12269e-38
61 1.35363e-38
62 1.63167e-38
63 1.96635e-38
64 2.36915e-38
65 2.85381e-38
66 3.43679e-38
67 4.13788e-38
68 4.98087e-38
69 5.99422e-38
70 7.21199e-38
71 8.67515e-38
72 1.04328e-37
73 1.25435e-37
74 1.50778e-37
75 1.81199e-37
76 2.17709e-37
77 2.61513e-37
78 3.14054e-37
79 3.77066e-37
80 4.52625e-37
81 5.43194e-37
82 6.51723e-37
83 7.81762e-37
84 9.37551e-37
85 1.12411e-36
86 1.34746e-36
87 1.61484e-36
88 1.93484e-36
89 2.31773e-36
90 2.77571e-36
91 3.32342e-36
92 3.97839e-36
93 4.76131e-36
94 5.69689e-36
95 6.81488e-36
96 8.15051e-36
97 9.74549e-36
98 1.16498e-35
99 1.39233e-35
100 1.6637e-35
101 1.98747e-35
102 2.37368e-35
103 2.83434e-35
104 3.38359e-35
105 4.0384e-35
106 4.81884e-35
107 5.74874e-35
108 6.85657e-35
109 8.17601e-35
110 9.7471e-35
111 1.16174e-34
112 1.38435e-34
113 1.64923e-34
114 1.96435e-34
115 2.33914e-34
116 2.78478e-34
117 3.31458e-34
118 3.94426e-34
119 4.69247e-34
120 5.58134e-34
121 6.63705e-34
122 7.89061e-34
123 9.37875e-34
124 1.1145e-33
125 1.32408e-33
126 1.5727e-33
127 1.86758e-33
128 2.21722e-33
129 2.63172e-33
130 3.12298e-33
131 3.70509e-33
132 4.39468e-33
133 5.21139e-33
134 6.17846e-33
135 7.32328e-33
136 8.67822e-33
137 1.02815e-32
138 1.21781e-32
139 1.44212e-32
140 1.70736e-32
141 2.02092e-32
142 2.39151e-32
143 2.8294e-32
144 3.3467e-32
145 3.95768e-32
146 4.67912e-32
147 5.53079e-32
148 6.53601e-32
149 7.72215e-32
150 9.12144e-32
151 1.07718e-31
152 1.2718e-31
153 1.50123e-31
154 1.77165e-31
155 2.09031e-31
156 2.46572e-31
157 2.90789e-31
158 3.42857e-31
159 4.04158e-31
160 4.76311e-31
161 5.61217e-31
162 6.61109e-31
163 7.78603e-31
164 9.16773e-31
165 1.07922e-30
166 1.27015e-30
167 1.49453e-30
168 1.75815e-30
169 2.06779e-30
170 2.43142e-30
171 2.85834e-30
172 3.35945e-30
173 3.94751e-30
174 4.63744e-30
175 5.44671e-30
176 6.39574e-30
177 7.50842e-30
178 8.81265e-30
179 1.0341e-29
180 1.21316e-29
181 1.4229e-29
182 1.66852e-29
183 1.95608e-29
184 2.29267e-29
185 2.68656e-29
186 3.14738e-29
187 3.6864e-29
188 4.31672e-29
189 5.05366e-29
190 5.91501e-29
191 6.92157e-29
192 8.09755e-29
193 9.47111e-29
194 1.10751e-28
195 1.29477e-28
196 1.51334e-28
197 1.76841e-28
198 2.06598e-28
199 2.41307e-28
200 2.81781e-28
201 3.28968e-28
202 3.83969e-28
203 4.48062e-28
204 5.22734e-28
205 6.0971e-28
206 7.10994e-28
207 8.28913e-28
208 9.66168e-28
209 1.12589e-27
210 1.31173e-27
211 1.52788e-27
212 1.77925e-27
213 2.07151e-27
214 2.41122e-27
215 2.80601e-27
216 3.26469e-27
217 3.79749e-27
218 4.41625e-27
219 5.13467e-27
220 5.9686e-27
221 6.93641e-27
222 8.05933e-27
223 9.36191e-27
224 1.08726e-26
225 1.26241e-26
226 1.46545e-26
227 1.70077e-26
228 1.97341e-26
229 2.28925e-26
230 2.65503e-26
231 3.07856e-26
232 3.56884e-26
233 4.13624e-26
234 4.79277e-26
235 5.55223e-26
236 6.43056e-26
237 7.44612e-26
238 8.62009e-26
239 9.97685e-26
240 1.15445e-25
241 1.33554e-25
242 1.54467e-25
243 1.78614e-25
244 2.06488e-25
245 2.38656e-25
246 2.75772e-25
247 3.18585e-25
248 3.6796e-25
249 4.24887e-25
250 4.90508e-25
251 5.66131e-25
252 6.5326e-25
253 7.53622e-25
254 8.69201e-25
255 1.00227e-24
256 1.15544e-24
257 1.33172e-24
258 1.53452e-24
259 1.7678e-24
260 2.03607e-24
261 2.34451e-24
262 2.69904e-24
263 3.10647e-24
264 3.57457e-24
265 4.11226e-24
266 4.72974e-24
267 5.43869e-24
268 6.25247e-24
269 7.18637e-24
270 8.25786e-24
271 9.48696e-24
272 1.08965e-23
273 1.25126e-23
274 1.43652e-23
275 1.64883e-23
276 1.89209e-23
277 2.17075e-23
278 2.48988e-23
279 2.85529e-23
280 3.27358e-23
281 3.75231e-23
282 4.30007e-23
283 4.92669e-23
284 5.64335e-23
285 6.4628e-23
286 7.39957e-23
287 8.4702e-23
288 9.69356e-23
289 1.10911e-22
290 1.26872e-22
291 1.45098e-22
292 1.65904e-22
293 1.89651e-22
294 2.16746e-22
295 2.47657e-22
296 2.82911e-22
297 3.23109e-22
298 3.68934e-22
299 4.21161e-22
300 4.80671e-22
301 5.48462e-22
302 6.25668e-22
303 7.13578e-22
304 8.13649e-22
305 9.27538e-22
306 1.05712e-21
307 1.20453e-21
308 1.37216e-21
309 1.56276e-21
310 1.77942e-21
311 2.02564e-21
312 2.30538e-21
313 2.62313e-21
314 2.98398e-21
315 3.39367e-21
316 3.8587e-21
317 4.38642e-21
318 4.98513e-21
319 5.66422e-21
320 6.43432e-21
321 7.30739e-21
322 8.29699e-21
323 9.41839e-21
324 1.06889e-20
325 1.21279e-20
326 1.37574e-20
327 1.56023e-20
328 1.76905e-20
329 2.00535e-20
330 2.27269e-20
331 2.57508e-20
332 2.91703e-20
333 3.30363e-20
334 3.74062e-20
335 4.23445e-20
336 4.79238e-20
337 5.42259e-20
338 6.13429e-20
339 6.93783e-20
340 7.84485e-20
341 8.86847e-20
342 1.00234e-19
343 1.13262e-19
344 1.27954e-19
345 1.4452e-19
346 1.63194e-19
347 1.8424e-19
348 2.07953e-19
349 2.34665e-19
350 2.64749e-19
351 2.98623e-19
352 3.36755e-19
353 3.79671e-19
354 4.27959e-19
355 4.82279e-19
356 5.4337e-19
357 6.12061e-19
358 6.89277e-19
359 7.76058e-19
360 8.73564e-19
361 9.83093e-19
362 1.1061e-18
363 1.24421e-18
364 1.39924e-18
365 1.57322e-18
366 1.76841e-18
367 1.98736e-18
368 2.23288e-18
369 2.50815e-18
370 2.81669e-18
371 3.16242e-18
372 3.54975e-18
373 3.98357e-18
374 4.46934e-18
375 5.01314e-18
376 5.62175e-18
377 6.30275e-18
378 7.06454e-18
379 7.9165e-18
380 8.86907e-18
381 9.93387e-18
382 1.11238e-17
383 1.24534e-17
384 1.39385e-17
385 1.55969e-17
386 1.74486e-17
387 1.95154e-17
388 2.18218e-17
389 2.43951e-17
390 2.72653e-17
391 3.04661e-17
392 3.40346e-17
393 3.80123e-17
394 4.24449e-17
395 4.73834e-17
396 5.28843e-17
397 5.90102e-17
398 6.58306e-17
399 7.34226e-17
400 8.18715e-17
401 9.12719e-17
402 1.01729e-16
403 1.13358e-16
404 1.26288e-16
405 1.40662e-16
406 1.56637e-16
407 1.74388e-16
408 1.94107e-16
409 2.16007e-16
410 2.40326e-16
411 2.67323e-16
412 2.97287e-16
413 3.30536e-16
414 3.67423e-16
415 4.08336e-16
416 4.53704e-16
417 5.04e-16
418 5.59748e-16
419 6.21522e-16
420 6.8996e-16
421 7.65761e-16
422 8.49698e-16
423 9.42622e-16
424 1.04547e-15
425 1.15927e-15
426 1.28517e-15
427 1.42441e-15
428 1.57836e-15
429 1.74855e-15
430 1.93664e-15
431 2.14445e-15
432 2.37399e-15
433 2.62748e-15
434 2.90733e-15
435 3.21622e-15
436 3.55706e-15
437 3.93307e-15
438 4.34776e-15
439 4.80499e-15
440 5.309e-15
441 5.86443e-15
442 6.47636e-15
443 7.15038e-15
444 7.89257e-15
445 8.70963e-15
446 9.60889e-15
447 1.05983e-14
448 1.16868e-14
449 1.28838e-14
450 1.41999e-14
451 1.56465e-14
452 1.72362e-14
453 1.89828e-14
454 2.09012e-14
455 2.30078e-14
456 2.53205e-14
457 2.7859e-14
458 3.06445e-14
459 3.37005e-14
460 3.70523e-14
461 4.07279e-14
462 4.47575e-14
463 4.91742e-14
464 5.40142e-14
465 5.93169e-14
466 6.51252e-14
467 7.1486e-14
468 7.84502e-14
469 8.60736e-14
470 9.44167e-14
471 1.03546e-13
472 1.13532e-13
473 1.24455e-13
474 1.36398e-13
475 1.49455e-13
476 1.63727e-13
477 1.79324e-13
478 1.96364e-13
479 2.14978e-13
480 2.35305e-13
481 2.575e-13
482 2.81729e-13
483 3.08172e-13
484 3.37025e-13
485 3.68501e-13
486 4.02831e-13
487 4.40263e-13
488 4.81071e-13
489 5.25547e-13
490 5.74009e-13
491 6.26803e-13
492 6.843e-13
493 7.46906e-13
494 8.15056e-13
495 8.89222e-13
496 9.69914e-13
497 1.05768e-12
498 1.15313e-12
499 1.25689e-12
500 1.36966e-12
501 1.49219e-12
502 1.62528e-12
503 1.76981e-12
504 1.92672e-12
505 2.09701e-12
506 2.28178e-12
507 2.4822e-12
508 2.69953e-12
509 2.93512e-12
510 3.19044e-12
511 3.46707e-12
512 3.76668e-12
513 4.0911e-12
514 4.44227e-12
515 4.8223e-12
516 5.23343e-12
517 5.67808e-12
518 6.15885e-12
519 6.67853e-12
520 7.2401e-12
521 7.84678e-12
522 8.50201e-12
523 9.20947e-12
524 9.97315e-12
525 1.07973e-11
526 1.16864e-11
527 1.26454e-11
528 1.36796e-11
529 1.47945e-11
530 1.59962e-11
531 1.7291e-11
532 1.8686e-11
533 2.01886e-11
534 2.18066e-11
535 2.35486e-11
536 2.54236e-11
537 2.74415e-11
538 2.96127e-11
539 3.19484e-11
540 3.44606e-11
541 3.7162e-11
542 4.00665e-11
543 4.31887e-11
544 4.65444e-11
545 5.01504e-11
546 5.40247e-11
547 5.81866e-11
548 6.26566e-11
549 6.74567e-11
550 7.26105e-11
551 7.81431e-11
552 8.40812e-11
553 9.04536e-11
554 9.72907e-11
555 1.04625e-10
556 1.12492e-10
557 1.20927e-10
558 1.29971e-10
559 1.39666e-10
560 1.50056e-10
561 1.61189e-10
562 1.73115e-10
563 1.85888e-10
564 1.99565e-10
565 2.14206e-10
566 2.29876e-10
567 2.46643e-10
568 2.64579e-10
569 2.8376e-10
570 3.04267e-10
571 3.26186e-10
572 3.49606e-10
573 3.74622e-10
574 4.01336e-10
575 4.29854e-10
576 4.60287e-10
577 4.92753e-10
578 5.27376e-10
579 5.64286e-10
580 6.03621e-10
581 6.45524e-10
582 6.90147e-10
583 7.37649e-10
584 7.88196e-10
585 8.41962e-10
586 8.99132e-10
587 9.59896e-10
588 1.02446e-09
589 1.09302e-09
590 1.16581e-09
591 1.24306e-09
592 1.325e-09
593 1.41189e-09
594 1.50399e-09
595 1.60157e-09
596 1.70493e-09
597 1.81436e-09
598 1.93018e-09
599 2.05271e-09
600 2.18231e-09
601 2.31931e-09
602 2.46412e-09
603 2.6171e-09
604 2.77869e-09
605 2.9493e-09
606 3.1294e-09
607 3.31944e-09
608 3.51994e-09
609 3.73141e-09
610 3.95439e-09
611 4.18947e-09
612 4.43725e-09
613 4.69835e-09
614 4.97347e-09
615 5.26328e-09
616 5.56855e-09
617 5.89005e-09
618 6.22861e-09
619 6.58509e-09
620 6.96042e-09
621 7.35556e-09
622 7.77155e-09
623 8.20946e-09
624 8.67043e-09
625 9.15568e-09
626 9.66647e-09
627 1.02042e-08
628 1.07701e-08
629 1.1366e-08
630 1.19932e-08
631 1.26534e-08
632 1.33485e-08
633 1.40803e-08
634 1.48507e-08
635 1.56618e-08
636 1.65157e-08
637 1.74148e-08
638 1.83613e-08
639 1.93578e-08
640 2.04069e-08
641 2.15114e-08
642 2.26739e-08
643 2.38977e-08
644 2.51856e-08
645 2.6541e-08
646 2.79672e-08
647 2.94676e-08
648 3.10459e-08
649 3.27057e-08
650 3.44509e-08
651 3.62853e-08
652 3.82131e-08
653 4.02382e-08
654 4.23651e-08
655 4.45979e-08
656 4.6941e-08
657 4.93989e-08
658 5.19762e-08
659 5.46772e-08
660 5.75067e-08
661 6.04691e-08
662 6.3569e-08
663 6.6811e-08
664 7.01997e-08
665 7.37393e-08
666 7.74344e-08
667 8.12892e-08
668 8.53079e-08
669 8.94944e-08
670 9.38525e-08
671 9.83861e-08
672 1.03098e-07
673 1.07993e-07
674 1.13072e-07
675 1.18339e-07
676 1.23795e-07
677 1.29444e-07
678 1.35286e-07
679 1.41324e-07
680 1.47557e-07
681 1.53986e-07
682 1.60613e-07
683 1.67435e-07
684 1.74453e-07
685 1.81666e-07
686 1.89071e-07
687 1.96668e-07
688 2.04453e-07
689 2.12424e-07
690 2.20577e-07
691 2.28909e-07
692 2.37417e-07
693 2.46096e-07
694 2.54941e-07
695 2.63949e-07
696 2.73114e-07
697 2.82433e-07
698 2.91899e-07
699 3.01508e-07
700 3.11257e-07
701 3.2114e-07
702 3.31154e-07
703 3.41296e-07
704 3.51563e-07
705 3.61952e-07
706 3.72463e-07
707 3.83096e-07
708 3.93851e-07
709 4.04731e-07
710 4.1574e-07
711 4.26883e-07
712 4.38167e-07
713 4.49601e-07
714 4.61197e-07
715 4.72968e-07
716 4.84931e-07
717 4.97104e-07
718 5.09508e-07
719 5.22169e-07
720 5.35114e-07
721 5.48374e-07
722 5.61983e-07
723 5.75981e-07
724 5.90408e-07
725 6.05311e-07
726 6.20739e-07
727 6.36747e-07
728 6.53391e-07
729 6.70735e-07
730 6.88845e-07
731 7.07791e-07
732 7.27649e-07
733 7.48496e-07
734 7.70418e-07
735 7.935e-07
736 8.17834e-07
737 8.43514e-07
738 8.70639e-07
739 8.99311e-07
740 9.29635e-07
741 9.61717e-07
742 9.95667e-07
743 1.0316e-06
744 1.06962e-06
745 1.10986e-06
746 1.15242e-06
747 1.19741e-06
748 1.24497e-06
749 1.29519e-06
750 1.34819e-06
751 1.40408e-06
752 1.46298e-06
753 1.52497e-06
754 1.59017e-06
755 1.65865e-06
756 1.73052e-06
757 1.80586e-06
758 1.88472e-06
759 1.96718e-06
760 2.0533e-06
761 2.14311e-06
762 2.23665e-06
763 2.33393e-06
764 2.43497e-06
765 2.53976e-06
766 2.64828e-06
767 2.76049e-06
768 2.87633e-06
769 2.99573e-06
770 3.11861e-06
771 3.24486e-06
772 3.37436e-06
773 3.50695e-06
774 3.64246e-06
775 3.78073e-06
776 3.92152e-06
777 4.06463e-06
778 4.20978e-06
779 4.35673e-06
780 4.50516e-06
781 4.65478e-06
782 4.80524e-06
783 4.95618e-06
784 5.10724e-06
785 5.25801e-06
786 5.40809e-06
787 5.55704e-06
788 5.70441e-06
789 5.84975e-06
790 5.99256e-06
791 6.13237e-06
792 6.26867e-06
793 6.40095e-06
794 6.52868e-06
795 6.65135e-06
796 6.76843e-06
797 6.87938e-06
798 6.98367e-06
799 7.08079e-06
800 7.17021e-06
801 7.25143e-06
802 7.32394e-06
803 7.38726e-06
804 7.44093e-06
805 7.48451e-06
806 7.51757e-06
807 7.53973e-06
808 7.55062e-06
809 7.54992e-06
810 7.53735e-06
811 7.51266e-06
812 7.47565e-06
813 7.42617e-06
814 7.36412e-06
815 7.28947e-06
816 7.20223e-06
817 7.10249e-06
818 6.99039e-06
819 6.86616e-06
820 6.73009e-06
821 6.58255e-06
822 6.42399e-06
823 6.25494e-06
824 6.07604e-06
825 5.88799e-06
826 5.69158e-06
827 5.48773e-06
828 5.27742e-06
829 5.06175e-06
830 4.84191e-06
831 4.61921e-06
832 4.39504e-06
833 4.17092e-06
834 3.94846e-06
835 3.7294e-06
836 3.51556e-06
837 3.3089e-06
838 3.11148e-06
839 2.92546e-06
840 2.75313e-06
841 2.59688e-06
842 2.45921e-06
843 2.34273e-06
844 2.25017e-06
845 2.18437e-06
846 2.14824e-06
847 2.14485e-06
848 2.17733e-06
849 2.24894e-06
850 2.36303e-06
851 2.52303e-06
852 2.73251e-06
853 2.99509e-06
854 3.3145e-06
855 3.69456e-06
856 4.13917e-06
857 4.65232e-06
858 5.23807e-06
859 5.90057e-06
860 6.64404e-06
861 7.47276e-06
862 8.39109e-06
863 9.40346e-06
864 1.05144e-05
865 1.17283e-05
866 1.305e-05
867 1.4484e-05
868 1.6035e-05
869 1.77079e-05
870 1.95074e-05
871 2.14384e-05
872 2.35058e-05
873 2.57145e-05
874 2.80696e-05
875 3.05761e-05
876 3.3239e-05
877 3.60635e-05
878 3.90546e-05
879 4.22177e-05
880 4.55579e-05
881 4.90805e-05
882 5.27909e-05
883 5.66943e-05
884 6.07961e-05
885 6.51019e-05
886 6.96171e-05
887 7.43472e-05
888 7.9298e-05
889 8.44749e-05
890 8.98837e-05
891 9.55303e-05
892 0.00010142
893 0.00010756
894 0.000113955
895 0.000120612
896 0.000127537
897 0.000134735
898 0.000142214
899 0.00014998
900 0.00015804
901 0.0001664
902 0.000175067
903 0.000184048
904 0.00019335
905 0.000202981
906 0.000212949
907 0.000223259
908 0.000233922
909 0.000244944
910 0.000256334
911 0.0002681
912 0.00028025
913 0.000292794
914 0.000305741
915 0.0003191
916 0.000332881
917 0.000347093
918 0.000361746
919 0.000376851
920 0.000392419
921 0.00040846
922 0.000424985
923 0.000442007
924 0.000459537
925 0.000477586
926 0.000496169
927 0.000515296
928 0.000534982
929 0.00055524
930 0.000576084
931 0.000597528
932 0.000619586
933 0.000642274
934 0.000665605
935 0.000689597
936 0.000714265
937 0.000739626
938 0.000765695
939 0.00079249
940 0.000820029
941 0.000848328
942 0.000877407
943 0.000907283
944 0.000937976
945 0.000969504
946 0.00100189
947 0.00103514
948 0.0010693
949 0.00110436
950 0.00114037
951 0.00117733
952 0.00121527
953 0.0012542
954 0.00129416
955 0.00133517
956 0.00137724
957 0.00142039
958 0.00146466
959 0.00151006
960 0.00155662
961 0.00160436
962 0.00165331
963 0.00170348
964 0.0017549
965 0.0018076
966 0.00186159
967 0.00191691
968 0.00197357
969 0.0020316
970 0.00209103
971 0.00215187
972 0.00221415
973 0.00227789
974 0.00234312
975 0.00240987
976 0.00247814
977 0.00254797
978 0.00261938
979 0.00269239
980 0.00276702
981 0.00284329
982 0.00292123
983 0.00300085
984 0.00308218
985 0.00316523
986 0.00325003
987 0.00333658
988 0.00342492
989 0.00351506
990 0.00360701
991 0.0037008
992 0.00379643
993 0.00389392
994 0.00399328
995 0.00409453
996 0.00419768
997 0.00430275
998 0.00440973
999 0.00451865
1000 0.0046295
1001 0.00474231
1002 0.00485706
1003 0.00497377
1004 0.00509245
1005 0.00521309
1006 0.00533569
1007 0.00546027
1008 0.00558681
1009 0.00571531
1010 0.00584578
1011 0.0059782
1012 0.00611258
1013 0.00624889
1014 0.00638714
1015 0.00652732
1016 0.0066694
1017 0.00681339
1018 0.00695925
1019 0.00710699
1020 0.00725658
1021 0.00740799
1022 0.00756121
1023 0.00771622
1024 0.00787299
1025 0.0080315
1026 0.00819172
1027 0.00835361
1028 0.00851715
1029 0.0086823
1030 0.00884904
1031 0.00901732
1032 0.00918711
1033 0.00935836
1034 0.00953104
1035 0.0097051
1036 0.0098805
1037 0.0100572
1038 0.0102351
1039 0.0104142
1040 0.0105945
1041 0.0107759
1042 0.0109583
1043 0.0111416
1044 0.0113259
1045 0.0115111
1046 0.011697
1047 0.0118837
1048 0.0120711
1049 0.012259
1050 0.0124475
1051 0.0126365
1052 0.0128259
1053 0.0130156
1054 0.0132055
1055 0.0133957
1056 0.0135859
1057 0.0137762
1058 0.0139664
1059 0.0141565
1060 0.0143464
1061 0.014536
1062 0.0147253
1063 0.0149141
1064 0.0151023
1065 0.01529
1066 0.0154769
1067 0.015663
1068 0.0158483
1069 0.0160326
1070 0.0162158
1071 0.0163979
1072 0.0165788
1073 0.0167584
1074 0.0169365
1075 0.0171132
1076 0.0172883
1077 0.0174617
1078 0.0176334
1079 0.0178032
1080 0.017971
1081 0.0181369
1082 0.0183006
1083 0.0184621
1084 0.0186213
1085 0.0187782
1086 0.0189326
1087 0.0190844
1088 0.0192336
1089 0.0193801
1090 0.0195239
1091 0.0196647
1092 0.0198026
1093 0.0199374
1094 0.0200691
1095 0.0201977
1096 0.0203229
1097 0.0204449
1098 0.0205634
1099 0.0206784
1100 0.0207899
1101 0.0208978
1102 0.021002
1103 0.0211025
1104 0.0211991
1105 0.0212919
1106 0.0213807
1107 0.0214656
1108 0.0215465
1109 0.0216233
1110 0.0216959
1111 0.0217644
1112 0.0218287
1113 0.0218887
1114 0.0219444
1115 0.0219958
1116 0.0220428
1117 0.0220854
1118 0.0221236
1119 0.0221573
1120 0.0221866
1121 0.0222114
1122 0.0222317
1123 0.0222474
1124 0.0222586
1125 0.0222653
1126 0.0222674
1127 0.0222649
1128 0.0222579
1129 0.0222463
1130 0.0222302
1131 0.0222096
1132 0.0221844
1133 0.0221547
1134 0.0221204
1135 0.0220817
1136 0.0220386
1137 0.021991
1138 0.021939
1139 0.0218826
1140 0.0218218
1141 0.0217567
1142 0.0216874
1143 0.0216138
1144 0.021536
1145 0.0214541
1146 0.021368
1147 0.021278
1148 0.0211839
1149 0.0210858
1150 0.0209839
1151 0.0208781
1152 0.0207686
1153 0.0206553
1154 0.0205384
1155 0.020418
1156 0.020294
1157 0.0201666
1158 0.0200358
1159 0.0199017
1160 0.0197644
1161 0.019624
1162 0.0194805
1163 0.019334
1164 0.0191846
1165 0.0190324
1166 0.0188775
1167 0.0187199
1168 0.0185597
1169 0.0183971
1170 0.0182321
1171 0.0180648
1172 0.0178952
1173 0.0177236
1174 0.0175499
1175 0.0173742
1176 0.0171967
1177 0.0170175
1178 0.0168366
1179 0.0166541
1180 0.0164701
1181 0.0162847
1182 0.016098
1183 0.0159101
1184 0.0157211
1185 0.0155311
1186 0.0153401
1187 0.0151482
1188 0.0149556
1189 0.0147623
1190 0.0145685
1191 0.0143741
1192 0.0141794
1193 0.0139843
1194 0.013789
1195 0.0135935
1196 0.013398
1197 0.0132024
1198 0.013007
1199 0.0128117
1200 0.0126167
1201 0.012422
1202 0.0122277
1203 0.0120339
1204 0.0118406
1205 0.011648
1206 0.011456
1207 0.0112649
1208 0.0110745
1209 0.010885
1210 0.0106965
1211 0.0105091
1212 0.0103227
1213 0.0101374
1214 0.00995334
1215 0.00977053
1216 0.00958902
1217 0.00940887
1218 0.00923014
1219 0.00905285
1220 0.00887708
1221 0.00870285
1222 0.00853021
1223 0.0083592
1224 0.00818986
1225 0.00802224
1226 0.00785636
1227 0.00769225
1228 0.00752996
1229 0.00736951
1230 0.00721093
1231 0.00705425
1232 0.00689949
1233 0.00674667
1234 0.00659582
1235 0.00644695
1236 0.00630009
1237 0.00615526
1238 0.00601245
1239 0.0058717
1240 0.00573301
1241 0.00559639
1242 0.00546184
1243 0.00532939
1244 0.00519903
1245 0.00507076
1246 0.0049446
1247 0.00482053
1248 0.00469856
1249 0.0045787
1250 0.00446093
1251 0.00434525
1252 0.00423166
1253 0.00412015
1254 0.00401072
1255 0.00390335
1256 0.00379803
1257 0.00369476
1258 0.00359353
1259 0.00349431
1260 0.0033971
1261 0.00330188
1262 0.00320864
1263 0.00311736
1264 0.00302802
1265 0.00294061
1266 0.0028551
1267 0.00277149
1268 0.00268974
1269 0.00260984
1270 0.00253176
1271 0.0024555
1272 0.00238101
1273 0.00230829
1274 0.0022373
1275 0.00216803
1276 0.00210045
1277 0.00203454
1278 0.00197027
1279 0.00190761
1280 0.00184655
1281 0.00178706
1282 0.00172911
1283 0.00167268
1284 0.00161774
1285 0.00156427
1286 0.00151224
1287 0.00146162
1288 0.00141239
1289 0.00136452
1290 0.00131799
1291 0.00127277
1292 0.00122884
1293 0.00118616
1294 0.00114472
1295 0.00110449
1296 0.00106544
1297 0.00102755
1298 0.00099079
1299 0.000955138
1300 0.000920569
1301 0.000887058
1302 0.000854582
1303 0.000823116
1304 0.000792636
1305 0.000763118
1306 0.00073454
1307 0.000706878
1308 0.00068011
1309 0.000654213
1310 0.000629165
1311 0.000604943
1312 0.000581528
1313 0.000558897
1314 0.000537029
1315 0.000515904
1316 0.000495502
1317 0.000475803
1318 0.000456787
1319 0.000438435
1320 0.000420728
1321 0.000403648
1322 0.000387177
1323 0.000371296
1324 0.000355989
1325 0.000341238
1326 0.000327026
1327 0.000313337
1328 0.000300156
1329 0.000287466
1330 0.000275252
1331 0.000263499
1332 0.000252192
1333 0.000241318
1334 0.000230861
1335 0.000220809
1336 0.000211148
1337 0.000201866
1338 0.000192949
1339 0.000184385
1340 0.000176163
1341 0.00016827
1342 0.000160695
1343 0.000153427
1344 0.000146456
1345 0.000139771
1346 0.000133361
1347 0.000127218
1348 0.00012133
1349 0.00011569
1350 0.000110287
1351 0.000105113
1352 0.00010016
1353 9.54196e-05
1354 9.08832e-05
1355 8.65434e-05
1356 8.23926e-05
1357 7.84235e-05
1358 7.46292e-05
1359 7.10027e-05
1360 6.75375e-05
1361 6.42273e-05
1362 6.10658e-05
1363 5.80471e-05
1364 5.51655e-05
1365 5.24153e-05
1366 4.97912e-05
1367 4.72881e-05
1368 4.49009e-05
1369 4.26248e-05
1370 4.04551e-05
1371 3.83874e-05
1372 3.64173e-05
1373 3.45407e-05
1374 3.27536e-05
1375 3.10521e-05
1376 2.94325e-05
1377 2.78912e-05
1378 2.64248e-05
1379 2.503e-05
1380 2.37035e-05
1381 2.24424e-05
1382 2.12438e-05
1383 2.01047e-05
1384 1.90224e-05
1385 1.79945e-05
1386 1.70184e-05
1387 1.60916e-05
1388 1.5212e-05
1389 1.43773e-05
1390 1.35854e-05
1391 1.28343e-05
1392 1.2122e-05
1393 1.14468e-05
1394 1.08068e-05
1395 1.02003e-05
1396 9.6257e-06
1397 9.08148e-06
1398 8.56615e-06
1399 8.07828e-06
1400 7.61651e-06
1401 7.17955e-06
1402 6.76617e-06
1403 6.37518e-06
1404 6.00546e-06
1405 5.65593e-06
1406 5.32557e-06
1407 5.0134e-06
1408 4.71849e-06
1409 4.43994e-06
1410 4.17691e-06
1411 3.9286e-06
1412 3.69423e-06
1413 3.47307e-06
1414 3.26443e-06
1415 3.06765e-06
1416 2.88209e-06
1417 2.70716e-06
1418 2.54228e-06
1419 2.38691e-06
1420 2.24054e-06
1421 2.10269e-06
1422 1.97287e-06
1423 1.85066e-06
1424 1.73564e-06
1425 1.6274e-06
1426 1.52558e-06
1427 1.42981e-06
1428 1.33975e-06
1429 1.25509e-06
1430 1.17551e-06
1431 1.10074e-06
1432 1.03049e-06
1433 9.64513e-07
1434 9.02559e-07
1435 8.44397e-07
1436 7.89807e-07
1437 7.38582e-07
1438 6.90525e-07
1439 6.45452e-07
1440 6.03187e-07
1441 5.63563e-07
1442 5.26426e-07
1443 4.91626e-07
1444 4.59025e-07
1445 4.2849e-07
1446 3.99897e-07
1447 3.73129e-07
1448 3.48076e-07
1449 3.24632e-07
1450 3.027e-07
1451 2.82187e-07
1452 2.63005e-07
1453 2.45073e-07
1454 2.28312e-07
1455 2.12651e-07
1456 1.9802e-07
1457 1.84354e-07
1458 1.71593e-07
1459 1.5968e-07
1460 1.48561e-07
1461 1.38186e-07
1462 1.28506e-07
1463 1.19478e-07
1464 1.1106e-07
1465 1.03211e-07
1466 9.58965e-08
1467 8.90801e-08
1468 8.27299e-08
1469 7.68153e-08
1470 7.13076e-08
1471 6.61802e-08
1472 6.14078e-08
1473 5.69669e-08
1474 5.28354e-08
1475 4.89927e-08
1476 4.54193e-08
1477 4.20973e-08
1478 3.90095e-08
1479 3.61402e-08
1480 3.34745e-08
1481 3.09986e-08
1482 2.86994e-08
1483 2.65648e-08
1484 2.45835e-08
1485 2.2745e-08
1486 2.10393e-08
1487 1.94571e-08
1488 1.799e-08
1489 1.66298e-08
1490 1.5369e-08
1491 1.42006e-08
1492 1.31182e-08
1493 1.21155e-08
1494 1.11871e-08
1495 1.03274e-08
1496 9.53174e-09
1497 8.79539e-09
1498 8.11412e-09
1499 7.48396e-09
1500 6.9012e-09
1501 6.36241e-09
1502 5.86437e-09
1503 5.40412e-09
1504 4.97888e-09
1505 4.58608e-09
1506 4.22333e-09
1507 3.8884e-09
1508 3.57924e-09
1509 3.29392e-09
1510 3.03068e-09
1511 2.78785e-09
1512 2.5639e-09
1513 2.35742e-09
1514 2.16708e-09
1515 1.99167e-09
1516 1.83005e-09
1517 1.68117e-09
1518 1.54405e-09
1519 1.4178e-09
1520 1.30159e-09
1521 1.19463e-09
1522 1.09622e-09
1523 1.00569e-09
1524 9.2243e-10
1525 8.45875e-10
1526 7.755e-10
1527 7.10822e-10
1528 6.51392e-10
1529 5.96798e-10
1530 5.46657e-10
1531 5.00617e-10
1532 4.58352e-10
1533 4.19562e-10
1534 3.83969e-10
1535 3.51317e-10
1536 3.2137e-10
1537 2.9391e-10
1538 2.68737e-10
1539 2.45664e-10
1540 2.24523e-10
1541 2.05155e-10
1542 1.87416e-10
1543 1.71173e-10
1544 1.56302e-10
1545 1.42692e-10
1546 1.30238e-10
1547 1.18844e-10
1548 1.08423e-10
1549 9.88935e-11
1550 9.01816e-11
1551 8.22187e-11
1552 7.49423e-11
1553 6.82947e-11
1554 6.22228e-11
1555 5.66781e-11
1556 5.1616e-11
1557 4.69956e-11
1558 4.27792e-11
1559 3.89324e-11
1560 3.54237e-11
1561 3.2224e-11
1562 2.93068e-11
1563 2.66477e-11
1564 2.42245e-11
1565 2.20167e-11
1566 2.00057e-11
1567 1.81744e-11
1568 1.6507e-11
1569 1.49892e-11
1570 1.3608e-11
1571 1.23512e-11
1572 1.12081e-11
1573 1.01685e-11
1574 9.22321e-12
1575 8.36397e-12
1576 7.58308e-12
1577 6.87357e-12
1578 6.22905e-12
1579 5.6437e-12
1580 5.11223e-12
1581 4.62976e-12
1582 4.1919e-12
1583 3.7946e-12
1584 3.43418e-12
1585 3.10731e-12
1586 2.81092e-12
1587 2.54223e-12
1588 2.29871e-12
1589 2.07806e-12
1590 1.87816e-12
1591 1.69712e-12
1592 1.53318e-12
1593 1.38477e-12
1594 1.25045e-12
1595 1.1289e-12
1596 1.01894e-12
1597 9.19489e-13
1598 8.29556e-13
1599 7.48252e-13
1600 6.74766e-13
1601 6.08361e-13
1602 5.48368e-13
1603 4.94181e-13
1604 4.45249e-13
1605 4.01072e-13
1606 3.61198e-13
1607 3.25215e-13
1608 2.92751e-13
1609 2.63469e-13
1610 2.37063e-13
1611 2.13256e-13
1612 1.91797e-13
1613 1.72459e-13
1614 1.55036e-13
1615 1.39341e-13
1616 1.25208e-13
1617 1.12483e-13
1618 1.01029e-13
1619 9.07208e-14
1620 8.14462e-14
1621 7.31035e-14
1622 6.56007e-14
1623 5.88548e-14
1624 5.27908e-14
1625 4.7341e-14
1626 4.24443e-14
1627 3.80457e-14
1628 3.40952e-14
1629 3.05482e-14
1630 2.7364e-14
1631 2.45063e-14
1632 2.19421e-14
1633 1.96419e-14
1634 1.75788e-14
1635 1.57289e-14
1636 1.40706e-14
1637 1.25843e-14
1638 1.12525e-14
1639 1.00594e-14
1640 8.99074e-15
1641 8.03385e-15
1642 7.1772e-15
1643 6.41046e-15
1644 5.72435e-15
1645 5.11054e-15
1646 4.56152e-15
1647 4.07058e-15
1648 3.63166e-15
1649 3.23935e-15
1650 2.88877e-15
1651 2.57555e-15
1652 2.29579e-15
1653 2.04595e-15
1654 1.8229e-15
1655 1.6238e-15
1656 1.44612e-15
1657 1.28759e-15
1658 1.14619e-15
1659 1.02009e-15
1660 9.07658e-16
1661 8.07437e-16
1662 7.18122e-16
1663 6.38544e-16
1664 5.67657e-16
1665 5.04526e-16
1666 4.48316e-16
1667 3.98279e-16
1668 3.53748e-16
1669 3.14126e-16
1670 2.78879e-16
1671 2.47531e-16
1672 2.19658e-16
1673 1.9488e-16
1674 1.72859e-16
1675 1.53291e-16
1676 1.35908e-16
1677 1.2047e-16
1678 1.06761e-16
1679 9.45909e-17
1680 8.37895e-17
1681 7.42049e-17
1682 6.5702e-17
1683 5.81603e-17
1684 5.14729e-17
1685 4.55442e-17
1686 4.02893e-17
1687 3.56328e-17
1688 3.15075e-17
1689 2.78535e-17
1690 2.46177e-17
1691 2.1753e-17
1692 1.92174e-17
1693 1.69735e-17
1694 1.49883e-17
1695 1.32323e-17
1696 1.16794e-17
1697 1.03065e-17
1698 9.09293e-18
1699 8.02045e-18
1700 7.07289e-18
1701 6.23588e-18
1702 5.49669e-18
1703 4.84404e-18
1704 4.26793e-18
1705 3.7595e-18
1706 3.31089e-18
1707 2.91517e-18
1708 2.56616e-18
1709 2.25844e-18
1710 1.98717e-18
1711 1.74809e-18
1712 1.53744e-18
1713 1.35186e-18
1714 1.18842e-18
1715 1.04451e-18
1716 9.17813e-19
1717 8.06308e-19
1718 7.0819e-19
1719 6.21873e-19
1720 5.45954e-19
1721 4.79196e-19
1722 4.20507e-19
1723 3.68924e-19
1724 3.23595e-19
1725 2.83772e-19
1726 2.48794e-19
1727 2.18079e-19
1728 1.91113e-19
1729 1.67444e-19
1730 1.46673e-19
1731 1.2845e-19
1732 1.12466e-19
1733 9.8449e-20
1734 8.61595e-20
1735 7.53873e-20
1736 6.59471e-20
1737 5.76761e-20
1738 5.04311e-20
1739 4.40863e-20
1740 3.85311e-20
1741 3.36684e-20
1742 2.94128e-20
1743 2.56893e-20
1744 2.24321e-20
1745 1.95836e-20
1746 1.70929e-20
1747 1.49157e-20
1748 1.30128e-20
1749 1.13502e-20
1750 9.8978e-21
1751 8.62932e-21
1752 7.52171e-21
1753 6.5548e-21
1754 5.71091e-21
1755 4.97454e-21
1756 4.33216e-21
1757 3.77188e-21
1758 3.28333e-21
1759 2.85742e-21
1760 2.4862e-21
1761 2.16272e-21
1762 1.88091e-21
1763 1.63545e-21
1764 1.42171e-21
1765 1.23562e-21
1766 1.07365e-21
1767 9.32706e-22
1768 8.1008e-22
1769 7.03419e-22
1770 6.10665e-22
1771 5.30023e-22
1772 4.59927e-22
1773 3.99012e-22
1774 3.46087e-22
1775 3.00114e-22
1776 2.6019e-22
1777 2.25527e-22
1778 1.95438e-22
1779 1.69325e-22
1780 1.46668e-22
1781 1.27014e-22
1782 1.0997e-22
1783 9.51909e-23
1784 8.23798e-23
1785 7.12768e-23
1786 6.16564e-23
1787 5.33225e-23
1788 4.61047e-23
1789 3.9855e-23
1790 3.44447e-23
1791 2.97622e-23
1792 2.57105e-23
1793 2.22053e-23
1794 1.91737e-23
1795 1.65523e-23
1796 1.42861e-23
1797 1.23274e-23
1798 1.06348e-23
1799 9.17257e-24
1800 7.90961e-24
1801 6.81901e-24
1802 5.87747e-24
1803 5.06479e-24
1804 4.3635e-24
1805 3.75847e-24
1806 3.23661e-24
1807 2.78658e-24
1808 2.39858e-24
1809 2.06415e-24
1810 1.77594e-24
1811 1.52763e-24
1812 1.31375e-24
1813 1.12956e-24
1814 9.7097e-25
1815 8.34461e-25
1816 7.16983e-25
1817 6.15906e-25
1818 5.28959e-25
1819 4.54184e-25
1820 3.89892e-25
1821 3.34626e-25
1822 2.87129e-25
1823 2.46319e-25
1824 2.11261e-25
1825 1.81152e-25
1826 1.553e-25
1827 1.33107e-25
1828 1.1406e-25
1829 9.77163e-26
1830 8.36958e-26
1831 7.16709e-26
1832 6.13598e-26
1833 5.25204e-26
1834 4.49442e-26
1835 3.84523e-26
1836 3.28907e-26
1837 2.81272e-26
1838 2.40481e-26
1839 2.0556e-26
1840 1.75671e-26
1841 1.50093e-26
1842 1.28211e-26
1843 1.09494e-26
1844 9.3489e-27
1845 7.98053e-27
1846 6.8109e-27
1847 5.81139e-27
1848 4.95744e-27
1849 4.22802e-27
1850 3.60511e-27
1851 3.07328e-27
1852 2.61932e-27
1853 2.23191e-27
1854 1.90137e-27
1855 1.61942e-27
1856 1.37896e-27
1857 1.17395e-27
1858 9.99189e-28
1859 8.50253e-28
1860 7.23353e-28
1861 6.15255e-28
1862 5.23193e-28
1863 4.44806e-28
1864 3.78078e-28
1865 3.21287e-28
1866 2.72966e-28
1867 2.3186e-28
1868 1.96899e-28
1869 1.67172e-28
1870 1.41902e-28
1871 1.20424e-28
1872 1.02174e-28
1873 8.667e-29
1874 7.35021e-29
1875 6.23208e-29
1876 5.28285e-29
1877 4.47719e-29
1878 3.79354e-29
1879 3.21355e-29
1880 2.72163e-29
1881 2.30449e-29
1882 1.95084e-29
1883 1.65109e-29
1884 1.39708e-29
1885 1.18189e-29
1886 9.9961e-30
1887 8.45256e-30
1888 7.14574e-30
1889 6.03961e-30
1890 5.10354e-30
1891 4.31159e-30
1892 3.6417e-30
1893 3.0752e-30
1894 2.59624e-30
1895 2.19138e-30
1896 1.84923e-30
1897 1.56016e-30
1898 1.31597e-30
1899 1.10976e-30
1900 9.35641e-31
1901 7.88666e-31
1902 6.64628e-31
1903 5.59972e-31
1904 4.71688e-31
1905 3.97234e-31
1906 3.34456e-31
1907 2.81535e-31
1908 2.36935e-31
1909 1.99355e-31
1910 1.67697e-31
1911 1.41035e-31
1912 1.18585e-31
1913 9.96856e-32
1914 8.37795e-32
1915 7.03955e-32
1916 5.91363e-32
1917 4.96666e-32
1918 4.17039e-32
1919 3.50098e-32
1920 2.93836e-32
1921 2.46559e-32
1922 2.06842e-32
1923 1.73484e-32
1924 1.45472e-32
1925 1.21956e-32
1926 1.02218e-32
1927 8.56547e-33
1928 7.17593e-33
1929 6.01044e-33
1930 5.03311e-33
1931 4.21374e-33
1932 3.52696e-33
1933 2.95145e-33
1934 2.46928e-33
1935 2.06542e-33
1936 1.72722e-33
1937 1.44407e-33
1938 1.20706e-33
1939 1.00872e-33
1940 8.42785e-34
1941 7.03984e-34
1942 5.87909e-34
1943 4.90862e-34
1944 4.09741e-34
1945 3.41949e-34
1946 2.85308e-34
1947 2.37996e-34
1948 1.98484e-34
1949 1.65494e-34
1950 1.37956e-34
1951 1.14974e-34
1952 9.57995e-35
1953 7.98039e-35
1954 6.64642e-35
1955 5.5342e-35
1956 4.60703e-35
1957 3.83431e-35
1958 3.19048e-35
1959 2.65416e-35
1960 2.20749e-35
1961 1.83556e-35
1962 1.52596e-35
1963 1.26829e-35
1964 1.05389e-35
1965 8.75526e-36
1966 7.27188e-36
1967 6.03848e-36
1968 5.0131e-36
1969 4.16087e-36
1970 3.45276e-36
1971 2.86452e-36
1972 2.37594e-36
1973 1.97024e-36
1974 1.63343e-36
1975 1.3539e-36
1976 1.12196e-36
1977 9.29531e-37
1978 7.69928e-37
1979 6.37588e-37
1980 5.27875e-37
1981 4.3694e-37
1982 3.61585e-37
1983 2.99159e-37
1984 2.47456e-37
1985 2.0464e-37
1986 1.69194e-37
1987 1.39855e-37
1988 1.15578e-37
1989 9.54933e-38
1990 7.88802e-38
1991 6.51425e-38
1992 5.37854e-38
1993 4.43981e-38
1994 3.66404e-38
1995 3.02316e-38
1996 2.49381e-38
1997 2.05667e-38
1998 1.69577e-38
1999 1.39787e-38
2000 1.15204e-38
2001 9.49233e-39
2002 7.81942e-39
2003 6.43987e-39
2004 5.30249e-39
2005 4.36499e-39
2006 3.59241e-39
2007 2.95588e-39
2008 2.43158e-39
2009 1.99981e-39
2010 1.64432e-39
2011 1.35171e-39
2012 1.11091e-39
2013 9.12784e-40
2014 7.49816e-40
2015 6.15795e-40
2016 5.05604e-40
2017 4.15028e-40
2018 3.40591e-40
2019 2.79434e-40
2020 2.29197e-40
2021 1.87939e-40
2022 1.54065e-40
2023 1.2626e-40
2024 1.0344e-40
2025 8.47172e-41
2026 6.93587e-41
2027 5.67631e-41
2028 4.64363e-41
2029 3.79708e-41
2030 3.1033e-41
2031 2.53489e-41
2032 2.0693e-41
2033 1.68801e-41
2034 1.37584e-41
2035 1.12034e-41
2036 9.11317e-42
2037 7.40344e-42
2038 6.00558e-42
2039 4.86346e-42
2040 3.93088e-42
2041 3.17e-42
2042 2.55001e-42
2043 2.04572e-42
2044 1.63654e-42
2045 1.30573e-42
2046 1.03973e-42
2047 8.276e-43
