0 1.0226e-67
1 1.0113e-67
2 1.05035e-67
3 1.14353e-67
4 1.2999e-67
5 1.53469e-67
6 1.87073e-67
7 2.34061e-67
8 2.98975e-67
9 3.8807e-67
10 5.09904e-67
11 6.76138e-67
12 9.02629e-67
13 1.21091e-66
14 1.63019e-66
15 2.20008e-66
16 2.97422e-66
17 4.02524e-66
18 5.45147e-66
19 7.38587e-66
20 1.00082e-65
21 1.35615e-65
22 1.83738e-65
23 2.48882e-65
24 3.37025e-65
25 4.56231e-65
26 6.17368e-65
27 8.35085e-65
28 1.12911e-64
29 1.526e-64
30 2.06148e-64
31 2.78363e-64
32 3.75703e-64
33 5.06849e-64
34 6.83458e-64
35 9.21179e-64
36 1.241e-63
37 1.67109e-63
38 2.24917e-63
39 3.02581e-63
40 4.06871e-63
41 5.46848e-63
42 7.34636e-63
43 9.86445e-63
44 1.32394e-62
45 1.77607e-62
46 2.38146e-62
47 3.19171e-62
48 4.2756e-62
49 5.72486e-62
50 7.66173e-62
51 1.0249e-61
52 1.37035e-61
53 1.83137e-61
54 2.44632e-61
55 3.2662e-61
56 4.3588e-61
57 5.81411e-61
58 7.75164e-61
59 1.03299e-60
60 1.37592e-60
61 1.83181e-60
62 2.4376e-60
63 3.24217e-60
64 4.31024e-60
65 5.72743e-60
66 7.60695e-60
67 1.00984e-59
68 1.33995e-59
69 1.77711e-59
70 2.35578e-59
71 3.12137e-59
72 4.13378e-59
73 5.47193e-59
74 7.2398e-59
75 9.57422e-59
76 1.26553e-58
77 1.67198e-58
78 2.20791e-58
79 2.91423e-58
80 3.84466e-58
81 5.0697e-58
82 6.68187e-58
83 8.80247e-58
84 1.15905e-57
85 1.52543e-57
86 2.00665e-57
87 2.6384e-57
88 3.46739e-57
89 4.55465e-57
90 5.97997e-57
91 7.84753e-57
92 1.02934e-56
93 1.34951e-56
94 1.76841e-56
95 2.31623e-56
96 3.03229e-56
97 3.96781e-56
98 5.18947e-56
99 6.78401e-56
100 8.86423e-56
101 1.15768e-55
102 1.51121e-55
103 1.97176e-55
104 2.57144e-55
105 3.35189e-55
106 4.36711e-55
107 5.68712e-55
108 7.40257e-55
109 9.63086e-55
110 1.25239e-54
111 1.62783e-54
112 2.11481e-54
113 2.74616e-54
114 3.56431e-54
115 4.62401e-54
116 5.99592e-54
117 7.77119e-54
118 1.00673e-53
119 1.30358e-53
120 1.68715e-53
121 2.18257e-53
122 2.82214e-53
123 3.64742e-53
124 4.71183e-53
125 6.08403e-53
126 7.85219e-53
127 1.01295e-52
128 1.30613e-52
129 1.68339e-52
130 2.16861e-52
131 2.79242e-52
132 3.59402e-52
133 4.62363e-52
134 5.94549e-52
135 7.64181e-52
136 9.81767e-52
137 1.26074e-51
138 1.61826e-51
139 2.07624e-51
140 2.66265e-51
141 3.41318e-51
142 4.37334e-51
143 5.60115e-51
144 7.17054e-51
145 9.17568e-51
146 1.17365e-50
147 1.50055e-50
148 1.91769e-50
149 2.44976e-50
150 3.12813e-50
151 3.99269e-50
152 5.09407e-50
153 6.49659e-50
154 8.28186e-50
155 1.05534e-49
156 1.34426e-49
157 1.71159e-49
158 2.17844e-49
159 2.77152e-49
160 3.52469e-49
161 4.48081e-49
162 5.6941e-49
163 7.23317e-49
164 9.18477e-49
165 1.16586e-48
166 1.47933e-48
167 1.87639e-48
168 2.37917e-48
169 3.0156e-48
170 3.82091e-48
171 4.83959e-48
172 6.12774e-48
173 7.75612e-48
174 9.8139e-48
175 1.24135e-47
176 1.56966e-47
177 1.98415e-47
178 2.50729e-47
179 3.16736e-47
180 3.99995e-47
181 5.04986e-47
182 6.37341e-47
183 8.04145e-47
184 1.01431e-46
185 1.27902e-46
186 1.61236e-46
187 2.032e-46
188 2.56015e-46
189 3.22468e-46
190 4.06061e-46
191 5.11188e-46
192 6.43362e-46
193 8.09501e-46
194 1.01828e-45
195 1.28059e-45
196 1.61007e-45
197 2.02383e-45
198 2.54329e-45
199 3.19533e-45
200 4.01358e-45
201 5.04019e-45
202 6.32793e-45
203 7.94286e-45
204 9.96769e-45
205 1.25059e-44
206 1.56869e-44
207 1.96728e-44
208 2.4666e-44
209 3.09197e-44
210 3.87507e-44
211 4.85546e-44
212 6.08257e-44
213 7.61818e-44
214 9.53943e-44
215 1.19427e-43
216 1.49481e-43
217 1.87059e-43
218 2.34034e-43
219 2.92742e-43
220 3.66099e-43
221 4.57738e-43
222 5.72191e-43
223 7.15106e-43
224 8.93519e-43
225 1.1162e-42
226 1.39406e-42
227 1.7407e-42
228 2.17303e-42
229 2.71212e-42
230 3.38416e-42
231 4.22174e-42
232 5.26536e-42
233 6.5654e-42
234 8.18444e-42
235 1.02002e-41
236 1.27093e-41
237 1.58317e-41
238 1.97161e-41
239 2.45472e-41
240 3.05542e-41
241 3.80212e-41
242 4.73003e-41
243 5.88281e-41
244 7.31455e-41
245 9.09223e-41
246 1.12988e-40
247 1.40369e-40
248 1.74336e-40
249 2.1646e-40
250 2.68683e-40
251 3.33409e-40
252 4.13604e-40
253 5.12934e-40
254 6.35928e-40
255 7.88174e-40
256 9.7657e-40
257 1.20962e-39
258 1.49783e-39
259 1.85412e-39
260 2.29443e-39
261 2.83842e-39
262 3.51026e-39
263 4.33973e-39
264 5.36347e-39
265 6.62658e-39
266 8.18451e-39
267 1.01054e-38
268 1.24731e-38
269 1.53905e-38
270 1.89841e-38
271 2.34091e-38
272 2.88561e-38
273 3.55589e-38
274 4.38043e-38
275 5.3944e-38
276 6.64092e-38
277 8.17282e-38
278 1.00548e-37
279 1.23662e-37
280 1.5204e-37
281 1.8687e-37
282 2.29606e-37
283 2.82026e-37
284 3.46303e-37
285 4.25097e-37
286 5.21654e-37
287 6.39945e-37
288 7.84818e-37
289 9.62192e-37
290 1.1793e-36
291 1.44495e-36
292 1.76992e-36
293 2.16734e-36
294 2.65321e-36
295 3.24706e-36
296 3.97269e-36
297 4.8591e-36
298 5.94163e-36
299 7.26329e-36
300 8.87652e-36
301 1.08451e-35
302 1.32467e-35
303 1.61759e-35
304 1.97475e-35
305 2.41016e-35
306 2.94081e-35
307 3.58739e-35
308 4.37504e-35
309 5.3343e-35
310 6.50231e-35
311 7.92415e-35
312 9.65459e-35
313 1.17601e-34
314 1.43215e-34
315 1.74368e-34
316 2.12248e-34
317 2.58298e-34
318 3.14269e-34
319 3.82282e-34
320 4.64912e-34
321 5.65277e-34
322 6.87158e-34
323 8.35136e-34
324 1.01476e-33
325 1.23275e-33
326 1.49724e-33
327 1.81809e-33
328 2.20722e-33
329 2.67905e-33
330 3.25105e-33
331 3.9443e-33
332 4.78435e-33
333 5.80203e-33
334 7.03464e-33
335 8.52723e-33
336 1.03342e-32
337 1.25213e-32
338 1.51678e-32
339 1.83694e-32
340 2.22418e-32
341 2.69242e-32
342 3.25848e-32
343 3.9426e-32
344 4.7692e-32
345 5.76771e-32
346 6.97357e-32
347 8.42943e-32
348 1.01867e-31
349 1.23071e-31
350 1.4865e-31
351 1.79499e-31
352 2.16693e-31
353 2.61524e-31
354 3.15544e-31
355 3.80618e-31
356 4.58984e-31
357 5.5333e-31
358 6.6688e-31
359 8.03502e-31
360 9.67831e-31
361 1.16543e-30
362 1.40295e-30
363 1.68837e-30
364 2.03126e-30
365 2.44303e-30
366 2.93737e-30
367 3.53065e-30
368 4.24245e-30
369 5.09614e-30
370 6.11968e-30
371 7.34648e-30
372 8.81639e-30
373 1.0577e-29
374 1.26851e-29
375 1.52086e-29
376 1.8228e-29
377 2.18399e-29
378 2.61589e-29
379 3.13219e-29
380 3.74917e-29
381 4.48622e-29
382 5.36641e-29
383 6.41721e-29
384 7.67128e-29
385 9.16745e-29
386 1.09519e-28
387 1.30795e-28
388 1.56154e-28
389 1.8637e-28
390 2.22362e-28
391 2.65222e-28
392 3.16243e-28
393 3.76963e-28
394 4.49202e-28
395 5.35121e-28
396 6.3728e-28
397 7.58714e-28
398 9.03019e-28
399 1.07445e-27
400 1.27806e-27
401 1.51981e-27
402 1.80678e-27
403 2.14732e-27
404 2.55134e-27
405 3.03055e-27
406 3.59879e-27
407 4.27244e-27
408 5.07084e-27
409 6.01688e-27
410 7.13759e-27
411 8.4649e-27
412 1.00365e-26
413 1.1897e-26
414 1.4099e-26
415 1.67046e-26
416 1.9787e-26
417 2.34327e-26
418 2.77437e-26
419 3.28404e-26
420 3.88648e-26
421 4.5984e-26
422 5.43954e-26
423 6.43314e-26
424 7.60661e-26
425 8.9922e-26
426 1.06279e-25
427 1.25586e-25
428 1.48368e-25
429 1.75247e-25
430 2.06951e-25
431 2.44341e-25
432 2.88427e-25
433 3.40395e-25
434 4.01643e-25
435 4.73812e-25
436 5.58831e-25
437 6.58967e-25
438 7.76879e-25
439 9.15693e-25
440 1.07908e-24
441 1.27133e-24
442 1.49751e-24
443 1.76353e-24
444 2.07633e-24
445 2.44405e-24
446 2.87622e-24
447 3.38401e-24
448 3.98048e-24
449 4.68094e-24
450 5.5033e-24
451 6.46848e-24
452 7.60098e-24
453 8.92943e-24
454 1.04873e-23
455 1.23135e-23
456 1.44538e-23
457 1.69615e-23
458 1.98984e-23
459 2.33372e-23
460 2.73623e-23
461 3.2072e-23
462 3.75809e-23
463 4.40226e-23
464 5.15524e-23
465 6.03511e-23
466 7.06288e-23
467 8.263e-23
468 9.66387e-23
469 1.12985e-22
470 1.32052e-22
471 1.54284e-22
472 1.80197e-22
473 2.10389e-22
474 2.45555e-22
475 2.86498e-22
476 3.3415e-22
477 3.89587e-22
478 4.5406e-22
479 5.29011e-22
480 6.16111e-22
481 7.17292e-22
482 8.34784e-22
483 9.71166e-22
484 1.12942e-21
485 1.31297e-21
486 1.5258e-21
487 1.77248e-21
488 2.05828e-21
489 2.3893e-21
490 2.77254e-21
491 3.21609e-21
492 3.72926e-21
493 4.32275e-21
494 5.00891e-21
495 5.80193e-21
496 6.71815e-21
497 7.77633e-21
498 8.99809e-21
499 1.04083e-20
500 1.20354e-20
501 1.39122e-20
502 1.60764e-20
503 1.85712e-20
504 2.14464e-20
505 2.47588e-20
506 2.85741e-20
507 3.29672e-20
508 3.80244e-20
509 4.38445e-20
510 5.05409e-20
511 5.82437e-20
512 6.7102e-20
513 7.72867e-20
514 8.89937e-20
515 1.02448e-19
516 1.17906e-19
517 1.35664e-19
518 1.56059e-19
519 1.79479e-19
520 2.06366e-19
521 2.37229e-19
522 2.72649e-19
523 3.13292e-19
524 3.59919e-19
525 4.13405e-19
526 4.74746e-19
527 5.45087e-19
528 6.25734e-19
529 7.18183e-19
530 8.24146e-19
531 9.45578e-19
532 1.08472e-18
533 1.24412e-18
534 1.42672e-18
535 1.63585e-18
536 1.87533e-18
537 2.14951e-18
538 2.4634e-18
539 2.82266e-18
540 3.2338e-18
541 3.70422e-18
542 4.24238e-18
543 4.85793e-18
544 5.56186e-18
545 6.3667e-18
546 7.28674e-18
547 8.33826e-18
548 9.53979e-18
549 1.09124e-17
550 1.24802e-17
551 1.42704e-17
552 1.6314e-17
553 1.86465e-17
554 2.13078e-17
555 2.43436e-17
556 2.78055e-17
557 3.17523e-17
558 3.62504e-17
559 4.13753e-17
560 4.72124e-17
561 5.38586e-17
562 6.14233e-17
563 7.00306e-17
564 7.98206e-17
565 9.09516e-17
566 1.03603e-16
567 1.17975e-16
568 1.34298e-16
569 1.52827e-16
570 1.73853e-16
571 1.977e-16
572 2.24737e-16
573 2.55377e-16
574 2.90083e-16
575 3.29377e-16
576 3.73845e-16
577 4.24145e-16
578 4.81013e-16
579 5.45276e-16
580 6.1786e-16
581 6.99801e-16
582 7.92259e-16
583 8.96528e-16
584 1.01406e-15
585 1.14647e-15
586 1.29556e-15
587 1.46335e-15
588 1.65208e-15
589 1.86424e-15
590 2.10263e-15
591 2.37033e-15
592 2.6708e-15
593 3.00784e-15
594 3.38572e-15
595 3.80915e-15
596 4.28336e-15
597 4.81414e-15
598 5.40794e-15
599 6.07187e-15
600 6.81381e-15
601 7.64249e-15
602 8.56756e-15
603 9.59968e-15
604 1.07506e-14
605 1.20335e-14
606 1.34626e-14
607 1.50538e-14
608 1.68246e-14
609 1.87944e-14
610 2.09845e-14
611 2.34184e-14
612 2.61219e-14
613 2.91237e-14
614 3.24552e-14
615 3.61511e-14
616 4.02496e-14
617 4.47929e-14
618 4.98272e-14
619 5.54037e-14
620 6.15787e-14
621 6.84143e-14
622 7.5979e-14
623 8.43481e-14
624 9.36047e-14
625 1.03841e-13
626 1.15157e-13
627 1.27666e-13
628 1.4149e-13
629 1.56766e-13
630 1.73643e-13
631 1.92289e-13
632 2.12887e-13
633 2.3564e-13
634 2.60773e-13
635 2.88536e-13
636 3.19203e-13
637 3.53081e-13
638 3.90509e-13
639 4.31861e-13
640 4.77556e-13
641 5.28055e-13
642 5.83873e-13
643 6.4558e-13
644 7.13811e-13
645 7.8927e-13
646 8.72742e-13
647 9.65096e-13
648 1.0673e-12
649 1.18044e-12
650 1.30571e-12
651 1.44445e-12
652 1.59814e-12
653 1.76844e-12
654 1.95718e-12
655 2.16642e-12
656 2.39843e-12
657 2.65575e-12
658 2.94119e-12
659 3.25789e-12
660 3.60933e-12
661 3.9994e-12
662 4.43238e-12
663 4.91306e-12
664 5.44673e-12
665 6.03929e-12
666 6.69726e-12
667 7.42787e-12
668 8.23914e-12
669 9.13992e-12
670 1.01401e-11
671 1.12504e-11
672 1.24829e-11
673 1.38508e-11
674 1.53688e-11
675 1.70529e-11
676 1.89209e-11
677 2.09924e-11
678 2.32888e-11
679 2.58338e-11
680 2.86532e-11
681 3.17756e-11
682 3.52322e-11
683 3.9057e-11
684 4.32875e-11
685 4.79646e-11
686 5.31327e-11
687 5.88405e-11
688 6.51411e-11
689 7.2092e-11
690 7.97561e-11
691 8.82015e-11
692 9.75019e-11
693 1.07738e-10
694 1.18995e-10
695 1.31368e-10
696 1.44958e-10
697 1.59874e-10
698 1.76233e-10
699 1.94162e-10
700 2.13796e-10
701 2.35282e-10
702 2.58774e-10
703 2.84441e-10
704 3.12459e-10
705 3.43021e-10
706 3.76326e-10
707 4.12592e-10
708 4.52046e-10
709 4.9493e-10
710 5.415e-10
711 5.92027e-10
712 6.46794e-10
713 7.06102e-10
714 7.70264e-10
715 8.39609e-10
716 9.14481e-10
717 9.95238e-10
718 1.08225e-09
719 1.17591e-09
720 1.27661e-09
721 1.38476e-09
722 1.50078e-09
723 1.62511e-09
724 1.75819e-09
725 1.90047e-09
726 2.05239e-09
727 2.21441e-09
728 2.38699e-09
729 2.57057e-09
730 2.7656e-09
731 2.97252e-09
732 3.19174e-09
733 3.42367e-09
734 3.66869e-09
735 3.92714e-09
736 4.19933e-09
737 4.48554e-09
738 4.786e-09
739 5.10087e-09
740 5.43026e-09
741 5.77421e-09
742 6.13267e-09
743 6.5055e-09
744 6.89248e-09
745 7.29327e-09
746 7.70739e-09
747 8.13427e-09
748 8.57318e-09
749 9.02323e-09
750 9.48338e-09
751 9.95242e-09
752 1.04289e-08
753 1.09114e-08
754 1.13979e-08
755 1.18865e-08
756 1.23749e-08
757 1.28608e-08
758 1.33413e-08
759 1.38136e-08
760 1.42746e-08
761 1.47207e-08
762 1.51484e-08
763 1.55537e-08
764 1.59327e-08
765 1.62809e-08
766 1.6594e-08
767 1.68673e-08
768 1.7096e-08
769 1.72753e-08
770 1.74003e-08
771 1.74662e-08
772 1.74682e-08
773 1.74016e-08
774 1.72621e-08
775 1.70455e-08
776 1.67484e-08
777 1.63676e-08
778 1.59011e-08
779 1.53472e-08
780 1.47058e-08
781 1.39778e-08
782 1.31658e-08
783 1.22739e-08
784 1.13084e-08
785 1.0278e-08
786 9.194e-09
787 8.07078e-09
788 6.92616e-09
789 5.78189e-09
790 4.6641e-09
791 3.60382e-09
792 2.63759e-09
793 1.80802e-09
794 1.16451e-09
795 7.63944e-10
796 6.71491e-10
797 9.61417e-10
798 1.718e-09
799 3.0365e-09
800 5.02419e-09
801 7.80147e-09
802 1.1503e-08
803 1.62792e-08
804 2.22971e-08
805 2.97424e-08
806 3.88205e-08
807 4.97584e-08
808 6.28062e-08
809 7.82393e-08
810 9.63597e-08
811 1.17499e-07
812 1.42019e-07
813 1.70316e-07
814 2.02822e-07
815 2.40007e-07
816 2.82381e-07
817 3.305e-07
818 3.84965e-07
819 4.46427e-07
820 5.15592e-07
821 5.93218e-07
822 6.80128e-07
823 7.77204e-07
824 8.85398e-07
825 1.00573e-06
826 1.13931e-06
827 1.2873e-06
828 1.45097e-06
829 1.63167e-06
830 1.83085e-06
831 2.05004e-06
832 2.29091e-06
833 2.5552e-06
834 2.84479e-06
835 3.16167e-06
836 3.50797e-06
837 3.88594e-06
838 4.29798e-06
839 4.74662e-06
840 5.23456e-06
841 5.76466e-06
842 6.33993e-06
843 6.96358e-06
844 7.63899e-06
845 8.36972e-06
846 9.15955e-06
847 1.00125e-05
848 1.09326e-05
849 1.19245e-05
850 1.29927e-05
851 1.41422e-05
852 1.53781e-05
853 1.67057e-05
854 1.81309e-05
855 1.96595e-05
856 2.12979e-05
857 2.30526e-05
858 2.49305e-05
859 2.69388e-05
860 2.9085e-05
861 3.13772e-05
862 3.38235e-05
863 3.64326e-05
864 3.92135e-05
865 4.21758e-05
866 4.53291e-05
867 4.86839e-05
868 5.22508e-05
869 5.60411e-05
870 6.00664e-05
871 6.43388e-05
872 6.8871e-05
873 7.36761e-05
874 7.87679e-05
875 8.41606e-05
876 8.9869e-05
877 9.59085e-05
878 0.000102295
879 0.000109045
880 0.000116177
881 0.000123707
882 0.000131654
883 0.000140038
884 0.000148878
885 0.000158196
886 0.000168012
887 0.000178348
888 0.000189229
889 0.000200676
890 0.000212716
891 0.000225372
892 0.000238672
893 0.000252643
894 0.000267311
895 0.000282707
896 0.000298859
897 0.000315799
898 0.000333558
899 0.000352169
900 0.000371665
901 0.000392081
902 0.000413452
903 0.000435816
904 0.000459208
905 0.00048367
906 0.000509239
907 0.000535956
908 0.000563865
909 0.000593006
910 0.000623426
911 0.000655168
912 0.000688279
913 0.000722806
914 0.000758797
915 0.000796303
916 0.000835373
917 0.00087606
918 0.000918415
919 0.000962493
920 0.00100835
921 0.00105604
922 0.00110562
923 0.00115714
924 0.00121067
925 0.00126627
926 0.001324
927 0.00138391
928 0.00144608
929 0.00151056
930 0.00157741
931 0.0016467
932 0.00171851
933 0.00179288
934 0.00186989
935 0.0019496
936 0.00203209
937 0.00211741
938 0.00220563
939 0.00229683
940 0.00239107
941 0.00248841
942 0.00258892
943 0.00269268
944 0.00279974
945 0.00291017
946 0.00302403
947 0.0031414
948 0.00326233
949 0.00338688
950 0.00351513
951 0.00364711
952 0.00378291
953 0.00392256
954 0.00406613
955 0.00421367
956 0.00436523
957 0.00452085
958 0.00468059
959 0.00484449
960 0.00501259
961 0.00518493
962 0.00536154
963 0.00554245
964 0.0057277
965 0.0059173
966 0.00611129
967 0.00630966
968 0.00651245
969 0.00671965
970 0.00693127
971 0.00714731
972 0.00736777
973 0.00759263
974 0.00782189
975 0.00805551
976 0.00829347
977 0.00853575
978 0.0087823
979 0.00903308
980 0.00928804
981 0.00954713
982 0.00981029
983 0.0100774
984 0.0103485
985 0.0106235
986 0.0109021
987 0.0111845
988 0.0114704
989 0.0117598
990 0.0120525
991 0.0123484
992 0.0126475
993 0.0129495
994 0.0132543
995 0.0135618
996 0.0138719
997 0.0141843
998 0.0144989
999 0.0148155
1000 0.015134
1001 0.0154541
1002 0.0157757
1003 0.0160986
1004 0.0164225
1005 0.0167473
1006 0.0170727
1007 0.0173986
1008 0.0177246
1009 0.0180507
1010 0.0183765
1011 0.0187017
1012 0.0190263
1013 0.0193498
1014 0.0196721
1015 0.0199929
1016 0.020312
1017 0.0206291
1018 0.0209439
1019 0.0212562
1020 0.0215657
1021 0.0218721
1022 0.0221753
1023 0.0224748
1024 0.0227705
1025 0.0230621
1026 0.0233494
1027 0.023632
1028 0.0239096
1029 0.0241822
1030 0.0244493
1031 0.0247107
1032 0.0249663
1033 0.0252156
1034 0.0254586
1035 0.0256949
1036 0.0259243
1037 0.0261467
1038 0.0263616
1039 0.0265691
1040 0.0267688
1041 0.0269605
1042 0.027144
1043 0.0273193
1044 0.0274859
1045 0.0276439
1046 0.027793
1047 0.0279331
1048 0.028064
1049 0.0281856
1050 0.0282977
1051 0.0284003
1052 0.0284932
1053 0.0285763
1054 0.0286496
1055 0.0287129
1056 0.0287662
1057 0.0288094
1058 0.0288426
1059 0.0288655
1060 0.0288783
1061 0.0288809
1062 0.0288733
1063 0.0288555
1064 0.0288275
1065 0.0287894
1066 0.0287412
1067 0.0286829
1068 0.0286146
1069 0.0285364
1070 0.0284484
1071 0.0283506
1072 0.0282432
1073 0.0281262
1074 0.0279999
1075 0.0278642
1076 0.0277194
1077 0.0275657
1078 0.0274031
1079 0.0272318
1080 0.0270521
1081 0.026864
1082 0.0266679
1083 0.0264638
1084 0.026252
1085 0.0260328
1086 0.0258062
1087 0.0255726
1088 0.0253322
1089 0.0250852
1090 0.0248319
1091 0.0245724
1092 0.0243071
1093 0.0240362
1094 0.02376
1095 0.0234786
1096 0.0231924
1097 0.0229016
1098 0.0226065
1099 0.0223074
1100 0.0220045
1101 0.0216981
1102 0.0213884
1103 0.0210757
1104 0.0207603
1105 0.0204425
1106 0.0201224
1107 0.0198004
1108 0.0194768
1109 0.0191517
1110 0.0188254
1111 0.0184982
1112 0.0181703
1113 0.017842
1114 0.0175135
1115 0.017185
1116 0.0168567
1117 0.016529
1118 0.016202
1119 0.0158759
1120 0.0155509
1121 0.0152272
1122 0.0149051
1123 0.0145847
1124 0.0142662
1125 0.0139499
1126 0.0136357
1127 0.013324
1128 0.0130149
1129 0.0127086
1130 0.0124051
1131 0.0121047
1132 0.0118075
1133 0.0115135
1134 0.011223
1135 0.010936
1136 0.0106527
1137 0.010373
1138 0.0100973
1139 0.00982544
1140 0.00955761
1141 0.00929387
1142 0.00903427
1143 0.0087789
1144 0.00852779
1145 0.00828101
1146 0.00803859
1147 0.00780058
1148 0.007567
1149 0.00733789
1150 0.00711327
1151 0.00689314
1152 0.00667754
1153 0.00646645
1154 0.00625988
1155 0.00605783
1156 0.00586029
1157 0.00566724
1158 0.00547868
1159 0.00529457
1160 0.0051149
1161 0.00493963
1162 0.00476874
1163 0.00460218
1164 0.00443992
1165 0.00428192
1166 0.00412814
1167 0.00397852
1168 0.00383301
1169 0.00369157
1170 0.00355413
1171 0.00342065
1172 0.00329106
1173 0.0031653
1174 0.00304331
1175 0.00292503
1176 0.00281039
1177 0.00269933
1178 0.00259178
1179 0.00248767
1180 0.00238694
1181 0.0022895
1182 0.00219531
1183 0.00210427
1184 0.00201633
1185 0.00193141
1186 0.00184944
1187 0.00177036
1188 0.00169408
1189 0.00162055
1190 0.00154968
1191 0.00148142
1192 0.00141568
1193 0.00135241
1194 0.00129153
1195 0.00123297
1196 0.00117668
1197 0.00112258
1198 0.00107061
1199 0.0010207
1200 0.00097279
1201 0.00092682
1202 0.000882726
1203 0.00084045
1204 0.00079993
1205 0.00076111
1206 0.000723931
1207 0.000688339
1208 0.000654278
1209 0.000621695
1210 0.000590538
1211 0.000560755
1212 0.000532297
1213 0.000505115
1214 0.000479162
1215 0.000454391
1216 0.000430757
1217 0.000408217
1218 0.000386728
1219 0.000366248
1220 0.000346738
1221 0.000328158
1222 0.00031047
1223 0.000293639
1224 0.000277628
1225 0.000262403
1226 0.000247931
1227 0.00023418
1228 0.000221118
1229 0.000208716
1230 0.000196944
1231 0.000185774
1232 0.000175181
1233 0.000165137
1234 0.000155617
1235 0.000146598
1236 0.000138055
1237 0.000129968
1238 0.000122314
1239 0.000115073
1240 0.000108225
1241 0.000101751
1242 9.56331e-05
1243 8.98532e-05
1244 8.43948e-05
1245 7.9242e-05
1246 7.43793e-05
1247 6.9792e-05
1248 6.54662e-05
1249 6.13883e-05
1250 5.75455e-05
1251 5.39255e-05
1252 5.05167e-05
1253 4.73078e-05
1254 4.42883e-05
1255 4.14479e-05
1256 3.87769e-05
1257 3.62662e-05
1258 3.39069e-05
1259 3.16907e-05
1260 2.96097e-05
1261 2.76563e-05
1262 2.58233e-05
1263 2.41039e-05
1264 2.24916e-05
1265 2.09803e-05
1266 1.95642e-05
1267 1.82376e-05
1268 1.69955e-05
1269 1.58328e-05
1270 1.47449e-05
1271 1.37272e-05
1272 1.27756e-05
1273 1.18861e-05
1274 1.10549e-05
1275 1.02785e-05
1276 9.55348e-06
1277 8.87674e-06
1278 8.24525e-06
1279 7.65619e-06
1280 7.10691e-06
1281 6.59489e-06
1282 6.11777e-06
1283 5.67333e-06
1284 5.25947e-06
1285 4.87422e-06
1286 4.51572e-06
1287 4.18224e-06
1288 3.87213e-06
1289 3.58385e-06
1290 3.31597e-06
1291 3.06711e-06
1292 2.83602e-06
1293 2.62149e-06
1294 2.42241e-06
1295 2.23772e-06
1296 2.06645e-06
1297 1.90767e-06
1298 1.76053e-06
1299 1.62421e-06
1300 1.49797e-06
1301 1.38109e-06
1302 1.27293e-06
1303 1.17286e-06
1304 1.08031e-06
1305 9.94746e-07
1306 9.15666e-07
1307 8.42603e-07
1308 7.75122e-07
1309 7.12818e-07
1310 6.55314e-07
1311 6.02256e-07
1312 5.53318e-07
1313 5.08196e-07
1314 4.66604e-07
1315 4.28281e-07
1316 3.92981e-07
1317 3.60476e-07
1318 3.30555e-07
1319 3.03022e-07
1320 2.77695e-07
1321 2.54404e-07
1322 2.32994e-07
1323 2.13318e-07
1324 1.95242e-07
1325 1.78642e-07
1326 1.63403e-07
1327 1.49416e-07
1328 1.36584e-07
1329 1.24815e-07
1330 1.14024e-07
1331 1.04134e-07
1332 9.50725e-08
1333 8.67722e-08
1334 7.91721e-08
1335 7.22152e-08
1336 6.58492e-08
1337 6.00258e-08
1338 5.47006e-08
1339 4.98324e-08
1340 4.53834e-08
1341 4.1319e-08
1342 3.7607e-08
1343 3.42179e-08
1344 3.11248e-08
1345 2.83026e-08
1346 2.57284e-08
1347 2.33812e-08
1348 2.12417e-08
1349 1.92921e-08
1350 1.7516e-08
1351 1.58987e-08
1352 1.44263e-08
1353 1.30863e-08
1354 1.18672e-08
1355 1.07584e-08
1356 9.75028e-09
1357 8.83394e-09
1358 8.00132e-09
1359 7.24499e-09
1360 6.55818e-09
1361 5.9347e-09
1362 5.36888e-09
1363 4.85555e-09
1364 4.38999e-09
1365 3.96789e-09
1366 3.5853e-09
1367 3.23863e-09
1368 2.92461e-09
1369 2.64025e-09
1370 2.38283e-09
1371 2.14987e-09
1372 1.93911e-09
1373 1.7485e-09
1374 1.57615e-09
1375 1.42037e-09
1376 1.27961e-09
1377 1.15246e-09
1378 1.03763e-09
1379 9.33971e-10
1380 8.40418e-10
1381 7.56013e-10
1382 6.79885e-10
1383 6.11242e-10
1384 5.49368e-10
1385 4.93612e-10
1386 4.43384e-10
1387 3.98149e-10
1388 3.57425e-10
1389 3.20772e-10
1390 2.87792e-10
1391 2.58128e-10
1392 2.31453e-10
1393 2.07474e-10
1394 1.85924e-10
1395 1.66564e-10
1396 1.49176e-10
1397 1.33564e-10
1398 1.19551e-10
1399 1.06977e-10
1400 9.56967e-11
1401 8.5581e-11
1402 7.65121e-11
1403 6.83842e-11
1404 6.11018e-11
1405 5.45789e-11
1406 4.8738e-11
1407 4.35094e-11
1408 3.88303e-11
1409 3.46443e-11
1410 3.09004e-11
1411 2.75531e-11
1412 2.45611e-11
1413 2.18876e-11
1414 1.94994e-11
1415 1.73667e-11
1416 1.54627e-11
1417 1.37633e-11
1418 1.22472e-11
1419 1.08948e-11
1420 9.68898e-12
1421 8.61405e-12
1422 7.65613e-12
1423 6.80273e-12
1424 6.04268e-12
1425 5.36598e-12
1426 4.76365e-12
1427 4.22769e-12
1428 3.75093e-12
1429 3.32696e-12
1430 2.95004e-12
1431 2.61506e-12
1432 2.31743e-12
1433 2.05308e-12
1434 1.81834e-12
1435 1.60997e-12
1436 1.42507e-12
1437 1.26102e-12
1438 1.11554e-12
1439 9.86548e-13
1440 8.72217e-13
1441 7.70911e-13
1442 6.81172e-13
1443 6.01703e-13
1444 5.3135e-13
1445 4.69086e-13
1446 4.13997e-13
1447 3.65271e-13
1448 3.22187e-13
1449 2.84101e-13
1450 2.50445e-13
1451 2.20711e-13
1452 1.94451e-13
1453 1.71266e-13
1454 1.50802e-13
1455 1.32744e-13
1456 1.16815e-13
1457 1.02768e-13
1458 9.03835e-14
1459 7.94687e-14
1460 6.9852e-14
1461 6.13813e-14
1462 5.39223e-14
1463 4.73562e-14
1464 4.15777e-14
1465 3.64939e-14
1466 3.20225e-14
1467 2.8091e-14
1468 2.46351e-14
1469 2.15983e-14
1470 1.89304e-14
1471 1.65873e-14
1472 1.45302e-14
1473 1.27246e-14
1474 1.11402e-14
1475 9.7503e-15
1476 8.53144e-15
1477 7.46284e-15
1478 6.52625e-15
1479 5.70561e-15
1480 4.98676e-15
1481 4.35726e-15
1482 3.80616e-15
1483 3.32383e-15
1484 2.90182e-15
1485 2.53269e-15
1486 2.20989e-15
1487 1.92771e-15
1488 1.68109e-15
1489 1.46561e-15
1490 1.2774e-15
1491 1.11306e-15
1492 9.69585e-16
1493 8.44375e-16
1494 7.35131e-16
1495 6.39846e-16
1496 5.56758e-16
1497 4.84327e-16
1498 4.21203e-16
1499 3.66205e-16
1500 3.18302e-16
1501 2.76589e-16
1502 2.40277e-16
1503 2.08675e-16
1504 1.8118e-16
1505 1.57265e-16
1506 1.36469e-16
1507 1.18391e-16
1508 1.0268e-16
1509 8.9029e-17
1510 7.71721e-17
1511 6.68761e-17
1512 5.79379e-17
1513 5.01807e-17
1514 4.34502e-17
1515 3.76122e-17
1516 3.25498e-17
1517 2.8161e-17
1518 2.43574e-17
1519 2.10617e-17
1520 1.8207e-17
1521 1.57349e-17
1522 1.35948e-17
1523 1.17426e-17
1524 1.01399e-17
1525 8.75359e-18
1526 7.55474e-18
1527 6.5183e-18
1528 5.62251e-18
1529 4.8485e-18
1530 4.1799e-18
1531 3.60251e-18
1532 3.10403e-18
1533 2.67379e-18
1534 2.30255e-18
1535 1.98231e-18
1536 1.70614e-18
1537 1.46805e-18
1538 1.26283e-18
1539 1.086e-18
1540 9.33678e-19
1541 8.02497e-19
1542 6.89558e-19
1543 5.9235e-19
1544 5.08705e-19
1545 4.36751e-19
1546 3.74871e-19
1547 3.2167e-19
1548 2.75943e-19
1549 2.36651e-19
1550 2.02898e-19
1551 1.73911e-19
1552 1.49024e-19
1553 1.27664e-19
1554 1.09335e-19
1555 9.36112e-20
1556 8.01269e-20
1557 6.85661e-20
1558 5.86571e-20
1559 5.01663e-20
1560 4.28928e-20
1561 3.66637e-20
1562 3.13306e-20
1563 2.67659e-20
1564 2.286e-20
1565 1.95187e-20
1566 1.66612e-20
1567 1.42181e-20
1568 1.213e-20
1569 1.03457e-20
1570 8.82141e-21
1571 7.51967e-21
1572 6.40827e-21
1573 5.45965e-21
1574 4.65018e-21
1575 3.95966e-21
1576 3.37075e-21
1577 2.86865e-21
1578 2.44068e-21
1579 2.076e-21
1580 1.76533e-21
1581 1.50074e-21
1582 1.27547e-21
1583 1.08372e-21
1584 9.20546e-22
1585 7.81733e-22
1586 6.63674e-22
1587 5.63293e-22
1588 4.77967e-22
1589 4.05458e-22
1590 3.43856e-22
1591 2.91536e-22
1592 2.47111e-22
1593 2.094e-22
1594 1.77397e-22
1595 1.50245e-22
1596 1.27215e-22
1597 1.07687e-22
1598 9.1132e-23
1599 7.71019e-23
1600 6.52145e-23
1601 5.51454e-23
1602 4.66187e-23
1603 3.94e-23
1604 3.32903e-23
1605 2.81207e-23
1606 2.37476e-23
1607 2.00493e-23
1608 1.69226e-23
1609 1.42797e-23
1610 1.20464e-23
1611 1.01597e-23
1612 8.56628e-24
1613 7.22087e-24
1614 6.08517e-24
1615 5.12676e-24
1616 4.31816e-24
1617 3.63615e-24
1618 3.06105e-24
1619 2.57623e-24
1620 2.16764e-24
1621 1.82337e-24
1622 1.53337e-24
1623 1.28916e-24
1624 1.08356e-24
1625 9.10512e-25
1626 7.64898e-25
1627 6.42402e-25
1628 5.39382e-25
1629 4.52763e-25
1630 3.79955e-25
1631 3.18771e-25
1632 2.67368e-25
1633 2.24195e-25
1634 1.87944e-25
1635 1.57513e-25
1636 1.31974e-25
1637 1.10546e-25
1638 9.25731e-26
1639 7.75016e-26
1640 6.48666e-26
1641 5.4277e-26
1642 4.5404e-26
1643 3.79715e-26
1644 3.17471e-26
1645 2.6536e-26
1646 2.21743e-26
1647 1.85245e-26
1648 1.54714e-26
1649 1.29179e-26
1650 1.07831e-26
1651 8.99856e-27
1652 7.50736e-27
1653 6.26159e-27
1654 5.22114e-27
1655 4.3524e-27
1656 3.62722e-27
1657 3.02206e-27
1658 2.51718e-27
1659 2.09608e-27
1660 1.74496e-27
1661 1.45226e-27
1662 1.20833e-27
1663 1.0051e-27
1664 8.35827e-28
1665 6.94873e-28
1666 5.77534e-28
1667 4.79879e-28
1668 3.98628e-28
1669 3.31045e-28
1670 2.74846e-28
1671 2.28125e-28
1672 1.89296e-28
1673 1.57033e-28
1674 1.30234e-28
1675 1.07979e-28
1676 8.95033e-29
1677 7.41688e-29
1678 6.1445e-29
1679 5.08903e-29
1680 4.21374e-29
1681 3.48805e-29
1682 2.88657e-29
1683 2.38817e-29
1684 1.9753e-29
1685 1.63337e-29
1686 1.35027e-29
1687 1.11594e-29
1688 9.2203e-30
1689 7.61613e-30
1690 6.28939e-30
1691 5.1924e-30
1692 4.28561e-30
1693 3.53624e-30
1694 2.91714e-30
1695 2.40579e-30
1696 1.98356e-30
1697 1.635e-30
1698 1.34734e-30
1699 1.10999e-30
1700 9.14222e-31
1701 7.52782e-31
1702 6.19688e-31
1703 5.09993e-31
1704 4.19606e-31
1705 3.45149e-31
1706 2.8383e-31
1707 2.33344e-31
1708 1.91789e-31
1709 1.57593e-31
1710 1.2946e-31
1711 1.06322e-31
1712 8.7297e-32
1713 7.16575e-32
1714 5.88047e-32
1715 4.82447e-32
1716 3.95708e-32
1717 3.24479e-32
1718 2.66003e-32
1719 2.18009e-32
1720 1.78628e-32
1721 1.46322e-32
1722 1.19828e-32
1723 9.81059e-33
1724 8.03005e-33
1725 6.57095e-33
1726 5.37558e-33
1727 4.39651e-33
1728 3.59483e-33
1729 2.93856e-33
1730 2.40147e-33
1731 1.96203e-33
1732 1.60258e-33
1733 1.30864e-33
1734 1.06833e-33
1735 8.71921e-34
1736 7.11431e-34
1737 5.80328e-34
1738 4.73259e-34
1739 3.85841e-34
1740 3.14487e-34
1741 2.5626e-34
1742 2.08757e-34
1743 1.70015e-34
1744 1.38425e-34
1745 1.12674e-34
1746 9.16894e-35
1747 7.45924e-35
1748 6.0667e-35
1749 4.93279e-35
1750 4.00972e-35
1751 3.25849e-35
1752 2.64728e-35
1753 2.15013e-35
1754 1.74586e-35
1755 1.41722e-35
1756 1.15012e-35
1757 9.33099e-36
1758 7.56821e-36
1759 6.13674e-36
1760 4.97464e-36
1761 4.03148e-36
1762 3.26623e-36
1763 2.6455e-36
1764 2.14213e-36
1765 1.73406e-36
1766 1.40333e-36
1767 1.13536e-36
1768 9.18301e-37
1769 7.42531e-37
1770 6.00236e-37
1771 4.85072e-37
1772 3.91894e-37
1773 3.16526e-37
1774 2.55579e-37
1775 2.0631e-37
1776 1.66492e-37
1777 1.3432e-37
1778 1.08335e-37
1779 8.73519e-38
1780 7.04131e-38
1781 5.6743e-38
1782 4.57139e-38
1783 3.68182e-38
1784 2.96451e-38
1785 2.38628e-38
1786 1.9203e-38
1787 1.54487e-38
1788 1.2425e-38
1789 9.99024e-39
1790 8.03035e-39
1791 6.45315e-39
1792 5.18427e-39
1793 4.16372e-39
1794 3.34314e-39
1795 2.68353e-39
1796 2.15347e-39
1797 1.72762e-39
1798 1.3856e-39
1799 1.11099e-39
1800 8.90551e-40
1801 7.13656e-40
1802 5.71741e-40
1803 4.57921e-40
1804 3.66659e-40
1805 2.93505e-40
1806 2.34881e-40
1807 1.87916e-40
1808 1.503e-40
1809 1.20182e-40
1810 9.60724e-41
1811 7.67787e-41
1812 6.13429e-41
1813 4.89972e-41
1814 3.91255e-41
1815 3.12343e-41
1816 2.49279e-41
1817 1.98894e-41
1818 1.58651e-41
1819 1.26516e-41
1820 1.00862e-41
1821 8.03893e-42
1822 6.40545e-42
1823 5.10251e-42
1824 4.06351e-42
1825 3.23521e-42
1826 2.57505e-42
1827 2.04905e-42
1828 1.63005e-42
1829 1.29638e-42
1830 1.03074e-42
1831 8.19302e-43
1832 6.51063e-43
1833 5.1723e-43
1834 4.10796e-43
1835 3.26175e-43
1836 2.58914e-43
1837 2.05467e-43
1838 1.63008e-43
1839 1.29287e-43
1840 1.02514e-43
1841 8.12625e-44
1842 6.43985e-44
1843 5.102e-44
1844 4.04095e-44
1845 3.19966e-44
1846 2.5328e-44
1847 2.00436e-44
1848 1.58572e-44
1849 1.25416e-44
1850 9.91641e-45
1851 7.83845e-45
1852 6.19412e-45
1853 4.89331e-45
1854 3.86454e-45
1855 3.05116e-45
1856 2.40826e-45
1857 1.90025e-45
1858 1.49896e-45
1859 1.18205e-45
1860 9.31862e-46
1861 7.34402e-46
1862 5.78606e-46
1863 4.5572e-46
1864 3.58821e-46
1865 2.82437e-46
1866 2.22243e-46
1867 1.74823e-46
1868 1.37477e-46
1869 1.08074e-46
1870 8.49324e-47
1871 6.67243e-47
1872 5.24026e-47
1873 4.11414e-47
1874 3.22895e-47
1875 2.53338e-47
1876 1.98697e-47
1877 1.5579e-47
1878 1.22106e-47
1879 9.56727e-48
1880 7.49358e-48
1881 5.86734e-48
1882 4.59243e-48
1883 3.59329e-48
1884 2.81053e-48
1885 2.19751e-48
1886 1.71759e-48
1887 1.34201e-48
1888 1.04817e-48
1889 8.18375e-49
1890 6.38727e-49
1891 4.98333e-49
1892 3.88655e-49
1893 3.03004e-49
1894 2.36141e-49
1895 1.83964e-49
1896 1.43262e-49
1897 1.11523e-49
1898 8.67834e-50
1899 6.7506e-50
1900 5.24906e-50
1901 4.07995e-50
1902 3.17e-50
1903 2.46205e-50
1904 1.91146e-50
1905 1.48342e-50
1906 1.15078e-50
1907 8.92378e-51
1908 6.91727e-51
1909 5.35979e-51
1910 4.15133e-51
1911 3.21406e-51
1912 2.4874e-51
1913 1.92426e-51
1914 1.48801e-51
1915 1.15019e-51
1916 8.88707e-52
1917 6.86388e-52
1918 5.29911e-52
1919 4.08938e-52
1920 3.15452e-52
1921 2.43237e-52
1922 1.87476e-52
1923 1.44438e-52
1924 1.11234e-52
1925 8.56266e-53
1926 6.58869e-53
1927 5.06766e-53
1928 3.89613e-53
1929 2.99416e-53
1930 2.30003e-53
1931 1.76607e-53
1932 1.35549e-53
1933 1.03992e-53
1934 7.97479e-54
1935 6.11297e-54
1936 4.6838e-54
1937 3.58723e-54
1938 2.7462e-54
1939 2.10144e-54
1940 1.60737e-54
1941 1.22893e-54
1942 9.3918e-55
1943 7.17435e-55
1944 5.47807e-55
1945 4.18103e-55
1946 3.1897e-55
1947 2.43235e-55
1948 1.85402e-55
1949 1.41257e-55
1950 1.07576e-55
1951 8.18903e-56
1952 6.231e-56
1953 4.73905e-56
1954 3.60275e-56
1955 2.7377e-56
1956 2.07943e-56
1957 1.57875e-56
1958 1.19809e-56
1959 9.08807e-57
1960 6.89069e-57
1961 5.22229e-57
1962 3.95609e-57
1963 2.99557e-57
1964 2.26725e-57
1965 1.71524e-57
1966 1.29706e-57
1967 9.80392e-58
1968 7.40706e-58
1969 5.5937e-58
1970 4.22239e-58
1971 3.18583e-58
1972 2.40267e-58
1973 1.81122e-58
1974 1.36476e-58
1975 1.02788e-58
1976 7.73817e-59
1977 5.82289e-59
1978 4.37969e-59
1979 3.29272e-59
1980 2.47441e-59
1981 1.85863e-59
1982 1.39547e-59
1983 1.04726e-59
1984 7.8558e-60
1985 5.89024e-60
1986 4.41449e-60
1987 3.30699e-60
1988 2.47623e-60
1989 1.85333e-60
1990 1.38651e-60
1991 1.0368e-60
1992 7.74946e-61
1993 5.78967e-61
1994 4.32356e-61
1995 3.22726e-61
1996 2.40785e-61
1997 1.79569e-61
1998 1.33856e-61
1999 9.97356e-62
2000 7.42791e-62
2001 5.52952e-62
2002 4.11446e-62
2003 3.06016e-62
2004 2.27499e-62
2005 1.69052e-62
2006 1.25564e-62
2007 9.32215e-63
2008 6.91786e-63
2009 5.13136e-63
2010 3.8045e-63
2011 2.81948e-63
2012 2.08856e-63
2013 1.54642e-63
2014 1.1445e-63
2015 8.46666e-64
2016 6.26058e-64
2017 4.62727e-64
2018 3.41857e-64
2019 2.52449e-64
2020 1.86344e-64
2021 1.37491e-64
2022 1.01403e-64
2023 7.47571e-65
2024 5.50915e-65
2025 4.05844e-65
2026 2.98873e-65
2027 2.20033e-65
2028 1.61952e-65
2029 1.19184e-65
2030 8.77056e-66
2031 6.45475e-66
2032 4.75184e-66
2033 3.5002e-66
2034 2.58069e-66
2035 1.90551e-66
2036 1.40999e-66
2037 1.04654e-66
2038 7.80124e-67
2039 5.85005e-67
2040 4.42262e-67
2041 3.38015e-67
2042 2.62095e-67
2043 2.07075e-67
2044 1.67557e-67
2045 1.39653e-67
2046 1.2061e-67
2047 1.08545e-67
