0 1.81895e-52
1 1.6345e-52
2 1.52179e-52
3 1.47426e-52
4 1.48896e-52
5 1.5664e-52
6 1.71049e-52
7 1.92881e-52
8 2.23293e-52
9 2.63907e-52
10 3.16888e-52
11 3.85063e-52
12 4.72066e-52
13 5.82526e-52
14 7.22315e-52
15 8.98844e-52
16 1.12146e-51
17 1.40191e-51
18 1.75499e-51
19 2.19925e-51
20 2.75802e-51
21 3.46053e-51
22 4.3435e-51
23 5.45292e-51
24 6.84648e-51
25 8.59647e-51
26 1.07935e-50
27 1.35509e-50
28 1.70109e-50
29 2.13511e-50
30 2.67942e-50
31 3.36186e-50
32 4.21725e-50
33 5.28915e-50
34 6.63199e-50
35 8.31383e-50
36 1.04197e-49
37 1.30557e-49
38 1.63546e-49
39 2.04819e-49
40 2.56442e-49
41 3.20994e-49
42 4.01692e-49
43 5.02548e-49
44 6.28563e-49
45 7.85971e-49
46 9.82544e-49
47 1.22796e-48
48 1.53427e-48
49 1.9165e-48
50 2.39332e-48
51 2.98799e-48
52 3.72946e-48
53 4.65372e-48
54 5.80553e-48
55 7.24055e-48
56 9.02795e-48
57 1.12537e-47
58 1.40246e-47
59 1.74734e-47
60 2.17646e-47
61 2.71029e-47
62 3.3742e-47
63 4.19969e-47
64 5.22583e-47
65 6.50106e-47
66 8.08548e-47
67 1.00536e-46
68 1.24976e-46
69 1.5532e-46
70 1.92984e-46
71 2.39723e-46
72 2.9771e-46
73 3.69633e-46
74 4.58821e-46
75 5.69391e-46
76 7.06439e-46
77 8.76262e-46
78 1.08665e-45
79 1.34723e-45
80 1.6699e-45
81 2.06935e-45
82 2.56376e-45
83 3.17552e-45
84 3.93233e-45
85 4.86835e-45
86 6.02575e-45
87 7.45652e-45
88 9.22483e-45
89 1.14098e-44
90 1.41089e-44
91 1.74423e-44
92 2.15582e-44
93 2.66388e-44
94 3.2909e-44
95 4.06452e-44
96 5.01879e-44
97 6.19561e-44
98 7.64652e-44
99 9.43491e-44
100 1.16387e-43
101 1.43538e-43
102 1.7698e-43
103 2.18158e-43
104 2.68852e-43
105 3.31243e-43
106 4.08011e-43
107 5.02447e-43
108 6.18586e-43
109 7.61378e-43
110 9.36898e-43
111 1.15259e-42
112 1.41758e-42
113 1.74306e-42
114 2.14272e-42
115 2.63336e-42
116 3.23552e-42
117 3.97436e-42
118 4.88068e-42
119 5.99215e-42
120 7.35487e-42
121 9.0252e-42
122 1.10721e-41
123 1.35797e-41
124 1.6651e-41
125 2.04117e-41
126 2.50156e-41
127 3.065e-41
128 3.7544e-41
129 4.59771e-41
130 5.62902e-41
131 6.88992e-41
132 8.43116e-41
133 1.03146e-40
134 1.26156e-40
135 1.54261e-40
136 1.8858e-40
137 2.30477e-40
138 2.81614e-40
139 3.44011e-40
140 4.20131e-40
141 5.12969e-40
142 6.26169e-40
143 7.64164e-40
144 9.32345e-40
145 1.13727e-39
146 1.38689e-39
147 1.6909e-39
148 2.06106e-39
149 2.51166e-39
150 3.06003e-39
151 3.72724e-39
152 4.53886e-39
153 5.52591e-39
154 6.72601e-39
155 8.18482e-39
156 9.95768e-39
157 1.21117e-38
158 1.47282e-38
159 1.79057e-38
160 2.17636e-38
161 2.64466e-38
162 3.21295e-38
163 3.90245e-38
164 4.73879e-38
165 5.75302e-38
166 6.98265e-38
167 8.4731e-38
168 1.02792e-37
169 1.24674e-37
170 1.51178e-37
171 1.83272e-37
172 2.22126e-37
173 2.69152e-37
174 3.26055e-37
175 3.94894e-37
176 4.7815e-37
177 5.78817e-37
178 7.00508e-37
179 8.47576e-37
180 1.02527e-36
181 1.23991e-36
182 1.49911e-36
183 1.81205e-36
184 2.18978e-36
185 2.64558e-36
186 3.19547e-36
187 3.85868e-36
188 4.65838e-36
189 5.6224e-36
190 6.78421e-36
191 8.18405e-36
192 9.87024e-36
193 1.19009e-35
194 1.43456e-35
195 1.72882e-35
196 2.08292e-35
197 2.50891e-35
198 3.02127e-35
199 3.63734e-35
200 4.37793e-35
201 5.26799e-35
202 6.33743e-35
203 7.62205e-35
204 9.1648e-35
205 1.10171e-34
206 1.32404e-34
207 1.59084e-34
208 1.91094e-34
209 2.29488e-34
210 2.75528e-34
211 3.30724e-34
212 3.9688e-34
213 4.76154e-34
214 5.71123e-34
215 6.84868e-34
216 8.21068e-34
217 9.84118e-34
218 1.17926e-33
219 1.41277e-33
220 1.69211e-33
221 2.02619e-33
222 2.42567e-33
223 2.90321e-33
224 3.47394e-33
225 4.1559e-33
226 4.97056e-33
227 5.94351e-33
228 7.10524e-33
229 8.49205e-33
230 1.01472e-32
231 1.2122e-32
232 1.44778e-32
233 1.72874e-32
234 2.06374e-32
235 2.46307e-32
236 2.93898e-32
237 3.50603e-32
238 4.18149e-32
239 4.9859e-32
240 5.94366e-32
241 7.08371e-32
242 8.44042e-32
243 1.00546e-31
244 1.19746e-31
245 1.42578e-31
246 1.69722e-31
247 2.01985e-31
248 2.40324e-31
249 2.85869e-31
250 3.39963e-31
251 4.04195e-31
252 4.80444e-31
253 5.70936e-31
254 6.78305e-31
255 8.05665e-31
256 9.56701e-31
257 1.13577e-30
258 1.34801e-30
259 1.59952e-30
260 1.89748e-30
261 2.25038e-30
262 2.66824e-30
263 3.16288e-30
264 3.74828e-30
265 4.44091e-30
266 5.26018e-30
267 6.22903e-30
268 7.37446e-30
269 8.72831e-30
270 1.03281e-29
271 1.2218e-29
272 1.44501e-29
273 1.70857e-29
274 2.01969e-29
275 2.38686e-29
276 2.82008e-29
277 3.33109e-29
278 3.93372e-29
279 4.64422e-29
280 5.48169e-29
281 6.46857e-29
282 7.63124e-29
283 9.00068e-29
284 1.06133e-28
285 1.25117e-28
286 1.47462e-28
287 1.73755e-28
288 2.04686e-28
289 2.41067e-28
290 2.83844e-28
291 3.34134e-28
292 3.93239e-28
293 4.62689e-28
294 5.44276e-28
295 6.40098e-28
296 7.52613e-28
297 8.84696e-28
298 1.03972e-27
299 1.22161e-27
300 1.43499e-27
301 1.68525e-27
302 1.97869e-27
303 2.32269e-27
304 2.72584e-27
305 3.19823e-27
306 3.75159e-27
307 4.39967e-27
308 5.15849e-27
309 6.04677e-27
310 7.08632e-27
311 8.30264e-27
312 9.72541e-27
313 1.13893e-26
314 1.33346e-26
315 1.56085e-26
316 1.82658e-26
317 2.13703e-26
318 2.49964e-26
319 2.92306e-26
320 3.41737e-26
321 3.9943e-26
322 4.66747e-26
323 5.45275e-26
324 6.36856e-26
325 7.43634e-26
326 8.68097e-26
327 1.01314e-25
328 1.18211e-25
329 1.37892e-25
330 1.60809e-25
331 1.87486e-25
332 2.18534e-25
333 2.54657e-25
334 2.96676e-25
335 3.4554e-25
336 4.02348e-25
337 4.68374e-25
338 5.45096e-25
339 6.34221e-25
340 7.37728e-25
341 8.57906e-25
342 9.97405e-25
343 1.15929e-24
344 1.3471e-24
345 1.56494e-24
346 1.81753e-24
347 2.11036e-24
348 2.44974e-24
349 2.84298e-24
350 3.2985e-24
351 3.82605e-24
352 4.43685e-24
353 5.14387e-24
354 5.96206e-24
355 6.90868e-24
356 8.00362e-24
357 9.2698e-24
358 1.07337e-23
359 1.24256e-23
360 1.43808e-23
361 1.66397e-23
362 1.92486e-23
363 2.22613e-23
364 2.57394e-23
365 2.97538e-23
366 3.43861e-23
367 3.97302e-23
368 4.5894e-23
369 5.30016e-23
370 6.11956e-23
371 7.06399e-23
372 8.15227e-23
373 9.40601e-23
374 1.085e-22
375 1.25128e-22
376 1.44271e-22
377 1.66303e-22
378 1.91656e-22
379 2.20821e-22
380 2.54366e-22
381 2.92937e-22
382 3.37278e-22
383 3.88239e-22
384 4.46794e-22
385 5.14058e-22
386 5.91308e-22
387 6.80003e-22
388 7.81814e-22
389 8.9865e-22
390 1.03269e-21
391 1.18644e-21
392 1.36275e-21
393 1.56486e-21
394 1.79651e-21
395 2.06192e-21
396 2.36596e-21
397 2.71414e-21
398 3.11276e-21
399 3.56901e-21
400 4.09108e-21
401 4.68831e-21
402 5.37133e-21
403 6.15225e-21
404 7.04485e-21
405 8.06484e-21
406 9.23005e-21
407 1.05608e-20
408 1.20803e-20
409 1.38146e-20
410 1.57937e-20
411 1.80516e-20
412 2.06266e-20
413 2.35628e-20
414 2.69096e-20
415 3.07236e-20
416 3.50688e-20
417 4.00178e-20
418 4.5653e-20
419 5.20679e-20
420 5.93685e-20
421 6.76747e-20
422 7.71227e-20
423 8.78667e-20
424 1.00081e-19
425 1.13964e-19
426 1.29739e-19
427 1.4766e-19
428 1.68013e-19
429 1.91122e-19
430 2.17356e-19
431 2.47128e-19
432 2.80908e-19
433 3.19226e-19
434 3.62682e-19
435 4.11952e-19
436 4.67802e-19
437 5.31096e-19
438 6.02809e-19
439 6.84042e-19
440 7.76039e-19
441 8.802e-19
442 9.98108e-19
443 1.13155e-18
444 1.28253e-18
445 1.45332e-18
446 1.64647e-18
447 1.86487e-18
448 2.11175e-18
449 2.39077e-18
450 2.70604e-18
451 3.06217e-18
452 3.46439e-18
453 3.91854e-18
454 4.43121e-18
455 5.0098e-18
456 5.66263e-18
457 6.39905e-18
458 7.22955e-18
459 8.16593e-18
460 9.22141e-18
461 1.04109e-17
462 1.17509e-17
463 1.32603e-17
464 1.49599e-17
465 1.68732e-17
466 1.90265e-17
467 2.14493e-17
468 2.41746e-17
469 2.72392e-17
470 3.06844e-17
471 3.45565e-17
472 3.89071e-17
473 4.37939e-17
474 4.92815e-17
475 5.54419e-17
476 6.23555e-17
477 7.01121e-17
478 7.88121e-17
479 8.85672e-17
480 9.95021e-17
481 1.11756e-16
482 1.25483e-16
483 1.40857e-16
484 1.58069e-16
485 1.77334e-16
486 1.9889e-16
487 2.23002e-16
488 2.49966e-16
489 2.80108e-16
490 3.13795e-16
491 3.51431e-16
492 3.93468e-16
493 4.40406e-16
494 4.92801e-16
495 5.51272e-16
496 6.16503e-16
497 6.89256e-16
498 7.70376e-16
499 8.608e-16
500 9.61567e-16
501 1.07383e-15
502 1.19887e-15
503 1.3381e-15
504 1.4931e-15
505 1.6656e-15
506 1.85753e-15
507 2.07103e-15
508 2.30847e-15
509 2.57247e-15
510 2.86593e-15
511 3.19205e-15
512 3.5544e-15
513 3.95691e-15
514 4.40393e-15
515 4.90027e-15
516 5.45126e-15
517 6.06279e-15
518 6.74135e-15
519 7.49414e-15
520 8.32911e-15
521 9.25504e-15
522 1.02816e-14
523 1.14196e-14
524 1.26807e-14
525 1.40781e-14
526 1.56261e-14
527 1.73406e-14
528 1.92391e-14
529 2.1341e-14
530 2.36675e-14
531 2.6242e-14
532 2.90905e-14
533 3.22413e-14
534 3.57258e-14
535 3.95783e-14
536 4.38369e-14
537 4.85431e-14
538 5.37428e-14
539 5.94863e-14
540 6.58289e-14
541 7.28311e-14
542 8.05597e-14
543 8.90876e-14
544 9.84949e-14
545 1.08869e-13
546 1.20307e-13
547 1.32914e-13
548 1.46804e-13
549 1.62105e-13
550 1.78953e-13
551 1.975e-13
552 2.1791e-13
553 2.40363e-13
554 2.65055e-13
555 2.92201e-13
556 3.22034e-13
557 3.54808e-13
558 3.90802e-13
559 4.30316e-13
560 4.73681e-13
561 5.21253e-13
562 5.73423e-13
563 6.30613e-13
564 6.93284e-13
565 7.61935e-13
566 8.37109e-13
567 9.19396e-13
568 1.00943e-12
569 1.10792e-12
570 1.2156e-12
571 1.3333e-12
572 1.46189e-12
573 1.60234e-12
574 1.75569e-12
575 1.92305e-12
576 2.10565e-12
577 2.3048e-12
578 2.52194e-12
579 2.7586e-12
580 3.01645e-12
581 3.29731e-12
582 3.60313e-12
583 3.93602e-12
584 4.29827e-12
585 4.69236e-12
586 5.12097e-12
587 5.58698e-12
588 6.09354e-12
589 6.64403e-12
590 7.24211e-12
591 7.89175e-12
592 8.59722e-12
593 9.36316e-12
594 1.01946e-11
595 1.10969e-11
596 1.2076e-11
597 1.31382e-11
598 1.42904e-11
599 1.554e-11
600 1.6895e-11
601 1.83641e-11
602 1.99567e-11
603 2.16829e-11
604 2.35538e-11
605 2.55812e-11
606 2.77779e-11
607 3.01579e-11
608 3.27361e-11
609 3.55287e-11
610 3.85533e-11
611 4.18289e-11
612 4.53757e-11
613 4.9216e-11
614 5.33736e-11
615 5.7874e-11
616 6.27452e-11
617 6.80169e-11
618 7.37213e-11
619 7.98932e-11
620 8.65698e-11
621 9.37913e-11
622 1.01601e-10
623 1.10045e-10
624 1.19174e-10
625 1.29041e-10
626 1.39703e-10
627 1.51222e-10
628 1.63663e-10
629 1.77098e-10
630 1.91602e-10
631 2.07256e-10
632 2.24144e-10
633 2.42361e-10
634 2.62002e-10
635 2.83172e-10
636 3.05983e-10
637 3.30552e-10
638 3.57004e-10
639 3.85471e-10
640 4.16096e-10
641 4.49025e-10
642 4.84417e-10
643 5.22439e-10
644 5.63265e-10
645 6.07081e-10
646 6.54082e-10
647 7.04473e-10
648 7.58468e-10
649 8.16295e-10
650 8.78191e-10
651 9.44403e-10
652 1.01519e-09
653 1.09083e-09
654 1.1716e-09
655 1.25779e-09
656 1.34972e-09
657 1.4477e-09
658 1.55208e-09
659 1.66318e-09
660 1.78138e-09
661 1.90705e-09
662 2.04057e-09
663 2.18233e-09
664 2.33276e-09
665 2.49228e-09
666 2.66132e-09
667 2.84035e-09
668 3.02984e-09
669 3.23026e-09
670 3.44212e-09
671 3.66594e-09
672 3.90225e-09
673 4.1516e-09
674 4.41456e-09
675 4.69172e-09
676 4.98369e-09
677 5.2911e-09
678 5.61461e-09
679 5.95489e-09
680 6.31267e-09
681 6.68868e-09
682 7.0837e-09
683 7.49854e-09
684 7.93406e-09
685 8.39115e-09
686 8.87077e-09
687 9.37394e-09
688 9.9017e-09
689 1.04552e-08
690 1.10357e-08
691 1.16444e-08
692 1.22828e-08
693 1.29524e-08
694 1.36547e-08
695 1.43915e-08
696 1.51646e-08
697 1.59762e-08
698 1.68283e-08
699 1.77234e-08
700 1.8664e-08
701 1.9653e-08
702 2.06932e-08
703 2.1788e-08
704 2.29409e-08
705 2.41558e-08
706 2.54368e-08
707 2.67884e-08
708 2.82155e-08
709 2.97232e-08
710 3.13173e-08
711 3.30039e-08
712 3.47895e-08
713 3.66813e-08
714 3.86867e-08
715 4.0814e-08
716 4.30718e-08
717 4.54696e-08
718 4.80172e-08
719 5.07253e-08
720 5.36051e-08
721 5.66688e-08
722 5.9929e-08
723 6.33993e-08
724 6.70938e-08
725 7.10277e-08
726 7.52167e-08
727 7.96775e-08
728 8.44275e-08
729 8.9485e-08
730 9.48689e-08
731 1.00599e-07
732 1.06697e-07
733 1.13182e-07
734 1.20078e-07
735 1.27407e-07
736 1.35193e-07
737 1.4346e-07
738 1.52231e-07
739 1.61533e-07
740 1.71391e-07
741 1.8183e-07
742 1.92876e-07
743 2.04556e-07
744 2.16894e-07
745 2.29918e-07
746 2.43653e-07
747 2.58123e-07
748 2.73354e-07
749 2.89368e-07
750 3.06189e-07
751 3.23837e-07
752 3.42334e-07
753 3.61697e-07
754 3.81944e-07
755 4.03088e-07
756 4.25141e-07
757 4.48114e-07
758 4.72013e-07
759 4.96841e-07
760 5.22598e-07
761 5.49281e-07
762 5.76882e-07
763 6.05389e-07
764 6.34785e-07
765 6.65049e-07
766 6.96153e-07
767 7.28066e-07
768 7.6075e-07
769 7.9416e-07
770 8.28247e-07
771 8.62954e-07
772 8.98217e-07
773 9.33966e-07
774 9.70124e-07
775 1.00661e-06
776 1.04332e-06
777 1.08017e-06
778 1.11704e-06
779 1.15383e-06
780 1.1904e-06
781 1.22664e-06
782 1.2624e-06
783 1.29755e-06
784 1.33193e-06
785 1.3654e-06
786 1.39777e-06
787 1.4289e-06
788 1.4586e-06
789 1.48671e-06
790 1.51304e-06
791 1.5374e-06
792 1.55962e-06
793 1.57951e-06
794 1.59688e-06
795 1.61155e-06
796 1.62334e-06
797 1.63207e-06
798 1.63756e-06
799 1.63965e-06
800 1.63818e-06
801 1.63301e-06
802 1.62399e-06
803 1.61101e-06
804 1.59396e-06
805 1.57275e-06
806 1.54731e-06
807 1.51759e-06
808 1.48359e-06
809 1.4453e-06
810 1.40275e-06
811 1.35602e-06
812 1.30522e-06
813 1.25048e-06
814 1.19198e-06
815 1.12996e-06
816 1.06469e-06
817 9.96492e-07
818 9.25738e-07
819 8.52863e-07
820 7.78357e-07
821 7.02773e-07
822 6.26728e-07
823 5.50909e-07
824 4.76073e-07
825 4.0305e-07
826 3.32749e-07
827 2.6616e-07
828 2.04354e-07
829 1.48489e-07
830 9.98124e-08
831 5.96633e-08
832 2.94744e-08
833 1.07755e-08
834 5.196e-09
835 1.44666e-08
836 4.04221e-08
837 8.50034e-08
838 1.50259e-07
839 2.38349e-07
840 3.51542e-07
841 4.92222e-07
842 6.62889e-07
843 8.66155e-07
844 1.10475e-06
845 1.38153e-06
846 1.69946e-06
847 2.06163e-06
848 2.47124e-06
849 2.93164e-06
850 3.44626e-06
851 4.01868e-06
852 4.65259e-06
853 5.35182e-06
854 6.12029e-06
855 6.96207e-06
856 7.88133e-06
857 8.88237e-06
858 9.96961e-06
859 1.11476e-05
860 1.2421e-05
861 1.37945e-05
862 1.52732e-05
863 1.68619e-05
864 1.85658e-05
865 2.03902e-05
866 2.23405e-05
867 2.4422e-05
868 2.66405e-05
869 2.90016e-05
870 3.15112e-05
871 3.41752e-05
872 3.69997e-05
873 3.99909e-05
874 4.31552e-05
875 4.64989e-05
876 5.00287e-05
877 5.37511e-05
878 5.76732e-05
879 6.18018e-05
880 6.6144e-05
881 7.07071e-05
882 7.54985e-05
883 8.05257e-05
884 8.57964e-05
885 9.13185e-05
886 9.71e-05
887 0.000103149
888 0.000109474
889 0.000116084
890 0.000122987
891 0.000130193
892 0.00013771
893 0.000145548
894 0.000153717
895 0.000162227
896 0.000171087
897 0.000180309
898 0.000189903
899 0.00019988
900 0.000210252
901 0.00022103
902 0.000232226
903 0.000243853
904 0.000255923
905 0.00026845
906 0.000281447
907 0.000294928
908 0.000308908
909 0.000323401
910 0.000338422
911 0.000353989
912 0.000370116
913 0.000386821
914 0.000404121
915 0.000422033
916 0.000440578
917 0.000459772
918 0.000479637
919 0.000500192
920 0.000521458
921 0.000543457
922 0.00056621
923 0.000589741
924 0.000614073
925 0.00063923
926 0.000665238
927 0.00069212
928 0.000719905
929 0.000748618
930 0.000778288
931 0.000808942
932 0.00084061
933 0.000873322
934 0.000907108
935 0.000941999
936 0.000978028
937 0.00101523
938 0.00105363
939 0.00109327
940 0.00113418
941 0.0011764
942 0.00121996
943 0.00126491
944 0.00131127
945 0.00135909
946 0.0014084
947 0.00145924
948 0.00151166
949 0.00156569
950 0.00162138
951 0.00167876
952 0.00173787
953 0.00179877
954 0.00186148
955 0.00192605
956 0.00199253
957 0.00206096
958 0.00213137
959 0.00220382
960 0.00227835
961 0.00235499
962 0.00243379
963 0.0025148
964 0.00259806
965 0.0026836
966 0.00277148
967 0.00286172
968 0.00295438
969 0.00304949
970 0.00314709
971 0.00324723
972 0.00334994
973 0.00345525
974 0.0035632
975 0.00367384
976 0.00378719
977 0.00390328
978 0.00402215
979 0.00414384
980 0.00426835
981 0.00439574
982 0.00452601
983 0.0046592
984 0.00479533
985 0.00493442
986 0.00507648
987 0.00522154
988 0.00536961
989 0.00552069
990 0.00567481
991 0.00583197
992 0.00599217
993 0.00615541
994 0.0063217
995 0.00649104
996 0.00666341
997 0.00683882
998 0.00701724
999 0.00719867
1000 0.00738309
1001 0.00757047
1002 0.0077608
1003 0.00795405
1004 0.00815019
1005 0.00834919
1006 0.008551
1007 0.0087556
1008 0.00896293
1009 0.00917295
1010 0.00938562
1011 0.00960087
1012 0.00981865
1013 0.0100389
1014 0.0102616
1015 0.0104866
1016 0.0107138
1017 0.0109433
1018 0.0111748
1019 0.0114084
1020 0.011644
1021 0.0118814
1022 0.0121205
1023 0.0123613
1024 0.0126037
1025 0.0128476
1026 0.0130928
1027 0.0133393
1028 0.0135869
1029 0.0138355
1030 0.014085
1031 0.0143353
1032 0.0145863
1033 0.0148378
1034 0.0150896
1035 0.0153418
1036 0.0155941
1037 0.0158463
1038 0.0160985
1039 0.0163503
1040 0.0166017
1041 0.0168525
1042 0.0171026
1043 0.0173518
1044 0.0175999
1045 0.0178469
1046 0.0180926
1047 0.0183367
1048 0.0185792
1049 0.0188199
1050 0.0190587
1051 0.0192953
1052 0.0195296
1053 0.0197615
1054 0.0199908
1055 0.0202174
1056 0.020441
1057 0.0206616
1058 0.020879
1059 0.021093
1060 0.0213034
1061 0.0215102
1062 0.0217132
1063 0.0219121
1064 0.022107
1065 0.0222976
1066 0.0224837
1067 0.0226653
1068 0.0228423
1069 0.0230143
1070 0.0231815
1071 0.0233435
1072 0.0235004
1073 0.0236519
1074 0.0237979
1075 0.0239384
1076 0.0240732
1077 0.0242022
1078 0.0243253
1079 0.0244425
1080 0.0245536
1081 0.0246585
1082 0.0247571
1083 0.0248494
1084 0.0249353
1085 0.0250148
1086 0.0250877
1087 0.025154
1088 0.0252136
1089 0.0252665
1090 0.0253127
1091 0.0253521
1092 0.0253847
1093 0.0254104
1094 0.0254293
1095 0.0254413
1096 0.0254464
1097 0.0254446
1098 0.0254359
1099 0.0254203
1100 0.0253979
1101 0.0253685
1102 0.0253324
1103 0.0252894
1104 0.0252397
1105 0.0251832
1106 0.0251201
1107 0.0250503
1108 0.024974
1109 0.0248911
1110 0.0248018
1111 0.0247061
1112 0.0246041
1113 0.0244959
1114 0.0243816
1115 0.0242612
1116 0.0241348
1117 0.0240026
1118 0.0238647
1119 0.0237212
1120 0.0235721
1121 0.0234176
1122 0.0232578
1123 0.0230928
1124 0.0229228
1125 0.0227479
1126 0.0225683
1127 0.0223839
1128 0.0221951
1129 0.0220019
1130 0.0218045
1131 0.021603
1132 0.0213976
1133 0.0211884
1134 0.0209755
1135 0.0207592
1136 0.0205396
1137 0.0203167
1138 0.0200909
1139 0.0198622
1140 0.0196308
1141 0.0193968
1142 0.0191605
1143 0.0189219
1144 0.0186812
1145 0.0184386
1146 0.0181942
1147 0.0179483
1148 0.0177008
1149 0.0174521
1150 0.0172022
1151 0.0169513
1152 0.0166995
1153 0.0164471
1154 0.0161941
1155 0.0159406
1156 0.0156869
1157 0.0154331
1158 0.0151793
1159 0.0149256
1160 0.0146722
1161 0.0144192
1162 0.0141668
1163 0.013915
1164 0.013664
1165 0.0134139
1166 0.0131649
1167 0.0129169
1168 0.0126703
1169 0.0124249
1170 0.0121811
1171 0.0119388
1172 0.0116982
1173 0.0114593
1174 0.0112223
1175 0.0109872
1176 0.0107542
1177 0.0105233
1178 0.0102945
1179 0.010068
1180 0.00984384
1181 0.00962207
1182 0.00940276
1183 0.00918597
1184 0.00897177
1185 0.0087602
1186 0.00855131
1187 0.00834516
1188 0.00814178
1189 0.00794122
1190 0.00774352
1191 0.0075487
1192 0.0073568
1193 0.00716785
1194 0.00698187
1195 0.00679889
1196 0.00661891
1197 0.00644197
1198 0.00626807
1199 0.00609722
1200 0.00592943
1201 0.00576471
1202 0.00560305
1203 0.00544446
1204 0.00528894
1205 0.00513648
1206 0.00498706
1207 0.00484069
1208 0.00469735
1209 0.00455703
1210 0.00441971
1211 0.00428538
1212 0.00415401
1213 0.00402558
1214 0.00390008
1215 0.00377747
1216 0.00365773
1217 0.00354083
1218 0.00342675
1219 0.00331545
1220 0.0032069
1221 0.00310108
1222 0.00299793
1223 0.00289744
1224 0.00279957
1225 0.00270427
1226 0.00261152
1227 0.00252127
1228 0.00243348
1229 0.00234812
1230 0.00226515
1231 0.00218452
1232 0.00210619
1233 0.00203013
1234 0.00195629
1235 0.00188463
1236 0.0018151
1237 0.00174768
1238 0.0016823
1239 0.00161894
1240 0.00155754
1241 0.00149807
1242 0.00144049
1243 0.00138475
1244 0.00133081
1245 0.00127863
1246 0.00122816
1247 0.00117937
1248 0.00113222
1249 0.00108666
1250 0.00104265
1251 0.00100016
1252 0.000959147
1253 0.000919568
1254 0.000881387
1255 0.000844566
1256 0.000809066
1257 0.000774853
1258 0.000741888
1259 0.000710137
1260 0.000679563
1261 0.000650132
1262 0.000621811
1263 0.000594565
1264 0.000568361
1265 0.000543169
1266 0.000518954
1267 0.000495688
1268 0.000473339
1269 0.000451878
1270 0.000431276
1271 0.000411504
1272 0.000392534
1273 0.000374339
1274 0.000356894
1275 0.000340171
1276 0.000324147
1277 0.000308796
1278 0.000294094
1279 0.000280018
1280 0.000266545
1281 0.000253654
1282 0.000241323
1283 0.000229531
1284 0.000218257
1285 0.000207483
1286 0.000197188
1287 0.000187356
1288 0.000177966
1289 0.000169003
1290 0.000160449
1291 0.000152289
1292 0.000144505
1293 0.000137084
1294 0.000130009
1295 0.000123267
1296 0.000116845
1297 0.000110728
1298 0.000104904
1299 9.93599e-05
1300 9.40845e-05
1301 8.9066e-05
1302 8.42932e-05
1303 7.97554e-05
1304 7.54422e-05
1305 7.13436e-05
1306 6.74502e-05
1307 6.37526e-05
1308 6.02421e-05
1309 5.691e-05
1310 5.37483e-05
1311 5.07491e-05
1312 4.79047e-05
1313 4.52081e-05
1314 4.26521e-05
1315 4.02302e-05
1316 3.7936e-05
1317 3.57633e-05
1318 3.37064e-05
1319 3.17595e-05
1320 2.99172e-05
1321 2.81746e-05
1322 2.65266e-05
1323 2.49684e-05
1324 2.34958e-05
1325 2.21042e-05
1326 2.07897e-05
1327 1.95483e-05
1328 1.83763e-05
1329 1.727e-05
1330 1.62262e-05
1331 1.52415e-05
1332 1.43128e-05
1333 1.34372e-05
1334 1.2612e-05
1335 1.18343e-05
1336 1.11018e-05
1337 1.04119e-05
1338 9.76228e-06
1339 9.15087e-06
1340 8.57553e-06
1341 8.03428e-06
1342 7.52524e-06
1343 7.04663e-06
1344 6.59675e-06
1345 6.174e-06
1346 5.77684e-06
1347 5.40383e-06
1348 5.0536e-06
1349 4.72484e-06
1350 4.41632e-06
1351 4.12689e-06
1352 3.85542e-06
1353 3.60088e-06
1354 3.36227e-06
1355 3.13867e-06
1356 2.92917e-06
1357 2.73295e-06
1358 2.54922e-06
1359 2.37722e-06
1360 2.21625e-06
1361 2.06565e-06
1362 1.92479e-06
1363 1.79306e-06
1364 1.66992e-06
1365 1.55484e-06
1366 1.44731e-06
1367 1.34687e-06
1368 1.25308e-06
1369 1.16552e-06
1370 1.08379e-06
1371 1.00754e-06
1372 9.3641e-07
1373 8.70078e-07
1374 8.08236e-07
1375 7.50595e-07
1376 6.96886e-07
1377 6.46854e-07
1378 6.00259e-07
1379 5.56877e-07
1380 5.16498e-07
1381 4.78924e-07
1382 4.43968e-07
1383 4.11459e-07
1384 3.81232e-07
1385 3.53135e-07
1386 3.27025e-07
1387 3.02768e-07
1388 2.80238e-07
1389 2.59319e-07
1390 2.399e-07
1391 2.21878e-07
1392 2.05158e-07
1393 1.89649e-07
1394 1.75268e-07
1395 1.61936e-07
1396 1.4958e-07
1397 1.38131e-07
1398 1.27527e-07
1399 1.17706e-07
1400 1.08615e-07
1401 1.00199e-07
1402 9.2413e-08
1403 8.52099e-08
1404 7.85483e-08
1405 7.23892e-08
1406 6.66961e-08
1407 6.14352e-08
1408 5.65749e-08
1409 5.2086e-08
1410 4.79411e-08
1411 4.41149e-08
1412 4.05838e-08
1413 3.73259e-08
1414 3.43209e-08
1415 3.15498e-08
1416 2.89952e-08
1417 2.66407e-08
1418 2.44713e-08
1419 2.24728e-08
1420 2.06323e-08
1421 1.89378e-08
1422 1.73781e-08
1423 1.59429e-08
1424 1.46225e-08
1425 1.34081e-08
1426 1.22914e-08
1427 1.12649e-08
1428 1.03216e-08
1429 9.45486e-09
1430 8.65874e-09
1431 7.92766e-09
1432 7.25648e-09
1433 6.64046e-09
1434 6.07521e-09
1435 5.55668e-09
1436 5.08114e-09
1437 4.64512e-09
1438 4.24545e-09
1439 3.8792e-09
1440 3.54365e-09
1441 3.23632e-09
1442 2.9549e-09
1443 2.69727e-09
1444 2.46149e-09
1445 2.24575e-09
1446 2.04841e-09
1447 1.86794e-09
1448 1.70294e-09
1449 1.55213e-09
1450 1.41432e-09
1451 1.28842e-09
1452 1.17343e-09
1453 1.06844e-09
1454 9.726e-10
1455 8.85133e-10
1456 8.0533e-10
1457 7.32538e-10
1458 6.66159e-10
1459 6.05642e-10
1460 5.50485e-10
1461 5.00226e-10
1462 4.54442e-10
1463 4.12744e-10
1464 3.74779e-10
1465 3.4022e-10
1466 3.08771e-10
1467 2.80159e-10
1468 2.54134e-10
1469 2.30469e-10
1470 2.08956e-10
1471 1.89403e-10
1472 1.71637e-10
1473 1.55498e-10
1474 1.40842e-10
1475 1.27535e-10
1476 1.15457e-10
1477 1.04497e-10
1478 9.45529e-11
1479 8.55341e-11
1480 7.73563e-11
1481 6.99429e-11
1482 6.32242e-11
1483 5.71366e-11
1484 5.16224e-11
1485 4.66287e-11
1486 4.21076e-11
1487 3.80154e-11
1488 3.43124e-11
1489 3.09624e-11
1490 2.79326e-11
1491 2.51929e-11
1492 2.27164e-11
1493 2.04782e-11
1494 1.8456e-11
1495 1.66293e-11
1496 1.49798e-11
1497 1.34905e-11
1498 1.21463e-11
1499 1.09333e-11
1500 9.83901e-12
1501 8.85207e-12
1502 7.96217e-12
1503 7.15996e-12
1504 6.43699e-12
1505 5.78559e-12
1506 5.19883e-12
1507 4.67043e-12
1508 4.1947e-12
1509 3.7665e-12
1510 3.38119e-12
1511 3.03454e-12
1512 2.72276e-12
1513 2.44241e-12
1514 2.1904e-12
1515 1.9639e-12
1516 1.76039e-12
1517 1.57758e-12
1518 1.41341e-12
1519 1.26601e-12
1520 1.13371e-12
1521 1.01498e-12
1522 9.08463e-13
1523 8.12925e-13
1524 7.27256e-13
1525 6.50455e-13
1526 5.81621e-13
1527 5.19945e-13
1528 4.64694e-13
1529 4.15213e-13
1530 3.70909e-13
1531 3.31251e-13
1532 2.95761e-13
1533 2.64009e-13
1534 2.35607e-13
1535 2.1021e-13
1536 1.87504e-13
1537 1.67209e-13
1538 1.49075e-13
1539 1.32875e-13
1540 1.18406e-13
1541 1.05486e-13
1542 9.39537e-14
1543 8.36613e-14
1544 7.44781e-14
1545 6.62867e-14
1546 5.89817e-14
1547 5.24689e-14
1548 4.66637e-14
1549 4.14907e-14
1550 3.68821e-14
1551 3.27773e-14
1552 2.91222e-14
1553 2.58684e-14
1554 2.29725e-14
1555 2.03958e-14
1556 1.81037e-14
1557 1.60652e-14
1558 1.42527e-14
1559 1.26417e-14
1560 1.121e-14
1561 9.93799e-15
1562 8.80818e-15
1563 7.8049e-15
1564 6.91421e-15
1565 6.12366e-15
1566 5.42218e-15
1567 4.79989e-15
1568 4.24797e-15
1569 3.7586e-15
1570 3.3248e-15
1571 2.94034e-15
1572 2.59971e-15
1573 2.29798e-15
1574 2.03077e-15
1575 1.7942e-15
1576 1.5848e-15
1577 1.3995e-15
1578 1.23557e-15
1579 1.09057e-15
1580 9.62354e-16
1581 8.49007e-16
1582 7.48827e-16
1583 6.60309e-16
1584 5.82113e-16
1585 5.13052e-16
1586 4.52075e-16
1587 3.98249e-16
1588 3.50747e-16
1589 3.08836e-16
1590 2.71867e-16
1591 2.39265e-16
1592 2.10522e-16
1593 1.85187e-16
1594 1.62861e-16
1595 1.43193e-16
1596 1.25869e-16
1597 1.10614e-16
1598 9.7185e-17
1599 8.53654e-17
1600 7.49651e-17
1601 6.58161e-17
1602 5.77696e-17
1603 5.06947e-17
1604 4.44754e-17
1605 3.90097e-17
1606 3.42074e-17
1607 2.9989e-17
1608 2.62845e-17
1609 2.3032e-17
1610 2.01771e-17
1611 1.76719e-17
1612 1.54739e-17
1613 1.3546e-17
1614 1.18555e-17
1615 1.03734e-17
1616 9.07441e-18
1617 7.93616e-18
1618 6.93901e-18
1619 6.06567e-18
1620 5.30098e-18
1621 4.63156e-18
1622 4.0457e-18
1623 3.5331e-18
1624 3.08469e-18
1625 2.69254e-18
1626 2.34968e-18
1627 2.04998e-18
1628 1.78807e-18
1629 1.55925e-18
1630 1.35938e-18
1631 1.18485e-18
1632 1.03247e-18
1633 8.99475e-19
1634 7.83419e-19
1635 6.82173e-19
1636 5.93869e-19
1637 5.16869e-19
1638 4.49745e-19
1639 3.91243e-19
1640 3.40269e-19
1641 2.95865e-19
1642 2.57193e-19
1643 2.23522e-19
1644 1.94213e-19
1645 1.68705e-19
1646 1.46513e-19
1647 1.27209e-19
1648 1.10422e-19
1649 9.58273e-20
1650 8.31415e-20
1651 7.21177e-20
1652 6.25405e-20
1653 5.42221e-20
1654 4.69988e-20
1655 4.0728e-20
1656 3.52854e-20
1657 3.05627e-20
1658 2.64658e-20
1659 2.29126e-20
1660 1.98316e-20
1661 1.71609e-20
1662 1.48462e-20
1663 1.28406e-20
1664 1.11034e-20
1665 9.59884e-21
1666 8.29618e-21
1667 7.16859e-21
1668 6.19277e-21
1669 5.34851e-21
1670 4.61823e-21
1671 3.98672e-21
1672 3.44073e-21
1673 2.96881e-21
1674 2.561e-21
1675 2.20868e-21
1676 1.90437e-21
1677 1.6416e-21
1678 1.41474e-21
1679 1.21895e-21
1680 1.05e-21
1681 9.04246e-22
1682 7.78541e-22
1683 6.70151e-22
1684 5.76712e-22
1685 4.96183e-22
1686 4.26796e-22
1687 3.67024e-22
1688 3.15548e-22
1689 2.71226e-22
1690 2.33073e-22
1691 2.0024e-22
1692 1.7199e-22
1693 1.47691e-22
1694 1.26794e-22
1695 1.08828e-22
1696 9.33847e-23
1697 8.01139e-23
1698 6.87126e-23
1699 5.89196e-23
1700 5.05102e-23
1701 4.32907e-23
1702 3.70941e-23
1703 3.17769e-23
1704 2.72154e-23
1705 2.3303e-23
1706 1.99483e-23
1707 1.70724e-23
1708 1.46077e-23
1709 1.24957e-23
1710 1.06866e-23
1711 9.13714e-24
1712 7.81049e-24
1713 6.67486e-24
1714 5.70298e-24
1715 4.87144e-24
1716 4.16015e-24
1717 3.55187e-24
1718 3.03179e-24
1719 2.58725e-24
1720 2.20736e-24
1721 1.8828e-24
1722 1.60558e-24
1723 1.36885e-24
1724 1.16674e-24
1725 9.94236e-25
1726 8.47034e-25
1727 7.21454e-25
1728 6.14345e-25
1729 5.23012e-25
1730 4.45152e-25
1731 3.78792e-25
1732 3.22247e-25
1733 2.74078e-25
1734 2.33053e-25
1735 1.98122e-25
1736 1.68386e-25
1737 1.43079e-25
1738 1.21547e-25
1739 1.0323e-25
1740 8.76528e-26
1741 7.44084e-26
1742 6.31501e-26
1743 5.35825e-26
1744 4.54535e-26
1745 3.85487e-26
1746 3.26849e-26
1747 2.77065e-26
1748 2.34808e-26
1749 1.98948e-26
1750 1.68524e-26
1751 1.42719e-26
1752 1.20837e-26
1753 1.02285e-26
1754 8.65606e-27
1755 7.32362e-27
1756 6.1948e-27
1757 5.23872e-27
1758 4.42913e-27
1759 3.74377e-27
1760 3.1637e-27
1761 2.67287e-27
1762 2.25765e-27
1763 1.90648e-27
1764 1.60954e-27
1765 1.35853e-27
1766 1.14639e-27
1767 9.67144e-28
1768 8.15729e-28
1769 6.87855e-28
1770 5.79887e-28
1771 4.8875e-28
1772 4.11837e-28
1773 3.46944e-28
1774 2.92207e-28
1775 2.46046e-28
1776 2.07128e-28
1777 1.74324e-28
1778 1.4668e-28
1779 1.2339e-28
1780 1.03774e-28
1781 8.72546e-29
1782 7.33476e-29
1783 6.16423e-29
1784 5.17926e-29
1785 4.35064e-29
1786 3.65371e-29
1787 3.06768e-29
1788 2.57504e-29
1789 2.16099e-29
1790 1.81308e-29
1791 1.52082e-29
1792 1.27536e-29
1793 1.06927e-29
1794 8.96261e-30
1795 7.51068e-30
1796 6.29245e-30
1797 5.27055e-30
1798 4.41356e-30
1799 3.69503e-30
1800 3.09274e-30
1801 2.588e-30
1802 2.16512e-30
1803 1.8109e-30
1804 1.51428e-30
1805 1.26594e-30
1806 1.05807e-30
1807 8.84123e-31
1808 7.38598e-31
1809 6.16878e-31
1810 5.15094e-31
1811 4.30002e-31
1812 3.58881e-31
1813 2.99452e-31
1814 2.49804e-31
1815 2.08338e-31
1816 1.73714e-31
1817 1.44809e-31
1818 1.20685e-31
1819 1.00556e-31
1820 8.37643e-32
1821 6.97599e-32
1822 5.80829e-32
1823 4.8349e-32
1824 4.02367e-32
1825 3.34776e-32
1826 2.78472e-32
1827 2.31582e-32
1828 1.92541e-32
1829 1.60044e-32
1830 1.33e-32
1831 1.10499e-32
1832 9.17827e-33
1833 7.62184e-33
1834 6.32783e-33
1835 5.25224e-33
1836 4.35844e-33
1837 3.61587e-33
1838 2.99909e-33
1839 2.48693e-33
1840 2.06173e-33
1841 1.70882e-33
1842 1.41597e-33
1843 1.17303e-33
1844 9.71539e-34
1845 8.04463e-34
1846 6.65958e-34
1847 5.51167e-34
1848 4.56053e-34
1849 3.77261e-34
1850 3.12007e-34
1851 2.57978e-34
1852 2.13253e-34
1853 1.76239e-34
1854 1.45615e-34
1855 1.20283e-34
1856 9.93341e-35
1857 8.20138e-35
1858 6.76973e-35
1859 5.58664e-35
1860 4.60919e-35
1861 3.80185e-35
1862 3.13516e-35
1863 2.58476e-35
1864 2.13047e-35
1865 1.7556e-35
1866 1.44635e-35
1867 1.19128e-35
1868 9.8096e-36
1869 8.07576e-36
1870 6.64677e-36
1871 5.46933e-36
1872 4.49938e-36
1873 3.70055e-36
1874 3.04281e-36
1875 2.50138e-36
1876 2.0558e-36
1877 1.68918e-36
1878 1.38761e-36
1879 1.1396e-36
1880 9.35698e-37
1881 7.68092e-37
1882 6.30356e-37
1883 5.17196e-37
1884 4.24247e-37
1885 3.47919e-37
1886 2.85255e-37
1887 2.33821e-37
1888 1.91615e-37
1889 1.5699e-37
1890 1.2859e-37
1891 1.05303e-37
1892 8.62119e-38
1893 7.05651e-38
1894 5.77441e-38
1895 4.72412e-38
1896 3.86393e-38
1897 3.15961e-38
1898 2.58304e-38
1899 2.11118e-38
1900 1.7251e-38
1901 1.40928e-38
1902 1.151e-38
1903 9.39826e-39
1904 7.67212e-39
1905 6.26149e-39
1906 5.10898e-39
1907 4.1676e-39
1908 3.39885e-39
1909 2.77122e-39
1910 2.25895e-39
1911 1.84092e-39
1912 1.49989e-39
1913 1.22173e-39
1914 9.94916e-40
1915 8.10012e-40
1916 6.59312e-40
1917 5.36517e-40
1918 4.36487e-40
1919 3.55019e-40
1920 2.88686e-40
1921 2.3469e-40
1922 1.90746e-40
1923 1.54993e-40
1924 1.2591e-40
1925 1.02259e-40
1926 8.30308e-41
1927 6.74014e-41
1928 5.47006e-41
1929 4.43822e-41
1930 3.60014e-41
1931 2.9196e-41
1932 2.36712e-41
1933 1.91871e-41
1934 1.55487e-41
1935 1.25971e-41
1936 1.02033e-41
1937 8.2624e-42
1938 6.68904e-42
1939 5.41396e-42
1940 4.38086e-42
1941 3.54403e-42
1942 2.86635e-42
1943 2.31768e-42
1944 1.87358e-42
1945 1.51421e-42
1946 1.22346e-42
1947 9.88302e-43
1948 7.98146e-43
1949 6.4442e-43
1950 5.20174e-43
1951 4.19781e-43
1952 3.3868e-43
1953 2.73181e-43
1954 2.20295e-43
1955 1.77604e-43
1956 1.43151e-43
1957 1.15353e-43
1958 9.29305e-44
1959 7.4848e-44
1960 6.02693e-44
1961 4.85183e-44
1962 3.90488e-44
1963 3.14198e-44
1964 2.52751e-44
1965 2.03271e-44
1966 1.63438e-44
1967 1.31377e-44
1968 1.0558e-44
1969 8.48278e-45
1970 6.81375e-45
1971 5.47177e-45
1972 4.393e-45
1973 3.52605e-45
1974 2.82948e-45
1975 2.26996e-45
1976 1.82064e-45
1977 1.45989e-45
1978 1.17033e-45
1979 9.37971e-46
1980 7.51558e-46
1981 6.02042e-46
1982 4.82152e-46
1983 3.8604e-46
1984 3.09009e-46
1985 2.47288e-46
1986 1.97845e-46
1987 1.58248e-46
1988 1.26545e-46
1989 1.01167e-46
1990 8.08586e-47
1991 6.46106e-47
1992 5.16145e-47
1993 4.12221e-47
1994 3.29139e-47
1995 2.62735e-47
1996 2.09676e-47
1997 1.67289e-47
1998 1.33438e-47
1999 1.06409e-47
2000 8.48337e-48
2001 6.76159e-48
2002 5.38789e-48
2003 4.29219e-48
2004 3.41844e-48
2005 2.72187e-48
2006 2.16669e-48
2007 1.72432e-48
2008 1.37191e-48
2009 1.09126e-48
2010 8.67794e-49
2011 6.89918e-49
2012 5.48364e-49
2013 4.35744e-49
2014 3.46166e-49
2015 2.74936e-49
2016 2.18308e-49
2017 1.73302e-49
2018 1.3754e-49
2019 1.09132e-49
2020 8.65714e-50
2021 6.86587e-50
2022 5.44403e-50
2023 4.3157e-50
2024 3.42052e-50
2025 2.71051e-50
2026 2.1475e-50
2027 1.70117e-50
2028 1.34743e-50
2029 1.06714e-50
2030 8.45119e-51
2031 6.69289e-51
2032 5.30079e-51
2033 4.19894e-51
2034 3.32705e-51
2035 2.63734e-51
2036 2.09193e-51
2037 1.66079e-51
2038 1.32013e-51
2039 1.05113e-51
2040 8.3888e-52
2041 6.71595e-52
2042 5.39971e-52
2043 4.36668e-52
2044 3.55917e-52
2045 2.93195e-52
2046 2.44984e-52
2047 2.08569e-52
