0 5.61766e-66
1 5.50369e-66
2 5.74893e-66
3 6.37426e-66
4 7.4353e-66
5 9.02724e-66
6 1.12932e-65
7 1.44367e-65
8 1.87399e-65
9 2.45879e-65
10 3.25025e-65
11 4.31882e-65
12 5.75929e-65
13 7.69903e-65
14 1.0309e-64
15 1.38184e-64
16 1.85346e-64
17 2.48691e-64
18 3.33727e-64
19 4.47826e-64
20 6.00845e-64
21 8.05959e-64
22 1.08077e-63
23 1.44878e-63
24 1.94136e-63
25 2.60035e-63
26 3.48155e-63
27 4.65932e-63
28 6.2327e-63
29 8.33356e-63
30 1.11374e-62
31 1.48776e-62
32 1.98644e-62
33 2.65103e-62
34 3.53626e-62
35 4.71485e-62
36 6.28323e-62
37 8.36931e-62
38 1.11426e-61
39 1.48278e-61
40 1.97222e-61
41 2.62196e-61
42 3.48408e-61
43 4.62742e-61
44 6.143e-61
45 8.15103e-61
46 1.08102e-60
47 1.433e-60
48 1.89867e-60
49 2.51444e-60
50 3.3283e-60
51 4.40346e-60
52 5.82312e-60
53 7.69675e-60
54 1.01683e-59
55 1.3427e-59
56 1.77215e-59
57 2.33782e-59
58 3.08257e-59
59 4.06259e-59
60 5.3516e-59
61 7.04618e-59
62 9.27286e-59
63 1.21973e-58
64 1.60363e-58
65 2.10734e-58
66 2.76793e-58
67 3.63384e-58
68 4.76833e-58
69 6.254e-58
70 8.19861e-58
71 1.07427e-57
72 1.40694e-57
73 1.84175e-57
74 2.40978e-57
75 3.15148e-57
76 4.11948e-57
77 5.38224e-57
78 7.0287e-57
79 9.17444e-57
80 1.19695e-56
81 1.56087e-56
82 2.03445e-56
83 2.65047e-56
84 3.45137e-56
85 4.49216e-56
86 5.84402e-56
87 7.59912e-56
88 9.87664e-56
89 1.28307e-55
90 1.66605e-55
91 2.16233e-55
92 2.80512e-55
93 3.63729e-55
94 4.71414e-55
95 6.10696e-55
96 7.90763e-55
97 1.02345e-54
98 1.324e-54
99 1.71201e-54
100 2.21273e-54
101 2.85859e-54
102 3.69128e-54
103 4.76436e-54
104 6.14663e-54
105 7.92635e-54
106 1.02168e-53
107 1.31633e-53
108 1.69519e-53
109 2.18213e-53
110 2.80772e-53
111 3.61106e-53
112 4.64223e-53
113 5.96528e-53
114 7.66209e-53
115 9.83734e-53
116 1.26247e-52
117 1.61951e-52
118 2.07665e-52
119 2.6617e-52
120 3.41016e-52
121 4.36729e-52
122 5.59077e-52
123 7.15408e-52
124 9.15085e-52
125 1.17002e-51
126 1.49539e-51
127 1.91049e-51
128 2.43986e-51
129 3.11471e-51
130 3.97469e-51
131 5.07019e-51
132 6.4652e-51
133 8.24095e-51
134 1.05006e-50
135 1.33749e-50
136 1.70298e-50
137 2.16758e-50
138 2.75794e-50
139 3.50788e-50
140 4.46021e-50
141 5.66913e-50
142 7.2033e-50
143 9.1496e-50
144 1.1618e-49
145 1.47474e-49
146 1.87139e-49
147 2.37396e-49
148 3.01057e-49
149 3.81671e-49
150 4.83724e-49
151 6.12881e-49
152 7.76293e-49
153 9.8299e-49
154 1.24436e-48
155 1.57479e-48
156 1.9924e-48
157 2.52006e-48
158 3.18659e-48
159 4.02832e-48
160 5.09106e-48
161 6.43248e-48
162 8.12525e-48
163 1.02609e-47
164 1.29546e-47
165 1.63513e-47
166 2.06337e-47
167 2.60312e-47
168 3.28328e-47
169 4.14018e-47
170 5.21949e-47
171 6.57863e-47
172 8.28976e-47
173 1.04436e-46
174 1.3154e-46
175 1.65641e-46
176 2.08536e-46
177 2.62481e-46
178 3.30306e-46
179 4.15566e-46
180 5.22718e-46
181 6.57353e-46
182 8.26483e-46
183 1.0389e-45
184 1.30562e-45
185 1.64046e-45
186 2.06072e-45
187 2.58806e-45
188 3.24962e-45
189 4.07939e-45
190 5.11987e-45
191 6.42429e-45
192 8.05921e-45
193 1.01079e-44
194 1.26744e-44
195 1.58889e-44
196 1.9914e-44
197 2.49529e-44
198 3.12592e-44
199 3.915e-44
200 4.90206e-44
201 6.13647e-44
202 7.67982e-44
203 9.60891e-44
204 1.20195e-43
205 1.5031e-43
206 1.87922e-43
207 2.34883e-43
208 2.93502e-43
209 3.66652e-43
210 4.57909e-43
211 5.71723e-43
212 7.13629e-43
213 8.90509e-43
214 1.11092e-42
215 1.38548e-42
216 1.72741e-42
217 2.15311e-42
218 2.68292e-42
219 3.34213e-42
220 4.16206e-42
221 5.18161e-42
222 6.44896e-42
223 8.02385e-42
224 9.9803e-42
225 1.241e-41
226 1.54264e-41
227 1.917e-41
228 2.38148e-41
229 2.95756e-41
230 3.67185e-41
231 4.55721e-41
232 5.65425e-41
233 7.01317e-41
234 8.69592e-41
235 1.0779e-40
236 1.33568e-40
237 1.65458e-40
238 2.04898e-40
239 2.53657e-40
240 3.13919e-40
241 3.88375e-40
242 4.80338e-40
243 5.93889e-40
244 7.34051e-40
245 9.07007e-40
246 1.12036e-39
247 1.38348e-39
248 1.70785e-39
249 2.10763e-39
250 2.60018e-39
251 3.20686e-39
252 3.9539e-39
253 4.87349e-39
254 6.00516e-39
255 7.3974e-39
256 9.10974e-39
257 1.12152e-38
258 1.38032e-38
259 1.69835e-38
260 2.08907e-38
261 2.56895e-38
262 3.15817e-38
263 3.88147e-38
264 4.76911e-38
265 5.85816e-38
266 7.19396e-38
267 8.83201e-38
268 1.08402e-37
269 1.33015e-37
270 1.63175e-37
271 2.00122e-37
272 2.45373e-37
273 3.00782e-37
274 3.68611e-37
275 4.51625e-37
276 5.53201e-37
277 6.77461e-37
278 8.29434e-37
279 1.01526e-36
280 1.24243e-36
281 1.52007e-36
282 1.85933e-36
283 2.27379e-36
284 2.78e-36
285 3.39813e-36
286 4.15278e-36
287 5.07388e-36
288 6.19789e-36
289 7.56922e-36
290 9.2419e-36
291 1.12817e-35
292 1.37687e-35
293 1.68001e-35
294 2.04944e-35
295 2.49955e-35
296 3.04784e-35
297 3.71555e-35
298 4.52852e-35
299 5.51813e-35
300 6.72245e-35
301 8.18773e-35
302 9.97008e-35
303 1.21376e-34
304 1.47729e-34
305 1.79761e-34
306 2.18685e-34
307 2.65975e-34
308 3.23412e-34
309 3.93155e-34
310 4.77819e-34
311 5.80571e-34
312 7.05239e-34
313 8.56458e-34
314 1.03983e-33
315 1.26214e-33
316 1.53157e-33
317 1.85802e-33
318 2.25344e-33
319 2.73227e-33
320 3.31193e-33
321 4.01346e-33
322 4.86223e-33
323 5.88882e-33
324 7.13013e-33
325 8.63062e-33
326 1.04438e-32
327 1.26343e-32
328 1.52797e-32
329 1.84735e-32
330 2.23283e-32
331 2.69793e-32
332 3.25893e-32
333 3.93538e-32
334 4.75081e-32
335 5.73343e-32
336 6.91718e-32
337 8.34276e-32
338 1.0059e-31
339 1.21246e-31
340 1.46099e-31
341 1.75991e-31
342 2.11934e-31
343 2.55138e-31
344 3.07054e-31
345 3.69421e-31
346 4.44318e-31
347 5.34235e-31
348 6.42152e-31
349 7.71633e-31
350 9.2694e-31
351 1.11317e-30
352 1.33641e-30
353 1.60394e-30
354 1.92445e-30
355 2.30832e-30
356 2.76795e-30
357 3.31814e-30
358 3.97654e-30
359 4.76421e-30
360 5.70628e-30
361 6.83271e-30
362 8.17922e-30
363 9.78838e-30
364 1.17109e-29
365 1.40073e-29
366 1.67494e-29
367 2.00231e-29
368 2.39303e-29
369 2.85926e-29
370 3.41544e-29
371 4.07879e-29
372 4.86974e-29
373 5.81264e-29
374 6.93641e-29
375 8.27543e-29
376 9.87057e-29
377 1.17704e-28
378 1.40326e-28
379 1.67256e-28
380 1.99309e-28
381 2.37451e-28
382 2.82827e-28
383 3.36798e-28
384 4.00979e-28
385 4.77284e-28
386 5.67984e-28
387 6.75771e-28
388 8.03835e-28
389 9.55959e-28
390 1.13662e-27
391 1.35113e-27
392 1.60577e-27
393 1.90799e-27
394 2.26658e-27
395 2.69197e-27
396 3.19649e-27
397 3.79472e-27
398 4.50389e-27
399 5.34439e-27
400 6.34029e-27
401 7.52005e-27
402 8.91725e-27
403 1.05716e-26
404 1.25298e-26
405 1.48473e-26
406 1.75891e-26
407 2.08322e-26
408 2.4667e-26
409 2.92005e-26
410 3.45584e-26
411 4.08888e-26
412 4.83662e-26
413 5.71959e-26
414 6.76195e-26
415 7.99209e-26
416 9.44343e-26
417 1.11552e-25
418 1.31736e-25
419 1.55527e-25
420 1.83562e-25
421 2.16588e-25
422 2.55479e-25
423 3.01264e-25
424 3.55147e-25
425 4.1854e-25
426 4.93097e-25
427 5.80755e-25
428 6.83782e-25
429 8.04832e-25
430 9.4701e-25
431 1.11395e-24
432 1.30989e-24
433 1.5398e-24
434 1.80948e-24
435 2.12569e-24
436 2.49635e-24
437 2.93066e-24
438 3.43941e-24
439 4.03513e-24
440 4.73247e-24
441 5.54848e-24
442 6.50304e-24
443 7.6193e-24
444 8.92423e-24
445 1.04492e-23
446 1.22307e-23
447 1.43113e-23
448 1.67404e-23
449 1.95753e-23
450 2.2883e-23
451 2.67411e-23
452 3.12396e-23
453 3.64834e-23
454 4.25941e-23
455 4.97128e-23
456 5.80035e-23
457 6.76562e-23
458 7.88915e-23
459 9.19653e-23
460 1.07174e-22
461 1.24862e-22
462 1.45428e-22
463 1.69333e-22
464 1.97112e-22
465 2.29387e-22
466 2.66873e-22
467 3.10404e-22
468 3.6094e-22
469 4.19597e-22
470 4.87662e-22
471 5.66628e-22
472 6.58219e-22
473 7.64432e-22
474 8.87573e-22
475 1.03031e-21
476 1.19573e-21
477 1.3874e-21
478 1.60943e-21
479 1.86658e-21
480 2.16435e-21
481 2.5091e-21
482 2.90814e-21
483 3.36994e-21
484 3.90428e-21
485 4.52241e-21
486 5.23734e-21
487 6.06407e-21
488 7.0199e-21
489 8.12476e-21
490 9.40163e-21
491 1.0877e-20
492 1.25814e-20
493 1.45499e-20
494 1.6823e-20
495 1.94473e-20
496 2.24764e-20
497 2.59719e-20
498 3.00048e-20
499 3.46565e-20
500 4.00208e-20
501 4.62053e-20
502 5.33337e-20
503 6.1548e-20
504 7.10112e-20
505 8.19102e-20
506 9.44595e-20
507 1.08905e-19
508 1.25529e-19
509 1.44653e-19
510 1.66648e-19
511 1.91937e-19
512 2.21004e-19
513 2.54403e-19
514 2.92767e-19
515 3.3682e-19
516 3.87389e-19
517 4.45417e-19
518 5.11982e-19
519 5.88312e-19
520 6.75809e-19
521 7.7607e-19
522 8.90914e-19
523 1.02241e-18
524 1.17292e-18
525 1.34513e-18
526 1.54208e-18
527 1.76725e-18
528 2.02456e-18
529 2.3185e-18
530 2.65413e-18
531 3.03723e-18
532 3.47431e-18
533 3.97278e-18
534 4.54103e-18
535 5.18855e-18
536 5.92608e-18
537 6.7658e-18
538 7.72146e-18
539 8.80859e-18
540 1.00448e-17
541 1.14499e-17
542 1.30463e-17
543 1.48593e-17
544 1.69174e-17
545 1.92528e-17
546 2.19019e-17
547 2.49054e-17
548 2.83094e-17
549 3.21658e-17
550 3.6533e-17
551 4.14768e-17
552 4.7071e-17
553 5.33989e-17
554 6.05542e-17
555 6.86418e-17
556 7.77802e-17
557 8.81022e-17
558 9.97571e-17
559 1.12913e-16
560 1.27757e-16
561 1.44502e-16
562 1.63386e-16
563 1.84674e-16
564 2.08666e-16
565 2.35699e-16
566 2.66148e-16
567 3.00438e-16
568 3.39044e-16
569 3.82497e-16
570 4.31397e-16
571 4.86413e-16
572 5.48298e-16
573 6.17896e-16
574 6.96155e-16
575 7.84137e-16
576 8.83033e-16
577 9.94181e-16
578 1.11908e-15
579 1.25941e-15
580 1.41707e-15
581 1.59416e-15
582 1.79307e-15
583 2.01645e-15
584 2.2673e-15
585 2.54897e-15
586 2.86521e-15
587 3.22023e-15
588 3.61878e-15
589 4.06614e-15
590 4.56826e-15
591 5.1318e-15
592 5.76422e-15
593 6.4739e-15
594 7.27021e-15
595 8.16366e-15
596 9.16601e-15
597 1.02904e-14
598 1.15517e-14
599 1.29664e-14
600 1.45528e-14
601 1.63318e-14
602 1.83265e-14
603 2.05626e-14
604 2.30691e-14
605 2.58782e-14
606 2.9026e-14
607 3.25527e-14
608 3.65032e-14
609 4.09276e-14
610 4.58816e-14
611 5.14273e-14
612 5.76341e-14
613 6.45789e-14
614 7.23473e-14
615 8.10347e-14
616 9.07468e-14
617 1.01601e-13
618 1.13728e-13
619 1.27272e-13
620 1.42393e-13
621 1.59269e-13
622 1.78096e-13
623 1.9909e-13
624 2.22493e-13
625 2.48568e-13
626 2.77608e-13
627 3.09934e-13
628 3.45902e-13
629 3.85902e-13
630 4.30364e-13
631 4.79759e-13
632 5.34606e-13
633 5.95473e-13
634 6.62982e-13
635 7.37817e-13
636 8.20723e-13
637 9.12516e-13
638 1.01409e-12
639 1.12641e-12
640 1.25054e-12
641 1.38763e-12
642 1.53894e-12
643 1.70584e-12
644 1.88979e-12
645 2.09241e-12
646 2.31545e-12
647 2.56077e-12
648 2.83043e-12
649 3.12661e-12
650 3.4517e-12
651 3.80826e-12
652 4.19904e-12
653 4.62701e-12
654 5.09535e-12
655 5.60749e-12
656 6.1671e-12
657 6.7781e-12
658 7.44469e-12
659 8.17139e-12
660 8.96297e-12
661 9.82458e-12
662 1.07617e-11
663 1.178e-11
664 1.28858e-11
665 1.40857e-11
666 1.53866e-11
667 1.67958e-11
668 1.83213e-11
669 1.99714e-11
670 2.17547e-11
671 2.36807e-11
672 2.57592e-11
673 2.80004e-11
674 3.04155e-11
675 3.30159e-11
676 3.58139e-11
677 3.88224e-11
678 4.2055e-11
679 4.5526e-11
680 4.92508e-11
681 5.32453e-11
682 5.75266e-11
683 6.21127e-11
684 6.70227e-11
685 7.22769e-11
686 7.78969e-11
687 8.39058e-11
688 9.03282e-11
689 9.71904e-11
690 1.04521e-10
691 1.1235e-10
692 1.2071e-10
693 1.29638e-10
694 1.39171e-10
695 1.49352e-10
696 1.60226e-10
697 1.71844e-10
698 1.84261e-10
699 1.97538e-10
700 2.11742e-10
701 2.26946e-10
702 2.43232e-10
703 2.60692e-10
704 2.79427e-10
705 2.9955e-10
706 3.21185e-10
707 3.44473e-10
708 3.6957e-10
709 3.96651e-10
710 4.25911e-10
711 4.57568e-10
712 4.91866e-10
713 5.29078e-10
714 5.69508e-10
715 6.13496e-10
716 6.61423e-10
717 7.13712e-10
718 7.70836e-10
719 8.33322e-10
720 9.01756e-10
721 9.76792e-10
722 1.05916e-09
723 1.14965e-09
724 1.24917e-09
725 1.35871e-09
726 1.47936e-09
727 1.61234e-09
728 1.75899e-09
729 1.92077e-09
730 2.09933e-09
731 2.29646e-09
732 2.51412e-09
733 2.75448e-09
734 3.01992e-09
735 3.31304e-09
736 3.63668e-09
737 3.99396e-09
738 4.38827e-09
739 4.82331e-09
740 5.30313e-09
741 5.83209e-09
742 6.41498e-09
743 7.05696e-09
744 7.76362e-09
745 8.54104e-09
746 9.39576e-09
747 1.03349e-08
748 1.1366e-08
749 1.24973e-08
750 1.37377e-08
751 1.50967e-08
752 1.65844e-08
753 1.82118e-08
754 1.99906e-08
755 2.19332e-08
756 2.40531e-08
757 2.63643e-08
758 2.88822e-08
759 3.16228e-08
760 3.46032e-08
761 3.78416e-08
762 4.13572e-08
763 4.51705e-08
764 4.9303e-08
765 5.37774e-08
766 5.86176e-08
767 6.3849e-08
768 6.94981e-08
769 7.55926e-08
770 8.2162e-08
771 8.92366e-08
772 9.68487e-08
773 1.05032e-07
774 1.1382e-07
775 1.23251e-07
776 1.33361e-07
777 1.4419e-07
778 1.5578e-07
779 1.68171e-07
780 1.81408e-07
781 1.95535e-07
782 2.10599e-07
783 2.26649e-07
784 2.43733e-07
785 2.61901e-07
786 2.81207e-07
787 3.01702e-07
788 3.23442e-07
789 3.46481e-07
790 3.70876e-07
791 3.96686e-07
792 4.23968e-07
793 4.52782e-07
794 4.8319e-07
795 5.15251e-07
796 5.49029e-07
797 5.84587e-07
798 6.21987e-07
799 6.61295e-07
800 7.02576e-07
801 7.45895e-07
802 7.91318e-07
803 8.38914e-07
804 8.88751e-07
805 9.40896e-07
806 9.95422e-07
807 1.0524e-06
808 1.1119e-06
809 1.174e-06
810 1.23877e-06
811 1.3063e-06
812 1.37666e-06
813 1.44995e-06
814 1.52624e-06
815 1.60564e-06
816 1.68825e-06
817 1.77416e-06
818 1.86349e-06
819 1.95637e-06
820 2.05292e-06
821 2.15328e-06
822 2.25762e-06
823 2.36609e-06
824 2.47889e-06
825 2.59622e-06
826 2.71829e-06
827 2.84536e-06
828 2.97771e-06
829 3.11562e-06
830 3.25944e-06
831 3.40953e-06
832 3.56631e-06
833 3.73022e-06
834 3.90176e-06
835 4.08149e-06
836 4.27001e-06
837 4.46799e-06
838 4.67619e-06
839 4.89541e-06
840 5.12655e-06
841 5.3706e-06
842 5.62864e-06
843 5.90187e-06
844 6.19156e-06
845 6.49916e-06
846 6.82621e-06
847 7.1744e-06
848 7.54558e-06
849 7.94175e-06
850 8.36509e-06
851 8.81797e-06
852 9.30294e-06
853 9.82279e-06
854 1.03805e-05
855 1.09794e-05
856 1.16228e-05
857 1.23146e-05
858 1.30589e-05
859 1.38599e-05
860 1.47223e-05
861 1.56513e-05
862 1.66521e-05
863 1.77304e-05
864 1.88925e-05
865 2.01449e-05
866 2.14945e-05
867 2.29489e-05
868 2.4516e-05
869 2.62042e-05
870 2.80225e-05
871 2.99804e-05
872 3.2088e-05
873 3.4356e-05
874 3.67957e-05
875 3.94191e-05
876 4.22388e-05
877 4.52682e-05
878 4.85212e-05
879 5.20128e-05
880 5.57585e-05
881 5.97748e-05
882 6.40787e-05
883 6.86886e-05
884 7.36232e-05
885 7.89025e-05
886 8.45474e-05
887 9.05796e-05
888 9.70218e-05
889 0.000103898
890 0.000111233
891 0.000119052
892 0.000127383
893 0.000136254
894 0.000145693
895 0.000155732
896 0.000166402
897 0.000177735
898 0.000189766
899 0.000202529
900 0.000216062
901 0.000230401
902 0.000245586
903 0.000261657
904 0.000278656
905 0.000296625
906 0.000315609
907 0.000335653
908 0.000356804
909 0.000379109
910 0.000402619
911 0.000427384
912 0.000453457
913 0.000480889
914 0.000509737
915 0.000540055
916 0.000571902
917 0.000605334
918 0.000640413
919 0.000677197
920 0.000715751
921 0.000756135
922 0.000798414
923 0.000842654
924 0.00088892
925 0.00093728
926 0.0009878
927 0.00104055
928 0.0010956
929 0.00115302
930 0.00121288
931 0.00127525
932 0.00134021
933 0.00140782
934 0.00147816
935 0.0015513
936 0.00162731
937 0.00170628
938 0.00178826
939 0.00187334
940 0.00196158
941 0.00205307
942 0.00214787
943 0.00224604
944 0.00234768
945 0.00245283
946 0.00256158
947 0.00267399
948 0.00279013
949 0.00291006
950 0.00303385
951 0.00316155
952 0.00329324
953 0.00342896
954 0.00356878
955 0.00371275
956 0.00386093
957 0.00401335
958 0.00417007
959 0.00433114
960 0.00449659
961 0.00466646
962 0.00484078
963 0.0050196
964 0.00520293
965 0.0053908
966 0.00558324
967 0.00578024
968 0.00598184
969 0.00618803
970 0.00639882
971 0.00661421
972 0.00683418
973 0.00705874
974 0.00728786
975 0.00752151
976 0.00775969
977 0.00800234
978 0.00824944
979 0.00850093
980 0.00875678
981 0.00901692
982 0.00928129
983 0.00954983
984 0.00982247
985 0.0100991
986 0.0103797
987 0.0106641
988 0.0109522
989 0.011244
990 0.0115393
991 0.011838
992 0.01214
993 0.0124452
994 0.0127533
995 0.0130643
996 0.0133781
997 0.0136944
998 0.0140131
999 0.0143341
1000 0.0146571
1001 0.014982
1002 0.0153086
1003 0.0156367
1004 0.0159661
1005 0.0162967
1006 0.0166281
1007 0.0169603
1008 0.0172929
1009 0.0176258
1010 0.0179587
1011 0.0182914
1012 0.0186237
1013 0.0189554
1014 0.0192861
1015 0.0196156
1016 0.0199438
1017 0.0202703
1018 0.020595
1019 0.0209175
1020 0.0212376
1021 0.021555
1022 0.0218695
1023 0.0221808
1024 0.0224887
1025 0.0227929
1026 0.0230932
1027 0.0233893
1028 0.0236809
1029 0.0239678
1030 0.0242497
1031 0.0245264
1032 0.0247977
1033 0.0250632
1034 0.0253228
1035 0.0255762
1036 0.0258232
1037 0.0260635
1038 0.026297
1039 0.0265233
1040 0.0267424
1041 0.0269539
1042 0.0271577
1043 0.0273536
1044 0.0275414
1045 0.0277209
1046 0.027892
1047 0.0280544
1048 0.0282081
1049 0.0283528
1050 0.0284884
1051 0.0286148
1052 0.0287318
1053 0.0288394
1054 0.0289375
1055 0.0290259
1056 0.0291045
1057 0.0291733
1058 0.0292322
1059 0.0292812
1060 0.0293202
1061 0.0293491
1062 0.029368
1063 0.0293767
1064 0.0293754
1065 0.029364
1066 0.0293426
1067 0.0293111
1068 0.0292695
1069 0.029218
1070 0.0291566
1071 0.0290854
1072 0.0290044
1073 0.0289136
1074 0.0288133
1075 0.0287035
1076 0.0285844
1077 0.0284559
1078 0.0283184
1079 0.0281718
1080 0.0280165
1081 0.0278524
1082 0.0276799
1083 0.0274989
1084 0.0273099
1085 0.0271128
1086 0.026908
1087 0.0266956
1088 0.0264758
1089 0.0262488
1090 0.0260149
1091 0.0257743
1092 0.0255272
1093 0.0252738
1094 0.0250144
1095 0.0247492
1096 0.0244784
1097 0.0242024
1098 0.0239213
1099 0.0236354
1100 0.0233449
1101 0.0230502
1102 0.0227514
1103 0.0224488
1104 0.0221427
1105 0.0218334
1106 0.021521
1107 0.0212059
1108 0.0208883
1109 0.0205684
1110 0.0202465
1111 0.0199229
1112 0.0195978
1113 0.0192714
1114 0.018944
1115 0.0186159
1116 0.0182872
1117 0.0179582
1118 0.0176292
1119 0.0173003
1120 0.0169717
1121 0.0166438
1122 0.0163166
1123 0.0159905
1124 0.0156655
1125 0.0153419
1126 0.01502
1127 0.0146998
1128 0.0143815
1129 0.0140654
1130 0.0137515
1131 0.0134401
1132 0.0131313
1133 0.0128253
1134 0.0125221
1135 0.012222
1136 0.011925
1137 0.0116313
1138 0.011341
1139 0.0110542
1140 0.010771
1141 0.0104916
1142 0.0102159
1143 0.00994408
1144 0.00967625
1145 0.00941245
1146 0.00915275
1147 0.00889721
1148 0.00864589
1149 0.00839883
1150 0.00815608
1151 0.00791768
1152 0.00768365
1153 0.00745403
1154 0.00722883
1155 0.00700808
1156 0.00679178
1157 0.00657994
1158 0.00637256
1159 0.00616964
1160 0.00597117
1161 0.00577715
1162 0.00558755
1163 0.00540236
1164 0.00522154
1165 0.00504509
1166 0.00487296
1167 0.00470513
1168 0.00454155
1169 0.00438218
1170 0.00422699
1171 0.00407593
1172 0.00392895
1173 0.003786
1174 0.00364703
1175 0.00351199
1176 0.00338081
1177 0.00325344
1178 0.00312982
1179 0.0030099
1180 0.0028936
1181 0.00278086
1182 0.00267163
1183 0.00256583
1184 0.00246339
1185 0.00236426
1186 0.00226835
1187 0.00217561
1188 0.00208597
1189 0.00199936
1190 0.0019157
1191 0.00183493
1192 0.00175698
1193 0.00168178
1194 0.00160927
1195 0.00153937
1196 0.00147202
1197 0.00140714
1198 0.00134468
1199 0.00128457
1200 0.00122673
1201 0.00117111
1202 0.00111764
1203 0.00106626
1204 0.0010169
1205 0.000969512
1206 0.000924023
1207 0.000880376
1208 0.000838514
1209 0.000798379
1210 0.000759913
1211 0.000723063
1212 0.000687772
1213 0.000653987
1214 0.000621658
1215 0.000590732
1216 0.000561159
1217 0.000532892
1218 0.000505882
1219 0.000480084
1220 0.000455451
1221 0.00043194
1222 0.000409509
1223 0.000388115
1224 0.000367719
1225 0.00034828
1226 0.000329761
1227 0.000312125
1228 0.000295335
1229 0.000279357
1230 0.000264157
1231 0.000249703
1232 0.000235963
1233 0.000222906
1234 0.000210504
1235 0.000198726
1236 0.000187547
1237 0.000176939
1238 0.000166877
1239 0.000157336
1240 0.000148293
1241 0.000139724
1242 0.000131608
1243 0.000123923
1244 0.000116649
1245 0.000109767
1246 0.000103257
1247 9.71024e-05
1248 9.12851e-05
1249 8.57887e-05
1250 8.05974e-05
1251 7.56959e-05
1252 7.10697e-05
1253 6.67049e-05
1254 6.2588e-05
1255 5.87065e-05
1256 5.50482e-05
1257 5.16013e-05
1258 4.83548e-05
1259 4.52981e-05
1260 4.24212e-05
1261 3.97143e-05
1262 3.71684e-05
1263 3.47746e-05
1264 3.25247e-05
1265 3.04107e-05
1266 2.84251e-05
1267 2.65607e-05
1268 2.48108e-05
1269 2.31689e-05
1270 2.16288e-05
1271 2.01847e-05
1272 1.88311e-05
1273 1.75628e-05
1274 1.63747e-05
1275 1.52622e-05
1276 1.42209e-05
1277 1.32464e-05
1278 1.23349e-05
1279 1.14824e-05
1280 1.06856e-05
1281 9.94096e-06
1282 9.24532e-06
1283 8.59568e-06
1284 7.9892e-06
1285 7.42321e-06
1286 6.89517e-06
1287 6.4027e-06
1288 5.94356e-06
1289 5.51564e-06
1290 5.11694e-06
1291 4.74559e-06
1292 4.39983e-06
1293 4.07801e-06
1294 3.77855e-06
1295 3.50001e-06
1296 3.241e-06
1297 3.00024e-06
1298 2.7765e-06
1299 2.56866e-06
1300 2.37565e-06
1301 2.19646e-06
1302 2.03017e-06
1303 1.8759e-06
1304 1.73281e-06
1305 1.60015e-06
1306 1.47719e-06
1307 1.36327e-06
1308 1.25774e-06
1309 1.16003e-06
1310 1.06958e-06
1311 9.85889e-07
1312 9.08465e-07
1313 8.36866e-07
1314 7.70676e-07
1315 7.09504e-07
1316 6.52989e-07
1317 6.00792e-07
1318 5.526e-07
1319 5.08118e-07
1320 4.67076e-07
1321 4.29217e-07
1322 3.94308e-07
1323 3.62128e-07
1324 3.32473e-07
1325 3.05153e-07
1326 2.79994e-07
1327 2.56831e-07
1328 2.35513e-07
1329 2.15898e-07
1330 1.97858e-07
1331 1.81269e-07
1332 1.66022e-07
1333 1.5201e-07
1334 1.39139e-07
1335 1.27319e-07
1336 1.16468e-07
1337 1.0651e-07
1338 9.73734e-08
1339 8.89937e-08
1340 8.13105e-08
1341 7.42681e-08
1342 6.78151e-08
1343 6.19041e-08
1344 5.64911e-08
1345 5.15359e-08
1346 4.70011e-08
1347 4.28524e-08
1348 3.90581e-08
1349 3.55889e-08
1350 3.24181e-08
1351 2.95208e-08
1352 2.68744e-08
1353 2.44578e-08
1354 2.22518e-08
1355 2.02386e-08
1356 1.8402e-08
1357 1.6727e-08
1358 1.51999e-08
1359 1.3808e-08
1360 1.25398e-08
1361 1.13847e-08
1362 1.03328e-08
1363 9.37531e-09
1364 8.50396e-09
1365 7.71127e-09
1366 6.99037e-09
1367 6.33495e-09
1368 5.73925e-09
1369 5.198e-09
1370 4.70638e-09
1371 4.25998e-09
1372 3.85475e-09
1373 3.48703e-09
1374 3.15344e-09
1375 2.8509e-09
1376 2.57662e-09
1377 2.32803e-09
1378 2.10279e-09
1379 1.89877e-09
1380 1.71404e-09
1381 1.54681e-09
1382 1.39549e-09
1383 1.25859e-09
1384 1.13478e-09
1385 1.02285e-09
1386 9.21684e-10
1387 8.30276e-10
1388 7.47712e-10
1389 6.73158e-10
1390 6.05858e-10
1391 5.45124e-10
1392 4.90334e-10
1393 4.4092e-10
1394 3.96369e-10
1395 3.56214e-10
1396 3.20033e-10
1397 2.87442e-10
1398 2.58094e-10
1399 2.31675e-10
1400 2.07899e-10
1401 1.86508e-10
1402 1.67269e-10
1403 1.49971e-10
1404 1.34422e-10
1405 1.20451e-10
1406 1.079e-10
1407 9.66289e-11
1408 8.651e-11
1409 7.74282e-11
1410 6.92798e-11
1411 6.1971e-11
1412 5.54172e-11
1413 4.95422e-11
1414 4.42773e-11
1415 3.95605e-11
1416 3.5336e-11
1417 3.15536e-11
1418 2.8168e-11
1419 2.51384e-11
1420 2.24283e-11
1421 2.00046e-11
1422 1.78378e-11
1423 1.59011e-11
1424 1.41707e-11
1425 1.2625e-11
1426 1.12447e-11
1427 1.00124e-11
1428 8.91271e-12
1429 7.93154e-12
1430 7.05638e-12
1431 6.27601e-12
1432 5.58037e-12
1433 4.96044e-12
1434 4.40814e-12
1435 3.91622e-12
1436 3.47823e-12
1437 3.08835e-12
1438 2.74141e-12
1439 2.43275e-12
1440 2.15825e-12
1441 1.91418e-12
1442 1.69724e-12
1443 1.50447e-12
1444 1.33321e-12
1445 1.18112e-12
1446 1.04609e-12
1447 9.26241e-13
1448 8.19892e-13
1449 7.25551e-13
1450 6.41886e-13
1451 5.67711e-13
1452 5.01967e-13
1453 4.43713e-13
1454 3.92111e-13
1455 3.46413e-13
1456 3.05956e-13
1457 2.70148e-13
1458 2.38465e-13
1459 2.10439e-13
1460 1.85655e-13
1461 1.63744e-13
1462 1.44379e-13
1463 1.27269e-13
1464 1.12155e-13
1465 9.88088e-14
1466 8.70263e-14
1467 7.66274e-14
1468 6.74524e-14
1469 5.93593e-14
1470 5.22228e-14
1471 4.59314e-14
1472 4.03867e-14
1473 3.55014e-14
1474 3.11984e-14
1475 2.74092e-14
1476 2.40736e-14
1477 2.1138e-14
1478 1.85552e-14
1479 1.62834e-14
1480 1.42858e-14
1481 1.25297e-14
1482 1.09865e-14
1483 9.63058e-15
1484 8.43968e-15
1485 7.39398e-15
1486 6.47604e-15
1487 5.67047e-15
1488 4.96372e-15
1489 4.34384e-15
1490 3.80032e-15
1491 3.32387e-15
1492 2.90635e-15
1493 2.54056e-15
1494 2.22019e-15
1495 1.93968e-15
1496 1.69413e-15
1497 1.47926e-15
1498 1.29128e-15
1499 1.12688e-15
1500 9.8313e-16
1501 8.5748e-16
1502 7.47682e-16
1503 6.51761e-16
1504 5.67989e-16
1505 4.94847e-16
1506 4.31003e-16
1507 3.75293e-16
1508 3.26693e-16
1509 2.84308e-16
1510 2.47354e-16
1511 2.15143e-16
1512 1.87076e-16
1513 1.62625e-16
1514 1.41331e-16
1515 1.22791e-16
1516 1.06654e-16
1517 9.26128e-17
1518 8.03978e-17
1519 6.97747e-17
1520 6.05387e-17
1521 5.25109e-17
1522 4.55352e-17
1523 3.94754e-17
1524 3.42128e-17
1525 2.96436e-17
1526 2.56777e-17
1527 2.22364e-17
1528 1.9251e-17
1529 1.66619e-17
1530 1.44172e-17
1531 1.24715e-17
1532 1.07854e-17
1533 9.32484e-18
1534 8.05987e-18
1535 6.96463e-18
1536 6.0166e-18
1537 5.19623e-18
1538 4.48651e-18
1539 3.87269e-18
1540 3.34196e-18
1541 2.88319e-18
1542 2.48674e-18
1543 2.14423e-18
1544 1.8484e-18
1545 1.59296e-18
1546 1.37246e-18
1547 1.18216e-18
1548 1.01798e-18
1549 8.76373e-19
1550 7.54262e-19
1551 6.48993e-19
1552 5.58268e-19
1553 4.80098e-19
1554 4.12765e-19
1555 3.54781e-19
1556 3.04862e-19
1557 2.61897e-19
1558 2.24928e-19
1559 1.93127e-19
1560 1.65778e-19
1561 1.42264e-19
1562 1.22053e-19
1563 1.04686e-19
1564 8.97658e-20
1565 7.6952e-20
1566 6.59498e-20
1567 5.65058e-20
1568 4.84013e-20
1569 4.14482e-20
1570 3.54846e-20
1571 3.0371e-20
1572 2.59874e-20
1573 2.22306e-20
1574 1.90118e-20
1575 1.62548e-20
1576 1.38939e-20
1577 1.18727e-20
1578 1.01429e-20
1579 8.66279e-21
1580 7.3967e-21
1581 6.31397e-21
1582 5.38829e-21
1583 4.5971e-21
1584 3.92104e-21
1585 3.34351e-21
1586 2.85028e-21
1587 2.42916e-21
1588 2.06971e-21
1589 1.76297e-21
1590 1.5013e-21
1591 1.27812e-21
1592 1.08782e-21
1593 9.25614e-22
1594 7.87381e-22
1595 6.69613e-22
1596 5.69307e-22
1597 4.83897e-22
1598 4.1119e-22
1599 3.49314e-22
1600 2.96669e-22
1601 2.51891e-22
1602 2.13814e-22
1603 1.81445e-22
1604 1.53934e-22
1605 1.3056e-22
1606 1.10706e-22
1607 9.38452e-23
1608 7.95313e-23
1609 6.73827e-23
1610 5.70745e-23
1611 4.83304e-23
1612 4.0915e-23
1613 3.46281e-23
1614 2.92994e-23
1615 2.47841e-23
1616 2.09591e-23
1617 1.77197e-23
1618 1.4977e-23
1619 1.26555e-23
1620 1.06909e-23
1621 9.02897e-24
1622 7.62335e-24
1623 6.43486e-24
1624 5.43022e-24
1625 4.58122e-24
1626 3.86394e-24
1627 3.2581e-24
1628 2.74654e-24
1629 2.31468e-24
1630 1.95022e-24
1631 1.64272e-24
1632 1.38334e-24
1633 1.16461e-24
1634 9.80207e-25
1635 8.24788e-25
1636 6.93831e-25
1637 5.83515e-25
1638 4.90611e-25
1639 4.12392e-25
1640 3.46553e-25
1641 2.9115e-25
1642 2.44541e-25
1643 2.0534e-25
1644 1.72378e-25
1645 1.4467e-25
1646 1.21385e-25
1647 1.01821e-25
1648 8.53883e-26
1649 7.15891e-26
1650 6.00044e-26
1651 5.02814e-26
1652 4.21231e-26
1653 3.52794e-26
1654 2.95399e-26
1655 2.47278e-26
1656 2.06943e-26
1657 1.73142e-26
1658 1.44825e-26
1659 1.21108e-26
1660 1.01249e-26
1661 8.46242e-27
1662 7.07111e-27
1663 5.90701e-27
1664 4.93329e-27
1665 4.11901e-27
1666 3.43824e-27
1667 2.86924e-27
1668 2.39379e-27
1669 1.9966e-27
1670 1.66489e-27
1671 1.38793e-27
1672 1.15674e-27
1673 9.63804e-28
1674 8.02842e-28
1675 6.68588e-28
1676 5.56639e-28
1677 4.63314e-28
1678 3.85534e-28
1679 3.20728e-28
1680 2.66746e-28
1681 2.21791e-28
1682 1.84364e-28
1683 1.53213e-28
1684 1.27291e-28
1685 1.05727e-28
1686 8.77936e-29
1687 7.28825e-29
1688 6.04879e-29
1689 5.01879e-29
1690 4.16308e-29
1691 3.45235e-29
1692 2.8622e-29
1693 2.3723e-29
1694 1.96574e-29
1695 1.62841e-29
1696 1.34862e-29
1697 1.1166e-29
1698 9.2425e-30
1699 7.64832e-30
1700 6.32743e-30
1701 5.23327e-30
1702 4.32716e-30
1703 3.57699e-30
1704 2.95608e-30
1705 2.4423e-30
1706 2.01728e-30
1707 1.66577e-30
1708 1.37515e-30
1709 1.13494e-30
1710 9.3643e-31
1711 7.72438e-31
1712 6.36996e-31
1713 5.25163e-31
1714 4.32848e-31
1715 3.56667e-31
1716 2.93815e-31
1717 2.41975e-31
1718 1.99228e-31
1719 1.6399e-31
1720 1.34949e-31
1721 1.11021e-31
1722 9.13117e-32
1723 7.50816e-32
1724 6.17201e-32
1725 5.0723e-32
1726 4.16744e-32
1727 3.4231e-32
1728 2.81097e-32
1729 2.3077e-32
1730 1.89403e-32
1731 1.55412e-32
1732 1.27487e-32
1733 1.04552e-32
1734 8.57215e-33
1735 7.0264e-33
1736 5.75788e-33
1737 4.71715e-33
1738 3.86352e-33
1739 3.16355e-33
1740 2.58973e-33
1741 2.11944e-33
1742 1.73411e-33
1743 1.41846e-33
1744 1.15997e-33
1745 9.48343e-34
1746 7.75125e-34
1747 6.33381e-34
1748 5.17425e-34
1749 4.22588e-34
1750 3.45044e-34
1751 2.81657e-34
1752 2.29855e-34
1753 1.87533e-34
1754 1.52963e-34
1755 1.24734e-34
1756 1.01688e-34
1757 8.2879e-35
1758 6.75314e-35
1759 5.50117e-35
1760 4.48014e-35
1761 3.64767e-35
1762 2.96911e-35
1763 2.41616e-35
1764 1.96567e-35
1765 1.59876e-35
1766 1.3e-35
1767 1.05679e-35
1768 8.58858e-36
1769 6.97814e-36
1770 5.66819e-36
1771 4.60293e-36
1772 3.73689e-36
1773 3.03299e-36
1774 2.46104e-36
1775 1.99641e-36
1776 1.61907e-36
1777 1.3127e-36
1778 1.06402e-36
1779 8.6222e-37
1780 6.98506e-37
1781 5.65725e-37
1782 4.58062e-37
1783 3.70788e-37
1784 3.00061e-37
1785 2.4276e-37
1786 1.96347e-37
1787 1.58765e-37
1788 1.28342e-37
1789 1.0372e-37
1790 8.37985e-38
1791 6.76849e-38
1792 5.46548e-38
1793 4.41209e-38
1794 3.56075e-38
1795 2.87289e-38
1796 2.31726e-38
1797 1.86858e-38
1798 1.50636e-38
1799 1.21401e-38
1800 9.78131e-39
1801 7.87862e-39
1802 6.34427e-39
1803 5.10731e-39
1804 4.11037e-39
1805 3.30711e-39
1806 2.66008e-39
1807 2.13904e-39
1808 1.71957e-39
1809 1.38198e-39
1810 1.11035e-39
1811 8.91858e-40
1812 7.1616e-40
1813 5.74914e-40
1814 4.61395e-40
1815 3.70187e-40
1816 2.96925e-40
1817 2.38096e-40
1818 1.90868e-40
1819 1.52966e-40
1820 1.22556e-40
1821 9.81637e-41
1822 7.86043e-41
1823 6.29246e-41
1824 5.03585e-41
1825 4.02907e-41
1826 3.22266e-41
1827 2.57694e-41
1828 2.06002e-41
1829 1.64634e-41
1830 1.31537e-41
1831 1.05064e-41
1832 8.38958e-42
1833 6.69741e-42
1834 5.34507e-42
1835 4.26462e-42
1836 3.40163e-42
1837 2.71253e-42
1838 2.16244e-42
1839 1.72343e-42
1840 1.37317e-42
1841 1.09379e-42
1842 8.71022e-43
1843 6.93432e-43
1844 5.519e-43
1845 4.39136e-43
1846 3.49317e-43
1847 2.77793e-43
1848 2.20855e-43
1849 1.75539e-43
1850 1.39483e-43
1851 1.10804e-43
1852 8.79971e-44
1853 6.98659e-44
1854 5.54554e-44
1855 4.40054e-44
1856 3.491e-44
1857 2.76871e-44
1858 2.19526e-44
1859 1.74011e-44
1860 1.37896e-44
1861 1.09247e-44
1862 8.65258e-45
1863 6.85119e-45
1864 5.42335e-45
1865 4.29191e-45
1866 3.39559e-45
1867 2.68572e-45
1868 2.12367e-45
1869 1.67878e-45
1870 1.32673e-45
1871 1.04821e-45
1872 8.27935e-46
1873 6.53765e-46
1874 5.16091e-46
1875 4.07295e-46
1876 3.21344e-46
1877 2.53459e-46
1878 1.99859e-46
1879 1.57549e-46
1880 1.2416e-46
1881 9.78192e-47
1882 7.70444e-47
1883 6.06642e-47
1884 4.77526e-47
1885 3.75781e-47
1886 2.95627e-47
1887 2.32501e-47
1888 1.828e-47
1889 1.43681e-47
1890 1.12899e-47
1891 8.86847e-48
1892 6.96428e-48
1893 5.46727e-48
1894 4.29072e-48
1895 3.36633e-48
1896 2.64026e-48
1897 2.07014e-48
1898 1.62262e-48
1899 1.27144e-48
1900 9.95946e-49
1901 7.79895e-49
1902 6.10514e-49
1903 4.77764e-49
1904 3.73757e-49
1905 2.92295e-49
1906 2.28512e-49
1907 1.78588e-49
1908 1.39524e-49
1909 1.08968e-49
1910 8.50749e-50
1911 6.6398e-50
1912 5.18034e-50
1913 4.04028e-50
1914 3.15002e-50
1915 2.45506e-50
1916 1.91275e-50
1917 1.4897e-50
1918 1.15981e-50
1919 9.02644e-51
1920 7.02247e-51
1921 5.46142e-51
1922 4.24583e-51
1923 3.29959e-51
1924 2.56329e-51
1925 1.99055e-51
1926 1.54521e-51
1927 1.19905e-51
1928 9.3009e-52
1929 7.21186e-52
1930 5.5899e-52
1931 4.33107e-52
1932 3.35443e-52
1933 2.59702e-52
1934 2.00985e-52
1935 1.55482e-52
1936 1.20234e-52
1937 9.29408e-53
1938 7.18145e-53
1939 5.54684e-53
1940 4.28259e-53
1941 3.30517e-53
1942 2.5498e-53
1943 1.96627e-53
1944 1.51568e-53
1945 1.16786e-53
1946 8.995e-54
1947 6.9252e-54
1948 5.32949e-54
1949 4.09978e-54
1950 3.1525e-54
1951 2.4231e-54
1952 1.86168e-54
1953 1.42975e-54
1954 1.09757e-54
1955 8.42214e-55
1956 6.45997e-55
1957 4.95285e-55
1958 3.79574e-55
1959 2.90773e-55
1960 2.22652e-55
1961 1.70418e-55
1962 1.30382e-55
1963 9.97088e-56
1964 7.62191e-56
1965 5.82382e-56
1966 4.448e-56
1967 3.39574e-56
1968 2.59129e-56
1969 1.97656e-56
1970 1.507e-56
1971 1.1485e-56
1972 8.74897e-57
1973 6.66185e-57
1974 5.0704e-57
1975 3.85744e-57
1976 2.93337e-57
1977 2.22968e-57
1978 1.69406e-57
1979 1.28654e-57
1980 9.76618e-58
1981 7.41029e-58
1982 5.62023e-58
1983 4.26069e-58
1984 3.2286e-58
1985 2.44543e-58
1986 1.85141e-58
1987 1.40107e-58
1988 1.05979e-58
1989 8.01288e-59
1990 6.05568e-59
1991 4.5745e-59
1992 3.45406e-59
1993 2.60689e-59
1994 1.96662e-59
1995 1.48294e-59
1996 1.11772e-59
1997 8.42067e-60
1998 6.34112e-60
1999 4.77298e-60
2000 3.59103e-60
2001 2.70055e-60
2002 2.02997e-60
2003 1.52522e-60
2004 1.14546e-60
2005 8.59866e-61
2006 6.45188e-61
2007 4.83889e-61
2008 3.62752e-61
2009 2.71817e-61
2010 2.03587e-61
2011 1.52414e-61
2012 1.14052e-61
2013 8.53078e-62
2014 6.37789e-62
2015 4.76617e-62
2016 3.56013e-62
2017 2.65808e-62
2018 1.98369e-62
2019 1.47975e-62
2020 1.10333e-62
2021 8.22308e-63
2022 6.12592e-63
2023 4.56164e-63
2024 3.39535e-63
2025 2.5262e-63
2026 1.87879e-63
2027 1.39675e-63
2028 1.03802e-63
2029 7.71176e-64
2030 5.7277e-64
2031 4.25321e-64
2032 3.15793e-64
2033 2.34472e-64
2034 1.74123e-64
2035 1.2936e-64
2036 9.61767e-65
2037 7.15918e-65
2038 5.33902e-65
2039 3.99265e-65
2040 2.99798e-65
2041 2.26448e-65
2042 1.7252e-65
2043 1.33073e-65
2044 1.0448e-65
2045 8.41036e-66
2046 7.00557e-66
2047 6.10288e-66
