0 9.31931e-27
1 8.5181e-27
2 7.83546e-27
3 7.25837e-27
4 6.7752e-27
5 6.37551e-27
6 6.05164e-27
7 5.79718e-27
8 5.60596e-27
9 5.47466e-27
10 5.40043e-27
11 5.38104e-27
12 5.4168e-27
13 5.50765e-27
14 5.65477e-27
15 5.86181e-27
16 6.13138e-27
17 6.46902e-27
18 6.88099e-27
19 7.3742e-27
20 7.95848e-27
21 8.64401e-27
22 9.44385e-27
23 1.03721e-26
24 1.14457e-26
25 1.2684e-26
26 1.41098e-26
27 1.57493e-26
28 1.76301e-26
29 1.9786e-26
30 2.22565e-26
31 2.50857e-26
32 2.8322e-26
33 3.20222e-26
34 3.62533e-26
35 4.10872e-26
36 4.66083e-26
37 5.29142e-26
38 6.01105e-26
39 6.832e-26
40 7.76906e-26
41 8.83786e-26
42 1.00561e-25
43 1.14451e-25
44 1.30282e-25
45 1.48324e-25
46 1.68874e-25
47 1.9227e-25
48 2.18924e-25
49 2.49264e-25
50 2.83797e-25
51 3.2309e-25
52 3.67787e-25
53 4.18628e-25
54 4.76441e-25
55 5.42185e-25
56 6.16914e-25
57 7.01836e-25
58 7.98327e-25
59 9.07932e-25
60 1.03242e-24
61 1.17379e-24
62 1.33428e-24
63 1.51641e-24
64 1.7231e-24
65 1.95763e-24
66 2.22366e-24
67 2.52532e-24
68 2.86738e-24
69 3.25518e-24
70 3.69467e-24
71 4.19264e-24
72 4.75683e-24
73 5.39583e-24
74 6.11951e-24
75 6.93888e-24
76 7.86631e-24
77 8.9159e-24
78 1.01035e-23
79 1.1447e-23
80 1.29665e-23
81 1.46847e-23
82 1.66274e-23
83 1.88233e-23
84 2.13046e-23
85 2.41082e-23
86 2.7275e-23
87 3.08517e-23
88 3.48906e-23
89 3.94498e-23
90 4.45957e-23
91 5.04027e-23
92 5.69545e-23
93 6.43446e-23
94 7.26788e-23
95 8.20761e-23
96 9.26694e-23
97 1.04609e-22
98 1.18062e-22
99 1.33219e-22
100 1.50292e-22
101 1.69517e-22
102 1.91164e-22
103 2.15532e-22
104 2.42955e-22
105 2.73813e-22
106 3.08528e-22
107 3.47575e-22
108 3.91483e-22
109 4.40848e-22
110 4.96339e-22
111 5.58702e-22
112 6.28772e-22
113 7.07489e-22
114 7.95898e-22
115 8.95174e-22
116 1.00663e-21
117 1.13174e-21
118 1.27213e-21
119 1.42965e-21
120 1.60635e-21
121 1.80453e-21
122 2.02674e-21
123 2.27586e-21
124 2.55508e-21
125 2.86798e-21
126 3.21853e-21
127 3.61121e-21
128 4.05097e-21
129 4.54336e-21
130 5.09457e-21
131 5.71148e-21
132 6.40181e-21
133 7.17412e-21
134 8.03797e-21
135 9.00401e-21
136 1.00841e-20
137 1.12915e-20
138 1.26409e-20
139 1.41486e-20
140 1.5833e-20
141 1.77144e-20
142 1.98153e-20
143 2.21609e-20
144 2.47791e-20
145 2.77011e-20
146 3.09615e-20
147 3.45986e-20
148 3.86552e-20
149 4.31788e-20
150 4.8222e-20
151 5.38435e-20
152 6.01083e-20
153 6.70885e-20
154 7.48644e-20
155 8.35248e-20
156 9.31685e-20
157 1.03905e-19
158 1.15855e-19
159 1.29154e-19
160 1.43951e-19
161 1.60411e-19
162 1.78718e-19
163 1.99073e-19
164 2.21704e-19
165 2.46857e-19
166 2.74809e-19
167 3.05865e-19
168 3.40363e-19
169 3.78676e-19
170 4.21217e-19
171 4.68444e-19
172 5.20861e-19
173 5.79028e-19
174 6.43561e-19
175 7.15143e-19
176 7.94528e-19
177 8.82547e-19
178 9.8012e-19
179 1.08826e-18
180 1.20809e-18
181 1.34085e-18
182 1.48789e-18
183 1.65073e-18
184 1.83102e-18
185 2.0306e-18
186 2.25147e-18
187 2.49587e-18
188 2.76625e-18
189 3.06529e-18
190 3.39598e-18
191 3.7616e-18
192 4.16574e-18
193 4.61238e-18
194 5.10589e-18
195 5.65107e-18
196 6.25321e-18
197 6.91813e-18
198 7.65224e-18
199 8.46256e-18
200 9.35682e-18
201 1.03435e-17
202 1.1432e-17
203 1.26326e-17
204 1.39564e-17
205 1.5416e-17
206 1.70248e-17
207 1.87978e-17
208 2.07514e-17
209 2.29035e-17
210 2.52738e-17
211 2.78839e-17
212 3.07575e-17
213 3.39206e-17
214 3.74017e-17
215 4.12318e-17
216 4.54453e-17
217 5.00794e-17
218 5.51753e-17
219 6.07777e-17
220 6.69358e-17
221 7.37033e-17
222 8.1139e-17
223 8.93072e-17
224 9.82784e-17
225 1.08129e-16
226 1.18944e-16
227 1.30815e-16
228 1.43841e-16
229 1.58134e-16
230 1.73812e-16
231 1.91006e-16
232 2.0986e-16
233 2.30529e-16
234 2.53183e-16
235 2.78008e-16
236 3.05206e-16
237 3.34998e-16
238 3.67625e-16
239 4.0335e-16
240 4.42457e-16
241 4.8526e-16
242 5.32098e-16
243 5.83341e-16
244 6.39391e-16
245 7.00688e-16
246 7.67708e-16
247 8.40973e-16
248 9.21047e-16
249 1.00855e-15
250 1.10414e-15
251 1.20856e-15
252 1.32259e-15
253 1.44709e-15
254 1.58301e-15
255 1.73135e-15
256 1.89323e-15
257 2.06983e-15
258 2.26248e-15
259 2.47256e-15
260 2.70164e-15
261 2.95136e-15
262 3.22354e-15
263 3.52014e-15
264 3.8433e-15
265 4.1953e-15
266 4.57867e-15
267 4.9961e-15
268 5.45054e-15
269 5.94516e-15
270 6.48343e-15
271 7.06906e-15
272 7.70611e-15
273 8.39895e-15
274 9.15231e-15
275 9.97131e-15
276 1.08615e-14
277 1.18289e-14
278 1.28799e-14
279 1.40216e-14
280 1.52615e-14
281 1.66078e-14
282 1.80694e-14
283 1.96558e-14
284 2.13772e-14
285 2.32448e-14
286 2.52707e-14
287 2.74677e-14
288 2.98498e-14
289 3.24321e-14
290 3.52309e-14
291 3.82636e-14
292 4.15491e-14
293 4.51079e-14
294 4.89618e-14
295 5.31345e-14
296 5.76513e-14
297 6.25398e-14
298 6.78293e-14
299 7.35518e-14
300 7.97413e-14
301 8.64346e-14
302 9.36714e-14
303 1.01494e-13
304 1.09949e-13
305 1.19084e-13
306 1.28953e-13
307 1.39614e-13
308 1.51126e-13
309 1.63555e-13
310 1.76973e-13
311 1.91455e-13
312 2.07082e-13
313 2.23942e-13
314 2.42128e-13
315 2.61741e-13
316 2.8289e-13
317 3.05689e-13
318 3.30263e-13
319 3.56745e-13
320 3.85279e-13
321 4.16016e-13
322 4.49122e-13
323 4.8477e-13
324 5.23151e-13
325 5.64465e-13
326 6.08927e-13
327 6.56768e-13
328 7.08236e-13
329 7.63594e-13
330 8.23125e-13
331 8.87129e-13
332 9.55932e-13
333 1.02988e-12
334 1.10933e-12
335 1.19469e-12
336 1.28637e-12
337 1.38482e-12
338 1.49053e-12
339 1.604e-12
340 1.72577e-12
341 1.85643e-12
342 1.9966e-12
343 2.14694e-12
344 2.30814e-12
345 2.48097e-12
346 2.66622e-12
347 2.86475e-12
348 3.07745e-12
349 3.30529e-12
350 3.54931e-12
351 3.81059e-12
352 4.09029e-12
353 4.38966e-12
354 4.71002e-12
355 5.05275e-12
356 5.41936e-12
357 5.81142e-12
358 6.23061e-12
359 6.67873e-12
360 7.15768e-12
361 7.66947e-12
362 8.21626e-12
363 8.80031e-12
364 9.42405e-12
365 1.00901e-11
366 1.0801e-11
367 1.15599e-11
368 1.23698e-11
369 1.32338e-11
370 1.41556e-11
371 1.51386e-11
372 1.6187e-11
373 1.73047e-11
374 1.84962e-11
375 1.9766e-11
376 2.11192e-11
377 2.25609e-11
378 2.40966e-11
379 2.57322e-11
380 2.74739e-11
381 2.93281e-11
382 3.13019e-11
383 3.34026e-11
384 3.56379e-11
385 3.8016e-11
386 4.05455e-11
387 4.32357e-11
388 4.60961e-11
389 4.9137e-11
390 5.23692e-11
391 5.5804e-11
392 5.94534e-11
393 6.33301e-11
394 6.74473e-11
395 7.18192e-11
396 7.64606e-11
397 8.1387e-11
398 8.66149e-11
399 9.21615e-11
400 9.80451e-11
401 1.04285e-10
402 1.10901e-10
403 1.17914e-10
404 1.25347e-10
405 1.33223e-10
406 1.41566e-10
407 1.50403e-10
408 1.5976e-10
409 1.69666e-10
410 1.80151e-10
411 1.91246e-10
412 2.02985e-10
413 2.154e-10
414 2.2853e-10
415 2.42411e-10
416 2.57084e-10
417 2.72591e-10
418 2.88974e-10
419 3.06282e-10
420 3.2456e-10
421 3.43861e-10
422 3.64237e-10
423 3.85744e-10
424 4.08439e-10
425 4.32385e-10
426 4.57645e-10
427 4.84287e-10
428 5.1238e-10
429 5.41998e-10
430 5.7322e-10
431 6.06125e-10
432 6.40799e-10
433 6.77331e-10
434 7.15814e-10
435 7.56346e-10
436 7.99028e-10
437 8.43969e-10
438 8.9128e-10
439 9.41079e-10
440 9.93487e-10
441 1.04864e-09
442 1.10666e-09
443 1.16769e-09
444 1.23189e-09
445 1.2994e-09
446 1.37038e-09
447 1.44501e-09
448 1.52345e-09
449 1.60589e-09
450 1.69252e-09
451 1.78354e-09
452 1.87914e-09
453 1.97956e-09
454 2.085e-09
455 2.19571e-09
456 2.31192e-09
457 2.43389e-09
458 2.56186e-09
459 2.69613e-09
460 2.83695e-09
461 2.98463e-09
462 3.13947e-09
463 3.30177e-09
464 3.47185e-09
465 3.65005e-09
466 3.83672e-09
467 4.03221e-09
468 4.23688e-09
469 4.45111e-09
470 4.67529e-09
471 4.90984e-09
472 5.15515e-09
473 5.41166e-09
474 5.67981e-09
475 5.96005e-09
476 6.25285e-09
477 6.5587e-09
478 6.87808e-09
479 7.21151e-09
480 7.55952e-09
481 7.92264e-09
482 8.30144e-09
483 8.69649e-09
484 9.10838e-09
485 9.53772e-09
486 9.98514e-09
487 1.04513e-08
488 1.09369e-08
489 1.14425e-08
490 1.1969e-08
491 1.2517e-08
492 1.30873e-08
493 1.36808e-08
494 1.42982e-08
495 1.49403e-08
496 1.56082e-08
497 1.63026e-08
498 1.70245e-08
499 1.77749e-08
500 1.85548e-08
501 1.93653e-08
502 2.02075e-08
503 2.10825e-08
504 2.19916e-08
505 2.29358e-08
506 2.39166e-08
507 2.49352e-08
508 2.5993e-08
509 2.70915e-08
510 2.82321e-08
511 2.94164e-08
512 3.0646e-08
513 3.19224e-08
514 3.32475e-08
515 3.4623e-08
516 3.60507e-08
517 3.75324e-08
518 3.90702e-08
519 4.0666e-08
520 4.23218e-08
521 4.40398e-08
522 4.5822e-08
523 4.76708e-08
524 4.95884e-08
525 5.1577e-08
526 5.3639e-08
527 5.57768e-08
528 5.79928e-08
529 6.02894e-08
530 6.26691e-08
531 6.51344e-08
532 6.76878e-08
533 7.03318e-08
534 7.3069e-08
535 7.59018e-08
536 7.88327e-08
537 8.18644e-08
538 8.49991e-08
539 8.82395e-08
540 9.15879e-08
541 9.50467e-08
542 9.86181e-08
543 1.02305e-07
544 1.06108e-07
545 1.10031e-07
546 1.14076e-07
547 1.18244e-07
548 1.22537e-07
549 1.26958e-07
550 1.31508e-07
551 1.36189e-07
552 1.41002e-07
553 1.45949e-07
554 1.51031e-07
555 1.56251e-07
556 1.61608e-07
557 1.67105e-07
558 1.72743e-07
559 1.78522e-07
560 1.84444e-07
561 1.90511e-07
562 1.96723e-07
563 2.03081e-07
564 2.09586e-07
565 2.1624e-07
566 2.23044e-07
567 2.29999e-07
568 2.37106e-07
569 2.44368e-07
570 2.51786e-07
571 2.59361e-07
572 2.67097e-07
573 2.74994e-07
574 2.83057e-07
575 2.91287e-07
576 2.99688e-07
577 3.08264e-07
578 3.17018e-07
579 3.25954e-07
580 3.35078e-07
581 3.44395e-07
582 3.53909e-07
583 3.63629e-07
584 3.73559e-07
585 3.83707e-07
586 3.94081e-07
587 4.04688e-07
588 4.15539e-07
589 4.26641e-07
590 4.38005e-07
591 4.49641e-07
592 4.6156e-07
593 4.73774e-07
594 4.86293e-07
595 4.9913e-07
596 5.12298e-07
597 5.2581e-07
598 5.39679e-07
599 5.53919e-07
600 5.68543e-07
601 5.83565e-07
602 5.98999e-07
603 6.14859e-07
604 6.31158e-07
605 6.47911e-07
606 6.65131e-07
607 6.82829e-07
608 7.0102e-07
609 7.19713e-07
610 7.38922e-07
611 7.58654e-07
612 7.78921e-07
613 7.9973e-07
614 8.21087e-07
615 8.42999e-07
616 8.65469e-07
617 8.88501e-07
618 9.12094e-07
619 9.36249e-07
620 9.60962e-07
621 9.86229e-07
622 1.01204e-06
623 1.03839e-06
624 1.06527e-06
625 1.09266e-06
626 1.12054e-06
627 1.1489e-06
628 1.17772e-06
629 1.20697e-06
630 1.23663e-06
631 1.26666e-06
632 1.29704e-06
633 1.32773e-06
634 1.35869e-06
635 1.38989e-06
636 1.42129e-06
637 1.45284e-06
638 1.4845e-06
639 1.51621e-06
640 1.54794e-06
641 1.57963e-06
642 1.61123e-06
643 1.64268e-06
644 1.67393e-06
645 1.70494e-06
646 1.73563e-06
647 1.76596e-06
648 1.79588e-06
649 1.82533e-06
650 1.85425e-06
651 1.8826e-06
652 1.91033e-06
653 1.93738e-06
654 1.96371e-06
655 1.98929e-06
656 2.01406e-06
657 2.03799e-06
658 2.06106e-06
659 2.08323e-06
660 2.10449e-06
661 2.1248e-06
662 2.14417e-06
663 2.16258e-06
664 2.18004e-06
665 2.19655e-06
666 2.21212e-06
667 2.22677e-06
668 2.24053e-06
669 2.25344e-06
670 2.26553e-06
671 2.27686e-06
672 2.28748e-06
673 2.29746e-06
674 2.30688e-06
675 2.31582e-06
676 2.32436e-06
677 2.3326e-06
678 2.34066e-06
679 2.34864e-06
680 2.35666e-06
681 2.36485e-06
682 2.37335e-06
683 2.3823e-06
684 2.39184e-06
685 2.40213e-06
686 2.41332e-06
687 2.42557e-06
688 2.43906e-06
689 2.45395e-06
690 2.47041e-06
691 2.48861e-06
692 2.50873e-06
693 2.53094e-06
694 2.55542e-06
695 2.58233e-06
696 2.61185e-06
697 2.64414e-06
698 2.67937e-06
699 2.71769e-06
700 2.75925e-06
701 2.80419e-06
702 2.85265e-06
703 2.90475e-06
704 2.96062e-06
705 3.02035e-06
706 3.08403e-06
707 3.15175e-06
708 3.22358e-06
709 3.29956e-06
710 3.37973e-06
711 3.46411e-06
712 3.5527e-06
713 3.64549e-06
714 3.74245e-06
715 3.84352e-06
716 3.94863e-06
717 4.05769e-06
718 4.1706e-06
719 4.28721e-06
720 4.40739e-06
721 4.53096e-06
722 4.65772e-06
723 4.78746e-06
724 4.91995e-06
725 5.05494e-06
726 5.19215e-06
727 5.33129e-06
728 5.47205e-06
729 5.6141e-06
730 5.75709e-06
731 5.90067e-06
732 6.04444e-06
733 6.18801e-06
734 6.33099e-06
735 6.47294e-06
736 6.61344e-06
737 6.75205e-06
738 6.88831e-06
739 7.02177e-06
740 7.15196e-06
741 7.27843e-06
742 7.4007e-06
743 7.5183e-06
744 7.63078e-06
745 7.73765e-06
746 7.83847e-06
747 7.93278e-06
748 8.02015e-06
749 8.10014e-06
750 8.17232e-06
751 8.23631e-06
752 8.2917e-06
753 8.33814e-06
754 8.37526e-06
755 8.40276e-06
756 8.42033e-06
757 8.42769e-06
758 8.42459e-06
759 8.41083e-06
760 8.38621e-06
761 8.35058e-06
762 8.30382e-06
763 8.24586e-06
764 8.17665e-06
765 8.09617e-06
766 8.00447e-06
767 7.90162e-06
768 7.78774e-06
769 7.66298e-06
770 7.52754e-06
771 7.38169e-06
772 7.22569e-06
773 7.0599e-06
774 6.8847e-06
775 6.7005e-06
776 6.50778e-06
777 6.30706e-06
778 6.0989e-06
779 5.88391e-06
780 5.66274e-06
781 5.43609e-06
782 5.20468e-06
783 4.9693e-06
784 4.73077e-06
785 4.48996e-06
786 4.24774e-06
787 4.00507e-06
788 3.76292e-06
789 3.52228e-06
790 3.28419e-06
791 3.04973e-06
792 2.82e-06
793 2.59611e-06
794 2.37921e-06
795 2.17049e-06
796 1.97113e-06
797 1.78234e-06
798 1.60536e-06
799 1.44144e-06
800 1.29182e-06
801 1.15777e-06
802 1.04057e-06
803 9.41504e-07
804 8.61847e-07
805 8.02887e-07
806 7.65905e-07
807 7.52182e-07
808 7.62992e-07
809 7.99601e-07
810 8.63264e-07
811 9.55226e-07
812 1.07672e-06
813 1.22895e-06
814 1.41313e-06
815 1.63042e-06
816 1.88199e-06
817 2.16897e-06
818 2.49247e-06
819 2.85356e-06
820 3.25332e-06
821 3.69277e-06
822 4.1729e-06
823 4.6947e-06
824 5.2591e-06
825 5.86701e-06
826 6.51931e-06
827 7.21685e-06
828 7.96043e-06
829 8.75084e-06
830 9.58883e-06
831 1.04751e-05
832 1.14104e-05
833 1.23953e-05
834 1.34304e-05
835 1.45164e-05
836 1.56538e-05
837 1.68431e-05
838 1.80849e-05
839 1.93796e-05
840 2.07277e-05
841 2.21297e-05
842 2.35858e-05
843 2.50966e-05
844 2.66623e-05
845 2.82834e-05
846 2.99602e-05
847 3.1693e-05
848 3.34822e-05
849 3.5328e-05
850 3.72307e-05
851 3.91908e-05
852 4.12083e-05
853 4.32838e-05
854 4.54175e-05
855 4.76096e-05
856 4.98606e-05
857 5.21708e-05
858 5.45405e-05
859 5.69701e-05
860 5.94601e-05
861 6.20107e-05
862 6.46226e-05
863 6.72961e-05
864 7.00318e-05
865 7.28302e-05
866 7.56919e-05
867 7.86176e-05
868 8.16079e-05
869 8.46635e-05
870 8.77853e-05
871 9.0974e-05
872 9.42305e-05
873 9.75558e-05
874 0.000100951
875 0.000104417
876 0.000107955
877 0.000111565
878 0.000115251
879 0.000119012
880 0.00012285
881 0.000126767
882 0.000130764
883 0.000134843
884 0.000139006
885 0.000143254
886 0.000147589
887 0.000152014
888 0.00015653
889 0.00016114
890 0.000165845
891 0.000170649
892 0.000175553
893 0.000180561
894 0.000185674
895 0.000190896
896 0.000196229
897 0.000201677
898 0.000207242
899 0.000212927
900 0.000218737
901 0.000224673
902 0.00023074
903 0.00023694
904 0.000243279
905 0.000249759
906 0.000256384
907 0.000263158
908 0.000270085
909 0.00027717
910 0.000284416
911 0.000291829
912 0.000299411
913 0.000307169
914 0.000315105
915 0.000323226
916 0.000331536
917 0.00034004
918 0.000348743
919 0.000357649
920 0.000366765
921 0.000376095
922 0.000385645
923 0.00039542
924 0.000405426
925 0.000415668
926 0.000426152
927 0.000436884
928 0.000447869
929 0.000459114
930 0.000470624
931 0.000482406
932 0.000494466
933 0.000506809
934 0.000519443
935 0.000532373
936 0.000545606
937 0.000559149
938 0.000573008
939 0.000587189
940 0.000601699
941 0.000616546
942 0.000631735
943 0.000647273
944 0.000663168
945 0.000679426
946 0.000696054
947 0.000713059
948 0.000730449
949 0.000748229
950 0.000766408
951 0.000784993
952 0.00080399
953 0.000823407
954 0.000843251
955 0.000863529
956 0.000884249
957 0.000905418
958 0.000927043
959 0.000949131
960 0.000971689
961 0.000994726
962 0.00101825
963 0.00104226
964 0.00106678
965 0.0010918
966 0.00111734
967 0.0011434
968 0.00116998
969 0.00119711
970 0.00122478
971 0.001253
972 0.00128177
973 0.00131112
974 0.00134103
975 0.00137153
976 0.00140261
977 0.00143429
978 0.00146656
979 0.00149945
980 0.00153295
981 0.00156707
982 0.00160182
983 0.0016372
984 0.00167323
985 0.0017099
986 0.00174723
987 0.00178522
988 0.00182388
989 0.00186322
990 0.00190323
991 0.00194393
992 0.00198532
993 0.00202741
994 0.0020702
995 0.00211371
996 0.00215793
997 0.00220287
998 0.00224853
999 0.00229493
1000 0.00234206
1001 0.00238994
1002 0.00243856
1003 0.00248793
1004 0.00253806
1005 0.00258895
1006 0.0026406
1007 0.00269303
1008 0.00274622
1009 0.00280019
1010 0.00285494
1011 0.00291047
1012 0.00296679
1013 0.00302389
1014 0.00308179
1015 0.00314049
1016 0.00319998
1017 0.00326027
1018 0.00332136
1019 0.00338325
1020 0.00344595
1021 0.00350946
1022 0.00357377
1023 0.00363889
1024 0.00370482
1025 0.00377155
1026 0.0038391
1027 0.00390746
1028 0.00397662
1029 0.00404659
1030 0.00411737
1031 0.00418896
1032 0.00426135
1033 0.00433454
1034 0.00440854
1035 0.00448333
1036 0.00455892
1037 0.0046353
1038 0.00471247
1039 0.00479043
1040 0.00486917
1041 0.00494869
1042 0.00502898
1043 0.00511004
1044 0.00519187
1045 0.00527445
1046 0.00535779
1047 0.00544188
1048 0.0055267
1049 0.00561226
1050 0.00569855
1051 0.00578556
1052 0.00587328
1053 0.0059617
1054 0.00605081
1055 0.00614062
1056 0.0062311
1057 0.00632224
1058 0.00641405
1059 0.0065065
1060 0.00659959
1061 0.0066933
1062 0.00678763
1063 0.00688257
1064 0.00697809
1065 0.00707419
1066 0.00717085
1067 0.00726807
1068 0.00736583
1069 0.00746411
1070 0.0075629
1071 0.00766219
1072 0.00776195
1073 0.00786219
1074 0.00796287
1075 0.00806399
1076 0.00816552
1077 0.00826745
1078 0.00836977
1079 0.00847245
1080 0.00857548
1081 0.00867884
1082 0.00878251
1083 0.00888647
1084 0.00899071
1085 0.0090952
1086 0.00919992
1087 0.00930485
1088 0.00940998
1089 0.00951528
1090 0.00962073
1091 0.00972631
1092 0.009832
1093 0.00993777
1094 0.0100436
1095 0.0101495
1096 0.0102554
1097 0.0103613
1098 0.0104671
1099 0.0105729
1100 0.0106787
1101 0.0107843
1102 0.0108898
1103 0.0109952
1104 0.0111003
1105 0.0112053
1106 0.0113101
1107 0.0114146
1108 0.0115188
1109 0.0116227
1110 0.0117264
1111 0.0118296
1112 0.0119325
1113 0.0120349
1114 0.012137
1115 0.0122386
1116 0.0123396
1117 0.0124402
1118 0.0125403
1119 0.0126397
1120 0.0127386
1121 0.0128369
1122 0.0129345
1123 0.0130315
1124 0.0131277
1125 0.0132232
1126 0.013318
1127 0.0134119
1128 0.0135051
1129 0.0135975
1130 0.0136889
1131 0.0137795
1132 0.0138692
1133 0.0139579
1134 0.0140457
1135 0.0141324
1136 0.0142182
1137 0.0143029
1138 0.0143865
1139 0.014469
1140 0.0145504
1141 0.0146307
1142 0.0147097
1143 0.0147876
1144 0.0148643
1145 0.0149397
1146 0.0150138
1147 0.0150867
1148 0.0151582
1149 0.0152283
1150 0.0152971
1151 0.0153646
1152 0.0154306
1153 0.0154951
1154 0.0155583
1155 0.0156199
1156 0.01568
1157 0.0157387
1158 0.0157958
1159 0.0158513
1160 0.0159053
1161 0.0159576
1162 0.0160084
1163 0.0160575
1164 0.016105
1165 0.0161508
1166 0.0161949
1167 0.0162373
1168 0.016278
1169 0.016317
1170 0.0163543
1171 0.0163898
1172 0.0164235
1173 0.0164554
1174 0.0164856
1175 0.0165139
1176 0.0165404
1177 0.0165651
1178 0.016588
1179 0.016609
1180 0.0166281
1181 0.0166454
1182 0.0166608
1183 0.0166743
1184 0.016686
1185 0.0166957
1186 0.0167036
1187 0.0167095
1188 0.0167136
1189 0.0167157
1190 0.016716
1191 0.0167143
1192 0.0167107
1193 0.0167052
1194 0.0166978
1195 0.0166885
1196 0.0166772
1197 0.0166641
1198 0.016649
1199 0.016632
1200 0.0166131
1201 0.0165924
1202 0.0165697
1203 0.0165452
1204 0.0165187
1205 0.0164904
1206 0.0164603
1207 0.0164283
1208 0.0163944
1209 0.0163587
1210 0.0163211
1211 0.0162818
1212 0.0162406
1213 0.0161977
1214 0.0161529
1215 0.0161064
1216 0.0160582
1217 0.0160082
1218 0.0159564
1219 0.015903
1220 0.0158479
1221 0.0157911
1222 0.0157326
1223 0.0156725
1224 0.0156107
1225 0.0155474
1226 0.0154825
1227 0.015416
1228 0.0153479
1229 0.0152784
1230 0.0152073
1231 0.0151348
1232 0.0150607
1233 0.0149853
1234 0.0149084
1235 0.0148302
1236 0.0147505
1237 0.0146696
1238 0.0145873
1239 0.0145037
1240 0.0144189
1241 0.0143328
1242 0.0142455
1243 0.014157
1244 0.0140673
1245 0.0139765
1246 0.0138846
1247 0.0137916
1248 0.0136976
1249 0.0136025
1250 0.0135064
1251 0.0134094
1252 0.0133114
1253 0.0132126
1254 0.0131128
1255 0.0130122
1256 0.0129107
1257 0.0128085
1258 0.0127055
1259 0.0126018
1260 0.0124973
1261 0.0123922
1262 0.0122865
1263 0.0121801
1264 0.0120732
1265 0.0119656
1266 0.0118576
1267 0.0117491
1268 0.0116401
1269 0.0115307
1270 0.0114208
1271 0.0113106
1272 0.0112001
1273 0.0110892
1274 0.010978
1275 0.0108666
1276 0.010755
1277 0.0106432
1278 0.0105312
1279 0.010419
1280 0.0103067
1281 0.0101944
1282 0.010082
1283 0.00996957
1284 0.00985714
1285 0.00974473
1286 0.00963238
1287 0.00952011
1288 0.00940794
1289 0.00929591
1290 0.00918404
1291 0.00907235
1292 0.00896087
1293 0.00884962
1294 0.00873864
1295 0.00862793
1296 0.00851753
1297 0.00840747
1298 0.00829775
1299 0.00818841
1300 0.00807947
1301 0.00797094
1302 0.00786286
1303 0.00775524
1304 0.0076481
1305 0.00754146
1306 0.00743534
1307 0.00732976
1308 0.00722475
1309 0.00712031
1310 0.00701646
1311 0.00691323
1312 0.00681063
1313 0.00670868
1314 0.00660738
1315 0.00650677
1316 0.00640685
1317 0.00630763
1318 0.00620914
1319 0.00611138
1320 0.00601437
1321 0.00591812
1322 0.00582264
1323 0.00572794
1324 0.00563405
1325 0.00554096
1326 0.00544868
1327 0.00535723
1328 0.00526662
1329 0.00517686
1330 0.00508794
1331 0.00499989
1332 0.00491271
1333 0.00482641
1334 0.00474098
1335 0.00465645
1336 0.00457281
1337 0.00449008
1338 0.00440824
1339 0.00432732
1340 0.00424731
1341 0.00416822
1342 0.00409005
1343 0.00401281
1344 0.00393649
1345 0.0038611
1346 0.00378664
1347 0.00371312
1348 0.00364052
1349 0.00356886
1350 0.00349814
1351 0.00342834
1352 0.00335949
1353 0.00329156
1354 0.00322456
1355 0.0031585
1356 0.00309336
1357 0.00302916
1358 0.00296587
1359 0.00290351
1360 0.00284206
1361 0.00278153
1362 0.00272192
1363 0.00266321
1364 0.00260541
1365 0.0025485
1366 0.0024925
1367 0.00243738
1368 0.00238315
1369 0.0023298
1370 0.00227733
1371 0.00222572
1372 0.00217498
1373 0.0021251
1374 0.00207607
1375 0.00202789
1376 0.00198055
1377 0.00193403
1378 0.00188835
1379 0.00184348
1380 0.00179942
1381 0.00175617
1382 0.00171371
1383 0.00167204
1384 0.00163115
1385 0.00159104
1386 0.00155169
1387 0.0015131
1388 0.00147525
1389 0.00143815
1390 0.00140178
1391 0.00136613
1392 0.0013312
1393 0.00129698
1394 0.00126345
1395 0.00123062
1396 0.00119846
1397 0.00116698
1398 0.00113615
1399 0.00110599
1400 0.00107647
1401 0.00104758
1402 0.00101932
1403 0.000991684
1404 0.000964654
1405 0.000938224
1406 0.000912386
1407 0.00088713
1408 0.000862448
1409 0.00083833
1410 0.000814768
1411 0.000791753
1412 0.000769275
1413 0.000747326
1414 0.000725897
1415 0.000704979
1416 0.000684563
1417 0.000664642
1418 0.000645205
1419 0.000626244
1420 0.000607752
1421 0.000589718
1422 0.000572135
1423 0.000554995
1424 0.000538289
1425 0.000522008
1426 0.000506145
1427 0.000490691
1428 0.000475639
1429 0.00046098
1430 0.000446706
1431 0.00043281
1432 0.000419285
1433 0.000406121
1434 0.000393312
1435 0.00038085
1436 0.000368728
1437 0.000356938
1438 0.000345474
1439 0.000334327
1440 0.000323492
1441 0.000312961
1442 0.000302728
1443 0.000292785
1444 0.000283126
1445 0.000273744
1446 0.000264633
1447 0.000255787
1448 0.000247199
1449 0.000238863
1450 0.000230774
1451 0.000222924
1452 0.000215309
1453 0.000207922
1454 0.000200758
1455 0.000193812
1456 0.000187077
1457 0.000180549
1458 0.000174222
1459 0.000168091
1460 0.00016215
1461 0.000156396
1462 0.000150823
1463 0.000145426
1464 0.0001402
1465 0.000135141
1466 0.000130245
1467 0.000125507
1468 0.000120923
1469 0.000116488
1470 0.000112198
1471 0.000108049
1472 0.000104038
1473 0.00010016
1474 9.64115e-05
1475 9.27889e-05
1476 8.92884e-05
1477 8.59067e-05
1478 8.26401e-05
1479 7.94853e-05
1480 7.64389e-05
1481 7.34979e-05
1482 7.06588e-05
1483 6.79188e-05
1484 6.52748e-05
1485 6.27239e-05
1486 6.02632e-05
1487 5.78899e-05
1488 5.56013e-05
1489 5.33948e-05
1490 5.12677e-05
1491 4.92176e-05
1492 4.7242e-05
1493 4.53385e-05
1494 4.35049e-05
1495 4.17388e-05
1496 4.0038e-05
1497 3.84004e-05
1498 3.6824e-05
1499 3.53067e-05
1500 3.38465e-05
1501 3.24415e-05
1502 3.10899e-05
1503 2.97899e-05
1504 2.85397e-05
1505 2.73376e-05
1506 2.61819e-05
1507 2.50711e-05
1508 2.40036e-05
1509 2.29778e-05
1510 2.19924e-05
1511 2.10458e-05
1512 2.01368e-05
1513 1.92639e-05
1514 1.84259e-05
1515 1.76215e-05
1516 1.68495e-05
1517 1.61088e-05
1518 1.53981e-05
1519 1.47164e-05
1520 1.40626e-05
1521 1.34357e-05
1522 1.28346e-05
1523 1.22585e-05
1524 1.17063e-05
1525 1.11772e-05
1526 1.06703e-05
1527 1.01847e-05
1528 9.71961e-06
1529 9.27425e-06
1530 8.84787e-06
1531 8.43971e-06
1532 8.04906e-06
1533 7.67525e-06
1534 7.31759e-06
1535 6.97546e-06
1536 6.64824e-06
1537 6.33533e-06
1538 6.03616e-06
1539 5.75017e-06
1540 5.47682e-06
1541 5.21562e-06
1542 4.96605e-06
1543 4.72765e-06
1544 4.49995e-06
1545 4.28251e-06
1546 4.0749e-06
1547 3.87671e-06
1548 3.68756e-06
1549 3.50705e-06
1550 3.33482e-06
1551 3.17053e-06
1552 3.01383e-06
1553 2.8644e-06
1554 2.72192e-06
1555 2.5861e-06
1556 2.45665e-06
1557 2.33329e-06
1558 2.21575e-06
1559 2.10378e-06
1560 1.99714e-06
1561 1.89559e-06
1562 1.79889e-06
1563 1.70685e-06
1564 1.61924e-06
1565 1.53587e-06
1566 1.45655e-06
1567 1.3811e-06
1568 1.30933e-06
1569 1.24108e-06
1570 1.1762e-06
1571 1.11451e-06
1572 1.05589e-06
1573 1.00018e-06
1574 9.47247e-07
1575 8.96966e-07
1576 8.4921e-07
1577 8.03861e-07
1578 7.60805e-07
1579 7.19933e-07
1580 6.81141e-07
1581 6.44331e-07
1582 6.09406e-07
1583 5.76277e-07
1584 5.44856e-07
1585 5.1506e-07
1586 4.86812e-07
1587 4.60034e-07
1588 4.34655e-07
1589 4.10607e-07
1590 3.87822e-07
1591 3.6624e-07
1592 3.458e-07
1593 3.26444e-07
1594 3.08119e-07
1595 2.90774e-07
1596 2.74357e-07
1597 2.58824e-07
1598 2.44127e-07
1599 2.30226e-07
1600 2.17079e-07
1601 2.04648e-07
1602 1.92895e-07
1603 1.81786e-07
1604 1.71288e-07
1605 1.61367e-07
1606 1.51996e-07
1607 1.43143e-07
1608 1.34783e-07
1609 1.2689e-07
1610 1.19438e-07
1611 1.12404e-07
1612 1.05766e-07
1613 9.95028e-08
1614 9.35942e-08
1615 8.80213e-08
1616 8.27658e-08
1617 7.78106e-08
1618 7.31393e-08
1619 6.87365e-08
1620 6.45874e-08
1621 6.06783e-08
1622 5.69958e-08
1623 5.35274e-08
1624 5.02614e-08
1625 4.71863e-08
1626 4.42917e-08
1627 4.15673e-08
1628 3.90037e-08
1629 3.65918e-08
1630 3.4323e-08
1631 3.21893e-08
1632 3.01829e-08
1633 2.82966e-08
1634 2.65235e-08
1635 2.48571e-08
1636 2.32914e-08
1637 2.18204e-08
1638 2.04387e-08
1639 1.91412e-08
1640 1.79228e-08
1641 1.67791e-08
1642 1.57055e-08
1643 1.46981e-08
1644 1.37528e-08
1645 1.28661e-08
1646 1.20344e-08
1647 1.12545e-08
1648 1.05232e-08
1649 9.83776e-09
1650 9.19531e-09
1651 8.59329e-09
1652 8.02926e-09
1653 7.50092e-09
1654 7.0061e-09
1655 6.54276e-09
1656 6.10897e-09
1657 5.70293e-09
1658 5.32293e-09
1659 4.96737e-09
1660 4.63473e-09
1661 4.32359e-09
1662 4.03263e-09
1663 3.76057e-09
1664 3.50624e-09
1665 3.26852e-09
1666 3.04638e-09
1667 2.83883e-09
1668 2.64494e-09
1669 2.46386e-09
1670 2.29476e-09
1671 2.13688e-09
1672 1.98951e-09
1673 1.85197e-09
1674 1.72363e-09
1675 1.60389e-09
1676 1.4922e-09
1677 1.38804e-09
1678 1.29092e-09
1679 1.20038e-09
1680 1.11599e-09
1681 1.03734e-09
1682 9.64062e-10
1683 8.95798e-10
1684 8.32217e-10
1685 7.73009e-10
1686 7.17884e-10
1687 6.66569e-10
1688 6.1881e-10
1689 5.74369e-10
1690 5.33022e-10
1691 4.94563e-10
1692 4.58795e-10
1693 4.25536e-10
1694 3.94617e-10
1695 3.65878e-10
1696 3.3917e-10
1697 3.14355e-10
1698 2.91302e-10
1699 2.69891e-10
1700 2.50007e-10
1701 2.31547e-10
1702 2.1441e-10
1703 1.98506e-10
1704 1.83747e-10
1705 1.70055e-10
1706 1.57354e-10
1707 1.45576e-10
1708 1.34654e-10
1709 1.24529e-10
1710 1.15144e-10
1711 1.06447e-10
1712 9.83891e-11
1713 9.09243e-11
1714 8.40104e-11
1715 7.76081e-11
1716 7.16805e-11
1717 6.61934e-11
1718 6.11152e-11
1719 5.64162e-11
1720 5.20689e-11
1721 4.80477e-11
1722 4.4329e-11
1723 4.08905e-11
1724 3.77118e-11
1725 3.47738e-11
1726 3.20588e-11
1727 2.95502e-11
1728 2.7233e-11
1729 2.50928e-11
1730 2.31166e-11
1731 2.1292e-11
1732 1.96079e-11
1733 1.80536e-11
1734 1.66194e-11
1735 1.52963e-11
1736 1.4076e-11
1737 1.29506e-11
1738 1.1913e-11
1739 1.09565e-11
1740 1.00749e-11
1741 9.26249e-12
1742 8.51403e-12
1743 7.8246e-12
1744 7.18966e-12
1745 6.60502e-12
1746 6.06678e-12
1747 5.57137e-12
1748 5.11546e-12
1749 4.69598e-12
1750 4.3101e-12
1751 3.95518e-12
1752 3.62882e-12
1753 3.32876e-12
1754 3.05294e-12
1755 2.79946e-12
1756 2.56654e-12
1757 2.35256e-12
1758 2.15601e-12
1759 1.97552e-12
1760 1.8098e-12
1761 1.65767e-12
1762 1.51804e-12
1763 1.38991e-12
1764 1.27236e-12
1765 1.16453e-12
1766 1.06564e-12
1767 9.74968e-13
1768 8.9184e-13
1769 8.15647e-13
1770 7.45823e-13
1771 6.81847e-13
1772 6.23243e-13
1773 5.69568e-13
1774 5.20418e-13
1775 4.75419e-13
1776 4.3423e-13
1777 3.96534e-13
1778 3.62042e-13
1779 3.30488e-13
1780 3.01628e-13
1781 2.75235e-13
1782 2.51105e-13
1783 2.29047e-13
1784 2.08887e-13
1785 1.90465e-13
1786 1.73635e-13
1787 1.58263e-13
1788 1.44224e-13
1789 1.31405e-13
1790 1.19703e-13
1791 1.09023e-13
1792 9.92763e-14
1793 9.0384e-14
1794 8.22726e-14
1795 7.4875e-14
1796 6.81296e-14
1797 6.19801e-14
1798 5.63749e-14
1799 5.12669e-14
1800 4.66128e-14
1801 4.23732e-14
1802 3.85118e-14
1803 3.49957e-14
1804 3.17945e-14
1805 2.88806e-14
1806 2.62288e-14
1807 2.38159e-14
1808 2.16209e-14
1809 1.96244e-14
1810 1.78089e-14
1811 1.61582e-14
1812 1.46578e-14
1813 1.32941e-14
1814 1.2055e-14
1815 1.09293e-14
1816 9.90683e-15
1817 8.97828e-15
1818 8.13521e-15
1819 7.36989e-15
1820 6.67529e-15
1821 6.045e-15
1822 5.47317e-15
1823 4.95448e-15
1824 4.48408e-15
1825 4.05757e-15
1826 3.67092e-15
1827 3.32048e-15
1828 3.00291e-15
1829 2.7152e-15
1830 2.45458e-15
1831 2.21855e-15
1832 2.00483e-15
1833 1.81134e-15
1834 1.63622e-15
1835 1.47774e-15
1836 1.33436e-15
1837 1.20465e-15
1838 1.08735e-15
1839 9.81275e-16
1840 8.85379e-16
1841 7.98701e-16
1842 7.20369e-16
1843 6.49594e-16
1844 5.85659e-16
1845 5.27915e-16
1846 4.75772e-16
1847 4.28697e-16
1848 3.86204e-16
1849 3.47857e-16
1850 3.13256e-16
1851 2.82042e-16
1852 2.5389e-16
1853 2.28503e-16
1854 2.05614e-16
1855 1.84983e-16
1856 1.66389e-16
1857 1.49636e-16
1858 1.34543e-16
1859 1.20949e-16
1860 1.08707e-16
1861 9.76854e-17
1862 8.77642e-17
1863 7.88353e-17
1864 7.0801e-17
1865 6.35732e-17
1866 5.70721e-17
1867 5.12258e-17
1868 4.59695e-17
1869 4.12444e-17
1870 3.69979e-17
1871 3.31821e-17
1872 2.9754e-17
1873 2.66749e-17
1874 2.39098e-17
1875 2.14271e-17
1876 1.91985e-17
1877 1.71983e-17
1878 1.54035e-17
1879 1.37933e-17
1880 1.2349e-17
1881 1.10538e-17
1882 9.89245e-18
1883 8.85142e-18
1884 7.91839e-18
1885 7.08233e-18
1886 6.3333e-18
1887 5.66238e-18
1888 5.06155e-18
1889 4.52358e-18
1890 4.042e-18
1891 3.61098e-18
1892 3.22529e-18
1893 2.88023e-18
1894 2.57158e-18
1895 2.29555e-18
1896 2.04876e-18
1897 1.82813e-18
1898 1.63095e-18
1899 1.45474e-18
1900 1.29732e-18
1901 1.15671e-18
1902 1.03113e-18
1903 9.19007e-19
1904 8.18914e-19
1905 7.29579e-19
1906 6.49862e-19
1907 5.78741e-19
1908 5.15302e-19
1909 4.58726e-19
1910 4.08281e-19
1911 3.63312e-19
1912 3.23233e-19
1913 2.87517e-19
1914 2.55698e-19
1915 2.27356e-19
1916 2.02115e-19
1917 1.7964e-19
1918 1.59634e-19
1919 1.41827e-19
1920 1.25982e-19
1921 1.11885e-19
1922 9.93453e-20
1923 8.81939e-20
1924 7.82787e-20
1925 6.94645e-20
1926 6.16305e-20
1927 5.46693e-20
1928 4.84847e-20
1929 4.29912e-20
1930 3.81126e-20
1931 3.37809e-20
1932 2.99356e-20
1933 2.65228e-20
1934 2.34943e-20
1935 2.08076e-20
1936 1.84244e-20
1937 1.6311e-20
1938 1.44371e-20
1939 1.2776e-20
1940 1.13037e-20
1941 9.9991e-21
1942 8.84333e-21
1943 7.81959e-21
1944 6.91299e-21
1945 6.11028e-21
1946 5.3997e-21
1947 4.77082e-21
1948 4.21433e-21
1949 3.72202e-21
1950 3.28656e-21
1951 2.90147e-21
1952 2.56099e-21
1953 2.26002e-21
1954 1.99402e-21
1955 1.75897e-21
1956 1.55132e-21
1957 1.36792e-21
1958 1.20595e-21
1959 1.06295e-21
1960 9.3672e-22
1961 8.25315e-22
1962 7.27015e-22
1963 6.40294e-22
1964 5.63806e-22
1965 4.96355e-22
1966 4.36886e-22
1967 3.84466e-22
1968 3.38267e-22
1969 2.97561e-22
1970 2.617e-22
1971 2.30115e-22
1972 2.02302e-22
1973 1.77815e-22
1974 1.5626e-22
1975 1.37291e-22
1976 1.20601e-22
1977 1.05918e-22
1978 9.30042e-23
1979 8.16486e-23
1980 7.16651e-23
1981 6.28899e-23
1982 5.5178e-23
1983 4.8402e-23
1984 4.24497e-23
1985 3.7222e-23
1986 3.26316e-23
1987 2.86016e-23
1988 2.50642e-23
1989 2.19599e-23
1990 1.92363e-23
1991 1.68473e-23
1992 1.47519e-23
1993 1.29146e-23
1994 1.13039e-23
1995 9.89212e-24
1996 8.65496e-24
1997 7.57099e-24
1998 6.62153e-24
1999 5.79004e-24
2000 5.06197e-24
2001 4.42459e-24
2002 3.86673e-24
2003 3.37857e-24
2004 2.95149e-24
2005 2.5779e-24
2006 2.25121e-24
2007 1.96556e-24
2008 1.71584e-24
2009 1.4976e-24
2010 1.3069e-24
2011 1.1403e-24
2012 9.94769e-25
2013 8.67686e-25
2014 7.5674e-25
2015 6.59879e-25
2016 5.75348e-25
2017 5.01596e-25
2018 4.37253e-25
2019 3.8113e-25
2020 3.32192e-25
2021 2.89529e-25
2022 2.5234e-25
2023 2.19926e-25
2024 1.91688e-25
2025 1.67088e-25
2026 1.45662e-25
2027 1.27009e-25
2028 1.10769e-25
2029 9.66322e-26
2030 8.43317e-26
2031 7.36303e-26
2032 6.43223e-26
2033 5.62288e-26
2034 4.91916e-26
2035 4.30753e-26
2036 3.77615e-26
2037 3.31449e-26
2038 2.91365e-26
2039 2.5657e-26
2040 2.26375e-26
2041 2.00195e-26
2042 1.77497e-26
2043 1.57848e-26
2044 1.4085e-26
2045 1.26153e-26
2046 1.13481e-26
2047 1.02564e-26
