0 2.72176e-39
1 2.02521e-39
2 1.48541e-39
3 1.08278e-39
4 8.02053e-40
5 6.32442e-40
6 5.67227e-40
7 6.03275e-40
8 7.40861e-40
9 9.83829e-40
10 1.33985e-39
11 1.82016e-39
12 2.44001e-39
13 3.21983e-39
14 4.18555e-39
15 5.36876e-39
16 6.80814e-39
17 8.55124e-39
18 1.0656e-38
19 1.31918e-38
20 1.62412e-38
21 1.9904e-38
22 2.43022e-38
23 2.95808e-38
24 3.59089e-38
25 4.3493e-38
26 5.25839e-38
27 6.34739e-38
28 7.65165e-38
29 9.21333e-38
30 1.10827e-37
31 1.33202e-37
32 1.59976e-37
33 1.9201e-37
34 2.30323e-37
35 2.7612e-37
36 3.30877e-37
37 3.96353e-37
38 4.74577e-37
39 5.68045e-37
40 6.79676e-37
41 8.12968e-37
42 9.72157e-37
43 1.16213e-36
44 1.38886e-36
45 1.65941e-36
46 1.98216e-36
47 2.36702e-36
48 2.82595e-36
49 3.37299e-36
50 4.02488e-36
51 4.80187e-36
52 5.72734e-36
53 6.82953e-36
54 8.14201e-36
55 9.70449e-36
56 1.1564e-35
57 1.37768e-35
58 1.64097e-35
59 1.9541e-35
60 2.32642e-35
61 2.769e-35
62 3.29522e-35
63 3.92059e-35
64 4.66332e-35
65 5.54555e-35
66 6.59318e-35
67 7.83711e-35
68 9.31359e-35
69 1.10655e-34
70 1.31445e-34
71 1.56104e-34
72 1.85343e-34
73 2.20013e-34
74 2.61106e-34
75 3.09802e-34
76 3.67503e-34
77 4.35854e-34
78 5.16791e-34
79 6.12621e-34
80 7.26061e-34
81 8.60307e-34
82 1.01915e-33
83 1.20705e-33
84 1.42926e-33
85 1.69199e-33
86 2.00257e-33
87 2.36965e-33
88 2.80336e-33
89 3.31568e-33
90 3.92074e-33
91 4.63522e-33
92 5.47862e-33
93 6.47403e-33
94 7.64863e-33
95 9.03422e-33
96 1.06686e-32
97 1.25957e-32
98 1.48675e-32
99 1.75451e-32
100 2.07002e-32
101 2.44177e-32
102 2.8796e-32
103 3.39518e-32
104 4.00221e-32
105 4.71669e-32
106 5.55745e-32
107 6.5467e-32
108 7.7103e-32
109 9.07863e-32
110 1.06875e-31
111 1.25786e-31
112 1.48009e-31
113 1.74119e-31
114 2.04795e-31
115 2.40819e-31
116 2.83113e-31
117 3.32763e-31
118 3.91035e-31
119 4.59408e-31
120 5.39609e-31
121 6.33671e-31
122 7.43967e-31
123 8.73267e-31
124 1.0248e-30
125 1.20236e-30
126 1.41039e-30
127 1.65399e-30
128 1.93926e-30
129 2.27325e-30
130 2.66411e-30
131 3.1215e-30
132 3.65659e-30
133 4.2824e-30
134 5.01418e-30
135 5.86973e-30
136 6.86972e-30
137 8.03819e-30
138 9.40328e-30
139 1.09978e-29
140 1.28596e-29
141 1.50334e-29
142 1.75707e-29
143 2.05315e-29
144 2.39858e-29
145 2.8015e-29
146 3.27134e-29
147 3.81916e-29
148 4.4577e-29
149 5.20181e-29
150 6.0688e-29
151 7.07871e-29
152 8.25479e-29
153 9.62413e-29
154 1.12181e-28
155 1.30732e-28
156 1.52316e-28
157 1.77424e-28
158 2.06626e-28
159 2.40579e-28
160 2.8005e-28
161 3.25924e-28
162 3.79229e-28
163 4.41153e-28
164 5.13074e-28
165 5.96589e-28
166 6.93544e-28
167 8.06076e-28
168 9.3666e-28
169 1.08815e-27
170 1.26387e-27
171 1.46764e-27
172 1.70388e-27
173 1.97771e-27
174 2.29503e-27
175 2.66268e-27
176 3.08853e-27
177 3.58168e-27
178 4.15264e-27
179 4.81356e-27
180 5.57842e-27
181 6.46335e-27
182 7.487e-27
183 8.67081e-27
184 1.00396e-26
185 1.16217e-26
186 1.34502e-26
187 1.55629e-26
188 1.80034e-26
189 2.08219e-26
190 2.40762e-26
191 2.78328e-26
192 3.21683e-26
193 3.71706e-26
194 4.29411e-26
195 4.95965e-26
196 5.72702e-26
197 6.61163e-26
198 7.63117e-26
199 8.80591e-26
200 1.01592e-25
201 1.17178e-25
202 1.35125e-25
203 1.55786e-25
204 1.79565e-25
205 2.06927e-25
206 2.38406e-25
207 2.74611e-25
208 3.16243e-25
209 3.64106e-25
210 4.19119e-25
211 4.82336e-25
212 5.54964e-25
213 6.38386e-25
214 7.34185e-25
215 8.44172e-25
216 9.70419e-25
217 1.1153e-24
218 1.28153e-24
219 1.4722e-24
220 1.69087e-24
221 1.9416e-24
222 2.229e-24
223 2.55838e-24
224 2.93579e-24
225 3.36812e-24
226 3.86327e-24
227 4.43023e-24
228 5.07927e-24
229 5.8221e-24
230 6.6721e-24
231 7.64449e-24
232 8.75666e-24
233 1.00284e-23
234 1.14823e-23
235 1.3144e-23
236 1.50429e-23
237 1.72123e-23
238 1.96901e-23
239 2.25195e-23
240 2.57498e-23
241 2.94368e-23
242 3.36442e-23
243 3.84443e-23
244 4.39193e-23
245 5.01628e-23
246 5.72809e-23
247 6.53942e-23
248 7.46399e-23
249 8.51734e-23
250 9.71715e-23
251 1.10834e-22
252 1.2639e-22
253 1.44096e-22
254 1.64245e-22
255 1.87169e-22
256 2.13245e-22
257 2.42898e-22
258 2.76612e-22
259 3.14934e-22
260 3.58484e-22
261 4.07964e-22
262 4.64169e-22
263 5.27998e-22
264 6.00469e-22
265 6.82734e-22
266 7.76095e-22
267 8.82024e-22
268 1.00219e-21
269 1.13847e-21
270 1.29299e-21
271 1.46816e-21
272 1.66669e-21
273 1.89164e-21
274 2.14648e-21
275 2.43512e-21
276 2.76195e-21
277 3.13196e-21
278 3.55075e-21
279 4.02466e-21
280 4.56081e-21
281 5.16725e-21
282 5.85303e-21
283 6.62837e-21
284 7.50477e-21
285 8.49518e-21
286 9.61417e-21
287 1.08782e-20
288 1.23056e-20
289 1.39173e-20
290 1.57366e-20
291 1.77898e-20
292 2.01065e-20
293 2.27198e-20
294 2.5667e-20
295 2.89901e-20
296 3.27362e-20
297 3.69581e-20
298 4.17151e-20
299 4.70739e-20
300 5.31091e-20
301 5.99046e-20
302 6.75544e-20
303 7.61639e-20
304 8.58512e-20
305 9.67487e-20
306 1.09005e-19
307 1.22785e-19
308 1.38277e-19
309 1.55687e-19
310 1.7525e-19
311 1.97226e-19
312 2.21907e-19
313 2.49619e-19
314 2.80728e-19
315 3.15642e-19
316 3.54817e-19
317 3.98763e-19
318 4.48049e-19
319 5.03313e-19
320 5.65265e-19
321 6.34697e-19
322 7.12497e-19
323 7.99651e-19
324 8.97264e-19
325 1.00656e-18
326 1.12892e-18
327 1.26587e-18
328 1.41912e-18
329 1.59056e-18
330 1.78232e-18
331 1.99674e-18
332 2.23647e-18
333 2.50442e-18
334 2.80386e-18
335 3.1384e-18
336 3.51209e-18
337 3.9294e-18
338 4.39534e-18
339 4.91545e-18
340 5.49591e-18
341 6.14356e-18
342 6.86604e-18
343 7.6718e-18
344 8.57025e-18
345 9.57184e-18
346 1.06881e-17
347 1.1932e-17
348 1.33178e-17
349 1.48612e-17
350 1.65799e-17
351 1.84932e-17
352 2.06229e-17
353 2.29927e-17
354 2.56292e-17
355 2.85618e-17
356 3.18228e-17
357 3.54482e-17
358 3.94779e-17
359 4.39559e-17
360 4.89308e-17
361 5.44566e-17
362 6.05927e-17
363 6.74049e-17
364 7.49661e-17
365 8.33565e-17
366 9.26648e-17
367 1.02989e-16
368 1.14437e-16
369 1.27129e-16
370 1.41195e-16
371 1.56782e-16
372 1.7405e-16
373 1.93174e-16
374 2.1435e-16
375 2.37793e-16
376 2.63738e-16
377 2.92446e-16
378 3.24204e-16
379 3.59328e-16
380 3.98164e-16
381 4.41096e-16
382 4.88545e-16
383 5.40972e-16
384 5.98888e-16
385 6.62853e-16
386 7.33481e-16
387 8.1145e-16
388 8.97503e-16
389 9.92457e-16
390 1.09721e-15
391 1.21274e-15
392 1.34014e-15
393 1.4806e-15
394 1.63541e-15
395 1.806e-15
396 1.99395e-15
397 2.20098e-15
398 2.42897e-15
399 2.67999e-15
400 2.95631e-15
401 3.26041e-15
402 3.59501e-15
403 3.9631e-15
404 4.36793e-15
405 4.81309e-15
406 5.30247e-15
407 5.84036e-15
408 6.43143e-15
409 7.08081e-15
410 7.79408e-15
411 8.57736e-15
412 9.43734e-15
413 1.03813e-14
414 1.14172e-14
415 1.25538e-14
416 1.38006e-14
417 1.51678e-14
418 1.66669e-14
419 1.83102e-14
420 2.0111e-14
421 2.20841e-14
422 2.42453e-14
423 2.66122e-14
424 2.92035e-14
425 3.204e-14
426 3.5144e-14
427 3.854e-14
428 4.22544e-14
429 4.63162e-14
430 5.07567e-14
431 5.56101e-14
432 6.09133e-14
433 6.67067e-14
434 7.30339e-14
435 7.99423e-14
436 8.74836e-14
437 9.57136e-14
438 1.04693e-13
439 1.14487e-13
440 1.25168e-13
441 1.36813e-13
442 1.49505e-13
443 1.63335e-13
444 1.78402e-13
445 1.94813e-13
446 2.12683e-13
447 2.32136e-13
448 2.53309e-13
449 2.76347e-13
450 3.0141e-13
451 3.28669e-13
452 3.58309e-13
453 3.90531e-13
454 4.25553e-13
455 4.63608e-13
456 5.04952e-13
457 5.49857e-13
458 5.98621e-13
459 6.51564e-13
460 7.09031e-13
461 7.71396e-13
462 8.39063e-13
463 9.12467e-13
464 9.92078e-13
465 1.0784e-12
466 1.17199e-12
467 1.27343e-12
468 1.38336e-12
469 1.50246e-12
470 1.63148e-12
471 1.77121e-12
472 1.9225e-12
473 2.0863e-12
474 2.26358e-12
475 2.45542e-12
476 2.66298e-12
477 2.8875e-12
478 3.1303e-12
479 3.39282e-12
480 3.6766e-12
481 3.9833e-12
482 4.31469e-12
483 4.67268e-12
484 5.05931e-12
485 5.47678e-12
486 5.92745e-12
487 6.41384e-12
488 6.93864e-12
489 7.50476e-12
490 8.1153e-12
491 8.77356e-12
492 9.48311e-12
493 1.02477e-11
494 1.10715e-11
495 1.19587e-11
496 1.29141e-11
497 1.39425e-11
498 1.50493e-11
499 1.624e-11
500 1.75207e-11
501 1.88978e-11
502 2.03782e-11
503 2.19692e-11
504 2.36784e-11
505 2.55143e-11
506 2.74856e-11
507 2.96017e-11
508 3.18726e-11
509 3.4309e-11
510 3.69222e-11
511 3.97242e-11
512 4.27279e-11
513 4.59469e-11
514 4.93957e-11
515 5.30897e-11
516 5.70454e-11
517 6.12802e-11
518 6.58126e-11
519 7.06624e-11
520 7.58505e-11
521 8.13992e-11
522 8.73321e-11
523 9.36745e-11
524 1.00453e-10
525 1.07696e-10
526 1.15434e-10
527 1.23699e-10
528 1.32525e-10
529 1.41947e-10
530 1.52006e-10
531 1.62741e-10
532 1.74196e-10
533 1.86417e-10
534 1.99454e-10
535 2.13357e-10
536 2.28182e-10
537 2.43989e-10
538 2.60838e-10
539 2.78796e-10
540 2.97933e-10
541 3.18323e-10
542 3.40044e-10
543 3.63181e-10
544 3.8782e-10
545 4.14056e-10
546 4.41988e-10
547 4.7172e-10
548 5.03362e-10
549 5.37032e-10
550 5.72854e-10
551 6.10957e-10
552 6.5148e-10
553 6.94568e-10
554 7.40374e-10
555 7.89059e-10
556 8.40792e-10
557 8.95754e-10
558 9.54131e-10
559 1.01612e-09
560 1.08193e-09
561 1.15178e-09
562 1.22589e-09
563 1.30451e-09
564 1.38789e-09
565 1.47628e-09
566 1.56996e-09
567 1.66922e-09
568 1.77435e-09
569 1.88567e-09
570 2.0035e-09
571 2.12818e-09
572 2.26007e-09
573 2.39952e-09
574 2.54692e-09
575 2.70267e-09
576 2.86718e-09
577 3.04087e-09
578 3.2242e-09
579 3.41761e-09
580 3.62159e-09
581 3.83663e-09
582 4.06325e-09
583 4.30197e-09
584 4.55335e-09
585 4.81795e-09
586 5.09637e-09
587 5.38922e-09
588 5.69713e-09
589 6.02076e-09
590 6.36079e-09
591 6.71793e-09
592 7.09291e-09
593 7.48649e-09
594 7.89945e-09
595 8.33263e-09
596 8.78688e-09
597 9.26307e-09
598 9.76214e-09
599 1.02851e-08
600 1.08328e-08
601 1.14065e-08
602 1.20071e-08
603 1.26359e-08
604 1.3294e-08
605 1.39828e-08
606 1.47034e-08
607 1.54573e-08
608 1.6246e-08
609 1.7071e-08
610 1.79338e-08
611 1.88362e-08
612 1.97799e-08
613 2.07668e-08
614 2.17988e-08
615 2.2878e-08
616 2.40065e-08
617 2.51867e-08
618 2.64209e-08
619 2.77116e-08
620 2.90616e-08
621 3.04734e-08
622 3.19501e-08
623 3.34947e-08
624 3.51104e-08
625 3.68006e-08
626 3.85687e-08
627 4.04183e-08
628 4.23533e-08
629 4.43777e-08
630 4.64956e-08
631 4.87112e-08
632 5.10289e-08
633 5.34535e-08
634 5.59896e-08
635 5.86421e-08
636 6.14161e-08
637 6.43167e-08
638 6.73492e-08
639 7.05191e-08
640 7.3832e-08
641 7.72934e-08
642 8.09091e-08
643 8.46848e-08
644 8.86264e-08
645 9.27398e-08
646 9.70309e-08
647 1.01506e-07
648 1.0617e-07
649 1.11029e-07
650 1.16089e-07
651 1.21356e-07
652 1.26835e-07
653 1.32531e-07
654 1.38449e-07
655 1.44595e-07
656 1.50973e-07
657 1.57587e-07
658 1.64442e-07
659 1.7154e-07
660 1.78886e-07
661 1.86482e-07
662 1.94331e-07
663 2.02434e-07
664 2.10793e-07
665 2.19408e-07
666 2.28281e-07
667 2.37411e-07
668 2.46797e-07
669 2.56437e-07
670 2.6633e-07
671 2.76473e-07
672 2.86862e-07
673 2.97494e-07
674 3.08363e-07
675 3.19466e-07
676 3.30795e-07
677 3.42345e-07
678 3.5411e-07
679 3.6608e-07
680 3.7825e-07
681 3.90611e-07
682 4.03154e-07
683 4.15871e-07
684 4.28753e-07
685 4.41792e-07
686 4.54979e-07
687 4.68304e-07
688 4.81761e-07
689 4.95341e-07
690 5.09037e-07
691 5.22842e-07
692 5.3675e-07
693 5.50757e-07
694 5.6486e-07
695 5.79055e-07
696 5.93342e-07
697 6.07723e-07
698 6.222e-07
699 6.36777e-07
700 6.51462e-07
701 6.66264e-07
702 6.81196e-07
703 6.96273e-07
704 7.11512e-07
705 7.26934e-07
706 7.42564e-07
707 7.5843e-07
708 7.74563e-07
709 7.90999e-07
710 8.07776e-07
711 8.24937e-07
712 8.42531e-07
713 8.60607e-07
714 8.79222e-07
715 8.98436e-07
716 9.18313e-07
717 9.38921e-07
718 9.60332e-07
719 9.82623e-07
720 1.00588e-06
721 1.03017e-06
722 1.0556e-06
723 1.08226e-06
724 1.11024e-06
725 1.13963e-06
726 1.17055e-06
727 1.20308e-06
728 1.23735e-06
729 1.27345e-06
730 1.31149e-06
731 1.35158e-06
732 1.39383e-06
733 1.43834e-06
734 1.48523e-06
735 1.5346e-06
736 1.58655e-06
737 1.64119e-06
738 1.6986e-06
739 1.75888e-06
740 1.82211e-06
741 1.88839e-06
742 1.95777e-06
743 2.03033e-06
744 2.10612e-06
745 2.18519e-06
746 2.26758e-06
747 2.35332e-06
748 2.44242e-06
749 2.53488e-06
750 2.6307e-06
751 2.72984e-06
752 2.83228e-06
753 2.93795e-06
754 3.04678e-06
755 3.15868e-06
756 3.27356e-06
757 3.39128e-06
758 3.51171e-06
759 3.63469e-06
760 3.76003e-06
761 3.88753e-06
762 4.01698e-06
763 4.14815e-06
764 4.28077e-06
765 4.41457e-06
766 4.54925e-06
767 4.6845e-06
768 4.81999e-06
769 4.95536e-06
770 5.09024e-06
771 5.22427e-06
772 5.35702e-06
773 5.48809e-06
774 5.61706e-06
775 5.74347e-06
776 5.86688e-06
777 5.98683e-06
778 6.10285e-06
779 6.21446e-06
780 6.32118e-06
781 6.42253e-06
782 6.51804e-06
783 6.60721e-06
784 6.68957e-06
785 6.76464e-06
786 6.83198e-06
787 6.89111e-06
788 6.9416e-06
789 6.98304e-06
790 7.01501e-06
791 7.03714e-06
792 7.04905e-06
793 7.05043e-06
794 7.04097e-06
795 7.02039e-06
796 6.98847e-06
797 6.945e-06
798 6.88984e-06
799 6.82286e-06
800 6.744e-06
801 6.65325e-06
802 6.55063e-06
803 6.43624e-06
804 6.31022e-06
805 6.17278e-06
806 6.02418e-06
807 5.86474e-06
808 5.69486e-06
809 5.51501e-06
810 5.3257e-06
811 5.12754e-06
812 4.92121e-06
813 4.70745e-06
814 4.48707e-06
815 4.26098e-06
816 4.03014e-06
817 3.7956e-06
818 3.5585e-06
819 3.32002e-06
820 3.08146e-06
821 2.84417e-06
822 2.60958e-06
823 2.37921e-06
824 2.15465e-06
825 1.93755e-06
826 1.72965e-06
827 1.53275e-06
828 1.34875e-06
829 1.17957e-06
830 1.02725e-06
831 8.9385e-07
832 7.81522e-07
833 6.92469e-07
834 6.28952e-07
835 5.9329e-07
836 5.87854e-07
837 6.15065e-07
838 6.77392e-07
839 7.77349e-07
840 9.1749e-07
841 1.10041e-06
842 1.32874e-06
843 1.60513e-06
844 1.93228e-06
845 2.31291e-06
846 2.74975e-06
847 3.24556e-06
848 3.80312e-06
849 4.42521e-06
850 5.11464e-06
851 5.87421e-06
852 6.70673e-06
853 7.61503e-06
854 8.60192e-06
855 9.67021e-06
856 1.08227e-05
857 1.20623e-05
858 1.33916e-05
859 1.48136e-05
860 1.63309e-05
861 1.79464e-05
862 1.96628e-05
863 2.14829e-05
864 2.34093e-05
865 2.54449e-05
866 2.75922e-05
867 2.98541e-05
868 3.22331e-05
869 3.4732e-05
870 3.73534e-05
871 4.01e-05
872 4.29745e-05
873 4.59794e-05
874 4.91175e-05
875 5.23913e-05
876 5.58036e-05
877 5.93571e-05
878 6.30543e-05
879 6.68981e-05
880 7.08911e-05
881 7.50361e-05
882 7.93359e-05
883 8.37933e-05
884 8.84111e-05
885 9.31924e-05
886 9.814e-05
887 0.000103257
888 0.000108546
889 0.000114012
890 0.000119656
891 0.000125482
892 0.000131494
893 0.000137695
894 0.000144089
895 0.00015068
896 0.000157471
897 0.000164467
898 0.000171671
899 0.000179088
900 0.000186723
901 0.00019458
902 0.000202663
903 0.000210978
904 0.00021953
905 0.000228325
906 0.000237367
907 0.000246662
908 0.000256217
909 0.000266038
910 0.000276131
911 0.000286502
912 0.000297158
913 0.000308108
914 0.000319357
915 0.000330914
916 0.000342786
917 0.000354981
918 0.000367509
919 0.000380377
920 0.000393595
921 0.000407172
922 0.000421117
923 0.000435441
924 0.000450153
925 0.000465264
926 0.000480784
927 0.000496725
928 0.000513098
929 0.000529914
930 0.000547186
931 0.000564925
932 0.000583145
933 0.000601858
934 0.000621077
935 0.000640815
936 0.000661087
937 0.000681907
938 0.000703288
939 0.000725245
940 0.000747793
941 0.000770948
942 0.000794725
943 0.000819139
944 0.000844207
945 0.000869944
946 0.000896367
947 0.000923494
948 0.00095134
949 0.000979924
950 0.00100926
951 0.00103937
952 0.00107027
953 0.00110198
954 0.00113451
955 0.00116789
956 0.00120213
957 0.00123726
958 0.00127328
959 0.00131022
960 0.0013481
961 0.00138694
962 0.00142676
963 0.00146757
964 0.0015094
965 0.00155226
966 0.00159618
967 0.00164117
968 0.00168725
969 0.00173444
970 0.00178277
971 0.00183225
972 0.0018829
973 0.00193474
974 0.00198778
975 0.00204206
976 0.00209758
977 0.00215436
978 0.00221243
979 0.0022718
980 0.00233249
981 0.00239451
982 0.00245789
983 0.00252264
984 0.00258879
985 0.00265633
986 0.0027253
987 0.0027957
988 0.00286756
989 0.00294089
990 0.0030157
991 0.003092
992 0.00316982
993 0.00324916
994 0.00333003
995 0.00341246
996 0.00349644
997 0.003582
998 0.00366913
999 0.00375786
1000 0.00384819
1001 0.00394013
1002 0.00403369
1003 0.00412887
1004 0.00422568
1005 0.00432413
1006 0.00442421
1007 0.00452595
1008 0.00462933
1009 0.00473436
1010 0.00484104
1011 0.00494938
1012 0.00505937
1013 0.00517101
1014 0.00528429
1015 0.00539923
1016 0.00551581
1017 0.00563402
1018 0.00575386
1019 0.00587533
1020 0.00599842
1021 0.00612311
1022 0.00624939
1023 0.00637727
1024 0.00650671
1025 0.00663771
1026 0.00677026
1027 0.00690433
1028 0.00703992
1029 0.007177
1030 0.00731555
1031 0.00745556
1032 0.007597
1033 0.00773984
1034 0.00788407
1035 0.00802966
1036 0.00817658
1037 0.00832481
1038 0.00847431
1039 0.00862506
1040 0.00877702
1041 0.00893016
1042 0.00908445
1043 0.00923986
1044 0.00939633
1045 0.00955385
1046 0.00971236
1047 0.00987184
1048 0.0100322
1049 0.0101935
1050 0.0103556
1051 0.0105185
1052 0.0106821
1053 0.0108464
1054 0.0110114
1055 0.011177
1056 0.0113431
1057 0.0115097
1058 0.0116767
1059 0.0118442
1060 0.012012
1061 0.01218
1062 0.0123483
1063 0.0125167
1064 0.0126853
1065 0.0128539
1066 0.0130224
1067 0.013191
1068 0.0133593
1069 0.0135275
1070 0.0136954
1071 0.013863
1072 0.0140302
1073 0.0141969
1074 0.0143632
1075 0.0145288
1076 0.0146938
1077 0.014858
1078 0.0150215
1079 0.0151841
1080 0.0153458
1081 0.0155065
1082 0.0156662
1083 0.0158247
1084 0.015982
1085 0.016138
1086 0.0162927
1087 0.016446
1088 0.0165978
1089 0.0167481
1090 0.0168967
1091 0.0170437
1092 0.0171889
1093 0.0173323
1094 0.0174738
1095 0.0176134
1096 0.0177509
1097 0.0178863
1098 0.0180196
1099 0.0181506
1100 0.0182794
1101 0.0184058
1102 0.0185298
1103 0.0186514
1104 0.0187704
1105 0.0188868
1106 0.0190005
1107 0.0191115
1108 0.0192198
1109 0.0193252
1110 0.0194277
1111 0.0195274
1112 0.019624
1113 0.0197175
1114 0.019808
1115 0.0198953
1116 0.0199795
1117 0.0200604
1118 0.0201381
1119 0.0202124
1120 0.0202833
1121 0.0203509
1122 0.020415
1123 0.0204756
1124 0.0205328
1125 0.0205864
1126 0.0206364
1127 0.0206828
1128 0.0207256
1129 0.0207648
1130 0.0208002
1131 0.020832
1132 0.0208601
1133 0.0208844
1134 0.020905
1135 0.0209218
1136 0.0209348
1137 0.0209441
1138 0.0209495
1139 0.0209512
1140 0.0209491
1141 0.0209432
1142 0.0209334
1143 0.0209199
1144 0.0209026
1145 0.0208815
1146 0.0208567
1147 0.020828
1148 0.0207957
1149 0.0207596
1150 0.0207197
1151 0.0206762
1152 0.020629
1153 0.0205782
1154 0.0205237
1155 0.0204656
1156 0.0204039
1157 0.0203388
1158 0.0202701
1159 0.0201979
1160 0.0201223
1161 0.0200433
1162 0.0199609
1163 0.0198752
1164 0.0197863
1165 0.0196941
1166 0.0195987
1167 0.0195002
1168 0.0193986
1169 0.019294
1170 0.0191864
1171 0.0190759
1172 0.0189625
1173 0.0188462
1174 0.0187273
1175 0.0186056
1176 0.0184813
1177 0.0183544
1178 0.018225
1179 0.0180931
1180 0.0179589
1181 0.0178223
1182 0.0176835
1183 0.0175425
1184 0.0173994
1185 0.0172542
1186 0.017107
1187 0.0169579
1188 0.016807
1189 0.0166543
1190 0.0164998
1191 0.0163438
1192 0.0161862
1193 0.0160271
1194 0.0158665
1195 0.0157047
1196 0.0155415
1197 0.0153772
1198 0.0152117
1199 0.0150452
1200 0.0148777
1201 0.0147092
1202 0.01454
1203 0.0143699
1204 0.0141992
1205 0.0140278
1206 0.0138559
1207 0.0136835
1208 0.0135106
1209 0.0133374
1210 0.013164
1211 0.0129903
1212 0.0128164
1213 0.0126425
1214 0.0124686
1215 0.0122947
1216 0.0121209
1217 0.0119473
1218 0.0117739
1219 0.0116009
1220 0.0114282
1221 0.0112559
1222 0.011084
1223 0.0109127
1224 0.010742
1225 0.010572
1226 0.0104026
1227 0.010234
1228 0.0100661
1229 0.00989913
1230 0.00973304
1231 0.00956789
1232 0.00940373
1233 0.00924061
1234 0.00907856
1235 0.00891763
1236 0.00875786
1237 0.00859929
1238 0.00844196
1239 0.00828591
1240 0.00813116
1241 0.00797776
1242 0.00782574
1243 0.00767512
1244 0.00752595
1245 0.00737824
1246 0.00723203
1247 0.00708733
1248 0.00694419
1249 0.00680261
1250 0.00666262
1251 0.00652424
1252 0.0063875
1253 0.0062524
1254 0.00611897
1255 0.00598722
1256 0.00585716
1257 0.00572882
1258 0.00560219
1259 0.00547729
1260 0.00535413
1261 0.00523272
1262 0.00511307
1263 0.00499517
1264 0.00487904
1265 0.00476468
1266 0.00465209
1267 0.00454127
1268 0.00443222
1269 0.00432495
1270 0.00421944
1271 0.00411571
1272 0.00401373
1273 0.00391352
1274 0.00381506
1275 0.00371835
1276 0.00362338
1277 0.00353015
1278 0.00343863
1279 0.00334884
1280 0.00326074
1281 0.00317435
1282 0.00308963
1283 0.00300658
1284 0.0029252
1285 0.00284545
1286 0.00276733
1287 0.00269083
1288 0.00261593
1289 0.00254262
1290 0.00247087
1291 0.00240067
1292 0.00233201
1293 0.00226486
1294 0.00219922
1295 0.00213506
1296 0.00207235
1297 0.0020111
1298 0.00195127
1299 0.00189284
1300 0.0018358
1301 0.00178013
1302 0.0017258
1303 0.0016728
1304 0.00162111
1305 0.00157071
1306 0.00152156
1307 0.00147367
1308 0.001427
1309 0.00138153
1310 0.00133725
1311 0.00129412
1312 0.00125214
1313 0.00121128
1314 0.00117152
1315 0.00113284
1316 0.00109522
1317 0.00105864
1318 0.00102307
1319 0.000988503
1320 0.000954913
1321 0.000922279
1322 0.000890582
1323 0.000859803
1324 0.000829921
1325 0.000800917
1326 0.000772772
1327 0.000745466
1328 0.000718981
1329 0.000693297
1330 0.000668396
1331 0.000644261
1332 0.000620872
1333 0.000598211
1334 0.000576261
1335 0.000555005
1336 0.000534425
1337 0.000514505
1338 0.000495227
1339 0.000476575
1340 0.000458532
1341 0.000441084
1342 0.000424213
1343 0.000407905
1344 0.000392145
1345 0.000376917
1346 0.000362207
1347 0.000348
1348 0.000334283
1349 0.000321041
1350 0.000308261
1351 0.00029593
1352 0.000284034
1353 0.000272561
1354 0.000261498
1355 0.000250833
1356 0.000240554
1357 0.000230649
1358 0.000221107
1359 0.000211916
1360 0.000203066
1361 0.000194546
1362 0.000186345
1363 0.000178454
1364 0.000170861
1365 0.000163559
1366 0.000156536
1367 0.000149785
1368 0.000143295
1369 0.000137058
1370 0.000131066
1371 0.000125311
1372 0.000119783
1373 0.000114476
1374 0.000109382
1375 0.000104493
1376 9.98017e-05
1377 9.53018e-05
1378 9.09862e-05
1379 8.68482e-05
1380 8.28813e-05
1381 7.90795e-05
1382 7.54366e-05
1383 7.19468e-05
1384 6.86043e-05
1385 6.54037e-05
1386 6.23396e-05
1387 5.94069e-05
1388 5.66006e-05
1389 5.39157e-05
1390 5.13477e-05
1391 4.8892e-05
1392 4.65441e-05
1393 4.42999e-05
1394 4.21553e-05
1395 4.01062e-05
1396 3.81489e-05
1397 3.62797e-05
1398 3.4495e-05
1399 3.27913e-05
1400 3.11654e-05
1401 2.9614e-05
1402 2.8134e-05
1403 2.67225e-05
1404 2.53766e-05
1405 2.40935e-05
1406 2.28706e-05
1407 2.17053e-05
1408 2.05952e-05
1409 1.95377e-05
1410 1.85308e-05
1411 1.75721e-05
1412 1.66596e-05
1413 1.57912e-05
1414 1.4965e-05
1415 1.41791e-05
1416 1.34317e-05
1417 1.27211e-05
1418 1.20456e-05
1419 1.14035e-05
1420 1.07935e-05
1421 1.0214e-05
1422 9.66362e-06
1423 9.14099e-06
1424 8.64484e-06
1425 8.17392e-06
1426 7.72705e-06
1427 7.3031e-06
1428 6.90097e-06
1429 6.51964e-06
1430 6.15809e-06
1431 5.81539e-06
1432 5.49062e-06
1433 5.18291e-06
1434 4.89142e-06
1435 4.61537e-06
1436 4.35399e-06
1437 4.10656e-06
1438 3.87238e-06
1439 3.6508e-06
1440 3.44117e-06
1441 3.24291e-06
1442 3.05543e-06
1443 2.87819e-06
1444 2.71066e-06
1445 2.55236e-06
1446 2.40279e-06
1447 2.26152e-06
1448 2.12811e-06
1449 2.00215e-06
1450 1.88325e-06
1451 1.77104e-06
1452 1.66517e-06
1453 1.5653e-06
1454 1.47111e-06
1455 1.3823e-06
1456 1.29858e-06
1457 1.21967e-06
1458 1.14532e-06
1459 1.07528e-06
1460 1.0093e-06
1461 9.47182e-07
1462 8.88696e-07
1463 8.33647e-07
1464 7.81844e-07
1465 7.33106e-07
1466 6.87262e-07
1467 6.4415e-07
1468 6.03615e-07
1469 5.65513e-07
1470 5.29704e-07
1471 4.96059e-07
1472 4.64454e-07
1473 4.34771e-07
1474 4.06899e-07
1475 3.80735e-07
1476 3.56178e-07
1477 3.33135e-07
1478 3.11517e-07
1479 2.91241e-07
1480 2.72228e-07
1481 2.54402e-07
1482 2.37694e-07
1483 2.22036e-07
1484 2.07366e-07
1485 1.93625e-07
1486 1.80757e-07
1487 1.68708e-07
1488 1.57429e-07
1489 1.46874e-07
1490 1.36997e-07
1491 1.27758e-07
1492 1.19116e-07
1493 1.11036e-07
1494 1.03482e-07
1495 9.64221e-08
1496 8.98246e-08
1497 8.3661e-08
1498 7.79039e-08
1499 7.25277e-08
1500 6.75083e-08
1501 6.2823e-08
1502 5.84506e-08
1503 5.4371e-08
1504 5.05655e-08
1505 4.70164e-08
1506 4.37072e-08
1507 4.06224e-08
1508 3.77473e-08
1509 3.50682e-08
1510 3.25725e-08
1511 3.02479e-08
1512 2.80834e-08
1513 2.60682e-08
1514 2.41925e-08
1515 2.2447e-08
1516 2.0823e-08
1517 1.93124e-08
1518 1.79077e-08
1519 1.66016e-08
1520 1.53874e-08
1521 1.42591e-08
1522 1.32107e-08
1523 1.22368e-08
1524 1.13323e-08
1525 1.04924e-08
1526 9.71269e-09
1527 8.98902e-09
1528 8.31751e-09
1529 7.69453e-09
1530 7.11669e-09
1531 6.58086e-09
1532 6.08407e-09
1533 5.62359e-09
1534 5.19686e-09
1535 4.80149e-09
1536 4.43526e-09
1537 4.09609e-09
1538 3.78205e-09
1539 3.49134e-09
1540 3.2223e-09
1541 2.97336e-09
1542 2.74306e-09
1543 2.53007e-09
1544 2.33311e-09
1545 2.15103e-09
1546 1.98274e-09
1547 1.82723e-09
1548 1.68355e-09
1549 1.55085e-09
1550 1.4283e-09
1551 1.31515e-09
1552 1.21071e-09
1553 1.11433e-09
1554 1.0254e-09
1555 9.43365e-10
1556 8.6771e-10
1557 7.97953e-10
1558 7.33647e-10
1559 6.7438e-10
1560 6.19769e-10
1561 5.69459e-10
1562 5.23122e-10
1563 4.80453e-10
1564 4.4117e-10
1565 4.05013e-10
1566 3.7174e-10
1567 3.41127e-10
1568 3.12969e-10
1569 2.87074e-10
1570 2.63266e-10
1571 2.4138e-10
1572 2.21267e-10
1573 2.02787e-10
1574 1.8581e-10
1575 1.70218e-10
1576 1.55901e-10
1577 1.42758e-10
1578 1.30696e-10
1579 1.19626e-10
1580 1.09471e-10
1581 1.00157e-10
1582 9.16156e-11
1583 8.37846e-11
1584 7.66067e-11
1585 7.00287e-11
1586 6.40019e-11
1587 5.84812e-11
1588 5.34253e-11
1589 4.87961e-11
1590 4.45585e-11
1591 4.06801e-11
1592 3.71314e-11
1593 3.3885e-11
1594 3.09158e-11
1595 2.82007e-11
1596 2.57186e-11
1597 2.34499e-11
1598 2.13767e-11
1599 1.94827e-11
1600 1.77527e-11
1601 1.61728e-11
1602 1.47304e-11
1603 1.34137e-11
1604 1.22121e-11
1605 1.11158e-11
1606 1.01157e-11
1607 9.20359e-12
1608 8.37194e-12
1609 7.61381e-12
1610 6.92285e-12
1611 6.29324e-12
1612 5.71967e-12
1613 5.19725e-12
1614 4.72154e-12
1615 4.28845e-12
1616 3.89425e-12
1617 3.53552e-12
1618 3.20915e-12
1619 2.91229e-12
1620 2.64231e-12
1621 2.39685e-12
1622 2.17373e-12
1623 1.97095e-12
1624 1.78671e-12
1625 1.61934e-12
1626 1.46733e-12
1627 1.32931e-12
1628 1.20401e-12
1629 1.09028e-12
1630 9.87091e-13
1631 8.93473e-13
1632 8.0856e-13
1633 7.3156e-13
1634 6.61751e-13
1635 5.98474e-13
1636 5.41132e-13
1637 4.89178e-13
1638 4.42118e-13
1639 3.99499e-13
1640 3.6091e-13
1641 3.25979e-13
1642 2.94366e-13
1643 2.65761e-13
1644 2.39884e-13
1645 2.1648e-13
1646 1.95318e-13
1647 1.76186e-13
1648 1.58894e-13
1649 1.43269e-13
1650 1.29152e-13
1651 1.16401e-13
1652 1.04886e-13
1653 9.44904e-14
1654 8.51065e-14
1655 7.6638e-14
1656 6.89973e-14
1657 6.21049e-14
1658 5.5889e-14
1659 5.02844e-14
1660 4.52321e-14
1661 4.06786e-14
1662 3.65756e-14
1663 3.28794e-14
1664 2.95503e-14
1665 2.65525e-14
1666 2.38538e-14
1667 2.14246e-14
1668 1.92387e-14
1669 1.72721e-14
1670 1.55032e-14
1671 1.39124e-14
1672 1.24822e-14
1673 1.11966e-14
1674 1.00412e-14
1675 9.00307e-15
1676 8.07055e-15
1677 7.23305e-15
1678 6.48106e-15
1679 5.806e-15
1680 5.20012e-15
1681 4.65647e-15
1682 4.16875e-15
1683 3.7313e-15
1684 3.33904e-15
1685 2.98737e-15
1686 2.67216e-15
1687 2.38969e-15
1688 2.13662e-15
1689 1.90994e-15
1690 1.70694e-15
1691 1.52518e-15
1692 1.36248e-15
1693 1.21688e-15
1694 1.0866e-15
1695 9.70058e-16
1696 8.65829e-16
1697 7.72632e-16
1698 6.89317e-16
1699 6.14853e-16
1700 5.48315e-16
1701 4.88871e-16
1702 4.35777e-16
1703 3.88366e-16
1704 3.46038e-16
1705 3.08257e-16
1706 2.74541e-16
1707 2.4446e-16
1708 2.17627e-16
1709 1.93698e-16
1710 1.72363e-16
1711 1.53345e-16
1712 1.36395e-16
1713 1.21293e-16
1714 1.07839e-16
1715 9.58571e-17
1716 8.51879e-17
1717 7.56898e-17
1718 6.72361e-17
1719 5.97136e-17
1720 5.30213e-17
1721 4.70688e-17
1722 4.17754e-17
1723 3.70694e-17
1724 3.28863e-17
1725 2.91689e-17
1726 2.58661e-17
1727 2.29324e-17
1728 2.03269e-17
1729 1.80136e-17
1730 1.596e-17
1731 1.41375e-17
1732 1.25204e-17
1733 1.10859e-17
1734 9.81355e-18
1735 8.68537e-18
1736 7.68521e-18
1737 6.79875e-18
1738 6.01324e-18
1739 5.31732e-18
1740 4.70092e-18
1741 4.15508e-18
1742 3.67181e-18
1743 3.24405e-18
1744 2.8655e-18
1745 2.53057e-18
1746 2.2343e-18
1747 1.97229e-18
1748 1.74063e-18
1749 1.53584e-18
1750 1.35485e-18
1751 1.19493e-18
1752 1.05366e-18
1753 9.28888e-19
1754 8.18713e-19
1755 7.21448e-19
1756 6.35601e-19
1757 5.59847e-19
1758 4.93015e-19
1759 4.34066e-19
1760 3.82082e-19
1761 3.36251e-19
1762 2.95853e-19
1763 2.60252e-19
1764 2.28885e-19
1765 2.01255e-19
1766 1.76922e-19
1767 1.55497e-19
1768 1.36636e-19
1769 1.20037e-19
1770 1.05432e-19
1771 9.25837e-20
1772 8.12834e-20
1773 7.13467e-20
1774 6.26112e-20
1775 5.49332e-20
1776 4.81863e-20
1777 4.22588e-20
1778 3.70524e-20
1779 3.24804e-20
1780 2.84663e-20
1781 2.49428e-20
1782 2.18507e-20
1783 1.91378e-20
1784 1.6758e-20
1785 1.46709e-20
1786 1.2841e-20
1787 1.12369e-20
1788 9.831e-21
1789 8.59913e-21
1790 7.51998e-21
1791 6.57482e-21
1792 5.7472e-21
1793 5.02266e-21
1794 4.3885e-21
1795 3.83358e-21
1796 3.34809e-21
1797 2.92345e-21
1798 2.5521e-21
1799 2.22744e-21
1800 1.94366e-21
1801 1.69566e-21
1802 1.47898e-21
1803 1.28971e-21
1804 1.12441e-21
1805 9.80085e-22
1806 8.54098e-22
1807 7.44144e-22
1808 6.48203e-22
1809 5.64508e-22
1810 4.91512e-22
1811 4.27862e-22
1812 3.72373e-22
1813 3.24009e-22
1814 2.81866e-22
1815 2.4515e-22
1816 2.1317e-22
1817 1.85322e-22
1818 1.61076e-22
1819 1.39972e-22
1820 1.21606e-22
1821 1.05627e-22
1822 9.17276e-23
1823 7.96398e-23
1824 6.91297e-23
1825 5.99936e-23
1826 5.20534e-23
1827 4.51543e-23
1828 3.9161e-23
1829 3.39558e-23
1830 2.94359e-23
1831 2.55122e-23
1832 2.21066e-23
1833 1.91514e-23
1834 1.65877e-23
1835 1.4364e-23
1836 1.24356e-23
1837 1.07638e-23
1838 9.31474e-24
1839 8.05896e-24
1840 6.97095e-24
1841 6.02851e-24
1842 5.21234e-24
1843 4.50568e-24
1844 3.89397e-24
1845 3.36457e-24
1846 2.9065e-24
1847 2.51025e-24
1848 2.16755e-24
1849 1.87122e-24
1850 1.61505e-24
1851 1.39364e-24
1852 1.20232e-24
1853 1.03704e-24
1854 8.94279e-25
1855 7.71004e-25
1856 6.64577e-25
1857 5.72714e-25
1858 4.93442e-25
1859 4.25048e-25
1860 3.66054e-25
1861 3.15178e-25
1862 2.71314e-25
1863 2.33503e-25
1864 2.00918e-25
1865 1.72841e-25
1866 1.48656e-25
1867 1.27827e-25
1868 1.09892e-25
1869 9.44524e-26
1870 8.11644e-26
1871 6.97305e-26
1872 5.98942e-26
1873 5.14341e-26
1874 4.41593e-26
1875 3.79051e-26
1876 3.25295e-26
1877 2.79101e-26
1878 2.39415e-26
1879 2.05326e-26
1880 1.76053e-26
1881 1.50919e-26
1882 1.29346e-26
1883 1.10832e-26
1884 9.49466e-27
1885 8.13205e-27
1886 6.96345e-27
1887 5.96147e-27
1888 5.10255e-27
1889 4.36642e-27
1890 3.73567e-27
1891 3.19533e-27
1892 2.73254e-27
1893 2.33626e-27
1894 1.99702e-27
1895 1.70666e-27
1896 1.45819e-27
1897 1.24562e-27
1898 1.06381e-27
1899 9.08335e-28
1900 7.7541e-28
1901 6.61793e-28
1902 5.64697e-28
1903 4.81741e-28
1904 4.10881e-28
1905 3.50367e-28
1906 2.98699e-28
1907 2.54594e-28
1908 2.16954e-28
1909 1.84838e-28
1910 1.57441e-28
1911 1.34076e-28
1912 1.14153e-28
1913 9.71685e-29
1914 8.26931e-29
1915 7.03586e-29
1916 5.98507e-29
1917 5.09009e-29
1918 4.32798e-29
1919 3.67917e-29
1920 3.12693e-29
1921 2.65699e-29
1922 2.25718e-29
1923 1.91711e-29
1924 1.62791e-29
1925 1.38204e-29
1926 1.17304e-29
1927 9.95425e-30
1928 8.44519e-30
1929 7.16332e-30
1930 6.07466e-30
1931 5.15033e-30
1932 4.36568e-30
1933 3.69975e-30
1934 3.1347e-30
1935 2.65536e-30
1936 2.24883e-30
1937 1.90412e-30
1938 1.61188e-30
1939 1.3642e-30
1940 1.15432e-30
1941 9.76512e-31
1942 8.25909e-31
1943 6.98381e-31
1944 5.90414e-31
1945 4.99027e-31
1946 4.21692e-31
1947 3.56264e-31
1948 3.00918e-31
1949 2.54115e-31
1950 2.14545e-31
1951 1.81096e-31
1952 1.52828e-31
1953 1.28944e-31
1954 1.08768e-31
1955 9.17292e-32
1956 7.73419e-32
1957 6.51968e-32
1958 5.4947e-32
1959 4.6298e-32
1960 3.90017e-32
1961 3.28484e-32
1962 2.76596e-32
1963 2.32851e-32
1964 1.95981e-32
1965 1.64913e-32
1966 1.3874e-32
1967 1.16694e-32
1968 9.81296e-33
1969 8.25003e-33
1970 6.93448e-33
1971 5.8274e-33
1972 4.896e-33
1973 4.11254e-33
1974 3.45368e-33
1975 2.89973e-33
1976 2.43409e-33
1977 2.04277e-33
1978 1.71398e-33
1979 1.43779e-33
1980 1.20584e-33
1981 1.01108e-33
1982 8.47588e-34
1983 7.10373e-34
1984 5.95241e-34
1985 4.98658e-34
1986 4.17653e-34
1987 3.49728e-34
1988 2.92786e-34
1989 2.45061e-34
1990 2.05069e-34
1991 1.71565e-34
1992 1.43502e-34
1993 1.20004e-34
1994 1.00331e-34
1995 8.38639e-35
1996 7.00841e-35
1997 5.85555e-35
1998 4.8912e-35
1999 4.08479e-35
2000 3.41055e-35
2001 2.84696e-35
2002 2.37596e-35
2003 1.98244e-35
2004 1.65372e-35
2005 1.3792e-35
2006 1.14999e-35
2007 9.5864e-36
2008 7.9896e-36
2009 6.6572e-36
2010 5.54559e-36
2011 4.6186e-36
2012 3.84551e-36
2013 3.20115e-36
2014 2.66421e-36
2015 2.21666e-36
2016 1.84376e-36
2017 1.53321e-36
2018 1.27469e-36
2019 1.05944e-36
2020 8.80216e-37
2021 7.3112e-37
2022 6.07097e-37
2023 5.03904e-37
2024 4.18091e-37
2025 3.46761e-37
2026 2.87475e-37
2027 2.38196e-37
2028 1.97244e-37
2029 1.63238e-37
2030 1.35004e-37
2031 1.11555e-37
2032 9.20885e-38
2033 7.59401e-38
2034 6.25442e-38
2035 5.14304e-38
2036 4.22154e-38
2037 3.45791e-38
2038 2.8253e-38
2039 2.3015e-38
2040 1.86804e-38
2041 1.50961e-38
2042 1.21361e-38
2043 9.69536e-39
2044 7.68695e-39
2045 6.03908e-39
2046 4.69278e-39
2047 3.60023e-39
