0 1.32168e-68
1 1.30851e-68
2 1.36574e-68
3 1.49911e-68
4 1.72205e-68
5 2.05696e-68
6 2.53741e-68
7 3.21141e-68
8 4.14612e-68
9 5.43435e-68
10 7.20356e-68
11 9.62827e-68
12 1.29468e-67
13 1.74843e-67
14 2.36839e-67
15 3.21492e-67
16 4.37015e-67
17 5.94586e-67
18 8.09399e-67
19 1.10211e-66
20 1.50076e-66
21 2.04346e-66
22 2.78188e-66
23 3.78616e-66
24 5.15137e-66
25 7.00634e-66
26 9.52561e-66
27 1.29455e-65
28 1.75857e-65
29 2.38789e-65
30 3.24099e-65
31 4.39689e-65
32 5.96235e-65
33 8.08148e-65
34 1.09488e-64
35 1.48266e-64
36 2.00686e-64
37 2.71513e-64
38 3.67167e-64
39 4.96289e-64
40 6.70508e-64
41 9.05464e-64
42 1.22218e-63
43 1.64892e-63
44 2.22361e-63
45 2.9972e-63
46 4.03803e-63
47 5.43776e-63
48 7.31926e-63
49 9.84717e-63
50 1.3242e-62
51 1.77987e-62
52 2.39124e-62
53 3.21108e-62
54 4.30999e-62
55 5.78226e-62
56 7.75379e-62
57 1.03926e-61
58 1.3923e-61
59 1.86439e-61
60 2.49537e-61
61 3.33832e-61
62 4.46391e-61
63 5.96621e-61
64 7.97032e-61
65 1.06426e-60
66 1.42041e-60
67 1.89485e-60
68 2.52656e-60
69 3.36727e-60
70 4.48561e-60
71 5.97252e-60
72 7.94855e-60
73 1.05733e-59
74 1.40582e-59
75 1.86827e-59
76 2.48167e-59
77 3.2949e-59
78 4.37252e-59
79 5.79983e-59
80 7.68938e-59
81 1.01897e-58
82 1.34965e-58
83 1.7868e-58
84 2.36441e-58
85 3.12724e-58
86 4.13422e-58
87 5.46282e-58
88 7.21493e-58
89 9.52446e-58
90 1.25672e-57
91 1.65742e-57
92 2.18482e-57
93 2.87866e-57
94 3.79104e-57
95 4.99019e-57
96 6.56549e-57
97 8.63395e-57
98 1.13486e-56
99 1.49097e-56
100 1.95788e-56
101 2.56977e-56
102 3.37127e-56
103 4.42063e-56
104 5.79385e-56
105 7.58999e-56
106 9.93818e-56
107 1.30066e-55
108 1.70142e-55
109 2.2246e-55
110 2.90726e-55
111 3.79759e-55
112 4.95819e-55
113 6.47038e-55
114 8.43973e-55
115 1.10032e-54
116 1.43384e-54
117 1.86757e-54
118 2.43133e-54
119 3.16375e-54
120 4.11485e-54
121 5.34932e-54
122 6.95081e-54
123 9.02745e-54
124 1.17189e-53
125 1.52056e-53
126 1.97204e-53
127 2.55634e-53
128 3.3122e-53
129 4.28952e-53
130 5.55258e-53
131 7.18416e-53
132 9.29079e-53
133 1.20095e-52
134 1.55164e-52
135 2.00381e-52
136 2.58652e-52
137 3.33713e-52
138 4.30356e-52
139 5.54727e-52
140 7.1471e-52
141 9.20404e-52
142 1.18475e-51
143 1.52431e-51
144 1.9603e-51
145 2.51983e-51
146 3.23758e-51
147 4.15788e-51
148 5.33737e-51
149 6.84833e-51
150 8.78307e-51
151 1.12593e-50
152 1.44273e-50
153 1.84783e-50
154 2.36563e-50
155 3.02719e-50
156 3.87205e-50
157 4.95053e-50
158 6.32664e-50
159 8.08176e-50
160 1.03193e-49
161 1.31707e-49
162 1.68028e-49
163 2.14275e-49
164 2.73134e-49
165 3.48016e-49
166 4.43242e-49
167 5.6429e-49
168 7.18102e-49
169 9.13465e-49
170 1.16151e-48
171 1.47631e-48
172 1.87568e-48
173 2.38215e-48
174 3.02419e-48
175 3.83778e-48
176 4.86836e-48
177 6.17334e-48
178 7.82516e-48
179 9.91524e-48
180 1.25589e-47
181 1.59016e-47
182 2.01267e-47
183 2.54652e-47
184 3.22084e-47
185 4.07227e-47
186 5.147e-47
187 6.50312e-47
188 8.21377e-47
189 1.03709e-46
190 1.30903e-46
191 1.65173e-46
192 2.08348e-46
193 2.62725e-46
194 3.31189e-46
195 4.17366e-46
196 5.25807e-46
197 6.62223e-46
198 8.33784e-46
199 1.04948e-45
200 1.32061e-45
201 1.6613e-45
202 2.0893e-45
203 2.62684e-45
204 3.30179e-45
205 4.14905e-45
206 5.21235e-45
207 6.54644e-45
208 8.21989e-45
209 1.03185e-44
210 1.29497e-44
211 1.62479e-44
212 2.03812e-44
213 2.55598e-44
214 3.20467e-44
215 4.01706e-44
216 5.03423e-44
217 6.30752e-44
218 7.90109e-44
219 9.89506e-44
220 1.23895e-43
221 1.55094e-43
222 1.94107e-43
223 2.42881e-43
224 3.03846e-43
225 3.80032e-43
226 4.7522e-43
227 5.94125e-43
228 7.42625e-43
229 9.28047e-43
230 1.15952e-42
231 1.44843e-42
232 1.80893e-42
233 2.25869e-42
234 2.81968e-42
235 3.51925e-42
236 4.39145e-42
237 5.47863e-42
238 6.8335e-42
239 8.52156e-42
240 1.06243e-41
241 1.3243e-41
242 1.65034e-41
243 2.05619e-41
244 2.56127e-41
245 3.18968e-41
246 3.97134e-41
247 4.9434e-41
248 6.15192e-41
249 7.65405e-41
250 9.52064e-41
251 1.18395e-40
252 1.47195e-40
253 1.82954e-40
254 2.27342e-40
255 2.82426e-40
256 3.50764e-40
257 4.35522e-40
258 5.40616e-40
259 6.70886e-40
260 8.32318e-40
261 1.03231e-39
262 1.27998e-39
263 1.58663e-39
264 1.96618e-39
265 2.43582e-39
266 3.01673e-39
267 3.73508e-39
268 4.62309e-39
269 5.72049e-39
270 7.07622e-39
271 8.75055e-39
272 1.08177e-38
273 1.33689e-38
274 1.65167e-38
275 2.03991e-38
276 2.5186e-38
277 3.10863e-38
278 3.83564e-38
279 4.73114e-38
280 5.83381e-38
281 7.19111e-38
282 8.86129e-38
283 1.09158e-37
284 1.34422e-37
285 1.65478e-37
286 2.03642e-37
287 2.50525e-37
288 3.08098e-37
289 3.78778e-37
290 4.65516e-37
291 5.71929e-37
292 7.02433e-37
293 8.62432e-37
294 1.05853e-36
295 1.29878e-36
296 1.59305e-36
297 1.95335e-36
298 2.39436e-36
299 2.934e-36
300 3.5941e-36
301 4.40132e-36
302 5.38813e-36
303 6.59411e-36
304 8.06749e-36
305 9.86703e-36
306 1.20643e-35
307 1.47463e-35
308 1.80192e-35
309 2.20119e-35
310 2.68813e-35
311 3.28183e-35
312 4.00549e-35
313 4.88733e-35
314 5.96162e-35
315 7.27001e-35
316 8.8631e-35
317 1.08023e-34
318 1.31623e-34
319 1.60336e-34
320 1.95261e-34
321 2.37732e-34
322 2.89366e-34
323 3.52125e-34
324 4.28389e-34
325 5.21041e-34
326 6.33577e-34
327 7.70233e-34
328 9.36142e-34
329 1.13752e-33
330 1.38189e-33
331 1.67838e-33
332 2.03802e-33
333 2.47415e-33
334 3.00295e-33
335 3.64396e-33
336 4.42083e-33
337 5.36214e-33
338 6.50248e-33
339 7.88363e-33
340 9.55609e-33
341 1.15809e-32
342 1.40317e-32
343 1.69975e-32
344 2.05858e-32
345 2.49264e-32
346 3.01758e-32
347 3.65228e-32
348 4.41954e-32
349 5.34683e-32
350 6.46728e-32
351 7.82084e-32
352 9.45561e-32
353 1.14296e-31
354 1.38126e-31
355 1.66887e-31
356 2.0159e-31
357 2.43455e-31
358 2.93946e-31
359 3.54826e-31
360 4.28213e-31
361 5.16654e-31
362 6.23211e-31
363 7.5156e-31
364 9.06116e-31
365 1.09218e-30
366 1.31612e-30
367 1.58555e-30
368 1.90965e-30
369 2.29939e-30
370 2.76791e-30
371 3.331e-30
372 4.00752e-30
373 4.82009e-30
374 5.79578e-30
375 6.96697e-30
376 8.3724e-30
377 1.00584e-29
378 1.20803e-29
379 1.45042e-29
380 1.74093e-29
381 2.08898e-29
382 2.50584e-29
383 3.00494e-29
384 3.60232e-29
385 4.31708e-29
386 5.17201e-29
387 6.19425e-29
388 7.41612e-29
389 8.87612e-29
390 1.06201e-28
391 1.27025e-28
392 1.51882e-28
393 1.81543e-28
394 2.16924e-28
395 2.59114e-28
396 3.09406e-28
397 3.69336e-28
398 4.40726e-28
399 5.25739e-28
400 6.2694e-28
401 7.47372e-28
402 8.90641e-28
403 1.06102e-27
404 1.26358e-27
405 1.5043e-27
406 1.7903e-27
407 2.12997e-27
408 2.53326e-27
409 3.01194e-27
410 3.57992e-27
411 4.25364e-27
412 5.05256e-27
413 5.99965e-27
414 7.12205e-27
415 8.45183e-27
416 1.00268e-26
417 1.18918e-26
418 1.40994e-26
419 1.67119e-26
420 1.98027e-26
421 2.34585e-26
422 2.77812e-26
423 3.28914e-26
424 3.89308e-26
425 4.60667e-26
426 5.4496e-26
427 6.44508e-26
428 7.62043e-26
429 9.00783e-26
430 1.06452e-25
431 1.2577e-25
432 1.48558e-25
433 1.75433e-25
434 2.07121e-25
435 2.44476e-25
436 2.88503e-25
437 3.40381e-25
438 4.01499e-25
439 4.73488e-25
440 5.58264e-25
441 6.58079e-25
442 7.75576e-25
443 9.13861e-25
444 1.07658e-24
445 1.26801e-24
446 1.49318e-24
447 1.75798e-24
448 2.06931e-24
449 2.4353e-24
450 2.86544e-24
451 3.37088e-24
452 3.96469e-24
453 4.66215e-24
454 5.48121e-24
455 6.44285e-24
456 7.57166e-24
457 8.89641e-24
458 1.04508e-23
459 1.22741e-23
460 1.44125e-23
461 1.69198e-23
462 1.98589e-23
463 2.33034e-23
464 2.73392e-23
465 3.20666e-23
466 3.76027e-23
467 4.40841e-23
468 5.16701e-23
469 6.05467e-23
470 7.09304e-23
471 8.30737e-23
472 9.72706e-23
473 1.13863e-22
474 1.33251e-22
475 1.55896e-22
476 1.82339e-22
477 2.13205e-22
478 2.49225e-22
479 2.91243e-22
480 3.40242e-22
481 3.97363e-22
482 4.63929e-22
483 5.41474e-22
484 6.31776e-22
485 7.36897e-22
486 8.59224e-22
487 1.00152e-21
488 1.16698e-21
489 1.35931e-21
490 1.58278e-21
491 1.84233e-21
492 2.14368e-21
493 2.49342e-21
494 2.89915e-21
495 3.36966e-21
496 3.91508e-21
497 4.54707e-21
498 5.27908e-21
499 6.12661e-21
500 7.10748e-21
501 8.24223e-21
502 9.55445e-21
503 1.10713e-20
504 1.2824e-20
505 1.48484e-20
506 1.71857e-20
507 1.98831e-20
508 2.2995e-20
509 2.65836e-20
510 3.07203e-20
511 3.54869e-20
512 4.09775e-20
513 4.72993e-20
514 5.45757e-20
515 6.29476e-20
516 7.25764e-20
517 8.36469e-20
518 9.63704e-20
519 1.10989e-19
520 1.27778e-19
521 1.47054e-19
522 1.69179e-19
523 1.94565e-19
524 2.23682e-19
525 2.57071e-19
526 2.95346e-19
527 3.39208e-19
528 3.8946e-19
529 4.47016e-19
530 5.1292e-19
531 5.88364e-19
532 6.74707e-19
533 7.73499e-19
534 8.8651e-19
535 1.01576e-18
536 1.16354e-18
537 1.33248e-18
538 1.52557e-18
539 1.74622e-18
540 1.99831e-18
541 2.28629e-18
542 2.61519e-18
543 2.99077e-18
544 3.4196e-18
545 3.90914e-18
546 4.46792e-18
547 5.10564e-18
548 5.83334e-18
549 6.66364e-18
550 7.61086e-18
551 8.69135e-18
552 9.92371e-18
553 1.13291e-17
554 1.29317e-17
555 1.47589e-17
556 1.68419e-17
557 1.92164e-17
558 2.19228e-17
559 2.50071e-17
560 2.85216e-17
561 3.25259e-17
562 3.70877e-17
563 4.22838e-17
564 4.82018e-17
565 5.49409e-17
566 6.26139e-17
567 7.13489e-17
568 8.12912e-17
569 9.26058e-17
570 1.0548e-16
571 1.20125e-16
572 1.36783e-16
573 1.55725e-16
574 1.7726e-16
575 2.01738e-16
576 2.29554e-16
577 2.61155e-16
578 2.97046e-16
579 3.37801e-16
580 3.84063e-16
581 4.36562e-16
582 4.9612e-16
583 5.63665e-16
584 6.40242e-16
585 7.27029e-16
586 8.25351e-16
587 9.36703e-16
588 1.06276e-15
589 1.20541e-15
590 1.36677e-15
591 1.54922e-15
592 1.75543e-15
593 1.98839e-15
594 2.25145e-15
595 2.54835e-15
596 2.88331e-15
597 3.26101e-15
598 3.68669e-15
599 4.16621e-15
600 4.7061e-15
601 5.31365e-15
602 5.99696e-15
603 6.76507e-15
604 7.62803e-15
605 8.59701e-15
606 9.68441e-15
607 1.0904e-14
608 1.22711e-14
609 1.38026e-14
610 1.55172e-14
611 1.74357e-14
612 1.9581e-14
613 2.19786e-14
614 2.46563e-14
615 2.7645e-14
616 3.09787e-14
617 3.46951e-14
618 3.88352e-14
619 4.34444e-14
620 4.85727e-14
621 5.42748e-14
622 6.06108e-14
623 6.76465e-14
624 7.54543e-14
625 8.4113e-14
626 9.37093e-14
627 1.04338e-13
628 1.16102e-13
629 1.29114e-13
630 1.43498e-13
631 1.59389e-13
632 1.76931e-13
633 1.96286e-13
634 2.17627e-13
635 2.41143e-13
636 2.67041e-13
637 2.95543e-13
638 3.26894e-13
639 3.61358e-13
640 3.99223e-13
641 4.408e-13
642 4.8643e-13
643 5.3648e-13
644 5.91351e-13
645 6.51477e-13
646 7.17331e-13
647 7.89426e-13
648 8.68319e-13
649 9.54616e-13
650 1.04898e-12
651 1.15212e-12
652 1.26482e-12
653 1.38794e-12
654 1.52239e-12
655 1.6692e-12
656 1.82946e-12
657 2.00439e-12
658 2.19531e-12
659 2.40365e-12
660 2.63102e-12
661 2.87914e-12
662 3.14993e-12
663 3.4455e-12
664 3.76816e-12
665 4.12046e-12
666 4.50522e-12
667 4.92555e-12
668 5.3849e-12
669 5.88708e-12
670 6.43631e-12
671 7.03728e-12
672 7.69519e-12
673 8.41583e-12
674 9.20562e-12
675 1.00717e-11
676 1.10221e-11
677 1.20656e-11
678 1.32121e-11
679 1.44727e-11
680 1.58597e-11
681 1.73867e-11
682 1.90691e-11
683 2.09238e-11
684 2.29701e-11
685 2.5229e-11
686 2.77242e-11
687 3.04822e-11
688 3.35325e-11
689 3.69076e-11
690 4.06443e-11
691 4.47832e-11
692 4.93695e-11
693 5.44536e-11
694 6.00914e-11
695 6.63451e-11
696 7.32837e-11
697 8.09838e-11
698 8.95302e-11
699 9.9017e-11
700 1.09548e-10
701 1.21239e-10
702 1.34217e-10
703 1.48622e-10
704 1.64609e-10
705 1.82349e-10
706 2.0203e-10
707 2.2386e-10
708 2.48065e-10
709 2.74896e-10
710 3.04627e-10
711 3.37558e-10
712 3.74018e-10
713 4.14367e-10
714 4.58998e-10
715 5.0834e-10
716 5.62862e-10
717 6.23073e-10
718 6.89529e-10
719 7.62831e-10
720 8.43636e-10
721 9.32654e-10
722 1.03065e-09
723 1.13847e-09
724 1.257e-09
725 1.38721e-09
726 1.53017e-09
727 1.68699e-09
728 1.85889e-09
729 2.04717e-09
730 2.25325e-09
731 2.47863e-09
732 2.7249e-09
733 2.9938e-09
734 3.28717e-09
735 3.60697e-09
736 3.95529e-09
737 4.33435e-09
738 4.74651e-09
739 5.1943e-09
740 5.68036e-09
741 6.20751e-09
742 6.77872e-09
743 7.39712e-09
744 8.06603e-09
745 8.78892e-09
746 9.56943e-09
747 1.04114e-08
748 1.13188e-08
749 1.22959e-08
750 1.33471e-08
751 1.44768e-08
752 1.56898e-08
753 1.69911e-08
754 1.83856e-08
755 1.98788e-08
756 2.14759e-08
757 2.31827e-08
758 2.50047e-08
759 2.6948e-08
760 2.90184e-08
761 3.12222e-08
762 3.35655e-08
763 3.60547e-08
764 3.86961e-08
765 4.14962e-08
766 4.44614e-08
767 4.75983e-08
768 5.09132e-08
769 5.44126e-08
770 5.81028e-08
771 6.19901e-08
772 6.60806e-08
773 7.03803e-08
774 7.4895e-08
775 7.96302e-08
776 8.45914e-08
777 8.97835e-08
778 9.52114e-08
779 1.0088e-07
780 1.06792e-07
781 1.12953e-07
782 1.19365e-07
783 1.26032e-07
784 1.32956e-07
785 1.4014e-07
786 1.47585e-07
787 1.55294e-07
788 1.63267e-07
789 1.71506e-07
790 1.80011e-07
791 1.88784e-07
792 1.97825e-07
793 2.07136e-07
794 2.16718e-07
795 2.26574e-07
796 2.36705e-07
797 2.47116e-07
798 2.57813e-07
799 2.68801e-07
800 2.8009e-07
801 2.91692e-07
802 3.03619e-07
803 3.15892e-07
804 3.2853e-07
805 3.41563e-07
806 3.55021e-07
807 3.68945e-07
808 3.83381e-07
809 3.98383e-07
810 4.14018e-07
811 4.3036e-07
812 4.47498e-07
813 4.65534e-07
814 4.84585e-07
815 5.04785e-07
816 5.26289e-07
817 5.49271e-07
818 5.73931e-07
819 6.00493e-07
820 6.29211e-07
821 6.6037e-07
822 6.94289e-07
823 7.31328e-07
824 7.71884e-07
825 8.16402e-07
826 8.65376e-07
827 9.19353e-07
828 9.78938e-07
829 1.0448e-06
830 1.11768e-06
831 1.19837e-06
832 1.28779e-06
833 1.38689e-06
834 1.49674e-06
835 1.61852e-06
836 1.7535e-06
837 1.90306e-06
838 2.06871e-06
839 2.25209e-06
840 2.45498e-06
841 2.6793e-06
842 2.92715e-06
843 3.20077e-06
844 3.50259e-06
845 3.83525e-06
846 4.20157e-06
847 4.60457e-06
848 5.04754e-06
849 5.53397e-06
850 6.06762e-06
851 6.65252e-06
852 7.29296e-06
853 7.99356e-06
854 8.75923e-06
855 9.59521e-06
856 1.05071e-05
857 1.15008e-05
858 1.25827e-05
859 1.37595e-05
860 1.50384e-05
861 1.64268e-05
862 1.7933e-05
863 1.95652e-05
864 2.13327e-05
865 2.32448e-05
866 2.53116e-05
867 2.75438e-05
868 2.99525e-05
869 3.25495e-05
870 3.53473e-05
871 3.83589e-05
872 4.1598e-05
873 4.5079e-05
874 4.88172e-05
875 5.28284e-05
876 5.71292e-05
877 6.17372e-05
878 6.66705e-05
879 7.19483e-05
880 7.75905e-05
881 8.36179e-05
882 9.00523e-05
883 9.69164e-05
884 0.000104234
885 0.000112029
886 0.000120328
887 0.000129157
888 0.000138544
889 0.000148518
890 0.000159108
891 0.000170345
892 0.000182261
893 0.000194891
894 0.000208267
895 0.000222426
896 0.000237404
897 0.000253239
898 0.00026997
899 0.000287638
900 0.000306284
901 0.000325951
902 0.000346683
903 0.000368526
904 0.000391525
905 0.00041573
906 0.000441188
907 0.000467951
908 0.00049607
909 0.000525597
910 0.000556587
911 0.000589096
912 0.000623179
913 0.000658894
914 0.0006963
915 0.000735457
916 0.000776426
917 0.000819269
918 0.00086405
919 0.000910832
920 0.000959681
921 0.00101066
922 0.00106385
923 0.00111929
924 0.00117708
925 0.00123727
926 0.00129994
927 0.00136515
928 0.00143298
929 0.0015035
930 0.00157678
931 0.00165289
932 0.0017319
933 0.0018139
934 0.00189894
935 0.00198711
936 0.00207847
937 0.0021731
938 0.00227107
939 0.00237244
940 0.0024773
941 0.00258571
942 0.00269773
943 0.00281345
944 0.00293291
945 0.0030562
946 0.00318337
947 0.00331449
948 0.00344961
949 0.0035888
950 0.00373211
951 0.0038796
952 0.00403133
953 0.00418733
954 0.00434767
955 0.00451238
956 0.0046815
957 0.00485508
958 0.00503316
959 0.00521575
960 0.0054029
961 0.00559463
962 0.00579095
963 0.00599189
964 0.00619746
965 0.00640766
966 0.00662251
967 0.00684199
968 0.00706611
969 0.00729486
970 0.00752821
971 0.00776615
972 0.00800865
973 0.00825568
974 0.00850719
975 0.00876316
976 0.00902352
977 0.00928823
978 0.00955721
979 0.00983041
980 0.0101077
981 0.0103891
982 0.0106745
983 0.0109637
984 0.0112568
985 0.0115535
986 0.0118537
987 0.0121574
988 0.0124644
989 0.0127746
990 0.0130878
991 0.0134039
992 0.0137227
993 0.0140441
994 0.014368
995 0.014694
996 0.0150221
997 0.0153522
998 0.0156838
999 0.016017
1000 0.0163515
1001 0.016687
1002 0.0170234
1003 0.0173604
1004 0.0176979
1005 0.0180356
1006 0.0183732
1007 0.0187105
1008 0.0190473
1009 0.0193833
1010 0.0197183
1011 0.020052
1012 0.0203842
1013 0.0207147
1014 0.021043
1015 0.0213691
1016 0.0216925
1017 0.0220132
1018 0.0223307
1019 0.0226448
1020 0.0229553
1021 0.0232618
1022 0.0235642
1023 0.0238621
1024 0.0241553
1025 0.0244435
1026 0.0247265
1027 0.025004
1028 0.0252756
1029 0.0255413
1030 0.0258007
1031 0.0260536
1032 0.0262997
1033 0.0265388
1034 0.0267707
1035 0.0269952
1036 0.0272119
1037 0.0274208
1038 0.0276216
1039 0.027814
1040 0.027998
1041 0.0281733
1042 0.0283397
1043 0.0284971
1044 0.0286454
1045 0.0287842
1046 0.0289136
1047 0.0290334
1048 0.0291434
1049 0.0292435
1050 0.0293337
1051 0.0294138
1052 0.0294838
1053 0.0295435
1054 0.029593
1055 0.0296322
1056 0.0296609
1057 0.0296793
1058 0.0296872
1059 0.0296847
1060 0.0296717
1061 0.0296484
1062 0.0296146
1063 0.0295705
1064 0.0295161
1065 0.0294514
1066 0.0293765
1067 0.0292915
1068 0.0291965
1069 0.0290916
1070 0.0289768
1071 0.0288524
1072 0.0287184
1073 0.028575
1074 0.0284223
1075 0.0282604
1076 0.0280896
1077 0.0279101
1078 0.0277219
1079 0.0275254
1080 0.0273206
1081 0.0271078
1082 0.0268872
1083 0.0266591
1084 0.0264236
1085 0.026181
1086 0.0259315
1087 0.0256754
1088 0.0254128
1089 0.0251441
1090 0.0248696
1091 0.0245894
1092 0.0243038
1093 0.0240131
1094 0.0237175
1095 0.0234174
1096 0.023113
1097 0.0228045
1098 0.0224923
1099 0.0221765
1100 0.0218575
1101 0.0215356
1102 0.0212109
1103 0.0208839
1104 0.0205547
1105 0.0202236
1106 0.0198908
1107 0.0195567
1108 0.0192214
1109 0.0188853
1110 0.0185486
1111 0.0182116
1112 0.0178743
1113 0.0175372
1114 0.0172005
1115 0.0168643
1116 0.0165289
1117 0.0161946
1118 0.0158614
1119 0.0155297
1120 0.0151996
1121 0.0148713
1122 0.0145451
1123 0.014221
1124 0.0138994
1125 0.0135802
1126 0.0132638
1127 0.0129502
1128 0.0126397
1129 0.0123323
1130 0.0120281
1131 0.0117275
1132 0.0114303
1133 0.0111368
1134 0.0108471
1135 0.0105612
1136 0.0102793
1137 0.0100014
1138 0.0097277
1139 0.00945819
1140 0.00919295
1141 0.00893205
1142 0.00867554
1143 0.00842348
1144 0.00817591
1145 0.00793287
1146 0.00769439
1147 0.00746049
1148 0.0072312
1149 0.00700654
1150 0.0067865
1151 0.0065711
1152 0.00636034
1153 0.00615422
1154 0.00595272
1155 0.00575582
1156 0.00556352
1157 0.00537579
1158 0.0051926
1159 0.00501392
1160 0.00483973
1161 0.00466997
1162 0.00450462
1163 0.00434363
1164 0.00418694
1165 0.00403452
1166 0.00388632
1167 0.00374227
1168 0.00360232
1169 0.00346641
1170 0.00333448
1171 0.00320647
1172 0.00308232
1173 0.00296196
1174 0.00284532
1175 0.00273234
1176 0.00262294
1177 0.00251706
1178 0.00241463
1179 0.00231557
1180 0.00221982
1181 0.00212729
1182 0.00203793
1183 0.00195165
1184 0.00186839
1185 0.00178806
1186 0.00171061
1187 0.00163595
1188 0.00156401
1189 0.00149473
1190 0.00142803
1191 0.00136383
1192 0.00130208
1193 0.00124271
1194 0.00118563
1195 0.00113079
1196 0.00107812
1197 0.00102756
1198 0.000979029
1199 0.000932475
1200 0.000887833
1201 0.00084504
1202 0.000804036
1203 0.000764762
1204 0.000727158
1205 0.000691169
1206 0.000656738
1207 0.000623811
1208 0.000592333
1209 0.000562252
1210 0.000533519
1211 0.000506081
1212 0.000479893
1213 0.000454905
1214 0.000431072
1215 0.00040835
1216 0.000386694
1217 0.000366063
1218 0.000346415
1219 0.000327711
1220 0.000309912
1221 0.000292981
1222 0.000276881
1223 0.000261578
1224 0.000247037
1225 0.000233225
1226 0.000220112
1227 0.000207665
1228 0.000195857
1229 0.000184658
1230 0.00017404
1231 0.000163978
1232 0.000154445
1233 0.000145418
1234 0.000136873
1235 0.000128786
1236 0.000121136
1237 0.000113903
1238 0.000107065
1239 0.000100604
1240 9.45015e-05
1241 8.87393e-05
1242 8.33005e-05
1243 7.81689e-05
1244 7.33288e-05
1245 6.87655e-05
1246 6.44646e-05
1247 6.04124e-05
1248 5.65961e-05
1249 5.30032e-05
1250 4.96218e-05
1251 4.64407e-05
1252 4.3449e-05
1253 4.06365e-05
1254 3.79934e-05
1255 3.55104e-05
1256 3.31786e-05
1257 3.09897e-05
1258 2.89356e-05
1259 2.70087e-05
1260 2.52017e-05
1261 2.35078e-05
1262 2.19206e-05
1263 2.04337e-05
1264 1.90415e-05
1265 1.77382e-05
1266 1.65186e-05
1267 1.53779e-05
1268 1.43112e-05
1269 1.33141e-05
1270 1.23824e-05
1271 1.15121e-05
1272 1.06995e-05
1273 9.941e-06
1274 9.23322e-06
1275 8.57303e-06
1276 7.95744e-06
1277 7.38364e-06
1278 6.84898e-06
1279 6.35096e-06
1280 5.88724e-06
1281 5.45559e-06
1282 5.05396e-06
1283 4.68036e-06
1284 4.33298e-06
1285 4.01008e-06
1286 3.71004e-06
1287 3.43134e-06
1288 3.17255e-06
1289 2.93233e-06
1290 2.70943e-06
1291 2.50266e-06
1292 2.31093e-06
1293 2.1332e-06
1294 1.96851e-06
1295 1.81595e-06
1296 1.67468e-06
1297 1.5439e-06
1298 1.42288e-06
1299 1.31093e-06
1300 1.2074e-06
1301 1.11169e-06
1302 1.02324e-06
1303 9.41535e-07
1304 8.66076e-07
1305 7.96412e-07
1306 7.32119e-07
1307 6.72804e-07
1308 6.18098e-07
1309 5.67662e-07
1310 5.21177e-07
1311 4.78348e-07
1312 4.389e-07
1313 4.02579e-07
1314 3.69148e-07
1315 3.38387e-07
1316 3.10092e-07
1317 2.84074e-07
1318 2.60158e-07
1319 2.38181e-07
1320 2.17992e-07
1321 1.99453e-07
1322 1.82434e-07
1323 1.66815e-07
1324 1.52486e-07
1325 1.39344e-07
1326 1.27296e-07
1327 1.16253e-07
1328 1.06136e-07
1329 9.68687e-08
1330 8.83837e-08
1331 8.0617e-08
1332 7.35102e-08
1333 6.70092e-08
1334 6.10644e-08
1335 5.56299e-08
1336 5.06635e-08
1337 4.61264e-08
1338 4.19827e-08
1339 3.81995e-08
1340 3.47466e-08
1341 3.15962e-08
1342 2.87226e-08
1343 2.61025e-08
1344 2.37141e-08
1345 2.15376e-08
1346 1.9555e-08
1347 1.77495e-08
1348 1.61057e-08
1349 1.46098e-08
1350 1.32487e-08
1351 1.20108e-08
1352 1.08853e-08
1353 9.86225e-09
1354 8.93264e-09
1355 8.08819e-09
1356 7.32136e-09
1357 6.62521e-09
1358 5.99345e-09
1359 5.42028e-09
1360 4.90044e-09
1361 4.42912e-09
1362 4.00192e-09
1363 3.61482e-09
1364 3.26419e-09
1365 2.94667e-09
1366 2.65923e-09
1367 2.39911e-09
1368 2.16377e-09
1369 1.95093e-09
1370 1.7585e-09
1371 1.58456e-09
1372 1.4274e-09
1373 1.28544e-09
1374 1.15725e-09
1375 1.04152e-09
1376 9.37086e-10
1377 8.42867e-10
1378 7.57893e-10
1379 6.81279e-10
1380 6.12225e-10
1381 5.50004e-10
1382 4.93957e-10
1383 4.43487e-10
1384 3.98053e-10
1385 3.57166e-10
1386 3.20382e-10
1387 2.87299e-10
1388 2.57555e-10
1389 2.3082e-10
1390 2.06797e-10
1391 1.85219e-10
1392 1.65842e-10
1393 1.48448e-10
1394 1.32837e-10
1395 1.18833e-10
1396 1.06272e-10
1397 9.50108e-11
1398 8.4917e-11
1399 7.58726e-11
1400 6.7771e-11
1401 6.05162e-11
1402 5.40218e-11
1403 4.82097e-11
1404 4.30099e-11
1405 3.83594e-11
1406 3.42014e-11
1407 3.0485e-11
1408 2.71642e-11
1409 2.41978e-11
1410 2.15489e-11
1411 1.91842e-11
1412 1.70738e-11
1413 1.5191e-11
1414 1.35118e-11
1415 1.20146e-11
1416 1.06801e-11
1417 9.49095e-12
1418 8.4317e-12
1419 7.48842e-12
1420 6.64867e-12
1421 5.90134e-12
1422 5.23644e-12
1423 4.64507e-12
1424 4.11925e-12
1425 3.65187e-12
1426 3.23656e-12
1427 2.86762e-12
1428 2.53999e-12
1429 2.24912e-12
1430 1.99098e-12
1431 1.76194e-12
1432 1.55878e-12
1433 1.37865e-12
1434 1.21897e-12
1435 1.07747e-12
1436 9.52113e-13
1437 8.41095e-13
1438 7.42804e-13
1439 6.55807e-13
1440 5.7883e-13
1441 5.1074e-13
1442 4.50527e-13
1443 3.97298e-13
1444 3.50256e-13
1445 3.08694e-13
1446 2.71986e-13
1447 2.39573e-13
1448 2.10962e-13
1449 1.85714e-13
1450 1.63441e-13
1451 1.43797e-13
1452 1.26479e-13
1453 1.11214e-13
1454 9.77633e-14
1455 8.5915e-14
1456 7.54811e-14
1457 6.62954e-14
1458 5.8211e-14
1459 5.10979e-14
1460 4.48413e-14
1461 3.93396e-14
1462 3.45032e-14
1463 3.02528e-14
1464 2.65185e-14
1465 2.32386e-14
1466 2.03587e-14
1467 1.78306e-14
1468 1.56121e-14
1469 1.36658e-14
1470 1.19587e-14
1471 1.0462e-14
1472 9.15002e-15
1473 8.00035e-15
1474 6.99317e-15
1475 6.11108e-15
1476 5.33877e-15
1477 4.66276e-15
1478 4.07122e-15
1479 3.55373e-15
1480 3.10116e-15
1481 2.70547e-15
1482 2.35962e-15
1483 2.0574e-15
1484 1.79339e-15
1485 1.56283e-15
1486 1.36153e-15
1487 1.18584e-15
1488 1.03252e-15
1489 8.98783e-16
1490 7.82148e-16
1491 6.80461e-16
1492 5.9183e-16
1493 5.14601e-16
1494 4.47325e-16
1495 3.88737e-16
1496 3.37729e-16
1497 2.93333e-16
1498 2.54702e-16
1499 2.21097e-16
1500 1.91872e-16
1501 1.66465e-16
1502 1.44381e-16
1503 1.25193e-16
1504 1.08524e-16
1505 9.4049e-17
1506 8.14818e-17
1507 7.05742e-17
1508 6.11097e-17
1509 5.28997e-17
1510 4.578e-17
1511 3.96074e-17
1512 3.42576e-17
1513 2.96221e-17
1514 2.56067e-17
1515 2.21294e-17
1516 1.9119e-17
1517 1.65135e-17
1518 1.4259e-17
1519 1.23089e-17
1520 1.06226e-17
1521 9.16467e-18
1522 7.90465e-18
1523 6.81596e-18
1524 5.87556e-18
1525 5.06349e-18
1526 4.36244e-18
1527 3.75739e-18
1528 3.23536e-18
1529 2.78507e-18
1530 2.39678e-18
1531 2.06205e-18
1532 1.77357e-18
1533 1.52501e-18
1534 1.31093e-18
1535 1.12658e-18
1536 9.67887e-19
1537 8.31314e-19
1538 7.13812e-19
1539 6.12747e-19
1540 5.25845e-19
1541 4.51141e-19
1542 3.86942e-19
1543 3.31786e-19
1544 2.84413e-19
1545 2.43736e-19
1546 2.08818e-19
1547 1.78853e-19
1548 1.53145e-19
1549 1.31097e-19
1550 1.12191e-19
1551 9.59853e-20
1552 8.20977e-20
1553 7.02e-20
1554 6.001e-20
1555 5.12849e-20
1556 4.38164e-20
1557 3.74252e-20
1558 3.19575e-20
1559 2.72811e-20
1560 2.32826e-20
1561 1.98647e-20
1562 1.6944e-20
1563 1.44487e-20
1564 1.23176e-20
1565 1.04979e-20
1566 8.94465e-21
1567 7.61913e-21
1568 6.48828e-21
1569 5.52378e-21
1570 4.70139e-21
1571 4.00036e-21
1572 3.40294e-21
1573 2.89396e-21
1574 2.46045e-21
1575 2.09132e-21
1576 1.77709e-21
1577 1.50967e-21
1578 1.28215e-21
1579 1.08863e-21
1580 9.24074e-22
1581 7.84181e-22
1582 6.65289e-22
1583 5.64272e-22
1584 4.78467e-22
1585 4.05602e-22
1586 3.43742e-22
1587 2.9124e-22
1588 2.46691e-22
1589 2.08902e-22
1590 1.76854e-22
1591 1.49683e-22
1592 1.26653e-22
1593 1.07139e-22
1594 9.06066e-23
1595 7.66054e-23
1596 6.47507e-23
1597 5.4716e-23
1598 4.62243e-23
1599 3.90401e-23
1600 3.29638e-23
1601 2.78259e-23
1602 2.34826e-23
1603 1.9812e-23
1604 1.67107e-23
1605 1.40912e-23
1606 1.18791e-23
1607 1.00117e-23
1608 8.43555e-24
1609 7.10568e-24
1610 5.98387e-24
1611 5.03783e-24
1612 4.24023e-24
1613 3.56796e-24
1614 3.00147e-24
1615 2.52425e-24
1616 2.12235e-24
1617 1.78395e-24
1618 1.49911e-24
1619 1.25941e-24
1620 1.05776e-24
1621 8.88154e-25
1622 7.45544e-25
1623 6.25665e-25
1624 5.2492e-25
1625 4.40278e-25
1626 3.69186e-25
1627 3.09489e-25
1628 2.59375e-25
1629 2.17317e-25
1630 1.82029e-25
1631 1.5243e-25
1632 1.2761e-25
1633 1.06802e-25
1634 8.93625e-26
1635 7.47504e-26
1636 6.25107e-26
1637 5.22609e-26
1638 4.36798e-26
1639 3.64978e-26
1640 3.04884e-26
1641 2.54615e-26
1642 2.12576e-26
1643 1.7743e-26
1644 1.48054e-26
1645 1.23508e-26
1646 1.03004e-26
1647 8.58799e-27
1648 7.15833e-27
1649 5.96504e-27
1650 4.96931e-27
1651 4.13867e-27
1652 3.44594e-27
1653 2.86838e-27
1654 2.38697e-27
1655 1.98581e-27
1656 1.65163e-27
1657 1.37331e-27
1658 1.14158e-27
1659 9.48695e-28
1660 7.88187e-28
1661 6.54658e-28
1662 5.43604e-28
1663 4.51267e-28
1664 3.74513e-28
1665 3.1073e-28
1666 2.57741e-28
1667 2.1373e-28
1668 1.77187e-28
1669 1.46853e-28
1670 1.21679e-28
1671 1.00794e-28
1672 8.3471e-29
1673 6.9107e-29
1674 5.71995e-29
1675 4.73312e-29
1676 3.9155e-29
1677 3.23826e-29
1678 2.67746e-29
1679 2.21318e-29
1680 1.82893e-29
1681 1.511e-29
1682 1.248e-29
1683 1.03051e-29
1684 8.50702e-30
1685 7.02081e-30
1686 5.79273e-30
1687 4.77822e-30
1688 3.94035e-30
1689 3.24856e-30
1690 2.67752e-30
1691 2.20629e-30
1692 1.81751e-30
1693 1.49686e-30
1694 1.23245e-30
1695 1.01449e-30
1696 8.34854e-31
1697 6.8685e-31
1698 5.64937e-31
1699 4.64542e-31
1700 3.81889e-31
1701 3.1386e-31
1702 2.57883e-31
1703 2.11834e-31
1704 1.73963e-31
1705 1.42825e-31
1706 1.1723e-31
1707 9.61965e-32
1708 7.89163e-32
1709 6.47233e-32
1710 5.30691e-32
1711 4.35019e-32
1712 3.56501e-32
1713 2.92079e-32
1714 2.39235e-32
1715 1.959e-32
1716 1.60373e-32
1717 1.31254e-32
1718 1.07393e-32
1719 8.78473e-33
1720 7.18397e-33
1721 5.87333e-33
1722 4.80052e-33
1723 3.92262e-33
1724 3.20441e-33
1725 2.617e-33
1726 2.13669e-33
1727 1.74407e-33
1728 1.42321e-33
1729 1.16106e-33
1730 9.46941e-34
1731 7.721e-34
1732 6.2937e-34
1733 5.12885e-34
1734 4.17845e-34
1735 3.40322e-34
1736 2.77107e-34
1737 2.25571e-34
1738 1.8357e-34
1739 1.49348e-34
1740 1.21472e-34
1741 9.87713e-35
1742 8.02909e-35
1743 6.525e-35
1744 5.3012e-35
1745 4.30572e-35
1746 3.4962e-35
1747 2.83808e-35
1748 2.3032e-35
1749 1.8686e-35
1750 1.51558e-35
1751 1.2289e-35
1752 9.96175e-36
1753 8.07292e-36
1754 6.54038e-36
1755 5.29727e-36
1756 4.28923e-36
1757 3.47202e-36
1758 2.80972e-36
1759 2.27311e-36
1760 1.83847e-36
1761 1.48651e-36
1762 1.20159e-36
1763 9.71005e-37
1764 7.84448e-37
1765 6.33554e-37
1766 5.11541e-37
1767 4.12909e-37
1768 3.332e-37
1769 2.68803e-37
1770 2.1679e-37
1771 1.74792e-37
1772 1.40891e-37
1773 1.13533e-37
1774 9.14616e-38
1775 7.36603e-38
1776 5.93071e-38
1777 4.77373e-38
1778 3.84138e-38
1779 3.09027e-38
1780 2.48533e-38
1781 1.99825e-38
1782 1.60619e-38
1783 1.29069e-38
1784 1.03688e-38
1785 8.32747e-39
1786 6.68619e-39
1787 5.36691e-39
1788 4.30676e-39
1789 3.45508e-39
1790 2.77106e-39
1791 2.22185e-39
1792 1.78101e-39
1793 1.42724e-39
1794 1.14344e-39
1795 9.15815e-40
1796 7.33307e-40
1797 5.87011e-40
1798 4.69774e-40
1799 3.75849e-40
1800 3.00623e-40
1801 2.40388e-40
1802 1.9217e-40
1803 1.53583e-40
1804 1.22711e-40
1805 9.80179e-41
1806 7.82729e-41
1807 6.24886e-41
1808 4.98739e-41
1809 3.97951e-41
1810 3.17445e-41
1811 2.53157e-41
1812 2.01835e-41
1813 1.60873e-41
1814 1.2819e-41
1815 1.0212e-41
1816 8.13291e-42
1817 6.47538e-42
1818 5.15426e-42
1819 4.10157e-42
1820 3.26299e-42
1821 2.59515e-42
1822 2.06343e-42
1823 1.64021e-42
1824 1.30343e-42
1825 1.03552e-42
1826 8.2245e-43
1827 6.53038e-43
1828 5.18379e-43
1829 4.11372e-43
1830 3.26362e-43
1831 2.58847e-43
1832 2.0524e-43
1833 1.62689e-43
1834 1.28923e-43
1835 1.02136e-43
1836 8.08916e-44
1837 6.40473e-44
1838 5.06957e-44
1839 4.01158e-44
1840 3.17345e-44
1841 2.50969e-44
1842 1.98417e-44
1843 1.56822e-44
1844 1.2391e-44
1845 9.7875e-45
1846 7.7287e-45
1847 6.10111e-45
1848 4.81478e-45
1849 3.79849e-45
1850 2.99577e-45
1851 2.36195e-45
1852 1.86165e-45
1853 1.46685e-45
1854 1.1554e-45
1855 9.09794e-46
1856 7.16163e-46
1857 5.6356e-46
1858 4.43329e-46
1859 3.48633e-46
1860 2.74074e-46
1861 2.15388e-46
1862 1.69212e-46
1863 1.3289e-46
1864 1.04329e-46
1865 8.18791e-47
1866 6.42377e-47
1867 5.03799e-47
1868 3.94978e-47
1869 3.09555e-47
1870 2.42521e-47
1871 1.89936e-47
1872 1.487e-47
1873 1.16375e-47
1874 9.1044e-48
1875 7.12011e-48
1876 5.56627e-48
1877 4.34993e-48
1878 3.39814e-48
1879 2.65363e-48
1880 2.07147e-48
1881 1.61642e-48
1882 1.26086e-48
1883 9.83143e-49
1884 7.66306e-49
1885 5.97066e-49
1886 4.65026e-49
1887 3.62047e-49
1888 2.81764e-49
1889 2.19199e-49
1890 1.7046e-49
1891 1.32506e-49
1892 1.02963e-49
1893 7.99749e-50
1894 6.20948e-50
1895 4.81931e-50
1896 3.73889e-50
1897 2.89952e-50
1898 2.24768e-50
1899 1.74169e-50
1900 1.34906e-50
1901 1.04451e-50
1902 8.0839e-51
1903 6.2539e-51
1904 4.83619e-51
1905 3.73834e-51
1906 2.88851e-51
1907 2.23096e-51
1908 1.72238e-51
1909 1.32919e-51
1910 1.02533e-51
1911 7.90601e-52
1912 6.09356e-52
1913 4.69464e-52
1914 3.61536e-52
1915 2.78303e-52
1916 2.14142e-52
1917 1.64703e-52
1918 1.26624e-52
1919 9.73074e-53
1920 7.47466e-53
1921 5.73921e-53
1922 4.4048e-53
1923 3.37921e-53
1924 2.5913e-53
1925 1.98625e-53
1926 1.52182e-53
1927 1.16548e-53
1928 8.9219e-54
1929 6.8269e-54
1930 5.22157e-54
1931 3.992e-54
1932 3.05064e-54
1933 2.33025e-54
1934 1.7792e-54
1935 1.35787e-54
1936 1.03586e-54
1937 7.89867e-55
1938 6.02028e-55
1939 4.58658e-55
1940 3.49278e-55
1941 2.65866e-55
1942 2.02285e-55
1943 1.53841e-55
1944 1.16947e-55
1945 8.88619e-56
1946 6.74917e-56
1947 5.12381e-56
1948 3.88815e-56
1949 2.94918e-56
1950 2.23598e-56
1951 1.6945e-56
1952 1.28358e-56
1953 9.71877e-57
1954 7.35541e-57
1955 5.56429e-57
1956 4.20745e-57
1957 3.18006e-57
1958 2.40248e-57
1959 1.81422e-57
1960 1.36939e-57
1961 1.03316e-57
1962 7.79145e-58
1963 5.87319e-58
1964 4.42523e-58
1965 3.33276e-58
1966 2.50887e-58
1967 1.88782e-58
1968 1.41986e-58
1969 1.06743e-58
1970 8.02115e-59
1971 6.02478e-59
1972 4.52326e-59
1973 3.39443e-59
1974 2.54618e-59
1975 1.90904e-59
1976 1.4307e-59
1977 1.07174e-59
1978 8.02475e-60
1979 6.00595e-60
1980 4.49301e-60
1981 3.35968e-60
1982 2.5111e-60
1983 1.87602e-60
1984 1.40092e-60
1985 1.04568e-60
1986 7.80166e-61
1987 5.8181e-61
1988 4.33692e-61
1989 3.23137e-61
1990 2.40657e-61
1991 1.79149e-61
1992 1.33302e-61
1993 9.91435e-62
1994 7.37051e-62
1995 5.47692e-62
1996 4.068e-62
1997 3.02017e-62
1998 2.24123e-62
1999 1.66245e-62
2000 1.23258e-62
2001 9.13459e-63
2002 6.76656e-63
2003 5.01017e-63
2004 3.70803e-63
2005 2.74308e-63
2006 2.02834e-63
2007 1.49917e-63
2008 1.10755e-63
2009 8.17871e-64
2010 6.03687e-64
2011 4.45395e-64
2012 3.28462e-64
2013 2.42121e-64
2014 1.78396e-64
2015 1.31385e-64
2016 9.67199e-65
2017 7.11695e-65
2018 5.23458e-65
2019 3.8484e-65
2020 2.82808e-65
2021 2.07739e-65
2022 1.52533e-65
2023 1.11952e-65
2024 8.21349e-66
2025 6.02368e-66
2026 4.41617e-66
2027 3.23665e-66
2028 2.37155e-66
2029 1.73735e-66
2030 1.27262e-66
2031 9.32243e-67
2032 6.83051e-67
2033 5.00702e-67
2034 3.67327e-67
2035 2.69822e-67
2036 1.98574e-67
2037 1.46542e-67
2038 1.08568e-67
2039 8.08741e-68
2040 6.07003e-68
2041 4.60284e-68
2042 3.53871e-68
2043 2.77061e-68
2044 2.22109e-68
2045 1.8346e-68
2046 1.57199e-68
2047 1.40663e-68
