0 1.62633e-41
1 1.06243e-41
2 6.34865e-42
3 3.26494e-42
4 1.24828e-42
5 2.14404e-43
6 1.15553e-43
7 9.3976e-43
8 2.70996e-42
9 5.48347e-42
10 9.35482e-42
11 1.44602e-41
12 2.09807e-41
13 2.91467e-41
14 3.92494e-41
15 5.16519e-41
16 6.67985e-41
17 8.52288e-41
18 1.07602e-40
19 1.34721e-40
20 1.67553e-40
21 2.07266e-40
22 2.55273e-40
23 3.13281e-40
24 3.8335e-40
25 4.67944e-40
26 5.70056e-40
27 6.93317e-40
28 8.42013e-40
29 1.02136e-39
30 1.23768e-39
31 1.49849e-39
32 1.81287e-39
33 2.19169e-39
34 2.6482e-39
35 3.19818e-39
36 3.86048e-39
37 4.6578e-39
38 5.61787e-39
39 6.77357e-39
40 8.16384e-39
41 9.83631e-39
42 1.1848e-38
43 1.42673e-38
44 1.71756e-38
45 2.06704e-38
46 2.48707e-38
47 2.99178e-38
48 3.59798e-38
49 4.32581e-38
50 5.19942e-38
51 6.24821e-38
52 7.50729e-38
53 9.01756e-38
54 1.08284e-37
55 1.30005e-37
56 1.56057e-37
57 1.87276e-37
58 2.24674e-37
59 2.69493e-37
60 3.23194e-37
61 3.875e-37
62 4.64471e-37
63 5.56607e-37
64 6.66909e-37
65 7.98869e-37
66 9.56668e-37
67 1.14543e-36
68 1.37117e-36
69 1.64094e-36
70 1.96328e-36
71 2.34849e-36
72 2.80875e-36
73 3.35832e-36
74 4.01442e-36
75 4.79771e-36
76 5.73246e-36
77 6.84781e-36
78 8.17835e-36
79 9.76502e-36
80 1.16569e-35
81 1.39122e-35
82 1.66e-35
83 1.98024e-35
84 2.36172e-35
85 2.81604e-35
86 3.35699e-35
87 4.00095e-35
88 4.76733e-35
89 5.67921e-35
90 6.76395e-35
91 8.054e-35
92 9.58798e-35
93 1.14114e-34
94 1.35786e-34
95 1.61537e-34
96 1.92127e-34
97 2.28458e-34
98 2.71595e-34
99 3.22808e-34
100 3.83591e-34
101 4.55711e-34
102 5.41269e-34
103 6.42743e-34
104 7.63072e-34
105 9.05719e-34
106 1.07479e-33
107 1.27514e-33
108 1.51249e-33
109 1.79362e-33
110 2.12651e-33
111 2.52062e-33
112 2.9871e-33
113 3.53912e-33
114 4.19221e-33
115 4.96468e-33
116 5.87816e-33
117 6.95818e-33
118 8.23475e-33
119 9.74331e-33
120 1.15257e-32
121 1.3631e-32
122 1.61171e-32
123 1.90524e-32
124 2.25174e-32
125 2.66066e-32
126 3.14308e-32
127 3.71215e-32
128 4.38327e-32
129 5.17451e-32
130 6.10718e-32
131 7.20634e-32
132 8.50142e-32
133 1.00269e-31
134 1.18235e-31
135 1.39387e-31
136 1.64286e-31
137 1.93588e-31
138 2.28063e-31
139 2.68619e-31
140 3.16313e-31
141 3.72388e-31
142 4.38305e-31
143 5.15771e-31
144 6.06788e-31
145 7.13705e-31
146 8.39268e-31
147 9.86695e-31
148 1.15975e-30
149 1.36285e-30
150 1.60116e-30
151 1.88069e-30
152 2.20853e-30
153 2.59292e-30
154 3.04352e-30
155 3.57163e-30
156 4.1904e-30
157 4.91526e-30
158 5.7642e-30
159 6.75823e-30
160 7.92189e-30
161 9.2838e-30
162 1.08774e-29
163 1.27417e-29
164 1.49221e-29
165 1.74717e-29
166 2.04523e-29
167 2.39361e-29
168 2.80069e-29
169 3.27627e-29
170 3.83175e-29
171 4.48039e-29
172 5.23767e-29
173 6.12157e-29
174 7.15302e-29
175 8.35638e-29
176 9.76e-29
177 1.13968e-28
178 1.33051e-28
179 1.55295e-28
180 1.81217e-28
181 2.11418e-28
182 2.46595e-28
183 2.87561e-28
184 3.35257e-28
185 3.90776e-28
186 4.55385e-28
187 5.30555e-28
188 6.17995e-28
189 7.19679e-28
190 8.37905e-28
191 9.75329e-28
192 1.13503e-27
193 1.32059e-27
194 1.53612e-27
195 1.78642e-27
196 2.07704e-27
197 2.41437e-27
198 2.80585e-27
199 3.26006e-27
200 3.78692e-27
201 4.39792e-27
202 5.10632e-27
203 5.92748e-27
204 6.87911e-27
205 7.98168e-27
206 9.25885e-27
207 1.07379e-26
208 1.24504e-26
209 1.44327e-26
210 1.67267e-26
211 1.9381e-26
212 2.24513e-26
213 2.60022e-26
214 3.01077e-26
215 3.48535e-26
216 4.03383e-26
217 4.66756e-26
218 5.39962e-26
219 6.24509e-26
220 7.22131e-26
221 8.34824e-26
222 9.64887e-26
223 1.11496e-25
224 1.28809e-25
225 1.48776e-25
226 1.71801e-25
227 1.98344e-25
228 2.28936e-25
229 2.64188e-25
230 3.048e-25
231 3.51576e-25
232 4.05439e-25
233 4.6745e-25
234 5.38825e-25
235 6.20958e-25
236 7.15451e-25
237 8.24139e-25
238 9.49124e-25
239 1.09282e-24
240 1.25798e-24
241 1.44779e-24
242 1.66585e-24
243 1.91632e-24
244 2.20396e-24
245 2.5342e-24
246 2.91326e-24
247 3.34825e-24
248 3.84732e-24
249 4.41977e-24
250 5.07624e-24
251 5.82888e-24
252 6.69158e-24
253 7.6802e-24
254 8.81285e-24
255 1.01102e-23
256 1.15959e-23
257 1.32969e-23
258 1.52438e-23
259 1.74718e-23
260 2.00208e-23
261 2.29364e-23
262 2.62706e-23
263 3.00824e-23
264 3.44394e-23
265 3.94184e-23
266 4.51068e-23
267 5.16041e-23
268 5.90238e-23
269 6.74947e-23
270 7.71637e-23
271 8.81975e-23
272 1.00786e-22
273 1.15145e-22
274 1.3152e-22
275 1.50189e-22
276 1.71468e-22
277 1.95719e-22
278 2.23349e-22
279 2.54821e-22
280 2.90663e-22
281 3.31471e-22
282 3.77923e-22
283 4.30788e-22
284 4.90938e-22
285 5.59361e-22
286 6.37178e-22
287 7.25658e-22
288 8.26239e-22
289 9.40552e-22
290 1.07044e-21
291 1.218e-21
292 1.38558e-21
293 1.57588e-21
294 1.7919e-21
295 2.03709e-21
296 2.31531e-21
297 2.63093e-21
298 2.98892e-21
299 3.39486e-21
300 3.85506e-21
301 4.37666e-21
302 4.96772e-21
303 5.63734e-21
304 6.39576e-21
305 7.25458e-21
306 8.22685e-21
307 9.32731e-21
308 1.05726e-20
309 1.19813e-20
310 1.35747e-20
311 1.53765e-20
312 1.74133e-20
313 1.97155e-20
314 2.23169e-20
315 2.52557e-20
316 2.85749e-20
317 3.23228e-20
318 3.65537e-20
319 4.13289e-20
320 4.67171e-20
321 5.27954e-20
322 5.96506e-20
323 6.73803e-20
324 7.60938e-20
325 8.59142e-20
326 9.69793e-20
327 1.09444e-19
328 1.23482e-19
329 1.39289e-19
330 1.57082e-19
331 1.77107e-19
332 1.99639e-19
333 2.24985e-19
334 2.53491e-19
335 2.85543e-19
336 3.21573e-19
337 3.62068e-19
338 4.07568e-19
339 4.58683e-19
340 5.1609e-19
341 5.8055e-19
342 6.52915e-19
343 7.34133e-19
344 8.25269e-19
345 9.27511e-19
346 1.04219e-18
347 1.17078e-18
348 1.31494e-18
349 1.47653e-18
350 1.65761e-18
351 1.86048e-18
352 2.08771e-18
353 2.34219e-18
354 2.62709e-18
355 2.946e-18
356 3.3029e-18
357 3.70221e-18
358 4.14887e-18
359 4.64839e-18
360 5.2069e-18
361 5.83121e-18
362 6.52893e-18
363 7.30849e-18
364 8.1793e-18
365 9.15182e-18
366 1.02377e-17
367 1.14497e-17
368 1.28024e-17
369 1.43117e-17
370 1.59952e-17
371 1.78727e-17
372 1.99659e-17
373 2.22992e-17
374 2.48994e-17
375 2.77964e-17
376 3.10232e-17
377 3.46165e-17
378 3.8617e-17
379 4.30697e-17
380 4.80245e-17
381 5.35367e-17
382 5.96675e-17
383 6.64847e-17
384 7.40632e-17
385 8.24859e-17
386 9.18448e-17
387 1.02241e-16
388 1.13787e-16
389 1.26607e-16
390 1.40839e-16
391 1.56632e-16
392 1.74155e-16
393 1.93593e-16
394 2.1515e-16
395 2.39051e-16
396 2.65545e-16
397 2.94905e-16
398 3.27436e-16
399 3.63471e-16
400 4.03377e-16
401 4.47562e-16
402 4.96472e-16
403 5.50602e-16
404 6.10493e-16
405 6.76746e-16
406 7.50018e-16
407 8.31037e-16
408 9.20601e-16
409 1.01959e-15
410 1.12897e-15
411 1.24981e-15
412 1.38328e-15
413 1.53066e-15
414 1.69337e-15
415 1.87297e-15
416 2.07117e-15
417 2.28983e-15
418 2.53104e-15
419 2.79704e-15
420 3.09032e-15
421 3.41362e-15
422 3.76991e-15
423 4.16249e-15
424 4.59494e-15
425 5.07122e-15
426 5.59564e-15
427 6.17293e-15
428 6.80827e-15
429 7.50735e-15
430 8.27637e-15
431 9.12213e-15
432 1.00521e-14
433 1.10743e-14
434 1.21977e-14
435 1.34321e-14
436 1.47879e-14
437 1.62769e-14
438 1.79116e-14
439 1.97059e-14
440 2.16749e-14
441 2.38351e-14
442 2.62043e-14
443 2.88021e-14
444 3.16499e-14
445 3.47709e-14
446 3.81905e-14
447 4.19361e-14
448 4.6038e-14
449 5.05287e-14
450 5.54438e-14
451 6.08222e-14
452 6.67058e-14
453 7.31406e-14
454 8.01764e-14
455 8.78672e-14
456 9.62721e-14
457 1.05455e-13
458 1.15485e-13
459 1.26439e-13
460 1.38397e-13
461 1.51449e-13
462 1.65692e-13
463 1.81231e-13
464 1.98178e-13
465 2.16659e-13
466 2.36807e-13
467 2.58766e-13
468 2.82696e-13
469 3.08766e-13
470 3.37161e-13
471 3.68083e-13
472 4.01749e-13
473 4.38395e-13
474 4.78275e-13
475 5.21667e-13
476 5.68869e-13
477 6.20205e-13
478 6.76026e-13
479 7.36712e-13
480 8.02672e-13
481 8.7435e-13
482 9.52227e-13
483 1.03682e-12
484 1.12869e-12
485 1.22845e-12
486 1.33674e-12
487 1.45428e-12
488 1.58182e-12
489 1.72019e-12
490 1.87028e-12
491 2.03305e-12
492 2.20952e-12
493 2.40081e-12
494 2.60811e-12
495 2.83272e-12
496 3.07603e-12
497 3.33953e-12
498 3.62484e-12
499 3.93367e-12
500 4.26789e-12
501 4.62949e-12
502 5.02063e-12
503 5.4436e-12
504 5.90088e-12
505 6.39513e-12
506 6.92918e-12
507 7.50608e-12
508 8.12912e-12
509 8.80178e-12
510 9.52782e-12
511 1.03112e-11
512 1.11564e-11
513 1.20678e-11
514 1.30503e-11
515 1.41094e-11
516 1.52505e-11
517 1.64796e-11
518 1.78032e-11
519 1.92281e-11
520 2.07616e-11
521 2.24114e-11
522 2.4186e-11
523 2.60941e-11
524 2.81452e-11
525 3.03494e-11
526 3.27175e-11
527 3.52608e-11
528 3.79917e-11
529 4.0923e-11
530 4.40687e-11
531 4.74435e-11
532 5.10632e-11
533 5.49445e-11
534 5.91052e-11
535 6.35645e-11
536 6.83424e-11
537 7.34606e-11
538 7.89421e-11
539 8.48113e-11
540 9.10941e-11
541 9.78184e-11
542 1.05014e-10
543 1.12711e-10
544 1.20945e-10
545 1.2975e-10
546 1.39164e-10
547 1.49228e-10
548 1.59985e-10
549 1.7148e-10
550 1.83762e-10
551 1.96883e-10
552 2.10897e-10
553 2.25864e-10
554 2.41845e-10
555 2.58907e-10
556 2.7712e-10
557 2.96559e-10
558 3.17302e-10
559 3.39435e-10
560 3.63046e-10
561 3.8823e-10
562 4.15088e-10
563 4.43726e-10
564 4.74257e-10
565 5.06801e-10
566 5.41484e-10
567 5.78439e-10
568 6.17809e-10
569 6.59743e-10
570 7.04397e-10
571 7.5194e-10
572 8.02545e-10
573 8.56399e-10
574 9.13695e-10
575 9.74639e-10
576 1.03945e-09
577 1.10834e-09
578 1.18156e-09
579 1.25936e-09
580 1.342e-09
581 1.42974e-09
582 1.52288e-09
583 1.62172e-09
584 1.72657e-09
585 1.83775e-09
586 1.95561e-09
587 2.08051e-09
588 2.2128e-09
589 2.35288e-09
590 2.50115e-09
591 2.65803e-09
592 2.82395e-09
593 2.99935e-09
594 3.18472e-09
595 3.38052e-09
596 3.58726e-09
597 3.80547e-09
598 4.03569e-09
599 4.27846e-09
600 4.53438e-09
601 4.80404e-09
602 5.08805e-09
603 5.38707e-09
604 5.70175e-09
605 6.0328e-09
606 6.38091e-09
607 6.74682e-09
608 7.13131e-09
609 7.53518e-09
610 7.95923e-09
611 8.40433e-09
612 8.87137e-09
613 9.36128e-09
614 9.87501e-09
615 1.04136e-08
616 1.0978e-08
617 1.15694e-08
618 1.21889e-08
619 1.28378e-08
620 1.35172e-08
621 1.42284e-08
622 1.49729e-08
623 1.57521e-08
624 1.65674e-08
625 1.74206e-08
626 1.83133e-08
627 1.92472e-08
628 2.02242e-08
629 2.12463e-08
630 2.23155e-08
631 2.34341e-08
632 2.46044e-08
633 2.58287e-08
634 2.71097e-08
635 2.84501e-08
636 2.98527e-08
637 3.13206e-08
638 3.28569e-08
639 3.4465e-08
640 3.61484e-08
641 3.79109e-08
642 3.97562e-08
643 4.16886e-08
644 4.37122e-08
645 4.58316e-08
646 4.80514e-08
647 5.03765e-08
648 5.28121e-08
649 5.53635e-08
650 5.80361e-08
651 6.08357e-08
652 6.37683e-08
653 6.68399e-08
654 7.00568e-08
655 7.34256e-08
656 7.6953e-08
657 8.06457e-08
658 8.45108e-08
659 8.85554e-08
660 9.27866e-08
661 9.72119e-08
662 1.01839e-07
663 1.06674e-07
664 1.11726e-07
665 1.17002e-07
666 1.22508e-07
667 1.28254e-07
668 1.34245e-07
669 1.40488e-07
670 1.46992e-07
671 1.53762e-07
672 1.60804e-07
673 1.68125e-07
674 1.75731e-07
675 1.83626e-07
676 1.91816e-07
677 2.00304e-07
678 2.09095e-07
679 2.18192e-07
680 2.27596e-07
681 2.3731e-07
682 2.47335e-07
683 2.57671e-07
684 2.68317e-07
685 2.79272e-07
686 2.90533e-07
687 3.02097e-07
688 3.13959e-07
689 3.26114e-07
690 3.38555e-07
691 3.51275e-07
692 3.64266e-07
693 3.77518e-07
694 3.9102e-07
695 4.04761e-07
696 4.18728e-07
697 4.32908e-07
698 4.47287e-07
699 4.61849e-07
700 4.76579e-07
701 4.91459e-07
702 5.06474e-07
703 5.21605e-07
704 5.36835e-07
705 5.52146e-07
706 5.67519e-07
707 5.82936e-07
708 5.98381e-07
709 6.13836e-07
710 6.29284e-07
711 6.4471e-07
712 6.60099e-07
713 6.75439e-07
714 6.90719e-07
715 7.05928e-07
716 7.21059e-07
717 7.36108e-07
718 7.51072e-07
719 7.65952e-07
720 7.80753e-07
721 7.95481e-07
722 8.10148e-07
723 8.2477e-07
724 8.39368e-07
725 8.53965e-07
726 8.68593e-07
727 8.83286e-07
728 8.98086e-07
729 9.13038e-07
730 9.28196e-07
731 9.43619e-07
732 9.59372e-07
733 9.75527e-07
734 9.92164e-07
735 1.00937e-06
736 1.02723e-06
737 1.04585e-06
738 1.06534e-06
739 1.08581e-06
740 1.10738e-06
741 1.13018e-06
742 1.15434e-06
743 1.18001e-06
744 1.20733e-06
745 1.23645e-06
746 1.26754e-06
747 1.30075e-06
748 1.33627e-06
749 1.37425e-06
750 1.41488e-06
751 1.45834e-06
752 1.50482e-06
753 1.55449e-06
754 1.60754e-06
755 1.66416e-06
756 1.72453e-06
757 1.78885e-06
758 1.85728e-06
759 1.93001e-06
760 2.00722e-06
761 2.08906e-06
762 2.17571e-06
763 2.26731e-06
764 2.36401e-06
765 2.46595e-06
766 2.57325e-06
767 2.68601e-06
768 2.80435e-06
769 2.92833e-06
770 3.05803e-06
771 3.19349e-06
772 3.33475e-06
773 3.48182e-06
774 3.63468e-06
775 3.79331e-06
776 3.95765e-06
777 4.12763e-06
778 4.30314e-06
779 4.48406e-06
780 4.67024e-06
781 4.86149e-06
782 5.05762e-06
783 5.25838e-06
784 5.46351e-06
785 5.67273e-06
786 5.88573e-06
787 6.10214e-06
788 6.32161e-06
789 6.54373e-06
790 6.76808e-06
791 6.9942e-06
792 7.22161e-06
793 7.44981e-06
794 7.67827e-06
795 7.90645e-06
796 8.13377e-06
797 8.35965e-06
798 8.58348e-06
799 8.80463e-06
800 9.02248e-06
801 9.23638e-06
802 9.44567e-06
803 9.64969e-06
804 9.84778e-06
805 1.00393e-05
806 1.02235e-05
807 1.03998e-05
808 1.05676e-05
809 1.07262e-05
810 1.08749e-05
811 1.10133e-05
812 1.11407e-05
813 1.12565e-05
814 1.13603e-05
815 1.14515e-05
816 1.15298e-05
817 1.15947e-05
818 1.1646e-05
819 1.16832e-05
820 1.17061e-05
821 1.17146e-05
822 1.17086e-05
823 1.16879e-05
824 1.16527e-05
825 1.1603e-05
826 1.1539e-05
827 1.1461e-05
828 1.13693e-05
829 1.12645e-05
830 1.11469e-05
831 1.10173e-05
832 1.08764e-05
833 1.07251e-05
834 1.05643e-05
835 1.03952e-05
836 1.02188e-05
837 1.00365e-05
838 9.84977e-06
839 9.66009e-06
840 9.46914e-06
841 9.27873e-06
842 9.09077e-06
843 8.90731e-06
844 8.73052e-06
845 8.56273e-06
846 8.40636e-06
847 8.26397e-06
848 8.13828e-06
849 8.0321e-06
850 7.9484e-06
851 7.89025e-06
852 7.86089e-06
853 7.86365e-06
854 7.902e-06
855 7.97954e-06
856 8.09999e-06
857 8.26719e-06
858 8.48511e-06
859 8.75782e-06
860 9.08952e-06
861 9.48452e-06
862 9.94724e-06
863 1.04822e-05
864 1.10941e-05
865 1.17876e-05
866 1.25675e-05
867 1.34389e-05
868 1.44067e-05
869 1.54761e-05
870 1.66522e-05
871 1.79405e-05
872 1.93462e-05
873 2.08749e-05
874 2.25321e-05
875 2.43235e-05
876 2.62546e-05
877 2.83314e-05
878 3.05596e-05
879 3.29453e-05
880 3.54942e-05
881 3.82126e-05
882 4.11065e-05
883 4.4182e-05
884 4.74455e-05
885 5.09032e-05
886 5.45615e-05
887 5.84268e-05
888 6.25055e-05
889 6.68043e-05
890 7.13297e-05
891 7.60883e-05
892 8.1087e-05
893 8.63324e-05
894 9.18316e-05
895 9.75913e-05
896 0.000103619
897 0.00010992
898 0.000116504
899 0.000123377
900 0.000130546
901 0.000138019
902 0.000145803
903 0.000153906
904 0.000162335
905 0.000171099
906 0.000180204
907 0.00018966
908 0.000199474
909 0.000209655
910 0.00022021
911 0.000231149
912 0.00024248
913 0.000254211
914 0.000266353
915 0.000278913
916 0.000291901
917 0.000305327
918 0.0003192
919 0.00033353
920 0.000348327
921 0.000363602
922 0.000379363
923 0.000395623
924 0.000412391
925 0.00042968
926 0.0004475
927 0.000465862
928 0.000484778
929 0.000504261
930 0.000524322
931 0.000544974
932 0.000566229
933 0.000588101
934 0.000610602
935 0.000633747
936 0.000657548
937 0.00068202
938 0.000707176
939 0.000733032
940 0.000759603
941 0.000786902
942 0.000814946
943 0.00084375
944 0.00087333
945 0.000903702
946 0.000934882
947 0.000966887
948 0.000999734
949 0.00103344
950 0.00106802
951 0.0011035
952 0.00113988
953 0.0011772
954 0.00121546
955 0.0012547
956 0.00129491
957 0.00133613
958 0.00137837
959 0.00142166
960 0.001466
961 0.00151143
962 0.00155795
963 0.0016056
964 0.00165438
965 0.00170433
966 0.00175545
967 0.00180778
968 0.00186132
969 0.00191611
970 0.00197215
971 0.00202948
972 0.0020881
973 0.00214805
974 0.00220933
975 0.00227197
976 0.00233599
977 0.00240142
978 0.00246825
979 0.00253653
980 0.00260626
981 0.00267747
982 0.00275017
983 0.00282438
984 0.00290012
985 0.0029774
986 0.00305625
987 0.00313668
988 0.00321871
989 0.00330234
990 0.00338761
991 0.00347451
992 0.00356308
993 0.00365331
994 0.00374522
995 0.00383883
996 0.00393415
997 0.00403119
998 0.00412995
999 0.00423045
1000 0.0043327
1001 0.00443671
1002 0.00454247
1003 0.00465001
1004 0.00475932
1005 0.0048704
1006 0.00498327
1007 0.00509793
1008 0.00521437
1009 0.00533259
1010 0.00545261
1011 0.00557441
1012 0.00569799
1013 0.00582334
1014 0.00595048
1015 0.00607937
1016 0.00621003
1017 0.00634244
1018 0.0064766
1019 0.00661248
1020 0.00675008
1021 0.00688938
1022 0.00703038
1023 0.00717304
1024 0.00731737
1025 0.00746332
1026 0.0076109
1027 0.00776006
1028 0.0079108
1029 0.00806308
1030 0.00821689
1031 0.00837218
1032 0.00852894
1033 0.00868712
1034 0.00884671
1035 0.00900767
1036 0.00916995
1037 0.00933353
1038 0.00949837
1039 0.00966442
1040 0.00983165
1041 0.01
1042 0.0101695
1043 0.01034
1044 0.0105115
1045 0.0106839
1046 0.0108573
1047 0.0110315
1048 0.0112064
1049 0.0113822
1050 0.0115586
1051 0.0117357
1052 0.0119133
1053 0.0120914
1054 0.01227
1055 0.012449
1056 0.0126283
1057 0.0128079
1058 0.0129877
1059 0.0131676
1060 0.0133476
1061 0.0135276
1062 0.0137075
1063 0.0138873
1064 0.0140668
1065 0.0142461
1066 0.014425
1067 0.0146035
1068 0.0147814
1069 0.0149588
1070 0.0151356
1071 0.0153116
1072 0.0154867
1073 0.015661
1074 0.0158344
1075 0.0160066
1076 0.0161778
1077 0.0163478
1078 0.0165164
1079 0.0166837
1080 0.0168496
1081 0.0170139
1082 0.0171767
1083 0.0173378
1084 0.0174971
1085 0.0176545
1086 0.0178101
1087 0.0179636
1088 0.0181151
1089 0.0182644
1090 0.0184115
1091 0.0185563
1092 0.0186987
1093 0.0188387
1094 0.0189761
1095 0.0191109
1096 0.019243
1097 0.0193724
1098 0.019499
1099 0.0196227
1100 0.0197434
1101 0.0198611
1102 0.0199757
1103 0.0200872
1104 0.0201954
1105 0.0203004
1106 0.020402
1107 0.0205003
1108 0.020595
1109 0.0206863
1110 0.020774
1111 0.0208581
1112 0.0209385
1113 0.0210152
1114 0.0210882
1115 0.0211574
1116 0.0212227
1117 0.0212841
1118 0.0213416
1119 0.0213952
1120 0.0214448
1121 0.0214903
1122 0.0215318
1123 0.0215692
1124 0.0216026
1125 0.0216318
1126 0.0216568
1127 0.0216777
1128 0.0216945
1129 0.021707
1130 0.0217153
1131 0.0217195
1132 0.0217194
1133 0.0217151
1134 0.0217066
1135 0.0216939
1136 0.021677
1137 0.0216559
1138 0.0216306
1139 0.0216011
1140 0.0215674
1141 0.0215297
1142 0.0214877
1143 0.0214417
1144 0.0213916
1145 0.0213374
1146 0.0212792
1147 0.0212171
1148 0.0211509
1149 0.0210808
1150 0.0210069
1151 0.020929
1152 0.0208474
1153 0.020762
1154 0.0206729
1155 0.0205802
1156 0.0204838
1157 0.0203838
1158 0.0202803
1159 0.0201734
1160 0.0200631
1161 0.0199494
1162 0.0198325
1163 0.0197123
1164 0.019589
1165 0.0194626
1166 0.0193332
1167 0.0192008
1168 0.0190656
1169 0.0189275
1170 0.0187868
1171 0.0186433
1172 0.0184973
1173 0.0183487
1174 0.0181978
1175 0.0180444
1176 0.0178888
1177 0.017731
1178 0.0175711
1179 0.0174091
1180 0.0172452
1181 0.0170794
1182 0.0169118
1183 0.0167425
1184 0.0165716
1185 0.0163991
1186 0.0162252
1187 0.0160499
1188 0.0158733
1189 0.0156954
1190 0.0155165
1191 0.0153365
1192 0.0151555
1193 0.0149737
1194 0.014791
1195 0.0146077
1196 0.0144237
1197 0.0142391
1198 0.0140541
1199 0.0138686
1200 0.0136829
1201 0.0134968
1202 0.0133107
1203 0.0131244
1204 0.0129381
1205 0.0127519
1206 0.0125658
1207 0.0123799
1208 0.0121943
1209 0.0120091
1210 0.0118242
1211 0.0116398
1212 0.011456
1213 0.0112728
1214 0.0110902
1215 0.0109084
1216 0.0107274
1217 0.0105473
1218 0.010368
1219 0.0101897
1220 0.0100125
1221 0.00983628
1222 0.00966122
1223 0.00948735
1224 0.0093147
1225 0.00914332
1226 0.00897327
1227 0.00880457
1228 0.00863729
1229 0.00847144
1230 0.00830708
1231 0.00814425
1232 0.00798297
1233 0.00782328
1234 0.00766522
1235 0.00750881
1236 0.00735408
1237 0.00720107
1238 0.0070498
1239 0.00690029
1240 0.00675256
1241 0.00660664
1242 0.00646255
1243 0.00632031
1244 0.00617992
1245 0.00604141
1246 0.0059048
1247 0.00577009
1248 0.00563729
1249 0.00550642
1250 0.00537748
1251 0.00525048
1252 0.00512542
1253 0.00500232
1254 0.00488116
1255 0.00476196
1256 0.00464472
1257 0.00452943
1258 0.00441609
1259 0.0043047
1260 0.00419526
1261 0.00408775
1262 0.00398218
1263 0.00387854
1264 0.00377681
1265 0.003677
1266 0.00357908
1267 0.00348305
1268 0.0033889
1269 0.00329662
1270 0.00320618
1271 0.00311758
1272 0.0030308
1273 0.00294583
1274 0.00286265
1275 0.00278124
1276 0.00270158
1277 0.00262367
1278 0.00254747
1279 0.00247298
1280 0.00240016
1281 0.00232901
1282 0.0022595
1283 0.0021916
1284 0.00212531
1285 0.00206059
1286 0.00199743
1287 0.0019358
1288 0.00187568
1289 0.00181705
1290 0.00175989
1291 0.00170417
1292 0.00164987
1293 0.00159697
1294 0.00154544
1295 0.00149526
1296 0.00144641
1297 0.00139887
1298 0.0013526
1299 0.00130759
1300 0.00126381
1301 0.00122125
1302 0.00117987
1303 0.00113965
1304 0.00110057
1305 0.00106261
1306 0.00102575
1307 0.000989954
1308 0.000955207
1309 0.000921486
1310 0.000888769
1311 0.000857033
1312 0.000826256
1313 0.000796417
1314 0.000767493
1315 0.000739464
1316 0.000712309
1317 0.000686005
1318 0.000660534
1319 0.000635874
1320 0.000612005
1321 0.000588907
1322 0.000566562
1323 0.000544949
1324 0.000524049
1325 0.000503844
1326 0.000484316
1327 0.000465446
1328 0.000447216
1329 0.000429609
1330 0.000412607
1331 0.000396195
1332 0.000380354
1333 0.000365069
1334 0.000350324
1335 0.000336103
1336 0.000322391
1337 0.000309172
1338 0.000296432
1339 0.000284157
1340 0.000272332
1341 0.000260944
1342 0.000249979
1343 0.000239423
1344 0.000229264
1345 0.00021949
1346 0.000210087
1347 0.000201045
1348 0.000192351
1349 0.000183993
1350 0.000175961
1351 0.000168244
1352 0.000160831
1353 0.000153712
1354 0.000146876
1355 0.000140315
1356 0.000134018
1357 0.000127977
1358 0.000122181
1359 0.000116624
1360 0.000111295
1361 0.000106187
1362 0.000101292
1363 9.66024e-05
1364 9.21099e-05
1365 8.78077e-05
1366 8.36885e-05
1367 7.97456e-05
1368 7.59722e-05
1369 7.23619e-05
1370 6.89085e-05
1371 6.56059e-05
1372 6.24483e-05
1373 5.943e-05
1374 5.65455e-05
1375 5.37895e-05
1376 5.11569e-05
1377 4.86428e-05
1378 4.62424e-05
1379 4.39511e-05
1380 4.17643e-05
1381 3.9678e-05
1382 3.76877e-05
1383 3.57897e-05
1384 3.398e-05
1385 3.2255e-05
1386 3.06109e-05
1387 2.90445e-05
1388 2.75523e-05
1389 2.61312e-05
1390 2.47781e-05
1391 2.34901e-05
1392 2.22642e-05
1393 2.10978e-05
1394 1.99882e-05
1395 1.8933e-05
1396 1.79296e-05
1397 1.69757e-05
1398 1.60692e-05
1399 1.52078e-05
1400 1.43895e-05
1401 1.36123e-05
1402 1.28743e-05
1403 1.21737e-05
1404 1.15088e-05
1405 1.08779e-05
1406 1.02793e-05
1407 9.71162e-06
1408 9.17329e-06
1409 8.66294e-06
1410 8.17923e-06
1411 7.72086e-06
1412 7.28662e-06
1413 6.87531e-06
1414 6.48583e-06
1415 6.11709e-06
1416 5.76807e-06
1417 5.4378e-06
1418 5.12533e-06
1419 4.82977e-06
1420 4.55028e-06
1421 4.28603e-06
1422 4.03626e-06
1423 3.80023e-06
1424 3.57722e-06
1425 3.36657e-06
1426 3.16764e-06
1427 2.97983e-06
1428 2.80254e-06
1429 2.63523e-06
1430 2.47737e-06
1431 2.32847e-06
1432 2.18804e-06
1433 2.05563e-06
1434 1.93082e-06
1435 1.8132e-06
1436 1.70237e-06
1437 1.59797e-06
1438 1.49965e-06
1439 1.40707e-06
1440 1.31992e-06
1441 1.2379e-06
1442 1.16073e-06
1443 1.08813e-06
1444 1.01985e-06
1445 9.55648e-07
1446 8.95294e-07
1447 8.3857e-07
1448 7.8527e-07
1449 7.35198e-07
1450 6.88169e-07
1451 6.4401e-07
1452 6.02553e-07
1453 5.63643e-07
1454 5.27131e-07
1455 4.92878e-07
1456 4.6075e-07
1457 4.30624e-07
1458 4.0238e-07
1459 3.75907e-07
1460 3.511e-07
1461 3.27859e-07
1462 3.06089e-07
1463 2.85704e-07
1464 2.66618e-07
1465 2.48754e-07
1466 2.32036e-07
1467 2.16394e-07
1468 2.01764e-07
1469 1.88082e-07
1470 1.75289e-07
1471 1.63332e-07
1472 1.52157e-07
1473 1.41716e-07
1474 1.31963e-07
1475 1.22854e-07
1476 1.14349e-07
1477 1.0641e-07
1478 9.90011e-08
1479 9.20877e-08
1480 8.56386e-08
1481 7.96238e-08
1482 7.40154e-08
1483 6.87872e-08
1484 6.39143e-08
1485 5.93738e-08
1486 5.51438e-08
1487 5.12041e-08
1488 4.75356e-08
1489 4.41202e-08
1490 4.09414e-08
1491 3.79834e-08
1492 3.52314e-08
1493 3.26717e-08
1494 3.02913e-08
1495 2.80783e-08
1496 2.60213e-08
1497 2.41098e-08
1498 2.23338e-08
1499 2.06841e-08
1500 1.91521e-08
1501 1.77298e-08
1502 1.64094e-08
1503 1.51841e-08
1504 1.40473e-08
1505 1.29927e-08
1506 1.20146e-08
1507 1.11078e-08
1508 1.02672e-08
1509 9.48809e-09
1510 8.76621e-09
1511 8.09749e-09
1512 7.47814e-09
1513 6.90466e-09
1514 6.37377e-09
1515 5.88241e-09
1516 5.42775e-09
1517 5.00713e-09
1518 4.6181e-09
1519 4.25836e-09
1520 3.92579e-09
1521 3.61841e-09
1522 3.33436e-09
1523 3.07194e-09
1524 2.82955e-09
1525 2.60572e-09
1526 2.39907e-09
1527 2.20832e-09
1528 2.0323e-09
1529 1.8699e-09
1530 1.7201e-09
1531 1.58196e-09
1532 1.45459e-09
1533 1.33719e-09
1534 1.22899e-09
1535 1.1293e-09
1536 1.03747e-09
1537 9.52899e-10
1538 8.75031e-10
1539 8.0335e-10
1540 7.37381e-10
1541 6.7668e-10
1542 6.20841e-10
1543 5.69486e-10
1544 5.22264e-10
1545 4.78853e-10
1546 4.38955e-10
1547 4.02293e-10
1548 3.68613e-10
1549 3.37679e-10
1550 3.09273e-10
1551 2.83195e-10
1552 2.59259e-10
1553 2.37294e-10
1554 2.17143e-10
1555 1.98659e-10
1556 1.8171e-10
1557 1.6617e-10
1558 1.51926e-10
1559 1.38872e-10
1560 1.26912e-10
1561 1.15957e-10
1562 1.05925e-10
1563 9.67389e-11
1564 8.83305e-11
1565 8.06352e-11
1566 7.35942e-11
1567 6.71534e-11
1568 6.12628e-11
1569 5.58767e-11
1570 5.0953e-11
1571 4.6453e-11
1572 4.23411e-11
1573 3.85848e-11
1574 3.5154e-11
1575 3.20212e-11
1576 2.91612e-11
1577 2.65508e-11
1578 2.41688e-11
1579 2.19957e-11
1580 2.00136e-11
1581 1.82061e-11
1582 1.65582e-11
1583 1.50562e-11
1584 1.36874e-11
1585 1.24403e-11
1586 1.13044e-11
1587 1.02699e-11
1588 9.32806e-12
1589 8.47073e-12
1590 7.6905e-12
1591 6.98061e-12
1592 6.33485e-12
1593 5.74757e-12
1594 5.21359e-12
1595 4.72818e-12
1596 4.28702e-12
1597 3.88617e-12
1598 3.52203e-12
1599 3.1913e-12
1600 2.891e-12
1601 2.61838e-12
1602 2.37095e-12
1603 2.14643e-12
1604 1.94274e-12
1605 1.758e-12
1606 1.59047e-12
1607 1.4386e-12
1608 1.30094e-12
1609 1.17619e-12
1610 1.06317e-12
1611 9.60805e-13
1612 8.68102e-13
1613 7.84172e-13
1614 7.082e-13
1615 6.39449e-13
1616 5.77245e-13
1617 5.20978e-13
1618 4.70092e-13
1619 4.24083e-13
1620 3.82494e-13
1621 3.44907e-13
1622 3.10945e-13
1623 2.80266e-13
1624 2.52559e-13
1625 2.27541e-13
1626 2.04956e-13
1627 1.84572e-13
1628 1.66179e-13
1629 1.49586e-13
1630 1.3462e-13
1631 1.21125e-13
1632 1.08959e-13
1633 9.79929e-14
1634 8.81114e-14
1635 7.92089e-14
1636 7.11903e-14
1637 6.39694e-14
1638 5.74682e-14
1639 5.16164e-14
1640 4.63503e-14
1641 4.16123e-14
1642 3.73504e-14
1643 3.35176e-14
1644 3.00716e-14
1645 2.69738e-14
1646 2.41899e-14
1647 2.16885e-14
1648 1.94415e-14
1649 1.74234e-14
1650 1.56114e-14
1651 1.39848e-14
1652 1.25249e-14
1653 1.12149e-14
1654 1.00397e-14
1655 8.98569e-15
1656 8.04056e-15
1657 7.19325e-15
1658 6.43381e-15
1659 5.75329e-15
1660 5.14361e-15
1661 4.59752e-15
1662 4.10851e-15
1663 3.6707e-15
1664 3.27882e-15
1665 2.92813e-15
1666 2.61438e-15
1667 2.33373e-15
1668 2.08274e-15
1669 1.85834e-15
1670 1.65776e-15
1671 1.47849e-15
1672 1.31832e-15
1673 1.17525e-15
1674 1.04747e-15
1675 9.33377e-16
1676 8.31529e-16
1677 7.40631e-16
1678 6.59524e-16
1679 5.8717e-16
1680 5.22638e-16
1681 4.65096e-16
1682 4.13798e-16
1683 3.68077e-16
1684 3.27335e-16
1685 2.91039e-16
1686 2.58711e-16
1687 2.29923e-16
1688 2.04293e-16
1689 1.8148e-16
1690 1.6118e-16
1691 1.43118e-16
1692 1.27053e-16
1693 1.12766e-16
1694 1.00063e-16
1695 8.87718e-17
1696 7.87374e-17
1697 6.98218e-17
1698 6.19021e-17
1699 5.48686e-17
1700 4.86235e-17
1701 4.30797e-17
1702 3.81596e-17
1703 3.3794e-17
1704 2.99212e-17
1705 2.64863e-17
1706 2.34407e-17
1707 2.07406e-17
1708 1.83475e-17
1709 1.6227e-17
1710 1.43483e-17
1711 1.26844e-17
1712 1.12109e-17
1713 9.90645e-18
1714 8.75181e-18
1715 7.73005e-18
1716 6.82607e-18
1717 6.02647e-18
1718 5.31936e-18
1719 4.69418e-18
1720 4.14156e-18
1721 3.65319e-18
1722 3.2217e-18
1723 2.84054e-18
1724 2.50392e-18
1725 2.20671e-18
1726 1.94435e-18
1727 1.7128e-18
1728 1.50849e-18
1729 1.32826e-18
1730 1.1693e-18
1731 1.02914e-18
1732 9.05577e-19
1733 7.96675e-19
1734 7.00714e-19
1735 6.16176e-19
1736 5.41717e-19
1737 4.7615e-19
1738 4.18427e-19
1739 3.6762e-19
1740 3.22911e-19
1741 2.83576e-19
1742 2.48978e-19
1743 2.18553e-19
1744 1.91803e-19
1745 1.6829e-19
1746 1.47627e-19
1747 1.29473e-19
1748 1.13525e-19
1749 9.95204e-20
1750 8.72238e-20
1751 7.64297e-20
1752 6.69566e-20
1753 5.86446e-20
1754 5.13532e-20
1755 4.49583e-20
1756 3.93511e-20
1757 3.44356e-20
1758 3.01274e-20
1759 2.63524e-20
1760 2.30453e-20
1761 2.01488e-20
1762 1.76124e-20
1763 1.53919e-20
1764 1.34484e-20
1765 1.17477e-20
1766 1.02598e-20
1767 8.95835e-21
1768 7.82026e-21
1769 6.82525e-21
1770 5.95551e-21
1771 5.19546e-21
1772 4.5314e-21
1773 3.95134e-21
1774 3.44477e-21
1775 3.00248e-21
1776 2.61639e-21
1777 2.27945e-21
1778 1.98546e-21
1779 1.729e-21
1780 1.50533e-21
1781 1.31031e-21
1782 1.1403e-21
1783 9.92131e-22
1784 8.63021e-22
1785 7.50547e-22
1786 6.52586e-22
1787 5.67285e-22
1788 4.93025e-22
1789 4.2839e-22
1790 3.72146e-22
1791 3.23215e-22
1792 2.80656e-22
1793 2.43646e-22
1794 2.1147e-22
1795 1.83502e-22
1796 1.59198e-22
1797 1.38082e-22
1798 1.1974e-22
1799 1.03812e-22
1800 8.99823e-23
1801 7.79779e-23
1802 6.75599e-23
1803 5.85208e-23
1804 5.06799e-23
1805 4.38798e-23
1806 3.79836e-23
1807 3.28725e-23
1808 2.84428e-23
1809 2.46045e-23
1810 2.12795e-23
1811 1.83997e-23
1812 1.59062e-23
1813 1.37475e-23
1814 1.18791e-23
1815 1.02624e-23
1816 8.86374e-24
1817 7.65401e-24
1818 6.60791e-24
1819 5.70352e-24
1820 4.92182e-24
1821 4.24631e-24
1822 3.6627e-24
1823 3.1586e-24
1824 2.72327e-24
1825 2.34742e-24
1826 2.02299e-24
1827 1.74301e-24
1828 1.50145e-24
1829 1.29308e-24
1830 1.11338e-24
1831 9.58436e-25
1832 8.24873e-25
1833 7.09765e-25
1834 6.10584e-25
1835 5.25145e-25
1836 4.51562e-25
1837 3.88202e-25
1838 3.33658e-25
1839 2.86714e-25
1840 2.4632e-25
1841 2.1157e-25
1842 1.81682e-25
1843 1.55981e-25
1844 1.33886e-25
1845 1.14896e-25
1846 9.85765e-26
1847 8.45565e-26
1848 7.25144e-26
1849 6.21733e-26
1850 5.32951e-26
1851 4.56745e-26
1852 3.91348e-26
1853 3.35241e-26
1854 2.87113e-26
1855 2.4584e-26
1856 2.10453e-26
1857 1.80119e-26
1858 1.54124e-26
1859 1.31851e-26
1860 1.12771e-26
1861 9.64309e-27
1862 8.24399e-27
1863 7.04633e-27
1864 6.02131e-27
1865 5.14426e-27
1866 4.39397e-27
1867 3.75228e-27
1868 3.20358e-27
1869 2.73452e-27
1870 2.33361e-27
1871 1.99103e-27
1872 1.69837e-27
1873 1.4484e-27
1874 1.23495e-27
1875 1.05272e-27
1876 8.97178e-28
1877 7.64448e-28
1878 6.51209e-28
1879 5.54621e-28
1880 4.72253e-28
1881 4.02028e-28
1882 3.4217e-28
1883 2.91159e-28
1884 2.47697e-28
1885 2.10676e-28
1886 1.79148e-28
1887 1.52304e-28
1888 1.29454e-28
1889 1.10007e-28
1890 9.34611e-29
1891 7.93858e-29
1892 6.74152e-29
1893 5.72368e-29
1894 4.85843e-29
1895 4.12306e-29
1896 3.49821e-29
1897 2.9674e-29
1898 2.51656e-29
1899 2.13375e-29
1900 1.80876e-29
1901 1.53293e-29
1902 1.29887e-29
1903 1.1003e-29
1904 9.3188e-30
1905 7.89063e-30
1906 6.67985e-30
1907 5.65358e-30
1908 4.78392e-30
1909 4.04712e-30
1910 3.42304e-30
1911 2.89454e-30
1912 2.4471e-30
1913 2.06835e-30
1914 1.74784e-30
1915 1.47666e-30
1916 1.24727e-30
1917 1.05329e-30
1918 8.8927e-31
1919 7.50626e-31
1920 6.33455e-31
1921 5.34455e-31
1922 4.50826e-31
1923 3.80198e-31
1924 3.20563e-31
1925 2.70221e-31
1926 2.27734e-31
1927 1.91884e-31
1928 1.61641e-31
1929 1.36135e-31
1930 1.14627e-31
1931 9.64961e-32
1932 8.12146e-32
1933 6.83379e-32
1934 5.74899e-32
1935 4.8353e-32
1936 4.06591e-32
1937 3.41819e-32
1938 2.873e-32
1939 2.41423e-32
1940 2.02826e-32
1941 1.70361e-32
1942 1.43061e-32
1943 1.20108e-32
1944 1.00816e-32
1945 8.4603e-33
1946 7.09816e-33
1947 5.95399e-33
1948 4.99314e-33
1949 4.18639e-33
1950 3.5092e-33
1951 2.9409e-33
1952 2.46408e-33
1953 2.0641e-33
1954 1.72866e-33
1955 1.4474e-33
1956 1.21164e-33
1957 1.01405e-33
1958 8.4849e-34
1959 7.09801e-34
1960 5.93648e-34
1961 4.96389e-34
1962 4.14973e-34
1963 3.46831e-34
1964 2.89813e-34
1965 2.42114e-34
1966 2.0222e-34
1967 1.68862e-34
1968 1.40975e-34
1969 1.17666e-34
1970 9.81893e-35
1971 8.19183e-35
1972 6.8328e-35
1973 5.69792e-35
1974 4.75049e-35
1975 3.95967e-35
1976 3.29979e-35
1977 2.74926e-35
1978 2.29005e-35
1979 1.9071e-35
1980 1.58784e-35
1981 1.32173e-35
1982 1.09997e-35
1983 9.15208e-36
1984 7.6131e-36
1985 6.33148e-36
1986 5.2644e-36
1987 4.3762e-36
1988 3.63702e-36
1989 3.02201e-36
1990 2.51043e-36
1991 2.08499e-36
1992 1.73125e-36
1993 1.4372e-36
1994 1.19282e-36
1995 9.89776e-37
1996 8.2111e-37
1997 6.81025e-37
1998 5.64712e-37
1999 4.68162e-37
2000 3.88031e-37
2001 3.21538e-37
2002 2.66378e-37
2003 2.20632e-37
2004 1.82702e-37
2005 1.51256e-37
2006 1.25192e-37
2007 1.03596e-37
2008 8.57065e-38
2009 7.08888e-38
2010 5.86179e-38
2011 4.846e-38
2012 4.00534e-38
2013 3.30963e-38
2014 2.73404e-38
2015 2.258e-38
2016 1.86437e-38
2017 1.53892e-38
2018 1.2699e-38
2019 1.04761e-38
2020 8.63978e-39
2021 7.1229e-39
2022 5.87008e-39
2023 4.83589e-39
2024 3.9823e-39
2025 3.27787e-39
2026 2.69667e-39
2027 2.21721e-39
2028 1.82185e-39
2029 1.49593e-39
2030 1.22724e-39
2031 1.0058e-39
2032 8.23389e-40
2033 6.73158e-40
2034 5.49436e-40
2035 4.47574e-40
2036 3.63764e-40
2037 2.94821e-40
2038 2.38125e-40
2039 1.91528e-40
2040 1.53263e-40
2041 1.21866e-40
2042 9.61311e-41
2043 7.50731e-41
2044 5.7884e-41
2045 4.39024e-41
2046 3.2584e-41
2047 2.34887e-41
