0 4.35811e-81
1 4.4025e-81
2 4.78178e-81
3 5.54777e-81
4 6.80537e-81
5 8.72676e-81
6 1.15746e-80
7 1.57374e-80
8 2.17819e-80
9 3.05291e-80
10 4.31643e-80
11 6.13954e-80
12 8.76809e-80
13 1.25557e-79
14 1.80107e-79
15 2.58634e-79
16 3.71629e-79
17 5.34148e-79
18 7.67799e-79
19 1.10357e-78
20 1.5859e-78
21 2.27847e-78
22 3.27248e-78
23 4.69857e-78
24 6.74367e-78
25 9.67528e-78
26 1.38759e-77
27 1.98924e-77
28 2.85061e-77
29 4.08331e-77
30 5.84667e-77
31 8.36809e-77
32 1.1972e-76
33 1.71208e-76
34 2.4474e-76
35 3.49707e-76
36 4.99487e-76
37 7.13122e-76
38 1.01771e-75
39 1.45178e-75
40 2.07014e-75
41 2.95066e-75
42 4.20394e-75
43 5.98706e-75
44 8.52295e-75
45 1.21279e-74
46 1.72505e-74
47 2.45265e-74
48 3.4857e-74
49 4.9518e-74
50 7.03163e-74
51 9.98085e-74
52 1.41611e-73
53 2.00839e-73
54 2.8472e-73
55 4.03465e-73
56 5.71496e-73
57 8.09169e-73
58 1.14521e-72
59 1.62013e-72
60 2.29104e-72
61 3.23843e-72
62 4.57568e-72
63 6.46242e-72
64 9.12334e-72
65 1.28745e-71
66 1.81605e-71
67 2.5606e-71
68 3.6089e-71
69 5.08426e-71
70 7.15975e-71
71 1.00783e-70
72 1.41806e-70
73 1.99444e-70
74 2.80392e-70
75 3.9403e-70
76 5.53491e-70
77 7.7716e-70
78 1.09076e-69
79 1.53026e-69
80 2.14595e-69
81 3.0081e-69
82 4.21486e-69
83 5.90326e-69
84 8.26455e-69
85 1.15655e-68
86 1.61781e-68
87 2.26209e-68
88 3.16161e-68
89 4.41698e-68
90 6.16822e-68
91 8.61019e-68
92 1.20139e-67
93 1.6756e-67
94 2.33602e-67
95 3.25537e-67
96 4.53463e-67
97 6.31394e-67
98 8.78773e-67
99 1.22256e-66
100 1.70013e-66
101 2.36325e-66
102 3.28364e-66
103 4.56057e-66
104 6.3314e-66
105 8.78612e-66
106 1.21874e-65
107 1.68983e-65
108 2.34204e-65
109 3.24459e-65
110 4.49307e-65
111 6.21932e-65
112 8.60518e-65
113 1.19013e-64
114 1.6453e-64
115 2.27359e-64
116 3.14048e-64
117 4.33608e-64
118 5.98433e-64
119 8.25561e-64
120 1.13841e-63
121 1.56916e-63
122 2.16198e-63
123 2.9775e-63
124 4.0989e-63
125 5.64028e-63
126 7.75799e-63
127 1.06663e-62
128 1.46587e-62
129 2.01369e-62
130 2.76507e-62
131 3.79521e-62
132 5.20693e-62
133 7.14073e-62
134 9.78859e-62
135 1.34126e-61
136 1.83705e-61
137 2.51505e-61
138 3.4418e-61
139 4.70805e-61
140 6.43743e-61
141 8.7983e-61
142 1.20199e-60
143 1.64141e-60
144 2.24053e-60
145 3.05702e-60
146 4.16928e-60
147 5.6838e-60
148 7.74519e-60
149 1.05497e-59
150 1.43636e-59
151 1.95479e-59
152 2.65922e-59
153 3.61594e-59
154 4.91477e-59
155 6.67729e-59
156 9.068e-59
157 1.23094e-58
158 1.67023e-58
159 2.26533e-58
160 3.07115e-58
161 4.16183e-58
162 5.63744e-58
163 7.63297e-58
164 1.03305e-57
165 1.39752e-57
166 1.88979e-57
167 2.55435e-57
168 3.45113e-57
169 4.66076e-57
170 6.29166e-57
171 8.4896e-57
172 1.14505e-56
173 1.54373e-56
174 2.08034e-56
175 2.80228e-56
176 3.77312e-56
177 5.07812e-56
178 6.83153e-56
179 9.18643e-56
180 1.23478e-55
181 1.65899e-55
182 2.22797e-55
183 2.99082e-55
184 4.01312e-55
185 5.38254e-55
186 7.21614e-55
187 9.67019e-55
188 1.29532e-54
189 1.73433e-54
190 2.32113e-54
191 3.10512e-54
192 4.15211e-54
193 5.54973e-54
194 7.41459e-54
195 9.90179e-54
196 1.32176e-53
197 1.76361e-53
198 2.35214e-53
199 3.13572e-53
200 4.17851e-53
201 5.56566e-53
202 7.41009e-53
203 9.86147e-53
204 1.31181e-52
205 1.74426e-52
206 2.31826e-52
207 3.0798e-52
208 4.08973e-52
209 5.42848e-52
210 7.2023e-52
211 9.55158e-52
212 1.26616e-51
213 1.6777e-51
214 2.22202e-51
215 2.94166e-51
216 3.89266e-51
217 5.14886e-51
218 6.80745e-51
219 8.99639e-51
220 1.1884e-50
221 1.56915e-50
222 2.07098e-50
223 2.7321e-50
224 3.60269e-50
225 4.74861e-50
226 6.25626e-50
227 8.23896e-50
228 1.08452e-49
229 1.42696e-49
230 1.8767e-49
231 2.4671e-49
232 3.24181e-49
233 4.2579e-49
234 5.59e-49
235 7.3356e-49
236 9.62205e-49
237 1.26156e-48
238 1.65331e-48
239 2.16576e-48
240 2.83578e-48
241 3.71144e-48
242 4.85534e-48
243 6.34898e-48
244 8.29842e-48
245 1.08416e-47
246 1.41579e-47
247 1.84803e-47
248 2.41117e-47
249 3.14451e-47
250 4.09905e-47
251 5.34097e-47
252 6.95606e-47
253 9.05549e-47
254 1.17833e-46
255 1.5326e-46
256 1.99248e-46
257 2.5892e-46
258 3.36312e-46
259 4.3664e-46
260 5.66645e-46
261 7.35026e-46
262 9.53015e-46
263 1.2351e-45
264 1.59995e-45
265 2.07166e-45
266 2.68122e-45
267 3.46858e-45
268 4.48513e-45
269 5.79699e-45
270 7.48916e-45
271 9.67092e-45
272 1.24826e-44
273 1.61045e-44
274 2.07679e-44
275 2.67695e-44
276 3.44898e-44
277 4.44165e-44
278 5.71743e-44
279 7.35631e-44
280 9.46066e-44
281 1.21615e-43
282 1.56261e-43
283 2.00687e-43
284 2.57626e-43
285 3.30569e-43
286 4.2397e-43
287 5.43513e-43
288 6.96445e-43
289 8.91999e-43
290 1.14194e-42
291 1.46124e-42
292 1.86898e-42
293 2.38938e-42
294 3.05328e-42
295 3.89986e-42
296 4.97889e-42
297 6.35353e-42
298 8.10398e-42
299 1.03319e-41
300 1.31663e-41
301 1.67705e-41
302 2.13515e-41
303 2.71713e-41
304 3.45613e-41
305 4.3941e-41
306 5.58405e-41
307 7.09295e-41
308 9.00541e-41
309 1.14282e-40
310 1.44962e-40
311 1.83791e-40
312 2.32914e-40
313 2.95029e-40
314 3.73536e-40
315 4.72713e-40
316 5.97944e-40
317 7.55999e-40
318 9.55388e-40
319 1.2068e-39
320 1.52367e-39
321 1.92283e-39
322 2.42544e-39
323 3.05799e-39
324 3.85371e-39
325 4.85422e-39
326 6.11163e-39
327 7.69116e-39
328 9.67438e-39
329 1.21633e-38
330 1.52854e-38
331 1.91999e-38
332 2.41056e-38
333 3.02506e-38
334 3.79443e-38
335 4.75726e-38
336 5.9616e-38
337 7.46734e-38
338 9.34901e-38
339 1.16994e-37
340 1.46338e-37
341 1.82956e-37
342 2.2863e-37
343 2.85574e-37
344 3.56533e-37
345 4.44916e-37
346 5.54951e-37
347 6.91875e-37
348 8.62181e-37
349 1.07391e-36
350 1.33701e-36
351 1.66379e-36
352 2.06948e-36
353 2.57289e-36
354 3.19728e-36
355 3.97136e-36
356 4.93056e-36
357 6.11861e-36
358 7.58943e-36
359 9.40947e-36
360 1.16606e-35
361 1.44437e-35
362 1.78829e-35
363 2.21308e-35
364 2.73752e-35
365 3.38471e-35
366 4.183e-35
367 5.16722e-35
368 6.38015e-35
369 7.87424e-35
370 9.71385e-35
371 1.19779e-34
372 1.4763e-34
373 1.81876e-34
374 2.23968e-34
375 2.75679e-34
376 3.3918e-34
377 4.17127e-34
378 5.12763e-34
379 6.30052e-34
380 7.73838e-34
381 9.50029e-34
382 1.16584e-33
383 1.43007e-33
384 1.75345e-33
385 2.14905e-33
386 2.63281e-33
387 3.22414e-33
388 3.94667e-33
389 4.82916e-33
390 5.9066e-33
391 7.22154e-33
392 8.82572e-33
393 1.0782e-32
394 1.31669e-32
395 1.60731e-32
396 1.96132e-32
397 2.39242e-32
398 2.91718e-32
399 3.55575e-32
400 4.33253e-32
401 5.27712e-32
402 6.42539e-32
403 7.82081e-32
404 9.51603e-32
405 1.15748e-31
406 1.40743e-31
407 1.71081e-31
408 2.07891e-31
409 2.52542e-31
410 3.0669e-31
411 3.72335e-31
412 4.51898e-31
413 5.48304e-31
414 6.6509e-31
415 8.06528e-31
416 9.77783e-31
417 1.18509e-30
418 1.43598e-30
419 1.73956e-30
420 2.10681e-30
421 2.55099e-30
422 3.08811e-30
423 3.73751e-30
424 4.5225e-30
425 5.47124e-30
426 6.61768e-30
427 8.0028e-30
428 9.67603e-30
429 1.1697e-29
430 1.41377e-29
431 1.70847e-29
432 2.06428e-29
433 2.49381e-29
434 3.01227e-29
435 3.638e-29
436 4.39311e-29
437 5.30427e-29
438 6.4036e-29
439 7.72984e-29
440 9.32968e-29
441 1.12594e-28
442 1.35868e-28
443 1.63935e-28
444 1.97781e-28
445 2.38592e-28
446 2.87796e-28
447 3.47115e-28
448 4.18624e-28
449 5.04818e-28
450 6.08707e-28
451 7.33912e-28
452 8.84793e-28
453 1.0666e-27
454 1.28565e-27
455 1.54956e-27
456 1.86746e-27
457 2.25038e-27
458 2.71157e-27
459 3.26695e-27
460 3.93569e-27
461 4.74083e-27
462 5.71008e-27
463 6.87672e-27
464 8.28076e-27
465 9.97026e-27
466 1.2003e-26
467 1.44482e-26
468 1.73892e-26
469 2.09258e-26
470 2.5178e-26
471 3.02894e-26
472 3.64326e-26
473 4.38144e-26
474 5.26824e-26
475 6.33336e-26
476 7.61236e-26
477 9.14781e-26
478 1.09907e-25
479 1.3202e-25
480 1.58546e-25
481 1.90359e-25
482 2.28499e-25
483 2.74213e-25
484 3.28989e-25
485 3.94601e-25
486 4.7317e-25
487 5.67223e-25
488 6.79774e-25
489 8.14416e-25
490 9.75427e-25
491 1.1679e-24
492 1.39791e-24
493 1.67266e-24
494 2.00074e-24
495 2.39234e-24
496 2.85958e-24
497 3.41684e-24
498 4.08119e-24
499 4.87289e-24
500 5.81594e-24
501 6.93878e-24
502 8.27513e-24
503 9.86485e-24
504 1.17551e-23
505 1.40018e-23
506 1.66708e-23
507 1.984e-23
508 2.36014e-23
509 2.80635e-23
510 3.33542e-23
511 3.96244e-23
512 4.70516e-23
513 5.58449e-23
514 6.62504e-23
515 7.85572e-23
516 9.31052e-23
517 1.10294e-22
518 1.30591e-22
519 1.54547e-22
520 1.82805e-22
521 2.1612e-22
522 2.55377e-22
523 3.01608e-22
524 3.56023e-22
525 4.20035e-22
526 4.95294e-22
527 5.83725e-22
528 6.87574e-22
529 8.09461e-22
530 9.52434e-22
531 1.12004e-21
532 1.31642e-21
533 1.54637e-21
534 1.81546e-21
535 2.13017e-21
536 2.49802e-21
537 2.92772e-21
538 3.42935e-21
539 4.01461e-21
540 4.69702e-21
541 5.49221e-21
542 6.41824e-21
543 7.49597e-21
544 8.74947e-21
545 1.02065e-20
546 1.18989e-20
547 1.38637e-20
548 1.6143e-20
549 1.87857e-20
550 2.18476e-20
551 2.53929e-20
552 2.94954e-20
553 3.42393e-20
554 3.97216e-20
555 4.60528e-20
556 5.33596e-20
557 6.17868e-20
558 7.14998e-20
559 8.26872e-20
560 9.55643e-20
561 1.10376e-19
562 1.27403e-19
563 1.46961e-19
564 1.69413e-19
565 1.9517e-19
566 2.24697e-19
567 2.58525e-19
568 2.97253e-19
569 3.41562e-19
570 3.92221e-19
571 4.50102e-19
572 5.1619e-19
573 5.916e-19
574 6.77588e-19
575 7.75574e-19
576 8.87159e-19
577 1.01415e-18
578 1.15858e-18
579 1.32273e-18
580 1.50919e-18
581 1.72085e-18
582 1.96098e-18
583 2.23323e-18
584 2.54173e-18
585 2.8911e-18
586 3.28654e-18
587 3.73387e-18
588 4.23963e-18
589 4.81119e-18
590 5.45677e-18
591 6.18564e-18
592 7.00819e-18
593 7.93608e-18
594 8.98242e-18
595 1.01619e-17
596 1.14911e-17
597 1.29887e-17
598 1.46755e-17
599 1.65753e-17
600 1.87145e-17
601 2.11231e-17
602 2.38352e-17
603 2.6889e-17
604 3.03279e-17
605 3.42011e-17
606 3.85645e-17
607 4.34816e-17
608 4.90245e-17
609 5.52759e-17
610 6.23297e-17
611 7.02936e-17
612 7.92911e-17
613 8.94635e-17
614 1.00974e-16
615 1.14009e-16
616 1.28785e-16
617 1.45551e-16
618 1.64594e-16
619 1.8625e-16
620 2.10903e-16
621 2.39003e-16
622 2.7107e-16
623 3.0771e-16
624 3.49627e-16
625 3.97643e-16
626 4.52714e-16
627 5.15955e-16
628 5.88667e-16
629 6.72369e-16
630 7.68834e-16
631 8.80132e-16
632 1.00868e-15
633 1.1573e-15
634 1.3293e-15
635 1.52852e-15
636 1.75945e-15
637 2.02737e-15
638 2.33838e-15
639 2.69964e-15
640 3.1195e-15
641 3.60768e-15
642 4.17551e-15
643 4.8362e-15
644 5.60513e-15
645 6.50019e-15
646 7.54219e-15
647 8.75532e-15
648 1.01677e-14
649 1.1812e-14
650 1.3726e-14
651 1.59536e-14
652 1.85458e-14
653 2.15615e-14
654 2.50688e-14
655 2.91466e-14
656 3.3886e-14
657 3.93924e-14
658 4.57871e-14
659 5.32102e-14
660 6.18231e-14
661 7.18117e-14
662 8.33898e-14
663 9.68035e-14
664 1.12335e-13
665 1.3031e-13
666 1.51099e-13
667 1.7513e-13
668 2.02893e-13
669 2.34946e-13
670 2.71932e-13
671 3.14582e-13
672 3.63734e-13
673 4.20343e-13
674 4.85499e-13
675 5.60446e-13
676 6.46599e-13
677 7.4557e-13
678 8.59195e-13
679 9.89557e-13
680 1.13903e-12
681 1.31029e-12
682 1.50641e-12
683 1.73083e-12
684 1.98748e-12
685 2.2808e-12
686 2.61581e-12
687 2.99819e-12
688 3.43436e-12
689 3.93156e-12
690 4.49798e-12
691 5.14284e-12
692 5.87653e-12
693 6.71077e-12
694 7.65873e-12
695 8.73526e-12
696 9.95701e-12
697 1.13427e-11
698 1.29134e-11
699 1.46927e-11
700 1.67071e-11
701 1.89861e-11
702 2.15632e-11
703 2.44753e-11
704 2.77642e-11
705 3.14764e-11
706 3.56638e-11
707 4.03845e-11
708 4.57033e-11
709 5.16924e-11
710 5.84326e-11
711 6.60134e-11
712 7.4535e-11
713 8.41085e-11
714 9.48578e-11
715 1.0692e-10
716 1.20449e-10
717 1.35614e-10
718 1.52604e-10
719 1.71626e-10
720 1.92914e-10
721 2.16725e-10
722 2.43341e-10
723 2.7308e-10
724 3.06288e-10
725 3.43351e-10
726 3.84696e-10
727 4.30792e-10
728 4.82159e-10
729 5.3937e-10
730 6.03059e-10
731 6.73922e-10
732 7.52728e-10
733 8.40324e-10
734 9.37642e-10
735 1.04571e-09
736 1.16565e-09
737 1.29871e-09
738 1.44626e-09
739 1.60978e-09
740 1.79093e-09
741 1.99151e-09
742 2.2135e-09
743 2.45909e-09
744 2.73064e-09
745 3.03077e-09
746 3.36234e-09
747 3.72848e-09
748 4.13262e-09
749 4.57851e-09
750 5.07025e-09
751 5.61232e-09
752 6.20962e-09
753 6.8675e-09
754 7.59181e-09
755 8.38893e-09
756 9.26582e-09
757 1.02301e-08
758 1.129e-08
759 1.24546e-08
760 1.37337e-08
761 1.5138e-08
762 1.66793e-08
763 1.83702e-08
764 2.02246e-08
765 2.22575e-08
766 2.44853e-08
767 2.69258e-08
768 2.95983e-08
769 3.2524e-08
770 3.57256e-08
771 3.92281e-08
772 4.30582e-08
773 4.72455e-08
774 5.18215e-08
775 5.68207e-08
776 6.22806e-08
777 6.82417e-08
778 7.47479e-08
779 8.18469e-08
780 8.95903e-08
781 9.80341e-08
782 1.07239e-07
783 1.1727e-07
784 1.28198e-07
785 1.40101e-07
786 1.53062e-07
787 1.6717e-07
788 1.82522e-07
789 1.99225e-07
790 2.17391e-07
791 2.37143e-07
792 2.58615e-07
793 2.81949e-07
794 3.07301e-07
795 3.34837e-07
796 3.64739e-07
797 3.97201e-07
798 4.32433e-07
799 4.70662e-07
800 5.12132e-07
801 5.57107e-07
802 6.05871e-07
803 6.5873e-07
804 7.16014e-07
805 7.78078e-07
806 8.45305e-07
807 9.18105e-07
808 9.96923e-07
809 1.08223e-06
810 1.17455e-06
811 1.27443e-06
812 1.38245e-06
813 1.49927e-06
814 1.62555e-06
815 1.76204e-06
816 1.90953e-06
817 2.06885e-06
818 2.24093e-06
819 2.42673e-06
820 2.6273e-06
821 2.84377e-06
822 3.07732e-06
823 3.32926e-06
824 3.60095e-06
825 3.89387e-06
826 4.20961e-06
827 4.54984e-06
828 4.91638e-06
829 5.31116e-06
830 5.73623e-06
831 6.19382e-06
832 6.68626e-06
833 7.21608e-06
834 7.78595e-06
835 8.39874e-06
836 9.05749e-06
837 9.76546e-06
838 1.05261e-05
839 1.13431e-05
840 1.22204e-05
841 1.31622e-05
842 1.41729e-05
843 1.52573e-05
844 1.64202e-05
845 1.76672e-05
846 1.90038e-05
847 2.04361e-05
848 2.19704e-05
849 2.36135e-05
850 2.53725e-05
851 2.7255e-05
852 2.9269e-05
853 3.14231e-05
854 3.37263e-05
855 3.61879e-05
856 3.88181e-05
857 4.16275e-05
858 4.46272e-05
859 4.7829e-05
860 5.12455e-05
861 5.48897e-05
862 5.87754e-05
863 6.29172e-05
864 6.73304e-05
865 7.20311e-05
866 7.70363e-05
867 8.23636e-05
868 8.80318e-05
869 9.40606e-05
870 0.00010047
871 0.000107283
872 0.00011452
873 0.000122206
874 0.000130366
875 0.000139025
876 0.00014821
877 0.000157949
878 0.000168273
879 0.000179211
880 0.000190796
881 0.000203062
882 0.000216041
883 0.000229772
884 0.000244292
885 0.000259639
886 0.000275854
887 0.000292979
888 0.000311058
889 0.000330137
890 0.000350261
891 0.00037148
892 0.000393843
893 0.000417403
894 0.000442213
895 0.000468328
896 0.000495805
897 0.000524703
898 0.000555082
899 0.000587005
900 0.000620534
901 0.000655736
902 0.000692678
903 0.00073143
904 0.00077206
905 0.000814644
906 0.000859253
907 0.000905964
908 0.000954853
909 0.001006
910 0.00105949
911 0.00111539
912 0.0011738
913 0.00123479
914 0.00129846
915 0.00136488
916 0.00143415
917 0.00150636
918 0.00158159
919 0.00165994
920 0.0017415
921 0.00182635
922 0.00191459
923 0.00200632
924 0.00210162
925 0.00220059
926 0.00230331
927 0.00240989
928 0.00252042
929 0.00263498
930 0.00275366
931 0.00287656
932 0.00300376
933 0.00313535
934 0.00327141
935 0.00341203
936 0.00355729
937 0.00370727
938 0.00386204
939 0.00402167
940 0.00418625
941 0.00435583
942 0.00453048
943 0.00471027
944 0.00489524
945 0.00508545
946 0.00528095
947 0.00548178
948 0.00568798
949 0.00589959
950 0.00611663
951 0.00633913
952 0.0065671
953 0.00680056
954 0.0070395
955 0.00728393
956 0.00753383
957 0.0077892
958 0.00805001
959 0.00831622
960 0.00858781
961 0.00886471
962 0.00914689
963 0.00943428
964 0.0097268
965 0.0100244
966 0.0103269
967 0.0106344
968 0.0109466
969 0.0112635
970 0.0115849
971 0.0119107
972 0.0122408
973 0.0125749
974 0.0129131
975 0.013255
976 0.0136006
977 0.0139496
978 0.0143018
979 0.0146571
980 0.0150152
981 0.0153758
982 0.0157389
983 0.0161041
984 0.0164712
985 0.0168399
986 0.01721
987 0.0175813
988 0.0179533
989 0.018326
990 0.0186989
991 0.0190717
992 0.0194443
993 0.0198162
994 0.0201872
995 0.020557
996 0.0209252
997 0.0212915
998 0.0216556
999 0.0220172
1000 0.0223758
1001 0.0227313
1002 0.0230833
1003 0.0234314
1004 0.0237752
1005 0.0241146
1006 0.024449
1007 0.0247783
1008 0.025102
1009 0.0254199
1010 0.0257316
1011 0.0260368
1012 0.0263351
1013 0.0266264
1014 0.0269101
1015 0.0271861
1016 0.0274541
1017 0.0277138
1018 0.0279648
1019 0.028207
1020 0.02844
1021 0.0286635
1022 0.0288775
1023 0.0290815
1024 0.0292754
1025 0.029459
1026 0.029632
1027 0.0297943
1028 0.0299456
1029 0.0300859
1030 0.0302149
1031 0.0303325
1032 0.0304386
1033 0.030533
1034 0.0306156
1035 0.0306864
1036 0.0307453
1037 0.0307922
1038 0.030827
1039 0.0308497
1040 0.0308603
1041 0.0308588
1042 0.0308452
1043 0.0308195
1044 0.0307818
1045 0.030732
1046 0.0306703
1047 0.0305967
1048 0.0305114
1049 0.0304143
1050 0.0303057
1051 0.0301857
1052 0.0300544
1053 0.029912
1054 0.0297586
1055 0.0295944
1056 0.0294196
1057 0.0292345
1058 0.0290391
1059 0.0288338
1060 0.0286188
1061 0.0283943
1062 0.0281606
1063 0.0279179
1064 0.0276666
1065 0.0274068
1066 0.0271389
1067 0.0268631
1068 0.0265798
1069 0.0262893
1070 0.0259918
1071 0.0256877
1072 0.0253773
1073 0.0250609
1074 0.0247388
1075 0.0244114
1076 0.024079
1077 0.0237418
1078 0.0234004
1079 0.0230549
1080 0.0227056
1081 0.022353
1082 0.0219974
1083 0.021639
1084 0.0212782
1085 0.0209154
1086 0.0205508
1087 0.0201847
1088 0.0198174
1089 0.0194494
1090 0.0190808
1091 0.0187119
1092 0.0183431
1093 0.0179746
1094 0.0176067
1095 0.0172397
1096 0.0168738
1097 0.0165093
1098 0.0161465
1099 0.0157855
1100 0.0154267
1101 0.0150702
1102 0.0147163
1103 0.0143652
1104 0.014017
1105 0.013672
1106 0.0133304
1107 0.0129923
1108 0.0126579
1109 0.0123274
1110 0.0120009
1111 0.0116785
1112 0.0113605
1113 0.0110469
1114 0.0107378
1115 0.0104333
1116 0.0101336
1117 0.0098387
1118 0.00954874
1119 0.00926377
1120 0.00898386
1121 0.00870906
1122 0.00843944
1123 0.00817503
1124 0.00791588
1125 0.007662
1126 0.00741343
1127 0.00717018
1128 0.00693225
1129 0.00669966
1130 0.0064724
1131 0.00625045
1132 0.00603381
1133 0.00582245
1134 0.00561635
1135 0.00541548
1136 0.00521979
1137 0.00502926
1138 0.00484383
1139 0.00466346
1140 0.0044881
1141 0.00431768
1142 0.00415214
1143 0.00399143
1144 0.00383548
1145 0.00368422
1146 0.00353758
1147 0.00339548
1148 0.00325784
1149 0.0031246
1150 0.00299566
1151 0.00287095
1152 0.00275039
1153 0.00263388
1154 0.00252136
1155 0.00241272
1156 0.00230789
1157 0.00220677
1158 0.00210928
1159 0.00201533
1160 0.00192484
1161 0.00183771
1162 0.00175385
1163 0.00167319
1164 0.00159564
1165 0.0015211
1166 0.00144949
1167 0.00138073
1168 0.00131473
1169 0.00125141
1170 0.00119069
1171 0.00113249
1172 0.00107673
1173 0.00102332
1174 0.000972193
1175 0.000923271
1176 0.000876478
1177 0.000831743
1178 0.000788992
1179 0.000748155
1180 0.000709163
1181 0.00067195
1182 0.000636448
1183 0.000602594
1184 0.000570325
1185 0.000539581
1186 0.0005103
1187 0.000482426
1188 0.000455903
1189 0.000430675
1190 0.000406689
1191 0.000383895
1192 0.000362241
1193 0.000341679
1194 0.000322163
1195 0.000303648
1196 0.000286088
1197 0.000269442
1198 0.000253669
1199 0.00023873
1200 0.000224585
1201 0.000211199
1202 0.000198536
1203 0.000186562
1204 0.000175244
1205 0.000164551
1206 0.000154452
1207 0.000144918
1208 0.000135922
1209 0.000127436
1210 0.000119435
1211 0.000111894
1212 0.00010479
1213 9.81002e-05
1214 9.18028e-05
1215 8.58774e-05
1216 8.03042e-05
1217 7.50646e-05
1218 7.01404e-05
1219 6.55147e-05
1220 6.1171e-05
1221 5.7094e-05
1222 5.32686e-05
1223 4.96809e-05
1224 4.63175e-05
1225 4.31656e-05
1226 4.0213e-05
1227 3.74484e-05
1228 3.48608e-05
1229 3.24399e-05
1230 3.01757e-05
1231 2.80591e-05
1232 2.60811e-05
1233 2.42336e-05
1234 2.25084e-05
1235 2.08983e-05
1236 1.93961e-05
1237 1.79951e-05
1238 1.66891e-05
1239 1.54721e-05
1240 1.43385e-05
1241 1.3283e-05
1242 1.23006e-05
1243 1.13865e-05
1244 1.05365e-05
1245 9.74631e-06
1246 9.012e-06
1247 8.32991e-06
1248 7.69658e-06
1249 7.10875e-06
1250 6.56337e-06
1251 6.05758e-06
1252 5.58868e-06
1253 5.15416e-06
1254 4.75165e-06
1255 4.37895e-06
1256 4.03399e-06
1257 3.71482e-06
1258 3.41963e-06
1259 3.14673e-06
1260 2.89453e-06
1261 2.66156e-06
1262 2.44643e-06
1263 2.24785e-06
1264 2.06463e-06
1265 1.89565e-06
1266 1.73984e-06
1267 1.59626e-06
1268 1.46398e-06
1269 1.34217e-06
1270 1.23003e-06
1271 1.12685e-06
1272 1.03195e-06
1273 9.44686e-07
1274 8.64485e-07
1275 7.90801e-07
1276 7.23131e-07
1277 6.61008e-07
1278 6.04e-07
1279 5.51705e-07
1280 5.03753e-07
1281 4.598e-07
1282 4.19528e-07
1283 3.82643e-07
1284 3.48872e-07
1285 3.17966e-07
1286 2.89692e-07
1287 2.63835e-07
1288 2.40198e-07
1289 2.18599e-07
1290 1.9887e-07
1291 1.80855e-07
1292 1.64412e-07
1293 1.4941e-07
1294 1.35727e-07
1295 1.23252e-07
1296 1.11884e-07
1297 1.01527e-07
1298 9.2095e-08
1299 8.35093e-08
1300 7.56965e-08
1301 6.85899e-08
1302 6.21279e-08
1303 5.62545e-08
1304 5.09179e-08
1305 4.60709e-08
1306 4.16704e-08
1307 3.76765e-08
1308 3.40533e-08
1309 3.07674e-08
1310 2.77886e-08
1311 2.50892e-08
1312 2.26439e-08
1313 2.04296e-08
1314 1.84253e-08
1315 1.66116e-08
1316 1.49712e-08
1317 1.34879e-08
1318 1.21473e-08
1319 1.0936e-08
1320 9.84206e-09
1321 8.85437e-09
1322 7.96298e-09
1323 7.1588e-09
1324 6.43356e-09
1325 5.77974e-09
1326 5.19055e-09
1327 4.65977e-09
1328 4.1818e-09
1329 3.75154e-09
1330 3.36437e-09
1331 3.0161e-09
1332 2.70293e-09
1333 2.42143e-09
1334 2.1685e-09
1335 1.94131e-09
1336 1.73731e-09
1337 1.55421e-09
1338 1.38993e-09
1339 1.24258e-09
1340 1.11047e-09
1341 9.92057e-10
1342 8.85968e-10
1343 7.90951e-10
1344 7.05881e-10
1345 6.29744e-10
1346 5.61627e-10
1347 5.00706e-10
1348 4.4624e-10
1349 3.97563e-10
1350 3.54075e-10
1351 3.15237e-10
1352 2.80563e-10
1353 2.49618e-10
1354 2.22011e-10
1355 1.97391e-10
1356 1.75441e-10
1357 1.5588e-10
1358 1.38453e-10
1359 1.22932e-10
1360 1.09115e-10
1361 9.68186e-11
1362 8.58789e-11
1363 7.61497e-11
1364 6.75002e-11
1365 5.98132e-11
1366 5.2984e-11
1367 4.69188e-11
1368 4.15341e-11
1369 3.67552e-11
1370 3.25154e-11
1371 2.87551e-11
1372 2.54213e-11
1373 2.24666e-11
1374 1.98487e-11
1375 1.75301e-11
1376 1.54773e-11
1377 1.36604e-11
1378 1.20528e-11
1379 1.06309e-11
1380 9.3737e-12
1381 8.26247e-12
1382 7.28059e-12
1383 6.4133e-12
1384 5.64749e-12
1385 4.97151e-12
1386 4.37501e-12
1387 3.84884e-12
1388 3.38485e-12
1389 2.97583e-12
1390 2.61539e-12
1391 2.29786e-12
1392 2.01824e-12
1393 1.77206e-12
1394 1.55542e-12
1395 1.36482e-12
1396 1.19719e-12
1397 1.04981e-12
1398 9.20278e-13
1399 8.06469e-13
1400 7.06509e-13
1401 6.18739e-13
1402 5.417e-13
1403 4.74101e-13
1404 4.14805e-13
1405 3.62809e-13
1406 3.17229e-13
1407 2.77286e-13
1408 2.42296e-13
1409 2.11653e-13
1410 1.84826e-13
1411 1.61349e-13
1412 1.40808e-13
1413 1.22843e-13
1414 1.07136e-13
1415 9.34078e-14
1416 8.14125e-14
1417 7.0935e-14
1418 6.17861e-14
1419 5.38001e-14
1420 4.68314e-14
1421 4.07523e-14
1422 3.5451e-14
1423 3.08295e-14
1424 2.68019e-14
1425 2.3293e-14
1426 2.0237e-14
1427 1.75764e-14
1428 1.52607e-14
1429 1.32458e-14
1430 1.14933e-14
1431 9.96945e-15
1432 8.64489e-15
1433 7.4939e-15
1434 6.49408e-15
1435 5.62584e-15
1436 4.87213e-15
1437 4.21803e-15
1438 3.65058e-15
1439 3.15845e-15
1440 2.73178e-15
1441 2.36199e-15
1442 2.0416e-15
1443 1.7641e-15
1444 1.52383e-15
1445 1.31586e-15
1446 1.1359e-15
1447 9.80237e-16
1448 8.45633e-16
1449 7.29276e-16
1450 6.28725e-16
1451 5.41862e-16
1452 4.66849e-16
1453 4.02089e-16
1454 3.462e-16
1455 2.97982e-16
1456 2.56396e-16
1457 2.20542e-16
1458 1.8964e-16
1459 1.63015e-16
1460 1.40082e-16
1461 1.20336e-16
1462 1.03339e-16
1463 8.8714e-17
1464 7.61338e-17
1465 6.53162e-17
1466 5.60171e-17
1467 4.80262e-17
1468 4.11617e-17
1469 3.52667e-17
1470 3.0206e-17
1471 2.5863e-17
1472 2.21371e-17
1473 1.89418e-17
1474 1.62023e-17
1475 1.38544e-17
1476 1.18429e-17
1477 1.012e-17
1478 8.64495e-18
1479 7.38245e-18
1480 6.30223e-18
1481 5.37829e-18
1482 4.58828e-18
1483 3.91302e-18
1484 3.33603e-18
1485 2.84318e-18
1486 2.42234e-18
1487 2.0631e-18
1488 1.75656e-18
1489 1.49507e-18
1490 1.27208e-18
1491 1.082e-18
1492 9.2001e-19
1493 7.82015e-19
1494 6.64498e-19
1495 5.64453e-19
1496 4.79313e-19
1497 4.0688e-19
1498 3.45279e-19
1499 2.92907e-19
1500 2.48397e-19
1501 2.10581e-19
1502 1.78463e-19
1503 1.51194e-19
1504 1.2805e-19
1505 1.08413e-19
1506 9.17568e-20
1507 7.76342e-20
1508 6.56638e-20
1509 5.55209e-20
1510 4.69294e-20
1511 3.96544e-20
1512 3.34962e-20
1513 2.82852e-20
1514 2.3877e-20
1515 2.01493e-20
1516 1.69981e-20
1517 1.43351e-20
1518 1.20853e-20
1519 1.01854e-20
1520 8.58133e-21
1521 7.22759e-21
1522 6.08545e-21
1523 5.12216e-21
1524 4.30998e-21
1525 3.62542e-21
1526 3.04862e-21
1527 2.56277e-21
1528 2.15367e-21
1529 1.80931e-21
1530 1.51953e-21
1531 1.27575e-21
1532 1.07076e-21
1533 8.98416e-22
1534 7.5358e-22
1535 6.31897e-22
1536 5.29699e-22
1537 4.43892e-22
1538 3.7187e-22
1539 3.11438e-22
1540 2.60747e-22
1541 2.1824e-22
1542 1.82607e-22
1543 1.52746e-22
1544 1.27729e-22
1545 1.06777e-22
1546 8.9235e-23
1547 7.45527e-23
1548 6.22676e-23
1549 5.19913e-23
1550 4.33981e-23
1551 3.62145e-23
1552 3.02111e-23
1553 2.51955e-23
1554 2.10064e-23
1555 1.75087e-23
1556 1.45892e-23
1557 1.21529e-23
1558 1.01206e-23
1559 8.42567e-24
1560 7.0126e-24
1561 5.83485e-24
1562 4.85352e-24
1563 4.03608e-24
1564 3.35536e-24
1565 2.78867e-24
1566 2.31703e-24
1567 1.92462e-24
1568 1.59822e-24
1569 1.3268e-24
1570 1.10117e-24
1571 9.13657e-25
1572 7.57864e-25
1573 6.28462e-25
1574 5.21011e-25
1575 4.31812e-25
1576 3.57787e-25
1577 2.9637e-25
1578 2.45429e-25
1579 2.03188e-25
1580 1.68172e-25
1581 1.39152e-25
1582 1.15108e-25
1583 9.51936e-26
1584 7.87028e-26
1585 6.50512e-26
1586 5.3753e-26
1587 4.44051e-26
1588 3.66729e-26
1589 3.0279e-26
1590 2.4993e-26
1591 2.06243e-26
1592 1.70147e-26
1593 1.4033e-26
1594 1.15707e-26
1595 9.53788e-27
1596 7.86007e-27
1597 6.47565e-27
1598 5.33363e-27
1599 4.39182e-27
1600 3.61533e-27
1601 2.97532e-27
1602 2.44794e-27
1603 2.01349e-27
1604 1.6557e-27
1605 1.36111e-27
1606 1.11863e-27
1607 9.19089e-28
1608 7.54937e-28
1609 6.19931e-28
1610 5.08928e-28
1611 4.17684e-28
1612 3.42704e-28
1613 2.81105e-28
1614 2.30513e-28
1615 1.88974e-28
1616 1.54876e-28
1617 1.26895e-28
1618 1.03939e-28
1619 8.51121e-29
1620 6.96753e-29
1621 5.70218e-29
1622 4.66528e-29
1623 3.81583e-29
1624 3.12013e-29
1625 2.55053e-29
1626 2.0843e-29
1627 1.70279e-29
1628 1.3907e-29
1629 1.13547e-29
1630 9.26807e-30
1631 7.56262e-30
1632 6.16912e-30
1633 5.03087e-30
1634 4.10138e-30
1635 3.3426e-30
1636 2.72336e-30
1637 2.21815e-30
1638 1.80611e-30
1639 1.47014e-30
1640 1.1963e-30
1641 9.73154e-31
1642 7.91384e-31
1643 6.43361e-31
1644 5.22857e-31
1645 4.24788e-31
1646 3.45001e-31
1647 2.8011e-31
1648 2.2735e-31
1649 1.84468e-31
1650 1.49624e-31
1651 1.21322e-31
1652 9.83411e-32
1653 7.96865e-32
1654 6.45489e-32
1655 5.22694e-32
1656 4.23115e-32
1657 3.42392e-32
1658 2.76974e-32
1659 2.23979e-32
1660 1.81062e-32
1661 1.46317e-32
1662 1.18199e-32
1663 9.54511e-33
1664 7.70542e-33
1665 6.21813e-33
1666 5.01615e-33
1667 4.04508e-33
1668 3.26085e-33
1669 2.62772e-33
1670 2.11676e-33
1671 1.70455e-33
1672 1.37211e-33
1673 1.10411e-33
1674 8.88138e-34
1675 7.14149e-34
1676 5.74036e-34
1677 4.61243e-34
1678 3.70477e-34
1679 2.97462e-34
1680 2.38749e-34
1681 1.91554e-34
1682 1.53631e-34
1683 1.2317e-34
1684 9.87115e-35
1685 7.90802e-35
1686 6.33292e-35
1687 5.06963e-35
1688 4.05681e-35
1689 3.24509e-35
1690 2.5948e-35
1691 2.07404e-35
1692 1.65715e-35
1693 1.32355e-35
1694 1.0567e-35
1695 8.43331e-36
1696 6.72782e-36
1697 5.36517e-36
1698 4.27684e-36
1699 3.40796e-36
1700 2.71454e-36
1701 2.16137e-36
1702 1.72025e-36
1703 1.36862e-36
1704 1.08844e-36
1705 8.65274e-37
1706 6.87595e-37
1707 5.46185e-37
1708 4.33686e-37
1709 3.44221e-37
1710 2.73104e-37
1711 2.16594e-37
1712 1.71708e-37
1713 1.3607e-37
1714 1.07785e-37
1715 8.53457e-38
1716 6.75508e-38
1717 5.34448e-38
1718 4.22674e-38
1719 3.34141e-38
1720 2.64046e-38
1721 2.08571e-38
1722 1.64685e-38
1723 1.2998e-38
1724 1.02547e-38
1725 8.0871e-39
1726 6.37509e-39
1727 5.02347e-39
1728 3.9568e-39
1729 3.11535e-39
1730 2.45185e-39
1731 1.92887e-39
1732 1.51682e-39
1733 1.1923e-39
1734 9.3683e-40
1735 7.35797e-40
1736 5.77666e-40
1737 4.53332e-40
1738 3.55614e-40
1739 2.78844e-40
1740 2.18557e-40
1741 1.71234e-40
1742 1.34102e-40
1743 1.04979e-40
1744 8.21466e-41
1745 6.42536e-41
1746 5.02372e-41
1747 3.92621e-41
1748 3.0672e-41
1749 2.39514e-41
1750 1.86956e-41
1751 1.4587e-41
1752 1.13766e-41
1753 8.86913e-42
1754 6.91143e-42
1755 5.38362e-42
1756 4.19179e-42
1757 3.26245e-42
1758 2.5381e-42
1759 1.97375e-42
1760 1.53424e-42
1761 1.1921e-42
1762 9.25879e-43
1763 7.18808e-43
1764 5.57815e-43
1765 4.32699e-43
1766 3.35506e-43
1767 2.60036e-43
1768 2.01458e-43
1769 1.56011e-43
1770 1.20766e-43
1771 9.34436e-44
1772 7.22727e-44
1773 5.5875e-44
1774 4.31796e-44
1775 3.33548e-44
1776 2.57546e-44
1777 1.98779e-44
1778 1.53357e-44
1779 1.18265e-44
1780 9.11644e-45
1781 7.02445e-45
1782 5.41025e-45
1783 4.16524e-45
1784 3.20539e-45
1785 2.4657e-45
1786 1.8959e-45
1787 1.45717e-45
1788 1.11949e-45
1789 8.59708e-46
1790 6.5993e-46
1791 5.06364e-46
1792 3.8837e-46
1793 2.97745e-46
1794 2.28172e-46
1795 1.74782e-46
1796 1.33829e-46
1797 1.02428e-46
1798 7.83625e-47
1799 5.99257e-47
1800 4.58075e-47
1801 3.50007e-47
1802 2.67322e-47
1803 2.04084e-47
1804 1.55741e-47
1805 1.18799e-47
1806 9.05817e-48
1807 6.90376e-48
1808 5.25955e-48
1809 4.00524e-48
1810 3.04878e-48
1811 2.31975e-48
1812 1.76431e-48
1813 1.3413e-48
1814 1.01928e-48
1815 7.74243e-49
1816 5.87868e-49
1817 4.4617e-49
1818 3.38484e-49
1819 2.5668e-49
1820 1.94565e-49
1821 1.4742e-49
1822 1.11651e-49
1823 8.45257e-50
1824 6.39634e-50
1825 4.83829e-50
1826 3.65822e-50
1827 2.76481e-50
1828 2.08871e-50
1829 1.57728e-50
1830 1.19058e-50
1831 8.98305e-51
1832 6.77497e-51
1833 5.1075e-51
1834 3.84882e-51
1835 2.89911e-51
1836 2.18282e-51
1837 1.64282e-51
1838 1.23589e-51
1839 9.29369e-52
1840 6.98575e-52
1841 5.24876e-52
1842 3.94201e-52
1843 2.95935e-52
1844 2.22071e-52
1845 1.66574e-52
1846 1.24893e-52
1847 9.36028e-53
1848 7.01224e-53
1849 5.25101e-53
1850 3.93049e-53
1851 2.94082e-53
1852 2.19942e-53
1853 1.64424e-53
1854 1.22869e-53
1855 9.17773e-54
1856 6.85247e-54
1857 5.11419e-54
1858 3.81526e-54
1859 2.84505e-54
1860 2.12068e-54
1861 1.58007e-54
1862 1.17679e-54
1863 8.76065e-55
1864 6.51918e-55
1865 4.84918e-55
1866 3.60547e-55
1867 2.67962e-55
1868 1.99069e-55
1869 1.47826e-55
1870 1.09728e-55
1871 8.14147e-56
1872 6.03818e-56
1873 4.47639e-56
1874 3.31717e-56
1875 2.45712e-56
1876 1.8193e-56
1877 1.34648e-56
1878 9.96124e-57
1879 7.36624e-57
1880 5.44499e-57
1881 4.02316e-57
1882 2.97136e-57
1883 2.19362e-57
1884 1.61878e-57
1885 1.19408e-57
1886 8.80431e-58
1887 6.48899e-58
1888 4.78055e-58
1889 3.52044e-58
1890 2.5914e-58
1891 1.90674e-58
1892 1.40239e-58
1893 1.03101e-58
1894 7.57662e-59
1895 5.56554e-59
1896 4.08657e-59
1897 2.99936e-59
1898 2.20048e-59
1899 1.61371e-59
1900 1.18292e-59
1901 8.66762e-60
1902 6.34841e-60
1903 4.64782e-60
1904 3.40136e-60
1905 2.48814e-60
1906 1.81935e-60
1907 1.32978e-60
1908 9.71535e-61
1909 7.09509e-61
1910 5.17937e-61
1911 3.77933e-61
1912 2.75659e-61
1913 2.00978e-61
1914 1.46468e-61
1915 1.06699e-61
1916 7.76952e-62
1917 5.6552e-62
1918 4.11454e-62
1919 2.99236e-62
1920 2.17534e-62
1921 1.58073e-62
1922 1.14818e-62
1923 8.33645e-63
1924 6.05022e-63
1925 4.38916e-63
1926 3.18281e-63
1927 2.30707e-63
1928 1.67159e-63
1929 1.21065e-63
1930 8.76449e-64
1931 6.34242e-64
1932 4.58778e-64
1933 3.31719e-64
1934 2.39749e-64
1935 1.73207e-64
1936 1.25081e-64
1937 9.02898e-65
1938 6.51487e-65
1939 4.69886e-65
1940 3.38765e-65
1941 2.44132e-65
1942 1.75862e-65
1943 1.26631e-65
1944 9.11433e-66
1945 6.5574e-66
1946 4.71583e-66
1947 3.39004e-66
1948 2.43597e-66
1949 1.74968e-66
1950 1.25622e-66
1951 9.01555e-67
1952 6.46755e-67
1953 4.63775e-67
1954 3.32426e-67
1955 2.38179e-67
1956 1.70581e-67
1957 1.22118e-67
1958 8.73873e-68
1959 6.25083e-68
1960 4.46938e-68
1961 3.19431e-68
1962 2.28206e-68
1963 1.62966e-68
1964 1.16329e-68
1965 8.30042e-69
1966 5.92014e-69
1967 4.2207e-69
1968 3.00786e-69
1969 2.14265e-69
1970 1.52569e-69
1971 1.08592e-69
1972 7.726e-70
1973 5.49453e-70
1974 3.90595e-70
1975 2.77552e-70
1976 1.97143e-70
1977 1.39972e-70
1978 9.93388e-71
1979 7.04723e-71
1980 4.99734e-71
1981 3.54226e-71
1982 2.50982e-71
1983 1.77756e-71
1984 1.25843e-71
1985 8.90539e-72
1986 6.29939e-72
1987 4.45415e-72
1988 3.14812e-72
1989 2.22413e-72
1990 1.57068e-72
1991 1.10876e-72
1992 7.82365e-73
1993 5.51824e-73
1994 3.89057e-73
1995 2.74187e-73
1996 1.93153e-73
1997 1.36012e-73
1998 9.5736e-74
1999 6.73586e-74
2000 4.73732e-74
2001 3.33037e-74
2002 2.34031e-74
2003 1.6439e-74
2004 1.15425e-74
2005 8.10112e-75
2006 5.68344e-75
2007 3.98565e-75
2008 2.79388e-75
2009 1.95766e-75
2010 1.37116e-75
2011 9.59978e-76
2012 6.71824e-76
2013 4.69971e-76
2014 3.28631e-76
2015 2.29703e-76
2016 1.6049e-76
2017 1.12086e-76
2018 7.82482e-77
2019 5.46037e-77
2020 3.80884e-77
2021 2.65575e-77
2022 1.85101e-77
2023 1.2896e-77
2024 8.98116e-78
2025 6.25234e-78
2026 4.35103e-78
2027 3.02683e-78
2028 2.10494e-78
2029 1.46342e-78
2030 1.01717e-78
2031 7.06888e-79
2032 4.91236e-79
2033 3.41416e-79
2034 2.37375e-79
2035 1.65157e-79
2036 1.15051e-79
2037 8.03017e-80
2038 5.6216e-80
2039 3.95317e-80
2040 2.7984e-80
2041 2.00017e-80
2042 1.44958e-80
2043 1.07134e-80
2044 8.13615e-81
2045 6.40983e-81
2046 5.29666e-81
2047 4.64293e-81
