0 1.18192e-48
1 1.08271e-48
2 1.01503e-48
3 9.75431e-49
4 9.61883e-49
5 9.73632e-49
6 1.01118e-48
7 1.0763e-48
8 1.1721e-48
9 1.30318e-48
10 1.47583e-48
11 1.69835e-48
12 1.98138e-48
13 2.33845e-48
14 2.78657e-48
15 3.34705e-48
16 4.04646e-48
17 4.91784e-48
18 6.00227e-48
19 7.35074e-48
20 9.02646e-48
21 1.11078e-47
22 1.36918e-47
23 1.68986e-47
24 2.08771e-47
25 2.58114e-47
26 3.19292e-47
27 3.95123e-47
28 4.8909e-47
29 6.05499e-47
30 7.49672e-47
31 9.28182e-47
32 1.14915e-46
33 1.42261e-46
34 1.76093e-46
35 2.17941e-46
36 2.69688e-46
37 3.33663e-46
38 4.12734e-46
39 5.10437e-46
40 6.31135e-46
41 7.80204e-46
42 9.64263e-46
43 1.19147e-45
44 1.47188e-45
45 1.81785e-45
46 2.24462e-45
47 2.77092e-45
48 3.41981e-45
49 4.21966e-45
50 5.20535e-45
51 6.41975e-45
52 7.91556e-45
53 9.7576e-45
54 1.20254e-44
55 1.48168e-44
56 1.82518e-44
57 2.24778e-44
58 2.76758e-44
59 3.40677e-44
60 4.19259e-44
61 5.15845e-44
62 6.34533e-44
63 7.80346e-44
64 9.59439e-44
65 1.17936e-43
66 1.44935e-43
67 1.78072e-43
68 2.18735e-43
69 2.6862e-43
70 3.29805e-43
71 4.04831e-43
72 4.96807e-43
73 6.09536e-43
74 7.47668e-43
75 9.16888e-43
76 1.12414e-42
77 1.37792e-42
78 1.68858e-42
79 2.0688e-42
80 2.53403e-42
81 3.10314e-42
82 3.79916e-42
83 4.65018e-42
84 5.69047e-42
85 6.96182e-42
86 8.51517e-42
87 1.04126e-41
88 1.27297e-41
89 1.55588e-41
90 1.9012e-41
91 2.32259e-41
92 2.83669e-41
93 3.46376e-41
94 4.2284e-41
95 5.16058e-41
96 6.29675e-41
97 7.68117e-41
98 9.36769e-41
99 1.14217e-40
100 1.39227e-40
101 1.69672e-40
102 2.06723e-40
103 2.51804e-40
104 3.06641e-40
105 3.73329e-40
106 4.54409e-40
107 5.52963e-40
108 6.72727e-40
109 8.18232e-40
110 9.94968e-40
111 1.20958e-39
112 1.47013e-39
113 1.78637e-39
114 2.17012e-39
115 2.63566e-39
116 3.2003e-39
117 3.88498e-39
118 4.71501e-39
119 5.72101e-39
120 6.93998e-39
121 8.41668e-39
122 1.02052e-38
123 1.23708e-38
124 1.49924e-38
125 1.81653e-38
126 2.20044e-38
127 2.66488e-38
128 3.22658e-38
129 3.90575e-38
130 4.72678e-38
131 5.71907e-38
132 6.91805e-38
133 8.36642e-38
134 1.01157e-37
135 1.22278e-37
136 1.47775e-37
137 1.78547e-37
138 2.15676e-37
139 2.60466e-37
140 3.14484e-37
141 3.79616e-37
142 4.5813e-37
143 5.52754e-37
144 6.66766e-37
145 8.04104e-37
146 9.69503e-37
147 1.16865e-36
148 1.40837e-36
149 1.69686e-36
150 2.04397e-36
151 2.46149e-36
152 2.9636e-36
153 3.56728e-36
154 4.2929e-36
155 5.1649e-36
156 6.21253e-36
157 7.47086e-36
158 8.9819e-36
159 1.0796e-35
160 1.29733e-35
161 1.5586e-35
162 1.87202e-35
163 2.24794e-35
164 2.69869e-35
165 3.23903e-35
166 3.88662e-35
167 4.66255e-35
168 5.59203e-35
169 6.70517e-35
170 8.03793e-35
171 9.63325e-35
172 1.15424e-34
173 1.38265e-34
174 1.65587e-34
175 1.98258e-34
176 2.37319e-34
177 2.84007e-34
178 3.39797e-34
179 4.06449e-34
180 4.86057e-34
181 5.81116e-34
182 6.94601e-34
183 8.30049e-34
184 9.91671e-34
185 1.18448e-33
186 1.41444e-33
187 1.68865e-33
188 2.01553e-33
189 2.40512e-33
190 2.86934e-33
191 3.42235e-33
192 4.08098e-33
193 4.86522e-33
194 5.79881e-33
195 6.90993e-33
196 8.23204e-33
197 9.8048e-33
198 1.16753e-32
199 1.38995e-32
200 1.65435e-32
201 1.96859e-32
202 2.34197e-32
203 2.78553e-32
204 3.31232e-32
205 3.93782e-32
206 4.68035e-32
207 5.56161e-32
208 6.60726e-32
209 7.84767e-32
210 9.31878e-32
211 1.10631e-31
212 1.31308e-31
213 1.55813e-31
214 1.84849e-31
215 2.19243e-31
216 2.59975e-31
217 3.08203e-31
218 3.6529e-31
219 4.32849e-31
220 5.12781e-31
221 6.07328e-31
222 7.19137e-31
223 8.51325e-31
224 1.00757e-30
225 1.1922e-30
226 1.41033e-30
227 1.66796e-30
228 1.97218e-30
229 2.33132e-30
230 2.7552e-30
231 3.25534e-30
232 3.84535e-30
233 4.54118e-30
234 5.36161e-30
235 6.32873e-30
236 7.46847e-30
237 8.81132e-30
238 1.03931e-29
239 1.22558e-29
240 1.44488e-29
241 1.70301e-29
242 2.00676e-29
243 2.36412e-29
244 2.78444e-29
245 3.2787e-29
246 3.85974e-29
247 4.54267e-29
248 5.34514e-29
249 6.28784e-29
250 7.39504e-29
251 8.6951e-29
252 1.02213e-28
253 1.20125e-28
254 1.41142e-28
255 1.65797e-28
256 1.94712e-28
257 2.28616e-28
258 2.68361e-28
259 3.14941e-28
260 3.69519e-28
261 4.33454e-28
262 5.08332e-28
263 5.96006e-28
264 6.98639e-28
265 8.18754e-28
266 9.59298e-28
267 1.12371e-27
268 1.31598e-27
269 1.54081e-27
270 1.80362e-27
271 2.11077e-27
272 2.46965e-27
273 2.88888e-27
274 3.3785e-27
275 3.95017e-27
276 4.61751e-27
277 5.39632e-27
278 6.30502e-27
279 7.36502e-27
280 8.6012e-27
281 1.00425e-26
282 1.17226e-26
283 1.36805e-26
284 1.59616e-26
285 1.86187e-26
286 2.1713e-26
287 2.53154e-26
288 2.95084e-26
289 3.43877e-26
290 4.00641e-26
291 4.66663e-26
292 5.43433e-26
293 6.32678e-26
294 7.364e-26
295 8.56918e-26
296 9.96916e-26
297 1.1595e-25
298 1.34827e-25
299 1.56739e-25
300 1.82167e-25
301 2.11667e-25
302 2.45885e-25
303 2.85564e-25
304 3.31564e-25
305 3.84878e-25
306 4.46655e-25
307 5.1822e-25
308 6.01102e-25
309 6.97069e-25
310 8.08159e-25
311 9.36721e-25
312 1.08547e-24
313 1.25753e-24
314 1.45651e-24
315 1.68656e-24
316 1.95247e-24
317 2.25975e-24
318 2.61477e-24
319 3.02483e-24
320 3.49835e-24
321 4.04504e-24
322 4.67603e-24
323 5.40416e-24
324 6.24419e-24
325 7.21309e-24
326 8.33036e-24
327 9.61842e-24
328 1.1103e-23
329 1.28138e-23
330 1.47847e-23
331 1.70548e-23
332 1.96688e-23
333 2.26782e-23
334 2.61421e-23
335 3.0128e-23
336 3.47136e-23
337 3.99878e-23
338 4.60528e-23
339 5.30254e-23
340 6.10396e-23
341 7.02487e-23
342 8.08284e-23
343 9.298e-23
344 1.06933e-22
345 1.22952e-22
346 1.41338e-22
347 1.62434e-22
348 1.86636e-22
349 2.14393e-22
350 2.4622e-22
351 2.82705e-22
352 3.24519e-22
353 3.72429e-22
354 4.27309e-22
355 4.90158e-22
356 5.62115e-22
357 6.44479e-22
358 7.38731e-22
359 8.4656e-22
360 9.69891e-22
361 1.11092e-21
362 1.27213e-21
363 1.45638e-21
364 1.6669e-21
365 1.90737e-21
366 2.18199e-21
367 2.49552e-21
368 2.85339e-21
369 3.26175e-21
370 3.72762e-21
371 4.25895e-21
372 4.86478e-21
373 5.55538e-21
374 6.34242e-21
375 7.23913e-21
376 8.26053e-21
377 9.42367e-21
378 1.07479e-20
379 1.22551e-20
380 1.39701e-20
381 1.59211e-20
382 1.81401e-20
383 2.06632e-20
384 2.35314e-20
385 2.67911e-20
386 3.04948e-20
387 3.4702e-20
388 3.94799e-20
389 4.49048e-20
390 5.10626e-20
391 5.80509e-20
392 6.59797e-20
393 7.49735e-20
394 8.51729e-20
395 9.67368e-20
396 1.09845e-19
397 1.247e-19
398 1.4153e-19
399 1.60595e-19
400 1.82185e-19
401 2.0663e-19
402 2.34301e-19
403 2.65615e-19
404 3.01046e-19
405 3.41125e-19
406 3.8645e-19
407 4.37697e-19
408 4.95627e-19
409 5.61095e-19
410 6.35064e-19
411 7.18621e-19
412 8.12983e-19
413 9.19525e-19
414 1.03979e-18
415 1.17551e-18
416 1.32863e-18
417 1.50136e-18
418 1.69613e-18
419 1.91573e-18
420 2.16324e-18
421 2.44215e-18
422 2.75636e-18
423 3.11025e-18
424 3.50873e-18
425 3.95729e-18
426 4.4621e-18
427 5.03007e-18
428 5.66893e-18
429 6.38734e-18
430 7.19498e-18
431 8.1027e-18
432 9.12262e-18
433 1.02683e-17
434 1.15549e-17
435 1.29994e-17
436 1.46206e-17
437 1.64398e-17
438 1.84805e-17
439 2.0769e-17
440 2.33349e-17
441 2.62108e-17
442 2.94334e-17
443 3.30435e-17
444 3.70866e-17
445 4.16134e-17
446 4.66804e-17
447 5.23506e-17
448 5.86939e-17
449 6.57886e-17
450 7.37214e-17
451 8.25891e-17
452 9.24993e-17
453 1.03572e-16
454 1.15939e-16
455 1.29751e-16
456 1.4517e-16
457 1.62379e-16
458 1.81583e-16
459 2.03007e-16
460 2.26902e-16
461 2.53546e-16
462 2.83249e-16
463 3.16354e-16
464 3.53243e-16
465 3.94337e-16
466 4.40106e-16
467 4.91071e-16
468 5.47807e-16
469 6.10956e-16
470 6.81226e-16
471 7.59402e-16
472 8.46355e-16
473 9.4305e-16
474 1.05055e-15
475 1.17005e-15
476 1.30284e-15
477 1.45037e-15
478 1.61426e-15
479 1.79626e-15
480 1.99834e-15
481 2.22266e-15
482 2.47161e-15
483 2.74783e-15
484 3.05425e-15
485 3.39407e-15
486 3.77087e-15
487 4.18855e-15
488 4.65144e-15
489 5.16432e-15
490 5.73244e-15
491 6.3616e-15
492 7.05817e-15
493 7.82919e-15
494 8.68238e-15
495 9.62626e-15
496 1.06702e-14
497 1.18244e-14
498 1.31004e-14
499 1.45104e-14
500 1.60681e-14
501 1.77886e-14
502 1.96882e-14
503 2.17851e-14
504 2.40991e-14
505 2.66518e-14
506 2.9467e-14
507 3.25708e-14
508 3.59919e-14
509 3.97613e-14
510 4.39135e-14
511 4.84857e-14
512 5.3519e-14
513 5.90582e-14
514 6.51522e-14
515 7.18546e-14
516 7.92238e-14
517 8.73236e-14
518 9.62238e-14
519 1.06001e-13
520 1.16737e-13
521 1.28523e-13
522 1.41459e-13
523 1.55652e-13
524 1.71219e-13
525 1.88289e-13
526 2.07001e-13
527 2.27508e-13
528 2.49976e-13
529 2.74585e-13
530 3.01532e-13
531 3.31031e-13
532 3.63317e-13
533 3.98643e-13
534 4.37285e-13
535 4.79545e-13
536 5.25751e-13
537 5.76259e-13
538 6.31456e-13
539 6.91765e-13
540 7.57645e-13
541 8.29595e-13
542 9.08157e-13
543 9.93921e-13
544 1.08753e-12
545 1.18968e-12
546 1.30113e-12
547 1.4227e-12
548 1.55528e-12
549 1.69985e-12
550 1.85746e-12
551 2.02926e-12
552 2.21649e-12
553 2.42049e-12
554 2.64273e-12
555 2.8848e-12
556 3.14841e-12
557 3.43543e-12
558 3.74787e-12
559 4.08794e-12
560 4.45799e-12
561 4.86059e-12
562 5.29851e-12
563 5.77476e-12
564 6.29257e-12
565 6.85546e-12
566 7.46721e-12
567 8.13191e-12
568 8.85397e-12
569 9.63815e-12
570 1.04896e-11
571 1.14138e-11
572 1.24167e-11
573 1.35048e-11
574 1.46849e-11
575 1.59645e-11
576 1.73514e-11
577 1.88544e-11
578 2.04825e-11
579 2.22456e-11
580 2.41542e-11
581 2.62198e-11
582 2.84544e-11
583 3.08709e-11
584 3.34834e-11
585 3.63065e-11
586 3.93563e-11
587 4.26495e-11
588 4.62043e-11
589 5.004e-11
590 5.41772e-11
591 5.86377e-11
592 6.34449e-11
593 6.86236e-11
594 7.42004e-11
595 8.02033e-11
596 8.66622e-11
597 9.36091e-11
598 1.01078e-10
599 1.09104e-10
600 1.17726e-10
601 1.26984e-10
602 1.36921e-10
603 1.47583e-10
604 1.59019e-10
605 1.71278e-10
606 1.84417e-10
607 1.98493e-10
608 2.13567e-10
609 2.29705e-10
610 2.46974e-10
611 2.6545e-10
612 2.85208e-10
613 3.06333e-10
614 3.2891e-10
615 3.53035e-10
616 3.78805e-10
617 4.06325e-10
618 4.35707e-10
619 4.6707e-10
620 5.0054e-10
621 5.36251e-10
622 5.74346e-10
623 6.14978e-10
624 6.58307e-10
625 7.04507e-10
626 7.53762e-10
627 8.06267e-10
628 8.62232e-10
629 9.21879e-10
630 9.85445e-10
631 1.05318e-09
632 1.12537e-09
633 1.20228e-09
634 1.28424e-09
635 1.37156e-09
636 1.4646e-09
637 1.56373e-09
638 1.66935e-09
639 1.78189e-09
640 1.90179e-09
641 2.02954e-09
642 2.16565e-09
643 2.31067e-09
644 2.46519e-09
645 2.62981e-09
646 2.8052e-09
647 2.99205e-09
648 3.19111e-09
649 3.40316e-09
650 3.62903e-09
651 3.86961e-09
652 4.12583e-09
653 4.39866e-09
654 4.68915e-09
655 4.9984e-09
656 5.32756e-09
657 5.67783e-09
658 6.05051e-09
659 6.44691e-09
660 6.86844e-09
661 7.31657e-09
662 7.79283e-09
663 8.29881e-09
664 8.83617e-09
665 9.40664e-09
666 1.0012e-08
667 1.06542e-08
668 1.1335e-08
669 1.20565e-08
670 1.28207e-08
671 1.36298e-08
672 1.44858e-08
673 1.5391e-08
674 1.63477e-08
675 1.73581e-08
676 1.84245e-08
677 1.95495e-08
678 2.07352e-08
679 2.19842e-08
680 2.3299e-08
681 2.46818e-08
682 2.61352e-08
683 2.76615e-08
684 2.92632e-08
685 3.09427e-08
686 3.27021e-08
687 3.45439e-08
688 3.64703e-08
689 3.84833e-08
690 4.0585e-08
691 4.27774e-08
692 4.50623e-08
693 4.74415e-08
694 4.99166e-08
695 5.24891e-08
696 5.51603e-08
697 5.79315e-08
698 6.08036e-08
699 6.37776e-08
700 6.68541e-08
701 7.00337e-08
702 7.33168e-08
703 7.67037e-08
704 8.01944e-08
705 8.37888e-08
706 8.74867e-08
707 9.12877e-08
708 9.51915e-08
709 9.91974e-08
710 1.03305e-07
711 1.07513e-07
712 1.11822e-07
713 1.16231e-07
714 1.20739e-07
715 1.25345e-07
716 1.30051e-07
717 1.34855e-07
718 1.39759e-07
719 1.44763e-07
720 1.49868e-07
721 1.55076e-07
722 1.6039e-07
723 1.65813e-07
724 1.71349e-07
725 1.77003e-07
726 1.82781e-07
727 1.88691e-07
728 1.94741e-07
729 2.00941e-07
730 2.07303e-07
731 2.1384e-07
732 2.20568e-07
733 2.27504e-07
734 2.34667e-07
735 2.4208e-07
736 2.49767e-07
737 2.57754e-07
738 2.66071e-07
739 2.74752e-07
740 2.83832e-07
741 2.9335e-07
742 3.03349e-07
743 3.13874e-07
744 3.24975e-07
745 3.36705e-07
746 3.49123e-07
747 3.62288e-07
748 3.76266e-07
749 3.91127e-07
750 4.06944e-07
751 4.23794e-07
752 4.41759e-07
753 4.60925e-07
754 4.81382e-07
755 5.03224e-07
756 5.26549e-07
757 5.51459e-07
758 5.78059e-07
759 6.06458e-07
760 6.36769e-07
761 6.69105e-07
762 7.03587e-07
763 7.40332e-07
764 7.79465e-07
765 8.21108e-07
766 8.65387e-07
767 9.12427e-07
768 9.62354e-07
769 1.01529e-06
770 1.07137e-06
771 1.13071e-06
772 1.19343e-06
773 1.25964e-06
774 1.32947e-06
775 1.40302e-06
776 1.48039e-06
777 1.56169e-06
778 1.647e-06
779 1.73641e-06
780 1.82999e-06
781 1.9278e-06
782 2.02991e-06
783 2.13634e-06
784 2.24714e-06
785 2.36232e-06
786 2.48187e-06
787 2.60579e-06
788 2.73405e-06
789 2.8666e-06
790 3.00338e-06
791 3.1443e-06
792 3.28927e-06
793 3.43815e-06
794 3.59082e-06
795 3.7471e-06
796 3.90681e-06
797 4.06974e-06
798 4.23566e-06
799 4.40433e-06
800 4.57546e-06
801 4.74876e-06
802 4.92391e-06
803 5.10057e-06
804 5.27837e-06
805 5.45694e-06
806 5.63586e-06
807 5.81471e-06
808 5.99304e-06
809 6.17041e-06
810 6.34633e-06
811 6.52031e-06
812 6.69184e-06
813 6.86043e-06
814 7.02554e-06
815 7.18664e-06
816 7.34321e-06
817 7.49472e-06
818 7.64062e-06
819 7.78041e-06
820 7.91356e-06
821 8.03956e-06
822 8.15794e-06
823 8.26823e-06
824 8.36997e-06
825 8.46276e-06
826 8.54621e-06
827 8.61998e-06
828 8.68376e-06
829 8.7373e-06
830 8.78039e-06
831 8.8129e-06
832 8.83473e-06
833 8.84588e-06
834 8.84641e-06
835 8.83645e-06
836 8.81624e-06
837 8.78609e-06
838 8.74643e-06
839 8.69777e-06
840 8.64074e-06
841 8.57609e-06
842 8.50469e-06
843 8.42754e-06
844 8.34576e-06
845 8.26064e-06
846 8.17359e-06
847 8.08618e-06
848 8.00013e-06
849 7.91734e-06
850 7.83988e-06
851 7.76997e-06
852 7.71003e-06
853 7.66266e-06
854 7.63066e-06
855 7.617e-06
856 7.62487e-06
857 7.65767e-06
858 7.71899e-06
859 7.81263e-06
860 7.94262e-06
861 8.11322e-06
862 8.32888e-06
863 8.5943e-06
864 8.9144e-06
865 9.29433e-06
866 9.73949e-06
867 1.02555e-05
868 1.08482e-05
869 1.15238e-05
870 1.22884e-05
871 1.31489e-05
872 1.41119e-05
873 1.51845e-05
874 1.63741e-05
875 1.76882e-05
876 1.91346e-05
877 2.07214e-05
878 2.24569e-05
879 2.43495e-05
880 2.64082e-05
881 2.86419e-05
882 3.106e-05
883 3.36718e-05
884 3.64872e-05
885 3.95162e-05
886 4.2769e-05
887 4.62562e-05
888 4.99883e-05
889 5.39764e-05
890 5.82317e-05
891 6.27656e-05
892 6.75897e-05
893 7.2716e-05
894 7.81566e-05
895 8.39239e-05
896 9.00305e-05
897 9.64892e-05
898 0.000103313
899 0.000110516
900 0.00011811
901 0.00012611
902 0.000134531
903 0.000143385
904 0.000152688
905 0.000162454
906 0.000172699
907 0.000183438
908 0.000194685
909 0.000206458
910 0.000218771
911 0.000231641
912 0.000245085
913 0.00025912
914 0.000273762
915 0.000289028
916 0.000304937
917 0.000321506
918 0.000338754
919 0.000356699
920 0.000375359
921 0.000394754
922 0.000414902
923 0.000435825
924 0.000457541
925 0.000480071
926 0.000503435
927 0.000527655
928 0.000552751
929 0.000578746
930 0.000605661
931 0.000633518
932 0.00066234
933 0.00069215
934 0.000722971
935 0.000754827
936 0.000787742
937 0.000821739
938 0.000856845
939 0.000893083
940 0.000930478
941 0.000969058
942 0.00100885
943 0.00104987
944 0.00109216
945 0.00113574
946 0.00118063
947 0.00122687
948 0.00127448
949 0.00132349
950 0.00137393
951 0.00142582
952 0.00147921
953 0.0015341
954 0.00159055
955 0.00164856
956 0.00170818
957 0.00176944
958 0.00183235
959 0.00189696
960 0.00196329
961 0.00203138
962 0.00210125
963 0.00217293
964 0.00224646
965 0.00232186
966 0.00239916
967 0.0024784
968 0.00255959
969 0.00264278
970 0.00272799
971 0.00281525
972 0.00290459
973 0.00299603
974 0.00308961
975 0.00318534
976 0.00328326
977 0.00338339
978 0.00348576
979 0.00359039
980 0.00369731
981 0.00380653
982 0.00391808
983 0.00403199
984 0.00414826
985 0.00426692
986 0.004388
987 0.00451149
988 0.00463743
989 0.00476583
990 0.00489669
991 0.00503003
992 0.00516586
993 0.00530419
994 0.00544502
995 0.00558837
996 0.00573423
997 0.0058826
998 0.0060335
999 0.00618691
1000 0.00634284
1001 0.00650127
1002 0.0066622
1003 0.00682563
1004 0.00699153
1005 0.0071599
1006 0.00733072
1007 0.00750397
1008 0.00767963
1009 0.00785768
1010 0.0080381
1011 0.00822085
1012 0.0084059
1013 0.00859323
1014 0.0087828
1015 0.00897456
1016 0.00916849
1017 0.00936454
1018 0.00956266
1019 0.0097628
1020 0.00996492
1021 0.010169
1022 0.0103749
1023 0.0105826
1024 0.010792
1025 0.0110031
1026 0.0112159
1027 0.0114302
1028 0.0116459
1029 0.0118631
1030 0.0120816
1031 0.0123013
1032 0.0125222
1033 0.0127442
1034 0.0129671
1035 0.0131909
1036 0.0134156
1037 0.0136409
1038 0.0138669
1039 0.0140934
1040 0.0143203
1041 0.0145475
1042 0.0147749
1043 0.0150024
1044 0.0152299
1045 0.0154573
1046 0.0156844
1047 0.0159112
1048 0.0161375
1049 0.0163632
1050 0.0165882
1051 0.0168124
1052 0.0170357
1053 0.0172579
1054 0.0174789
1055 0.0176985
1056 0.0179168
1057 0.0181334
1058 0.0183484
1059 0.0185615
1060 0.0187727
1061 0.0189819
1062 0.0191888
1063 0.0193934
1064 0.0195955
1065 0.0197951
1066 0.0199919
1067 0.0201859
1068 0.0203769
1069 0.0205649
1070 0.0207497
1071 0.0209311
1072 0.0211091
1073 0.0212835
1074 0.0214542
1075 0.0216211
1076 0.0217841
1077 0.0219431
1078 0.0220979
1079 0.0222485
1080 0.0223948
1081 0.0225366
1082 0.0226738
1083 0.0228064
1084 0.0229343
1085 0.0230573
1086 0.0231754
1087 0.0232884
1088 0.0233964
1089 0.0234992
1090 0.0235968
1091 0.023689
1092 0.0237758
1093 0.0238572
1094 0.023933
1095 0.0240033
1096 0.024068
1097 0.0241269
1098 0.0241802
1099 0.0242277
1100 0.0242693
1101 0.0243052
1102 0.0243351
1103 0.0243592
1104 0.0243774
1105 0.0243896
1106 0.0243959
1107 0.0243963
1108 0.0243907
1109 0.0243792
1110 0.0243617
1111 0.0243383
1112 0.0243089
1113 0.0242737
1114 0.0242326
1115 0.0241857
1116 0.0241329
1117 0.0240744
1118 0.0240101
1119 0.0239401
1120 0.0238645
1121 0.0237833
1122 0.0236966
1123 0.0236044
1124 0.0235068
1125 0.0234038
1126 0.0232956
1127 0.0231822
1128 0.0230636
1129 0.0229401
1130 0.0228116
1131 0.0226782
1132 0.0225401
1133 0.0223973
1134 0.0222499
1135 0.022098
1136 0.0219418
1137 0.0217813
1138 0.0216167
1139 0.021448
1140 0.0212754
1141 0.021099
1142 0.0209189
1143 0.0207352
1144 0.020548
1145 0.0203575
1146 0.0201638
1147 0.019967
1148 0.0197672
1149 0.0195646
1150 0.0193593
1151 0.0191514
1152 0.0189411
1153 0.0187284
1154 0.0185135
1155 0.0182966
1156 0.0180777
1157 0.0178571
1158 0.0176347
1159 0.0174108
1160 0.0171855
1161 0.0169589
1162 0.0167312
1163 0.0165024
1164 0.0162727
1165 0.0160422
1166 0.015811
1167 0.0155793
1168 0.0153473
1169 0.0151149
1170 0.0148823
1171 0.0146497
1172 0.0144171
1173 0.0141847
1174 0.0139525
1175 0.0137208
1176 0.0134895
1177 0.0132589
1178 0.0130289
1179 0.0127998
1180 0.0125715
1181 0.0123443
1182 0.0121181
1183 0.0118932
1184 0.0116695
1185 0.0114471
1186 0.0112262
1187 0.0110069
1188 0.0107891
1189 0.010573
1190 0.0103586
1191 0.0101461
1192 0.00993543
1193 0.00972672
1194 0.00952003
1195 0.00931541
1196 0.00911292
1197 0.00891261
1198 0.00871453
1199 0.00851873
1200 0.00832525
1201 0.00813414
1202 0.00794544
1203 0.00775918
1204 0.00757539
1205 0.00739412
1206 0.00721539
1207 0.00703923
1208 0.00686565
1209 0.00669469
1210 0.00652636
1211 0.00636067
1212 0.00619765
1213 0.0060373
1214 0.00587964
1215 0.00572466
1216 0.00557239
1217 0.00542281
1218 0.00527594
1219 0.00513177
1220 0.00499029
1221 0.00485151
1222 0.00471541
1223 0.004582
1224 0.00445125
1225 0.00432315
1226 0.0041977
1227 0.00407487
1228 0.00395466
1229 0.00383704
1230 0.00372199
1231 0.0036095
1232 0.00349953
1233 0.00339208
1234 0.00328711
1235 0.00318459
1236 0.00308451
1237 0.00298683
1238 0.00289153
1239 0.00279858
1240 0.00270794
1241 0.00261959
1242 0.00253349
1243 0.00244962
1244 0.00236793
1245 0.00228841
1246 0.00221101
1247 0.00213569
1248 0.00206244
1249 0.0019912
1250 0.00192195
1251 0.00185465
1252 0.00178926
1253 0.00172575
1254 0.00166408
1255 0.00160423
1256 0.00154614
1257 0.00148979
1258 0.00143514
1259 0.00138215
1260 0.00133079
1261 0.00128102
1262 0.00123281
1263 0.00118613
1264 0.00114092
1265 0.00109718
1266 0.00105484
1267 0.0010139
1268 0.000974298
1269 0.000936016
1270 0.000899016
1271 0.000863267
1272 0.000828735
1273 0.000795388
1274 0.000763196
1275 0.000732126
1276 0.000702148
1277 0.000673232
1278 0.000645349
1279 0.000618467
1280 0.00059256
1281 0.000567599
1282 0.000543555
1283 0.000520401
1284 0.000498111
1285 0.000476659
1286 0.000456019
1287 0.000436165
1288 0.000417072
1289 0.000398718
1290 0.000381077
1291 0.000364127
1292 0.000347845
1293 0.00033221
1294 0.0003172
1295 0.000302793
1296 0.000288969
1297 0.000275709
1298 0.000262992
1299 0.0002508
1300 0.000239114
1301 0.000227917
1302 0.000217191
1303 0.000206918
1304 0.000197083
1305 0.000187669
1306 0.00017866
1307 0.000170043
1308 0.0001618
1309 0.00015392
1310 0.000146387
1311 0.000139189
1312 0.000132311
1313 0.000125743
1314 0.000119471
1315 0.000113484
1316 0.000107771
1317 0.00010232
1318 9.71205e-05
1319 9.21626e-05
1320 8.74362e-05
1321 8.29317e-05
1322 7.86399e-05
1323 7.45518e-05
1324 7.06587e-05
1325 6.69525e-05
1326 6.34249e-05
1327 6.00684e-05
1328 5.68755e-05
1329 5.38391e-05
1330 5.09521e-05
1331 4.82081e-05
1332 4.56006e-05
1333 4.31234e-05
1334 4.07708e-05
1335 3.85371e-05
1336 3.64167e-05
1337 3.44045e-05
1338 3.24955e-05
1339 3.06848e-05
1340 2.89679e-05
1341 2.73403e-05
1342 2.57978e-05
1343 2.43364e-05
1344 2.29521e-05
1345 2.16412e-05
1346 2.04001e-05
1347 1.92255e-05
1348 1.8114e-05
1349 1.70627e-05
1350 1.60684e-05
1351 1.51283e-05
1352 1.42397e-05
1353 1.34e-05
1354 1.26068e-05
1355 1.18576e-05
1356 1.11501e-05
1357 1.04823e-05
1358 9.85214e-06
1359 9.25755e-06
1360 8.69672e-06
1361 8.16787e-06
1362 7.66929e-06
1363 7.19939e-06
1364 6.75663e-06
1365 6.33955e-06
1366 5.94676e-06
1367 5.57695e-06
1368 5.22886e-06
1369 4.9013e-06
1370 4.59314e-06
1371 4.3033e-06
1372 4.03078e-06
1373 3.77459e-06
1374 3.53382e-06
1375 3.30761e-06
1376 3.09512e-06
1377 2.89558e-06
1378 2.70825e-06
1379 2.53242e-06
1380 2.36743e-06
1381 2.21265e-06
1382 2.06749e-06
1383 1.93139e-06
1384 1.8038e-06
1385 1.68424e-06
1386 1.57222e-06
1387 1.46729e-06
1388 1.36904e-06
1389 1.27705e-06
1390 1.19096e-06
1391 1.1104e-06
1392 1.03504e-06
1393 9.64558e-07
1394 8.9866e-07
1395 8.37062e-07
1396 7.79497e-07
1397 7.25715e-07
1398 6.7548e-07
1399 6.2857e-07
1400 5.84777e-07
1401 5.43903e-07
1402 5.05763e-07
1403 4.70184e-07
1404 4.37002e-07
1405 4.06064e-07
1406 3.77224e-07
1407 3.50348e-07
1408 3.25308e-07
1409 3.01984e-07
1410 2.80265e-07
1411 2.60045e-07
1412 2.41226e-07
1413 2.23714e-07
1414 2.07423e-07
1415 1.92272e-07
1416 1.78184e-07
1417 1.65089e-07
1418 1.52919e-07
1419 1.41612e-07
1420 1.31109e-07
1421 1.21355e-07
1422 1.123e-07
1423 1.03896e-07
1424 9.6097e-08
1425 8.88621e-08
1426 8.21519e-08
1427 7.59301e-08
1428 7.01624e-08
1429 6.48172e-08
1430 5.98647e-08
1431 5.52771e-08
1432 5.10288e-08
1433 4.70956e-08
1434 4.3455e-08
1435 4.00861e-08
1436 3.69694e-08
1437 3.40868e-08
1438 3.14214e-08
1439 2.89574e-08
1440 2.66801e-08
1441 2.4576e-08
1442 2.26323e-08
1443 2.08374e-08
1444 1.91801e-08
1445 1.76504e-08
1446 1.62387e-08
1447 1.49364e-08
1448 1.37352e-08
1449 1.26275e-08
1450 1.16064e-08
1451 1.06652e-08
1452 9.79806e-09
1453 8.99922e-09
1454 8.26351e-09
1455 7.58612e-09
1456 6.96258e-09
1457 6.38876e-09
1458 5.86081e-09
1459 5.3752e-09
1460 4.92864e-09
1461 4.5181e-09
1462 4.14075e-09
1463 3.79401e-09
1464 3.47547e-09
1465 3.18291e-09
1466 2.91428e-09
1467 2.66768e-09
1468 2.44136e-09
1469 2.23371e-09
1470 2.04323e-09
1471 1.86854e-09
1472 1.70838e-09
1473 1.56157e-09
1474 1.42704e-09
1475 1.30379e-09
1476 1.1909e-09
1477 1.08752e-09
1478 9.92875e-10
1479 9.06253e-10
1480 8.26991e-10
1481 7.5448e-10
1482 6.88163e-10
1483 6.27525e-10
1484 5.72094e-10
1485 5.21434e-10
1486 4.75147e-10
1487 4.32865e-10
1488 3.94252e-10
1489 3.58998e-10
1490 3.26818e-10
1491 2.97451e-10
1492 2.70659e-10
1493 2.46221e-10
1494 2.23936e-10
1495 2.0362e-10
1496 1.85102e-10
1497 1.68229e-10
1498 1.52857e-10
1499 1.38856e-10
1500 1.26108e-10
1501 1.14503e-10
1502 1.03941e-10
1503 9.43305e-11
1504 8.55883e-11
1505 7.76378e-11
1506 7.0409e-11
1507 6.3838e-11
1508 5.78665e-11
1509 5.2441e-11
1510 4.75129e-11
1511 4.30376e-11
1512 3.89745e-11
1513 3.52866e-11
1514 3.194e-11
1515 2.89039e-11
1516 2.61501e-11
1517 2.36531e-11
1518 2.13894e-11
1519 1.93377e-11
1520 1.74787e-11
1521 1.57946e-11
1522 1.42693e-11
1523 1.28883e-11
1524 1.16382e-11
1525 1.05068e-11
1526 9.48309e-12
1527 8.55712e-12
1528 7.71973e-12
1529 6.96262e-12
1530 6.27826e-12
1531 5.65982e-12
1532 5.10109e-12
1533 4.59642e-12
1534 4.14069e-12
1535 3.72926e-12
1536 3.35791e-12
1537 3.02282e-12
1538 2.72052e-12
1539 2.44787e-12
1540 2.20203e-12
1541 1.9804e-12
1542 1.78065e-12
1543 1.60068e-12
1544 1.43855e-12
1545 1.29253e-12
1546 1.16107e-12
1547 1.04272e-12
1548 9.36219e-13
1549 8.40395e-13
1550 7.54199e-13
1551 6.76684e-13
1552 6.06993e-13
1553 5.44349e-13
1554 4.88056e-13
1555 4.3748e-13
1556 3.92052e-13
1557 3.51259e-13
1558 3.14636e-13
1559 2.81764e-13
1560 2.52267e-13
1561 2.25805e-13
1562 2.02071e-13
1563 1.80789e-13
1564 1.6171e-13
1565 1.4461e-13
1566 1.29288e-13
1567 1.15562e-13
1568 1.03269e-13
1569 9.22615e-14
1570 8.2408e-14
1571 7.35896e-14
1572 6.56992e-14
1573 5.86411e-14
1574 5.23288e-14
1575 4.6685e-14
1576 4.164e-14
1577 3.71315e-14
1578 3.31032e-14
1579 2.95051e-14
1580 2.62918e-14
1581 2.34229e-14
1582 2.08622e-14
1583 1.8577e-14
1584 1.65382e-14
1585 1.47197e-14
1586 1.3098e-14
1587 1.16523e-14
1588 1.03637e-14
1589 9.21539e-15
1590 8.19239e-15
1591 7.28124e-15
1592 6.4699e-15
1593 5.7476e-15
1594 5.10474e-15
1595 4.53271e-15
1596 4.02382e-15
1597 3.57123e-15
1598 3.16879e-15
1599 2.81104e-15
1600 2.49309e-15
1601 2.21059e-15
1602 1.95963e-15
1603 1.73675e-15
1604 1.53885e-15
1605 1.36319e-15
1606 1.20729e-15
1607 1.06897e-15
1608 9.4627e-16
1609 8.37459e-16
1610 7.40985e-16
1611 6.5547e-16
1612 5.79688e-16
1613 5.12546e-16
1614 4.53074e-16
1615 4.00408e-16
1616 3.53781e-16
1617 3.12511e-16
1618 2.75989e-16
1619 2.43678e-16
1620 2.151e-16
1621 1.89828e-16
1622 1.67486e-16
1623 1.47739e-16
1624 1.3029e-16
1625 1.14874e-16
1626 1.01259e-16
1627 8.92363e-17
1628 7.86227e-17
1629 6.92552e-17
1630 6.09895e-17
1631 5.36977e-17
1632 4.72666e-17
1633 4.15959e-17
1634 3.6597e-17
1635 3.21913e-17
1636 2.83094e-17
1637 2.48897e-17
1638 2.18779e-17
1639 1.92261e-17
1640 1.68918e-17
1641 1.48374e-17
1642 1.30298e-17
1643 1.14397e-17
1644 1.00414e-17
1645 8.81185e-18
1646 7.73108e-18
1647 6.78127e-18
1648 5.94676e-18
1649 5.21372e-18
1650 4.56996e-18
1651 4.00476e-18
1652 3.50863e-18
1653 3.07325e-18
1654 2.69126e-18
1655 2.3562e-18
1656 2.06237e-18
1657 1.80476e-18
1658 1.57895e-18
1659 1.38108e-18
1660 1.20771e-18
1661 1.05587e-18
1662 9.22892e-19
1663 8.06477e-19
1664 7.04581e-19
1665 6.15414e-19
1666 5.37406e-19
1667 4.69176e-19
1668 4.09512e-19
1669 3.57351e-19
1670 3.11762e-19
1671 2.71924e-19
1672 2.37121e-19
1673 2.06725e-19
1674 1.80182e-19
1675 1.57011e-19
1676 1.36787e-19
1677 1.1914e-19
1678 1.03746e-19
1679 9.03192e-20
1680 7.86119e-20
1681 6.8406e-20
1682 5.95112e-20
1683 5.17608e-20
1684 4.50093e-20
1685 3.91292e-20
1686 3.40094e-20
1687 2.95525e-20
1688 2.56737e-20
1689 2.22987e-20
1690 1.93629e-20
1691 1.68097e-20
1692 1.45897e-20
1693 1.266e-20
1694 1.09829e-20
1695 9.52576e-21
1696 8.26001e-21
1697 7.16077e-21
1698 6.20637e-21
1699 5.37792e-21
1700 4.65896e-21
1701 4.03518e-21
1702 3.4941e-21
1703 3.02486e-21
1704 2.61803e-21
1705 2.26539e-21
1706 1.95979e-21
1707 1.69502e-21
1708 1.46567e-21
1709 1.26707e-21
1710 1.09512e-21
1711 9.4628e-22
1712 8.17481e-22
1713 7.06048e-22
1714 6.09662e-22
1715 5.26312e-22
1716 4.5425e-22
1717 3.91964e-22
1718 3.38139e-22
1719 2.91638e-22
1720 2.51472e-22
1721 2.16788e-22
1722 1.86844e-22
1723 1.60998e-22
1724 1.38695e-22
1725 1.19454e-22
1726 1.02858e-22
1727 8.8547e-23
1728 7.62093e-23
1729 6.55754e-23
1730 5.64121e-23
1731 4.85179e-23
1732 4.17186e-23
1733 3.58638e-23
1734 3.08235e-23
1735 2.64853e-23
1736 2.27524e-23
1737 1.9541e-23
1738 1.6779e-23
1739 1.44039e-23
1740 1.23622e-23
1741 1.06074e-23
1742 9.09959e-24
1743 7.80427e-24
1744 6.69176e-24
1745 5.73651e-24
1746 4.91646e-24
1747 4.21266e-24
1748 3.60877e-24
1749 3.09072e-24
1750 2.64642e-24
1751 2.26545e-24
1752 1.93888e-24
1753 1.659e-24
1754 1.41918e-24
1755 1.21375e-24
1756 1.03781e-24
1757 8.87171e-25
1758 7.58218e-25
1759 6.47857e-25
1760 5.53431e-25
1761 4.72656e-25
1762 4.03577e-25
1763 3.44513e-25
1764 2.94025e-25
1765 2.50877e-25
1766 2.14011e-25
1767 1.8252e-25
1768 1.55627e-25
1769 1.32665e-25
1770 1.13064e-25
1771 9.63374e-26
1772 8.20658e-26
1773 6.98922e-26
1774 5.95105e-26
1775 5.06591e-26
1776 4.31142e-26
1777 3.66844e-26
1778 3.12062e-26
1779 2.65399e-26
1780 2.25661e-26
1781 1.91828e-26
1782 1.6303e-26
1783 1.38523e-26
1784 1.17672e-26
1785 9.99363e-27
1786 8.4854e-27
1787 7.20311e-27
1788 6.11317e-27
1789 5.18694e-27
1790 4.40002e-27
1791 3.73162e-27
1792 3.16401e-27
1793 2.68211e-27
1794 2.27308e-27
1795 1.92597e-27
1796 1.63149e-27
1797 1.38171e-27
1798 1.1699e-27
1799 9.90327e-28
1800 8.38121e-28
1801 7.09142e-28
1802 5.99871e-28
1803 5.07319e-28
1804 4.28946e-28
1805 3.62595e-28
1806 3.06436e-28
1807 2.58915e-28
1808 2.18711e-28
1809 1.84707e-28
1810 1.55954e-28
1811 1.31645e-28
1812 1.111e-28
1813 9.37387e-29
1814 7.90721e-29
1815 6.66847e-29
1816 5.62247e-29
1817 4.73943e-29
1818 3.99415e-29
1819 3.36527e-29
1820 2.83474e-29
1821 2.3873e-29
1822 2.01001e-29
1823 1.69195e-29
1824 1.42388e-29
1825 1.19801e-29
1826 1.00773e-29
1827 8.47475e-30
1828 7.12538e-30
1829 5.98945e-30
1830 5.03344e-30
1831 4.22904e-30
1832 3.55235e-30
1833 2.98325e-30
1834 2.50473e-30
1835 2.10248e-30
1836 1.76441e-30
1837 1.48036e-30
1838 1.24175e-30
1839 1.04135e-30
1840 8.73091e-31
1841 7.31847e-31
1842 6.1331e-31
1843 5.13852e-31
1844 4.30422e-31
1845 3.60453e-31
1846 3.01788e-31
1847 2.52612e-31
1848 2.11399e-31
1849 1.76869e-31
1850 1.47945e-31
1851 1.23721e-31
1852 1.0344e-31
1853 8.64629e-32
1854 7.22553e-32
1855 6.03682e-32
1856 5.04249e-32
1857 4.21095e-32
1858 3.51571e-32
1859 2.93457e-32
1860 2.44891e-32
1861 2.04315e-32
1862 1.70422e-32
1863 1.42118e-32
1864 1.18487e-32
1865 9.87622e-33
1866 8.23015e-33
1867 6.85683e-33
1868 5.71133e-33
1869 4.75607e-33
1870 3.95965e-33
1871 3.29583e-33
1872 2.74264e-33
1873 2.28177e-33
1874 1.89789e-33
1875 1.57823e-33
1876 1.3121e-33
1877 1.09059e-33
1878 9.06258e-34
1879 7.52906e-34
1880 6.25357e-34
1881 5.19293e-34
1882 4.31117e-34
1883 3.57829e-34
1884 2.96929e-34
1885 2.46337e-34
1886 2.04316e-34
1887 1.69423e-34
1888 1.40457e-34
1889 1.16415e-34
1890 9.64658e-35
1891 7.99163e-35
1892 6.61904e-35
1893 5.48091e-35
1894 4.53741e-35
1895 3.75545e-35
1896 3.10751e-35
1897 2.57076e-35
1898 2.12622e-35
1899 1.75813e-35
1900 1.45343e-35
1901 1.20125e-35
1902 9.92595e-36
1903 8.19989e-36
1904 6.77238e-36
1905 5.59207e-36
1906 4.61638e-36
1907 3.81003e-36
1908 3.14379e-36
1909 2.59344e-36
1910 2.13893e-36
1911 1.76366e-36
1912 1.45388e-36
1913 1.19824e-36
1914 9.87311e-37
1915 8.13322e-37
1916 6.69837e-37
1917 5.51535e-37
1918 4.5402e-37
1919 3.73658e-37
1920 3.07447e-37
1921 2.52909e-37
1922 2.07997e-37
1923 1.71019e-37
1924 1.40583e-37
1925 1.15535e-37
1926 9.49284e-38
1927 7.79784e-38
1928 6.40398e-38
1929 5.25802e-38
1930 4.31611e-38
1931 3.54208e-38
1932 2.90618e-38
1933 2.38388e-38
1934 1.95498e-38
1935 1.60286e-38
1936 1.31386e-38
1937 1.0767e-38
1938 8.82149e-39
1939 7.22576e-39
1940 5.91728e-39
1941 4.8446e-39
1942 3.96543e-39
1943 3.24503e-39
1944 2.65488e-39
1945 2.17154e-39
1946 1.77577e-39
1947 1.45178e-39
1948 1.18662e-39
1949 9.69665e-40
1950 7.92185e-40
1951 6.47036e-40
1952 5.28356e-40
1953 4.31341e-40
1954 3.52057e-40
1955 2.87277e-40
1956 2.3436e-40
1957 1.91146e-40
1958 1.55863e-40
1959 1.27062e-40
1960 1.03559e-40
1961 8.43826e-41
1962 6.87411e-41
1963 5.59856e-41
1964 4.55861e-41
1965 3.71095e-41
1966 3.0202e-41
1967 2.45743e-41
1968 1.99905e-41
1969 1.62578e-41
1970 1.3219e-41
1971 1.07456e-41
1972 8.73291e-42
1973 7.09552e-42
1974 5.76376e-42
1975 4.68084e-42
1976 3.80048e-42
1977 3.08496e-42
1978 2.50355e-42
1979 2.03124e-42
1980 1.64764e-42
1981 1.33616e-42
1982 1.0833e-42
1983 8.78091e-43
1984 7.11582e-43
1985 5.76509e-43
1986 4.66964e-43
1987 3.78144e-43
1988 3.06145e-43
1989 2.47795e-43
1990 2.00518e-43
1991 1.62223e-43
1992 1.3121e-43
1993 1.061e-43
1994 8.57747e-44
1995 6.93266e-44
1996 5.60191e-44
1997 4.52552e-44
1998 3.65507e-44
1999 2.95134e-44
2000 2.38252e-44
2001 1.92288e-44
2002 1.55153e-44
2003 1.2516e-44
2004 1.00941e-44
2005 8.13888e-45
2006 6.56081e-45
2007 5.28745e-45
2008 4.26022e-45
2009 3.43174e-45
2010 2.76372e-45
2011 2.22521e-45
2012 1.79121e-45
2013 1.44152e-45
2014 1.15984e-45
2015 9.32991e-46
2016 7.50344e-46
2017 6.03324e-46
2018 4.8501e-46
2019 3.8982e-46
2020 3.13254e-46
2021 2.51683e-46
2022 2.02183e-46
2023 1.62396e-46
2024 1.30426e-46
2025 1.04741e-46
2026 8.41128e-47
2027 6.75488e-47
2028 5.42517e-47
2029 4.358e-47
2030 3.50174e-47
2031 2.81489e-47
2032 2.26407e-47
2033 1.82246e-47
2034 1.46851e-47
2035 1.1849e-47
2036 9.57718e-48
2037 7.75811e-48
2038 6.30219e-48
2039 5.13753e-48
2040 4.20654e-48
2041 3.46304e-48
2042 2.87012e-48
2043 2.39826e-48
2044 2.02391e-48
2045 1.72836e-48
2046 1.49683e-48
2047 1.31768e-48
