0 1.03145e-31
1 9.24271e-32
2 8.35949e-32
3 7.64108e-32
4 7.06978e-32
5 6.62864e-32
6 6.30687e-32
7 6.0962e-32
8 5.98927e-32
9 5.98344e-32
10 6.07875e-32
11 6.27505e-32
12 6.57849e-32
13 6.99716e-32
14 7.5386e-32
15 8.21845e-32
16 9.05044e-32
17 1.00556e-31
18 1.12596e-31
19 1.2691e-31
20 1.43846e-31
21 1.63769e-31
22 1.87191e-31
23 2.14705e-31
24 2.46902e-31
25 2.84585e-31
26 3.28692e-31
27 3.80126e-31
28 4.40174e-31
29 5.10295e-31
30 5.92072e-31
31 6.8742e-31
32 7.98587e-31
33 9.28142e-31
34 1.07901e-30
35 1.25479e-30
36 1.45935e-30
37 1.6975e-30
38 1.97478e-30
39 2.29735e-30
40 2.6724e-30
41 3.10868e-30
42 3.61616e-30
43 4.20576e-30
44 4.89103e-30
45 5.68722e-30
46 6.61228e-30
47 7.68676e-30
48 8.93401e-30
49 1.03822e-29
50 1.20626e-29
51 1.40128e-29
52 1.62759e-29
53 1.88993e-29
54 2.19434e-29
55 2.5472e-29
56 2.95606e-29
57 3.43022e-29
58 3.97914e-29
59 4.61513e-29
60 5.35176e-29
61 6.20458e-29
62 7.19194e-29
63 8.33432e-29
64 9.65671e-29
65 1.11861e-28
66 1.29553e-28
67 1.50013e-28
68 1.73663e-28
69 2.00997e-28
70 2.32576e-28
71 2.69079e-28
72 3.11239e-28
73 3.59914e-28
74 4.16129e-28
75 4.81009e-28
76 5.55867e-28
77 6.42281e-28
78 7.4197e-28
79 8.56931e-28
80 9.89507e-28
81 1.14232e-27
82 1.31846e-27
83 1.52145e-27
84 1.75535e-27
85 2.02472e-27
86 2.33489e-27
87 2.69208e-27
88 3.10328e-27
89 3.57648e-27
90 4.1209e-27
91 4.74733e-27
92 5.46772e-27
93 6.29606e-27
94 7.24851e-27
95 8.34306e-27
96 9.60097e-27
97 1.10463e-26
98 1.27062e-26
99 1.46126e-26
100 1.68015e-26
101 1.9314e-26
102 2.21978e-26
103 2.55064e-26
104 2.93022e-26
105 3.36557e-26
106 3.86475e-26
107 4.43703e-26
108 5.09295e-26
109 5.8446e-26
110 6.7057e-26
111 7.69213e-26
112 8.82177e-26
113 1.0115e-25
114 1.15955e-25
115 1.32898e-25
116 1.52284e-25
117 1.7446e-25
118 1.99823e-25
119 2.28823e-25
120 2.61979e-25
121 2.99874e-25
122 3.43174e-25
123 3.92646e-25
124 4.49152e-25
125 5.13683e-25
126 5.87359e-25
127 6.71456e-25
128 7.67433e-25
129 8.76938e-25
130 1.00186e-24
131 1.14434e-24
132 1.3068e-24
133 1.49201e-24
134 1.70309e-24
135 1.94365e-24
136 2.21771e-24
137 2.52986e-24
138 2.88536e-24
139 3.2901e-24
140 3.75082e-24
141 4.27517e-24
142 4.87179e-24
143 5.55049e-24
144 6.32241e-24
145 7.20017e-24
146 8.19805e-24
147 9.33228e-24
148 1.06212e-23
149 1.20855e-23
150 1.37489e-23
151 1.56378e-23
152 1.77825e-23
153 2.02171e-23
154 2.29801e-23
155 2.61153e-23
156 2.96718e-23
157 3.37056e-23
158 3.82796e-23
159 4.3465e-23
160 4.93425e-23
161 5.60029e-23
162 6.35487e-23
163 7.2096e-23
164 8.17754e-23
165 9.27346e-23
166 1.0514e-22
167 1.1918e-22
168 1.35065e-22
169 1.53036e-22
170 1.7336e-22
171 1.96343e-22
172 2.22324e-22
173 2.5169e-22
174 2.84874e-22
175 3.22364e-22
176 3.64711e-22
177 4.12533e-22
178 4.66527e-22
179 5.27475e-22
180 5.9626e-22
181 6.73872e-22
182 7.61424e-22
183 8.6017e-22
184 9.71517e-22
185 1.09705e-21
186 1.23853e-21
187 1.39797e-21
188 1.57761e-21
189 1.77995e-21
190 2.00782e-21
191 2.26439e-21
192 2.5532e-21
193 2.87826e-21
194 3.24401e-21
195 3.65548e-21
196 4.11827e-21
197 4.63869e-21
198 5.22377e-21
199 5.88142e-21
200 6.62048e-21
201 7.45085e-21
202 8.3836e-21
203 9.43116e-21
204 1.06074e-20
205 1.19278e-20
206 1.34098e-20
207 1.50727e-20
208 1.69383e-20
209 1.90308e-20
210 2.13773e-20
211 2.4008e-20
212 2.69568e-20
213 3.02614e-20
214 3.3964e-20
215 3.81115e-20
216 4.27564e-20
217 4.79573e-20
218 5.37794e-20
219 6.02956e-20
220 6.7587e-20
221 7.5744e-20
222 8.48674e-20
223 9.50697e-20
224 1.06476e-19
225 1.19225e-19
226 1.33472e-19
227 1.49391e-19
228 1.67172e-19
229 1.8703e-19
230 2.09203e-19
231 2.33954e-19
232 2.61579e-19
233 2.92404e-19
234 3.26792e-19
235 3.65148e-19
236 4.07919e-19
237 4.55605e-19
238 5.08758e-19
239 5.67993e-19
240 6.33992e-19
241 7.07512e-19
242 7.89392e-19
243 8.80565e-19
244 9.82062e-19
245 1.09503e-18
246 1.22074e-18
247 1.3606e-18
248 1.51617e-18
249 1.68917e-18
250 1.88152e-18
251 2.09535e-18
252 2.33299e-18
253 2.59704e-18
254 2.89038e-18
255 3.21619e-18
256 3.57798e-18
257 3.97964e-18
258 4.42548e-18
259 4.92024e-18
260 5.46918e-18
261 6.0781e-18
262 6.75342e-18
263 7.5022e-18
264 8.33226e-18
265 9.25223e-18
266 1.02716e-17
267 1.1401e-17
268 1.26518e-17
269 1.40369e-17
270 1.55704e-17
271 1.72678e-17
272 1.91463e-17
273 2.12245e-17
274 2.35234e-17
275 2.60658e-17
276 2.88769e-17
277 3.19843e-17
278 3.54186e-17
279 3.92134e-17
280 4.34056e-17
281 4.80358e-17
282 5.31486e-17
283 5.87931e-17
284 6.50234e-17
285 7.18986e-17
286 7.9484e-17
287 8.78511e-17
288 9.70785e-17
289 1.07253e-16
290 1.18468e-16
291 1.30828e-16
292 1.44448e-16
293 1.59453e-16
294 1.75979e-16
295 1.94178e-16
296 2.14214e-16
297 2.36268e-16
298 2.60539e-16
299 2.87244e-16
300 3.16621e-16
301 3.48929e-16
302 3.84456e-16
303 4.23513e-16
304 4.66441e-16
305 5.13616e-16
306 5.65447e-16
307 6.2238e-16
308 6.84906e-16
309 7.5356e-16
310 8.28926e-16
311 9.11644e-16
312 1.00241e-15
313 1.10199e-15
314 1.21122e-15
315 1.331e-15
316 1.46232e-15
317 1.60627e-15
318 1.76404e-15
319 1.9369e-15
320 2.12626e-15
321 2.33365e-15
322 2.56075e-15
323 2.80936e-15
324 3.08147e-15
325 3.37924e-15
326 3.70501e-15
327 4.06133e-15
328 4.451e-15
329 4.87703e-15
330 5.34271e-15
331 5.85163e-15
332 6.40768e-15
333 7.01508e-15
334 7.67844e-15
335 8.40275e-15
336 9.19343e-15
337 1.00564e-14
338 1.0998e-14
339 1.20252e-14
340 1.31456e-14
341 1.43674e-14
342 1.56993e-14
343 1.71511e-14
344 1.87331e-14
345 2.04568e-14
346 2.23343e-14
347 2.43791e-14
348 2.66054e-14
349 2.90289e-14
350 3.16666e-14
351 3.45367e-14
352 3.76591e-14
353 4.10552e-14
354 4.47484e-14
355 4.87637e-14
356 5.31283e-14
357 5.78718e-14
358 6.30259e-14
359 6.8625e-14
360 7.47063e-14
361 8.13101e-14
362 8.84798e-14
363 9.62623e-14
364 1.04708e-13
365 1.13872e-13
366 1.23814e-13
367 1.34596e-13
368 1.46289e-13
369 1.58965e-13
370 1.72706e-13
371 1.87597e-13
372 2.03731e-13
373 2.21209e-13
374 2.40138e-13
375 2.60635e-13
376 2.82826e-13
377 3.06844e-13
378 3.32835e-13
379 3.60955e-13
380 3.91372e-13
381 4.24266e-13
382 4.59832e-13
383 4.98278e-13
384 5.39827e-13
385 5.84722e-13
386 6.3322e-13
387 6.85598e-13
388 7.42156e-13
389 8.03211e-13
390 8.69107e-13
391 9.40213e-13
392 1.01692e-12
393 1.09966e-12
394 1.18887e-12
395 1.28505e-12
396 1.38871e-12
397 1.50041e-12
398 1.62075e-12
399 1.75037e-12
400 1.88995e-12
401 2.04022e-12
402 2.20196e-12
403 2.37602e-12
404 2.56328e-12
405 2.76471e-12
406 2.98133e-12
407 3.21424e-12
408 3.4646e-12
409 3.73367e-12
410 4.02278e-12
411 4.33337e-12
412 4.66695e-12
413 5.02516e-12
414 5.40974e-12
415 5.82254e-12
416 6.26555e-12
417 6.74089e-12
418 7.25081e-12
419 7.79772e-12
420 8.3842e-12
421 9.01298e-12
422 9.68699e-12
423 1.04094e-11
424 1.11834e-11
425 1.20126e-11
426 1.29008e-11
427 1.3852e-11
428 1.48705e-11
429 1.59608e-11
430 1.71277e-11
431 1.83765e-11
432 1.97126e-11
433 2.11418e-11
434 2.26703e-11
435 2.43048e-11
436 2.60521e-11
437 2.79198e-11
438 2.99157e-11
439 3.20481e-11
440 3.43261e-11
441 3.67588e-11
442 3.93565e-11
443 4.21295e-11
444 4.50892e-11
445 4.82474e-11
446 5.16166e-11
447 5.52101e-11
448 5.90421e-11
449 6.31273e-11
450 6.74815e-11
451 7.21213e-11
452 7.70642e-11
453 8.23289e-11
454 8.79348e-11
455 9.39027e-11
456 1.00254e-10
457 1.07013e-10
458 1.14202e-10
459 1.21848e-10
460 1.29977e-10
461 1.38619e-10
462 1.47802e-10
463 1.57559e-10
464 1.67923e-10
465 1.78928e-10
466 1.90613e-10
467 2.03014e-10
468 2.16175e-10
469 2.30137e-10
470 2.44946e-10
471 2.60649e-10
472 2.77297e-10
473 2.94944e-10
474 3.13644e-10
475 3.33456e-10
476 3.54441e-10
477 3.76666e-10
478 4.00198e-10
479 4.25109e-10
480 4.51474e-10
481 4.79374e-10
482 5.08893e-10
483 5.40118e-10
484 5.73142e-10
485 6.08063e-10
486 6.44983e-10
487 6.84011e-10
488 7.25261e-10
489 7.6885e-10
490 8.14906e-10
491 8.63561e-10
492 9.14952e-10
493 9.69225e-10
494 1.02653e-09
495 1.08704e-09
496 1.15091e-09
497 1.21832e-09
498 1.28945e-09
499 1.36451e-09
500 1.4437e-09
501 1.52722e-09
502 1.6153e-09
503 1.70817e-09
504 1.80609e-09
505 1.90929e-09
506 2.01806e-09
507 2.13267e-09
508 2.2534e-09
509 2.38056e-09
510 2.51447e-09
511 2.65545e-09
512 2.80385e-09
513 2.96001e-09
514 3.12431e-09
515 3.29713e-09
516 3.47886e-09
517 3.66992e-09
518 3.87073e-09
519 4.08174e-09
520 4.3034e-09
521 4.53618e-09
522 4.78057e-09
523 5.03707e-09
524 5.30621e-09
525 5.58852e-09
526 5.88456e-09
527 6.19489e-09
528 6.52011e-09
529 6.86082e-09
530 7.21765e-09
531 7.59123e-09
532 7.98224e-09
533 8.39135e-09
534 8.81927e-09
535 9.26671e-09
536 9.73442e-09
537 1.02232e-08
538 1.07338e-08
539 1.1267e-08
540 1.18237e-08
541 1.24048e-08
542 1.30111e-08
543 1.36435e-08
544 1.43031e-08
545 1.49908e-08
546 1.57077e-08
547 1.64547e-08
548 1.7233e-08
549 1.80437e-08
550 1.8888e-08
551 1.97672e-08
552 2.06824e-08
553 2.16351e-08
554 2.26266e-08
555 2.36584e-08
556 2.47319e-08
557 2.58487e-08
558 2.70104e-08
559 2.82188e-08
560 2.94756e-08
561 3.07827e-08
562 3.2142e-08
563 3.35555e-08
564 3.50253e-08
565 3.65536e-08
566 3.81427e-08
567 3.97951e-08
568 4.15131e-08
569 4.32993e-08
570 4.51565e-08
571 4.70874e-08
572 4.90949e-08
573 5.1182e-08
574 5.33519e-08
575 5.56077e-08
576 5.79527e-08
577 6.03904e-08
578 6.29243e-08
579 6.55579e-08
580 6.8295e-08
581 7.11395e-08
582 7.4095e-08
583 7.71657e-08
584 8.03555e-08
585 8.36685e-08
586 8.71087e-08
587 9.06805e-08
588 9.43879e-08
589 9.82352e-08
590 1.02227e-07
591 1.06366e-07
592 1.10658e-07
593 1.15107e-07
594 1.19717e-07
595 1.24491e-07
596 1.29434e-07
597 1.34549e-07
598 1.39841e-07
599 1.45312e-07
600 1.50966e-07
601 1.56807e-07
602 1.62837e-07
603 1.6906e-07
604 1.75477e-07
605 1.82092e-07
606 1.88906e-07
607 1.95922e-07
608 2.0314e-07
609 2.10563e-07
610 2.18191e-07
611 2.26025e-07
612 2.34066e-07
613 2.42313e-07
614 2.50768e-07
615 2.59428e-07
616 2.68294e-07
617 2.77365e-07
618 2.8664e-07
619 2.96117e-07
620 3.05794e-07
621 3.1567e-07
622 3.25744e-07
623 3.36013e-07
624 3.46474e-07
625 3.57127e-07
626 3.67969e-07
627 3.78998e-07
628 3.90213e-07
629 4.01611e-07
630 4.13192e-07
631 4.24954e-07
632 4.36898e-07
633 4.49022e-07
634 4.61328e-07
635 4.73816e-07
636 4.86488e-07
637 4.99347e-07
638 5.12395e-07
639 5.25639e-07
640 5.39081e-07
641 5.5273e-07
642 5.66593e-07
643 5.80678e-07
644 5.94995e-07
645 6.09556e-07
646 6.24374e-07
647 6.39463e-07
648 6.54838e-07
649 6.70518e-07
650 6.86521e-07
651 7.02867e-07
652 7.19579e-07
653 7.36679e-07
654 7.54195e-07
655 7.72151e-07
656 7.90577e-07
657 8.09502e-07
658 8.28957e-07
659 8.48974e-07
660 8.69588e-07
661 8.90833e-07
662 9.12744e-07
663 9.35358e-07
664 9.58712e-07
665 9.82843e-07
666 1.00779e-06
667 1.03359e-06
668 1.06028e-06
669 1.0879e-06
670 1.11648e-06
671 1.14607e-06
672 1.17668e-06
673 1.20837e-06
674 1.24116e-06
675 1.27507e-06
676 1.31014e-06
677 1.34639e-06
678 1.38383e-06
679 1.4225e-06
680 1.46239e-06
681 1.50353e-06
682 1.54591e-06
683 1.58953e-06
684 1.63439e-06
685 1.68049e-06
686 1.7278e-06
687 1.7763e-06
688 1.82596e-06
689 1.87675e-06
690 1.92864e-06
691 1.98156e-06
692 2.03546e-06
693 2.09029e-06
694 2.14597e-06
695 2.20242e-06
696 2.25956e-06
697 2.3173e-06
698 2.37553e-06
699 2.43415e-06
700 2.49304e-06
701 2.55209e-06
702 2.61116e-06
703 2.67011e-06
704 2.72881e-06
705 2.78711e-06
706 2.84485e-06
707 2.90187e-06
708 2.95801e-06
709 3.01311e-06
710 3.06698e-06
711 3.11947e-06
712 3.17038e-06
713 3.21954e-06
714 3.26678e-06
715 3.31191e-06
716 3.35476e-06
717 3.39515e-06
718 3.43291e-06
719 3.46787e-06
720 3.49986e-06
721 3.52872e-06
722 3.55431e-06
723 3.57648e-06
724 3.59509e-06
725 3.61001e-06
726 3.62114e-06
727 3.62837e-06
728 3.63161e-06
729 3.63079e-06
730 3.62584e-06
731 3.61672e-06
732 3.60341e-06
733 3.58589e-06
734 3.56418e-06
735 3.5383e-06
736 3.5083e-06
737 3.47426e-06
738 3.43627e-06
739 3.39444e-06
740 3.34892e-06
741 3.29986e-06
742 3.24745e-06
743 3.1919e-06
744 3.13345e-06
745 3.07235e-06
746 3.00889e-06
747 2.94337e-06
748 2.87613e-06
749 2.80751e-06
750 2.73791e-06
751 2.66771e-06
752 2.59735e-06
753 2.52727e-06
754 2.45793e-06
755 2.38982e-06
756 2.32345e-06
757 2.25933e-06
758 2.19801e-06
759 2.14004e-06
760 2.08599e-06
761 2.03643e-06
762 1.99196e-06
763 1.95317e-06
764 1.92068e-06
765 1.89509e-06
766 1.87701e-06
767 1.86707e-06
768 1.86588e-06
769 1.87405e-06
770 1.89219e-06
771 1.92091e-06
772 1.9608e-06
773 2.01243e-06
774 2.07639e-06
775 2.15322e-06
776 2.24346e-06
777 2.34764e-06
778 2.46624e-06
779 2.59975e-06
780 2.7486e-06
781 2.91323e-06
782 3.09403e-06
783 3.29135e-06
784 3.50553e-06
785 3.73686e-06
786 3.98561e-06
787 4.25201e-06
788 4.53623e-06
789 4.83842e-06
790 5.15871e-06
791 5.49715e-06
792 5.85376e-06
793 6.22855e-06
794 6.62145e-06
795 7.03236e-06
796 7.46114e-06
797 7.90761e-06
798 8.37155e-06
799 8.85269e-06
800 9.35072e-06
801 9.86529e-06
802 1.0396e-05
803 1.09425e-05
804 1.15043e-05
805 1.20808e-05
806 1.26717e-05
807 1.32762e-05
808 1.38938e-05
809 1.4524e-05
810 1.5166e-05
811 1.58193e-05
812 1.64831e-05
813 1.71567e-05
814 1.78394e-05
815 1.85306e-05
816 1.92295e-05
817 1.99353e-05
818 2.06473e-05
819 2.13649e-05
820 2.20872e-05
821 2.28136e-05
822 2.35433e-05
823 2.42758e-05
824 2.50102e-05
825 2.57461e-05
826 2.64828e-05
827 2.72196e-05
828 2.79561e-05
829 2.86919e-05
830 2.94263e-05
831 3.01591e-05
832 3.08898e-05
833 3.16182e-05
834 3.23441e-05
835 3.30672e-05
836 3.37875e-05
837 3.45049e-05
838 3.52195e-05
839 3.59314e-05
840 3.66407e-05
841 3.73477e-05
842 3.80529e-05
843 3.87566e-05
844 3.94595e-05
845 4.01621e-05
846 4.08651e-05
847 4.15695e-05
848 4.2276e-05
849 4.29859e-05
850 4.37002e-05
851 4.44202e-05
852 4.51471e-05
853 4.58826e-05
854 4.66281e-05
855 4.73854e-05
856 4.81563e-05
857 4.89426e-05
858 4.97464e-05
859 5.05699e-05
860 5.14152e-05
861 5.22848e-05
862 5.31812e-05
863 5.41069e-05
864 5.50647e-05
865 5.60574e-05
866 5.70879e-05
867 5.81594e-05
868 5.92748e-05
869 6.04376e-05
870 6.16511e-05
871 6.29188e-05
872 6.42443e-05
873 6.56314e-05
874 6.70837e-05
875 6.86053e-05
876 7.02001e-05
877 7.18722e-05
878 7.3626e-05
879 7.54656e-05
880 7.73954e-05
881 7.94201e-05
882 8.1544e-05
883 8.3772e-05
884 8.61088e-05
885 8.85592e-05
886 9.11282e-05
887 9.38207e-05
888 9.66418e-05
889 9.95968e-05
890 0.000102691
891 0.000105929
892 0.000109317
893 0.000112861
894 0.000116565
895 0.000120435
896 0.000124478
897 0.000128698
898 0.000133102
899 0.000137695
900 0.000142483
901 0.000147473
902 0.00015267
903 0.000158081
904 0.000163711
905 0.000169566
906 0.000175654
907 0.00018198
908 0.000188551
909 0.000195373
910 0.000202452
911 0.000209796
912 0.00021741
913 0.000225302
914 0.000233478
915 0.000241944
916 0.000250708
917 0.000259776
918 0.000269156
919 0.000278854
920 0.000288877
921 0.000299232
922 0.000309926
923 0.000320967
924 0.000332362
925 0.000344118
926 0.000356242
927 0.000368742
928 0.000381625
929 0.000394898
930 0.000408569
931 0.000422646
932 0.000437137
933 0.000452048
934 0.000467389
935 0.000483166
936 0.000499387
937 0.000516061
938 0.000533195
939 0.000550798
940 0.000568878
941 0.000587442
942 0.000606499
943 0.000626058
944 0.000646126
945 0.000666712
946 0.000687825
947 0.000709473
948 0.000731664
949 0.000754408
950 0.000777713
951 0.000801587
952 0.00082604
953 0.00085108
954 0.000876716
955 0.000902957
956 0.000929813
957 0.000957291
958 0.000985402
959 0.00101415
960 0.00104356
961 0.00107362
962 0.00110435
963 0.00113576
964 0.00116785
965 0.00120065
966 0.00123415
967 0.00126836
968 0.0013033
969 0.00133897
970 0.00137539
971 0.00141255
972 0.00145048
973 0.00148918
974 0.00152867
975 0.00156894
976 0.00161001
977 0.00165188
978 0.00169458
979 0.0017381
980 0.00178246
981 0.00182766
982 0.00187372
983 0.00192063
984 0.00196842
985 0.00201709
986 0.00206665
987 0.0021171
988 0.00216846
989 0.00222074
990 0.00227393
991 0.00232806
992 0.00238312
993 0.00243913
994 0.0024961
995 0.00255402
996 0.00261291
997 0.00267278
998 0.00273363
999 0.00279547
1000 0.0028583
1001 0.00292214
1002 0.00298698
1003 0.00305283
1004 0.00311971
1005 0.00318761
1006 0.00325654
1007 0.0033265
1008 0.00339751
1009 0.00346955
1010 0.00354264
1011 0.00361679
1012 0.00369198
1013 0.00376824
1014 0.00384555
1015 0.00392392
1016 0.00400336
1017 0.00408386
1018 0.00416543
1019 0.00424807
1020 0.00433177
1021 0.00441654
1022 0.00450237
1023 0.00458928
1024 0.00467724
1025 0.00476627
1026 0.00485636
1027 0.00494751
1028 0.00503971
1029 0.00513296
1030 0.00522726
1031 0.0053226
1032 0.00541898
1033 0.00551639
1034 0.00561483
1035 0.00571428
1036 0.00581475
1037 0.00591621
1038 0.00601868
1039 0.00612213
1040 0.00622655
1041 0.00633195
1042 0.0064383
1043 0.00654559
1044 0.00665382
1045 0.00676297
1046 0.00687303
1047 0.00698398
1048 0.00709581
1049 0.00720851
1050 0.00732206
1051 0.00743644
1052 0.00755164
1053 0.00766765
1054 0.00778443
1055 0.00790198
1056 0.00802028
1057 0.00813931
1058 0.00825904
1059 0.00837945
1060 0.00850053
1061 0.00862225
1062 0.0087446
1063 0.00886753
1064 0.00899104
1065 0.0091151
1066 0.00923968
1067 0.00936476
1068 0.00949031
1069 0.0096163
1070 0.00974271
1071 0.00986951
1072 0.00999666
1073 0.0101242
1074 0.0102519
1075 0.01038
1076 0.0105083
1077 0.0106368
1078 0.0107655
1079 0.0108943
1080 0.0110233
1081 0.0111523
1082 0.0112814
1083 0.0114105
1084 0.0115395
1085 0.0116685
1086 0.0117974
1087 0.0119262
1088 0.0120548
1089 0.0121832
1090 0.0123114
1091 0.0124393
1092 0.0125669
1093 0.0126941
1094 0.0128209
1095 0.0129473
1096 0.0130733
1097 0.0131987
1098 0.0133236
1099 0.0134479
1100 0.0135715
1101 0.0136945
1102 0.0138168
1103 0.0139384
1104 0.0140591
1105 0.0141791
1106 0.0142981
1107 0.0144163
1108 0.0145335
1109 0.0146497
1110 0.0147649
1111 0.014879
1112 0.014992
1113 0.0151038
1114 0.0152145
1115 0.0153239
1116 0.015432
1117 0.0155389
1118 0.0156444
1119 0.0157485
1120 0.0158511
1121 0.0159523
1122 0.016052
1123 0.0161501
1124 0.0162467
1125 0.0163416
1126 0.0164349
1127 0.0165265
1128 0.0166163
1129 0.0167044
1130 0.0167907
1131 0.0168751
1132 0.0169577
1133 0.0170383
1134 0.017117
1135 0.0171938
1136 0.0172685
1137 0.0173413
1138 0.0174119
1139 0.0174805
1140 0.0175469
1141 0.0176112
1142 0.0176732
1143 0.0177331
1144 0.0177908
1145 0.0178462
1146 0.0178993
1147 0.0179501
1148 0.0179986
1149 0.0180447
1150 0.0180884
1151 0.0181298
1152 0.0181687
1153 0.0182052
1154 0.0182393
1155 0.0182709
1156 0.0183
1157 0.0183266
1158 0.0183507
1159 0.0183723
1160 0.0183914
1161 0.0184079
1162 0.0184219
1163 0.0184333
1164 0.0184422
1165 0.0184484
1166 0.0184521
1167 0.0184533
1168 0.0184518
1169 0.0184478
1170 0.0184411
1171 0.0184319
1172 0.0184201
1173 0.0184057
1174 0.0183888
1175 0.0183692
1176 0.0183471
1177 0.0183225
1178 0.0182953
1179 0.0182655
1180 0.0182332
1181 0.0181984
1182 0.0181611
1183 0.0181213
1184 0.0180791
1185 0.0180343
1186 0.0179871
1187 0.0179375
1188 0.0178855
1189 0.0178311
1190 0.0177743
1191 0.0177151
1192 0.0176537
1193 0.0175899
1194 0.0175239
1195 0.0174556
1196 0.017385
1197 0.0173123
1198 0.0172374
1199 0.0171604
1200 0.0170813
1201 0.017
1202 0.0169168
1203 0.0168315
1204 0.0167442
1205 0.0166549
1206 0.0165638
1207 0.0164708
1208 0.0163759
1209 0.0162792
1210 0.0161807
1211 0.0160805
1212 0.0159786
1213 0.0158751
1214 0.0157699
1215 0.0156631
1216 0.0155548
1217 0.015445
1218 0.0153337
1219 0.0152211
1220 0.015107
1221 0.0149916
1222 0.0148749
1223 0.0147569
1224 0.0146378
1225 0.0145174
1226 0.014396
1227 0.0142734
1228 0.0141499
1229 0.0140253
1230 0.0138998
1231 0.0137734
1232 0.0136461
1233 0.013518
1234 0.0133891
1235 0.0132595
1236 0.0131292
1237 0.0129982
1238 0.0128667
1239 0.0127346
1240 0.0126019
1241 0.0124688
1242 0.0123353
1243 0.0122014
1244 0.0120671
1245 0.0119325
1246 0.0117977
1247 0.0116627
1248 0.0115274
1249 0.0113921
1250 0.0112566
1251 0.0111211
1252 0.0109855
1253 0.01085
1254 0.0107145
1255 0.0105791
1256 0.0104439
1257 0.0103088
1258 0.010174
1259 0.0100394
1260 0.00990503
1261 0.00977101
1262 0.00963735
1263 0.00950406
1264 0.00937119
1265 0.00923877
1266 0.00910684
1267 0.00897541
1268 0.00884453
1269 0.00871423
1270 0.00858453
1271 0.00845546
1272 0.00832706
1273 0.00819934
1274 0.00807235
1275 0.00794609
1276 0.0078206
1277 0.00769591
1278 0.00757203
1279 0.00744899
1280 0.00732682
1281 0.00720554
1282 0.00708516
1283 0.00696571
1284 0.0068472
1285 0.00672967
1286 0.00661312
1287 0.00649757
1288 0.00638304
1289 0.00626955
1290 0.00615712
1291 0.00604575
1292 0.00593546
1293 0.00582627
1294 0.00571819
1295 0.00561123
1296 0.0055054
1297 0.00540072
1298 0.00529719
1299 0.00519482
1300 0.00509362
1301 0.0049936
1302 0.00489477
1303 0.00479713
1304 0.00470069
1305 0.00460546
1306 0.00451144
1307 0.00441863
1308 0.00432704
1309 0.00423667
1310 0.00414753
1311 0.00405961
1312 0.00397292
1313 0.00388746
1314 0.00380323
1315 0.00372022
1316 0.00363844
1317 0.00355788
1318 0.00347855
1319 0.00340044
1320 0.00332355
1321 0.00324787
1322 0.0031734
1323 0.00310014
1324 0.00302808
1325 0.00295721
1326 0.00288754
1327 0.00281905
1328 0.00275174
1329 0.0026856
1330 0.00262062
1331 0.0025568
1332 0.00249413
1333 0.0024326
1334 0.0023722
1335 0.00231292
1336 0.00225476
1337 0.0021977
1338 0.00214173
1339 0.00208685
1340 0.00203304
1341 0.0019803
1342 0.00192861
1343 0.00187796
1344 0.00182834
1345 0.00177974
1346 0.00173215
1347 0.00168555
1348 0.00163994
1349 0.0015953
1350 0.00155162
1351 0.00150888
1352 0.00146708
1353 0.00142621
1354 0.00138624
1355 0.00134718
1356 0.00130899
1357 0.00127168
1358 0.00123523
1359 0.00119962
1360 0.00116485
1361 0.0011309
1362 0.00109776
1363 0.00106541
1364 0.00103384
1365 0.00100304
1366 0.000972995
1367 0.000943694
1368 0.000915122
1369 0.000887268
1370 0.000860118
1371 0.00083366
1372 0.00080788
1373 0.000782766
1374 0.000758307
1375 0.000734488
1376 0.000711298
1377 0.000688725
1378 0.000666756
1379 0.000645379
1380 0.000624583
1381 0.000604354
1382 0.000584682
1383 0.000565555
1384 0.000546962
1385 0.00052889
1386 0.000511328
1387 0.000494266
1388 0.000477693
1389 0.000461596
1390 0.000445967
1391 0.000430793
1392 0.000416064
1393 0.000401771
1394 0.000387903
1395 0.000374449
1396 0.0003614
1397 0.000348746
1398 0.000336478
1399 0.000324585
1400 0.000313059
1401 0.000301891
1402 0.000291071
1403 0.000280591
1404 0.000270441
1405 0.000260613
1406 0.0002511
1407 0.000241892
1408 0.000232981
1409 0.00022436
1410 0.00021602
1411 0.000207954
1412 0.000200155
1413 0.000192615
1414 0.000185327
1415 0.000178283
1416 0.000171478
1417 0.000164903
1418 0.000158553
1419 0.000152421
1420 0.000146501
1421 0.000140786
1422 0.00013527
1423 0.000129948
1424 0.000124813
1425 0.00011986
1426 0.000115084
1427 0.000110478
1428 0.000106039
1429 0.00010176
1430 9.7636e-05
1431 9.36631e-05
1432 8.9836e-05
1433 8.61502e-05
1434 8.26011e-05
1435 7.91843e-05
1436 7.58954e-05
1437 7.27304e-05
1438 6.9685e-05
1439 6.67554e-05
1440 6.39377e-05
1441 6.12281e-05
1442 5.8623e-05
1443 5.61188e-05
1444 5.37121e-05
1445 5.13995e-05
1446 4.91778e-05
1447 4.70438e-05
1448 4.49944e-05
1449 4.30267e-05
1450 4.11377e-05
1451 3.93247e-05
1452 3.75849e-05
1453 3.59158e-05
1454 3.43146e-05
1455 3.2779e-05
1456 3.13066e-05
1457 2.98949e-05
1458 2.85419e-05
1459 2.72452e-05
1460 2.60028e-05
1461 2.48126e-05
1462 2.36727e-05
1463 2.25811e-05
1464 2.1536e-05
1465 2.05356e-05
1466 1.95781e-05
1467 1.8662e-05
1468 1.77855e-05
1469 1.69472e-05
1470 1.61455e-05
1471 1.53789e-05
1472 1.46461e-05
1473 1.39457e-05
1474 1.32765e-05
1475 1.2637e-05
1476 1.20262e-05
1477 1.14429e-05
1478 1.08858e-05
1479 1.03541e-05
1480 9.84648e-06
1481 9.36209e-06
1482 8.89992e-06
1483 8.45903e-06
1484 8.03853e-06
1485 7.63754e-06
1486 7.25524e-06
1487 6.89082e-06
1488 6.54352e-06
1489 6.21259e-06
1490 5.89733e-06
1491 5.59704e-06
1492 5.31107e-06
1493 5.0388e-06
1494 4.77961e-06
1495 4.53293e-06
1496 4.29819e-06
1497 4.07486e-06
1498 3.86243e-06
1499 3.6604e-06
1500 3.46831e-06
1501 3.28569e-06
1502 3.11212e-06
1503 2.94718e-06
1504 2.79046e-06
1505 2.6416e-06
1506 2.50021e-06
1507 2.36596e-06
1508 2.2385e-06
1509 2.11752e-06
1510 2.00272e-06
1511 1.89378e-06
1512 1.79044e-06
1513 1.69243e-06
1514 1.59949e-06
1515 1.51137e-06
1516 1.42785e-06
1517 1.34869e-06
1518 1.27368e-06
1519 1.20262e-06
1520 1.13532e-06
1521 1.07158e-06
1522 1.01124e-06
1523 9.54118e-07
1524 9.00055e-07
1525 8.48898e-07
1526 8.005e-07
1527 7.54722e-07
1528 7.11429e-07
1529 6.70495e-07
1530 6.31799e-07
1531 5.95226e-07
1532 5.60665e-07
1533 5.28013e-07
1534 4.9717e-07
1535 4.68042e-07
1536 4.40538e-07
1537 4.14573e-07
1538 3.90065e-07
1539 3.66938e-07
1540 3.45118e-07
1541 3.24534e-07
1542 3.05122e-07
1543 2.86817e-07
1544 2.69559e-07
1545 2.53293e-07
1546 2.37963e-07
1547 2.2352e-07
1548 2.09914e-07
1549 1.97099e-07
1550 1.85031e-07
1551 1.7367e-07
1552 1.62976e-07
1553 1.52912e-07
1554 1.43442e-07
1555 1.34533e-07
1556 1.26154e-07
1557 1.18275e-07
1558 1.10866e-07
1559 1.03903e-07
1560 9.73578e-08
1561 9.1208e-08
1562 8.54306e-08
1563 8.0004e-08
1564 7.49079e-08
1565 7.01232e-08
1566 6.56317e-08
1567 6.14162e-08
1568 5.74606e-08
1569 5.37496e-08
1570 5.02687e-08
1571 4.70044e-08
1572 4.39436e-08
1573 4.10744e-08
1574 3.83852e-08
1575 3.58653e-08
1576 3.35044e-08
1577 3.12929e-08
1578 2.92219e-08
1579 2.72828e-08
1580 2.54674e-08
1581 2.37684e-08
1582 2.21784e-08
1583 2.06909e-08
1584 1.92994e-08
1585 1.79981e-08
1586 1.67813e-08
1587 1.56438e-08
1588 1.45807e-08
1589 1.35871e-08
1590 1.26589e-08
1591 1.17918e-08
1592 1.0982e-08
1593 1.02259e-08
1594 9.51996e-09
1595 8.86109e-09
1596 8.24624e-09
1597 7.67258e-09
1598 7.13746e-09
1599 6.63839e-09
1600 6.17303e-09
1601 5.73919e-09
1602 5.33482e-09
1603 4.95798e-09
1604 4.60688e-09
1605 4.27982e-09
1606 3.97522e-09
1607 3.69158e-09
1608 3.42752e-09
1609 3.18174e-09
1610 2.95301e-09
1611 2.7402e-09
1612 2.54223e-09
1613 2.35812e-09
1614 2.18691e-09
1615 2.02774e-09
1616 1.8798e-09
1617 1.74231e-09
1618 1.61457e-09
1619 1.4959e-09
1620 1.38568e-09
1621 1.28334e-09
1622 1.18833e-09
1623 1.10014e-09
1624 1.0183e-09
1625 9.42357e-10
1626 8.71913e-10
1627 8.06579e-10
1628 7.45995e-10
1629 6.89828e-10
1630 6.37766e-10
1631 5.89519e-10
1632 5.44816e-10
1633 5.03404e-10
1634 4.6505e-10
1635 4.29535e-10
1636 3.96654e-10
1637 3.66219e-10
1638 3.38054e-10
1639 3.11994e-10
1640 2.87886e-10
1641 2.6559e-10
1642 2.44972e-10
1643 2.25911e-10
1644 2.08293e-10
1645 1.92011e-10
1646 1.76967e-10
1647 1.6307e-10
1648 1.50235e-10
1649 1.38383e-10
1650 1.27441e-10
1651 1.17341e-10
1652 1.08021e-10
1653 9.9421e-11
1654 9.14881e-11
1655 8.41717e-11
1656 7.74252e-11
1657 7.12055e-11
1658 6.54725e-11
1659 6.01894e-11
1660 5.53217e-11
1661 5.08377e-11
1662 4.67079e-11
1663 4.29052e-11
1664 3.94044e-11
1665 3.61821e-11
1666 3.32168e-11
1667 3.04885e-11
1668 2.79788e-11
1669 2.56706e-11
1670 2.35482e-11
1671 2.1597e-11
1672 1.98036e-11
1673 1.81556e-11
1674 1.66414e-11
1675 1.52505e-11
1676 1.39731e-11
1677 1.28002e-11
1678 1.17234e-11
1679 1.07351e-11
1680 9.82811e-12
1681 8.99602e-12
1682 8.23274e-12
1683 7.53274e-12
1684 6.89089e-12
1685 6.30249e-12
1686 5.76319e-12
1687 5.26899e-12
1688 4.81622e-12
1689 4.40148e-12
1690 4.02166e-12
1691 3.67389e-12
1692 3.35553e-12
1693 3.06415e-12
1694 2.79751e-12
1695 2.55357e-12
1696 2.33044e-12
1697 2.12638e-12
1698 1.93981e-12
1699 1.76925e-12
1700 1.61337e-12
1701 1.47093e-12
1702 1.3408e-12
1703 1.22194e-12
1704 1.1134e-12
1705 1.01429e-12
1706 9.23823e-13
1707 8.41256e-13
1708 7.65917e-13
1709 6.97185e-13
1710 6.34495e-13
1711 5.77327e-13
1712 5.25204e-13
1713 4.77693e-13
1714 4.34392e-13
1715 3.94938e-13
1716 3.58995e-13
1717 3.26259e-13
1718 2.96448e-13
1719 2.69308e-13
1720 2.44603e-13
1721 2.2212e-13
1722 2.01663e-13
1723 1.83054e-13
1724 1.66129e-13
1725 1.50738e-13
1726 1.36746e-13
1727 1.24028e-13
1728 1.12471e-13
1729 1.01969e-13
1730 9.24302e-14
1731 8.37665e-14
1732 7.58998e-14
1733 6.8758e-14
1734 6.22758e-14
1735 5.63933e-14
1736 5.10563e-14
1737 4.62151e-14
1738 4.18245e-14
1739 3.78434e-14
1740 3.42345e-14
1741 3.09634e-14
1742 2.79993e-14
1743 2.53138e-14
1744 2.28813e-14
1745 2.06784e-14
1746 1.86839e-14
1747 1.68783e-14
1748 1.52441e-14
1749 1.37654e-14
1750 1.24276e-14
1751 1.12176e-14
1752 1.01233e-14
1753 9.13398e-15
1754 8.23966e-15
1755 7.4314e-15
1756 6.70107e-15
1757 6.0413e-15
1758 5.44539e-15
1759 4.90726e-15
1760 4.42143e-15
1761 3.98289e-15
1762 3.58711e-15
1763 3.23002e-15
1764 2.90788e-15
1765 2.61734e-15
1766 2.35536e-15
1767 2.11917e-15
1768 1.90628e-15
1769 1.71442e-15
1770 1.54157e-15
1771 1.38586e-15
1772 1.24563e-15
1773 1.11936e-15
1774 1.00568e-15
1775 9.03372e-16
1776 8.11303e-16
1777 7.2847e-16
1778 6.53961e-16
1779 5.86955e-16
1780 5.26707e-16
1781 4.72547e-16
1782 4.2387e-16
1783 3.8013e-16
1784 3.40835e-16
1785 3.0554e-16
1786 2.73844e-16
1787 2.45386e-16
1788 2.19841e-16
1789 1.96915e-16
1790 1.76344e-16
1791 1.5789e-16
1792 1.41339e-16
1793 1.26496e-16
1794 1.1319e-16
1795 1.01262e-16
1796 9.05731e-17
1797 8.09958e-17
1798 7.24166e-17
1799 6.47328e-17
1800 5.78526e-17
1801 5.16931e-17
1802 4.618e-17
1803 4.12464e-17
1804 3.68324e-17
1805 3.28841e-17
1806 2.9353e-17
1807 2.61957e-17
1808 2.33733e-17
1809 2.08507e-17
1810 1.85966e-17
1811 1.65827e-17
1812 1.4784e-17
1813 1.31776e-17
1814 1.17434e-17
1815 1.04631e-17
1816 9.32054e-18
1817 8.30102e-18
1818 7.39151e-18
1819 6.58031e-18
1820 5.85693e-18
1821 5.212e-18
1822 4.63715e-18
1823 4.12485e-18
1824 3.66839e-18
1825 3.26178e-18
1826 2.89964e-18
1827 2.57719e-18
1828 2.29012e-18
1829 2.03461e-18
1830 1.80723e-18
1831 1.60494e-18
1832 1.425e-18
1833 1.26497e-18
1834 1.12268e-18
1835 9.96198e-19
1836 8.83781e-19
1837 7.83889e-19
1838 6.95144e-19
1839 6.1632e-19
1840 5.46321e-19
1841 4.84173e-19
1842 4.29007e-19
1843 3.80048e-19
1844 3.36607e-19
1845 2.9807e-19
1846 2.63891e-19
1847 2.33583e-19
1848 2.06714e-19
1849 1.82897e-19
1850 1.61792e-19
1851 1.43092e-19
1852 1.26527e-19
1853 1.11858e-19
1854 9.88681e-20
1855 8.7369e-20
1856 7.71915e-20
1857 6.81854e-20
1858 6.02177e-20
1859 5.31701e-20
1860 4.69376e-20
1861 4.14272e-20
1862 3.65561e-20
1863 3.22511e-20
1864 2.84472e-20
1865 2.50868e-20
1866 2.21187e-20
1867 1.94978e-20
1868 1.71839e-20
1869 1.51415e-20
1870 1.33391e-20
1871 1.17488e-20
1872 1.03459e-20
1873 9.1087e-21
1874 8.01777e-21
1875 7.05603e-21
1876 6.20838e-21
1877 5.46143e-21
1878 4.80334e-21
1879 4.22368e-21
1880 3.71321e-21
1881 3.26375e-21
1882 2.8681e-21
1883 2.5199e-21
1884 2.2135e-21
1885 1.94397e-21
1886 1.70689e-21
1887 1.49842e-21
1888 1.31514e-21
1889 1.15404e-21
1890 1.01246e-21
1891 8.88063e-22
1892 7.78792e-22
1893 6.82823e-22
1894 5.98556e-22
1895 5.2458e-22
1896 4.59651e-22
1897 4.02675e-22
1898 3.52688e-22
1899 3.08842e-22
1900 2.70391e-22
1901 2.36678e-22
1902 2.07125e-22
1903 1.81225e-22
1904 1.5853e-22
1905 1.38649e-22
1906 1.21236e-22
1907 1.05987e-22
1908 9.26376e-23
1909 8.09524e-23
1910 7.07265e-23
1911 6.17795e-23
1912 5.39531e-23
1913 4.71082e-23
1914 4.11233e-23
1915 3.58912e-23
1916 3.13183e-23
1917 2.73222e-23
1918 2.38311e-23
1919 2.07818e-23
1920 1.81188e-23
1921 1.57938e-23
1922 1.37643e-23
1923 1.1993e-23
1924 1.04475e-23
1925 9.09931e-24
1926 7.9234e-24
1927 6.89802e-24
1928 6.00409e-24
1929 5.2249e-24
1930 4.54589e-24
1931 3.95429e-24
1932 3.43896e-24
1933 2.99018e-24
1934 2.59941e-24
1935 2.25923e-24
1936 1.96317e-24
1937 1.70554e-24
1938 1.48141e-24
1939 1.28647e-24
1940 1.11694e-24
1941 9.69558e-25
1942 8.41443e-25
1943 7.30101e-25
1944 6.33362e-25
1945 5.49325e-25
1946 4.7634e-25
1947 4.12966e-25
1948 3.57946e-25
1949 3.10193e-25
1950 2.68754e-25
1951 2.32801e-25
1952 2.01617e-25
1953 1.74573e-25
1954 1.51124e-25
1955 1.30799e-25
1956 1.13182e-25
1957 9.79184e-26
1958 8.46954e-26
1959 7.32423e-26
1960 6.33249e-26
1961 5.47388e-26
1962 4.7307e-26
1963 4.08754e-26
1964 3.53111e-26
1965 3.04977e-26
1966 2.63349e-26
1967 2.27355e-26
1968 1.96238e-26
1969 1.69347e-26
1970 1.46109e-26
1971 1.26033e-26
1972 1.08693e-26
1973 9.37188e-27
1974 8.07909e-27
1975 6.96309e-27
1976 6.00007e-27
1977 5.1691e-27
1978 4.45226e-27
1979 3.83409e-27
1980 3.301e-27
1981 2.84144e-27
1982 2.44536e-27
1983 2.10403e-27
1984 1.80998e-27
1985 1.55669e-27
1986 1.33856e-27
1987 1.15076e-27
1988 9.89097e-28
1989 8.49966e-28
1990 7.30243e-28
1991 6.27268e-28
1992 5.38693e-28
1993 4.62525e-28
1994 3.97045e-28
1995 3.40763e-28
1996 2.92405e-28
1997 2.50849e-28
1998 2.15156e-28
1999 1.84507e-28
2000 1.58186e-28
2001 1.35595e-28
2002 1.16202e-28
2003 9.95622e-29
2004 8.52935e-29
2005 7.30498e-29
2006 6.25514e-29
2007 5.35522e-29
2008 4.58374e-29
2009 3.92268e-29
2010 3.35622e-29
2011 2.87108e-29
2012 2.45554e-29
2013 2.0998e-29
2014 1.79522e-29
2015 1.53453e-29
2016 1.3115e-29
2017 1.12068e-29
2018 9.57473e-30
2019 8.17895e-30
2020 6.98594e-30
2021 5.96578e-30
2022 5.09406e-30
2023 4.34955e-30
2024 3.71337e-30
2025 3.17011e-30
2026 2.70629e-30
2027 2.31023e-30
2028 1.97228e-30
2029 1.68393e-30
2030 1.43788e-30
2031 1.22808e-30
2032 1.04914e-30
2033 8.96615e-31
2034 7.66623e-31
2035 6.55888e-31
2036 5.61549e-31
2037 4.81202e-31
2038 4.12848e-31
2039 3.54642e-31
2040 3.0516e-31
2041 2.63131e-31
2042 2.2741e-31
2043 1.97111e-31
2044 1.71455e-31
2045 1.49747e-31
2046 1.31435e-31
2047 1.16041e-31
