0 4.81547e-41
1 3.719e-41
2 2.88431e-41
3 2.27815e-41
4 1.87657e-41
5 1.6633e-41
6 1.62858e-41
7 1.76961e-41
8 2.09031e-41
9 2.60128e-41
10 3.31953e-41
11 4.27012e-41
12 5.48658e-41
13 7.01176e-41
14 8.89973e-41
15 1.12171e-40
16 1.40466e-40
17 1.74883e-40
18 2.1664e-40
19 2.6722e-40
20 3.28397e-40
21 4.02339e-40
22 4.91685e-40
23 5.99523e-40
24 7.2964e-40
25 8.86636e-40
26 1.07598e-39
27 1.30424e-39
28 1.57932e-39
29 1.91088e-39
30 2.31041e-39
31 2.79157e-39
32 3.37085e-39
33 4.06852e-39
34 4.90853e-39
35 5.91907e-39
36 7.13487e-39
37 8.59747e-39
38 1.03569e-38
39 1.2472e-38
40 1.5014e-38
41 1.80697e-38
42 2.17421e-38
43 2.61536e-38
44 3.14507e-38
45 3.78097e-38
46 4.54453e-38
47 5.46137e-38
48 6.56124e-38
49 7.88018e-38
50 9.46252e-38
51 1.13607e-37
52 1.36356e-37
53 1.63611e-37
54 1.96281e-37
55 2.35432e-37
56 2.82321e-37
57 3.38451e-37
58 4.05651e-37
59 4.86115e-37
60 5.82391e-37
61 6.97534e-37
62 8.35292e-37
63 1.00006e-36
64 1.197e-36
65 1.43235e-36
66 1.71365e-36
67 2.04979e-36
68 2.45123e-36
69 2.93054e-36
70 3.50287e-36
71 4.18597e-36
72 5.00117e-36
73 5.97378e-36
74 7.13382e-36
75 8.5172e-36
76 1.01665e-35
77 1.21325e-35
78 1.44752e-35
79 1.72664e-35
80 2.05911e-35
81 2.45502e-35
82 2.9264e-35
83 3.4875e-35
84 4.15522e-35
85 4.94963e-35
86 5.89457e-35
87 7.01837e-35
88 8.35444e-35
89 9.94263e-35
90 1.18301e-34
91 1.40726e-34
92 1.67365e-34
93 1.98998e-34
94 2.36561e-34
95 2.81152e-34
96 3.34067e-34
97 3.96853e-34
98 4.71331e-34
99 5.59664e-34
100 6.64399e-34
101 7.88553e-34
102 9.35711e-34
103 1.11007e-33
104 1.31663e-33
105 1.56127e-33
106 1.85093e-33
107 2.19385e-33
108 2.59973e-33
109 3.08001e-33
110 3.64816e-33
111 4.32016e-33
112 5.1148e-33
113 6.05422e-33
114 7.16456e-33
115 8.47669e-33
116 1.00268e-32
117 1.18575e-32
118 1.40194e-32
119 1.6572e-32
120 1.95848e-32
121 2.31397e-32
122 2.73339e-32
123 3.22811e-32
124 3.81146e-32
125 4.49921e-32
126 5.30986e-32
127 6.26517e-32
128 7.39066e-32
129 8.7163e-32
130 1.02774e-31
131 1.21153e-31
132 1.42785e-31
133 1.68242e-31
134 1.98193e-31
135 2.33422e-31
136 2.74849e-31
137 3.23555e-31
138 3.80805e-31
139 4.48081e-31
140 5.27125e-31
141 6.1997e-31
142 7.29002e-31
143 8.57011e-31
144 1.00727e-30
145 1.18361e-30
146 1.3905e-30
147 1.63317e-30
148 1.91777e-30
149 2.25146e-30
150 2.64261e-30
151 3.101e-30
152 3.63809e-30
153 4.26724e-30
154 5.00406e-30
155 5.86679e-30
156 6.8767e-30
157 8.05866e-30
158 9.44165e-30
159 1.10595e-29
160 1.29516e-29
161 1.51641e-29
162 1.77505e-29
163 2.07734e-29
164 2.43057e-29
165 2.84321e-29
166 3.32517e-29
167 3.88796e-29
168 4.54498e-29
169 5.31182e-29
170 6.20665e-29
171 7.2506e-29
172 8.46821e-29
173 9.88811e-29
174 1.15435e-28
175 1.34729e-28
176 1.57213e-28
177 1.83407e-28
178 2.13917e-28
179 2.49446e-28
180 2.9081e-28
181 3.38956e-28
182 3.94983e-28
183 4.60167e-28
184 5.35983e-28
185 6.2415e-28
186 7.26654e-28
187 8.45798e-28
188 9.84254e-28
189 1.14511e-27
190 1.33195e-27
191 1.54892e-27
192 1.80083e-27
193 2.09322e-27
194 2.43252e-27
195 2.82618e-27
196 3.2828e-27
197 3.81231e-27
198 4.42623e-27
199 5.13784e-27
200 5.96247e-27
201 6.91789e-27
202 8.02458e-27
203 9.30619e-27
204 1.079e-26
205 1.25076e-26
206 1.44953e-26
207 1.67951e-26
208 1.94553e-26
209 2.25318e-26
210 2.60889e-26
211 3.02008e-26
212 3.49529e-26
213 4.04435e-26
214 4.67862e-26
215 5.41115e-26
216 6.25695e-26
217 7.23335e-26
218 8.36024e-26
219 9.66052e-26
220 1.11605e-25
221 1.28906e-25
222 1.48855e-25
223 1.71853e-25
224 1.98359e-25
225 2.28903e-25
226 2.6409e-25
227 3.04619e-25
228 3.51288e-25
229 4.05017e-25
230 4.66859e-25
231 5.38022e-25
232 6.19894e-25
233 7.14062e-25
234 8.22351e-25
235 9.46848e-25
236 1.08995e-24
237 1.25439e-24
238 1.44331e-24
239 1.66031e-24
240 1.9095e-24
241 2.19559e-24
242 2.52396e-24
243 2.90079e-24
244 3.33311e-24
245 3.82899e-24
246 4.39763e-24
247 5.04957e-24
248 5.79682e-24
249 6.65312e-24
250 7.63416e-24
251 8.75785e-24
252 1.00446e-23
253 1.15178e-23
254 1.3204e-23
255 1.51336e-23
256 1.73412e-23
257 1.98662e-23
258 2.27537e-23
259 2.60549e-23
260 2.98282e-23
261 3.41402e-23
262 3.90665e-23
263 4.46935e-23
264 5.11193e-23
265 5.84557e-23
266 6.68298e-23
267 7.63862e-23
268 8.72893e-23
269 9.97261e-23
270 1.13909e-22
271 1.3008e-22
272 1.48513e-22
273 1.6952e-22
274 1.93455e-22
275 2.20721e-22
276 2.51772e-22
277 2.87128e-22
278 3.27375e-22
279 3.73181e-22
280 4.253e-22
281 4.84591e-22
282 5.52025e-22
283 6.28702e-22
284 7.15871e-22
285 8.14944e-22
286 9.27521e-22
287 1.05541e-21
288 1.20067e-21
289 1.36562e-21
290 1.55288e-21
291 1.76542e-21
292 2.0066e-21
293 2.28022e-21
294 2.59056e-21
295 2.94248e-21
296 3.34145e-21
297 3.79365e-21
298 4.30608e-21
299 4.88661e-21
300 5.54414e-21
301 6.28871e-21
302 7.13164e-21
303 8.08571e-21
304 9.1653e-21
305 1.03867e-20
306 1.1768e-20
307 1.33301e-20
308 1.5096e-20
309 1.70918e-20
310 1.93471e-20
311 2.18949e-20
312 2.47724e-20
313 2.80216e-20
314 3.16896e-20
315 3.58295e-20
316 4.05007e-20
317 4.57704e-20
318 5.17137e-20
319 5.84153e-20
320 6.59701e-20
321 7.44847e-20
322 8.40788e-20
323 9.4887e-20
324 1.0706e-19
325 1.20767e-19
326 1.36197e-19
327 1.53564e-19
328 1.73106e-19
329 1.95091e-19
330 2.19818e-19
331 2.47623e-19
332 2.78882e-19
333 3.14016e-19
334 3.53497e-19
335 3.97853e-19
336 4.47675e-19
337 5.03623e-19
338 5.66437e-19
339 6.36944e-19
340 7.16068e-19
341 8.04842e-19
342 9.04422e-19
343 1.0161e-18
344 1.14131e-18
345 1.28167e-18
346 1.43897e-18
347 1.61522e-18
348 1.81265e-18
349 2.03377e-18
350 2.28136e-18
351 2.55851e-18
352 2.8687e-18
353 3.21578e-18
354 3.60404e-18
355 4.03827e-18
356 4.52381e-18
357 5.06658e-18
358 5.6732e-18
359 6.351e-18
360 7.10816e-18
361 7.95379e-18
362 8.89797e-18
363 9.95196e-18
364 1.11282e-17
365 1.24407e-17
366 1.39046e-17
367 1.55373e-17
368 1.73576e-17
369 1.93867e-17
370 2.16479e-17
371 2.41672e-17
372 2.69733e-17
373 3.00982e-17
374 3.35771e-17
375 3.74494e-17
376 4.17584e-17
377 4.65522e-17
378 5.18841e-17
379 5.78131e-17
380 6.44043e-17
381 7.17302e-17
382 7.98706e-17
383 8.89139e-17
384 9.89579e-17
385 1.10111e-16
386 1.22492e-16
387 1.36234e-16
388 1.51482e-16
389 1.68398e-16
390 1.87159e-16
391 2.07964e-16
392 2.31028e-16
393 2.56591e-16
394 2.84918e-16
395 3.16301e-16
396 3.51061e-16
397 3.89554e-16
398 4.32171e-16
399 4.79343e-16
400 5.31547e-16
401 5.89305e-16
402 6.53194e-16
403 7.23851e-16
404 8.01976e-16
405 8.88337e-16
406 9.83783e-16
407 1.08925e-15
408 1.20575e-15
409 1.33443e-15
410 1.47652e-15
411 1.63338e-15
412 1.80651e-15
413 1.99756e-15
414 2.20832e-15
415 2.4408e-15
416 2.69715e-15
417 2.97977e-15
418 3.29127e-15
419 3.63454e-15
420 4.01271e-15
421 4.42924e-15
422 4.88791e-15
423 5.39286e-15
424 5.94863e-15
425 6.56018e-15
426 7.23294e-15
427 7.97286e-15
428 8.78644e-15
429 9.68078e-15
430 1.06637e-14
431 1.17436e-14
432 1.29298e-14
433 1.42325e-14
434 1.56627e-14
435 1.72324e-14
436 1.8955e-14
437 2.08447e-14
438 2.29173e-14
439 2.51898e-14
440 2.7681e-14
441 3.04111e-14
442 3.34024e-14
443 3.66789e-14
444 4.02671e-14
445 4.41954e-14
446 4.84952e-14
447 5.32003e-14
448 5.83478e-14
449 6.39778e-14
450 7.01341e-14
451 7.68642e-14
452 8.422e-14
453 9.22576e-14
454 1.01038e-13
455 1.10628e-13
456 1.211e-13
457 1.32533e-13
458 1.4501e-13
459 1.58626e-13
460 1.7348e-13
461 1.89682e-13
462 2.07351e-13
463 2.26614e-13
464 2.47611e-13
465 2.70494e-13
466 2.95427e-13
467 3.22587e-13
468 3.52168e-13
469 3.84378e-13
470 4.19444e-13
471 4.57612e-13
472 4.99146e-13
473 5.44336e-13
474 5.93491e-13
475 6.4695e-13
476 7.05076e-13
477 7.68263e-13
478 8.36939e-13
479 9.11563e-13
480 9.92633e-13
481 1.08069e-12
482 1.17631e-12
483 1.28011e-12
484 1.39279e-12
485 1.51506e-12
486 1.64772e-12
487 1.7916e-12
488 1.94763e-12
489 2.11678e-12
490 2.30012e-12
491 2.49878e-12
492 2.714e-12
493 2.94709e-12
494 3.19947e-12
495 3.47267e-12
496 3.76831e-12
497 4.08817e-12
498 4.43413e-12
499 4.80821e-12
500 5.2126e-12
501 5.64962e-12
502 6.12177e-12
503 6.63174e-12
504 7.18239e-12
505 7.77681e-12
506 8.41828e-12
507 9.11034e-12
508 9.85675e-12
509 1.06616e-11
510 1.15291e-11
511 1.2464e-11
512 1.34711e-11
513 1.45558e-11
514 1.57238e-11
515 1.6981e-11
516 1.83338e-11
517 1.97893e-11
518 2.13547e-11
519 2.30379e-11
520 2.48474e-11
521 2.6792e-11
522 2.88813e-11
523 3.11257e-11
524 3.35359e-11
525 3.61236e-11
526 3.89013e-11
527 4.18822e-11
528 4.50805e-11
529 4.85113e-11
530 5.21908e-11
531 5.6136e-11
532 6.03655e-11
533 6.48988e-11
534 6.97568e-11
535 7.49616e-11
536 8.05373e-11
537 8.65089e-11
538 9.29036e-11
539 9.97501e-11
540 1.07079e-10
541 1.14923e-10
542 1.23318e-10
543 1.32299e-10
544 1.41907e-10
545 1.52183e-10
546 1.63173e-10
547 1.74924e-10
548 1.87486e-10
549 2.00913e-10
550 2.15262e-10
551 2.30594e-10
552 2.46974e-10
553 2.64469e-10
554 2.83151e-10
555 3.03099e-10
556 3.24392e-10
557 3.47117e-10
558 3.71366e-10
559 3.97233e-10
560 4.24822e-10
561 4.5424e-10
562 4.856e-10
563 5.19023e-10
564 5.54633e-10
565 5.92565e-10
566 6.32958e-10
567 6.7596e-10
568 7.21725e-10
569 7.70417e-10
570 8.22206e-10
571 8.77271e-10
572 9.35802e-10
573 9.97994e-10
574 1.06405e-09
575 1.1342e-09
576 1.20865e-09
577 1.28766e-09
578 1.37145e-09
579 1.4603e-09
580 1.55447e-09
581 1.65424e-09
582 1.7599e-09
583 1.87176e-09
584 1.99014e-09
585 2.11537e-09
586 2.2478e-09
587 2.38777e-09
588 2.53568e-09
589 2.6919e-09
590 2.85685e-09
591 3.03094e-09
592 3.21462e-09
593 3.40834e-09
594 3.61259e-09
595 3.82785e-09
596 4.05464e-09
597 4.29352e-09
598 4.54503e-09
599 4.80977e-09
600 5.08835e-09
601 5.38141e-09
602 5.68963e-09
603 6.0137e-09
604 6.35436e-09
605 6.71238e-09
606 7.08857e-09
607 7.48376e-09
608 7.89885e-09
609 8.33477e-09
610 8.7925e-09
611 9.27306e-09
612 9.77755e-09
613 1.03071e-08
614 1.08629e-08
615 1.14462e-08
616 1.20584e-08
617 1.27008e-08
618 1.3375e-08
619 1.40825e-08
620 1.48248e-08
621 1.56039e-08
622 1.64214e-08
623 1.72793e-08
624 1.81796e-08
625 1.91244e-08
626 2.0116e-08
627 2.11567e-08
628 2.2249e-08
629 2.33953e-08
630 2.45985e-08
631 2.58614e-08
632 2.71869e-08
633 2.85781e-08
634 3.00383e-08
635 3.15707e-08
636 3.31789e-08
637 3.48665e-08
638 3.66373e-08
639 3.84952e-08
640 4.04442e-08
641 4.24884e-08
642 4.46321e-08
643 4.68798e-08
644 4.92359e-08
645 5.17051e-08
646 5.42921e-08
647 5.70016e-08
648 5.98386e-08
649 6.2808e-08
650 6.59147e-08
651 6.91639e-08
652 7.25605e-08
653 7.61097e-08
654 7.98164e-08
655 8.36857e-08
656 8.77225e-08
657 9.19316e-08
658 9.6318e-08
659 1.00886e-07
660 1.05641e-07
661 1.10586e-07
662 1.15725e-07
663 1.21064e-07
664 1.26605e-07
665 1.32351e-07
666 1.38306e-07
667 1.44473e-07
668 1.50854e-07
669 1.5745e-07
670 1.64264e-07
671 1.71297e-07
672 1.7855e-07
673 1.86022e-07
674 1.93714e-07
675 2.01625e-07
676 2.09754e-07
677 2.18099e-07
678 2.26659e-07
679 2.35431e-07
680 2.44411e-07
681 2.53597e-07
682 2.62984e-07
683 2.72568e-07
684 2.82345e-07
685 2.9231e-07
686 3.02457e-07
687 3.1278e-07
688 3.23275e-07
689 3.33935e-07
690 3.44755e-07
691 3.55728e-07
692 3.6685e-07
693 3.78116e-07
694 3.89519e-07
695 4.01056e-07
696 4.12724e-07
697 4.24518e-07
698 4.36436e-07
699 4.48479e-07
700 4.60644e-07
701 4.72935e-07
702 4.85353e-07
703 4.97902e-07
704 5.1059e-07
705 5.23424e-07
706 5.36414e-07
707 5.49574e-07
708 5.62918e-07
709 5.76464e-07
710 5.90233e-07
711 6.04248e-07
712 6.18536e-07
713 6.33127e-07
714 6.48055e-07
715 6.63356e-07
716 6.7907e-07
717 6.95243e-07
718 7.11923e-07
719 7.29161e-07
720 7.47014e-07
721 7.65542e-07
722 7.84809e-07
723 8.04882e-07
724 8.25835e-07
725 8.47743e-07
726 8.70685e-07
727 8.94745e-07
728 9.20009e-07
729 9.46568e-07
730 9.74515e-07
731 1.00395e-06
732 1.03496e-06
733 1.06766e-06
734 1.10214e-06
735 1.13851e-06
736 1.17687e-06
737 1.21734e-06
738 1.26001e-06
739 1.30499e-06
740 1.35239e-06
741 1.4023e-06
742 1.45483e-06
743 1.51007e-06
744 1.56812e-06
745 1.62906e-06
746 1.69298e-06
747 1.75995e-06
748 1.83005e-06
749 1.90334e-06
750 1.97988e-06
751 2.0597e-06
752 2.14285e-06
753 2.22935e-06
754 2.31921e-06
755 2.41244e-06
756 2.50902e-06
757 2.60892e-06
758 2.71211e-06
759 2.81852e-06
760 2.92809e-06
761 3.04073e-06
762 3.15632e-06
763 3.27474e-06
764 3.39586e-06
765 3.5195e-06
766 3.64549e-06
767 3.77363e-06
768 3.9037e-06
769 4.03545e-06
770 4.16864e-06
771 4.30297e-06
772 4.43816e-06
773 4.57388e-06
774 4.70981e-06
775 4.84557e-06
776 4.98082e-06
777 5.11515e-06
778 5.24816e-06
779 5.37943e-06
780 5.50854e-06
781 5.63503e-06
782 5.75844e-06
783 5.87832e-06
784 5.99418e-06
785 6.10554e-06
786 6.21192e-06
787 6.31283e-06
788 6.40778e-06
789 6.49628e-06
790 6.57785e-06
791 6.65201e-06
792 6.71829e-06
793 6.77623e-06
794 6.82539e-06
795 6.86534e-06
796 6.89567e-06
797 6.91601e-06
798 6.92599e-06
799 6.92527e-06
800 6.91357e-06
801 6.89061e-06
802 6.85616e-06
803 6.81005e-06
804 6.75212e-06
805 6.68227e-06
806 6.60046e-06
807 6.5067e-06
808 6.40105e-06
809 6.28361e-06
810 6.15458e-06
811 6.01419e-06
812 5.86276e-06
813 5.70066e-06
814 5.52835e-06
815 5.34634e-06
816 5.15524e-06
817 4.95573e-06
818 4.74855e-06
819 4.53456e-06
820 4.31466e-06
821 4.08986e-06
822 3.86125e-06
823 3.63002e-06
824 3.39741e-06
825 3.16478e-06
826 2.93356e-06
827 2.70529e-06
828 2.48158e-06
829 2.26412e-06
830 2.05471e-06
831 1.85522e-06
832 1.66761e-06
833 1.49393e-06
834 1.33631e-06
835 1.19695e-06
836 1.07816e-06
837 9.82297e-07
838 9.11812e-07
839 8.69227e-07
840 8.57136e-07
841 8.78203e-07
842 9.3516e-07
843 1.0308e-06
844 1.16799e-06
845 1.34964e-06
846 1.57872e-06
847 1.85827e-06
848 2.19135e-06
849 2.5811e-06
850 3.03068e-06
851 3.5433e-06
852 4.1222e-06
853 4.77067e-06
854 5.49203e-06
855 6.2896e-06
856 7.16677e-06
857 8.12692e-06
858 9.17346e-06
859 1.03098e-05
860 1.15394e-05
861 1.28658e-05
862 1.42923e-05
863 1.58226e-05
864 1.74599e-05
865 1.9208e-05
866 2.10701e-05
867 2.305e-05
868 2.5151e-05
869 2.73767e-05
870 2.97305e-05
871 3.22161e-05
872 3.48368e-05
873 3.75963e-05
874 4.04981e-05
875 4.35457e-05
876 4.67427e-05
877 5.00926e-05
878 5.3599e-05
879 5.72654e-05
880 6.10956e-05
881 6.5093e-05
882 6.92614e-05
883 7.36045e-05
884 7.8126e-05
885 8.28296e-05
886 8.77191e-05
887 9.27985e-05
888 9.80715e-05
889 0.000103542
890 0.000109215
891 0.000115093
892 0.000121181
893 0.000127484
894 0.000134005
895 0.00014075
896 0.000147722
897 0.000154927
898 0.000162369
899 0.000170054
900 0.000177986
901 0.00018617
902 0.000194612
903 0.000203319
904 0.000212294
905 0.000221545
906 0.000231077
907 0.000240898
908 0.000251012
909 0.000261428
910 0.000272152
911 0.000283191
912 0.000294552
913 0.000306245
914 0.000318275
915 0.000330653
916 0.000343385
917 0.000356482
918 0.000369951
919 0.000383803
920 0.000398046
921 0.000412692
922 0.00042775
923 0.00044323
924 0.000459144
925 0.000475503
926 0.000492319
927 0.000509602
928 0.000527366
929 0.000545623
930 0.000564386
931 0.000583668
932 0.000603483
933 0.000623844
934 0.000644765
935 0.000666262
936 0.00068835
937 0.000711042
938 0.000734356
939 0.000758306
940 0.00078291
941 0.000808184
942 0.000834144
943 0.000860808
944 0.000888193
945 0.000916318
946 0.000945199
947 0.000974857
948 0.00100531
949 0.00103657
950 0.00106867
951 0.00110162
952 0.00113544
953 0.00117016
954 0.00120578
955 0.00124234
956 0.00127985
957 0.00131834
958 0.00135782
959 0.00139831
960 0.00143984
961 0.00148243
962 0.0015261
963 0.00157088
964 0.00161677
965 0.00166381
966 0.00171201
967 0.00176141
968 0.00181201
969 0.00186385
970 0.00191694
971 0.0019713
972 0.00202696
973 0.00208394
974 0.00214225
975 0.00220193
976 0.00226299
977 0.00232545
978 0.00238933
979 0.00245466
980 0.00252145
981 0.00258972
982 0.00265949
983 0.00273079
984 0.00280362
985 0.00287802
986 0.00295398
987 0.00303155
988 0.00311072
989 0.00319152
990 0.00327396
991 0.00335806
992 0.00344383
993 0.00353129
994 0.00362045
995 0.00371133
996 0.00380392
997 0.00389826
998 0.00399434
999 0.00409219
1000 0.00419179
1001 0.00429318
1002 0.00439634
1003 0.00450129
1004 0.00460804
1005 0.00471659
1006 0.00482694
1007 0.00493909
1008 0.00505306
1009 0.00516883
1010 0.0052864
1011 0.00540579
1012 0.00552697
1013 0.00564996
1014 0.00577474
1015 0.00590131
1016 0.00602966
1017 0.00615979
1018 0.00629168
1019 0.00642532
1020 0.0065607
1021 0.0066978
1022 0.00683662
1023 0.00697713
1024 0.00711932
1025 0.00726317
1026 0.00740866
1027 0.00755577
1028 0.00770446
1029 0.00785473
1030 0.00800654
1031 0.00815987
1032 0.00831469
1033 0.00847096
1034 0.00862865
1035 0.00878774
1036 0.00894819
1037 0.00910996
1038 0.00927302
1039 0.00943732
1040 0.00960282
1041 0.00976949
1042 0.00993728
1043 0.0101061
1044 0.010276
1045 0.0104469
1046 0.0106187
1047 0.0107914
1048 0.010965
1049 0.0111393
1050 0.0113143
1051 0.01149
1052 0.0116663
1053 0.0118432
1054 0.0120205
1055 0.0121983
1056 0.0123765
1057 0.012555
1058 0.0127337
1059 0.0129126
1060 0.0130916
1061 0.0132707
1062 0.0134497
1063 0.0136287
1064 0.0138075
1065 0.0139861
1066 0.0141643
1067 0.0143422
1068 0.0145197
1069 0.0146966
1070 0.0148729
1071 0.0150485
1072 0.0152234
1073 0.0153975
1074 0.0155707
1075 0.0157429
1076 0.015914
1077 0.016084
1078 0.0162528
1079 0.0164203
1080 0.0165864
1081 0.0167511
1082 0.0169143
1083 0.0170758
1084 0.0172357
1085 0.0173938
1086 0.0175501
1087 0.0177044
1088 0.0178568
1089 0.0180071
1090 0.0181552
1091 0.0183011
1092 0.0184447
1093 0.018586
1094 0.0187248
1095 0.0188611
1096 0.0189948
1097 0.0191258
1098 0.0192541
1099 0.0193796
1100 0.0195023
1101 0.0196219
1102 0.0197386
1103 0.0198523
1104 0.0199628
1105 0.0200701
1106 0.0201741
1107 0.0202749
1108 0.0203723
1109 0.0204662
1110 0.0205567
1111 0.0206437
1112 0.0207271
1113 0.0208068
1114 0.0208829
1115 0.0209553
1116 0.0210239
1117 0.0210887
1118 0.0211497
1119 0.0212068
1120 0.02126
1121 0.0213092
1122 0.0213545
1123 0.0213958
1124 0.021433
1125 0.0214662
1126 0.0214954
1127 0.0215204
1128 0.0215413
1129 0.0215582
1130 0.0215708
1131 0.0215794
1132 0.0215838
1133 0.021584
1134 0.0215801
1135 0.021572
1136 0.0215598
1137 0.0215434
1138 0.0215229
1139 0.0214982
1140 0.0214695
1141 0.0214366
1142 0.0213996
1143 0.0213586
1144 0.0213135
1145 0.0212644
1146 0.0212113
1147 0.0211542
1148 0.0210932
1149 0.0210283
1150 0.0209595
1151 0.0208869
1152 0.0208105
1153 0.0207303
1154 0.0206464
1155 0.0205588
1156 0.0204677
1157 0.0203729
1158 0.0202747
1159 0.0201729
1160 0.0200678
1161 0.0199593
1162 0.0198475
1163 0.0197325
1164 0.0196143
1165 0.019493
1166 0.0193686
1167 0.0192413
1168 0.019111
1169 0.0189779
1170 0.018842
1171 0.0187034
1172 0.0185622
1173 0.0184184
1174 0.0182722
1175 0.0181235
1176 0.0179725
1177 0.0178192
1178 0.0176637
1179 0.0175062
1180 0.0173466
1181 0.0171851
1182 0.0170217
1183 0.0168565
1184 0.0166896
1185 0.0165211
1186 0.016351
1187 0.0161795
1188 0.0160066
1189 0.0158324
1190 0.0156569
1191 0.0154804
1192 0.0153027
1193 0.0151241
1194 0.0149446
1195 0.0147643
1196 0.0145833
1197 0.0144015
1198 0.0142192
1199 0.0140365
1200 0.0138532
1201 0.0136697
1202 0.0134858
1203 0.0133018
1204 0.0131176
1205 0.0129334
1206 0.0127492
1207 0.0125651
1208 0.0123812
1209 0.0121975
1210 0.0120142
1211 0.0118312
1212 0.0116486
1213 0.0114665
1214 0.011285
1215 0.0111041
1216 0.010924
1217 0.0107445
1218 0.0105659
1219 0.0103882
1220 0.0102113
1221 0.0100355
1222 0.00986066
1223 0.00968692
1224 0.0095143
1225 0.00934287
1226 0.00917266
1227 0.00900372
1228 0.0088361
1229 0.00866983
1230 0.00850496
1231 0.00834153
1232 0.00817957
1233 0.00801913
1234 0.00786022
1235 0.0077029
1236 0.00754719
1237 0.00739311
1238 0.0072407
1239 0.00708999
1240 0.00694099
1241 0.00679374
1242 0.00664826
1243 0.00650455
1244 0.00636266
1245 0.00622258
1246 0.00608435
1247 0.00594796
1248 0.00581345
1249 0.00568081
1250 0.00555006
1251 0.00542121
1252 0.00529427
1253 0.00516924
1254 0.00504612
1255 0.00492493
1256 0.00480566
1257 0.00468832
1258 0.00457291
1259 0.00445942
1260 0.00434785
1261 0.00423821
1262 0.00413048
1263 0.00402467
1264 0.00392076
1265 0.00381874
1266 0.00371862
1267 0.00362038
1268 0.003524
1269 0.00342949
1270 0.00333683
1271 0.003246
1272 0.003157
1273 0.0030698
1274 0.0029844
1275 0.00290077
1276 0.00281891
1277 0.0027388
1278 0.00266041
1279 0.00258373
1280 0.00250875
1281 0.00243544
1282 0.00236379
1283 0.00229377
1284 0.00222537
1285 0.00215856
1286 0.00209332
1287 0.00202964
1288 0.00196749
1289 0.00190684
1290 0.00184769
1291 0.00179
1292 0.00173375
1293 0.00167892
1294 0.0016255
1295 0.00157344
1296 0.00152274
1297 0.00147337
1298 0.0014253
1299 0.00137851
1300 0.00133299
1301 0.0012887
1302 0.00124562
1303 0.00120373
1304 0.00116301
1305 0.00112344
1306 0.00108499
1307 0.00104763
1308 0.00101135
1309 0.000976124
1310 0.000941929
1311 0.000908742
1312 0.000876543
1313 0.000845308
1314 0.000815016
1315 0.000785645
1316 0.000757175
1317 0.000729585
1318 0.000702853
1319 0.000676959
1320 0.000651882
1321 0.000627603
1322 0.000604102
1323 0.000581359
1324 0.000559356
1325 0.000538072
1326 0.000517489
1327 0.00049759
1328 0.000478355
1329 0.000459767
1330 0.000441809
1331 0.000424462
1332 0.000407711
1333 0.000391539
1334 0.000375929
1335 0.000360865
1336 0.000346332
1337 0.000332314
1338 0.000318796
1339 0.000305764
1340 0.000293202
1341 0.000281097
1342 0.000269435
1343 0.000258202
1344 0.000247385
1345 0.000236972
1346 0.000226948
1347 0.000217302
1348 0.000208023
1349 0.000199097
1350 0.000190514
1351 0.000182262
1352 0.000174331
1353 0.00016671
1354 0.000159387
1355 0.000152355
1356 0.000145601
1357 0.000139118
1358 0.000132894
1359 0.000126923
1360 0.000121193
1361 0.000115698
1362 0.000110429
1363 0.000105377
1364 0.000100535
1365 9.58949e-05
1366 9.14496e-05
1367 8.71919e-05
1368 8.31146e-05
1369 7.92112e-05
1370 7.54751e-05
1371 7.18998e-05
1372 6.84794e-05
1373 6.52078e-05
1374 6.20793e-05
1375 5.90883e-05
1376 5.62295e-05
1377 5.34975e-05
1378 5.08875e-05
1379 4.83946e-05
1380 4.60139e-05
1381 4.37411e-05
1382 4.15717e-05
1383 3.95015e-05
1384 3.75263e-05
1385 3.56424e-05
1386 3.38458e-05
1387 3.2133e-05
1388 3.05003e-05
1389 2.89445e-05
1390 2.74621e-05
1391 2.60501e-05
1392 2.47055e-05
1393 2.34253e-05
1394 2.22067e-05
1395 2.1047e-05
1396 1.99436e-05
1397 1.8894e-05
1398 1.78959e-05
1399 1.69469e-05
1400 1.60448e-05
1401 1.51875e-05
1402 1.43729e-05
1403 1.35991e-05
1404 1.28642e-05
1405 1.21665e-05
1406 1.15041e-05
1407 1.08755e-05
1408 1.0279e-05
1409 9.71318e-06
1410 9.17654e-06
1411 8.6677e-06
1412 8.18533e-06
1413 7.72815e-06
1414 7.29495e-06
1415 6.88455e-06
1416 6.49586e-06
1417 6.1278e-06
1418 5.77936e-06
1419 5.44956e-06
1420 5.13749e-06
1421 4.84225e-06
1422 4.56299e-06
1423 4.29892e-06
1424 4.04927e-06
1425 3.81329e-06
1426 3.5903e-06
1427 3.37962e-06
1428 3.18062e-06
1429 2.9927e-06
1430 2.81527e-06
1431 2.6478e-06
1432 2.48975e-06
1433 2.34063e-06
1434 2.19997e-06
1435 2.06732e-06
1436 1.94225e-06
1437 1.82435e-06
1438 1.71324e-06
1439 1.60855e-06
1440 1.50993e-06
1441 1.41706e-06
1442 1.3296e-06
1443 1.24728e-06
1444 1.1698e-06
1445 1.0969e-06
1446 1.02832e-06
1447 9.63819e-07
1448 9.03169e-07
1449 8.46152e-07
1450 7.92564e-07
1451 7.42209e-07
1452 6.94904e-07
1453 6.50473e-07
1454 6.08751e-07
1455 5.69583e-07
1456 5.32819e-07
1457 4.98321e-07
1458 4.65956e-07
1459 4.35598e-07
1460 4.07131e-07
1461 3.80441e-07
1462 3.55425e-07
1463 3.31981e-07
1464 3.10017e-07
1465 2.89444e-07
1466 2.70177e-07
1467 2.52139e-07
1468 2.35254e-07
1469 2.19452e-07
1470 2.04667e-07
1471 1.90838e-07
1472 1.77904e-07
1473 1.65811e-07
1474 1.54507e-07
1475 1.43942e-07
1476 1.3407e-07
1477 1.24849e-07
1478 1.16237e-07
1479 1.08195e-07
1480 1.00688e-07
1481 9.3682e-08
1482 8.71444e-08
1483 8.10455e-08
1484 7.53571e-08
1485 7.00528e-08
1486 6.51079e-08
1487 6.04989e-08
1488 5.6204e-08
1489 5.22027e-08
1490 4.84758e-08
1491 4.50053e-08
1492 4.17742e-08
1493 3.87667e-08
1494 3.59679e-08
1495 3.33639e-08
1496 3.09418e-08
1497 2.86893e-08
1498 2.65951e-08
1499 2.46483e-08
1500 2.28391e-08
1501 2.11582e-08
1502 1.95967e-08
1503 1.81465e-08
1504 1.68e-08
1505 1.555e-08
1506 1.43899e-08
1507 1.33135e-08
1508 1.23149e-08
1509 1.13888e-08
1510 1.053e-08
1511 9.73382e-09
1512 8.99592e-09
1513 8.31215e-09
1514 7.67869e-09
1515 7.09196e-09
1516 6.54864e-09
1517 6.04562e-09
1518 5.58004e-09
1519 5.14918e-09
1520 4.75057e-09
1521 4.38185e-09
1522 4.04088e-09
1523 3.72563e-09
1524 3.43422e-09
1525 3.16492e-09
1526 2.9161e-09
1527 2.68626e-09
1528 2.47399e-09
1529 2.278e-09
1530 2.09708e-09
1531 1.93011e-09
1532 1.77605e-09
1533 1.63393e-09
1534 1.50285e-09
1535 1.38199e-09
1536 1.27057e-09
1537 1.16788e-09
1538 1.07325e-09
1539 9.86076e-10
1540 9.05786e-10
1541 8.31852e-10
1542 7.63787e-10
1543 7.01138e-10
1544 6.43487e-10
1545 5.90448e-10
1546 5.41663e-10
1547 4.968e-10
1548 4.55554e-10
1549 4.17641e-10
1550 3.828e-10
1551 3.50789e-10
1552 3.21385e-10
1553 2.94381e-10
1554 2.69588e-10
1555 2.46829e-10
1556 2.25942e-10
1557 2.06778e-10
1558 1.89198e-10
1559 1.73074e-10
1560 1.58291e-10
1561 1.44738e-10
1562 1.32317e-10
1563 1.20936e-10
1564 1.10509e-10
1565 1.0096e-10
1566 9.22154e-11
1567 8.421e-11
1568 7.68828e-11
1569 7.01778e-11
1570 6.40436e-11
1571 5.84329e-11
1572 5.33021e-11
1573 4.86111e-11
1574 4.43234e-11
1575 4.0405e-11
1576 3.6825e-11
1577 3.35549e-11
1578 3.05685e-11
1579 2.78418e-11
1580 2.53528e-11
1581 2.30813e-11
1582 2.10087e-11
1583 1.9118e-11
1584 1.73937e-11
1585 1.58214e-11
1586 1.43881e-11
1587 1.30818e-11
1588 1.18915e-11
1589 1.08072e-11
1590 9.81955e-12
1591 8.92023e-12
1592 8.10149e-12
1593 7.3563e-12
1594 6.67819e-12
1595 6.06126e-12
1596 5.50011e-12
1597 4.98983e-12
1598 4.5259e-12
1599 4.1042e-12
1600 3.72098e-12
1601 3.3728e-12
1602 3.05653e-12
1603 2.76931e-12
1604 2.50854e-12
1605 2.27182e-12
1606 2.05699e-12
1607 1.86206e-12
1608 1.68524e-12
1609 1.52487e-12
1610 1.37947e-12
1611 1.24765e-12
1612 1.12819e-12
1613 1.01993e-12
1614 9.21869e-13
1615 8.33049e-13
1616 7.52622e-13
1617 6.79811e-13
1618 6.1391e-13
1619 5.54275e-13
1620 5.00324e-13
1621 4.51525e-13
1622 4.07397e-13
1623 3.67501e-13
1624 3.31439e-13
1625 2.98851e-13
1626 2.69407e-13
1627 2.42811e-13
1628 2.18793e-13
1629 1.97108e-13
1630 1.77533e-13
1631 1.59867e-13
1632 1.43927e-13
1633 1.29548e-13
1634 1.1658e-13
1635 1.04888e-13
1636 9.4347e-14
1637 8.48471e-14
1638 7.6287e-14
1639 6.85755e-14
1640 6.16299e-14
1641 5.53758e-14
1642 4.97453e-14
1643 4.46776e-14
1644 4.01174e-14
1645 3.60147e-14
1646 3.23244e-14
1647 2.9006e-14
1648 2.60225e-14
1649 2.33408e-14
1650 2.09308e-14
1651 1.87655e-14
1652 1.68206e-14
1653 1.50739e-14
1654 1.35056e-14
1655 1.20979e-14
1656 1.08345e-14
1657 9.70087e-15
1658 8.68398e-15
1659 7.77197e-15
1660 6.95421e-15
1661 6.22113e-15
1662 5.56411e-15
1663 4.97538e-15
1664 4.44796e-15
1665 3.97558e-15
1666 3.55259e-15
1667 3.1739e-15
1668 2.83496e-15
1669 2.53166e-15
1670 2.2603e-15
1671 2.01759e-15
1672 1.80055e-15
1673 1.6065e-15
1674 1.43305e-15
1675 1.27804e-15
1676 1.13955e-15
1677 1.01584e-15
1678 9.05368e-16
1679 8.06728e-16
1680 7.18678e-16
1681 6.40097e-16
1682 5.69982e-16
1683 5.07437e-16
1684 4.51655e-16
1685 4.01916e-16
1686 3.57577e-16
1687 3.18059e-16
1688 2.82846e-16
1689 2.51477e-16
1690 2.23537e-16
1691 1.98658e-16
1692 1.76509e-16
1693 1.56795e-16
1694 1.39252e-16
1695 1.23645e-16
1696 1.09762e-16
1697 9.74174e-17
1698 8.64419e-17
1699 7.6686e-17
1700 6.80162e-17
1701 6.03134e-17
1702 5.34711e-17
1703 4.73946e-17
1704 4.19994e-17
1705 3.72102e-17
1706 3.29598e-17
1707 2.91885e-17
1708 2.58431e-17
1709 2.2876e-17
1710 2.02452e-17
1711 1.79129e-17
1712 1.58459e-17
1713 1.40143e-17
1714 1.23916e-17
1715 1.09545e-17
1716 9.68184e-18
1717 8.55517e-18
1718 7.55796e-18
1719 6.6755e-18
1720 5.89479e-18
1721 5.20423e-18
1722 4.59355e-18
1723 4.05364e-18
1724 3.5764e-18
1725 3.15465e-18
1726 2.78202e-18
1727 2.45287e-18
1728 2.16218e-18
1729 1.90552e-18
1730 1.67896e-18
1731 1.47901e-18
1732 1.30258e-18
1733 1.14695e-18
1734 1.00969e-18
1735 8.88654e-19
1736 7.81959e-19
1737 6.87922e-19
1738 6.0506e-19
1739 5.32061e-19
1740 4.67766e-19
1741 4.1115e-19
1742 3.61307e-19
1743 3.17436e-19
1744 2.7883e-19
1745 2.44866e-19
1746 2.14991e-19
1747 1.8872e-19
1748 1.65622e-19
1749 1.45319e-19
1750 1.27477e-19
1751 1.118e-19
1752 9.80304e-20
1753 8.59373e-20
1754 7.53194e-20
1755 6.59989e-20
1756 5.78189e-20
1757 5.06416e-20
1758 4.43455e-20
1759 3.88236e-20
1760 3.39817e-20
1761 2.97372e-20
1762 2.6017e-20
1763 2.27573e-20
1764 1.99015e-20
1765 1.74003e-20
1766 1.52101e-20
1767 1.32926e-20
1768 1.16143e-20
1769 1.01457e-20
1770 8.86076e-21
1771 7.73688e-21
1772 6.75406e-21
1773 5.89478e-21
1774 5.14369e-21
1775 4.48731e-21
1776 3.91382e-21
1777 3.41287e-21
1778 2.97538e-21
1779 2.5934e-21
1780 2.25996e-21
1781 1.96895e-21
1782 1.71504e-21
1783 1.49354e-21
1784 1.30036e-21
1785 1.13191e-21
1786 9.8507e-22
1787 8.57088e-22
1788 7.45568e-22
1789 6.48415e-22
1790 5.63796e-22
1791 4.90112e-22
1792 4.25964e-22
1793 3.7013e-22
1794 3.21543e-22
1795 2.79272e-22
1796 2.42504e-22
1797 2.10531e-22
1798 1.82732e-22
1799 1.58569e-22
1800 1.37571e-22
1801 1.19327e-22
1802 1.03479e-22
1803 8.97163e-23
1804 7.77668e-23
1805 6.73938e-23
1806 5.83916e-23
1807 5.05806e-23
1808 4.38048e-23
1809 3.79283e-23
1810 3.28328e-23
1811 2.84156e-23
1812 2.45872e-23
1813 2.12699e-23
1814 1.83961e-23
1815 1.59071e-23
1816 1.37517e-23
1817 1.18858e-23
1818 1.02708e-23
1819 8.87325e-24
1820 7.66417e-24
1821 6.61838e-24
1822 5.71402e-24
1823 4.93214e-24
1824 4.25631e-24
1825 3.67226e-24
1826 3.16766e-24
1827 2.73179e-24
1828 2.35537e-24
1829 2.03037e-24
1830 1.74983e-24
1831 1.50771e-24
1832 1.29881e-24
1833 1.1186e-24
1834 9.63187e-25
1835 8.29179e-25
1836 7.13657e-25
1837 6.14094e-25
1838 5.28303e-25
1839 4.54397e-25
1840 3.90743e-25
1841 3.35931e-25
1842 2.88744e-25
1843 2.4813e-25
1844 2.13181e-25
1845 1.83114e-25
1846 1.57253e-25
1847 1.35014e-25
1848 1.15894e-25
1849 9.94601e-26
1850 8.53374e-26
1851 7.32038e-26
1852 6.27813e-26
1853 5.38308e-26
1854 4.61461e-26
1855 3.95496e-26
1856 3.38886e-26
1857 2.90314e-26
1858 2.48648e-26
1859 2.12915e-26
1860 1.82276e-26
1861 1.56012e-26
1862 1.33502e-26
1863 1.14215e-26
1864 9.76922e-27
1865 8.35413e-27
1866 7.14242e-27
1867 6.1051e-27
1868 5.21728e-27
1869 4.45757e-27
1870 3.80763e-27
1871 3.25174e-27
1872 2.77639e-27
1873 2.37e-27
1874 2.02264e-27
1875 1.72581e-27
1876 1.47221e-27
1877 1.2556e-27
1878 1.07062e-27
1879 9.12689e-28
1880 7.77882e-28
1881 6.62838e-28
1882 5.64683e-28
1883 4.80956e-28
1884 4.09552e-28
1885 3.48671e-28
1886 2.96774e-28
1887 2.52545e-28
1888 2.1486e-28
1889 1.82758e-28
1890 1.55417e-28
1891 1.32137e-28
1892 1.12319e-28
1893 9.54526e-29
1894 8.11005e-29
1895 6.8891e-29
1896 5.85065e-29
1897 4.96764e-29
1898 4.21694e-29
1899 3.57889e-29
1900 3.03671e-29
1901 2.57609e-29
1902 2.18485e-29
1903 1.85261e-29
1904 1.57055e-29
1905 1.33113e-29
1906 1.12796e-29
1907 9.55582e-30
1908 8.09368e-30
1909 6.85373e-30
1910 5.80244e-30
1911 4.91132e-30
1912 4.15612e-30
1913 3.51626e-30
1914 2.97424e-30
1915 2.51521e-30
1916 2.12655e-30
1917 1.79755e-30
1918 1.5191e-30
1919 1.2835e-30
1920 1.0842e-30
1921 9.15641e-31
1922 7.73114e-31
1923 6.52626e-31
1924 5.50793e-31
1925 4.64745e-31
1926 3.92053e-31
1927 3.30657e-31
1928 2.78813e-31
1929 2.35045e-31
1930 1.98103e-31
1931 1.6693e-31
1932 1.40631e-31
1933 1.18449e-31
1934 9.97428e-32
1935 8.39723e-32
1936 7.06795e-32
1937 5.94776e-32
1938 5.00399e-32
1939 4.20903e-32
1940 3.53957e-32
1941 2.97592e-32
1942 2.50147e-32
1943 2.10219e-32
1944 1.76624e-32
1945 1.48365e-32
1946 1.246e-32
1947 1.04617e-32
1948 8.78199e-33
1949 7.3703e-33
1950 6.18416e-33
1951 5.18774e-33
1952 4.35089e-33
1953 3.64822e-33
1954 3.05834e-33
1955 2.56326e-33
1956 2.14785e-33
1957 1.79935e-33
1958 1.50706e-33
1959 1.26197e-33
1960 1.05649e-33
1961 8.84282e-34
1962 7.39974e-34
1963 6.19074e-34
1964 5.17812e-34
1965 4.33016e-34
1966 3.62024e-34
1967 3.02604e-34
1968 2.52879e-34
1969 2.11278e-34
1970 1.76481e-34
1971 1.47381e-34
1972 1.23052e-34
1973 1.02716e-34
1974 8.5722e-35
1975 7.15229e-35
1976 5.96627e-35
1977 4.97579e-35
1978 4.14879e-35
1979 3.45847e-35
1980 2.88235e-35
1981 2.40168e-35
1982 2.00073e-35
1983 1.66632e-35
1984 1.38749e-35
1985 1.15506e-35
1986 9.61355e-36
1987 7.99953e-36
1988 6.65494e-36
1989 5.53514e-36
1990 4.60273e-36
1991 3.8265e-36
1992 3.18047e-36
1993 2.64292e-36
1994 2.19572e-36
1995 1.82378e-36
1996 1.5145e-36
1997 1.25739e-36
1998 1.04369e-36
1999 8.66105e-37
2000 7.18579e-37
2001 5.96049e-37
2002 4.94296e-37
2003 4.0982e-37
2004 3.39706e-37
2005 2.81524e-37
2006 2.33251e-37
2007 1.9321e-37
2008 1.60007e-37
2009 1.3248e-37
2010 1.09662e-37
2011 9.07521e-38
2012 7.50859e-38
2013 6.21097e-38
2014 5.13631e-38
2015 4.24647e-38
2016 3.50995e-38
2017 2.90049e-38
2018 2.39618e-38
2019 1.97898e-38
2020 1.63399e-38
2021 1.34877e-38
2022 1.11297e-38
2023 9.18073e-39
2024 7.57054e-39
2025 6.24056e-39
2026 5.14207e-39
2027 4.23491e-39
2028 3.48616e-39
2029 2.86825e-39
2030 2.35839e-39
2031 1.93779e-39
2032 1.59086e-39
2033 1.30485e-39
2034 1.06913e-39
2035 8.74848e-40
2036 7.14798e-40
2037 5.83013e-40
2038 4.74551e-40
2039 3.85308e-40
2040 3.11925e-40
2041 2.51658e-40
2042 2.02211e-40
2043 1.617e-40
2044 1.2859e-40
2045 1.01625e-40
2046 7.97638e-41
2047 6.21645e-41
