0 1.18837e-43
1 9.42954e-44
2 7.61514e-44
3 6.36217e-44
4 5.61554e-44
5 5.34108e-44
6 5.52408e-44
7 6.16905e-44
8 7.2991e-44
9 8.95671e-44
10 1.1206e-43
11 1.4135e-43
12 1.78584e-43
13 2.25224e-43
14 2.83103e-43
15 3.54497e-43
16 4.42213e-43
17 5.4969e-43
18 6.81139e-43
19 8.41702e-43
20 1.03765e-42
21 1.2766e-42
22 1.56785e-42
23 1.92274e-42
24 2.35494e-42
25 2.88113e-42
26 3.52167e-42
27 4.30116e-42
28 5.24939e-42
29 6.40271e-42
30 7.80514e-42
31 9.51019e-42
32 1.15824e-41
33 1.41003e-41
34 1.71593e-41
35 2.08748e-41
36 2.53863e-41
37 3.08629e-41
38 3.75101e-41
39 4.55762e-41
40 5.53621e-41
41 6.7231e-41
42 8.16203e-41
43 9.90678e-41
44 1.20216e-40
45 1.45838e-40
46 1.76877e-40
47 2.14473e-40
48 2.60004e-40
49 3.15121e-40
50 3.81825e-40
51 4.62546e-40
52 5.60211e-40
53 6.7833e-40
54 8.21142e-40
55 9.93818e-40
56 1.20255e-39
57 1.45475e-39
58 1.75942e-39
59 2.12742e-39
60 2.57186e-39
61 3.10838e-39
62 3.75591e-39
63 4.53737e-39
64 5.48017e-39
65 6.61738e-39
66 7.98864e-39
67 9.64172e-39
68 1.16344e-38
69 1.40358e-38
70 1.69287e-38
71 2.0413e-38
72 2.46091e-38
73 2.9661e-38
74 3.57415e-38
75 4.30581e-38
76 5.1861e-38
77 6.24496e-38
78 7.51816e-38
79 9.04879e-38
80 1.08886e-37
81 1.30995e-37
82 1.57556e-37
83 1.89456e-37
84 2.27765e-37
85 2.73755e-37
86 3.28954e-37
87 3.9519e-37
88 4.74653e-37
89 5.69962e-37
90 6.84246e-37
91 8.21251e-37
92 9.85466e-37
93 1.18224e-36
94 1.41796e-36
95 1.70029e-36
96 2.03837e-36
97 2.4431e-36
98 2.92749e-36
99 3.50712e-36
100 4.20053e-36
101 5.0299e-36
102 6.02158e-36
103 7.20709e-36
104 8.6241e-36
105 1.03173e-35
106 1.234e-35
107 1.47559e-35
108 1.76408e-35
109 2.10848e-35
110 2.51951e-35
111 3.01001e-35
112 3.59521e-35
113 4.29317e-35
114 5.12541e-35
115 6.11763e-35
116 7.30022e-35
117 8.70948e-35
118 1.03884e-34
119 1.23881e-34
120 1.47695e-34
121 1.76046e-34
122 2.0979e-34
123 2.49946e-34
124 2.9772e-34
125 3.54544e-34
126 4.22119e-34
127 5.02459e-34
128 5.97949e-34
129 7.11427e-34
130 8.46246e-34
131 1.00638e-33
132 1.19655e-33
133 1.42232e-33
134 1.6903e-33
135 2.00831e-33
136 2.3856e-33
137 2.83312e-33
138 3.36382e-33
139 3.99298e-33
140 4.73872e-33
141 5.62245e-33
142 6.66943e-33
143 7.90955e-33
144 9.37805e-33
145 1.11166e-32
146 1.31744e-32
147 1.56095e-32
148 1.84904e-32
149 2.18978e-32
150 2.59271e-32
151 3.06907e-32
152 3.6321e-32
153 4.29742e-32
154 5.08342e-32
155 6.01178e-32
156 7.10803e-32
157 8.40222e-32
158 9.92974e-32
159 1.17322e-31
160 1.38587e-31
161 1.63668e-31
162 1.93243e-31
163 2.2811e-31
164 2.69205e-31
165 3.17631e-31
166 3.74682e-31
167 4.41877e-31
168 5.21004e-31
169 6.14159e-31
170 7.23804e-31
171 8.52828e-31
172 1.00462e-30
173 1.18316e-30
174 1.39312e-30
175 1.63995e-30
176 1.93009e-30
177 2.27103e-30
178 2.67159e-30
179 3.14209e-30
180 3.69461e-30
181 4.34329e-30
182 5.10472e-30
183 5.99826e-30
184 7.0466e-30
185 8.27629e-30
186 9.71835e-30
187 1.14091e-29
188 1.33909e-29
189 1.57134e-29
190 1.84345e-29
191 2.16219e-29
192 2.53545e-29
193 2.97248e-29
194 3.48403e-29
195 4.08267e-29
196 4.78308e-29
197 5.60236e-29
198 6.56046e-29
199 7.68063e-29
200 8.98998e-29
201 1.05201e-28
202 1.23078e-28
203 1.4396e-28
204 1.68345e-28
205 1.96815e-28
206 2.30045e-28
207 2.68824e-28
208 3.14067e-28
209 3.66838e-28
210 4.28376e-28
211 5.0012e-28
212 5.83743e-28
213 6.81188e-28
214 7.94715e-28
215 9.26946e-28
216 1.08093e-27
217 1.26019e-27
218 1.46884e-27
219 1.71164e-27
220 1.9941e-27
221 2.32264e-27
222 2.70469e-27
223 3.14884e-27
224 3.66508e-27
225 4.26496e-27
226 4.96189e-27
227 5.77137e-27
228 6.71136e-27
229 7.80265e-27
230 9.06931e-27
231 1.05392e-26
232 1.22444e-26
233 1.42224e-26
234 1.65161e-26
235 1.91753e-26
236 2.22577e-26
237 2.58296e-26
238 2.99679e-26
239 3.47614e-26
240 4.03124e-26
241 4.67393e-26
242 5.41785e-26
243 6.27875e-26
244 7.2748e-26
245 8.42695e-26
246 9.75936e-26
247 1.12999e-25
248 1.30806e-25
249 1.51385e-25
250 1.75161e-25
251 2.02626e-25
252 2.34343e-25
253 2.70963e-25
254 3.13235e-25
255 3.62017e-25
256 4.18301e-25
257 4.83224e-25
258 5.58095e-25
259 6.44418e-25
260 7.43921e-25
261 8.58588e-25
262 9.90699e-25
263 1.14287e-24
264 1.31811e-24
265 1.51987e-24
266 1.7521e-24
267 2.01934e-24
268 2.32679e-24
269 2.68043e-24
270 3.08709e-24
271 3.5546e-24
272 4.09196e-24
273 4.70944e-24
274 5.41883e-24
275 6.2336e-24
276 7.16919e-24
277 8.24326e-24
278 9.47602e-24
279 1.08906e-23
280 1.25134e-23
281 1.43746e-23
282 1.65087e-23
283 1.89553e-23
284 2.17594e-23
285 2.49725e-23
286 2.86534e-23
287 3.28691e-23
288 3.76964e-23
289 4.32227e-23
290 4.95476e-23
291 5.6785e-23
292 6.50646e-23
293 7.45342e-23
294 8.53626e-23
295 9.77417e-23
296 1.1189e-22
297 1.28058e-22
298 1.46529e-22
299 1.67625e-22
300 1.91716e-22
301 2.19219e-22
302 2.5061e-22
303 2.86432e-22
304 3.27301e-22
305 3.73916e-22
306 4.27073e-22
307 4.87678e-22
308 5.56756e-22
309 6.35476e-22
310 7.25161e-22
311 8.27316e-22
312 9.43648e-22
313 1.07609e-21
314 1.22685e-21
315 1.3984e-21
316 1.59358e-21
317 1.81559e-21
318 2.06804e-21
319 2.35506e-21
320 2.6813e-21
321 3.05202e-21
322 3.47319e-21
323 3.95157e-21
324 4.49478e-21
325 5.11147e-21
326 5.81141e-21
327 6.60564e-21
328 7.50665e-21
329 8.52854e-21
330 9.68726e-21
331 1.10008e-20
332 1.24895e-20
333 1.41762e-20
334 1.6087e-20
335 1.82509e-20
336 2.0701e-20
337 2.34743e-20
338 2.66129e-20
339 3.01639e-20
340 3.41806e-20
341 3.87229e-20
342 4.38584e-20
343 4.96632e-20
344 5.62229e-20
345 6.36339e-20
346 7.20047e-20
347 8.14574e-20
348 9.21293e-20
349 1.04175e-19
350 1.17768e-19
351 1.33103e-19
352 1.504e-19
353 1.69905e-19
354 1.91896e-19
355 2.16682e-19
356 2.44614e-19
357 2.76082e-19
358 3.11528e-19
359 3.51443e-19
360 3.96383e-19
361 4.46968e-19
362 5.03893e-19
363 5.6794e-19
364 6.39983e-19
365 7.21002e-19
366 8.12095e-19
367 9.14491e-19
368 1.02957e-18
369 1.15886e-18
370 1.3041e-18
371 1.46722e-18
372 1.65036e-18
373 1.85595e-18
374 2.08668e-18
375 2.34556e-18
376 2.63597e-18
377 2.96167e-18
378 3.32685e-18
379 3.73621e-18
380 4.19499e-18
381 4.70902e-18
382 5.28483e-18
383 5.92968e-18
384 6.65167e-18
385 7.45985e-18
386 8.36426e-18
387 9.37614e-18
388 1.0508e-17
389 1.17736e-17
390 1.31886e-17
391 1.47702e-17
392 1.65374e-17
393 1.85117e-17
394 2.07167e-17
395 2.31788e-17
396 2.59272e-17
397 2.89944e-17
398 3.24167e-17
399 3.62341e-17
400 4.04911e-17
401 4.52373e-17
402 5.05274e-17
403 5.64223e-17
404 6.29896e-17
405 7.03041e-17
406 7.84488e-17
407 8.75157e-17
408 9.76067e-17
409 1.08835e-16
410 1.21325e-16
411 1.35216e-16
412 1.5066e-16
413 1.67829e-16
414 1.86909e-16
415 2.08108e-16
416 2.31656e-16
417 2.57808e-16
418 2.86844e-16
419 3.19075e-16
420 3.54845e-16
421 3.94533e-16
422 4.38559e-16
423 4.87384e-16
424 5.41521e-16
425 6.01533e-16
426 6.68045e-16
427 7.41742e-16
428 8.23385e-16
429 9.13808e-16
430 1.01393e-15
431 1.12478e-15
432 1.24747e-15
433 1.38323e-15
434 1.53343e-15
435 1.69957e-15
436 1.88328e-15
437 2.0864e-15
438 2.31092e-15
439 2.55903e-15
440 2.83315e-15
441 3.13595e-15
442 3.47034e-15
443 3.83954e-15
444 4.24706e-15
445 4.69679e-15
446 5.19298e-15
447 5.7403e-15
448 6.34386e-15
449 7.00929e-15
450 7.74275e-15
451 8.55098e-15
452 9.44139e-15
453 1.04221e-14
454 1.15019e-14
455 1.26907e-14
456 1.3999e-14
457 1.54384e-14
458 1.70217e-14
459 1.87629e-14
460 2.06771e-14
461 2.2781e-14
462 2.50928e-14
463 2.76323e-14
464 3.04212e-14
465 3.34831e-14
466 3.6844e-14
467 4.05319e-14
468 4.45775e-14
469 4.90145e-14
470 5.38794e-14
471 5.92119e-14
472 6.50555e-14
473 7.14574e-14
474 7.84692e-14
475 8.61468e-14
476 9.45514e-14
477 1.03749e-13
478 1.13813e-13
479 1.24821e-13
480 1.36859e-13
481 1.50021e-13
482 1.64406e-13
483 1.80126e-13
484 1.973e-13
485 2.16058e-13
486 2.36542e-13
487 2.58904e-13
488 2.83312e-13
489 3.09947e-13
490 3.39006e-13
491 3.70701e-13
492 4.05266e-13
493 4.42951e-13
494 4.8403e-13
495 5.28798e-13
496 5.77577e-13
497 6.30716e-13
498 6.88591e-13
499 7.51613e-13
500 8.20225e-13
501 8.94908e-13
502 9.76183e-13
503 1.06461e-12
504 1.16081e-12
505 1.26543e-12
506 1.37919e-12
507 1.50287e-12
508 1.6373e-12
509 1.78338e-12
510 1.94209e-12
511 2.11449e-12
512 2.30171e-12
513 2.50499e-12
514 2.72565e-12
515 2.96513e-12
516 3.22496e-12
517 3.50681e-12
518 3.81247e-12
519 4.14388e-12
520 4.50311e-12
521 4.89239e-12
522 5.31414e-12
523 5.77094e-12
524 6.26557e-12
525 6.80102e-12
526 7.38049e-12
527 8.00742e-12
528 8.68551e-12
529 9.41872e-12
530 1.02113e-11
531 1.10678e-11
532 1.19931e-11
533 1.29924e-11
534 1.40713e-11
535 1.52357e-11
536 1.64922e-11
537 1.78474e-11
538 1.93088e-11
539 2.08841e-11
540 2.25817e-11
541 2.44104e-11
542 2.63798e-11
543 2.85001e-11
544 3.0782e-11
545 3.32371e-11
546 3.58779e-11
547 3.87173e-11
548 4.17694e-11
549 4.50492e-11
550 4.85726e-11
551 5.23565e-11
552 5.64192e-11
553 6.07798e-11
554 6.54589e-11
555 7.04785e-11
556 7.58618e-11
557 8.16337e-11
558 8.78208e-11
559 9.44512e-11
560 1.01555e-10
561 1.09164e-10
562 1.17313e-10
563 1.26038e-10
564 1.35378e-10
565 1.45374e-10
566 1.56071e-10
567 1.67514e-10
568 1.79754e-10
569 1.92845e-10
570 2.06843e-10
571 2.21808e-10
572 2.37805e-10
573 2.54903e-10
574 2.73175e-10
575 2.92697e-10
576 3.13554e-10
577 3.35833e-10
578 3.59628e-10
579 3.85038e-10
580 4.12171e-10
581 4.41138e-10
582 4.72059e-10
583 5.05063e-10
584 5.40283e-10
585 5.77863e-10
586 6.17956e-10
587 6.60723e-10
588 7.06335e-10
589 7.54974e-10
590 8.0683e-10
591 8.62106e-10
592 9.21017e-10
593 9.8379e-10
594 1.05066e-09
595 1.12189e-09
596 1.19773e-09
597 1.27847e-09
598 1.3644e-09
599 1.45583e-09
600 1.55309e-09
601 1.65651e-09
602 1.76646e-09
603 1.88331e-09
604 2.00745e-09
605 2.13928e-09
606 2.27925e-09
607 2.42779e-09
608 2.58537e-09
609 2.75247e-09
610 2.92961e-09
611 3.1173e-09
612 3.31609e-09
613 3.52654e-09
614 3.74925e-09
615 3.98482e-09
616 4.23387e-09
617 4.49706e-09
618 4.77507e-09
619 5.06857e-09
620 5.3783e-09
621 5.70499e-09
622 6.04939e-09
623 6.4123e-09
624 6.79453e-09
625 7.19689e-09
626 7.62026e-09
627 8.0655e-09
628 8.53353e-09
629 9.02527e-09
630 9.54169e-09
631 1.00838e-08
632 1.06525e-08
633 1.1249e-08
634 1.18744e-08
635 1.25296e-08
636 1.3216e-08
637 1.39346e-08
638 1.46867e-08
639 1.54737e-08
640 1.62968e-08
641 1.71574e-08
642 1.8057e-08
643 1.89971e-08
644 1.99792e-08
645 2.10051e-08
646 2.20765e-08
647 2.31952e-08
648 2.4363e-08
649 2.55822e-08
650 2.68547e-08
651 2.81829e-08
652 2.95691e-08
653 3.10159e-08
654 3.2526e-08
655 3.41023e-08
656 3.57477e-08
657 3.74656e-08
658 3.92593e-08
659 4.11325e-08
660 4.3089e-08
661 4.5133e-08
662 4.72689e-08
663 4.95013e-08
664 5.1835e-08
665 5.42754e-08
666 5.6828e-08
667 5.94986e-08
668 6.22934e-08
669 6.52189e-08
670 6.8282e-08
671 7.149e-08
672 7.48504e-08
673 7.83714e-08
674 8.20611e-08
675 8.59286e-08
676 8.99828e-08
677 9.42333e-08
678 9.86901e-08
679 1.03363e-07
680 1.08264e-07
681 1.13402e-07
682 1.18791e-07
683 1.2444e-07
684 1.30362e-07
685 1.3657e-07
686 1.43075e-07
687 1.49891e-07
688 1.5703e-07
689 1.64504e-07
690 1.72328e-07
691 1.80513e-07
692 1.89072e-07
693 1.98019e-07
694 2.07366e-07
695 2.17124e-07
696 2.27307e-07
697 2.37924e-07
698 2.48988e-07
699 2.60508e-07
700 2.72494e-07
701 2.84954e-07
702 2.97897e-07
703 3.11329e-07
704 3.25255e-07
705 3.3968e-07
706 3.54608e-07
707 3.70038e-07
708 3.85972e-07
709 4.02407e-07
710 4.1934e-07
711 4.36765e-07
712 4.54674e-07
713 4.73059e-07
714 4.91906e-07
715 5.11201e-07
716 5.30929e-07
717 5.51069e-07
718 5.71601e-07
719 5.925e-07
720 6.1374e-07
721 6.3529e-07
722 6.5712e-07
723 6.79195e-07
724 7.01478e-07
725 7.23929e-07
726 7.46506e-07
727 7.69165e-07
728 7.9186e-07
729 8.14542e-07
730 8.3716e-07
731 8.59662e-07
732 8.81995e-07
733 9.04103e-07
734 9.25931e-07
735 9.47421e-07
736 9.68517e-07
737 9.89161e-07
738 1.0093e-06
739 1.02887e-06
740 1.04782e-06
741 1.0661e-06
742 1.08366e-06
743 1.10044e-06
744 1.11641e-06
745 1.13152e-06
746 1.14574e-06
747 1.15903e-06
748 1.17137e-06
749 1.18273e-06
750 1.1931e-06
751 1.20249e-06
752 1.21088e-06
753 1.21829e-06
754 1.22475e-06
755 1.23028e-06
756 1.23492e-06
757 1.23873e-06
758 1.24177e-06
759 1.24413e-06
760 1.24588e-06
761 1.24715e-06
762 1.24804e-06
763 1.24869e-06
764 1.24926e-06
765 1.24991e-06
766 1.25082e-06
767 1.25219e-06
768 1.25424e-06
769 1.2572e-06
770 1.26131e-06
771 1.26685e-06
772 1.27411e-06
773 1.28337e-06
774 1.29497e-06
775 1.30923e-06
776 1.32651e-06
777 1.34717e-06
778 1.37161e-06
779 1.4002e-06
780 1.43338e-06
781 1.47156e-06
782 1.51519e-06
783 1.5647e-06
784 1.62057e-06
785 1.68325e-06
786 1.75324e-06
787 1.83101e-06
788 1.91705e-06
789 2.01185e-06
790 2.11591e-06
791 2.22974e-06
792 2.35381e-06
793 2.48862e-06
794 2.63467e-06
795 2.79243e-06
796 2.96237e-06
797 3.14495e-06
798 3.34063e-06
799 3.54983e-06
800 3.77298e-06
801 4.01046e-06
802 4.26267e-06
803 4.52996e-06
804 4.81265e-06
805 5.11106e-06
806 5.42545e-06
807 5.75608e-06
808 6.10315e-06
809 6.46686e-06
810 6.84734e-06
811 7.2447e-06
812 7.65902e-06
813 8.09034e-06
814 8.53863e-06
815 9.00387e-06
816 9.48596e-06
817 9.98477e-06
818 1.05001e-05
819 1.10318e-05
820 1.15796e-05
821 1.21432e-05
822 1.27223e-05
823 1.33164e-05
824 1.39252e-05
825 1.45482e-05
826 1.51849e-05
827 1.58349e-05
828 1.64975e-05
829 1.71722e-05
830 1.78584e-05
831 1.85554e-05
832 1.92627e-05
833 1.99795e-05
834 2.07051e-05
835 2.14389e-05
836 2.21803e-05
837 2.29284e-05
838 2.36826e-05
839 2.44423e-05
840 2.52068e-05
841 2.59755e-05
842 2.67477e-05
843 2.75229e-05
844 2.83006e-05
845 2.90802e-05
846 2.98615e-05
847 3.06439e-05
848 3.14271e-05
849 3.22111e-05
850 3.29955e-05
851 3.37805e-05
852 3.45659e-05
853 3.5352e-05
854 3.6139e-05
855 3.69273e-05
856 3.77174e-05
857 3.85099e-05
858 3.93057e-05
859 4.01056e-05
860 4.09108e-05
861 4.17225e-05
862 4.25422e-05
863 4.33714e-05
864 4.4212e-05
865 4.5066e-05
866 4.59356e-05
867 4.68232e-05
868 4.77314e-05
869 4.8663e-05
870 4.96212e-05
871 5.06092e-05
872 5.16307e-05
873 5.26893e-05
874 5.37892e-05
875 5.49347e-05
876 5.61303e-05
877 5.73808e-05
878 5.86914e-05
879 6.00675e-05
880 6.15147e-05
881 6.30389e-05
882 6.46463e-05
883 6.63435e-05
884 6.81373e-05
885 7.00348e-05
886 7.20433e-05
887 7.41705e-05
888 7.64245e-05
889 7.88133e-05
890 8.13458e-05
891 8.40306e-05
892 8.68771e-05
893 8.98946e-05
894 9.30929e-05
895 9.64821e-05
896 0.000100073
897 0.000103875
898 0.0001079
899 0.000112159
900 0.000116664
901 0.000121427
902 0.000126459
903 0.000131773
904 0.000137382
905 0.000143298
906 0.000149536
907 0.000156107
908 0.000163027
909 0.00017031
910 0.000177968
911 0.000186019
912 0.000194475
913 0.000203352
914 0.000212666
915 0.000222432
916 0.000232666
917 0.000243384
918 0.000254603
919 0.000266338
920 0.000278608
921 0.000291428
922 0.000304817
923 0.000318791
924 0.000333368
925 0.000348567
926 0.000364406
927 0.000380902
928 0.000398074
929 0.000415941
930 0.000434523
931 0.000453837
932 0.000473904
933 0.000494742
934 0.000516373
935 0.000538814
936 0.000562087
937 0.000586212
938 0.000611209
939 0.000637098
940 0.0006639
941 0.000691636
942 0.000720327
943 0.000749993
944 0.000780657
945 0.000812339
946 0.000845061
947 0.000878844
948 0.000913711
949 0.000949681
950 0.000986779
951 0.00102502
952 0.00106444
953 0.00110505
954 0.00114687
955 0.00118993
956 0.00123425
957 0.00127985
958 0.00132675
959 0.00137498
960 0.00142455
961 0.00147549
962 0.00152783
963 0.00158157
964 0.00163676
965 0.0016934
966 0.00175152
967 0.00181114
968 0.00187228
969 0.00193496
970 0.00199921
971 0.00206505
972 0.00213249
973 0.00220155
974 0.00227227
975 0.00234465
976 0.00241871
977 0.00249448
978 0.00257198
979 0.00265122
980 0.00273222
981 0.002815
982 0.00289958
983 0.00298597
984 0.00307419
985 0.00316425
986 0.00325618
987 0.00334998
988 0.00344567
989 0.00354326
990 0.00364277
991 0.00374421
992 0.00384758
993 0.00395291
994 0.00406019
995 0.00416944
996 0.00428067
997 0.00439388
998 0.00450907
999 0.00462627
1000 0.00474546
1001 0.00486665
1002 0.00498985
1003 0.00511505
1004 0.00524225
1005 0.00537146
1006 0.00550267
1007 0.00563588
1008 0.00577108
1009 0.00590826
1010 0.00604742
1011 0.00618856
1012 0.00633165
1013 0.00647669
1014 0.00662366
1015 0.00677256
1016 0.00692336
1017 0.00707605
1018 0.0072306
1019 0.007387
1020 0.00754523
1021 0.00770526
1022 0.00786706
1023 0.00803062
1024 0.0081959
1025 0.00836286
1026 0.00853149
1027 0.00870174
1028 0.00887358
1029 0.00904698
1030 0.00922189
1031 0.00939827
1032 0.00957609
1033 0.00975529
1034 0.00993584
1035 0.0101177
1036 0.0103008
1037 0.0104851
1038 0.0106705
1039 0.010857
1040 0.0110446
1041 0.0112331
1042 0.0114225
1043 0.0116128
1044 0.0118039
1045 0.0119958
1046 0.0121883
1047 0.0123814
1048 0.012575
1049 0.0127691
1050 0.0129635
1051 0.0131583
1052 0.0133533
1053 0.0135485
1054 0.0137438
1055 0.0139391
1056 0.0141343
1057 0.0143293
1058 0.0145242
1059 0.0147187
1060 0.0149128
1061 0.0151064
1062 0.0152995
1063 0.0154919
1064 0.0156835
1065 0.0158743
1066 0.0160642
1067 0.0162531
1068 0.0164408
1069 0.0166274
1070 0.0168127
1071 0.0169966
1072 0.0171791
1073 0.01736
1074 0.0175392
1075 0.0177167
1076 0.0178924
1077 0.0180661
1078 0.0182378
1079 0.0184074
1080 0.0185748
1081 0.0187399
1082 0.0189026
1083 0.0190628
1084 0.0192205
1085 0.0193756
1086 0.0195278
1087 0.0196773
1088 0.0198239
1089 0.0199674
1090 0.0201079
1091 0.0202453
1092 0.0203794
1093 0.0205101
1094 0.0206375
1095 0.0207614
1096 0.0208818
1097 0.0209985
1098 0.0211115
1099 0.0212208
1100 0.0213263
1101 0.0214278
1102 0.0215254
1103 0.021619
1104 0.0217085
1105 0.0217939
1106 0.0218751
1107 0.021952
1108 0.0220247
1109 0.022093
1110 0.0221569
1111 0.0222164
1112 0.0222714
1113 0.022322
1114 0.022368
1115 0.0224094
1116 0.0224462
1117 0.0224784
1118 0.022506
1119 0.0225289
1120 0.0225471
1121 0.0225607
1122 0.0225695
1123 0.0225736
1124 0.022573
1125 0.0225676
1126 0.0225576
1127 0.0225428
1128 0.0225233
1129 0.0224991
1130 0.0224702
1131 0.0224366
1132 0.0223984
1133 0.0223555
1134 0.022308
1135 0.022256
1136 0.0221994
1137 0.0221382
1138 0.0220726
1139 0.0220025
1140 0.021928
1141 0.0218492
1142 0.021766
1143 0.0216786
1144 0.021587
1145 0.0214911
1146 0.0213912
1147 0.0212873
1148 0.0211793
1149 0.0210675
1150 0.0209517
1151 0.0208322
1152 0.020709
1153 0.0205821
1154 0.0204517
1155 0.0203178
1156 0.0201804
1157 0.0200397
1158 0.0198958
1159 0.0197487
1160 0.0195984
1161 0.0194452
1162 0.0192891
1163 0.0191301
1164 0.0189684
1165 0.0188041
1166 0.0186372
1167 0.0184678
1168 0.018296
1169 0.018122
1170 0.0179458
1171 0.0177675
1172 0.0175872
1173 0.017405
1174 0.017221
1175 0.0170352
1176 0.0168479
1177 0.0166591
1178 0.0164688
1179 0.0162772
1180 0.0160844
1181 0.0158905
1182 0.0156955
1183 0.0154996
1184 0.0153029
1185 0.0151054
1186 0.0149072
1187 0.0147085
1188 0.0145093
1189 0.0143097
1190 0.0141098
1191 0.0139098
1192 0.0137096
1193 0.0135093
1194 0.0133092
1195 0.0131091
1196 0.0129093
1197 0.0127098
1198 0.0125107
1199 0.0123121
1200 0.0121139
1201 0.0119164
1202 0.0117196
1203 0.0115236
1204 0.0113284
1205 0.0111341
1206 0.0109407
1207 0.0107484
1208 0.0105572
1209 0.0103671
1210 0.0101783
1211 0.00999074
1212 0.00980452
1213 0.00961968
1214 0.00943629
1215 0.0092544
1216 0.00907404
1217 0.00889527
1218 0.00871814
1219 0.00854268
1220 0.00836894
1221 0.00819696
1222 0.00802677
1223 0.00785841
1224 0.00769191
1225 0.00752731
1226 0.00736463
1227 0.0072039
1228 0.00704515
1229 0.0068884
1230 0.00673368
1231 0.00658101
1232 0.00643039
1233 0.00628186
1234 0.00613543
1235 0.0059911
1236 0.0058489
1237 0.00570883
1238 0.0055709
1239 0.00543513
1240 0.0053015
1241 0.00517004
1242 0.00504073
1243 0.00491359
1244 0.00478861
1245 0.00466579
1246 0.00454513
1247 0.00442663
1248 0.00431027
1249 0.00419605
1250 0.00408397
1251 0.00397401
1252 0.00386617
1253 0.00376043
1254 0.00365678
1255 0.00355521
1256 0.00345571
1257 0.00335825
1258 0.00326283
1259 0.00316942
1260 0.00307801
1261 0.00298858
1262 0.00290112
1263 0.00281559
1264 0.00273199
1265 0.00265028
1266 0.00257045
1267 0.00249248
1268 0.00241634
1269 0.00234202
1270 0.00226947
1271 0.00219869
1272 0.00212965
1273 0.00206232
1274 0.00199668
1275 0.0019327
1276 0.00187036
1277 0.00180963
1278 0.00175048
1279 0.0016929
1280 0.00163684
1281 0.00158229
1282 0.00152922
1283 0.0014776
1284 0.00142741
1285 0.00137862
1286 0.0013312
1287 0.00128513
1288 0.00124037
1289 0.00119691
1290 0.00115472
1291 0.00111376
1292 0.00107402
1293 0.00103547
1294 0.000998078
1295 0.000961823
1296 0.000926679
1297 0.000892621
1298 0.000859623
1299 0.00082766
1300 0.000796709
1301 0.000766744
1302 0.000737742
1303 0.000709679
1304 0.000682531
1305 0.000656276
1306 0.00063089
1307 0.000606351
1308 0.000582636
1309 0.000559724
1310 0.000537594
1311 0.000516223
1312 0.000495591
1313 0.000475678
1314 0.000456463
1315 0.000437926
1316 0.000420049
1317 0.000402812
1318 0.000386196
1319 0.000370182
1320 0.000354754
1321 0.000339893
1322 0.000325582
1323 0.000311804
1324 0.000298542
1325 0.000285781
1326 0.000273504
1327 0.000261696
1328 0.000250343
1329 0.000239428
1330 0.000228939
1331 0.00021886
1332 0.000209178
1333 0.00019988
1334 0.000190953
1335 0.000182384
1336 0.00017416
1337 0.000166271
1338 0.000158703
1339 0.000151447
1340 0.000144489
1341 0.000137821
1342 0.000131431
1343 0.00012531
1344 0.000119447
1345 0.000113833
1346 0.000108459
1347 0.000103316
1348 9.83943e-05
1349 9.36865e-05
1350 8.91841e-05
1351 8.48792e-05
1352 8.07641e-05
1353 7.68315e-05
1354 7.30741e-05
1355 6.94849e-05
1356 6.60574e-05
1357 6.2785e-05
1358 5.96614e-05
1359 5.66805e-05
1360 5.38367e-05
1361 5.11241e-05
1362 4.85374e-05
1363 4.60714e-05
1364 4.37209e-05
1365 4.14811e-05
1366 3.93472e-05
1367 3.73148e-05
1368 3.53795e-05
1369 3.35371e-05
1370 3.17836e-05
1371 3.01151e-05
1372 2.85277e-05
1373 2.7018e-05
1374 2.55825e-05
1375 2.42179e-05
1376 2.29209e-05
1377 2.16886e-05
1378 2.05179e-05
1379 1.94061e-05
1380 1.83504e-05
1381 1.73483e-05
1382 1.63973e-05
1383 1.54949e-05
1384 1.46389e-05
1385 1.38271e-05
1386 1.30573e-05
1387 1.23277e-05
1388 1.16363e-05
1389 1.09811e-05
1390 1.03606e-05
1391 9.77286e-06
1392 9.21644e-06
1393 8.68975e-06
1394 8.19132e-06
1395 7.71975e-06
1396 7.27369e-06
1397 6.85187e-06
1398 6.45307e-06
1399 6.07611e-06
1400 5.71988e-06
1401 5.38333e-06
1402 5.06545e-06
1403 4.76527e-06
1404 4.48186e-06
1405 4.21437e-06
1406 3.96195e-06
1407 3.72381e-06
1408 3.4992e-06
1409 3.28739e-06
1410 3.08772e-06
1411 2.89952e-06
1412 2.72218e-06
1413 2.55511e-06
1414 2.39775e-06
1415 2.24958e-06
1416 2.11009e-06
1417 1.97881e-06
1418 1.85528e-06
1419 1.73906e-06
1420 1.62976e-06
1421 1.52699e-06
1422 1.43038e-06
1423 1.33958e-06
1424 1.25426e-06
1425 1.17411e-06
1426 1.09883e-06
1427 1.02815e-06
1428 9.61804e-07
1429 8.99535e-07
1430 8.41108e-07
1431 7.863e-07
1432 7.34898e-07
1433 6.86702e-07
1434 6.41523e-07
1435 5.99182e-07
1436 5.5951e-07
1437 5.22347e-07
1438 4.87543e-07
1439 4.54957e-07
1440 4.24453e-07
1441 3.95906e-07
1442 3.69196e-07
1443 3.4421e-07
1444 3.20844e-07
1445 2.98997e-07
1446 2.78575e-07
1447 2.5949e-07
1448 2.41658e-07
1449 2.25001e-07
1450 2.09446e-07
1451 1.94922e-07
1452 1.81364e-07
1453 1.68712e-07
1454 1.56907e-07
1455 1.45896e-07
1456 1.35627e-07
1457 1.26052e-07
1458 1.17127e-07
1459 1.0881e-07
1460 1.01061e-07
1461 9.38421e-08
1462 8.71197e-08
1463 8.08606e-08
1464 7.50345e-08
1465 6.96125e-08
1466 6.45678e-08
1467 5.98753e-08
1468 5.55113e-08
1469 5.14539e-08
1470 4.76823e-08
1471 4.41772e-08
1472 4.09207e-08
1473 3.78956e-08
1474 3.50863e-08
1475 3.2478e-08
1476 3.00568e-08
1477 2.78099e-08
1478 2.57252e-08
1479 2.37914e-08
1480 2.1998e-08
1481 2.03352e-08
1482 1.87939e-08
1483 1.73655e-08
1484 1.6042e-08
1485 1.48161e-08
1486 1.36808e-08
1487 1.26296e-08
1488 1.16566e-08
1489 1.07561e-08
1490 9.92297e-09
1491 9.15229e-09
1492 8.43957e-09
1493 7.7806e-09
1494 7.17146e-09
1495 6.60853e-09
1496 6.08841e-09
1497 5.60797e-09
1498 5.16427e-09
1499 4.75461e-09
1500 4.37646e-09
1501 4.02748e-09
1502 3.70549e-09
1503 3.40848e-09
1504 3.13457e-09
1505 2.88202e-09
1506 2.64922e-09
1507 2.43468e-09
1508 2.23701e-09
1509 2.05492e-09
1510 1.88723e-09
1511 1.73284e-09
1512 1.59072e-09
1513 1.45993e-09
1514 1.33959e-09
1515 1.22889e-09
1516 1.12709e-09
1517 1.03348e-09
1518 9.47443e-10
1519 8.6837e-10
1520 7.95717e-10
1521 7.28979e-10
1522 6.67689e-10
1523 6.11414e-10
1524 5.59756e-10
1525 5.12348e-10
1526 4.6885e-10
1527 4.28948e-10
1528 3.92355e-10
1529 3.58802e-10
1530 3.28045e-10
1531 2.99857e-10
1532 2.7403e-10
1533 2.50371e-10
1534 2.28704e-10
1535 2.08864e-10
1536 1.90703e-10
1537 1.74082e-10
1538 1.58874e-10
1539 1.44962e-10
1540 1.32238e-10
1541 1.20604e-10
1542 1.09969e-10
1543 1.0025e-10
1544 9.13685e-11
1545 8.32554e-11
1546 7.58457e-11
1547 6.90799e-11
1548 6.29035e-11
1549 5.72665e-11
1550 5.21229e-11
1551 4.74306e-11
1552 4.31511e-11
1553 3.92488e-11
1554 3.56914e-11
1555 3.24492e-11
1556 2.94948e-11
1557 2.68034e-11
1558 2.43521e-11
1559 2.212e-11
1560 2.0088e-11
1561 1.82386e-11
1562 1.65557e-11
1563 1.50246e-11
1564 1.36322e-11
1565 1.23659e-11
1566 1.12148e-11
1567 1.01685e-11
1568 9.2178e-12
1569 8.35408e-12
1570 7.56958e-12
1571 6.85721e-12
1572 6.21048e-12
1573 5.62348e-12
1574 5.09082e-12
1575 4.60757e-12
1576 4.16926e-12
1577 3.77179e-12
1578 3.41145e-12
1579 3.08483e-12
1580 2.78886e-12
1581 2.52072e-12
1582 2.27785e-12
1583 2.05791e-12
1584 1.8588e-12
1585 1.67857e-12
1586 1.51547e-12
1587 1.36791e-12
1588 1.23445e-12
1589 1.11375e-12
1590 1.00463e-12
1591 9.05998e-13
1592 8.16865e-13
1593 7.36336e-13
1594 6.63596e-13
1595 5.97907e-13
1596 5.386e-13
1597 4.85066e-13
1598 4.36755e-13
1599 3.93168e-13
1600 3.53851e-13
1601 3.18394e-13
1602 2.86425e-13
1603 2.57609e-13
1604 2.3164e-13
1605 2.08241e-13
1606 1.87165e-13
1607 1.68183e-13
1608 1.51093e-13
1609 1.35709e-13
1610 1.21864e-13
1611 1.09407e-13
1612 9.82009e-14
1613 8.8123e-14
1614 7.90616e-14
1615 7.0916e-14
1616 6.35954e-14
1617 5.70176e-14
1618 5.11087e-14
1619 4.58018e-14
1620 4.10368e-14
1621 3.67592e-14
1622 3.29202e-14
1623 2.94754e-14
1624 2.63852e-14
1625 2.36136e-14
1626 2.11284e-14
1627 1.89005e-14
1628 1.69037e-14
1629 1.51145e-14
1630 1.35116e-14
1631 1.2076e-14
1632 1.07905e-14
1633 9.63969e-15
1634 8.60966e-15
1635 7.68795e-15
1636 6.86338e-15
1637 6.12587e-15
1638 5.46637e-15
1639 4.87678e-15
1640 4.3498e-15
1641 3.87889e-15
1642 3.45818e-15
1643 3.08241e-15
1644 2.74686e-15
1645 2.44728e-15
1646 2.17988e-15
1647 1.94126e-15
1648 1.72837e-15
1649 1.53849e-15
1650 1.36915e-15
1651 1.21818e-15
1652 1.08362e-15
1653 9.63696e-16
1654 8.56855e-16
1655 7.61688e-16
1656 6.76938e-16
1657 6.01482e-16
1658 5.34317e-16
1659 4.74546e-16
1660 4.21366e-16
1661 3.74061e-16
1662 3.31992e-16
1663 2.94589e-16
1664 2.6134e-16
1665 2.31792e-16
1666 2.05539e-16
1667 1.82218e-16
1668 1.61507e-16
1669 1.43118e-16
1670 1.26794e-16
1671 1.12306e-16
1672 9.94521e-17
1673 8.80492e-17
1674 7.79363e-17
1675 6.89694e-17
1676 6.10204e-17
1677 5.39754e-17
1678 4.77331e-17
1679 4.22032e-17
1680 3.73056e-17
1681 3.29689e-17
1682 2.91298e-17
1683 2.5732e-17
1684 2.27254e-17
1685 2.00656e-17
1686 1.77131e-17
1687 1.56329e-17
1688 1.37939e-17
1689 1.21684e-17
1690 1.07322e-17
1691 9.46326e-18
1692 8.34252e-18
1693 7.35285e-18
1694 6.47913e-18
1695 5.70794e-18
1696 5.02741e-18
1697 4.42703e-18
1698 3.89746e-18
1699 3.43047e-18
1700 3.01875e-18
1701 2.65585e-18
1702 2.33605e-18
1703 2.0543e-18
1704 1.80612e-18
1705 1.58756e-18
1706 1.39514e-18
1707 1.22577e-18
1708 1.07671e-18
1709 9.45568e-19
1710 8.30211e-19
1711 7.28763e-19
1712 6.39568e-19
1713 5.61163e-19
1714 4.92259e-19
1715 4.31718e-19
1716 3.78537e-19
1717 3.31833e-19
1718 2.90826e-19
1719 2.54828e-19
1720 2.23237e-19
1721 1.95517e-19
1722 1.71201e-19
1723 1.49876e-19
1724 1.31177e-19
1725 1.14785e-19
1726 1.00419e-19
1727 8.78314e-20
1728 7.68042e-20
1729 6.71464e-20
1730 5.86897e-20
1731 5.12866e-20
1732 4.48073e-20
1733 3.91377e-20
1734 3.41778e-20
1735 2.98397e-20
1736 2.60464e-20
1737 2.27302e-20
1738 1.98318e-20
1739 1.7299e-20
1740 1.50864e-20
1741 1.31537e-20
1742 1.14661e-20
1743 9.99275e-21
1744 8.70676e-21
1745 7.58456e-21
1746 6.60551e-21
1747 5.75155e-21
1748 5.00686e-21
1749 4.3576e-21
1750 3.79169e-21
1751 3.29852e-21
1752 2.86886e-21
1753 2.4946e-21
1754 2.16867e-21
1755 1.88491e-21
1756 1.6379e-21
1757 1.42294e-21
1758 1.23592e-21
1759 1.07323e-21
1760 9.31753e-22
1761 8.08741e-22
1762 7.0181e-22
1763 6.08881e-22
1764 5.28138e-22
1765 4.57998e-22
1766 3.97084e-22
1767 3.44194e-22
1768 2.98282e-22
1769 2.58435e-22
1770 2.23861e-22
1771 1.93869e-22
1772 1.67857e-22
1773 1.45302e-22
1774 1.2575e-22
1775 1.08804e-22
1776 9.41201e-23
1777 8.13998e-23
1778 7.03828e-23
1779 6.08431e-23
1780 5.25846e-23
1781 4.54368e-23
1782 3.92517e-23
1783 3.39009e-23
1784 2.9273e-23
1785 2.52711e-23
1786 2.18114e-23
1787 1.88211e-23
1788 1.62371e-23
1789 1.40047e-23
1790 1.20765e-23
1791 1.04114e-23
1792 8.97389e-24
1793 7.73311e-24
1794 6.66238e-24
1795 5.73861e-24
1796 4.94182e-24
1797 4.25469e-24
1798 3.66229e-24
1799 3.15165e-24
1800 2.7116e-24
1801 2.33247e-24
1802 2.00589e-24
1803 1.72465e-24
1804 1.48251e-24
1805 1.27408e-24
1806 1.0947e-24
1807 9.4037e-25
1808 8.07612e-25
1809 6.93441e-25
1810 5.95275e-25
1811 5.10891e-25
1812 4.38369e-25
1813 3.76058e-25
1814 3.2253e-25
1815 2.7656e-25
1816 2.37088e-25
1817 2.03203e-25
1818 1.74122e-25
1819 1.4917e-25
1820 1.27764e-25
1821 1.09405e-25
1822 9.36633e-26
1823 8.01683e-26
1824 6.86022e-26
1825 5.86914e-26
1826 5.02011e-26
1827 4.29293e-26
1828 3.67026e-26
1829 3.13719e-26
1830 2.68094e-26
1831 2.29052e-26
1832 1.95652e-26
1833 1.67084e-26
1834 1.42655e-26
1835 1.2177e-26
1836 1.0392e-26
1837 8.86658e-27
1838 7.56338e-27
1839 6.45026e-27
1840 5.49972e-27
1841 4.68819e-27
1842 3.99551e-27
1843 3.4044e-27
1844 2.90008e-27
1845 2.46992e-27
1846 2.10308e-27
1847 1.79032e-27
1848 1.52373e-27
1849 1.29654e-27
1850 1.10298e-27
1851 9.38099e-28
1852 7.97686e-28
1853 6.78137e-28
1854 5.76375e-28
1855 4.89772e-28
1856 4.16087e-28
1857 3.53408e-28
1858 3.00104e-28
1859 2.54781e-28
1860 2.16254e-28
1861 1.83512e-28
1862 1.55691e-28
1863 1.32059e-28
1864 1.11988e-28
1865 9.49463e-29
1866 8.04796e-29
1867 6.82017e-29
1868 5.77838e-29
1869 4.89462e-29
1870 4.14509e-29
1871 3.50954e-29
1872 2.97076e-29
1873 2.51412e-29
1874 2.1272e-29
1875 1.79941e-29
1876 1.52179e-29
1877 1.28671e-29
1878 1.0877e-29
1879 9.19255e-30
1880 7.76724e-30
1881 6.56142e-30
1882 5.54155e-30
1883 4.67914e-30
1884 3.95004e-30
1885 3.3338e-30
1886 2.81306e-30
1887 2.37312e-30
1888 2.00152e-30
1889 1.68773e-30
1890 1.42281e-30
1891 1.19921e-30
1892 1.01051e-30
1893 8.51313e-31
1894 7.17033e-31
1895 6.03795e-31
1896 5.08325e-31
1897 4.27854e-31
1898 3.6004e-31
1899 3.02905e-31
1900 2.54779e-31
1901 2.1425e-31
1902 1.80128e-31
1903 1.51406e-31
1904 1.27234e-31
1905 1.06898e-31
1906 8.9791e-32
1907 7.54048e-32
1908 6.33091e-32
1909 5.31415e-32
1910 4.45968e-32
1911 3.74175e-32
1912 3.13867e-32
1913 2.6322e-32
1914 2.20696e-32
1915 1.84999e-32
1916 1.55041e-32
1917 1.29905e-32
1918 1.08819e-32
1919 9.11348e-33
1920 7.63073e-33
1921 6.38776e-33
1922 5.34605e-33
1923 4.4732e-33
1924 3.74201e-33
1925 3.12962e-33
1926 2.61686e-33
1927 2.18761e-33
1928 1.82836e-33
1929 1.52776e-33
1930 1.27628e-33
1931 1.06596e-33
1932 8.90096e-34
1933 7.43077e-34
1934 6.20199e-34
1935 5.17523e-34
1936 4.31747e-34
1937 3.60105e-34
1938 3.00283e-34
1939 2.50342e-34
1940 2.08659e-34
1941 1.73877e-34
1942 1.44859e-34
1943 1.20657e-34
1944 1.00476e-34
1945 8.36501e-35
1946 6.96266e-35
1947 5.7941e-35
1948 4.82053e-35
1949 4.00963e-35
1950 3.33439e-35
1951 2.77224e-35
1952 2.30432e-35
1953 1.91494e-35
1954 1.59099e-35
1955 1.32155e-35
1956 1.09749e-35
1957 9.11199e-36
1958 7.56363e-36
1959 6.27696e-36
1960 5.20796e-36
1961 4.32e-36
1962 3.58263e-36
1963 2.97044e-36
1964 2.46231e-36
1965 2.04062e-36
1966 1.69076e-36
1967 1.40056e-36
1968 1.15991e-36
1969 9.6039e-37
1970 7.95003e-37
1971 6.57947e-37
1972 5.44398e-37
1973 4.5034e-37
1974 3.72447e-37
1975 3.07956e-37
1976 2.54575e-37
1977 2.10398e-37
1978 1.73847e-37
1979 1.43613e-37
1980 1.1861e-37
1981 9.79374e-38
1982 8.0849e-38
1983 6.67273e-38
1984 5.50596e-38
1985 4.54215e-38
1986 3.74621e-38
1987 3.08902e-38
1988 2.54655e-38
1989 2.09885e-38
1990 1.72947e-38
1991 1.42476e-38
1992 1.17348e-38
1993 9.66285e-39
1994 7.95493e-39
1995 6.54739e-39
1996 5.38766e-39
1997 4.43232e-39
1998 3.64554e-39
1999 2.99774e-39
2000 2.46448e-39
2001 2.02561e-39
2002 1.66451e-39
2003 1.36747e-39
2004 1.12317e-39
2005 9.22301e-40
2006 7.5718e-40
2007 6.21479e-40
2008 5.09977e-40
2009 4.1838e-40
2010 3.43155e-40
2011 2.81389e-40
2012 2.30686e-40
2013 1.89073e-40
2014 1.54928e-40
2015 1.26919e-40
2016 1.03948e-40
2017 8.51129e-41
2018 6.96722e-41
2019 5.70179e-41
2020 4.66496e-41
2021 3.81559e-41
2022 3.11993e-41
2023 2.55034e-41
2024 2.08409e-41
2025 1.70248e-41
2026 1.39022e-41
2027 1.13481e-41
2028 9.25916e-42
2029 7.5511e-42
2030 6.1548e-42
2031 5.01371e-42
2032 4.08141e-42
2033 3.31984e-42
2034 2.69792e-42
2035 2.19021e-42
2036 1.77587e-42
2037 1.43785e-42
2038 1.1622e-42
2039 9.37525e-43
2040 7.54541e-43
2041 6.05648e-43
2042 4.84635e-43
2043 3.86457e-43
2044 3.07014e-43
2045 2.4297e-43
2046 1.91629e-43
2047 1.50827e-43
