0 1.07948e-63
1 5.91793e-64
2 8.48665e-64
3 1.86528e-63
4 3.71638e-63
5 6.5417e-63
6 1.05564e-62
7 1.6067e-62
8 2.34948e-62
9 3.34067e-62
10 4.65586e-62
11 6.39507e-62
12 8.69029e-62
13 1.17152e-61
14 1.5698e-61
15 2.09383e-61
16 2.78289e-61
17 3.68848e-61
18 4.87803e-61
19 6.43986e-61
20 8.48948e-61
21 1.1178e-60
22 1.47029e-60
23 1.93221e-60
24 2.53727e-60
25 3.32944e-60
26 4.3661e-60
27 5.72206e-60
28 7.49484e-60
29 9.81147e-60
30 1.28374e-59
31 1.67878e-59
32 2.1943e-59
33 2.8667e-59
34 3.74331e-59
35 4.88565e-59
36 6.37355e-59
37 8.31065e-59
38 1.08314e-58
39 1.41102e-58
40 1.8373e-58
41 2.39125e-58
42 3.1108e-58
43 4.04501e-58
44 5.25739e-58
45 6.83006e-58
46 8.86918e-58
47 1.15119e-57
48 1.49354e-57
49 1.93684e-57
50 2.51061e-57
51 3.25293e-57
52 4.21288e-57
53 5.45375e-57
54 7.05705e-57
55 9.12778e-57
56 1.18011e-56
57 1.52508e-56
58 1.97007e-56
59 2.54383e-56
60 3.28333e-56
61 4.23606e-56
62 5.46299e-56
63 7.04243e-56
64 9.07485e-56
65 1.16891e-55
66 1.50506e-55
67 1.9371e-55
68 2.49219e-55
69 3.20511e-55
70 4.12039e-55
71 5.29502e-55
72 6.80197e-55
73 8.73452e-55
74 1.1212e-54
75 1.4387e-54
76 1.84544e-54
77 2.36632e-54
78 3.03315e-54
79 3.88653e-54
80 4.97829e-54
81 6.37456e-54
82 8.15969e-54
83 1.04412e-53
84 1.33563e-53
85 1.70798e-53
86 2.18341e-53
87 2.79031e-53
88 3.56478e-53
89 4.5528e-53
90 5.81288e-53
91 7.41948e-53
92 9.4673e-53
93 1.20768e-52
94 1.5401e-52
95 1.96347e-52
96 2.50251e-52
97 3.18864e-52
98 4.06178e-52
99 5.17259e-52
100 6.58541e-52
101 8.3819e-52
102 1.06657e-51
103 1.35681e-51
104 1.7256e-51
105 2.19408e-51
106 2.78903e-51
107 3.54443e-51
108 4.50331e-51
109 5.7202e-51
110 7.26416e-51
111 9.22263e-51
112 1.17063e-50
113 1.48554e-50
114 1.8847e-50
115 2.39057e-50
116 3.0315e-50
117 3.84338e-50
118 4.87156e-50
119 6.17337e-50
120 7.82125e-50
121 9.90672e-50
122 1.25454e-49
123 1.58831e-49
124 2.01043e-49
125 2.54414e-49
126 3.21879e-49
127 4.07138e-49
128 5.14862e-49
129 6.50935e-49
130 8.22776e-49
131 1.03974e-48
132 1.31359e-48
133 1.65918e-48
134 2.09519e-48
135 2.64512e-48
136 3.33858e-48
137 4.2128e-48
138 5.31461e-48
139 6.7029e-48
140 8.45171e-48
141 1.06541e-47
142 1.34268e-47
143 1.69169e-47
144 2.13085e-47
145 2.6833e-47
146 3.37808e-47
147 4.25162e-47
148 5.3496e-47
149 6.72929e-47
150 8.46246e-47
151 1.06391e-46
152 1.33718e-46
153 1.68016e-46
154 2.11052e-46
155 2.65036e-46
156 3.32731e-46
157 4.17595e-46
158 5.23951e-46
159 6.57202e-46
160 8.24096e-46
161 1.03307e-45
162 1.29464e-45
163 1.62195e-45
164 2.03141e-45
165 2.54346e-45
166 3.18361e-45
167 3.98367e-45
168 4.98328e-45
169 6.2318e-45
170 7.79073e-45
171 9.73667e-45
172 1.21649e-44
173 1.51941e-44
174 1.89717e-44
175 2.36813e-44
176 2.9551e-44
177 3.68643e-44
178 4.59733e-44
179 5.73158e-44
180 7.14349e-44
181 8.90052e-44
182 1.10864e-43
183 1.38049e-43
184 1.71848e-43
185 2.13859e-43
186 2.66062e-43
187 3.3091e-43
188 4.11443e-43
189 5.11426e-43
190 6.35521e-43
191 7.89501e-43
192 9.80508e-43
193 1.21738e-42
194 1.51105e-42
195 1.87505e-42
196 2.32607e-42
197 2.8848e-42
198 3.57677e-42
199 4.43351e-42
200 5.494e-42
201 6.80635e-42
202 8.42997e-42
203 1.04382e-41
204 1.29214e-41
205 1.59913e-41
206 1.97856e-41
207 2.44739e-41
208 3.02657e-41
209 3.74187e-41
210 4.6251e-41
211 5.7154e-41
212 7.06102e-41
213 8.72135e-41
214 1.07695e-40
215 1.32955e-40
216 1.64101e-40
217 2.02496e-40
218 2.49815e-40
219 3.0812e-40
220 3.79944e-40
221 4.68403e-40
222 5.77324e-40
223 7.11408e-40
224 8.76432e-40
225 1.07949e-39
226 1.32928e-39
227 1.6365e-39
228 2.01426e-39
229 2.47864e-39
230 3.04938e-39
231 3.75067e-39
232 4.61217e-39
233 5.67021e-39
234 6.96933e-39
235 8.56407e-39
236 1.05212e-38
237 1.29226e-38
238 1.58681e-38
239 1.94804e-38
240 2.39092e-38
241 2.93376e-38
242 3.59895e-38
243 4.41388e-38
244 5.41196e-38
245 6.63407e-38
246 8.13006e-38
247 9.96084e-38
248 1.22007e-37
249 1.49404e-37
250 1.82904e-37
251 2.23857e-37
252 2.73906e-37
253 3.35055e-37
254 4.09744e-37
255 5.00945e-37
256 6.12278e-37
257 7.48147e-37
258 9.13914e-37
259 1.1161e-36
260 1.36262e-36
261 1.66314e-36
262 2.02935e-36
263 2.47549e-36
264 3.01886e-36
265 3.68043e-36
266 4.4857e-36
267 5.46558e-36
268 6.65759e-36
269 8.10722e-36
270 9.86964e-36
271 1.20117e-35
272 1.46144e-35
273 1.7776e-35
274 2.16152e-35
275 2.6276e-35
276 3.19325e-35
277 3.87956e-35
278 4.71202e-35
279 5.72146e-35
280 6.94516e-35
281 8.42819e-35
282 1.0225e-34
283 1.24014e-34
284 1.50368e-34
285 1.82271e-34
286 2.20882e-34
287 2.67598e-34
288 3.24106e-34
289 3.9244e-34
290 4.75052e-34
291 5.74901e-34
292 6.95551e-34
293 8.41298e-34
294 1.01732e-33
295 1.22985e-33
296 1.48639e-33
297 1.79599e-33
298 2.16952e-33
299 2.62007e-33
300 3.16341e-33
301 3.81847e-33
302 4.60805e-33
303 5.55953e-33
304 6.70584e-33
305 8.08657e-33
306 9.74925e-33
307 1.1751e-32
308 1.41604e-32
309 1.70598e-32
310 2.05481e-32
311 2.47438e-32
312 2.97894e-32
313 3.58556e-32
314 4.31471e-32
315 5.19094e-32
316 6.24368e-32
317 7.5082e-32
318 9.02675e-32
319 1.08499e-31
320 1.30384e-31
321 1.56646e-31
322 1.88154e-31
323 2.25949e-31
324 2.71271e-31
325 3.25609e-31
326 3.9074e-31
327 4.68788e-31
328 5.62293e-31
329 6.74288e-31
330 8.08395e-31
331 9.68939e-31
332 1.16109e-30
333 1.39099e-30
334 1.66601e-30
335 1.99491e-30
336 2.38814e-30
337 2.85815e-30
338 3.41979e-30
339 4.09074e-30
340 4.89206e-30
341 5.8488e-30
342 6.99081e-30
343 8.35357e-30
344 9.9793e-30
345 1.19182e-29
346 1.42299e-29
347 1.69853e-29
348 2.02686e-29
349 2.41798e-29
350 2.88377e-29
351 3.43831e-29
352 4.09832e-29
353 4.88362e-29
354 5.81773e-29
355 6.9285e-29
356 8.24896e-29
357 9.81822e-29
358 1.16826e-28
359 1.38969e-28
360 1.65261e-28
361 1.96469e-28
362 2.33502e-28
363 2.77433e-28
364 3.29532e-28
365 3.913e-28
366 4.64509e-28
367 5.51253e-28
368 6.54004e-28
369 7.7568e-28
370 9.19726e-28
371 1.0902e-27
372 1.29191e-27
373 1.53049e-27
374 1.81262e-27
375 2.14613e-27
376 2.5403e-27
377 3.00601e-27
378 3.55611e-27
379 4.2057e-27
380 4.9726e-27
381 5.87772e-27
382 6.94573e-27
383 8.20559e-27
384 9.69139e-27
385 1.14432e-26
386 1.35082e-26
387 1.59416e-26
388 1.88086e-26
389 2.21856e-26
390 2.61624e-26
391 3.08443e-26
392 3.6355e-26
393 4.28399e-26
394 5.04692e-26
395 5.9443e-26
396 6.99957e-26
397 8.24024e-26
398 9.69853e-26
399 1.14122e-25
400 1.34256e-25
401 1.57906e-25
402 1.8568e-25
403 2.18288e-25
404 2.56565e-25
405 3.01486e-25
406 3.54191e-25
407 4.16016e-25
408 4.88523e-25
409 5.73538e-25
410 6.73194e-25
411 7.89989e-25
412 9.26835e-25
413 1.08714e-24
414 1.27488e-24
415 1.49469e-24
416 1.752e-24
417 2.05312e-24
418 2.40543e-24
419 2.81754e-24
420 3.29945e-24
421 3.86286e-24
422 4.52137e-24
423 5.29083e-24
424 6.18971e-24
425 7.23947e-24
426 8.46512e-24
427 9.89573e-24
428 1.15651e-23
429 1.35125e-23
430 1.57836e-23
431 1.84315e-23
432 2.15178e-23
433 2.51138e-23
434 2.93027e-23
435 3.41807e-23
436 3.98593e-23
437 4.64679e-23
438 5.41565e-23
439 6.30987e-23
440 7.34957e-23
441 8.55803e-23
442 9.96219e-23
443 1.15932e-22
444 1.34871e-22
445 1.56856e-22
446 1.82369e-22
447 2.11965e-22
448 2.46286e-22
449 2.86075e-22
450 3.32188e-22
451 3.85611e-22
452 4.47485e-22
453 5.19121e-22
454 6.02034e-22
455 6.97967e-22
456 8.0893e-22
457 9.37236e-22
458 1.08555e-21
459 1.25693e-21
460 1.45492e-21
461 1.68356e-21
462 1.94752e-21
463 2.25217e-21
464 2.60367e-21
465 3.00911e-21
466 3.47662e-21
467 4.01555e-21
468 4.63663e-21
469 5.35218e-21
470 6.17635e-21
471 7.12536e-21
472 8.21783e-21
473 9.47509e-21
474 1.09216e-20
475 1.25855e-20
476 1.4499e-20
477 1.66988e-20
478 1.92273e-20
479 2.21328e-20
480 2.54708e-20
481 2.93047e-20
482 3.37073e-20
483 3.87617e-20
484 4.45632e-20
485 5.12207e-20
486 5.88588e-20
487 6.76201e-20
488 7.76678e-20
489 8.91881e-20
490 1.02394e-19
491 1.1753e-19
492 1.34873e-19
493 1.54743e-19
494 1.77501e-19
495 2.03563e-19
496 2.33402e-19
497 2.67559e-19
498 3.0665e-19
499 3.5138e-19
500 4.02551e-19
501 4.61077e-19
502 5.28003e-19
503 6.04518e-19
504 6.91975e-19
505 7.91918e-19
506 9.06104e-19
507 1.03653e-18
508 1.18548e-18
509 1.35553e-18
510 1.54964e-18
511 1.77114e-18
512 2.02385e-18
513 2.31208e-18
514 2.64073e-18
515 3.01539e-18
516 3.44236e-18
517 3.92883e-18
518 4.48291e-18
519 5.11381e-18
520 5.83199e-18
521 6.64925e-18
522 7.57898e-18
523 8.63632e-18
524 9.8384e-18
525 1.12046e-17
526 1.27567e-17
527 1.45195e-17
528 1.65209e-17
529 1.87924e-17
530 2.13694e-17
531 2.42921e-17
532 2.76055e-17
533 3.13606e-17
534 3.56145e-17
535 4.04317e-17
536 4.58847e-17
537 5.2055e-17
538 5.90342e-17
539 6.69252e-17
540 7.58437e-17
541 8.59195e-17
542 9.7298e-17
543 1.10143e-16
544 1.24637e-16
545 1.40985e-16
546 1.59417e-16
547 1.80191e-16
548 2.03595e-16
549 2.2995e-16
550 2.59619e-16
551 2.93002e-16
552 3.30552e-16
553 3.72772e-16
554 4.20224e-16
555 4.73536e-16
556 5.3341e-16
557 6.00627e-16
558 6.76062e-16
559 7.60687e-16
560 8.55589e-16
561 9.6198e-16
562 1.08121e-15
563 1.21478e-15
564 1.36437e-15
565 1.53185e-15
566 1.71929e-15
567 1.92903e-15
568 2.16362e-15
569 2.42596e-15
570 2.71925e-15
571 3.04703e-15
572 3.41329e-15
573 3.82243e-15
574 4.27938e-15
575 4.7896e-15
576 5.35918e-15
577 5.99489e-15
578 6.70428e-15
579 7.49574e-15
580 8.3786e-15
581 9.36327e-15
582 1.04613e-14
583 1.16856e-14
584 1.30504e-14
585 1.45716e-14
586 1.62671e-14
587 1.81565e-14
588 2.02617e-14
589 2.26072e-14
590 2.522e-14
591 2.81304e-14
592 3.13719e-14
593 3.49819e-14
594 3.90017e-14
595 4.34775e-14
596 4.84606e-14
597 5.40079e-14
598 6.01827e-14
599 6.70551e-14
600 7.47033e-14
601 8.32137e-14
602 9.26826e-14
603 1.03217e-13
604 1.14934e-13
605 1.27965e-13
606 1.42456e-13
607 1.58568e-13
608 1.76479e-13
609 1.96386e-13
610 2.18507e-13
611 2.43084e-13
612 2.70384e-13
613 3.00701e-13
614 3.3436e-13
615 3.71721e-13
616 4.13181e-13
617 4.59174e-13
618 5.10183e-13
619 5.66736e-13
620 6.29416e-13
621 6.98863e-13
622 7.7578e-13
623 8.60939e-13
624 9.55187e-13
625 1.05945e-12
626 1.17475e-12
627 1.3022e-12
628 1.44302e-12
629 1.59853e-12
630 1.77019e-12
631 1.95959e-12
632 2.16845e-12
633 2.39865e-12
634 2.65225e-12
635 2.93147e-12
636 3.23873e-12
637 3.57667e-12
638 3.94811e-12
639 4.35616e-12
640 4.80416e-12
641 5.29571e-12
642 5.83471e-12
643 6.4254e-12
644 7.0723e-12
645 7.78031e-12
646 8.5547e-12
647 9.40115e-12
648 1.03257e-11
649 1.1335e-11
650 1.24359e-11
651 1.36361e-11
652 1.49434e-11
653 1.63666e-11
654 1.79148e-11
655 1.95977e-11
656 2.1426e-11
657 2.34106e-11
658 2.55635e-11
659 2.78973e-11
660 3.04254e-11
661 3.3162e-11
662 3.61223e-11
663 3.93223e-11
664 4.2779e-11
665 4.65105e-11
666 5.05359e-11
667 5.48754e-11
668 5.95504e-11
669 6.45835e-11
670 6.99987e-11
671 7.58214e-11
672 8.20784e-11
673 8.87981e-11
674 9.60105e-11
675 1.03748e-10
676 1.12043e-10
677 1.20932e-10
678 1.30454e-10
679 1.40647e-10
680 1.51556e-10
681 1.63226e-10
682 1.75705e-10
683 1.89046e-10
684 2.03305e-10
685 2.1854e-10
686 2.34816e-10
687 2.52202e-10
688 2.70771e-10
689 2.90605e-10
690 3.1179e-10
691 3.34419e-10
692 3.58594e-10
693 3.84428e-10
694 4.1204e-10
695 4.41563e-10
696 4.73142e-10
697 5.06935e-10
698 5.43115e-10
699 5.81873e-10
700 6.23419e-10
701 6.67984e-10
702 7.1582e-10
703 7.67209e-10
704 8.22458e-10
705 8.81907e-10
706 9.4593e-10
707 1.01494e-09
708 1.0894e-09
709 1.1698e-09
710 1.25671e-09
711 1.35073e-09
712 1.45253e-09
713 1.56286e-09
714 1.68254e-09
715 1.81245e-09
716 1.95358e-09
717 2.10701e-09
718 2.27394e-09
719 2.45565e-09
720 2.65358e-09
721 2.86927e-09
722 3.10442e-09
723 3.3609e-09
724 3.64072e-09
725 3.94609e-09
726 4.2794e-09
727 4.64326e-09
728 5.04048e-09
729 5.47414e-09
730 5.94754e-09
731 6.46426e-09
732 7.02818e-09
733 7.64346e-09
734 8.31459e-09
735 9.04641e-09
736 9.8441e-09
737 1.07132e-08
738 1.16597e-08
739 1.269e-08
740 1.38109e-08
741 1.50295e-08
742 1.63538e-08
743 1.77918e-08
744 1.93523e-08
745 2.10445e-08
746 2.28783e-08
747 2.4864e-08
748 2.70125e-08
749 2.93353e-08
750 3.18444e-08
751 3.45527e-08
752 3.74733e-08
753 4.06202e-08
754 4.40078e-08
755 4.76514e-08
756 5.15667e-08
757 5.577e-08
758 6.02782e-08
759 6.51087e-08
760 7.02797e-08
761 7.58097e-08
762 8.17176e-08
763 8.80229e-08
764 9.47456e-08
765 1.01906e-07
766 1.09524e-07
767 1.17621e-07
768 1.26218e-07
769 1.35335e-07
770 1.44994e-07
771 1.55216e-07
772 1.66021e-07
773 1.77429e-07
774 1.89461e-07
775 2.02136e-07
776 2.15473e-07
777 2.2949e-07
778 2.44203e-07
779 2.59629e-07
780 2.75783e-07
781 2.92676e-07
782 3.10322e-07
783 3.28729e-07
784 3.47906e-07
785 3.67858e-07
786 3.88588e-07
787 4.10099e-07
788 4.32387e-07
789 4.55449e-07
790 4.79277e-07
791 5.03861e-07
792 5.29185e-07
793 5.55234e-07
794 5.81987e-07
795 6.09418e-07
796 6.37499e-07
797 6.662e-07
798 6.95484e-07
799 7.25312e-07
800 7.5564e-07
801 7.86423e-07
802 8.17611e-07
803 8.4915e-07
804 8.80984e-07
805 9.13054e-07
806 9.453e-07
807 9.77659e-07
808 1.01007e-06
809 1.04246e-06
810 1.07477e-06
811 1.10694e-06
812 1.13891e-06
813 1.17061e-06
814 1.202e-06
815 1.23302e-06
816 1.26364e-06
817 1.29382e-06
818 1.32354e-06
819 1.35279e-06
820 1.38157e-06
821 1.40992e-06
822 1.43786e-06
823 1.46547e-06
824 1.49282e-06
825 1.52005e-06
826 1.54729e-06
827 1.57473e-06
828 1.60259e-06
829 1.63115e-06
830 1.6607e-06
831 1.69163e-06
832 1.72434e-06
833 1.75933e-06
834 1.79715e-06
835 1.83843e-06
836 1.88388e-06
837 1.93428e-06
838 1.99052e-06
839 2.0536e-06
840 2.12459e-06
841 2.20473e-06
842 2.29533e-06
843 2.39786e-06
844 2.51393e-06
845 2.64529e-06
846 2.79385e-06
847 2.96171e-06
848 3.15111e-06
849 3.36452e-06
850 3.60459e-06
851 3.87417e-06
852 4.17635e-06
853 4.51446e-06
854 4.89207e-06
855 5.31299e-06
856 5.78134e-06
857 6.30148e-06
858 6.87812e-06
859 7.51623e-06
860 8.22114e-06
861 8.99852e-06
862 9.85437e-06
863 1.07951e-05
864 1.18274e-05
865 1.29585e-05
866 1.4196e-05
867 1.55479e-05
868 1.70226e-05
869 1.86291e-05
870 2.03767e-05
871 2.22753e-05
872 2.43353e-05
873 2.65677e-05
874 2.89838e-05
875 3.15957e-05
876 3.4416e-05
877 3.74578e-05
878 4.0735e-05
879 4.42618e-05
880 4.80534e-05
881 5.21254e-05
882 5.64942e-05
883 6.11768e-05
884 6.61909e-05
885 7.15549e-05
886 7.72881e-05
887 8.34103e-05
888 8.99422e-05
889 9.69052e-05
890 0.000104322
891 0.000112214
892 0.000120607
893 0.000129524
894 0.000138992
895 0.000149037
896 0.000159684
897 0.000170964
898 0.000182904
899 0.000195535
900 0.000208886
901 0.00022299
902 0.000237879
903 0.000253586
904 0.000270146
905 0.000287593
906 0.000305964
907 0.000325296
908 0.000345627
909 0.000366995
910 0.00038944
911 0.000413003
912 0.000437725
913 0.00046365
914 0.000490819
915 0.000519278
916 0.000549072
917 0.000580246
918 0.000612848
919 0.000646925
920 0.000682525
921 0.000719698
922 0.000758495
923 0.000798965
924 0.000841161
925 0.000885135
926 0.00093094
927 0.000978629
928 0.00102826
929 0.00107988
930 0.00113355
931 0.00118933
932 0.00124727
933 0.00130742
934 0.00136986
935 0.00143462
936 0.00150178
937 0.00157139
938 0.00164351
939 0.00171819
940 0.0017955
941 0.00187549
942 0.00195823
943 0.00204376
944 0.00213216
945 0.00222347
946 0.00231775
947 0.00241507
948 0.00251548
949 0.00261903
950 0.00272578
951 0.00283578
952 0.00294909
953 0.00306576
954 0.00318584
955 0.00330939
956 0.00343644
957 0.00356705
958 0.00370127
959 0.00383913
960 0.00398069
961 0.00412597
962 0.00427503
963 0.00442789
964 0.0045846
965 0.00474518
966 0.00490966
967 0.00507807
968 0.00525044
969 0.00542678
970 0.00560712
971 0.00579147
972 0.00597983
973 0.00617223
974 0.00636866
975 0.00656913
976 0.00677363
977 0.00698216
978 0.00719471
979 0.00741126
980 0.0076318
981 0.0078563
982 0.00808474
983 0.00831707
984 0.00855328
985 0.00879331
986 0.00903712
987 0.00928466
988 0.00953588
989 0.0097907
990 0.0100491
991 0.0103109
992 0.0105762
993 0.0108447
994 0.0111165
995 0.0113914
996 0.0116694
997 0.0119503
998 0.012234
999 0.0125204
1000 0.0128094
1001 0.0131009
1002 0.0133947
1003 0.0136907
1004 0.0139888
1005 0.0142888
1006 0.0145905
1007 0.0148939
1008 0.0151986
1009 0.0155047
1010 0.0158118
1011 0.0161199
1012 0.0164287
1013 0.016738
1014 0.0170478
1015 0.0173577
1016 0.0176675
1017 0.0179772
1018 0.0182864
1019 0.0185949
1020 0.0189027
1021 0.0192093
1022 0.0195147
1023 0.0198185
1024 0.0201206
1025 0.0204208
1026 0.0207188
1027 0.0210144
1028 0.0213074
1029 0.0215975
1030 0.0218845
1031 0.0221682
1032 0.0224483
1033 0.0227247
1034 0.022997
1035 0.0232651
1036 0.0235288
1037 0.0237878
1038 0.0240418
1039 0.0242907
1040 0.0245343
1041 0.0247723
1042 0.0250046
1043 0.0252308
1044 0.0254509
1045 0.0256646
1046 0.0258717
1047 0.026072
1048 0.0262653
1049 0.0264515
1050 0.0266304
1051 0.0268018
1052 0.0269656
1053 0.0271215
1054 0.0272695
1055 0.0274094
1056 0.0275411
1057 0.0276644
1058 0.0277792
1059 0.0278854
1060 0.0279829
1061 0.0280716
1062 0.0281515
1063 0.0282223
1064 0.0282841
1065 0.0283369
1066 0.0283804
1067 0.0284148
1068 0.02844
1069 0.0284559
1070 0.0284625
1071 0.0284598
1072 0.0284478
1073 0.0284266
1074 0.0283961
1075 0.0283564
1076 0.0283075
1077 0.0282494
1078 0.0281823
1079 0.0281061
1080 0.028021
1081 0.027927
1082 0.0278243
1083 0.0277128
1084 0.0275928
1085 0.0274644
1086 0.0273276
1087 0.0271826
1088 0.0270295
1089 0.0268686
1090 0.0266998
1091 0.0265234
1092 0.0263396
1093 0.0261486
1094 0.0259504
1095 0.0257453
1096 0.0255335
1097 0.0253152
1098 0.0250905
1099 0.0248597
1100 0.024623
1101 0.0243805
1102 0.0241326
1103 0.0238794
1104 0.0236211
1105 0.023358
1106 0.0230903
1107 0.0228182
1108 0.0225419
1109 0.0222618
1110 0.0219779
1111 0.0216906
1112 0.0214
1113 0.0211065
1114 0.0208102
1115 0.0205113
1116 0.0202102
1117 0.019907
1118 0.019602
1119 0.0192953
1120 0.0189873
1121 0.0186781
1122 0.0183679
1123 0.018057
1124 0.0177456
1125 0.0174339
1126 0.0171221
1127 0.0168104
1128 0.016499
1129 0.0161881
1130 0.0158779
1131 0.0155686
1132 0.0152604
1133 0.0149534
1134 0.0146478
1135 0.0143438
1136 0.0140415
1137 0.0137412
1138 0.0134429
1139 0.0131468
1140 0.0128531
1141 0.0125619
1142 0.0122733
1143 0.0119874
1144 0.0117044
1145 0.0114244
1146 0.0111475
1147 0.0108737
1148 0.0106033
1149 0.0103362
1150 0.0100726
1151 0.00981256
1152 0.00955614
1153 0.0093034
1154 0.00905443
1155 0.00880927
1156 0.00856798
1157 0.00833061
1158 0.0080972
1159 0.00786779
1160 0.00764241
1161 0.0074211
1162 0.00720387
1163 0.00699075
1164 0.00678175
1165 0.00657687
1166 0.00637613
1167 0.00617953
1168 0.00598706
1169 0.00579872
1170 0.0056145
1171 0.00543438
1172 0.00525835
1173 0.00508639
1174 0.00491847
1175 0.00475456
1176 0.00459464
1177 0.00443867
1178 0.00428663
1179 0.00413846
1180 0.00399413
1181 0.0038536
1182 0.00371682
1183 0.00358375
1184 0.00345433
1185 0.00332853
1186 0.00320627
1187 0.00308752
1188 0.00297221
1189 0.0028603
1190 0.00275172
1191 0.00264641
1192 0.00254433
1193 0.00244539
1194 0.00234956
1195 0.00225676
1196 0.00216693
1197 0.00208001
1198 0.00199594
1199 0.00191466
1200 0.00183611
1201 0.00176021
1202 0.00168692
1203 0.00161616
1204 0.00154788
1205 0.00148201
1206 0.00141849
1207 0.00135727
1208 0.00129827
1209 0.00124144
1210 0.00118673
1211 0.00113406
1212 0.00108339
1213 0.00103465
1214 0.000987795
1215 0.000942761
1216 0.000899495
1217 0.000857942
1218 0.000818051
1219 0.000779767
1220 0.00074304
1221 0.000707818
1222 0.000674054
1223 0.000641697
1224 0.000610701
1225 0.000581018
1226 0.000552604
1227 0.000525414
1228 0.000499404
1229 0.000474533
1230 0.000450758
1231 0.000428039
1232 0.000406338
1233 0.000385616
1234 0.000365836
1235 0.000346962
1236 0.000328958
1237 0.000311791
1238 0.000295427
1239 0.000279834
1240 0.000264982
1241 0.000250839
1242 0.000237377
1243 0.000224567
1244 0.000212382
1245 0.000200796
1246 0.000189783
1247 0.000179318
1248 0.000169377
1249 0.000159938
1250 0.000150978
1251 0.000142475
1252 0.00013441
1253 0.000126762
1254 0.000119512
1255 0.000112642
1256 0.000106134
1257 9.99715e-05
1258 9.41375e-05
1259 8.86166e-05
1260 8.33938e-05
1261 7.84546e-05
1262 7.37853e-05
1263 6.93726e-05
1264 6.52037e-05
1265 6.12666e-05
1266 5.75495e-05
1267 5.40415e-05
1268 5.07317e-05
1269 4.76101e-05
1270 4.46669e-05
1271 4.18929e-05
1272 3.92792e-05
1273 3.68174e-05
1274 3.44993e-05
1275 3.23174e-05
1276 3.02643e-05
1277 2.8333e-05
1278 2.65169e-05
1279 2.48097e-05
1280 2.32054e-05
1281 2.16983e-05
1282 2.02829e-05
1283 1.89542e-05
1284 1.77071e-05
1285 1.65371e-05
1286 1.54398e-05
1287 1.44109e-05
1288 1.34466e-05
1289 1.25431e-05
1290 1.16967e-05
1291 1.09042e-05
1292 1.01623e-05
1293 9.46811e-06
1294 8.81868e-06
1295 8.21134e-06
1296 7.64355e-06
1297 7.1129e-06
1298 6.61712e-06
1299 6.15407e-06
1300 5.72171e-06
1301 5.31815e-06
1302 4.94159e-06
1303 4.59033e-06
1304 4.26277e-06
1305 3.95741e-06
1306 3.67284e-06
1307 3.40773e-06
1308 3.16081e-06
1309 2.93093e-06
1310 2.71695e-06
1311 2.51786e-06
1312 2.33267e-06
1313 2.16046e-06
1314 2.00037e-06
1315 1.85161e-06
1316 1.7134e-06
1317 1.58504e-06
1318 1.46586e-06
1319 1.35525e-06
1320 1.25262e-06
1321 1.15742e-06
1322 1.06914e-06
1323 9.87302e-07
1324 9.11463e-07
1325 8.41202e-07
1326 7.7613e-07
1327 7.15882e-07
1328 6.60118e-07
1329 6.08519e-07
1330 5.60789e-07
1331 5.16652e-07
1332 4.75849e-07
1333 4.3814e-07
1334 4.03302e-07
1335 3.71125e-07
1336 3.41416e-07
1337 3.13993e-07
1338 2.88688e-07
1339 2.65346e-07
1340 2.43819e-07
1341 2.23973e-07
1342 2.05683e-07
1343 1.88831e-07
1344 1.73309e-07
1345 1.59016e-07
1346 1.4586e-07
1347 1.33753e-07
1348 1.22615e-07
1349 1.12372e-07
1350 1.02955e-07
1351 9.4299e-08
1352 8.63458e-08
1353 7.90403e-08
1354 7.23318e-08
1355 6.61734e-08
1356 6.05216e-08
1357 5.53365e-08
1358 5.05808e-08
1359 4.62204e-08
1360 4.22235e-08
1361 3.85611e-08
1362 3.5206e-08
1363 3.21335e-08
1364 2.93207e-08
1365 2.67462e-08
1366 2.43908e-08
1367 2.22362e-08
1368 2.02661e-08
1369 1.84652e-08
1370 1.68195e-08
1371 1.53159e-08
1372 1.39428e-08
1373 1.2689e-08
1374 1.15447e-08
1375 1.05005e-08
1376 9.54795e-09
1377 8.67932e-09
1378 7.88743e-09
1379 7.16572e-09
1380 6.50816e-09
1381 5.90924e-09
1382 5.36388e-09
1383 4.86745e-09
1384 4.41569e-09
1385 4.00471e-09
1386 3.63093e-09
1387 3.29109e-09
1388 2.9822e-09
1389 2.70153e-09
1390 2.44657e-09
1391 2.21503e-09
1392 2.00484e-09
1393 1.81407e-09
1394 1.64098e-09
1395 1.48398e-09
1396 1.34163e-09
1397 1.21258e-09
1398 1.09563e-09
1399 9.8968e-10
1400 8.93722e-10
1401 8.06838e-10
1402 7.28194e-10
1403 6.5703e-10
1404 5.92652e-10
1405 5.34431e-10
1406 4.81793e-10
1407 4.34218e-10
1408 3.9123e-10
1409 3.52398e-10
1410 3.17332e-10
1411 2.85675e-10
1412 2.57103e-10
1413 2.31325e-10
1414 2.08072e-10
1415 1.87105e-10
1416 1.68204e-10
1417 1.5117e-10
1418 1.35823e-10
1419 1.22e-10
1420 1.09553e-10
1421 9.83489e-11
1422 8.82662e-11
1423 7.91951e-11
1424 7.10366e-11
1425 6.3701e-11
1426 5.7107e-11
1427 5.11815e-11
1428 4.58582e-11
1429 4.10772e-11
1430 3.67845e-11
1431 3.29314e-11
1432 2.94737e-11
1433 2.63719e-11
1434 2.359e-11
1435 2.10957e-11
1436 1.886e-11
1437 1.68567e-11
1438 1.5062e-11
1439 1.34547e-11
1440 1.20156e-11
1441 1.07275e-11
1442 9.57487e-12
1443 8.54375e-12
1444 7.62159e-12
1445 6.79711e-12
1446 6.06017e-12
1447 5.40164e-12
1448 4.81337e-12
1449 4.28799e-12
1450 3.81891e-12
1451 3.40022e-12
1452 3.02661e-12
1453 2.69331e-12
1454 2.39607e-12
1455 2.13105e-12
1456 1.89482e-12
1457 1.68432e-12
1458 1.4968e-12
1459 1.3298e-12
1460 1.1811e-12
1461 1.04875e-12
1462 9.30971e-13
1463 8.26196e-13
1464 7.33013e-13
1465 6.50162e-13
1466 5.76519e-13
1467 5.11077e-13
1468 4.52941e-13
1469 4.01308e-13
1470 3.55464e-13
1471 3.14771e-13
1472 2.78661e-13
1473 2.46626e-13
1474 2.18214e-13
1475 1.93023e-13
1476 1.70693e-13
1477 1.50905e-13
1478 1.33375e-13
1479 1.17849e-13
1480 1.04102e-13
1481 9.19337e-14
1482 8.11654e-14
1483 7.16389e-14
1484 6.32133e-14
1485 5.57635e-14
1486 4.91782e-14
1487 4.33588e-14
1488 3.82176e-14
1489 3.36769e-14
1490 2.96676e-14
1491 2.61284e-14
1492 2.30053e-14
1493 2.02499e-14
1494 1.78197e-14
1495 1.56769e-14
1496 1.3788e-14
1497 1.21234e-14
1498 1.06569e-14
1499 9.36528e-15
1500 8.22796e-15
1501 7.22679e-15
1502 6.34573e-15
1503 5.57058e-15
1504 4.8888e-15
1505 4.2893e-15
1506 3.76231e-15
1507 3.29917e-15
1508 2.89227e-15
1509 2.53487e-15
1510 2.22104e-15
1511 1.94554e-15
1512 1.70376e-15
1513 1.49162e-15
1514 1.30555e-15
1515 1.14239e-15
1516 9.99346e-16
1517 8.73983e-16
1518 7.64143e-16
1519 6.6793e-16
1520 5.83675e-16
1521 5.09913e-16
1522 4.45355e-16
1523 3.88867e-16
1524 3.39454e-16
1525 2.96241e-16
1526 2.58461e-16
1527 2.2544e-16
1528 1.96586e-16
1529 1.71379e-16
1530 1.49365e-16
1531 1.30145e-16
1532 1.13368e-16
1533 9.87278e-17
1534 8.59557e-17
1535 7.48162e-17
1536 6.51033e-17
1537 5.66365e-17
1538 4.92579e-17
1539 4.28294e-17
1540 3.72301e-17
1541 3.23543e-17
1542 2.81098e-17
1543 2.44157e-17
1544 2.12015e-17
1545 1.84057e-17
1546 1.59743e-17
1547 1.38606e-17
1548 1.20233e-17
1549 1.04269e-17
1550 9.04011e-18
1551 7.83571e-18
1552 6.78999e-18
1553 5.8823e-18
1554 5.09462e-18
1555 4.41126e-18
1556 3.81857e-18
1557 3.30465e-18
1558 2.85914e-18
1559 2.47305e-18
1560 2.13854e-18
1561 1.84879e-18
1562 1.59789e-18
1563 1.38067e-18
1564 1.19267e-18
1565 1.03e-18
1566 8.89282e-19
1567 7.67589e-19
1568 6.62376e-19
1569 5.71435e-19
1570 4.92851e-19
1571 4.24962e-19
1572 3.66329e-19
1573 3.15702e-19
1574 2.72001e-19
1575 2.34288e-19
1576 2.01751e-19
1577 1.73687e-19
1578 1.49488e-19
1579 1.28626e-19
1580 1.10647e-19
1581 9.51555e-20
1582 8.18118e-20
1583 7.03208e-20
1584 6.04279e-20
1585 5.19132e-20
1586 4.45865e-20
1587 3.82838e-20
1588 3.28635e-20
1589 2.82031e-20
1590 2.41974e-20
1591 2.07551e-20
1592 1.77978e-20
1593 1.52579e-20
1594 1.30771e-20
1595 1.1205e-20
1596 9.59843e-21
1597 8.22005e-21
1598 7.03777e-21
1599 6.02397e-21
1600 5.15486e-21
1601 4.40999e-21
1602 3.77177e-21
1603 3.22507e-21
1604 2.7569e-21
1605 2.35607e-21
1606 2.013e-21
1607 1.71944e-21
1608 1.46831e-21
1609 1.25353e-21
1610 1.06989e-21
1611 9.12916e-22
1612 7.78773e-22
1613 6.64169e-22
1614 5.66284e-22
1615 4.82701e-22
1616 4.11348e-22
1617 3.50453e-22
1618 2.98495e-22
1619 2.54176e-22
1620 2.16381e-22
1621 1.84159e-22
1622 1.56695e-22
1623 1.33292e-22
1624 1.13356e-22
1625 9.63768e-23
1626 8.19199e-23
1627 6.96139e-23
1628 5.91413e-23
1629 5.02314e-23
1630 4.26529e-23
1631 3.62086e-23
1632 3.073e-23
1633 2.60738e-23
1634 2.21174e-23
1635 1.87566e-23
1636 1.59025e-23
1637 1.34792e-23
1638 1.14222e-23
1639 9.67673e-24
1640 8.19588e-24
1641 6.93989e-24
1642 5.87487e-24
1643 4.97203e-24
1644 4.20686e-24
1645 3.55855e-24
1646 3.00937e-24
1647 2.5443e-24
1648 2.15056e-24
1649 1.81728e-24
1650 1.53526e-24
1651 1.29668e-24
1652 1.09489e-24
1653 9.24271e-25
1654 7.80039e-25
1655 6.58146e-25
1656 5.55159e-25
1657 4.68167e-25
1658 3.94705e-25
1659 3.32686e-25
1660 2.80339e-25
1661 2.36169e-25
1662 1.98906e-25
1663 1.6748e-25
1664 1.40983e-25
1665 1.18648e-25
1666 9.98252e-26
1667 8.3967e-26
1668 7.06098e-26
1669 5.93622e-26
1670 4.98933e-26
1671 4.1924e-26
1672 3.52186e-26
1673 2.9578e-26
1674 2.48343e-26
1675 2.08461e-26
1676 1.74938e-26
1677 1.46769e-26
1678 1.23103e-26
1679 1.03227e-26
1680 8.65373e-27
1681 7.25274e-27
1682 6.077e-27
1683 5.09054e-27
1684 4.2631e-27
1685 3.56924e-27
1686 2.98754e-27
1687 2.5e-27
1688 2.09148e-27
1689 1.74926e-27
1690 1.46266e-27
1691 1.22271e-27
1692 1.02185e-27
1693 8.5377e-28
1694 7.13154e-28
1695 5.95543e-28
1696 4.97201e-28
1697 4.14991e-28
1698 3.46285e-28
1699 2.88881e-28
1700 2.4093e-28
1701 2.00887e-28
1702 1.67457e-28
1703 1.39554e-28
1704 1.16271e-28
1705 9.68472e-29
1706 8.0648e-29
1707 6.71412e-29
1708 5.58823e-29
1709 4.64995e-29
1710 3.86823e-29
1711 3.21711e-29
1712 2.67491e-29
1713 2.22352e-29
1714 1.84784e-29
1715 1.53524e-29
1716 1.2752e-29
1717 1.05894e-29
1718 8.79133e-30
1719 7.29672e-30
1720 6.05467e-30
1721 5.02277e-30
1722 4.16569e-30
1723 3.45398e-30
1724 2.86315e-30
1725 2.37278e-30
1726 1.9659e-30
1727 1.62838e-30
1728 1.34847e-30
1729 1.11639e-30
1730 9.24023e-31
1731 7.64607e-31
1732 6.32535e-31
1733 5.23143e-31
1734 4.3256e-31
1735 3.57571e-31
1736 2.95508e-31
1737 2.44155e-31
1738 2.01675e-31
1739 1.66543e-31
1740 1.37497e-31
1741 1.13487e-31
1742 9.36466e-32
1743 7.72549e-32
1744 6.37161e-32
1745 5.25366e-32
1746 4.33075e-32
1747 3.56906e-32
1748 2.94058e-32
1749 2.42215e-32
1750 1.99461e-32
1751 1.64211e-32
1752 1.35157e-32
1753 1.11214e-32
1754 9.14891e-33
1755 7.52432e-33
1756 6.18662e-33
1757 5.08543e-33
1758 4.17916e-33
1759 3.43351e-33
1760 2.82016e-33
1761 2.31579e-33
1762 1.90112e-33
1763 1.5603e-33
1764 1.28025e-33
1765 1.05018e-33
1766 8.61241e-34
1767 7.06108e-34
1768 5.78767e-34
1769 4.74268e-34
1770 3.88535e-34
1771 3.18216e-34
1772 2.60556e-34
1773 2.13289e-34
1774 1.7455e-34
1775 1.4281e-34
1776 1.16811e-34
1777 9.55204e-35
1778 7.80898e-35
1779 6.38233e-35
1780 5.21495e-35
1781 4.25998e-35
1782 3.47898e-35
1783 2.84042e-35
1784 2.31846e-35
1785 1.89193e-35
1786 1.54346e-35
1787 1.25885e-35
1788 1.02645e-35
1789 8.36737e-36
1790 6.8191e-36
1791 5.55588e-36
1792 4.52549e-36
1793 3.68524e-36
1794 3.00022e-36
1795 2.4419e-36
1796 1.98696e-36
1797 1.61636e-36
1798 1.31455e-36
1799 1.06881e-36
1800 8.6879e-37
1801 7.06018e-37
1802 5.73595e-37
1803 4.65889e-37
1804 3.7831e-37
1805 3.07116e-37
1806 2.49255e-37
1807 2.02244e-37
1808 1.64057e-37
1809 1.33046e-37
1810 1.07869e-37
1811 8.74346e-38
1812 7.08528e-38
1813 5.7401e-38
1814 4.64912e-38
1815 3.76453e-38
1816 3.04747e-38
1817 2.46636e-38
1818 1.99555e-38
1819 1.6142e-38
1820 1.30539e-38
1821 1.05539e-38
1822 8.5305e-39
1823 6.89324e-39
1824 5.5688e-39
1825 4.49767e-39
1826 3.63163e-39
1827 2.93159e-39
1828 2.36589e-39
1829 1.90885e-39
1830 1.53971e-39
1831 1.24163e-39
1832 1.001e-39
1833 8.0679e-40
1834 6.50093e-40
1835 5.23694e-40
1836 4.21761e-40
1837 3.39579e-40
1838 2.73339e-40
1839 2.19963e-40
1840 1.76963e-40
1841 1.42332e-40
1842 1.14447e-40
1843 9.20013e-41
1844 7.3938e-41
1845 5.94055e-41
1846 4.77166e-41
1847 3.83174e-41
1848 3.07614e-41
1849 2.46888e-41
1850 1.98097e-41
1851 1.58906e-41
1852 1.27433e-41
1853 1.02166e-41
1854 8.18873e-42
1855 6.56156e-42
1856 5.25629e-42
1857 4.20952e-42
1858 3.3703e-42
1859 2.69764e-42
1860 2.15865e-42
1861 1.72687e-42
1862 1.38108e-42
1863 1.10422e-42
1864 8.82624e-43
1865 7.05302e-43
1866 5.63448e-43
1867 4.5e-43
1868 3.59294e-43
1869 2.86792e-43
1870 2.28857e-43
1871 1.82574e-43
1872 1.45611e-43
1873 1.16099e-43
1874 9.25426e-44
1875 7.37451e-44
1876 5.87494e-44
1877 4.679e-44
1878 3.72547e-44
1879 2.96543e-44
1880 2.35979e-44
1881 1.87731e-44
1882 1.49307e-44
1883 1.18714e-44
1884 9.4363e-45
1885 7.49862e-45
1886 5.95716e-45
1887 4.73126e-45
1888 3.75658e-45
1889 2.98187e-45
1890 2.36626e-45
1891 1.87723e-45
1892 1.48885e-45
1893 1.1805e-45
1894 9.35744e-46
1895 7.41532e-46
1896 5.87466e-46
1897 4.65281e-46
1898 3.68407e-46
1899 2.91623e-46
1900 2.30778e-46
1901 1.82578e-46
1902 1.44406e-46
1903 1.14182e-46
1904 9.02601e-47
1905 7.13302e-47
1906 5.6355e-47
1907 4.45115e-47
1908 3.51474e-47
1909 2.77457e-47
1910 2.18968e-47
1911 1.72761e-47
1912 1.36268e-47
1913 1.07454e-47
1914 8.47095e-48
1915 6.67612e-48
1916 5.26014e-48
1917 4.14336e-48
1918 3.26279e-48
1919 2.56866e-48
1920 2.02165e-48
1921 1.5907e-48
1922 1.25126e-48
1923 9.83993e-49
1924 7.73599e-49
1925 6.08023e-49
1926 4.77754e-49
1927 3.75292e-49
1928 2.94723e-49
1929 2.31387e-49
1930 1.81611e-49
1931 1.42504e-49
1932 1.11786e-49
1933 8.76654e-50
1934 6.873e-50
1935 5.38693e-50
1936 4.22099e-50
1937 3.30646e-50
1938 2.58934e-50
1939 2.02717e-50
1940 1.5866e-50
1941 1.24141e-50
1942 9.7105e-51
1943 7.59346e-51
1944 5.93622e-51
1945 4.6393e-51
1946 3.62466e-51
1947 2.83108e-51
1948 2.21058e-51
1949 1.72556e-51
1950 1.34655e-51
1951 1.05047e-51
1952 8.19241e-52
1953 6.38712e-52
1954 4.97811e-52
1955 3.87872e-52
1956 3.02117e-52
1957 2.35248e-52
1958 1.83121e-52
1959 1.42499e-52
1960 1.10853e-52
1961 8.62063e-53
1962 6.70179e-53
1963 5.20835e-53
1964 4.04637e-53
1965 3.14259e-53
1966 2.43986e-53
1967 1.89363e-53
1968 1.46919e-53
1969 1.1395e-53
1970 8.83486e-54
1971 6.84756e-54
1972 5.30544e-54
1973 4.10918e-54
1974 3.18153e-54
1975 2.46243e-54
1976 1.90518e-54
1977 1.47351e-54
1978 1.13924e-54
1979 8.80477e-55
1980 6.80242e-55
1981 5.2535e-55
1982 4.05578e-55
1983 3.12996e-55
1984 2.41458e-55
1985 1.86201e-55
1986 1.43535e-55
1987 1.10604e-55
1988 8.51952e-56
1989 6.55986e-56
1990 5.04902e-56
1991 3.88465e-56
1992 2.98763e-56
1993 2.29685e-56
1994 1.7651e-56
1995 1.35592e-56
1996 1.04118e-56
1997 7.99179e-57
1998 6.13183e-57
1999 4.70285e-57
2000 3.60543e-57
2001 2.76298e-57
2002 2.11652e-57
2003 1.62065e-57
2004 1.24044e-57
2005 9.49046e-58
2006 7.25801e-58
2007 5.5484e-58
2008 4.23972e-58
2009 3.23836e-58
2010 2.47247e-58
2011 1.88692e-58
2012 1.43943e-58
2013 1.0976e-58
2014 8.36588e-59
2015 6.3737e-59
2016 4.8538e-59
2017 3.69473e-59
2018 2.81119e-59
2019 2.13797e-59
2020 1.62523e-59
2021 1.23488e-59
2022 9.37827e-60
2023 7.11879e-60
2024 5.40085e-60
2025 4.09524e-60
2026 3.10341e-60
2027 2.35028e-60
2028 1.77865e-60
2029 1.34496e-60
2030 1.01608e-60
2031 7.66779e-61
2032 5.77889e-61
2033 4.34832e-61
2034 3.26537e-61
2035 2.44596e-61
2036 1.82627e-61
2037 1.35788e-61
2038 1.0041e-61
2039 7.37113e-62
2040 5.35877e-62
2041 3.84478e-62
2042 2.70909e-62
2043 1.86136e-62
2044 1.23394e-62
2045 7.76576e-63
2046 4.52503e-63
2047 2.35524e-63
