0 9.62419e-34
1 8.46408e-34
2 7.52319e-34
3 6.77388e-34
4 6.19236e-34
5 5.763e-34
6 5.47245e-34
7 5.31113e-34
8 5.27514e-34
9 5.36223e-34
10 5.57295e-34
11 5.91359e-34
12 6.39311e-34
13 7.02341e-34
14 7.81782e-34
15 8.80132e-34
16 1.00023e-33
17 1.14471e-33
18 1.31761e-33
19 1.52345e-33
20 1.76803e-33
21 2.05751e-33
22 2.39905e-33
23 2.80224e-33
24 3.27762e-33
25 3.83718e-33
26 4.49526e-33
27 5.27072e-33
28 6.18221e-33
29 7.25145e-33
30 8.50919e-33
31 9.98659e-33
32 1.17204e-32
33 1.37574e-32
34 1.6148e-32
35 1.89509e-32
36 2.22385e-32
37 2.60957e-32
38 3.06185e-32
39 3.59191e-32
40 4.21315e-32
41 4.94089e-32
42 5.79338e-32
43 6.79217e-32
44 7.96146e-32
45 9.33004e-32
46 1.0932e-31
47 1.28062e-31
48 1.49992e-31
49 1.75645e-31
50 2.05631e-31
51 2.40699e-31
52 2.81679e-31
53 3.29565e-31
54 3.85532e-31
55 4.5087e-31
56 5.27215e-31
57 6.16343e-31
58 7.20337e-31
59 8.41734e-31
60 9.83406e-31
61 1.14869e-30
62 1.34136e-30
63 1.56603e-30
64 1.82807e-30
65 2.13335e-30
66 2.48909e-30
67 2.90379e-30
68 3.38648e-30
69 3.94866e-30
70 4.6032e-30
71 5.36499e-30
72 6.25151e-30
73 7.28289e-30
74 8.48318e-30
75 9.87806e-30
76 1.15005e-29
77 1.33868e-29
78 1.55785e-29
79 1.81255e-29
80 2.10837e-29
81 2.45197e-29
82 2.85086e-29
83 3.31411e-29
84 3.85166e-29
85 4.47543e-29
86 5.19939e-29
87 6.03859e-29
88 7.01188e-29
89 8.14049e-29
90 9.44865e-29
91 1.09648e-28
92 1.27211e-28
93 1.47558e-28
94 1.71125e-28
95 1.98404e-28
96 2.29987e-28
97 2.66542e-28
98 3.08832e-28
99 3.57766e-28
100 4.14362e-28
101 4.79802e-28
102 5.55461e-28
103 6.42908e-28
104 7.43969e-28
105 8.60724e-28
106 9.95591e-28
107 1.15134e-27
108 1.33116e-27
109 1.53874e-27
110 1.77831e-27
111 2.05474e-27
112 2.37363e-27
113 2.74141e-27
114 3.16549e-27
115 3.65437e-27
116 4.21788e-27
117 4.86718e-27
118 5.61526e-27
119 6.47696e-27
120 7.4692e-27
121 8.61162e-27
122 9.92662e-27
123 1.14399e-26
124 1.3181e-26
125 1.5184e-26
126 1.74874e-26
127 2.01357e-26
128 2.31803e-26
129 2.66796e-26
130 3.07e-26
131 3.53186e-26
132 4.06238e-26
133 4.67153e-26
134 5.37087e-26
135 6.17355e-26
136 7.09461e-26
137 8.1514e-26
138 9.36357e-26
139 1.07536e-25
140 1.23473e-25
141 1.41741e-25
142 1.62677e-25
143 1.86667e-25
144 2.14145e-25
145 2.45617e-25
146 2.81653e-25
147 3.22905e-25
148 3.70121e-25
149 4.24149e-25
150 4.85959e-25
151 5.56657e-25
152 6.37501e-25
153 7.29932e-25
154 8.35585e-25
155 9.56324e-25
156 1.09427e-24
157 1.25186e-24
158 1.43183e-24
159 1.63732e-24
160 1.8719e-24
161 2.13963e-24
162 2.44513e-24
163 2.79365e-24
164 3.19116e-24
165 3.64446e-24
166 4.16126e-24
167 4.75031e-24
168 5.42159e-24
169 6.1864e-24
170 7.0576e-24
171 8.04974e-24
172 9.17938e-24
173 1.04653e-23
174 1.19288e-23
175 1.3594e-23
176 1.54883e-23
177 1.76428e-23
178 2.00926e-23
179 2.28777e-23
180 2.60433e-23
181 2.96403e-23
182 3.37269e-23
183 3.83687e-23
184 4.36398e-23
185 4.96243e-23
186 5.64173e-23
187 6.41263e-23
188 7.28728e-23
189 8.27943e-23
190 9.40464e-23
191 1.06804e-22
192 1.21267e-22
193 1.37658e-22
194 1.56231e-22
195 1.77271e-22
196 2.01101e-22
197 2.28086e-22
198 2.58636e-22
199 2.93215e-22
200 3.32345e-22
201 3.76616e-22
202 4.26693e-22
203 4.83325e-22
204 5.47355e-22
205 6.19736e-22
206 7.01538e-22
207 7.93967e-22
208 8.98383e-22
209 1.01631e-21
210 1.14948e-21
211 1.29982e-21
212 1.4695e-21
213 1.66099e-21
214 1.87703e-21
215 2.12072e-21
216 2.39553e-21
217 2.70538e-21
218 3.05466e-21
219 3.4483e-21
220 3.89183e-21
221 4.39148e-21
222 4.95423e-21
223 5.58789e-21
224 6.30126e-21
225 7.10418e-21
226 8.0077e-21
227 9.0242e-21
228 1.01676e-20
229 1.14533e-20
230 1.28989e-20
231 1.45239e-20
232 1.635e-20
233 1.84017e-20
234 2.07065e-20
235 2.3295e-20
236 2.62013e-20
237 2.94639e-20
238 3.31255e-20
239 3.72342e-20
240 4.18435e-20
241 4.70131e-20
242 5.281e-20
243 5.93089e-20
244 6.65931e-20
245 7.47558e-20
246 8.39008e-20
247 9.41442e-20
248 1.05615e-19
249 1.18459e-19
250 1.32835e-19
251 1.48924e-19
252 1.66926e-19
253 1.87064e-19
254 2.09585e-19
255 2.34768e-19
256 2.62921e-19
257 2.94387e-19
258 3.29547e-19
259 3.68829e-19
260 4.12705e-19
261 4.61701e-19
262 5.16406e-19
263 5.77469e-19
264 6.45615e-19
265 7.21651e-19
266 8.06471e-19
267 9.0107e-19
268 1.00655e-18
269 1.12415e-18
270 1.25521e-18
271 1.40127e-18
272 1.56399e-18
273 1.74523e-18
274 1.94707e-18
275 2.1718e-18
276 2.42195e-18
277 2.70035e-18
278 3.01011e-18
279 3.35469e-18
280 3.73793e-18
281 4.16408e-18
282 4.63782e-18
283 5.16436e-18
284 5.74945e-18
285 6.39948e-18
286 7.12147e-18
287 7.92324e-18
288 8.81338e-18
289 9.80142e-18
290 1.08979e-17
291 1.21144e-17
292 1.34639e-17
293 1.49604e-17
294 1.66197e-17
295 1.8459e-17
296 2.04975e-17
297 2.27561e-17
298 2.52582e-17
299 2.80293e-17
300 3.10976e-17
301 3.44944e-17
302 3.82539e-17
303 4.2414e-17
304 4.70163e-17
305 5.21067e-17
306 5.77358e-17
307 6.39591e-17
308 7.08379e-17
309 7.84397e-17
310 8.68385e-17
311 9.6116e-17
312 1.06362e-16
313 1.17675e-16
314 1.30163e-16
315 1.43946e-16
316 1.59154e-16
317 1.75932e-16
318 1.94438e-16
319 2.14844e-16
320 2.37343e-16
321 2.62142e-16
322 2.89471e-16
323 3.19583e-16
324 3.52753e-16
325 3.89285e-16
326 4.2951e-16
327 4.73793e-16
328 5.22533e-16
329 5.76167e-16
330 6.35175e-16
331 7.0008e-16
332 7.71457e-16
333 8.49935e-16
334 9.36201e-16
335 1.03101e-15
336 1.13518e-15
337 1.24962e-15
338 1.37531e-15
339 1.51332e-15
340 1.66483e-15
341 1.83113e-15
342 2.01362e-15
343 2.21383e-15
344 2.43343e-15
345 2.67424e-15
346 2.93827e-15
347 3.22767e-15
348 3.54482e-15
349 3.8923e-15
350 4.27293e-15
351 4.68977e-15
352 5.14616e-15
353 5.64575e-15
354 6.1925e-15
355 6.79072e-15
356 7.44512e-15
357 8.1608e-15
358 8.94333e-15
359 9.79877e-15
360 1.07337e-14
361 1.17552e-14
362 1.28712e-14
363 1.409e-14
364 1.54209e-14
365 1.68738e-14
366 1.84596e-14
367 2.019e-14
368 2.20779e-14
369 2.4137e-14
370 2.63825e-14
371 2.88307e-14
372 3.14994e-14
373 3.44076e-14
374 3.75763e-14
375 4.10282e-14
376 4.47876e-14
377 4.88812e-14
378 5.33377e-14
379 5.81883e-14
380 6.34667e-14
381 6.92096e-14
382 7.54565e-14
383 8.22502e-14
384 8.96372e-14
385 9.76674e-14
386 1.06395e-13
387 1.1588e-13
388 1.26183e-13
389 1.37376e-13
390 1.4953e-13
391 1.62727e-13
392 1.77053e-13
393 1.92601e-13
394 2.09472e-13
395 2.27774e-13
396 2.47626e-13
397 2.69153e-13
398 2.92492e-13
399 3.1779e-13
400 3.45205e-13
401 3.74909e-13
402 4.07085e-13
403 4.41931e-13
404 4.79661e-13
405 5.20503e-13
406 5.64706e-13
407 6.12533e-13
408 6.64272e-13
409 7.20228e-13
410 7.80731e-13
411 8.46136e-13
412 9.16824e-13
413 9.93203e-13
414 1.07571e-12
415 1.16482e-12
416 1.26104e-12
417 1.3649e-12
418 1.477e-12
419 1.59794e-12
420 1.72841e-12
421 1.86912e-12
422 2.02083e-12
423 2.18437e-12
424 2.36062e-12
425 2.55053e-12
426 2.75509e-12
427 2.97541e-12
428 3.21262e-12
429 3.46798e-12
430 3.7428e-12
431 4.03851e-12
432 4.35662e-12
433 4.69877e-12
434 5.06667e-12
435 5.46219e-12
436 5.88731e-12
437 6.34416e-12
438 6.83499e-12
439 7.36223e-12
440 7.92847e-12
441 8.53646e-12
442 9.18917e-12
443 9.88973e-12
444 1.06415e-11
445 1.14481e-11
446 1.23133e-11
447 1.32413e-11
448 1.42364e-11
449 1.53031e-11
450 1.64466e-11
451 1.76721e-11
452 1.89851e-11
453 2.03917e-11
454 2.18984e-11
455 2.35118e-11
456 2.52392e-11
457 2.70883e-11
458 2.90673e-11
459 3.1185e-11
460 3.34505e-11
461 3.58737e-11
462 3.8465e-11
463 4.12356e-11
464 4.41972e-11
465 4.73622e-11
466 5.07441e-11
467 5.43567e-11
468 5.82149e-11
469 6.23347e-11
470 6.67325e-11
471 7.14262e-11
472 7.64344e-11
473 8.17769e-11
474 8.74747e-11
475 9.35497e-11
476 1.00026e-10
477 1.06927e-10
478 1.14279e-10
479 1.22111e-10
480 1.30451e-10
481 1.39329e-10
482 1.48779e-10
483 1.58833e-10
484 1.69528e-10
485 1.80902e-10
486 1.92995e-10
487 2.05848e-10
488 2.19507e-10
489 2.34017e-10
490 2.49427e-10
491 2.6579e-10
492 2.83159e-10
493 3.01592e-10
494 3.21149e-10
495 3.41894e-10
496 3.63893e-10
497 3.87216e-10
498 4.11938e-10
499 4.38136e-10
500 4.65893e-10
501 4.95293e-10
502 5.26429e-10
503 5.59395e-10
504 5.94292e-10
505 6.31225e-10
506 6.70307e-10
507 7.11653e-10
508 7.55388e-10
509 8.0164e-10
510 8.50547e-10
511 9.02252e-10
512 9.56907e-10
513 1.01467e-09
514 1.07571e-09
515 1.1402e-09
516 1.20832e-09
517 1.28028e-09
518 1.35627e-09
519 1.43651e-09
520 1.52122e-09
521 1.61065e-09
522 1.70504e-09
523 1.80465e-09
524 1.90975e-09
525 2.02064e-09
526 2.13761e-09
527 2.26097e-09
528 2.39107e-09
529 2.52823e-09
530 2.67282e-09
531 2.82523e-09
532 2.98583e-09
533 3.15504e-09
534 3.33329e-09
535 3.52102e-09
536 3.7187e-09
537 3.92681e-09
538 4.14584e-09
539 4.37632e-09
540 4.61879e-09
541 4.87381e-09
542 5.14195e-09
543 5.42382e-09
544 5.72004e-09
545 6.03124e-09
546 6.3581e-09
547 6.70128e-09
548 7.06151e-09
549 7.4395e-09
550 7.836e-09
551 8.25177e-09
552 8.68762e-09
553 9.14434e-09
554 9.62278e-09
555 1.01238e-08
556 1.06482e-08
557 1.1197e-08
558 1.17711e-08
559 1.23714e-08
560 1.29989e-08
561 1.36545e-08
562 1.43394e-08
563 1.50545e-08
564 1.58009e-08
565 1.65798e-08
566 1.73922e-08
567 1.82393e-08
568 1.91223e-08
569 2.00424e-08
570 2.10008e-08
571 2.1999e-08
572 2.30382e-08
573 2.41198e-08
574 2.52452e-08
575 2.64159e-08
576 2.76334e-08
577 2.88994e-08
578 3.02155e-08
579 3.15833e-08
580 3.30047e-08
581 3.44816e-08
582 3.60158e-08
583 3.76094e-08
584 3.92646e-08
585 4.09835e-08
586 4.27685e-08
587 4.46219e-08
588 4.65464e-08
589 4.85446e-08
590 5.06192e-08
591 5.27733e-08
592 5.50098e-08
593 5.7332e-08
594 5.97433e-08
595 6.22471e-08
596 6.48471e-08
597 6.75472e-08
598 7.03513e-08
599 7.32637e-08
600 7.62886e-08
601 7.94307e-08
602 8.26945e-08
603 8.60851e-08
604 8.96073e-08
605 9.32664e-08
606 9.70677e-08
607 1.01017e-07
608 1.0512e-07
609 1.09381e-07
610 1.13809e-07
611 1.18407e-07
612 1.23183e-07
613 1.28143e-07
614 1.33293e-07
615 1.38639e-07
616 1.44188e-07
617 1.49947e-07
618 1.55921e-07
619 1.62117e-07
620 1.68542e-07
621 1.75201e-07
622 1.82102e-07
623 1.89248e-07
624 1.96648e-07
625 2.04305e-07
626 2.12225e-07
627 2.20413e-07
628 2.28874e-07
629 2.37612e-07
630 2.4663e-07
631 2.55933e-07
632 2.65522e-07
633 2.754e-07
634 2.8557e-07
635 2.96032e-07
636 3.06787e-07
637 3.17836e-07
638 3.29176e-07
639 3.40808e-07
640 3.52728e-07
641 3.64935e-07
642 3.77425e-07
643 3.90194e-07
644 4.03236e-07
645 4.16547e-07
646 4.30119e-07
647 4.43947e-07
648 4.58023e-07
649 4.72338e-07
650 4.86884e-07
651 5.01651e-07
652 5.16631e-07
653 5.31812e-07
654 5.47185e-07
655 5.62738e-07
656 5.78462e-07
657 5.94346e-07
658 6.10379e-07
659 6.26549e-07
660 6.42849e-07
661 6.59266e-07
662 6.75793e-07
663 6.92421e-07
664 7.09143e-07
665 7.25951e-07
666 7.42841e-07
667 7.59808e-07
668 7.76849e-07
669 7.93965e-07
670 8.11155e-07
671 8.28423e-07
672 8.45773e-07
673 8.63214e-07
674 8.80754e-07
675 8.98407e-07
676 9.16186e-07
677 9.34111e-07
678 9.52202e-07
679 9.70483e-07
680 9.88982e-07
681 1.00773e-06
682 1.02676e-06
683 1.04611e-06
684 1.06582e-06
685 1.08593e-06
686 1.1065e-06
687 1.12757e-06
688 1.1492e-06
689 1.17144e-06
690 1.19437e-06
691 1.21803e-06
692 1.2425e-06
693 1.26785e-06
694 1.29415e-06
695 1.32147e-06
696 1.3499e-06
697 1.3795e-06
698 1.41036e-06
699 1.44256e-06
700 1.47617e-06
701 1.51129e-06
702 1.54799e-06
703 1.58634e-06
704 1.62644e-06
705 1.66835e-06
706 1.71215e-06
707 1.75791e-06
708 1.80569e-06
709 1.85557e-06
710 1.9076e-06
711 1.96184e-06
712 2.01832e-06
713 2.0771e-06
714 2.13821e-06
715 2.20166e-06
716 2.26749e-06
717 2.33569e-06
718 2.40627e-06
719 2.47922e-06
720 2.55451e-06
721 2.6321e-06
722 2.71196e-06
723 2.79402e-06
724 2.87821e-06
725 2.96445e-06
726 3.05264e-06
727 3.14267e-06
728 3.23442e-06
729 3.32773e-06
730 3.42247e-06
731 3.51846e-06
732 3.61551e-06
733 3.71344e-06
734 3.81203e-06
735 3.91105e-06
736 4.01026e-06
737 4.10943e-06
738 4.20827e-06
739 4.30651e-06
740 4.40387e-06
741 4.50004e-06
742 4.59472e-06
743 4.68758e-06
744 4.77831e-06
745 4.86657e-06
746 4.95201e-06
747 5.0343e-06
748 5.11309e-06
749 5.18802e-06
750 5.25876e-06
751 5.32494e-06
752 5.38622e-06
753 5.44226e-06
754 5.49273e-06
755 5.53728e-06
756 5.57561e-06
757 5.6074e-06
758 5.63235e-06
759 5.65018e-06
760 5.66063e-06
761 5.66344e-06
762 5.6584e-06
763 5.64529e-06
764 5.62392e-06
765 5.59415e-06
766 5.55585e-06
767 5.50891e-06
768 5.45326e-06
769 5.38887e-06
770 5.31573e-06
771 5.23388e-06
772 5.14338e-06
773 5.04433e-06
774 4.9369e-06
775 4.82126e-06
776 4.69764e-06
777 4.56631e-06
778 4.42759e-06
779 4.28183e-06
780 4.12943e-06
781 3.97085e-06
782 3.80658e-06
783 3.63714e-06
784 3.46314e-06
785 3.28519e-06
786 3.10396e-06
787 2.92019e-06
788 2.73462e-06
789 2.54806e-06
790 2.36135e-06
791 2.1754e-06
792 1.99111e-06
793 1.80947e-06
794 1.63147e-06
795 1.45816e-06
796 1.29059e-06
797 1.12989e-06
798 9.7719e-07
799 8.33643e-07
800 7.00444e-07
801 5.78803e-07
802 4.69953e-07
803 3.75146e-07
804 2.95649e-07
805 2.32743e-07
806 1.87719e-07
807 1.61876e-07
808 1.56519e-07
809 1.72955e-07
810 2.1249e-07
811 2.76427e-07
812 3.66064e-07
813 4.8269e-07
814 6.27583e-07
815 8.02004e-07
816 1.0072e-06
817 1.2444e-06
818 1.51481e-06
819 1.81961e-06
820 2.15995e-06
821 2.53697e-06
822 2.95174e-06
823 3.40535e-06
824 3.89881e-06
825 4.43313e-06
826 5.00924e-06
827 5.62807e-06
828 6.2905e-06
829 6.99735e-06
830 7.74943e-06
831 8.54747e-06
832 9.39219e-06
833 1.02842e-05
834 1.12243e-05
835 1.22128e-05
836 1.32505e-05
837 1.43377e-05
838 1.54749e-05
839 1.66626e-05
840 1.79011e-05
841 1.91907e-05
842 2.05318e-05
843 2.19246e-05
844 2.33693e-05
845 2.48663e-05
846 2.64156e-05
847 2.80174e-05
848 2.96719e-05
849 3.13792e-05
850 3.31394e-05
851 3.49525e-05
852 3.68188e-05
853 3.87383e-05
854 4.0711e-05
855 4.27371e-05
856 4.48168e-05
857 4.695e-05
858 4.9137e-05
859 5.13779e-05
860 5.3673e-05
861 5.60224e-05
862 5.84265e-05
863 6.08855e-05
864 6.33998e-05
865 6.59698e-05
866 6.8596e-05
867 7.12789e-05
868 7.40192e-05
869 7.68174e-05
870 7.96745e-05
871 8.25911e-05
872 8.55683e-05
873 8.86071e-05
874 9.17085e-05
875 9.48739e-05
876 9.81046e-05
877 0.000101402
878 0.000104768
879 0.000108203
880 0.000111711
881 0.000115292
882 0.000118949
883 0.000122685
884 0.0001265
885 0.000130399
886 0.000134384
887 0.000138456
888 0.000142621
889 0.00014688
890 0.000151237
891 0.000155695
892 0.000160259
893 0.000164932
894 0.000169717
895 0.000174619
896 0.000179643
897 0.000184793
898 0.000190074
899 0.00019549
900 0.000201047
901 0.00020675
902 0.000212605
903 0.000218616
904 0.000224791
905 0.000231134
906 0.000237652
907 0.000244352
908 0.00025124
909 0.000258323
910 0.000265608
911 0.000273102
912 0.000280812
913 0.000288746
914 0.000296911
915 0.000305316
916 0.000313968
917 0.000322876
918 0.000332048
919 0.000341492
920 0.000351218
921 0.000361234
922 0.000371549
923 0.000382173
924 0.000393116
925 0.000404385
926 0.000415992
927 0.000427947
928 0.000440258
929 0.000452937
930 0.000465994
931 0.000479439
932 0.000493283
933 0.000507536
934 0.00052221
935 0.000537315
936 0.000552863
937 0.000568864
938 0.000585331
939 0.000602274
940 0.000619706
941 0.000637637
942 0.00065608
943 0.000675046
944 0.000694548
945 0.000714598
946 0.000735207
947 0.000756388
948 0.000778153
949 0.000800515
950 0.000823485
951 0.000847077
952 0.000871303
953 0.000896175
954 0.000921706
955 0.000947909
956 0.000974797
957 0.00100238
958 0.00103068
959 0.00105969
960 0.00108945
961 0.00111995
962 0.00115121
963 0.00118324
964 0.00121606
965 0.00124968
966 0.00128412
967 0.00131937
968 0.00135547
969 0.00139241
970 0.00143022
971 0.0014689
972 0.00150846
973 0.00154893
974 0.00159031
975 0.00163261
976 0.00167585
977 0.00172003
978 0.00176518
979 0.00181129
980 0.00185839
981 0.00190649
982 0.00195558
983 0.0020057
984 0.00205684
985 0.00210902
986 0.00216226
987 0.00221655
988 0.00227191
989 0.00232835
990 0.00238588
991 0.00244451
992 0.00250424
993 0.0025651
994 0.00262708
995 0.0026902
996 0.00275446
997 0.00281987
998 0.00288644
999 0.00295418
1000 0.00302309
1001 0.00309318
1002 0.00316446
1003 0.00323694
1004 0.00331061
1005 0.00338548
1006 0.00346156
1007 0.00353886
1008 0.00361738
1009 0.00369711
1010 0.00377808
1011 0.00386026
1012 0.00394368
1013 0.00402834
1014 0.00411422
1015 0.00420134
1016 0.00428969
1017 0.00437928
1018 0.00447011
1019 0.00456217
1020 0.00465546
1021 0.00474998
1022 0.00484573
1023 0.0049427
1024 0.00504089
1025 0.0051403
1026 0.00524092
1027 0.00534274
1028 0.00544577
1029 0.00554998
1030 0.00565539
1031 0.00576197
1032 0.00586971
1033 0.00597862
1034 0.00608867
1035 0.00619987
1036 0.00631219
1037 0.00642562
1038 0.00654016
1039 0.00665579
1040 0.00677249
1041 0.00689024
1042 0.00700905
1043 0.00712888
1044 0.00724972
1045 0.00737155
1046 0.00749436
1047 0.00761812
1048 0.00774282
1049 0.00786843
1050 0.00799494
1051 0.00812232
1052 0.00825054
1053 0.00837959
1054 0.00850944
1055 0.00864006
1056 0.00877143
1057 0.00890353
1058 0.00903632
1059 0.00916977
1060 0.00930387
1061 0.00943857
1062 0.00957385
1063 0.00970968
1064 0.00984603
1065 0.00998286
1066 0.0101201
1067 0.0102578
1068 0.0103959
1069 0.0105343
1070 0.0106731
1071 0.0108121
1072 0.0109514
1073 0.0110908
1074 0.0112304
1075 0.0113702
1076 0.01151
1077 0.0116499
1078 0.0117898
1079 0.0119296
1080 0.0120694
1081 0.012209
1082 0.0123485
1083 0.0124878
1084 0.0126268
1085 0.0127656
1086 0.012904
1087 0.013042
1088 0.0131796
1089 0.0133167
1090 0.0134534
1091 0.0135894
1092 0.0137249
1093 0.0138597
1094 0.0139938
1095 0.0141271
1096 0.0142597
1097 0.0143914
1098 0.0145222
1099 0.0146521
1100 0.014781
1101 0.0149089
1102 0.0150357
1103 0.0151614
1104 0.0152859
1105 0.0154092
1106 0.0155313
1107 0.015652
1108 0.0157714
1109 0.0158893
1110 0.0160058
1111 0.0161208
1112 0.0162343
1113 0.0163462
1114 0.0164564
1115 0.016565
1116 0.0166718
1117 0.0167769
1118 0.0168802
1119 0.0169816
1120 0.0170811
1121 0.0171787
1122 0.0172743
1123 0.0173679
1124 0.0174594
1125 0.0175488
1126 0.0176361
1127 0.0177212
1128 0.0178041
1129 0.0178847
1130 0.0179631
1131 0.0180391
1132 0.0181128
1133 0.0181841
1134 0.018253
1135 0.0183194
1136 0.0183834
1137 0.0184448
1138 0.0185037
1139 0.01856
1140 0.0186138
1141 0.0186649
1142 0.0187134
1143 0.0187592
1144 0.0188023
1145 0.0188427
1146 0.0188804
1147 0.0189153
1148 0.0189475
1149 0.0189769
1150 0.0190035
1151 0.0190273
1152 0.0190482
1153 0.0190664
1154 0.0190817
1155 0.0190941
1156 0.0191037
1157 0.0191104
1158 0.0191142
1159 0.0191152
1160 0.0191133
1161 0.0191085
1162 0.0191008
1163 0.0190902
1164 0.0190768
1165 0.0190605
1166 0.0190414
1167 0.0190194
1168 0.0189945
1169 0.0189668
1170 0.0189362
1171 0.0189029
1172 0.0188667
1173 0.0188278
1174 0.018786
1175 0.0187415
1176 0.0186943
1177 0.0186443
1178 0.0185917
1179 0.0185363
1180 0.0184783
1181 0.0184177
1182 0.0183545
1183 0.0182886
1184 0.0182202
1185 0.0181493
1186 0.0180759
1187 0.018
1188 0.0179217
1189 0.017841
1190 0.0177579
1191 0.0176725
1192 0.0175848
1193 0.0174948
1194 0.0174025
1195 0.0173081
1196 0.0172116
1197 0.0171129
1198 0.0170121
1199 0.0169093
1200 0.0168046
1201 0.0166978
1202 0.0165892
1203 0.0164787
1204 0.0163664
1205 0.0162524
1206 0.0161366
1207 0.0160191
1208 0.0159
1209 0.0157793
1210 0.0156571
1211 0.0155334
1212 0.0154082
1213 0.0152817
1214 0.0151538
1215 0.0150246
1216 0.0148941
1217 0.0147625
1218 0.0146297
1219 0.0144958
1220 0.0143609
1221 0.0142249
1222 0.0140881
1223 0.0139503
1224 0.0138117
1225 0.0136722
1226 0.0135321
1227 0.0133912
1228 0.0132497
1229 0.0131076
1230 0.0129649
1231 0.0128218
1232 0.0126782
1233 0.0125341
1234 0.0123898
1235 0.0122451
1236 0.0121002
1237 0.011955
1238 0.0118097
1239 0.0116643
1240 0.0115188
1241 0.0113733
1242 0.0112278
1243 0.0110824
1244 0.0109371
1245 0.0107919
1246 0.010647
1247 0.0105023
1248 0.0103578
1249 0.0102137
1250 0.0100699
1251 0.00992657
1252 0.00978365
1253 0.00964122
1254 0.0094993
1255 0.00935794
1256 0.00921717
1257 0.00907703
1258 0.00893754
1259 0.00879876
1260 0.0086607
1261 0.00852341
1262 0.0083869
1263 0.00825122
1264 0.0081164
1265 0.00798246
1266 0.00784943
1267 0.00771733
1268 0.0075862
1269 0.00745607
1270 0.00732695
1271 0.00719887
1272 0.00707185
1273 0.00694591
1274 0.00682109
1275 0.00669738
1276 0.00657483
1277 0.00645344
1278 0.00633323
1279 0.00621423
1280 0.00609644
1281 0.00597988
1282 0.00586457
1283 0.00575052
1284 0.00563774
1285 0.00552624
1286 0.00541604
1287 0.00530714
1288 0.00519956
1289 0.00509331
1290 0.00498838
1291 0.00488479
1292 0.00478255
1293 0.00468166
1294 0.00458212
1295 0.00448394
1296 0.00438713
1297 0.00429168
1298 0.00419759
1299 0.00410488
1300 0.00401353
1301 0.00392355
1302 0.00383493
1303 0.00374768
1304 0.0036618
1305 0.00357728
1306 0.00349411
1307 0.0034123
1308 0.00333183
1309 0.00325271
1310 0.00317493
1311 0.00309848
1312 0.00302335
1313 0.00294955
1314 0.00287705
1315 0.00280586
1316 0.00273596
1317 0.00266734
1318 0.0026
1319 0.00253393
1320 0.00246911
1321 0.00240554
1322 0.00234321
1323 0.0022821
1324 0.00222219
1325 0.0021635
1326 0.00210598
1327 0.00204965
1328 0.00199448
1329 0.00194045
1330 0.00188757
1331 0.00183581
1332 0.00178516
1333 0.00173561
1334 0.00168715
1335 0.00163975
1336 0.0015934
1337 0.0015481
1338 0.00150383
1339 0.00146057
1340 0.0014183
1341 0.00137702
1342 0.00133671
1343 0.00129736
1344 0.00125894
1345 0.00122144
1346 0.00118486
1347 0.00114917
1348 0.00111436
1349 0.00108042
1350 0.00104732
1351 0.00101506
1352 0.000983627
1353 0.000952995
1354 0.000923155
1355 0.000894092
1356 0.000865792
1357 0.000838239
1358 0.00081142
1359 0.00078532
1360 0.000759925
1361 0.000735221
1362 0.000711195
1363 0.000687831
1364 0.000665117
1365 0.000643039
1366 0.000621583
1367 0.000600736
1368 0.000580484
1369 0.000560816
1370 0.000541717
1371 0.000523175
1372 0.000505178
1373 0.000487712
1374 0.000470766
1375 0.000454328
1376 0.000438384
1377 0.000422925
1378 0.000407937
1379 0.00039341
1380 0.000379332
1381 0.000365692
1382 0.000352479
1383 0.000339682
1384 0.00032729
1385 0.000315294
1386 0.000303683
1387 0.000292446
1388 0.000281575
1389 0.000271058
1390 0.000260887
1391 0.000251052
1392 0.000241544
1393 0.000232355
1394 0.000223474
1395 0.000214894
1396 0.000206605
1397 0.0001986
1398 0.000190871
1399 0.000183409
1400 0.000176207
1401 0.000169257
1402 0.000162551
1403 0.000156083
1404 0.000149845
1405 0.00014383
1406 0.000138031
1407 0.000132441
1408 0.000127055
1409 0.000121866
1410 0.000116867
1411 0.000112053
1412 0.000107418
1413 0.000102955
1414 9.86597e-05
1415 9.45264e-05
1416 9.05496e-05
1417 8.67243e-05
1418 8.30453e-05
1419 7.95078e-05
1420 7.61071e-05
1421 7.28384e-05
1422 6.96973e-05
1423 6.66794e-05
1424 6.37805e-05
1425 6.09964e-05
1426 5.83231e-05
1427 5.57567e-05
1428 5.32934e-05
1429 5.09295e-05
1430 4.86615e-05
1431 4.6486e-05
1432 4.43995e-05
1433 4.23988e-05
1434 4.04808e-05
1435 3.86424e-05
1436 3.68807e-05
1437 3.51928e-05
1438 3.35759e-05
1439 3.20273e-05
1440 3.05445e-05
1441 2.9125e-05
1442 2.77663e-05
1443 2.6466e-05
1444 2.5222e-05
1445 2.40319e-05
1446 2.28937e-05
1447 2.18054e-05
1448 2.0765e-05
1449 1.97704e-05
1450 1.88201e-05
1451 1.7912e-05
1452 1.70446e-05
1453 1.62161e-05
1454 1.54251e-05
1455 1.46698e-05
1456 1.3949e-05
1457 1.3261e-05
1458 1.26047e-05
1459 1.19785e-05
1460 1.13814e-05
1461 1.08119e-05
1462 1.02691e-05
1463 9.75161e-06
1464 9.25848e-06
1465 8.78864e-06
1466 8.34106e-06
1467 7.91479e-06
1468 7.50888e-06
1469 7.12244e-06
1470 6.75462e-06
1471 6.40457e-06
1472 6.07152e-06
1473 5.7547e-06
1474 5.45338e-06
1475 5.16685e-06
1476 4.89446e-06
1477 4.63554e-06
1478 4.38948e-06
1479 4.1557e-06
1480 3.93362e-06
1481 3.72271e-06
1482 3.52243e-06
1483 3.33229e-06
1484 3.15182e-06
1485 2.98055e-06
1486 2.81805e-06
1487 2.66391e-06
1488 2.51771e-06
1489 2.37909e-06
1490 2.24767e-06
1491 2.1231e-06
1492 2.00506e-06
1493 1.89321e-06
1494 1.78727e-06
1495 1.68693e-06
1496 1.59192e-06
1497 1.50197e-06
1498 1.41684e-06
1499 1.33627e-06
1500 1.26005e-06
1501 1.18794e-06
1502 1.11975e-06
1503 1.05527e-06
1504 9.94315e-07
1505 9.36699e-07
1506 8.82252e-07
1507 8.30811e-07
1508 7.82219e-07
1509 7.36328e-07
1510 6.92996e-07
1511 6.52089e-07
1512 6.13478e-07
1513 5.77043e-07
1514 5.42667e-07
1515 5.10241e-07
1516 4.7966e-07
1517 4.50826e-07
1518 4.23643e-07
1519 3.98022e-07
1520 3.73878e-07
1521 3.51132e-07
1522 3.29705e-07
1523 3.09527e-07
1524 2.90527e-07
1525 2.7264e-07
1526 2.55806e-07
1527 2.39964e-07
1528 2.2506e-07
1529 2.11041e-07
1530 1.97856e-07
1531 1.85459e-07
1532 1.73806e-07
1533 1.62853e-07
1534 1.5256e-07
1535 1.42891e-07
1536 1.33808e-07
1537 1.25278e-07
1538 1.17269e-07
1539 1.09751e-07
1540 1.02695e-07
1541 9.60732e-08
1542 8.98613e-08
1543 8.40346e-08
1544 7.85704e-08
1545 7.34472e-08
1546 6.86446e-08
1547 6.41435e-08
1548 5.99259e-08
1549 5.59746e-08
1550 5.22736e-08
1551 4.88078e-08
1552 4.55629e-08
1553 4.25253e-08
1554 3.96825e-08
1555 3.70225e-08
1556 3.4534e-08
1557 3.22065e-08
1558 3.00299e-08
1559 2.79949e-08
1560 2.60928e-08
1561 2.43151e-08
1562 2.2654e-08
1563 2.11023e-08
1564 1.9653e-08
1565 1.82997e-08
1566 1.70361e-08
1567 1.58568e-08
1568 1.47561e-08
1569 1.37292e-08
1570 1.27712e-08
1571 1.18777e-08
1572 1.10446e-08
1573 1.02678e-08
1574 9.54383e-09
1575 8.86915e-09
1576 8.24053e-09
1577 7.65496e-09
1578 7.1096e-09
1579 6.60179e-09
1580 6.12904e-09
1581 5.68902e-09
1582 5.27954e-09
1583 4.89857e-09
1584 4.5442e-09
1585 4.21463e-09
1586 3.90818e-09
1587 3.6233e-09
1588 3.35853e-09
1589 3.11248e-09
1590 2.88389e-09
1591 2.67156e-09
1592 2.47437e-09
1593 2.29128e-09
1594 2.12132e-09
1595 1.96358e-09
1596 1.8172e-09
1597 1.68141e-09
1598 1.55545e-09
1599 1.43864e-09
1600 1.33034e-09
1601 1.22995e-09
1602 1.13691e-09
1603 1.05069e-09
1604 9.70824e-10
1605 8.96848e-10
1606 8.28344e-10
1607 7.6492e-10
1608 7.06211e-10
1609 6.51879e-10
1610 6.01606e-10
1611 5.55099e-10
1612 5.12086e-10
1613 4.72311e-10
1614 4.35539e-10
1615 4.01549e-10
1616 3.70138e-10
1617 3.41115e-10
1618 3.14306e-10
1619 2.89546e-10
1620 2.66682e-10
1621 2.45575e-10
1622 2.26093e-10
1623 2.08115e-10
1624 1.91529e-10
1625 1.76228e-10
1626 1.62118e-10
1627 1.49107e-10
1628 1.37114e-10
1629 1.26059e-10
1630 1.15873e-10
1631 1.06488e-10
1632 9.78437e-11
1633 8.98831e-11
1634 8.25536e-11
1635 7.58065e-11
1636 6.95969e-11
1637 6.38831e-11
1638 5.86266e-11
1639 5.37918e-11
1640 4.93458e-11
1641 4.52582e-11
1642 4.15008e-11
1643 3.80477e-11
1644 3.48749e-11
1645 3.19602e-11
1646 2.92833e-11
1647 2.68251e-11
1648 2.45684e-11
1649 2.24969e-11
1650 2.0596e-11
1651 1.88519e-11
1652 1.7252e-11
1653 1.57847e-11
1654 1.44392e-11
1655 1.32058e-11
1656 1.20753e-11
1657 1.10394e-11
1658 1.00903e-11
1659 9.22092e-12
1660 8.42475e-12
1661 7.69577e-12
1662 7.02844e-12
1663 6.41768e-12
1664 5.85881e-12
1665 5.34752e-12
1666 4.87987e-12
1667 4.45221e-12
1668 4.0612e-12
1669 3.70379e-12
1670 3.37714e-12
1671 3.07868e-12
1672 2.80602e-12
1673 2.557e-12
1674 2.3296e-12
1675 2.12199e-12
1676 1.93249e-12
1677 1.75956e-12
1678 1.60178e-12
1679 1.45785e-12
1680 1.32658e-12
1681 1.20688e-12
1682 1.09777e-12
1683 9.98312e-13
1684 9.07683e-13
1685 8.25113e-13
1686 7.49901e-13
1687 6.81407e-13
1688 6.19043e-13
1689 5.62271e-13
1690 5.10602e-13
1691 4.63587e-13
1692 4.20815e-13
1693 3.81911e-13
1694 3.46533e-13
1695 3.14368e-13
1696 2.85131e-13
1697 2.5856e-13
1698 2.34417e-13
1699 2.12485e-13
1700 1.92566e-13
1701 1.74478e-13
1702 1.58057e-13
1703 1.43153e-13
1704 1.29627e-13
1705 1.17355e-13
1706 1.06223e-13
1707 9.61279e-14
1708 8.69742e-14
1709 7.8676e-14
1710 7.11549e-14
1711 6.43397e-14
1712 5.81653e-14
1713 5.25727e-14
1714 4.75081e-14
1715 4.29226e-14
1716 3.87718e-14
1717 3.50152e-14
1718 3.16161e-14
1719 2.85411e-14
1720 2.57599e-14
1721 2.32449e-14
1722 2.09712e-14
1723 1.8916e-14
1724 1.70587e-14
1725 1.53806e-14
1726 1.38648e-14
1727 1.24957e-14
1728 1.12596e-14
1729 1.01436e-14
1730 9.1364e-15
1731 8.22749e-15
1732 7.40748e-15
1733 6.66783e-15
1734 6.00079e-15
1735 5.39938e-15
1736 4.85724e-15
1737 4.36863e-15
1738 3.92837e-15
1739 3.53175e-15
1740 3.17452e-15
1741 2.85283e-15
1742 2.56321e-15
1743 2.30252e-15
1744 2.06792e-15
1745 1.85684e-15
1746 1.66696e-15
1747 1.49618e-15
1748 1.34263e-15
1749 1.20459e-15
1750 1.08051e-15
1751 9.69019e-16
1752 8.68851e-16
1753 7.78875e-16
1754 6.98074e-16
1755 6.25525e-16
1756 5.604e-16
1757 5.01952e-16
1758 4.49507e-16
1759 4.02458e-16
1760 3.6026e-16
1761 3.22419e-16
1762 2.88493e-16
1763 2.58083e-16
1764 2.30832e-16
1765 2.06415e-16
1766 1.84542e-16
1767 1.64954e-16
1768 1.47414e-16
1769 1.31711e-16
1770 1.17657e-16
1771 1.05081e-16
1772 9.38298e-17
1773 8.37657e-17
1774 7.47657e-17
1775 6.67188e-17
1776 5.95256e-17
1777 5.30969e-17
1778 4.73527e-17
1779 4.22212e-17
1780 3.7638e-17
1781 3.35453e-17
1782 2.98914e-17
1783 2.663e-17
1784 2.37195e-17
1785 2.11228e-17
1786 1.88064e-17
1787 1.67405e-17
1788 1.48985e-17
1789 1.32564e-17
1790 1.17929e-17
1791 1.04887e-17
1792 9.32685e-18
1793 8.29196e-18
1794 7.37037e-18
1795 6.54984e-18
1796 5.81945e-18
1797 5.16942e-18
1798 4.59105e-18
1799 4.07654e-18
1800 3.61894e-18
1801 3.21203e-18
1802 2.85028e-18
1803 2.52875e-18
1804 2.24302e-18
1805 1.98916e-18
1806 1.76366e-18
1807 1.5634e-18
1808 1.38559e-18
1809 1.22775e-18
1810 1.08766e-18
1811 9.63352e-19
1812 8.53074e-19
1813 7.55263e-19
1814 6.68527e-19
1815 5.91628e-19
1816 5.23466e-19
1817 4.6306e-19
1818 4.09539e-19
1819 3.62128e-19
1820 3.20139e-19
1821 2.82959e-19
1822 2.50045e-19
1823 2.20914e-19
1824 1.95135e-19
1825 1.72329e-19
1826 1.52156e-19
1827 1.34317e-19
1828 1.18544e-19
1829 1.04602e-19
1830 9.22799e-20
1831 8.13925e-20
1832 7.17745e-20
1833 6.32799e-20
1834 5.57789e-20
1835 4.91568e-20
1836 4.33117e-20
1837 3.81537e-20
1838 3.3603e-20
1839 2.95888e-20
1840 2.60486e-20
1841 2.29273e-20
1842 2.01757e-20
1843 1.77506e-20
1844 1.56138e-20
1845 1.37312e-20
1846 1.20732e-20
1847 1.06131e-20
1848 9.32763e-21
1849 8.19614e-21
1850 7.20039e-21
1851 6.32429e-21
1852 5.55362e-21
1853 4.87584e-21
1854 4.27987e-21
1855 3.75596e-21
1856 3.29549e-21
1857 2.89087e-21
1858 2.53539e-21
1859 2.22316e-21
1860 1.94896e-21
1861 1.70823e-21
1862 1.49691e-21
1863 1.31146e-21
1864 1.14875e-21
1865 1.00601e-21
1866 8.80818e-22
1867 7.71045e-22
1868 6.74811e-22
1869 5.90463e-22
1870 5.1655e-22
1871 4.51793e-22
1872 3.95072e-22
1873 3.45399e-22
1874 3.01908e-22
1875 2.63837e-22
1876 2.30518e-22
1877 2.01365e-22
1878 1.75861e-22
1879 1.53556e-22
1880 1.34051e-22
1881 1.16999e-22
1882 1.02094e-22
1883 8.90698e-23
1884 7.76905e-23
1885 6.77506e-23
1886 5.907e-23
1887 5.14907e-23
1888 4.48744e-23
1889 3.91e-23
1890 3.40615e-23
1891 2.9666e-23
1892 2.58322e-23
1893 2.24892e-23
1894 1.95746e-23
1895 1.70342e-23
1896 1.48203e-23
1897 1.28914e-23
1898 1.12112e-23
1899 9.74797e-24
1900 8.47388e-24
1901 7.36476e-24
1902 6.39947e-24
1903 5.55951e-24
1904 4.82877e-24
1905 4.1932e-24
1906 3.64051e-24
1907 3.16e-24
1908 2.74233e-24
1909 2.37936e-24
1910 2.064e-24
1911 1.79005e-24
1912 1.55213e-24
1913 1.34556e-24
1914 1.16622e-24
1915 1.01058e-24
1916 8.75521e-25
1917 7.58348e-25
1918 6.56721e-25
1919 5.68592e-25
1920 4.92184e-25
1921 4.25954e-25
1922 3.68558e-25
1923 3.18828e-25
1924 2.75749e-25
1925 2.38441e-25
1926 2.06136e-25
1927 1.78171e-25
1928 1.53966e-25
1929 1.33021e-25
1930 1.14902e-25
1931 9.9229e-26
1932 8.56759e-26
1933 7.39583e-26
1934 6.38297e-26
1935 5.50765e-26
1936 4.75135e-26
1937 4.09801e-26
1938 3.53379e-26
1939 3.0466e-26
1940 2.626e-26
1941 2.26299e-26
1942 1.94975e-26
1943 1.67952e-26
1944 1.44642e-26
1945 1.24541e-26
1946 1.07211e-26
1947 9.22727e-27
1948 7.9399e-27
1949 6.83066e-27
1950 5.87516e-27
1951 5.05223e-27
1952 4.34365e-27
1953 3.73364e-27
1954 3.20862e-27
1955 2.75684e-27
1956 2.36816e-27
1957 2.03385e-27
1958 1.74636e-27
1959 1.49919e-27
1960 1.28673e-27
1961 1.10414e-27
1962 9.47259e-28
1963 8.12492e-28
1964 6.96753e-28
1965 5.97373e-28
1966 5.12054e-28
1967 4.38832e-28
1968 3.75998e-28
1969 3.22091e-28
1970 2.75855e-28
1971 2.36205e-28
1972 2.02211e-28
1973 1.73073e-28
1974 1.48102e-28
1975 1.26705e-28
1976 1.08378e-28
1977 9.26819e-29
1978 7.92412e-29
1979 6.77352e-29
1980 5.7888e-29
1981 4.94624e-29
1982 4.22528e-29
1983 3.60868e-29
1984 3.08141e-29
1985 2.6306e-29
1986 2.24527e-29
1987 1.916e-29
1988 1.63464e-29
1989 1.39431e-29
1990 1.18906e-29
1991 1.01379e-29
1992 8.6419e-30
1993 7.36498e-30
1994 6.27543e-30
1995 5.34579e-30
1996 4.55303e-30
1997 3.8771e-30
1998 3.30059e-30
1999 2.80932e-30
2000 2.39065e-30
2001 2.03387e-30
2002 1.73003e-30
2003 1.47129e-30
2004 1.25094e-30
2005 1.06338e-30
2006 9.03762e-31
2007 7.67913e-31
2008 6.52348e-31
2009 5.5407e-31
2010 4.70488e-31
2011 3.9944e-31
2012 3.3905e-31
2013 2.87727e-31
2014 2.44124e-31
2015 2.07087e-31
2016 1.75636e-31
2017 1.48925e-31
2018 1.26256e-31
2019 1.07018e-31
2020 9.06906e-32
2021 7.68421e-32
2022 6.50967e-32
2023 5.5136e-32
2024 4.66921e-32
2025 3.95358e-32
2026 3.34718e-32
2027 2.83343e-32
2028 2.39822e-32
2029 2.02969e-32
2030 1.71776e-32
2031 1.45366e-32
2032 1.23017e-32
2033 1.04112e-32
2034 8.8123e-33
2035 7.46056e-33
2036 6.31743e-33
2037 5.35163e-33
2038 4.53582e-33
2039 3.84706e-33
2040 3.26581e-33
2041 2.77578e-33
2042 2.36299e-33
2043 2.01553e-33
2044 1.7236e-33
2045 1.47874e-33
2046 1.27398e-33
2047 1.1035e-33
