0 4.88286e-77
1 5.03561e-77
2 7.45688e-77
3 1.24397e-76
4 2.05929e-76
5 3.29149e-76
6 5.09149e-76
7 7.67961e-76
8 1.13722e-75
9 1.66197e-75
10 2.40612e-75
11 3.46011e-75
12 4.95172e-75
13 7.06143e-75
14 1.00438e-74
15 1.42581e-74
16 2.02103e-74
17 2.86138e-74
18 4.04728e-74
19 5.72015e-74
20 8.07893e-74
21 1.14034e-73
22 1.60871e-73
23 2.26828e-73
24 3.1967e-73
25 4.50302e-73
26 6.34025e-73
27 8.92307e-73
28 1.25525e-72
29 1.76504e-72
30 2.4808e-72
31 3.48531e-72
32 4.89444e-72
33 6.87033e-72
34 9.63976e-72
35 1.35197e-71
36 1.89532e-71
37 2.6559e-71
38 3.72011e-71
39 5.20849e-71
40 7.28925e-71
41 1.01969e-70
42 1.42582e-70
43 1.99286e-70
44 2.78421e-70
45 3.88812e-70
46 5.42741e-70
47 7.57282e-70
48 1.05618e-69
49 1.47241e-69
50 2.0518e-69
51 2.85794e-69
52 3.9791e-69
53 5.5377e-69
54 7.70349e-69
55 1.07117e-68
56 1.48882e-68
57 2.06842e-68
58 2.87242e-68
59 3.98721e-68
60 5.53227e-68
61 7.67274e-68
62 1.06368e-67
63 1.47395e-67
64 2.04158e-67
65 2.82659e-67
66 3.91175e-67
67 5.41117e-67
68 7.48211e-67
69 1.03412e-66
70 1.42865e-66
71 1.97285e-66
72 2.72317e-66
73 3.75722e-66
74 5.18167e-66
75 7.14307e-66
76 9.84264e-66
77 1.35566e-65
78 1.86638e-65
79 2.56838e-65
80 3.5329e-65
81 4.85752e-65
82 6.67588e-65
83 9.17093e-65
84 1.2593e-64
85 1.72845e-64
86 2.37134e-64
87 3.25193e-64
88 4.45758e-64
89 6.10757e-64
90 8.36465e-64
91 1.14508e-63
92 1.56689e-63
93 2.14313e-63
94 2.93e-63
95 4.00404e-63
96 5.46938e-63
97 7.46772e-63
98 1.01917e-62
99 1.39033e-62
100 1.89581e-62
101 2.58395e-62
102 3.52032e-62
103 4.7939e-62
104 6.52537e-62
105 8.87832e-62
106 1.20744e-61
107 1.64138e-61
108 2.23029e-61
109 3.02916e-61
110 4.11236e-61
111 5.58046e-61
112 7.56932e-61
113 1.02625e-60
114 1.39077e-60
115 1.88394e-60
116 2.55086e-60
117 3.45235e-60
118 4.67036e-60
119 6.31531e-60
120 8.53583e-60
121 1.1532e-59
122 1.5573e-59
123 2.10206e-59
124 2.83613e-59
125 3.82486e-59
126 5.15598e-59
127 6.94727e-59
128 9.35672e-59
129 1.25962e-58
130 1.69498e-58
131 2.27978e-58
132 3.065e-58
133 4.11882e-58
134 5.53251e-58
135 7.4281e-58
136 9.96872e-58
137 1.33723e-57
138 1.793e-57
139 2.40303e-57
140 3.21917e-57
141 4.31057e-57
142 5.7694e-57
143 7.71849e-57
144 1.03214e-56
145 1.37959e-56
146 1.84318e-56
147 2.46144e-56
148 3.2856e-56
149 4.38375e-56
150 5.84631e-56
151 7.7933e-56
152 1.0384e-55
153 1.38298e-55
154 1.84106e-55
155 2.44976e-55
156 3.25825e-55
157 4.3316e-55
158 5.75594e-55
159 7.64518e-55
160 1.01499e-54
161 1.34692e-54
162 1.78658e-54
163 2.36868e-54
164 3.13901e-54
165 4.15799e-54
166 5.50524e-54
167 7.2857e-54
168 9.63759e-54
169 1.27429e-53
170 1.68411e-53
171 2.22472e-53
172 2.93752e-53
173 3.87694e-53
174 5.11444e-53
175 6.74387e-53
176 8.88836e-53
177 1.17094e-52
178 1.54188e-52
179 2.0294e-52
180 2.66983e-52
181 3.51076e-52
182 4.61445e-52
183 6.06233e-52
184 7.96084e-52
185 1.04491e-51
186 1.37088e-51
187 1.79771e-51
188 2.35635e-51
189 3.08716e-51
190 4.04277e-51
191 5.29173e-51
192 6.92335e-51
193 9.05387e-51
194 1.18345e-50
195 1.54621e-50
196 2.01922e-50
197 2.63571e-50
198 3.43882e-50
199 4.48457e-50
200 5.84562e-50
201 7.61621e-50
202 9.91849e-50
203 1.29107e-49
204 1.67978e-49
205 2.18451e-49
206 2.83957e-49
207 3.68933e-49
208 4.79117e-49
209 6.21918e-49
210 8.06903e-49
211 1.04642e-48
212 1.35641e-48
213 1.7574e-48
214 2.27587e-48
215 2.94592e-48
216 3.81147e-48
217 4.92901e-48
218 6.37124e-48
219 8.2316e-48
220 1.06302e-47
221 1.37213e-47
222 1.77029e-47
223 2.28292e-47
224 2.94261e-47
225 3.79115e-47
226 4.88208e-47
227 6.28399e-47
228 8.08466e-47
229 1.03964e-46
230 1.33629e-46
231 1.71678e-46
232 2.20457e-46
233 2.82963e-46
234 3.6302e-46
235 4.65509e-46
236 5.9665e-46
237 7.64378e-46
238 9.78795e-46
239 1.25277e-45
240 1.60268e-45
241 2.04935e-45
242 2.61929e-45
243 3.34616e-45
244 4.27272e-45
245 5.45329e-45
246 6.95679e-45
247 8.87065e-45
248 1.13057e-44
249 1.44025e-44
250 1.83388e-44
251 2.33401e-44
252 2.96914e-44
253 3.77534e-44
254 4.7982e-44
255 6.09533e-44
256 7.73951e-44
257 9.82261e-44
258 1.24606e-43
259 1.57996e-43
260 2.00242e-43
261 2.53665e-43
262 3.21192e-43
263 4.06507e-43
264 5.14245e-43
265 6.50238e-43
266 8.21815e-43
267 1.03819e-42
268 1.31093e-42
269 1.65456e-42
270 2.08732e-42
271 2.63206e-42
272 3.31746e-42
273 4.17944e-42
274 5.26301e-42
275 6.62451e-42
276 8.33448e-42
277 1.04811e-41
278 1.31748e-41
279 1.65533e-41
280 2.0789e-41
281 2.6097e-41
282 3.27458e-41
283 4.10705e-41
284 5.14891e-41
285 6.45224e-41
286 8.08198e-41
287 1.0119e-40
288 1.2664e-40
289 1.58423e-40
290 1.98099e-40
291 2.47607e-40
292 3.09358e-40
293 3.86347e-40
294 4.82297e-40
295 6.01828e-40
296 7.50677e-40
297 9.35959e-40
298 1.1665e-39
299 1.45325e-39
300 1.80977e-39
301 2.25287e-39
302 2.80336e-39
303 3.48702e-39
304 4.33574e-39
305 5.38899e-39
306 6.69558e-39
307 8.31587e-39
308 1.03245e-38
309 1.28136e-38
310 1.5897e-38
311 1.97155e-38
312 2.44426e-38
313 3.02926e-38
314 3.75298e-38
315 4.64804e-38
316 5.75466e-38
317 7.1224e-38
318 8.81237e-38
319 1.08999e-37
320 1.34776e-37
321 1.66598e-37
322 2.05872e-37
323 2.54327e-37
324 3.14096e-37
325 3.87798e-37
326 4.78659e-37
327 5.90644e-37
328 7.2863e-37
329 8.98612e-37
330 1.10796e-36
331 1.36572e-36
332 1.68302e-36
333 2.07354e-36
334 2.55404e-36
335 3.14514e-36
336 3.87215e-36
337 4.76612e-36
338 5.86516e-36
339 7.21607e-36
340 8.87621e-36
341 1.0916e-35
342 1.34218e-35
343 1.64994e-35
344 2.02787e-35
345 2.49189e-35
346 3.0615e-35
347 3.7606e-35
348 4.61849e-35
349 5.67107e-35
350 6.96228e-35
351 8.54597e-35
352 1.04881e-34
353 1.28693e-34
354 1.57885e-34
355 1.93665e-34
356 2.37515e-34
357 2.91244e-34
358 3.57068e-34
359 4.37696e-34
360 5.36441e-34
361 6.57355e-34
362 8.05389e-34
363 9.86594e-34
364 1.20837e-33
365 1.47974e-33
366 1.81174e-33
367 2.21786e-33
368 2.71453e-33
369 3.32185e-33
370 4.0643e-33
371 4.9718e-33
372 6.0808e-33
373 7.43577e-33
374 9.09091e-33
375 1.11123e-32
376 1.35805e-32
377 1.65935e-32
378 2.02707e-32
379 2.47576e-32
380 3.02311e-32
381 3.69066e-32
382 4.5046e-32
383 5.49677e-32
384 6.70589e-32
385 8.17902e-32
386 9.9733e-32
387 1.21581e-31
388 1.48178e-31
389 1.80546e-31
390 2.19926e-31
391 2.67821e-31
392 3.26057e-31
393 3.96843e-31
394 4.82858e-31
395 5.87343e-31
396 7.14223e-31
397 8.68248e-31
398 1.05516e-30
399 1.28191e-30
400 1.55689e-30
401 1.89024e-30
402 2.2942e-30
403 2.78357e-30
404 3.37617e-30
405 4.09352e-30
406 4.96156e-30
407 6.01154e-30
408 7.28113e-30
409 8.81565e-30
410 1.06697e-29
411 1.29089e-29
412 1.56121e-29
413 1.88744e-29
414 2.28097e-29
415 2.75549e-29
416 3.32745e-29
417 4.01655e-29
418 4.84648e-29
419 5.84558e-29
420 7.04784e-29
421 8.49399e-29
422 1.02328e-28
423 1.23225e-28
424 1.4833e-28
425 1.78478e-28
426 2.14665e-28
427 2.58084e-28
428 3.10159e-28
429 3.72588e-28
430 4.47399e-28
431 5.37011e-28
432 6.44307e-28
433 7.72723e-28
434 9.26355e-28
435 1.11008e-27
436 1.32969e-27
437 1.59211e-27
438 1.90554e-27
439 2.27974e-27
440 2.72634e-27
441 3.25911e-27
442 3.89445e-27
443 4.65178e-27
444 5.55421e-27
445 6.62911e-27
446 7.90895e-27
447 9.43226e-27
448 1.12447e-26
449 1.34003e-26
450 1.59631e-26
451 1.90091e-26
452 2.2628e-26
453 2.69261e-26
454 3.20292e-26
455 3.80861e-26
456 4.52727e-26
457 5.37971e-26
458 6.3905e-26
459 7.5887e-26
460 9.00864e-26
461 1.06909e-25
462 1.26833e-25
463 1.50424e-25
464 1.78351e-25
465 2.11399e-25
466 2.50501e-25
467 2.96752e-25
468 3.51447e-25
469 4.16113e-25
470 4.9255e-25
471 5.82883e-25
472 6.89614e-25
473 8.15696e-25
474 9.64609e-25
475 1.14045e-24
476 1.34806e-24
477 1.59314e-24
478 1.88239e-24
479 2.22372e-24
480 2.62645e-24
481 3.10155e-24
482 3.66196e-24
483 4.3229e-24
484 5.10229e-24
485 6.02125e-24
486 7.10465e-24
487 8.38175e-24
488 9.887e-24
489 1.1661e-23
490 1.37514e-23
491 1.62144e-23
492 1.91162e-23
493 2.25345e-23
494 2.65608e-23
495 3.13027e-23
496 3.68869e-23
497 4.34621e-23
498 5.12034e-23
499 6.03166e-23
500 7.10435e-23
501 8.36682e-23
502 9.85247e-23
503 1.16005e-22
504 1.36571e-22
505 1.60762e-22
506 1.89213e-22
507 2.22671e-22
508 2.62009e-22
509 3.08254e-22
510 3.62608e-22
511 4.26482e-22
512 5.0153e-22
513 5.89688e-22
514 6.93226e-22
515 8.148e-22
516 9.57522e-22
517 1.12503e-21
518 1.32158e-21
519 1.55215e-21
520 1.82256e-21
521 2.13961e-21
522 2.51123e-21
523 2.9467e-21
524 3.45683e-21
525 4.05423e-21
526 4.75362e-21
527 5.57214e-21
528 6.52975e-21
529 7.64971e-21
530 8.95905e-21
531 1.04893e-20
532 1.22769e-20
533 1.43645e-20
534 1.68014e-20
535 1.96449e-20
536 2.29615e-20
537 2.68282e-20
538 3.13345e-20
539 3.65836e-20
540 4.26954e-20
541 4.98085e-20
542 5.80829e-20
543 6.77038e-20
544 7.88849e-20
545 9.18729e-20
546 1.06952e-19
547 1.24451e-19
548 1.44748e-19
549 1.68276e-19
550 1.95538e-19
551 2.27109e-19
552 2.63649e-19
553 3.05919e-19
554 3.5479e-19
555 4.11263e-19
556 4.76483e-19
557 5.51762e-19
558 6.38602e-19
559 7.38723e-19
560 8.54089e-19
561 9.86943e-19
562 1.13985e-18
563 1.31572e-18
564 1.5179e-18
565 1.75018e-18
566 2.01687e-18
567 2.3229e-18
568 2.67385e-18
569 3.07607e-18
570 3.53676e-18
571 4.06411e-18
572 4.66739e-18
573 5.35709e-18
574 6.14512e-18
575 7.04492e-18
576 8.07172e-18
577 9.24271e-18
578 1.05773e-17
579 1.20974e-17
580 1.38277e-17
581 1.5796e-17
582 1.80338e-17
583 2.05762e-17
584 2.34631e-17
585 2.67389e-17
586 3.04539e-17
587 3.46644e-17
588 3.94335e-17
589 4.4832e-17
590 5.09394e-17
591 5.78446e-17
592 6.56474e-17
593 7.44591e-17
594 8.44046e-17
595 9.56234e-17
596 1.08271e-16
597 1.22523e-16
598 1.38573e-16
599 1.56638e-16
600 1.76962e-16
601 1.99815e-16
602 2.25499e-16
603 2.54352e-16
604 2.86751e-16
605 3.23115e-16
606 3.63913e-16
607 4.09667e-16
608 4.60961e-16
609 5.18446e-16
610 5.82847e-16
611 6.54978e-16
612 7.35743e-16
613 8.26156e-16
614 9.27348e-16
615 1.04058e-15
616 1.16728e-15
617 1.30903e-15
618 1.4676e-15
619 1.64499e-15
620 1.84343e-15
621 2.06544e-15
622 2.31383e-15
623 2.59179e-15
624 2.90287e-15
625 3.25112e-15
626 3.64106e-15
627 4.07783e-15
628 4.56722e-15
629 5.11578e-15
630 5.73091e-15
631 6.42103e-15
632 7.19565e-15
633 8.06557e-15
634 9.04308e-15
635 1.01421e-14
636 1.13785e-14
637 1.27704e-14
638 1.43383e-14
639 1.61056e-14
640 1.8099e-14
641 2.0349e-14
642 2.28904e-14
643 2.57626e-14
644 2.90111e-14
645 3.26875e-14
646 3.68508e-14
647 4.15683e-14
648 4.69171e-14
649 5.2985e-14
650 5.98724e-14
651 6.7694e-14
652 7.65806e-14
653 8.66816e-14
654 9.81674e-14
655 1.11233e-13
656 1.26099e-13
657 1.4302e-13
658 1.62283e-13
659 1.84216e-13
660 2.09194e-13
661 2.37642e-13
662 2.70045e-13
663 3.06951e-13
664 3.48988e-13
665 3.96865e-13
666 4.51387e-13
667 5.1347e-13
668 5.84149e-13
669 6.646e-13
670 7.5615e-13
671 8.60304e-13
672 9.78763e-13
673 1.11345e-12
674 1.26652e-12
675 1.44044e-12
676 1.63796e-12
677 1.86218e-12
678 2.11661e-12
679 2.40517e-12
680 2.73231e-12
681 3.10297e-12
682 3.52275e-12
683 3.99789e-12
684 4.5354e-12
685 5.14315e-12
686 5.8299e-12
687 6.60548e-12
688 7.48086e-12
689 8.4683e-12
690 9.58146e-12
691 1.08356e-11
692 1.22476e-11
693 1.38364e-11
694 1.5623e-11
695 1.76308e-11
696 1.98855e-11
697 2.24161e-11
698 2.52542e-11
699 2.84353e-11
700 3.19983e-11
701 3.59865e-11
702 4.04476e-11
703 4.54343e-11
704 5.10048e-11
705 5.72232e-11
706 6.41601e-11
707 7.18933e-11
708 8.05083e-11
709 9.00992e-11
710 1.00769e-10
711 1.12631e-10
712 1.2581e-10
713 1.40441e-10
714 1.56674e-10
715 1.74672e-10
716 1.94612e-10
717 2.1669e-10
718 2.41117e-10
719 2.68126e-10
720 2.97968e-10
721 3.30919e-10
722 3.67279e-10
723 4.07371e-10
724 4.51549e-10
725 5.00198e-10
726 5.53733e-10
727 6.12606e-10
728 6.77306e-10
729 7.48361e-10
730 8.26344e-10
731 9.11874e-10
732 1.00562e-09
733 1.1083e-09
734 1.2207e-09
735 1.34366e-09
736 1.47807e-09
737 1.62492e-09
738 1.78525e-09
739 1.96019e-09
740 2.15094e-09
741 2.35881e-09
742 2.5852e-09
743 2.8316e-09
744 3.09962e-09
745 3.39098e-09
746 3.70752e-09
747 4.05122e-09
748 4.42419e-09
749 4.82869e-09
750 5.26714e-09
751 5.74212e-09
752 6.2564e-09
753 6.81292e-09
754 7.41485e-09
755 8.06554e-09
756 8.76859e-09
757 9.52785e-09
758 1.03474e-08
759 1.12317e-08
760 1.21853e-08
761 1.32132e-08
762 1.43209e-08
763 1.55139e-08
764 1.67983e-08
765 1.81807e-08
766 1.96681e-08
767 2.12678e-08
768 2.29878e-08
769 2.48367e-08
770 2.68235e-08
771 2.89581e-08
772 3.12509e-08
773 3.37133e-08
774 3.63573e-08
775 3.9196e-08
776 4.22433e-08
777 4.55143e-08
778 4.90254e-08
779 5.27939e-08
780 5.68389e-08
781 6.11809e-08
782 6.58418e-08
783 7.08458e-08
784 7.62187e-08
785 8.19886e-08
786 8.81861e-08
787 9.48444e-08
788 1.01999e-07
789 1.09691e-07
790 1.1796e-07
791 1.26855e-07
792 1.36426e-07
793 1.46727e-07
794 1.5782e-07
795 1.69769e-07
796 1.82647e-07
797 1.96532e-07
798 2.11509e-07
799 2.27672e-07
800 2.45123e-07
801 2.63974e-07
802 2.84347e-07
803 3.06374e-07
804 3.30202e-07
805 3.5599e-07
806 3.83912e-07
807 4.14158e-07
808 4.46936e-07
809 4.82472e-07
810 5.21015e-07
811 5.62834e-07
812 6.08224e-07
813 6.57508e-07
814 7.11035e-07
815 7.69188e-07
816 8.32384e-07
817 9.01076e-07
818 9.75757e-07
819 1.05696e-06
820 1.14528e-06
821 1.24135e-06
822 1.34584e-06
823 1.45952e-06
824 1.58319e-06
825 1.71774e-06
826 1.86411e-06
827 2.02335e-06
828 2.19656e-06
829 2.38496e-06
830 2.58986e-06
831 2.81267e-06
832 3.05491e-06
833 3.31823e-06
834 3.6044e-06
835 3.91534e-06
836 4.2531e-06
837 4.61991e-06
838 5.01814e-06
839 5.45036e-06
840 5.91932e-06
841 6.42797e-06
842 6.97948e-06
843 7.57725e-06
844 8.22492e-06
845 8.92638e-06
846 9.68579e-06
847 1.05076e-05
848 1.13966e-05
849 1.23579e-05
850 1.33968e-05
851 1.45191e-05
852 1.57311e-05
853 1.70392e-05
854 1.84505e-05
855 1.99723e-05
856 2.16126e-05
857 2.33797e-05
858 2.52824e-05
859 2.73303e-05
860 2.95333e-05
861 3.19019e-05
862 3.44473e-05
863 3.71815e-05
864 4.01168e-05
865 4.32665e-05
866 4.66445e-05
867 5.02655e-05
868 5.4145e-05
869 5.82993e-05
870 6.27457e-05
871 6.75021e-05
872 7.25875e-05
873 7.8022e-05
874 8.38263e-05
875 9.00226e-05
876 9.66337e-05
877 0.000103684
878 0.000111198
879 0.000119203
880 0.000127727
881 0.000136797
882 0.000146445
883 0.000156701
884 0.000167598
885 0.000179171
886 0.000191455
887 0.000204486
888 0.000218303
889 0.000232947
890 0.000248457
891 0.000264878
892 0.000282253
893 0.000300629
894 0.000320053
895 0.000340574
896 0.000362244
897 0.000385114
898 0.000409239
899 0.000434675
900 0.00046148
901 0.000489711
902 0.000519432
903 0.000550703
904 0.000583589
905 0.000618155
906 0.000654471
907 0.000692603
908 0.000732624
909 0.000774606
910 0.000818621
911 0.000864746
912 0.000913057
913 0.000963633
914 0.00101655
915 0.0010719
916 0.00112975
917 0.00119019
918 0.0012533
919 0.00131917
920 0.00138789
921 0.00145955
922 0.00153422
923 0.001612
924 0.00169297
925 0.00177724
926 0.00186488
927 0.00195599
928 0.00205065
929 0.00214895
930 0.00225099
931 0.00235686
932 0.00246663
933 0.00258041
934 0.00269827
935 0.0028203
936 0.00294658
937 0.0030772
938 0.00321224
939 0.00335178
940 0.00349589
941 0.00364465
942 0.00379813
943 0.0039564
944 0.00411954
945 0.00428759
946 0.00446062
947 0.00463869
948 0.00482185
949 0.00501016
950 0.00520364
951 0.00540236
952 0.00560633
953 0.00581559
954 0.00603017
955 0.00625009
956 0.00647535
957 0.00670598
958 0.00694197
959 0.00718332
960 0.00743001
961 0.00768205
962 0.00793939
963 0.00820201
964 0.00846987
965 0.00874294
966 0.00902115
967 0.00930445
968 0.00959277
969 0.00988604
970 0.0101842
971 0.0104871
972 0.0107946
973 0.0111068
974 0.0114234
975 0.0117443
976 0.0120694
977 0.0123986
978 0.0127316
979 0.0130685
980 0.0134089
981 0.0137527
982 0.0140997
983 0.0144498
984 0.0148027
985 0.0151582
986 0.0155162
987 0.0158764
988 0.0162385
989 0.0166024
990 0.0169677
991 0.0173343
992 0.0177019
993 0.0180701
994 0.0184389
995 0.0188078
996 0.0191766
997 0.019545
998 0.0199127
999 0.0202795
1000 0.020645
1001 0.0210089
1002 0.0213709
1003 0.0217307
1004 0.022088
1005 0.0224426
1006 0.0227939
1007 0.0231418
1008 0.023486
1009 0.0238261
1010 0.0241617
1011 0.0244927
1012 0.0248186
1013 0.0251392
1014 0.0254541
1015 0.0257631
1016 0.0260658
1017 0.0263619
1018 0.0266512
1019 0.0269333
1020 0.027208
1021 0.027475
1022 0.0277339
1023 0.0279846
1024 0.0282267
1025 0.0284601
1026 0.0286844
1027 0.0288995
1028 0.0291051
1029 0.029301
1030 0.0294869
1031 0.0296627
1032 0.0298283
1033 0.0299833
1034 0.0301276
1035 0.0302612
1036 0.0303838
1037 0.0304953
1038 0.0305956
1039 0.0306846
1040 0.0307621
1041 0.0308282
1042 0.0308827
1043 0.0309255
1044 0.0309567
1045 0.0309763
1046 0.030984
1047 0.0309801
1048 0.0309645
1049 0.0309371
1050 0.0308981
1051 0.0308475
1052 0.0307854
1053 0.0307118
1054 0.0306268
1055 0.0305305
1056 0.0304231
1057 0.0303046
1058 0.0301752
1059 0.030035
1060 0.0298842
1061 0.029723
1062 0.0295515
1063 0.02937
1064 0.0291786
1065 0.0289776
1066 0.0287671
1067 0.0285474
1068 0.0283188
1069 0.0280814
1070 0.0278356
1071 0.0275816
1072 0.0273197
1073 0.0270501
1074 0.0267731
1075 0.026489
1076 0.0261981
1077 0.0259007
1078 0.0255971
1079 0.0252875
1080 0.0249724
1081 0.024652
1082 0.0243265
1083 0.0239964
1084 0.023662
1085 0.0233234
1086 0.0229811
1087 0.0226354
1088 0.0222866
1089 0.0219349
1090 0.0215808
1091 0.0212244
1092 0.0208661
1093 0.0205063
1094 0.0201451
1095 0.0197829
1096 0.01942
1097 0.0190566
1098 0.0186931
1099 0.0183297
1100 0.0179666
1101 0.0176042
1102 0.0172427
1103 0.0168824
1104 0.0165234
1105 0.016166
1106 0.0158105
1107 0.0154571
1108 0.0151059
1109 0.0147573
1110 0.0144113
1111 0.0140683
1112 0.0137283
1113 0.0133915
1114 0.0130582
1115 0.0127285
1116 0.0124024
1117 0.0120803
1118 0.0117622
1119 0.0114482
1120 0.0111384
1121 0.0108331
1122 0.0105322
1123 0.0102358
1124 0.00994419
1125 0.00965726
1126 0.00937515
1127 0.00909792
1128 0.00882563
1129 0.00855833
1130 0.00829606
1131 0.00803886
1132 0.00778676
1133 0.00753978
1134 0.00729795
1135 0.00706127
1136 0.00682975
1137 0.00660338
1138 0.00638217
1139 0.0061661
1140 0.00595515
1141 0.0057493
1142 0.00554853
1143 0.0053528
1144 0.00516207
1145 0.00497631
1146 0.00479547
1147 0.00461951
1148 0.00444837
1149 0.004282
1150 0.00412034
1151 0.00396332
1152 0.0038109
1153 0.00366299
1154 0.00351953
1155 0.00338045
1156 0.00324567
1157 0.00311513
1158 0.00298875
1159 0.00286644
1160 0.00274813
1161 0.00263374
1162 0.00252319
1163 0.0024164
1164 0.00231328
1165 0.00221375
1166 0.00211773
1167 0.00202513
1168 0.00193588
1169 0.00184988
1170 0.00176706
1171 0.00168733
1172 0.00161061
1173 0.00153682
1174 0.00146588
1175 0.0013977
1176 0.0013322
1177 0.00126932
1178 0.00120896
1179 0.00115105
1180 0.00109552
1181 0.00104228
1182 0.000991276
1183 0.000942422
1184 0.00089565
1185 0.00085089
1186 0.000808073
1187 0.000767131
1188 0.000728
1189 0.000690614
1190 0.00065491
1191 0.000620826
1192 0.000588303
1193 0.000557281
1194 0.000527704
1195 0.000499515
1196 0.000472661
1197 0.000447088
1198 0.000422746
1199 0.000399584
1200 0.000377554
1201 0.00035661
1202 0.000336706
1203 0.000317798
1204 0.000299843
1205 0.0002828
1206 0.000266629
1207 0.000251292
1208 0.000236752
1209 0.000222972
1210 0.000209919
1211 0.000197558
1212 0.000185858
1213 0.000174788
1214 0.000164318
1215 0.000154419
1216 0.000145065
1217 0.000136228
1218 0.000127883
1219 0.000120006
1220 0.000112573
1221 0.000105563
1222 9.89537e-05
1223 9.27248e-05
1224 8.68567e-05
1225 8.13307e-05
1226 7.61289e-05
1227 7.12341e-05
1228 6.663e-05
1229 6.23012e-05
1230 5.82326e-05
1231 5.44101e-05
1232 5.08203e-05
1233 4.74503e-05
1234 4.42878e-05
1235 4.13213e-05
1236 3.85396e-05
1237 3.59323e-05
1238 3.34894e-05
1239 3.12013e-05
1240 2.90592e-05
1241 2.70544e-05
1242 2.51789e-05
1243 2.3425e-05
1244 2.17855e-05
1245 2.02535e-05
1246 1.88224e-05
1247 1.74863e-05
1248 1.62391e-05
1249 1.50756e-05
1250 1.39903e-05
1251 1.29786e-05
1252 1.20357e-05
1253 1.11574e-05
1254 1.03394e-05
1255 9.57802e-06
1256 8.86952e-06
1257 8.2105e-06
1258 7.59774e-06
1259 7.0282e-06
1260 6.49904e-06
1261 6.00758e-06
1262 5.55131e-06
1263 5.12787e-06
1264 4.73504e-06
1265 4.37075e-06
1266 4.03305e-06
1267 3.72013e-06
1268 3.43026e-06
1269 3.16186e-06
1270 2.91343e-06
1271 2.68356e-06
1272 2.47096e-06
1273 2.27439e-06
1274 2.09272e-06
1275 1.92488e-06
1276 1.76987e-06
1277 1.62678e-06
1278 1.49472e-06
1279 1.3729e-06
1280 1.26056e-06
1281 1.15701e-06
1282 1.06159e-06
1283 9.73694e-07
1284 8.92763e-07
1285 8.18271e-07
1286 7.49732e-07
1287 6.86692e-07
1288 6.28732e-07
1289 5.75463e-07
1290 5.26522e-07
1291 4.81575e-07
1292 4.40311e-07
1293 4.02442e-07
1294 3.67702e-07
1295 3.35843e-07
1296 3.06637e-07
1297 2.79874e-07
1298 2.55358e-07
1299 2.32909e-07
1300 2.12359e-07
1301 1.93555e-07
1302 1.76356e-07
1303 1.60628e-07
1304 1.46253e-07
1305 1.33119e-07
1306 1.21122e-07
1307 1.10168e-07
1308 1.0017e-07
1309 9.10485e-08
1310 8.2729e-08
1311 7.51439e-08
1312 6.82308e-08
1313 6.19324e-08
1314 5.61963e-08
1315 5.09739e-08
1316 4.62212e-08
1317 4.18972e-08
1318 3.79648e-08
1319 3.43899e-08
1320 3.11409e-08
1321 2.81894e-08
1322 2.55089e-08
1323 2.30755e-08
1324 2.08672e-08
1325 1.88638e-08
1326 1.70471e-08
1327 1.54001e-08
1328 1.39076e-08
1329 1.25554e-08
1330 1.1331e-08
1331 1.02225e-08
1332 9.21943e-09
1333 8.31198e-09
1334 7.49134e-09
1335 6.74948e-09
1336 6.07907e-09
1337 5.47342e-09
1338 4.92649e-09
1339 4.43273e-09
1340 3.98715e-09
1341 3.58517e-09
1342 3.22266e-09
1343 2.89585e-09
1344 2.60132e-09
1345 2.33598e-09
1346 2.09703e-09
1347 1.88189e-09
1348 1.68828e-09
1349 1.51409e-09
1350 1.35744e-09
1351 1.21659e-09
1352 1.09e-09
1353 9.76274e-10
1354 8.74126e-10
1355 7.82413e-10
1356 7.00096e-10
1357 6.26238e-10
1358 5.59991e-10
1359 5.00591e-10
1360 4.47348e-10
1361 3.99639e-10
1362 3.56905e-10
1363 3.18638e-10
1364 2.84383e-10
1365 2.53729e-10
1366 2.26308e-10
1367 2.01786e-10
1368 1.79864e-10
1369 1.60272e-10
1370 1.42769e-10
1371 1.27138e-10
1372 1.13182e-10
1373 1.00726e-10
1374 8.96124e-11
1375 7.97001e-11
1376 7.08618e-11
1377 6.29838e-11
1378 5.5964e-11
1379 4.9711e-11
1380 4.41428e-11
1381 3.9186e-11
1382 3.47749e-11
1383 3.08507e-11
1384 2.73607e-11
1385 2.4258e-11
1386 2.15003e-11
1387 1.90503e-11
1388 1.68741e-11
1389 1.49419e-11
1390 1.32268e-11
1391 1.17049e-11
1392 1.03549e-11
1393 9.15776e-12
1394 8.0965e-12
1395 7.15599e-12
1396 6.32277e-12
1397 5.58483e-12
1398 4.93148e-12
1399 4.35321e-12
1400 3.84156e-12
1401 3.38899e-12
1402 2.9888e-12
1403 2.63506e-12
1404 2.32246e-12
1405 2.0463e-12
1406 1.80243e-12
1407 1.58712e-12
1408 1.3971e-12
1409 1.22945e-12
1410 1.08158e-12
1411 9.512e-13
1412 8.36275e-13
1413 7.35008e-13
1414 6.45802e-13
1415 5.67246e-13
1416 4.98091e-13
1417 4.3723e-13
1418 3.83686e-13
1419 3.36595e-13
1420 2.95191e-13
1421 2.58799e-13
1422 2.26823e-13
1423 1.98736e-13
1424 1.74073e-13
1425 1.52422e-13
1426 1.33423e-13
1427 1.16755e-13
1428 1.02138e-13
1429 8.93223e-14
1430 7.80905e-14
1431 6.82496e-14
1432 5.96302e-14
1433 5.20829e-14
1434 4.54767e-14
1435 3.96959e-14
1436 3.46391e-14
1437 3.02169e-14
1438 2.63511e-14
1439 2.29725e-14
1440 2.00209e-14
1441 1.7443e-14
1442 1.51922e-14
1443 1.32277e-14
1444 1.15136e-14
1445 1.00185e-14
1446 8.71479e-15
1447 7.57833e-15
1448 6.58799e-15
1449 5.72526e-15
1450 4.97394e-15
1451 4.31986e-15
1452 3.7506e-15
1453 3.25533e-15
1454 2.82457e-15
1455 2.45004e-15
1456 2.1245e-15
1457 1.84163e-15
1458 1.59592e-15
1459 1.38256e-15
1460 1.19734e-15
1461 1.03661e-15
1462 8.97178e-16
1463 7.76253e-16
1464 6.71416e-16
1465 5.80554e-16
1466 5.01831e-16
1467 4.33647e-16
1468 3.74609e-16
1469 3.23507e-16
1470 2.79288e-16
1471 2.41038e-16
1472 2.07962e-16
1473 1.79368e-16
1474 1.54657e-16
1475 1.33309e-16
1476 1.14872e-16
1477 9.89542e-17
1478 8.52155e-17
1479 7.33614e-17
1480 6.31368e-17
1481 5.43203e-17
1482 4.67205e-17
1483 4.01716e-17
1484 3.453e-17
1485 2.96715e-17
1486 2.54888e-17
1487 2.1889e-17
1488 1.87919e-17
1489 1.6128e-17
1490 1.38375e-17
1491 1.18687e-17
1492 1.0177e-17
1493 8.72367e-18
1494 7.47566e-18
1495 6.40425e-18
1496 5.48474e-18
1497 4.69583e-18
1498 4.0192e-18
1499 3.43902e-18
1500 2.94172e-18
1501 2.51558e-18
1502 2.15053e-18
1503 1.83791e-18
1504 1.57027e-18
1505 1.3412e-18
1506 1.14521e-18
1507 9.77579e-19
1508 8.34237e-19
1509 7.11704e-19
1510 6.06992e-19
1511 5.17535e-19
1512 4.41133e-19
1513 3.75902e-19
1514 3.20223e-19
1515 2.72713e-19
1516 2.32185e-19
1517 1.97623e-19
1518 1.68157e-19
1519 1.43044e-19
1520 1.21646e-19
1521 1.0342e-19
1522 8.78997e-20
1523 7.46873e-20
1524 6.34429e-20
1525 5.38762e-20
1526 4.57391e-20
1527 3.88201e-20
1528 3.29384e-20
1529 2.79401e-20
1530 2.36936e-20
1531 2.00869e-20
1532 1.70244e-20
1533 1.44249e-20
1534 1.22188e-20
1535 1.03473e-20
1536 8.76001e-21
1537 7.41414e-21
1538 6.27331e-21
1539 5.30655e-21
1540 4.48753e-21
1541 3.79388e-21
1542 3.20655e-21
1543 2.7094e-21
1544 2.2887e-21
1545 1.93279e-21
1546 1.63178e-21
1547 1.37726e-21
1548 1.16213e-21
1549 9.80326e-22
1550 8.26737e-22
1551 6.97019e-22
1552 5.87492e-22
1553 4.95039e-22
1554 4.1702e-22
1555 3.51199e-22
1556 2.95686e-22
1557 2.48879e-22
1558 2.09423e-22
1559 1.76174e-22
1560 1.48162e-22
1561 1.2457e-22
1562 1.04705e-22
1563 8.79833e-23
1564 7.39116e-23
1565 6.20731e-23
1566 5.21163e-23
1567 4.37443e-23
1568 3.67069e-23
1569 3.07929e-23
1570 2.58246e-23
1571 2.16517e-23
1572 1.8148e-23
1573 1.5207e-23
1574 1.27389e-23
1575 1.06684e-23
1576 8.93191e-24
1577 7.47591e-24
1578 6.25547e-24
1579 5.23277e-24
1580 4.37601e-24
1581 3.65848e-24
1582 3.05772e-24
1583 2.55487e-24
1584 2.13411e-24
1585 1.78212e-24
1586 1.48775e-24
1587 1.24165e-24
1588 1.03596e-24
1589 8.64086e-25
1590 7.20519e-25
1591 6.00629e-25
1592 5.00542e-25
1593 4.1701e-25
1594 3.47317e-25
1595 2.89185e-25
1596 2.40713e-25
1597 2.00306e-25
1598 1.66632e-25
1599 1.38579e-25
1600 1.15214e-25
1601 9.57599e-26
1602 7.95672e-26
1603 6.60929e-26
1604 5.48841e-26
1605 4.55626e-26
1606 3.7813e-26
1607 3.13722e-26
1608 2.60206e-26
1609 2.15755e-26
1610 1.78844e-26
1611 1.48204e-26
1612 1.22776e-26
1613 1.0168e-26
1614 8.41844e-27
1615 6.96781e-27
1616 5.76542e-27
1617 4.76909e-27
1618 3.94376e-27
1619 3.26028e-27
1620 2.69446e-27
1621 2.22616e-27
1622 1.83871e-27
1623 1.51824e-27
1624 1.25325e-27
1625 1.03421e-27
1626 8.53195e-28
1627 7.03655e-28
1628 5.80153e-28
1629 4.78186e-28
1630 3.94024e-28
1631 3.2458e-28
1632 2.67296e-28
1633 2.20057e-28
1634 1.81113e-28
1635 1.49018e-28
1636 1.22575e-28
1637 1.00794e-28
1638 8.28601e-29
1639 6.80971e-29
1640 5.59483e-29
1641 4.59535e-29
1642 3.77334e-29
1643 3.09748e-29
1644 2.54195e-29
1645 2.08545e-29
1646 1.71045e-29
1647 1.40248e-29
1648 1.14964e-29
1649 9.42112e-30
1650 7.71828e-30
1651 6.32146e-30
1652 5.17597e-30
1653 4.23687e-30
1654 3.46719e-30
1655 2.83654e-30
1656 2.31995e-30
1657 1.89692e-30
1658 1.5506e-30
1659 1.26716e-30
1660 1.03525e-30
1661 8.45547e-31
1662 6.90418e-31
1663 5.63597e-31
1664 4.59946e-31
1665 3.75256e-31
1666 3.06077e-31
1667 2.49584e-31
1668 2.03463e-31
1669 1.6582e-31
1670 1.35105e-31
1671 1.1005e-31
1672 8.96174e-32
1673 7.29589e-32
1674 5.93811e-32
1675 4.83173e-32
1676 3.93044e-32
1677 3.19642e-32
1678 2.59879e-32
1679 2.11233e-32
1680 1.71648e-32
1681 1.39444e-32
1682 1.13252e-32
1683 9.19546e-33
1684 7.46427e-33
1685 6.05739e-33
1686 4.91437e-33
1687 3.98597e-33
1688 3.2321e-33
1689 2.62011e-33
1690 2.12342e-33
1691 1.72043e-33
1692 1.39355e-33
1693 1.12847e-33
1694 9.13567e-34
1695 7.39389e-34
1696 5.98257e-34
1697 4.83932e-34
1698 3.91347e-34
1699 3.16389e-34
1700 2.55718e-34
1701 2.06624e-34
1702 1.66909e-34
1703 1.34791e-34
1704 1.08822e-34
1705 8.78324e-35
1706 7.08711e-35
1707 5.71691e-35
1708 4.61031e-35
1709 3.71685e-35
1710 2.99568e-35
1711 2.41374e-35
1712 1.94429e-35
1713 1.56569e-35
1714 1.26044e-35
1715 1.01441e-35
1716 8.16159e-36
1717 6.5646e-36
1718 5.27852e-36
1719 4.24312e-36
1720 3.4098e-36
1721 2.7393e-36
1722 2.19998e-36
1723 1.7663e-36
1724 1.41768e-36
1725 1.13751e-36
1726 9.12425e-37
1727 7.31651e-37
1728 5.86508e-37
1729 4.70009e-37
1730 3.7653e-37
1731 3.01547e-37
1732 2.41418e-37
1733 1.93216e-37
1734 1.54588e-37
1735 1.23642e-37
1736 9.88587e-38
1737 7.90166e-38
1738 6.31361e-38
1739 5.04303e-38
1740 4.02679e-38
1741 3.21426e-38
1742 2.5648e-38
1743 2.04587e-38
1744 1.63138e-38
1745 1.30041e-38
1746 1.03623e-38
1747 8.25426e-39
1748 6.57278e-39
1749 5.232e-39
1750 4.16324e-39
1751 3.31163e-39
1752 2.63328e-39
1753 2.09313e-39
1754 1.66318e-39
1755 1.32106e-39
1756 1.04894e-39
1757 8.32568e-40
1758 6.60585e-40
1759 5.23936e-40
1760 4.154e-40
1761 3.29226e-40
1762 2.60831e-40
1763 2.06568e-40
1764 1.63532e-40
1765 1.29413e-40
1766 1.02374e-40
1767 8.09534e-41
1768 6.39905e-41
1769 5.05627e-41
1770 3.99372e-41
1771 3.15325e-41
1772 2.48869e-41
1773 1.96343e-41
1774 1.54843e-41
1775 1.22066e-41
1776 9.61904e-42
1777 7.57699e-42
1778 5.96611e-42
1779 4.69585e-42
1780 3.69458e-42
1781 2.90565e-42
1782 2.28428e-42
1783 1.79507e-42
1784 1.41007e-42
1785 1.1072e-42
1786 8.6903e-43
1787 6.8182e-43
1788 5.34724e-43
1789 4.19193e-43
1790 3.28489e-43
1791 2.57308e-43
1792 2.01468e-43
1793 1.57683e-43
1794 1.23363e-43
1795 9.64729e-44
1796 7.54134e-44
1797 5.89269e-44
1798 4.60256e-44
1799 3.5934e-44
1800 2.80436e-44
1801 2.18766e-44
1802 1.70588e-44
1803 1.32964e-44
1804 1.03596e-44
1805 8.06801e-45
1806 6.28074e-45
1807 4.88735e-45
1808 3.8015e-45
1809 2.95566e-45
1810 2.29706e-45
1811 1.78446e-45
1812 1.38567e-45
1813 1.07555e-45
1814 8.34479e-46
1815 6.47171e-46
1816 5.01695e-46
1817 3.88755e-46
1818 3.01113e-46
1819 2.3313e-46
1820 1.80419e-46
1821 1.39568e-46
1822 1.0792e-46
1823 8.34128e-47
1824 6.44437e-47
1825 4.97671e-47
1826 3.84167e-47
1827 2.96424e-47
1828 2.28623e-47
1829 1.76255e-47
1830 1.35825e-47
1831 1.04623e-47
1832 8.05553e-48
1833 6.19974e-48
1834 4.76944e-48
1835 3.66754e-48
1836 2.81901e-48
1837 2.16586e-48
1838 1.66334e-48
1839 1.27686e-48
1840 9.79757e-49
1841 7.51464e-49
1842 5.76117e-49
1843 4.41496e-49
1844 3.38187e-49
1845 2.5894e-49
1846 1.98178e-49
1847 1.51609e-49
1848 1.15933e-49
1849 8.86137e-50
1850 6.77031e-50
1851 5.17046e-50
1852 3.94696e-50
1853 3.01168e-50
1854 2.29704e-50
1855 1.75122e-50
1856 1.33452e-50
1857 1.01653e-50
1858 7.73981e-51
1859 5.89051e-51
1860 4.48113e-51
1861 3.40749e-51
1862 2.58997e-51
1863 1.96773e-51
1864 1.49435e-51
1865 1.13435e-51
1866 8.60711e-52
1867 6.52799e-52
1868 4.94896e-52
1869 3.75025e-52
1870 2.84066e-52
1871 2.15075e-52
1872 1.6277e-52
1873 1.23132e-52
1874 9.31063e-53
1875 7.0372e-53
1876 5.31659e-53
1877 4.01494e-53
1878 3.03066e-53
1879 2.28669e-53
1880 1.72461e-53
1881 1.30013e-53
1882 9.79699e-54
1883 7.37926e-54
1884 5.55578e-54
1885 4.18109e-54
1886 3.14519e-54
1887 2.36492e-54
1888 1.77746e-54
1889 1.33535e-54
1890 1.00277e-54
1891 7.52697e-55
1892 5.64745e-55
1893 4.23543e-55
1894 3.17508e-55
1895 2.37917e-55
1896 1.782e-55
1897 1.33414e-55
1898 9.98413e-56
1899 7.46846e-56
1900 5.58424e-56
1901 4.17359e-56
1902 3.11795e-56
1903 2.32831e-56
1904 1.7379e-56
1905 1.29665e-56
1906 9.67013e-57
1907 7.20867e-57
1908 5.37145e-57
1909 4.00074e-57
1910 2.97853e-57
1911 2.21655e-57
1912 1.64879e-57
1913 1.22593e-57
1914 9.11129e-58
1915 6.76873e-58
1916 5.02629e-58
1917 3.73079e-58
1918 2.76801e-58
1919 2.05281e-58
1920 1.52174e-58
1921 1.12758e-58
1922 8.35159e-59
1923 6.18305e-59
1924 4.57562e-59
1925 3.38462e-59
1926 2.50256e-59
1927 1.84957e-59
1928 1.36639e-59
1929 1.00899e-59
1930 7.4476e-60
1931 5.49489e-60
1932 4.05242e-60
1933 2.98734e-60
1934 2.20124e-60
1935 1.62131e-60
1936 1.19365e-60
1937 8.78419e-61
1938 6.46161e-61
1939 4.7511e-61
1940 3.4919e-61
1941 2.56533e-61
1942 1.88381e-61
1943 1.38276e-61
1944 1.01454e-61
1945 7.44062e-62
1946 5.45458e-62
1947 3.99694e-62
1948 2.92758e-62
1949 2.1434e-62
1950 1.5686e-62
1951 1.14746e-62
1952 8.39027e-63
1953 6.13238e-63
1954 4.48019e-63
1955 3.27174e-63
1956 2.38823e-63
1957 1.74256e-63
1958 1.27091e-63
1959 9.26521e-64
1960 6.75167e-64
1961 4.91793e-64
1962 3.5807e-64
1963 2.60596e-64
1964 1.89576e-64
1965 1.37852e-64
1966 1.00198e-64
1967 7.27982e-65
1968 5.28684e-65
1969 3.83785e-65
1970 2.7848e-65
1971 2.01983e-65
1972 1.46437e-65
1973 1.06122e-65
1974 7.68725e-66
1975 5.56613e-66
1976 4.02858e-66
1977 2.91451e-66
1978 2.10763e-66
1979 1.52349e-66
1980 1.10078e-66
1981 7.95014e-67
1982 5.7394e-67
1983 4.14165e-67
1984 2.98742e-67
1985 2.15395e-67
1986 1.55235e-67
1987 1.1183e-67
1988 8.05278e-68
1989 5.79626e-68
1990 4.17028e-68
1991 2.99916e-68
1992 2.156e-68
1993 1.54923e-68
1994 1.11275e-68
1995 7.98907e-69
1996 5.73338e-69
1997 4.11283e-69
1998 2.94909e-69
1999 2.11374e-69
2000 1.51437e-69
2001 1.08449e-69
2002 7.76317e-70
2003 5.55479e-70
2004 3.97295e-70
2005 2.84037e-70
2006 2.0298e-70
2007 1.44993e-70
2008 1.03528e-70
2009 7.38901e-71
2010 5.27145e-71
2011 3.75917e-71
2012 2.67959e-71
2013 1.90925e-71
2014 1.3598e-71
2015 9.68057e-72
2016 6.88881e-72
2017 4.90008e-72
2018 3.484e-72
2019 2.4761e-72
2020 1.75903e-72
2021 1.24908e-72
2022 8.86588e-73
2023 6.29016e-73
2024 4.46076e-73
2025 3.16197e-73
2026 2.24029e-73
2027 1.58649e-73
2028 1.12291e-73
2029 7.94349e-74
2030 5.61576e-74
2031 3.96737e-74
2032 2.80053e-74
2033 1.97493e-74
2034 1.39101e-74
2035 9.782e-75
2036 6.86494e-75
2037 4.8046e-75
2038 3.35013e-75
2039 2.32405e-75
2040 1.60083e-75
2041 1.09178e-75
2042 7.34332e-76
2043 4.84455e-76
2044 3.11285e-76
2045 1.93383e-76
2046 1.16116e-76
2047 6.98599e-77
