0 1.06348e-40
1 8.99996e-41
2 7.75083e-41
3 6.83849e-41
4 6.22727e-41
5 5.89317e-41
6 5.82181e-41
7 6.00775e-41
8 6.4567e-41
9 7.18394e-41
10 8.21413e-41
11 9.58296e-41
12 1.13383e-40
13 1.35429e-40
14 1.6275e-40
15 1.96302e-40
16 2.37281e-40
17 2.87125e-40
18 3.47606e-40
19 4.2089e-40
20 5.09496e-40
21 6.16546e-40
22 7.45842e-40
23 9.01886e-40
24 1.09009e-39
25 1.31698e-39
26 1.59056e-39
27 1.9203e-39
28 2.31748e-39
29 2.79572e-39
30 3.37183e-39
31 4.06559e-39
32 4.90024e-39
33 5.90453e-39
34 7.11285e-39
35 8.56657e-39
36 1.03144e-38
37 1.2415e-38
38 1.49405e-38
39 1.79761e-38
40 2.1623e-38
41 2.60023e-38
42 3.12598e-38
43 3.75737e-38
44 4.51559e-38
45 5.42524e-38
46 6.51615e-38
47 7.82507e-38
48 9.39544e-38
49 1.12776e-37
50 1.35327e-37
51 1.62361e-37
52 1.94763e-37
53 2.33571e-37
54 2.8003e-37
55 3.35659e-37
56 4.02274e-37
57 4.81987e-37
58 5.77327e-37
59 6.91404e-37
60 8.27865e-37
61 9.90975e-37
62 1.18592e-36
63 1.41895e-36
64 1.69743e-36
65 2.03003e-36
66 2.4272e-36
67 2.90149e-36
68 3.46762e-36
69 4.14328e-36
70 4.94949e-36
71 5.91115e-36
72 7.05805e-36
73 8.42559e-36
74 1.00558e-35
75 1.19986e-35
76 1.43135e-35
77 1.70712e-35
78 2.03554e-35
79 2.4266e-35
80 2.89213e-35
81 3.44619e-35
82 4.10543e-35
83 4.88966e-35
84 5.82242e-35
85 6.93148e-35
86 8.24996e-35
87 9.81707e-35
88 1.16792e-34
89 1.38912e-34
90 1.65184e-34
91 1.96385e-34
92 2.33426e-34
93 2.77386e-34
94 3.29552e-34
95 3.91438e-34
96 4.64847e-34
97 5.51893e-34
98 6.5509e-34
99 7.77421e-34
100 9.22384e-34
101 1.09412e-33
102 1.29755e-33
103 1.53845e-33
104 1.82366e-33
105 2.16128e-33
106 2.56082e-33
107 3.03351e-33
108 3.59265e-33
109 4.25391e-33
110 5.03573e-33
111 5.95989e-33
112 7.05211e-33
113 8.34252e-33
114 9.86676e-33
115 1.16669e-32
116 1.37925e-32
117 1.63016e-32
118 1.92625e-32
119 2.27562e-32
120 2.68776e-32
121 3.17378e-32
122 3.74684e-32
123 4.42237e-32
124 5.21853e-32
125 6.15662e-32
126 7.26164e-32
127 8.56302e-32
128 1.00954e-31
129 1.18992e-31
130 1.4022e-31
131 1.65199e-31
132 1.94583e-31
133 2.29141e-31
134 2.69774e-31
135 3.17541e-31
136 3.73679e-31
137 4.39643e-31
138 5.17133e-31
139 6.08144e-31
140 7.15007e-31
141 8.40458e-31
142 9.87699e-31
143 1.16047e-30
144 1.36315e-30
145 1.60087e-30
146 1.87962e-30
147 2.20641e-30
148 2.58943e-30
149 3.03826e-30
150 3.56408e-30
151 4.17995e-30
152 4.90116e-30
153 5.7455e-30
154 6.7338e-30
155 7.89034e-30
156 9.2434e-30
157 1.08261e-29
158 1.2677e-29
159 1.48409e-29
160 1.73703e-29
161 2.03263e-29
162 2.37799e-29
163 2.78141e-29
164 3.25254e-29
165 3.80263e-29
166 4.44474e-29
167 5.1941e-29
168 6.06844e-29
169 7.08835e-29
170 8.27783e-29
171 9.66474e-29
172 1.12814e-28
173 1.31656e-28
174 1.5361e-28
175 1.79183e-28
176 2.08966e-28
177 2.43646e-28
178 2.84015e-28
179 3.30998e-28
180 3.85666e-28
181 4.49257e-28
182 5.23217e-28
183 6.09213e-28
184 7.09181e-28
185 8.25365e-28
186 9.60362e-28
187 1.11718e-27
188 1.29932e-27
189 1.5108e-27
190 1.7563e-27
191 2.04122e-27
192 2.37183e-27
193 2.75535e-27
194 3.20015e-27
195 3.71592e-27
196 4.31384e-27
197 5.00682e-27
198 5.80979e-27
199 6.74001e-27
200 7.8174e-27
201 9.06495e-27
202 1.05092e-26
203 1.21808e-26
204 1.41151e-26
205 1.6353e-26
206 1.89413e-26
207 2.19343e-26
208 2.53946e-26
209 2.93942e-26
210 3.4016e-26
211 3.93558e-26
212 4.55236e-26
213 5.26462e-26
214 6.08696e-26
215 7.03618e-26
216 8.1316e-26
217 9.39547e-26
218 1.08533e-25
219 1.25346e-25
220 1.44731e-25
221 1.67077e-25
222 1.92829e-25
223 2.22501e-25
224 2.56681e-25
225 2.96045e-25
226 3.4137e-25
227 3.93545e-25
228 4.53592e-25
229 5.22684e-25
230 6.02163e-25
231 6.93572e-25
232 7.98676e-25
233 9.19499e-25
234 1.05836e-24
235 1.21791e-24
236 1.4012e-24
237 1.61171e-24
238 1.85342e-24
239 2.13088e-24
240 2.44933e-24
241 2.81472e-24
242 3.23389e-24
243 3.71462e-24
244 4.26583e-24
245 4.89771e-24
246 5.6219e-24
247 6.4517e-24
248 7.40226e-24
249 8.49094e-24
250 9.73749e-24
251 1.11645e-23
252 1.27977e-23
253 1.46664e-23
254 1.68041e-23
255 1.92491e-23
256 2.20447e-23
257 2.52406e-23
258 2.88933e-23
259 3.3067e-23
260 3.7835e-23
261 4.32807e-23
262 4.9499e-23
263 5.65979e-23
264 6.47004e-23
265 7.3946e-23
266 8.44939e-23
267 9.65246e-23
268 1.10244e-22
269 1.25884e-22
270 1.43712e-22
271 1.64027e-22
272 1.87173e-22
273 2.13537e-22
274 2.43561e-22
275 2.77743e-22
276 3.16653e-22
277 3.60933e-22
278 4.11313e-22
279 4.68622e-22
280 5.33796e-22
281 6.07899e-22
282 6.92135e-22
283 7.87867e-22
284 8.9664e-22
285 1.0202e-21
286 1.16053e-21
287 1.31987e-21
288 1.50074e-21
289 1.70602e-21
290 1.93893e-21
291 2.20315e-21
292 2.50281e-21
293 2.84257e-21
294 3.22773e-21
295 3.66425e-21
296 4.15884e-21
297 4.71912e-21
298 5.35365e-21
299 6.0721e-21
300 6.88539e-21
301 7.80582e-21
302 8.84724e-21
303 1.00253e-20
304 1.13576e-20
305 1.28639e-20
306 1.45667e-20
307 1.64911e-20
308 1.86654e-20
309 2.11214e-20
310 2.38951e-20
311 2.70268e-20
312 3.05618e-20
313 3.45513e-20
314 3.90525e-20
315 4.41299e-20
316 4.9856e-20
317 5.63122e-20
318 6.35898e-20
319 7.17915e-20
320 8.10325e-20
321 9.14421e-20
322 1.03166e-19
323 1.16366e-19
324 1.31225e-19
325 1.47948e-19
326 1.66765e-19
327 1.87933e-19
328 2.1174e-19
329 2.3851e-19
330 2.68604e-19
331 3.02428e-19
332 3.40435e-19
333 3.83133e-19
334 4.31091e-19
335 4.84945e-19
336 5.45405e-19
337 6.13268e-19
338 6.89422e-19
339 7.74861e-19
340 8.70695e-19
341 9.78166e-19
342 1.09866e-18
343 1.23372e-18
344 1.38508e-18
345 1.55466e-18
346 1.74462e-18
347 1.95735e-18
348 2.19553e-18
349 2.46214e-18
350 2.76051e-18
351 3.09433e-18
352 3.46775e-18
353 3.88534e-18
354 4.35224e-18
355 4.87414e-18
356 5.45737e-18
357 6.10899e-18
358 6.83685e-18
359 7.64966e-18
360 8.55714e-18
361 9.57005e-18
362 1.07004e-17
363 1.19614e-17
364 1.3368e-17
365 1.49364e-17
366 1.6685e-17
367 1.86339e-17
368 2.08055e-17
369 2.32248e-17
370 2.59194e-17
371 2.89197e-17
372 3.22598e-17
373 3.59772e-17
374 4.01135e-17
375 4.47148e-17
376 4.98324e-17
377 5.55226e-17
378 6.18481e-17
379 6.88782e-17
380 7.66895e-17
381 8.5367e-17
382 9.50042e-17
383 1.05705e-16
384 1.17584e-16
385 1.30769e-16
386 1.45398e-16
387 1.61627e-16
388 1.79627e-16
389 1.99586e-16
390 2.21714e-16
391 2.46239e-16
392 2.73416e-16
393 3.03525e-16
394 3.36875e-16
395 3.73807e-16
396 4.14696e-16
397 4.59956e-16
398 5.10045e-16
399 5.65464e-16
400 6.26767e-16
401 6.94565e-16
402 7.69529e-16
403 8.52398e-16
404 9.43985e-16
405 1.04518e-15
406 1.15698e-15
407 1.28045e-15
408 1.4168e-15
409 1.56731e-15
410 1.73344e-15
411 1.91675e-15
412 2.11897e-15
413 2.34201e-15
414 2.58796e-15
415 2.85909e-15
416 3.15792e-15
417 3.48719e-15
418 3.84992e-15
419 4.24942e-15
420 4.68929e-15
421 5.17352e-15
422 5.70642e-15
423 6.29275e-15
424 6.93771e-15
425 7.64698e-15
426 8.42677e-15
427 9.28389e-15
428 1.02258e-14
429 1.12605e-14
430 1.2397e-14
431 1.36449e-14
432 1.50148e-14
433 1.65182e-14
434 1.81678e-14
435 1.99773e-14
436 2.19617e-14
437 2.41374e-14
438 2.65222e-14
439 2.91355e-14
440 3.19986e-14
441 3.51345e-14
442 3.85684e-14
443 4.23278e-14
444 4.64425e-14
445 5.0945e-14
446 5.58707e-14
447 6.1258e-14
448 6.7149e-14
449 7.35892e-14
450 8.06283e-14
451 8.83201e-14
452 9.67233e-14
453 1.05902e-13
454 1.15925e-13
455 1.26868e-13
456 1.38812e-13
457 1.51847e-13
458 1.6607e-13
459 1.81584e-13
460 1.98504e-13
461 2.16954e-13
462 2.37066e-13
463 2.58988e-13
464 2.82876e-13
465 3.08902e-13
466 3.3725e-13
467 3.68122e-13
468 4.01735e-13
469 4.38325e-13
470 4.78147e-13
471 5.21478e-13
472 5.68616e-13
473 6.19885e-13
474 6.75635e-13
475 7.36243e-13
476 8.02119e-13
477 8.73705e-13
478 9.51476e-13
479 1.03595e-12
480 1.12768e-12
481 1.22726e-12
482 1.33535e-12
483 1.45264e-12
484 1.57989e-12
485 1.71789e-12
486 1.86753e-12
487 2.02974e-12
488 2.20554e-12
489 2.39601e-12
490 2.60232e-12
491 2.82573e-12
492 3.0676e-12
493 3.32936e-12
494 3.61259e-12
495 3.91896e-12
496 4.25026e-12
497 4.60843e-12
498 4.99553e-12
499 5.41379e-12
500 5.86558e-12
501 6.35346e-12
502 6.88016e-12
503 7.44862e-12
504 8.06196e-12
505 8.72354e-12
506 9.43698e-12
507 1.02061e-11
508 1.10351e-11
509 1.19282e-11
510 1.28904e-11
511 1.39265e-11
512 1.5042e-11
513 1.62428e-11
514 1.75348e-11
515 1.89249e-11
516 2.04199e-11
517 2.20276e-11
518 2.37558e-11
519 2.56134e-11
520 2.76094e-11
521 2.97538e-11
522 3.2057e-11
523 3.45304e-11
524 3.71859e-11
525 4.00363e-11
526 4.30954e-11
527 4.63778e-11
528 4.98992e-11
529 5.36762e-11
530 5.77267e-11
531 6.20696e-11
532 6.67253e-11
533 7.17154e-11
534 7.7063e-11
535 8.27928e-11
536 8.89309e-11
537 9.55054e-11
538 1.02546e-10
539 1.10085e-10
540 1.18155e-10
541 1.26793e-10
542 1.36037e-10
543 1.45928e-10
544 1.56509e-10
545 1.67826e-10
546 1.79929e-10
547 1.92868e-10
548 2.06699e-10
549 2.21481e-10
550 2.37275e-10
551 2.54147e-10
552 2.72166e-10
553 2.91407e-10
554 3.11946e-10
555 3.33867e-10
556 3.57255e-10
557 3.82203e-10
558 4.08808e-10
559 4.37172e-10
560 4.67401e-10
561 4.9961e-10
562 5.33918e-10
563 5.70449e-10
564 6.09337e-10
565 6.50719e-10
566 6.94742e-10
567 7.41557e-10
568 7.91325e-10
569 8.44214e-10
570 9.00399e-10
571 9.60066e-10
572 1.02341e-09
573 1.09062e-09
574 1.16193e-09
575 1.23754e-09
576 1.31768e-09
577 1.40261e-09
578 1.49257e-09
579 1.58782e-09
580 1.68864e-09
581 1.79531e-09
582 1.90814e-09
583 2.02743e-09
584 2.15352e-09
585 2.28674e-09
586 2.42745e-09
587 2.57602e-09
588 2.73284e-09
589 2.89832e-09
590 3.07287e-09
591 3.25694e-09
592 3.45101e-09
593 3.65554e-09
594 3.87106e-09
595 4.09808e-09
596 4.33719e-09
597 4.58895e-09
598 4.85398e-09
599 5.13294e-09
600 5.42649e-09
601 5.73535e-09
602 6.06027e-09
603 6.40203e-09
604 6.76147e-09
605 7.13946e-09
606 7.53692e-09
607 7.9548e-09
608 8.39414e-09
609 8.856e-09
610 9.34152e-09
611 9.85189e-09
612 1.03884e-08
613 1.09522e-08
614 1.15449e-08
615 1.21679e-08
616 1.28227e-08
617 1.35109e-08
618 1.42343e-08
619 1.49946e-08
620 1.57937e-08
621 1.66335e-08
622 1.75162e-08
623 1.84439e-08
624 1.94188e-08
625 2.04434e-08
626 2.152e-08
627 2.26512e-08
628 2.38398e-08
629 2.50885e-08
630 2.64001e-08
631 2.77777e-08
632 2.92243e-08
633 3.07432e-08
634 3.23376e-08
635 3.4011e-08
636 3.57668e-08
637 3.76085e-08
638 3.954e-08
639 4.15648e-08
640 4.36869e-08
641 4.591e-08
642 4.82382e-08
643 5.06753e-08
644 5.32254e-08
645 5.58925e-08
646 5.86807e-08
647 6.1594e-08
648 6.46364e-08
649 6.78119e-08
650 7.11244e-08
651 7.4578e-08
652 7.81763e-08
653 8.19231e-08
654 8.5822e-08
655 8.98765e-08
656 9.40898e-08
657 9.84653e-08
658 1.03006e-07
659 1.07714e-07
660 1.12593e-07
661 1.17645e-07
662 1.22872e-07
663 1.28275e-07
664 1.33857e-07
665 1.39619e-07
666 1.45562e-07
667 1.51686e-07
668 1.57993e-07
669 1.64481e-07
670 1.71152e-07
671 1.78005e-07
672 1.85039e-07
673 1.92254e-07
674 1.99648e-07
675 2.07219e-07
676 2.14967e-07
677 2.2289e-07
678 2.30986e-07
679 2.39254e-07
680 2.4769e-07
681 2.56294e-07
682 2.65064e-07
683 2.73998e-07
684 2.83095e-07
685 2.92353e-07
686 3.01773e-07
687 3.11354e-07
688 3.21095e-07
689 3.30999e-07
690 3.41067e-07
691 3.51301e-07
692 3.61706e-07
693 3.72285e-07
694 3.83045e-07
695 3.93992e-07
696 4.05136e-07
697 4.16487e-07
698 4.28056e-07
699 4.39858e-07
700 4.51907e-07
701 4.64221e-07
702 4.76821e-07
703 4.89727e-07
704 5.02965e-07
705 5.16562e-07
706 5.30546e-07
707 5.4495e-07
708 5.59809e-07
709 5.75159e-07
710 5.91042e-07
711 6.075e-07
712 6.24579e-07
713 6.42328e-07
714 6.60799e-07
715 6.80045e-07
716 7.00125e-07
717 7.21097e-07
718 7.43024e-07
719 7.6597e-07
720 7.90002e-07
721 8.1519e-07
722 8.41602e-07
723 8.69313e-07
724 8.98396e-07
725 9.28924e-07
726 9.60974e-07
727 9.94622e-07
728 1.02994e-06
729 1.06701e-06
730 1.1059e-06
731 1.14669e-06
732 1.18945e-06
733 1.23424e-06
734 1.28114e-06
735 1.3302e-06
736 1.38149e-06
737 1.43506e-06
738 1.49096e-06
739 1.54924e-06
740 1.60992e-06
741 1.67305e-06
742 1.73864e-06
743 1.80671e-06
744 1.87726e-06
745 1.95029e-06
746 2.02579e-06
747 2.10373e-06
748 2.18408e-06
749 2.26678e-06
750 2.35178e-06
751 2.439e-06
752 2.52836e-06
753 2.61974e-06
754 2.71305e-06
755 2.80814e-06
756 2.90488e-06
757 3.0031e-06
758 3.10263e-06
759 3.20327e-06
760 3.30482e-06
761 3.40706e-06
762 3.50975e-06
763 3.61264e-06
764 3.71546e-06
765 3.81793e-06
766 3.91975e-06
767 4.02062e-06
768 4.12021e-06
769 4.2182e-06
770 4.31423e-06
771 4.40796e-06
772 4.49901e-06
773 4.58702e-06
774 4.67162e-06
775 4.75241e-06
776 4.82902e-06
777 4.90105e-06
778 4.96811e-06
779 5.02983e-06
780 5.08581e-06
781 5.13567e-06
782 5.17905e-06
783 5.21558e-06
784 5.24492e-06
785 5.26672e-06
786 5.28066e-06
787 5.28644e-06
788 5.28378e-06
789 5.27243e-06
790 5.25214e-06
791 5.22271e-06
792 5.18398e-06
793 5.13579e-06
794 5.07804e-06
795 5.01067e-06
796 4.93365e-06
797 4.847e-06
798 4.75077e-06
799 4.64507e-06
800 4.53007e-06
801 4.40597e-06
802 4.27303e-06
803 4.13159e-06
804 3.98201e-06
805 3.82474e-06
806 3.66027e-06
807 3.48916e-06
808 3.31204e-06
809 3.1296e-06
810 2.9426e-06
811 2.75187e-06
812 2.55829e-06
813 2.36282e-06
814 2.1665e-06
815 1.97043e-06
816 1.77576e-06
817 1.58375e-06
818 1.39569e-06
819 1.21296e-06
820 1.037e-06
821 8.69317e-07
822 7.11482e-07
823 5.65134e-07
824 4.31971e-07
825 3.13754e-07
826 2.123e-07
827 1.29488e-07
828 6.72475e-08
829 2.75632e-08
830 1.24694e-08
831 2.40482e-08
832 6.4427e-08
833 1.35775e-07
834 2.40302e-07
835 3.80254e-07
836 5.57909e-07
837 7.75577e-07
838 1.0356e-06
839 1.34033e-06
840 1.69215e-06
841 2.09347e-06
842 2.54669e-06
843 3.05426e-06
844 3.61859e-06
845 4.24213e-06
846 4.92733e-06
847 5.67663e-06
848 6.49246e-06
849 7.37727e-06
850 8.33349e-06
851 9.36352e-06
852 1.04698e-05
853 1.16547e-05
854 1.29205e-05
855 1.42698e-05
856 1.57047e-05
857 1.72277e-05
858 1.8841e-05
859 2.05468e-05
860 2.23476e-05
861 2.42455e-05
862 2.62427e-05
863 2.83415e-05
864 3.0544e-05
865 3.28524e-05
866 3.52689e-05
867 3.77955e-05
868 4.04346e-05
869 4.31881e-05
870 4.60582e-05
871 4.9047e-05
872 5.21567e-05
873 5.53894e-05
874 5.87472e-05
875 6.22324e-05
876 6.5847e-05
877 6.95933e-05
878 7.34736e-05
879 7.74901e-05
880 8.16452e-05
881 8.59413e-05
882 9.03807e-05
883 9.49661e-05
884 9.96999e-05
885 0.000104585
886 0.000109624
887 0.000114819
888 0.000120175
889 0.000125693
890 0.000131377
891 0.00013723
892 0.000143257
893 0.000149459
894 0.000155841
895 0.000162408
896 0.000169163
897 0.00017611
898 0.000183254
899 0.000190599
900 0.000198151
901 0.000205914
902 0.000213895
903 0.000222097
904 0.000230528
905 0.000239193
906 0.000248099
907 0.000257252
908 0.000266659
909 0.000276327
910 0.000286263
911 0.000296476
912 0.000306974
913 0.000317763
914 0.000328855
915 0.000340256
916 0.000351977
917 0.000364028
918 0.000376417
919 0.000389156
920 0.000402255
921 0.000415725
922 0.000429578
923 0.000443825
924 0.000458478
925 0.000473549
926 0.000489052
927 0.000504999
928 0.000521404
929 0.000538281
930 0.000555644
931 0.000573507
932 0.000591886
933 0.000610795
934 0.00063025
935 0.000650267
936 0.000670863
937 0.000692053
938 0.000713855
939 0.000736287
940 0.000759365
941 0.000783107
942 0.000807532
943 0.000832659
944 0.000858505
945 0.000885091
946 0.000912435
947 0.000940557
948 0.000969476
949 0.000999214
950 0.00102979
951 0.00106122
952 0.00109354
953 0.00112675
954 0.00116089
955 0.00119597
956 0.00123201
957 0.00126904
958 0.00130708
959 0.00134614
960 0.00138626
961 0.00142745
962 0.00146974
963 0.00151314
964 0.00155768
965 0.00160339
966 0.00165028
967 0.00169837
968 0.00174769
969 0.00179826
970 0.00185011
971 0.00190324
972 0.0019577
973 0.00201349
974 0.00207063
975 0.00212916
976 0.00218908
977 0.00225043
978 0.00231322
979 0.00237747
980 0.0024432
981 0.00251043
982 0.00257918
983 0.00264947
984 0.00272131
985 0.00279473
986 0.00286974
987 0.00294637
988 0.00302461
989 0.0031045
990 0.00318605
991 0.00326927
992 0.00335417
993 0.00344077
994 0.00352909
995 0.00361913
996 0.00371091
997 0.00380444
998 0.00389972
999 0.00399678
1000 0.0040956
1001 0.00419621
1002 0.00429861
1003 0.00440281
1004 0.00450881
1005 0.00461661
1006 0.00472623
1007 0.00483765
1008 0.00495088
1009 0.00506593
1010 0.00518279
1011 0.00530146
1012 0.00542193
1013 0.00554421
1014 0.00566828
1015 0.00579415
1016 0.0059218
1017 0.00605122
1018 0.0061824
1019 0.00631534
1020 0.00645002
1021 0.00658643
1022 0.00672455
1023 0.00686436
1024 0.00700585
1025 0.007149
1026 0.00729379
1027 0.00744019
1028 0.00758819
1029 0.00773776
1030 0.00788887
1031 0.0080415
1032 0.00819561
1033 0.00835119
1034 0.00850819
1035 0.00866658
1036 0.00882634
1037 0.00898741
1038 0.00914978
1039 0.00931339
1040 0.00947821
1041 0.0096442
1042 0.00981132
1043 0.00997951
1044 0.0101487
1045 0.010319
1046 0.0104901
1047 0.0106622
1048 0.0108351
1049 0.0110087
1050 0.0111832
1051 0.0113582
1052 0.011534
1053 0.0117102
1054 0.011887
1055 0.0120643
1056 0.0122419
1057 0.0124199
1058 0.0125981
1059 0.0127765
1060 0.012955
1061 0.0131336
1062 0.0133123
1063 0.0134908
1064 0.0136692
1065 0.0138474
1066 0.0140253
1067 0.0142029
1068 0.0143801
1069 0.0145567
1070 0.0147328
1071 0.0149082
1072 0.0150829
1073 0.0152569
1074 0.0154299
1075 0.015602
1076 0.0157731
1077 0.0159431
1078 0.0161119
1079 0.0162795
1080 0.0164457
1081 0.0166105
1082 0.0167739
1083 0.0169356
1084 0.0170957
1085 0.0172541
1086 0.0174108
1087 0.0175655
1088 0.0177183
1089 0.017869
1090 0.0180177
1091 0.0181642
1092 0.0183084
1093 0.0184503
1094 0.0185898
1095 0.0187268
1096 0.0188613
1097 0.0189932
1098 0.0191224
1099 0.0192488
1100 0.0193724
1101 0.0194932
1102 0.0196109
1103 0.0197257
1104 0.0198374
1105 0.0199459
1106 0.0200513
1107 0.0201534
1108 0.0202521
1109 0.0203475
1110 0.0204395
1111 0.020528
1112 0.020613
1113 0.0206943
1114 0.0207721
1115 0.0208462
1116 0.0209166
1117 0.0209832
1118 0.021046
1119 0.021105
1120 0.0211602
1121 0.0212114
1122 0.0212587
1123 0.0213021
1124 0.0213415
1125 0.0213768
1126 0.0214081
1127 0.0214354
1128 0.0214586
1129 0.0214778
1130 0.0214928
1131 0.0215037
1132 0.0215106
1133 0.0215132
1134 0.0215118
1135 0.0215063
1136 0.0214966
1137 0.0214828
1138 0.0214649
1139 0.0214428
1140 0.0214167
1141 0.0213865
1142 0.0213523
1143 0.021314
1144 0.0212716
1145 0.0212253
1146 0.0211749
1147 0.0211207
1148 0.0210624
1149 0.0210003
1150 0.0209344
1151 0.0208646
1152 0.020791
1153 0.0207137
1154 0.0206326
1155 0.0205479
1156 0.0204596
1157 0.0203677
1158 0.0202723
1159 0.0201734
1160 0.0200711
1161 0.0199655
1162 0.0198565
1163 0.0197443
1164 0.0196289
1165 0.0195104
1166 0.0193888
1167 0.0192643
1168 0.0191368
1169 0.0190064
1170 0.0188732
1171 0.0187373
1172 0.0185988
1173 0.0184576
1174 0.018314
1175 0.0181679
1176 0.0180194
1177 0.0178687
1178 0.0177157
1179 0.0175606
1180 0.0174035
1181 0.0172443
1182 0.0170833
1183 0.0169204
1184 0.0167558
1185 0.0165895
1186 0.0164217
1187 0.0162523
1188 0.0160815
1189 0.0159094
1190 0.015736
1191 0.0155614
1192 0.0153857
1193 0.0152089
1194 0.0150313
1195 0.0148527
1196 0.0146734
1197 0.0144933
1198 0.0143127
1199 0.0141314
1200 0.0139497
1201 0.0137676
1202 0.0135852
1203 0.0134025
1204 0.0132196
1205 0.0130366
1206 0.0128536
1207 0.0126707
1208 0.0124878
1209 0.0123051
1210 0.0121227
1211 0.0119406
1212 0.0117589
1213 0.0115776
1214 0.0113968
1215 0.0112166
1216 0.011037
1217 0.0108581
1218 0.01068
1219 0.0105027
1220 0.0103262
1221 0.0101507
1222 0.00997611
1223 0.00980257
1224 0.00963011
1225 0.00945878
1226 0.00928861
1227 0.00911967
1228 0.00895198
1229 0.00878561
1230 0.00862058
1231 0.00845693
1232 0.00829472
1233 0.00813396
1234 0.00797471
1235 0.00781698
1236 0.00766082
1237 0.00750625
1238 0.00735331
1239 0.00720202
1240 0.00705241
1241 0.0069045
1242 0.00675831
1243 0.00661388
1244 0.00647121
1245 0.00633033
1246 0.00619125
1247 0.006054
1248 0.00591857
1249 0.005785
1250 0.00565329
1251 0.00552344
1252 0.00539548
1253 0.0052694
1254 0.00514522
1255 0.00502294
1256 0.00490255
1257 0.00478408
1258 0.00466751
1259 0.00455285
1260 0.0044401
1261 0.00432925
1262 0.0042203
1263 0.00411325
1264 0.0040081
1265 0.00390483
1266 0.00380344
1267 0.00370393
1268 0.00360628
1269 0.00351048
1270 0.00341653
1271 0.0033244
1272 0.0032341
1273 0.0031456
1274 0.0030589
1275 0.00297398
1276 0.00289082
1277 0.0028094
1278 0.00272972
1279 0.00265175
1280 0.00257548
1281 0.00250089
1282 0.00242796
1283 0.00235667
1284 0.00228701
1285 0.00221894
1286 0.00215246
1287 0.00208754
1288 0.00202416
1289 0.00196231
1290 0.00190195
1291 0.00184306
1292 0.00178564
1293 0.00172964
1294 0.00167506
1295 0.00162186
1296 0.00157003
1297 0.00151954
1298 0.00147037
1299 0.0014225
1300 0.00137591
1301 0.00133056
1302 0.00128644
1303 0.00124353
1304 0.00120181
1305 0.00116124
1306 0.00112181
1307 0.00108349
1308 0.00104627
1309 0.00101012
1310 0.000975012
1311 0.000940931
1312 0.000907853
1313 0.000875757
1314 0.00084462
1315 0.000814421
1316 0.000785139
1317 0.000756753
1318 0.000729242
1319 0.000702584
1320 0.000676761
1321 0.000651751
1322 0.000627535
1323 0.000604092
1324 0.000581405
1325 0.000559453
1326 0.000538217
1327 0.00051768
1328 0.000497823
1329 0.000478627
1330 0.000460075
1331 0.00044215
1332 0.000424835
1333 0.000408112
1334 0.000391966
1335 0.000376379
1336 0.000361337
1337 0.000346823
1338 0.000332822
1339 0.00031932
1340 0.000306301
1341 0.000293751
1342 0.000281656
1343 0.000270002
1344 0.000258777
1345 0.000247965
1346 0.000237556
1347 0.000227535
1348 0.000217891
1349 0.000208612
1350 0.000199686
1351 0.000191102
1352 0.000182848
1353 0.000174913
1354 0.000167288
1355 0.000159961
1356 0.000152923
1357 0.000146164
1358 0.000139673
1359 0.000133443
1360 0.000127464
1361 0.000121726
1362 0.000116223
1363 0.000110945
1364 0.000105884
1365 0.000101032
1366 9.63824e-05
1367 9.19273e-05
1368 8.76594e-05
1369 8.3572e-05
1370 7.96582e-05
1371 7.59117e-05
1372 7.23259e-05
1373 6.8895e-05
1374 6.56128e-05
1375 6.24738e-05
1376 5.94723e-05
1377 5.6603e-05
1378 5.38606e-05
1379 5.12403e-05
1380 4.87371e-05
1381 4.63463e-05
1382 4.40634e-05
1383 4.18841e-05
1384 3.98041e-05
1385 3.78194e-05
1386 3.5926e-05
1387 3.41201e-05
1388 3.23982e-05
1389 3.07566e-05
1390 2.91919e-05
1391 2.7701e-05
1392 2.62807e-05
1393 2.49278e-05
1394 2.36396e-05
1395 2.24132e-05
1396 2.12459e-05
1397 2.01351e-05
1398 1.90784e-05
1399 1.80732e-05
1400 1.71174e-05
1401 1.62087e-05
1402 1.53449e-05
1403 1.45241e-05
1404 1.37443e-05
1405 1.30036e-05
1406 1.23002e-05
1407 1.16323e-05
1408 1.09984e-05
1409 1.03968e-05
1410 9.82607e-06
1411 9.28466e-06
1412 8.77122e-06
1413 8.2844e-06
1414 7.82294e-06
1415 7.3856e-06
1416 6.97124e-06
1417 6.57871e-06
1418 6.20697e-06
1419 5.85498e-06
1420 5.52178e-06
1421 5.20643e-06
1422 4.90804e-06
1423 4.62577e-06
1424 4.35879e-06
1425 4.10635e-06
1426 3.86771e-06
1427 3.64215e-06
1428 3.42902e-06
1429 3.22767e-06
1430 3.03749e-06
1431 2.8579e-06
1432 2.68836e-06
1433 2.52834e-06
1434 2.37733e-06
1435 2.23486e-06
1436 2.10048e-06
1437 1.97375e-06
1438 1.85428e-06
1439 1.74166e-06
1440 1.63553e-06
1441 1.53554e-06
1442 1.44135e-06
1443 1.35265e-06
1444 1.26913e-06
1445 1.19052e-06
1446 1.11653e-06
1447 1.04692e-06
1448 9.81438e-07
1449 9.19853e-07
1450 8.61946e-07
1451 8.07511e-07
1452 7.56351e-07
1453 7.0828e-07
1454 6.63121e-07
1455 6.20707e-07
1456 5.80881e-07
1457 5.43494e-07
1458 5.08403e-07
1459 4.75475e-07
1460 4.44584e-07
1461 4.15611e-07
1462 3.88441e-07
1463 3.6297e-07
1464 3.39096e-07
1465 3.16723e-07
1466 2.95763e-07
1467 2.76131e-07
1468 2.57746e-07
1469 2.40533e-07
1470 2.24422e-07
1471 2.09344e-07
1472 1.95237e-07
1473 1.82042e-07
1474 1.69701e-07
1475 1.58164e-07
1476 1.47378e-07
1477 1.37299e-07
1478 1.27881e-07
1479 1.19084e-07
1480 1.10868e-07
1481 1.03197e-07
1482 9.60352e-08
1483 8.93515e-08
1484 8.3115e-08
1485 7.72972e-08
1486 7.18711e-08
1487 6.68115e-08
1488 6.20946e-08
1489 5.76983e-08
1490 5.36018e-08
1491 4.97853e-08
1492 4.62306e-08
1493 4.29204e-08
1494 3.98387e-08
1495 3.69702e-08
1496 3.43009e-08
1497 3.18174e-08
1498 2.95074e-08
1499 2.73592e-08
1500 2.53619e-08
1501 2.35053e-08
1502 2.17799e-08
1503 2.01768e-08
1504 1.86877e-08
1505 1.73048e-08
1506 1.60207e-08
1507 1.48287e-08
1508 1.37224e-08
1509 1.26959e-08
1510 1.17437e-08
1511 1.08605e-08
1512 1.00415e-08
1513 9.28236e-09
1514 8.57871e-09
1515 7.92668e-09
1516 7.32263e-09
1517 6.76314e-09
1518 6.24505e-09
1519 5.76539e-09
1520 5.32142e-09
1521 4.91058e-09
1522 4.53047e-09
1523 4.17887e-09
1524 3.85373e-09
1525 3.55311e-09
1526 3.27524e-09
1527 3.01843e-09
1528 2.78116e-09
1529 2.56199e-09
1530 2.35957e-09
1531 2.17268e-09
1532 2.00015e-09
1533 1.84092e-09
1534 1.694e-09
1535 1.55847e-09
1536 1.43347e-09
1537 1.31821e-09
1538 1.21195e-09
1539 1.11401e-09
1540 1.02377e-09
1541 9.40631e-10
1542 8.64057e-10
1543 7.93544e-10
1544 7.28626e-10
1545 6.68874e-10
1546 6.13888e-10
1547 5.633e-10
1548 5.16768e-10
1549 4.73977e-10
1550 4.34634e-10
1551 3.98471e-10
1552 3.65237e-10
1553 3.34702e-10
1554 3.06653e-10
1555 2.80894e-10
1556 2.57242e-10
1557 2.35531e-10
1558 2.15605e-10
1559 1.97322e-10
1560 1.8055e-10
1561 1.65168e-10
1562 1.51063e-10
1563 1.38133e-10
1564 1.26282e-10
1565 1.15423e-10
1566 1.05474e-10
1567 9.63623e-11
1568 8.80184e-11
1569 8.03795e-11
1570 7.33876e-11
1571 6.69893e-11
1572 6.11356e-11
1573 5.57812e-11
1574 5.08847e-11
1575 4.64079e-11
1576 4.23158e-11
1577 3.85761e-11
1578 3.51592e-11
1579 3.2038e-11
1580 2.91876e-11
1581 2.65849e-11
1582 2.42091e-11
1583 2.20407e-11
1584 2.00622e-11
1585 1.82574e-11
1586 1.66113e-11
1587 1.51103e-11
1588 1.37419e-11
1589 1.24947e-11
1590 1.13583e-11
1591 1.03229e-11
1592 9.3799e-12
1593 8.52117e-12
1594 7.73936e-12
1595 7.02775e-12
1596 6.38018e-12
1597 5.79101e-12
1598 5.2551e-12
1599 4.76775e-12
1600 4.32464e-12
1601 3.92186e-12
1602 3.55582e-12
1603 3.22323e-12
1604 2.92112e-12
1605 2.64674e-12
1606 2.39761e-12
1607 2.17145e-12
1608 1.9662e-12
1609 1.77996e-12
1610 1.61101e-12
1611 1.45777e-12
1612 1.31883e-12
1613 1.19286e-12
1614 1.07869e-12
1615 9.75236e-13
1616 8.8151e-13
1617 7.96617e-13
1618 7.19742e-13
1619 6.50144e-13
1620 5.87147e-13
1621 5.30138e-13
1622 4.7856e-13
1623 4.31905e-13
1624 3.89714e-13
1625 3.51567e-13
1626 3.17085e-13
1627 2.85922e-13
1628 2.57766e-13
1629 2.32331e-13
1630 2.0936e-13
1631 1.8862e-13
1632 1.69896e-13
1633 1.52998e-13
1634 1.37751e-13
1635 1.23995e-13
1636 1.11589e-13
1637 1.00403e-13
1638 9.03177e-14
1639 8.12278e-14
1640 7.30369e-14
1641 6.56575e-14
1642 5.90108e-14
1643 5.30254e-14
1644 4.76366e-14
1645 4.27861e-14
1646 3.84211e-14
1647 3.44939e-14
1648 3.09613e-14
1649 2.77844e-14
1650 2.4928e-14
1651 2.23604e-14
1652 2.00528e-14
1653 1.79795e-14
1654 1.6117e-14
1655 1.44442e-14
1656 1.29423e-14
1657 1.15939e-14
1658 1.03838e-14
1659 9.29794e-15
1660 8.3238e-15
1661 7.45009e-15
1662 6.66663e-15
1663 5.96424e-15
1664 5.33469e-15
1665 4.77055e-15
1666 4.26512e-15
1667 3.81241e-15
1668 3.407e-15
1669 3.04404e-15
1670 2.71914e-15
1671 2.42839e-15
1672 2.16825e-15
1673 1.93556e-15
1674 1.72745e-15
1675 1.54139e-15
1676 1.37506e-15
1677 1.22641e-15
1678 1.09359e-15
1679 9.74941e-16
1680 8.68974e-16
1681 7.74354e-16
1682 6.89885e-16
1683 6.14496e-16
1684 5.47224e-16
1685 4.87211e-16
1686 4.33683e-16
1687 3.85952e-16
1688 3.43398e-16
1689 3.05469e-16
1690 2.7167e-16
1691 2.41557e-16
1692 2.14735e-16
1693 1.9085e-16
1694 1.69584e-16
1695 1.50654e-16
1696 1.33808e-16
1697 1.1882e-16
1698 1.05487e-16
1699 9.363e-17
1700 8.30874e-17
1701 7.37157e-17
1702 6.53867e-17
1703 5.7986e-17
1704 5.14117e-17
1705 4.55727e-17
1706 4.0388e-17
1707 3.57853e-17
1708 3.17001e-17
1709 2.80752e-17
1710 2.48593e-17
1711 2.20069e-17
1712 1.94775e-17
1713 1.72351e-17
1714 1.52474e-17
1715 1.34861e-17
1716 1.19256e-17
1717 1.05433e-17
1718 9.31918e-18
1719 8.23539e-18
1720 7.27604e-18
1721 6.42703e-18
1722 5.67584e-18
1723 5.01134e-18
1724 4.42367e-18
1725 3.90405e-18
1726 3.44471e-18
1727 3.03874e-18
1728 2.68003e-18
1729 2.36315e-18
1730 2.08327e-18
1731 1.83613e-18
1732 1.61796e-18
1733 1.42539e-18
1734 1.25547e-18
1735 1.10556e-18
1736 9.73337e-19
1737 8.56737e-19
1738 7.5394e-19
1739 6.6333e-19
1740 5.83482e-19
1741 5.13132e-19
1742 4.51164e-19
1743 3.96593e-19
1744 3.48545e-19
1745 3.06251e-19
1746 2.6903e-19
1747 2.3628e-19
1748 2.07472e-19
1749 1.82135e-19
1750 1.59858e-19
1751 1.40274e-19
1752 1.23063e-19
1753 1.07939e-19
1754 9.46532e-20
1755 8.29843e-20
1756 7.2738e-20
1757 6.37427e-20
1758 5.58475e-20
1759 4.89195e-20
1760 4.28414e-20
1761 3.75102e-20
1762 3.28353e-20
1763 2.87366e-20
1764 2.5144e-20
1765 2.19957e-20
1766 1.92373e-20
1767 1.68212e-20
1768 1.47052e-20
1769 1.28526e-20
1770 1.12309e-20
1771 9.81169e-21
1772 8.56991e-21
1773 7.48364e-21
1774 6.53362e-21
1775 5.70294e-21
1776 4.97677e-21
1777 4.34211e-21
1778 3.78755e-21
1779 3.30309e-21
1780 2.87995e-21
1781 2.51047e-21
1782 2.18791e-21
1783 1.90637e-21
1784 1.66069e-21
1785 1.44635e-21
1786 1.2594e-21
1787 1.09637e-21
1788 9.54236e-22
1789 8.30344e-22
1790 7.22377e-22
1791 6.28309e-22
1792 5.46371e-22
1793 4.75012e-22
1794 4.12883e-22
1795 3.588e-22
1796 3.11732e-22
1797 2.70779e-22
1798 2.35154e-22
1799 2.04171e-22
1800 1.77231e-22
1801 1.53811e-22
1802 1.33457e-22
1803 1.1577e-22
1804 1.00405e-22
1805 8.70606e-23
1806 7.54727e-23
1807 6.54127e-23
1808 5.66811e-23
1809 4.91041e-23
1810 4.25306e-23
1811 3.68289e-23
1812 3.18846e-23
1813 2.75979e-23
1814 2.38822e-23
1815 2.06622e-23
1816 1.78725e-23
1817 1.54559e-23
1818 1.33632e-23
1819 1.15512e-23
1820 9.98274e-24
1821 8.62533e-24
1822 7.45084e-24
1823 6.43486e-24
1824 5.55618e-24
1825 4.79642e-24
1826 4.13964e-24
1827 3.572e-24
1828 3.08151e-24
1829 2.65779e-24
1830 2.29182e-24
1831 1.97581e-24
1832 1.70299e-24
1833 1.46752e-24
1834 1.26433e-24
1835 1.08903e-24
1836 9.37825e-25
1837 8.07437e-25
1838 6.95022e-25
1839 5.98126e-25
1840 5.14625e-25
1841 4.42682e-25
1842 3.80712e-25
1843 3.27345e-25
1844 2.81396e-25
1845 2.41843e-25
1846 2.07804e-25
1847 1.78516e-25
1848 1.53322e-25
1849 1.31654e-25
1850 1.13023e-25
1851 9.70075e-26
1852 8.32427e-26
1853 7.14153e-26
1854 6.12546e-26
1855 5.2528e-26
1856 4.50345e-26
1857 3.86015e-26
1858 3.308e-26
1859 2.83421e-26
1860 2.42773e-26
1861 2.07909e-26
1862 1.78012e-26
1863 1.5238e-26
1864 1.3041e-26
1865 1.11583e-26
1866 9.54523e-27
1867 8.16355e-27
1868 6.98033e-27
1869 5.96727e-27
1870 5.1001e-27
1871 4.35798e-27
1872 3.72302e-27
1873 3.17986e-27
1874 2.71535e-27
1875 2.31817e-27
1876 1.97865e-27
1877 1.68848e-27
1878 1.44054e-27
1879 1.22874e-27
1880 1.04785e-27
1881 8.93384e-28
1882 7.61522e-28
1883 6.48978e-28
1884 5.52943e-28
1885 4.71014e-28
1886 4.01136e-28
1887 3.41549e-28
1888 2.90748e-28
1889 2.47448e-28
1890 2.1055e-28
1891 1.79114e-28
1892 1.52337e-28
1893 1.29535e-28
1894 1.10121e-28
1895 9.35961e-29
1896 7.95332e-29
1897 6.75682e-29
1898 5.73904e-29
1899 4.87348e-29
1900 4.13755e-29
1901 3.51196e-29
1902 2.98029e-29
1903 2.52855e-29
1904 2.1448e-29
1905 1.81889e-29
1906 1.54215e-29
1907 1.30724e-29
1908 1.10785e-29
1909 9.38672e-30
1910 7.9515e-30
1911 6.7342e-30
1912 5.70199e-30
1913 4.82691e-30
1914 4.08523e-30
1915 3.45673e-30
1916 2.92428e-30
1917 2.47328e-30
1918 2.09138e-30
1919 1.76805e-30
1920 1.49437e-30
1921 1.26277e-30
1922 1.06683e-30
1923 9.0109e-31
1924 7.60929e-31
1925 6.42426e-31
1926 5.42256e-31
1927 4.57603e-31
1928 3.86079e-31
1929 3.25662e-31
1930 2.74638e-31
1931 2.31556e-31
1932 1.95189e-31
1933 1.64496e-31
1934 1.38599e-31
1935 1.16753e-31
1936 9.83284e-32
1937 8.27927e-32
1938 6.9696e-32
1939 5.86579e-32
1940 4.93569e-32
1941 4.15215e-32
1942 3.49221e-32
1943 2.9365e-32
1944 2.46867e-32
1945 2.07491e-32
1946 1.74356e-32
1947 1.4648e-32
1948 1.23033e-32
1949 1.03316e-32
1950 8.67396e-33
1951 7.28064e-33
1952 6.10976e-33
1953 5.12604e-33
1954 4.29974e-33
1955 3.60583e-33
1956 3.02323e-33
1957 2.53419e-33
1958 2.12377e-33
1959 1.77943e-33
1960 1.49059e-33
1961 1.24835e-33
1962 1.04524e-33
1963 8.74983e-34
1964 7.32296e-34
1965 6.1274e-34
1966 5.12585e-34
1967 4.28706e-34
1968 3.58472e-34
1969 2.99676e-34
1970 2.50469e-34
1971 2.09294e-34
1972 1.74848e-34
1973 1.46039e-34
1974 1.21949e-34
1975 1.0181e-34
1976 8.49777e-35
1977 7.09125e-35
1978 5.91616e-35
1979 4.93473e-35
1980 4.11517e-35
1981 3.43092e-35
1982 2.85983e-35
1983 2.38323e-35
1984 1.98564e-35
1985 1.65401e-35
1986 1.37745e-35
1987 1.14686e-35
1988 9.54663e-36
1989 7.94505e-36
1990 6.61064e-36
1991 5.49905e-36
1992 4.57339e-36
1993 3.8027e-36
1994 3.16114e-36
1995 2.62724e-36
1996 2.18303e-36
1997 1.8135e-36
1998 1.50619e-36
1999 1.25067e-36
2000 1.03827e-36
2001 8.61748e-37
2002 7.15069e-37
2003 5.93224e-37
2004 4.92034e-37
2005 4.0801e-37
2006 3.38256e-37
2007 2.80366e-37
2008 2.32332e-37
2009 1.92481e-37
2010 1.59429e-37
2011 1.32024e-37
2012 1.09305e-37
2013 9.04747e-38
2014 7.487e-38
2015 6.19433e-38
2016 5.1237e-38
2017 4.2371e-38
2018 3.50303e-38
2019 2.89549e-38
2020 2.3928e-38
2021 1.97687e-38
2022 1.63281e-38
2023 1.34832e-38
2024 1.11314e-38
2025 9.18728e-39
2026 7.58054e-39
2027 6.25318e-39
2028 5.1569e-39
2029 4.25153e-39
2030 3.50392e-39
2031 2.88692e-39
2032 2.37781e-39
2033 1.95778e-39
2034 1.61134e-39
2035 1.32564e-39
2036 1.09017e-39
2037 8.96179e-40
2038 7.36366e-40
2039 6.04794e-40
2040 4.96563e-40
2041 4.07609e-40
2042 3.34563e-40
2043 2.74665e-40
2044 2.25678e-40
2045 1.85741e-40
2046 1.53323e-40
2047 1.2719e-40
