0 6.04412e-33
1 4.54696e-33
2 3.32532e-33
3 2.34553e-33
4 1.57865e-33
5 1.00352e-33
6 6.03949e-34
7 3.66484e-34
8 2.83979e-34
9 3.52616e-34
10 5.72397e-34
11 9.48156e-34
12 1.48798e-33
13 2.20436e-33
14 3.11396e-33
15 4.23866e-33
16 5.60704e-33
17 7.25103e-33
18 9.2119e-33
19 1.15403e-32
20 1.42882e-32
21 1.75265e-32
22 2.13345e-32
23 2.58014e-32
24 3.1047e-32
25 3.71993e-32
26 4.43984e-32
27 5.28239e-32
28 6.26963e-32
29 7.42256e-32
30 8.77111e-32
31 1.03498e-31
32 1.21924e-31
33 1.43481e-31
34 1.68651e-31
35 1.98037e-31
36 2.32372e-31
37 2.72473e-31
38 3.19299e-31
39 3.73883e-31
40 4.37578e-31
41 5.11965e-31
42 5.98655e-31
43 6.99755e-31
44 8.17773e-31
45 9.5513e-31
46 1.11521e-30
47 1.30181e-30
48 1.51912e-30
49 1.77221e-30
50 2.0669e-30
51 2.41016e-30
52 2.8093e-30
53 3.274e-30
54 3.81463e-30
55 4.44328e-30
56 5.17464e-30
57 6.02464e-30
58 7.0126e-30
59 8.1606e-30
60 9.49519e-30
61 1.10448e-29
62 1.28444e-29
63 1.4935e-29
64 1.73604e-29
65 2.01758e-29
66 2.34431e-29
67 2.72336e-29
68 3.16299e-29
69 3.67273e-29
70 4.26387e-29
71 4.94894e-29
72 5.74285e-29
73 6.66271e-29
74 7.72821e-29
75 8.96227e-29
76 1.03909e-28
77 1.20449e-28
78 1.39591e-28
79 1.6174e-28
80 1.87363e-28
81 2.16996e-28
82 2.51269e-28
83 2.90885e-28
84 3.36681e-28
85 3.896e-28
86 4.5074e-28
87 5.21359e-28
88 6.02902e-28
89 6.97074e-28
90 8.05774e-28
91 9.31203e-28
92 1.07594e-27
93 1.2429e-27
94 1.43542e-27
95 1.65747e-27
96 1.91347e-27
97 2.20848e-27
98 2.54846e-27
99 2.9401e-27
100 3.39119e-27
101 3.91067e-27
102 4.50885e-27
103 5.19729e-27
104 5.98944e-27
105 6.90104e-27
106 7.94976e-27
107 9.15567e-27
108 1.05422e-26
109 1.21364e-26
110 1.39685e-26
111 1.60737e-26
112 1.84924e-26
113 2.127e-26
114 2.44602e-26
115 2.81228e-26
116 3.23265e-26
117 3.71508e-26
118 4.26859e-26
119 4.90352e-26
120 5.63176e-26
121 6.46669e-26
122 7.42387e-26
123 8.52091e-26
124 9.77789e-26
125 1.1218e-25
126 1.28674e-25
127 1.47562e-25
128 1.69186e-25
129 1.93938e-25
130 2.22265e-25
131 2.54672e-25
132 2.91744e-25
133 3.34141e-25
134 3.82615e-25
135 4.3803e-25
136 5.01364e-25
137 5.73729e-25
138 6.56399e-25
139 7.50823e-25
140 8.58641e-25
141 9.81732e-25
142 1.12223e-24
143 1.28256e-24
144 1.46548e-24
145 1.67412e-24
146 1.91206e-24
147 2.18335e-24
148 2.4926e-24
149 2.84504e-24
150 3.24661e-24
151 3.70405e-24
152 4.22504e-24
153 4.8183e-24
154 5.49368e-24
155 6.26235e-24
156 7.13708e-24
157 8.13223e-24
158 9.26415e-24
159 1.05514e-23
160 1.20149e-23
161 1.36785e-23
162 1.55691e-23
163 1.77172e-23
164 2.01575e-23
165 2.2929e-23
166 2.60759e-23
167 2.96485e-23
168 3.37035e-23
169 3.83047e-23
170 4.35251e-23
171 4.94464e-23
172 5.61612e-23
173 6.37745e-23
174 7.24044e-23
175 8.2185e-23
176 9.32668e-23
177 1.0582e-22
178 1.20038e-22
179 1.36138e-22
180 1.54364e-22
181 1.74993e-22
182 1.98336e-22
183 2.24746e-22
184 2.54619e-22
185 2.88401e-22
186 3.26595e-22
187 3.69769e-22
188 4.18561e-22
189 4.73691e-22
190 5.35967e-22
191 6.06302e-22
192 6.85721e-22
193 7.75376e-22
194 8.76565e-22
195 9.90749e-22
196 1.11957e-21
197 1.26486e-21
198 1.42871e-21
199 1.61343e-21
200 1.82165e-21
201 2.0563e-21
202 2.32067e-21
203 2.61848e-21
204 2.95387e-21
205 3.3315e-21
206 3.7566e-21
207 4.23505e-21
208 4.7734e-21
209 5.37904e-21
210 6.06023e-21
211 6.82623e-21
212 7.68741e-21
213 8.65539e-21
214 9.74319e-21
215 1.09654e-20
216 1.23382e-20
217 1.388e-20
218 1.56112e-20
219 1.75545e-20
220 1.97357e-20
221 2.21831e-20
222 2.49287e-20
223 2.80083e-20
224 3.14618e-20
225 3.53336e-20
226 3.96735e-20
227 4.45371e-20
228 4.99865e-20
229 5.60908e-20
230 6.29274e-20
231 7.05824e-20
232 7.9152e-20
233 8.87435e-20
234 9.94763e-20
235 1.11484e-19
236 1.24914e-19
237 1.39933e-19
238 1.56725e-19
239 1.75495e-19
240 1.96472e-19
241 2.19909e-19
242 2.4609e-19
243 2.7533e-19
244 3.07978e-19
245 3.44425e-19
246 3.85104e-19
247 4.30495e-19
248 4.81135e-19
249 5.37616e-19
250 6.006e-19
251 6.70819e-19
252 7.49089e-19
253 8.36311e-19
254 9.33491e-19
255 1.04174e-18
256 1.16229e-18
257 1.29652e-18
258 1.44593e-18
259 1.61223e-18
260 1.79726e-18
261 2.0031e-18
262 2.23203e-18
263 2.48661e-18
264 2.76962e-18
265 3.08419e-18
266 3.43376e-18
267 3.82213e-18
268 4.25353e-18
269 4.73262e-18
270 5.26455e-18
271 5.85503e-18
272 6.51036e-18
273 7.23752e-18
274 8.04421e-18
275 8.93892e-18
276 9.93107e-18
277 1.1031e-17
278 1.22503e-17
279 1.36014e-17
280 1.50984e-17
281 1.67567e-17
282 1.85933e-17
283 2.06269e-17
284 2.28781e-17
285 2.53698e-17
286 2.81269e-17
287 3.11773e-17
288 3.45513e-17
289 3.82825e-17
290 4.24078e-17
291 4.69679e-17
292 5.20076e-17
293 5.7576e-17
294 6.37273e-17
295 7.05212e-17
296 7.8023e-17
297 8.63048e-17
298 9.54457e-17
299 1.05533e-16
300 1.16661e-16
301 1.28936e-16
302 1.42472e-16
303 1.57396e-16
304 1.73847e-16
305 1.91976e-16
306 2.11951e-16
307 2.33954e-16
308 2.58187e-16
309 2.84869e-16
310 3.14241e-16
311 3.46568e-16
312 3.82138e-16
313 4.21269e-16
314 4.64308e-16
315 5.11634e-16
316 5.63664e-16
317 6.20851e-16
318 6.83694e-16
319 7.52737e-16
320 8.28575e-16
321 9.11859e-16
322 1.0033e-15
323 1.10368e-15
324 1.21384e-15
325 1.33471e-15
326 1.46731e-15
327 1.61273e-15
328 1.7722e-15
329 1.94703e-15
330 2.13866e-15
331 2.34865e-15
332 2.57873e-15
333 2.83075e-15
334 3.10676e-15
335 3.40897e-15
336 3.73981e-15
337 4.10191e-15
338 4.49815e-15
339 4.93164e-15
340 5.40581e-15
341 5.92435e-15
342 6.4913e-15
343 7.11106e-15
344 7.78841e-15
345 8.52853e-15
346 9.33708e-15
347 1.02202e-14
348 1.11846e-14
349 1.22375e-14
350 1.33867e-14
351 1.46409e-14
352 1.60093e-14
353 1.75021e-14
354 1.91301e-14
355 2.09052e-14
356 2.28403e-14
357 2.49495e-14
358 2.72477e-14
359 2.97514e-14
360 3.24784e-14
361 3.5448e-14
362 3.8681e-14
363 4.21999e-14
364 4.60293e-14
365 5.01955e-14
366 5.47272e-14
367 5.96554e-14
368 6.50134e-14
369 7.08375e-14
370 7.71669e-14
371 8.40437e-14
372 9.15137e-14
373 9.96261e-14
374 1.08434e-13
375 1.17996e-13
376 1.28373e-13
377 1.39632e-13
378 1.51846e-13
379 1.65093e-13
380 1.79457e-13
381 1.95029e-13
382 2.11906e-13
383 2.30194e-13
384 2.50008e-13
385 2.71469e-13
386 2.94709e-13
387 3.19871e-13
388 3.47109e-13
389 3.76586e-13
390 4.08481e-13
391 4.42985e-13
392 4.80304e-13
393 5.20659e-13
394 5.64288e-13
395 6.11448e-13
396 6.62414e-13
397 7.17483e-13
398 7.76973e-13
399 8.41225e-13
400 9.10608e-13
401 9.85517e-13
402 1.06637e-12
403 1.15364e-12
404 1.24779e-12
405 1.34937e-12
406 1.45892e-12
407 1.57706e-12
408 1.70443e-12
409 1.84172e-12
410 1.98968e-12
411 2.1491e-12
412 2.32084e-12
413 2.50581e-12
414 2.70498e-12
415 2.9194e-12
416 3.15019e-12
417 3.39854e-12
418 3.66573e-12
419 3.95314e-12
420 4.26221e-12
421 4.59451e-12
422 4.9517e-12
423 5.33556e-12
424 5.74798e-12
425 6.19099e-12
426 6.66675e-12
427 7.17755e-12
428 7.72585e-12
429 8.31427e-12
430 8.94558e-12
431 9.62275e-12
432 1.03489e-11
433 1.11275e-11
434 1.19621e-11
435 1.28564e-11
436 1.38145e-11
437 1.48408e-11
438 1.59398e-11
439 1.71164e-11
440 1.83757e-11
441 1.97234e-11
442 2.11652e-11
443 2.27074e-11
444 2.43565e-11
445 2.61197e-11
446 2.80043e-11
447 3.00184e-11
448 3.21702e-11
449 3.44689e-11
450 3.69237e-11
451 3.9545e-11
452 4.23432e-11
453 4.53298e-11
454 4.85169e-11
455 5.19171e-11
456 5.55442e-11
457 5.94124e-11
458 6.3537e-11
459 6.79342e-11
460 7.26212e-11
461 7.76161e-11
462 8.29383e-11
463 8.86081e-11
464 9.46471e-11
465 1.01078e-10
466 1.07926e-10
467 1.15216e-10
468 1.22975e-10
469 1.31232e-10
470 1.40018e-10
471 1.49364e-10
472 1.59305e-10
473 1.69876e-10
474 1.81116e-10
475 1.93064e-10
476 2.05762e-10
477 2.19256e-10
478 2.33592e-10
479 2.4882e-10
480 2.64992e-10
481 2.82162e-10
482 3.00389e-10
483 3.19733e-10
484 3.40259e-10
485 3.62033e-10
486 3.85126e-10
487 4.09613e-10
488 4.3557e-10
489 4.63081e-10
490 4.9223e-10
491 5.23108e-10
492 5.55808e-10
493 5.90429e-10
494 6.27074e-10
495 6.65851e-10
496 7.06874e-10
497 7.50259e-10
498 7.96132e-10
499 8.44621e-10
500 8.9586e-10
501 9.49992e-10
502 1.00716e-09
503 1.06753e-09
504 1.13124e-09
505 1.19848e-09
506 1.26942e-09
507 1.34424e-09
508 1.42312e-09
509 1.50627e-09
510 1.59391e-09
511 1.68623e-09
512 1.78348e-09
513 1.88588e-09
514 1.99369e-09
515 2.10716e-09
516 2.22656e-09
517 2.35218e-09
518 2.4843e-09
519 2.62324e-09
520 2.76932e-09
521 2.92287e-09
522 3.08425e-09
523 3.25381e-09
524 3.43196e-09
525 3.61908e-09
526 3.8156e-09
527 4.02197e-09
528 4.23863e-09
529 4.46608e-09
530 4.70481e-09
531 4.95537e-09
532 5.21828e-09
533 5.49415e-09
534 5.78356e-09
535 6.08715e-09
536 6.40559e-09
537 6.73955e-09
538 7.08977e-09
539 7.45698e-09
540 7.84198e-09
541 8.24559e-09
542 8.66865e-09
543 9.11206e-09
544 9.57674e-09
545 1.00636e-08
546 1.05738e-08
547 1.11082e-08
548 1.16679e-08
549 1.22541e-08
550 1.28679e-08
551 1.35105e-08
552 1.41831e-08
553 1.4887e-08
554 1.56235e-08
555 1.6394e-08
556 1.71998e-08
557 1.80424e-08
558 1.89233e-08
559 1.98438e-08
560 2.08057e-08
561 2.18103e-08
562 2.28594e-08
563 2.39545e-08
564 2.50972e-08
565 2.62894e-08
566 2.75327e-08
567 2.88287e-08
568 3.01794e-08
569 3.15863e-08
570 3.30514e-08
571 3.45764e-08
572 3.61631e-08
573 3.78134e-08
574 3.9529e-08
575 4.13119e-08
576 4.31639e-08
577 4.50868e-08
578 4.70825e-08
579 4.91529e-08
580 5.12998e-08
581 5.35251e-08
582 5.58307e-08
583 5.82185e-08
584 6.06904e-08
585 6.32482e-08
586 6.5894e-08
587 6.86297e-08
588 7.14572e-08
589 7.43785e-08
590 7.73958e-08
591 8.0511e-08
592 8.37263e-08
593 8.7044e-08
594 9.04662e-08
595 9.39954e-08
596 9.7634e-08
597 1.01385e-07
598 1.0525e-07
599 1.09232e-07
600 1.13335e-07
601 1.17562e-07
602 1.21915e-07
603 1.26399e-07
604 1.31016e-07
605 1.35772e-07
606 1.40669e-07
607 1.45714e-07
608 1.50909e-07
609 1.56261e-07
610 1.61775e-07
611 1.67456e-07
612 1.7331e-07
613 1.79344e-07
614 1.85564e-07
615 1.91978e-07
616 1.98593e-07
617 2.05416e-07
618 2.12457e-07
619 2.19723e-07
620 2.27225e-07
621 2.3497e-07
622 2.4297e-07
623 2.51234e-07
624 2.59773e-07
625 2.68597e-07
626 2.77719e-07
627 2.87148e-07
628 2.96898e-07
629 3.0698e-07
630 3.17406e-07
631 3.28188e-07
632 3.39339e-07
633 3.50871e-07
634 3.62797e-07
635 3.75128e-07
636 3.87877e-07
637 4.01056e-07
638 4.14675e-07
639 4.28746e-07
640 4.4328e-07
641 4.58287e-07
642 4.73776e-07
643 4.89755e-07
644 5.06233e-07
645 5.23216e-07
646 5.4071e-07
647 5.58719e-07
648 5.77246e-07
649 5.96295e-07
650 6.15865e-07
651 6.35955e-07
652 6.56562e-07
653 6.77683e-07
654 6.9931e-07
655 7.21437e-07
656 7.44052e-07
657 7.67145e-07
658 7.90701e-07
659 8.14704e-07
660 8.39135e-07
661 8.63975e-07
662 8.89201e-07
663 9.14788e-07
664 9.40709e-07
665 9.66937e-07
666 9.93439e-07
667 1.02018e-06
668 1.04714e-06
669 1.07426e-06
670 1.10152e-06
671 1.12887e-06
672 1.15627e-06
673 1.18368e-06
674 1.21106e-06
675 1.23837e-06
676 1.26555e-06
677 1.29257e-06
678 1.31938e-06
679 1.34593e-06
680 1.37219e-06
681 1.39811e-06
682 1.42364e-06
683 1.44875e-06
684 1.4734e-06
685 1.49755e-06
686 1.52117e-06
687 1.54423e-06
688 1.56671e-06
689 1.58857e-06
690 1.6098e-06
691 1.63039e-06
692 1.65033e-06
693 1.6696e-06
694 1.68822e-06
695 1.70619e-06
696 1.72353e-06
697 1.74025e-06
698 1.75638e-06
699 1.77196e-06
700 1.78703e-06
701 1.80164e-06
702 1.81585e-06
703 1.82972e-06
704 1.84333e-06
705 1.85675e-06
706 1.87009e-06
707 1.88343e-06
708 1.8969e-06
709 1.91059e-06
710 1.92464e-06
711 1.93918e-06
712 1.95435e-06
713 1.97029e-06
714 1.98716e-06
715 2.00512e-06
716 2.02433e-06
717 2.04497e-06
718 2.06721e-06
719 2.09124e-06
720 2.11724e-06
721 2.1454e-06
722 2.17591e-06
723 2.20897e-06
724 2.24476e-06
725 2.28348e-06
726 2.32533e-06
727 2.37049e-06
728 2.41916e-06
729 2.4715e-06
730 2.52771e-06
731 2.58794e-06
732 2.65237e-06
733 2.72115e-06
734 2.79443e-06
735 2.87234e-06
736 2.955e-06
737 3.04252e-06
738 3.135e-06
739 3.23252e-06
740 3.33514e-06
741 3.44291e-06
742 3.55585e-06
743 3.67398e-06
744 3.79729e-06
745 3.92573e-06
746 4.05927e-06
747 4.19781e-06
748 4.34127e-06
749 4.48952e-06
750 4.64241e-06
751 4.79977e-06
752 4.9614e-06
753 5.12709e-06
754 5.29659e-06
755 5.46962e-06
756 5.64589e-06
757 5.82508e-06
758 6.00684e-06
759 6.19081e-06
760 6.3766e-06
761 6.56379e-06
762 6.75195e-06
763 6.94062e-06
764 7.12932e-06
765 7.31757e-06
766 7.50486e-06
767 7.69065e-06
768 7.87442e-06
769 8.0556e-06
770 8.23365e-06
771 8.40798e-06
772 8.57802e-06
773 8.7432e-06
774 8.90293e-06
775 9.05663e-06
776 9.20372e-06
777 9.34362e-06
778 9.47577e-06
779 9.59961e-06
780 9.71459e-06
781 9.82019e-06
782 9.9159e-06
783 1.00012e-05
784 1.00757e-05
785 1.01388e-05
786 1.01903e-05
787 1.02297e-05
788 1.02566e-05
789 1.02707e-05
790 1.02719e-05
791 1.02597e-05
792 1.02342e-05
793 1.0195e-05
794 1.01422e-05
795 1.00756e-05
796 9.99528e-06
797 9.90134e-06
798 9.79387e-06
799 9.67304e-06
800 9.53912e-06
801 9.39238e-06
802 9.23321e-06
803 9.06203e-06
804 8.87934e-06
805 8.68569e-06
806 8.48171e-06
807 8.26811e-06
808 8.04565e-06
809 7.81515e-06
810 7.57751e-06
811 7.33372e-06
812 7.0848e-06
813 6.83186e-06
814 6.57607e-06
815 6.31866e-06
816 6.06095e-06
817 5.8043e-06
818 5.55014e-06
819 5.29997e-06
820 5.05533e-06
821 4.81785e-06
822 4.58918e-06
823 4.37105e-06
824 4.16524e-06
825 3.97358e-06
826 3.79795e-06
827 3.64026e-06
828 3.50248e-06
829 3.38662e-06
830 3.29472e-06
831 3.22888e-06
832 3.1912e-06
833 3.18383e-06
834 3.20895e-06
835 3.26876e-06
836 3.36548e-06
837 3.50135e-06
838 3.67863e-06
839 3.8996e-06
840 4.16654e-06
841 4.48174e-06
842 4.84752e-06
843 5.26617e-06
844 5.74e-06
845 6.27132e-06
846 6.86243e-06
847 7.51563e-06
848 8.23321e-06
849 9.01746e-06
850 9.87065e-06
851 1.0795e-05
852 1.17929e-05
853 1.28664e-05
854 1.40178e-05
855 1.52493e-05
856 1.65631e-05
857 1.79613e-05
858 1.94462e-05
859 2.10197e-05
860 2.2684e-05
861 2.44413e-05
862 2.62936e-05
863 2.82428e-05
864 3.02912e-05
865 3.24406e-05
866 3.46932e-05
867 3.70508e-05
868 3.95155e-05
869 4.20892e-05
870 4.47739e-05
871 4.75715e-05
872 5.0484e-05
873 5.35134e-05
874 5.66615e-05
875 5.99304e-05
876 6.3322e-05
877 6.68381e-05
878 7.0481e-05
879 7.42524e-05
880 7.81545e-05
881 8.21892e-05
882 8.63586e-05
883 9.06648e-05
884 9.511e-05
885 9.96963e-05
886 0.000104426
887 0.000109301
888 0.000114324
889 0.000119497
890 0.000124823
891 0.000130304
892 0.000135942
893 0.000141741
894 0.000147702
895 0.00015383
896 0.000160126
897 0.000166593
898 0.000173235
899 0.000180055
900 0.000187055
901 0.00019424
902 0.000201612
903 0.000209176
904 0.000216935
905 0.000224892
906 0.000233052
907 0.000241419
908 0.000249997
909 0.00025879
910 0.000267803
911 0.00027704
912 0.000286506
913 0.000296207
914 0.000306146
915 0.000316329
916 0.000326762
917 0.000337451
918 0.0003484
919 0.000359615
920 0.000371103
921 0.00038287
922 0.000394922
923 0.000407266
924 0.000419908
925 0.000432855
926 0.000446114
927 0.000459692
928 0.000473597
929 0.000487836
930 0.000502417
931 0.000517347
932 0.000532635
933 0.000548289
934 0.000564317
935 0.000580727
936 0.000597528
937 0.00061473
938 0.000632341
939 0.00065037
940 0.000668826
941 0.00068772
942 0.00070706
943 0.000726856
944 0.000747119
945 0.000767857
946 0.000789082
947 0.000810804
948 0.000833032
949 0.000855778
950 0.000879053
951 0.000902866
952 0.00092723
953 0.000952154
954 0.00097765
955 0.00100373
956 0.0010304
957 0.00105768
958 0.00108558
959 0.00111411
960 0.00114327
961 0.00117309
962 0.00120357
963 0.00123473
964 0.00126657
965 0.00129912
966 0.00133237
967 0.00136635
968 0.00140106
969 0.00143652
970 0.00147274
971 0.00150973
972 0.0015475
973 0.00158606
974 0.00162543
975 0.00166562
976 0.00170663
977 0.00174849
978 0.0017912
979 0.00183478
980 0.00187923
981 0.00192456
982 0.0019708
983 0.00201794
984 0.00206601
985 0.002115
986 0.00216494
987 0.00221583
988 0.00226768
989 0.00232051
990 0.00237432
991 0.00242912
992 0.00248493
993 0.00254174
994 0.00259958
995 0.00265845
996 0.00271836
997 0.00277932
998 0.00284133
999 0.00290441
1000 0.00296856
1001 0.00303379
1002 0.0031001
1003 0.00316751
1004 0.00323602
1005 0.00330564
1006 0.00337636
1007 0.00344821
1008 0.00352118
1009 0.00359527
1010 0.0036705
1011 0.00374686
1012 0.00382436
1013 0.00390301
1014 0.0039828
1015 0.00406374
1016 0.00414582
1017 0.00422906
1018 0.00431345
1019 0.00439899
1020 0.00448569
1021 0.00457354
1022 0.00466253
1023 0.00475268
1024 0.00484397
1025 0.00493641
1026 0.00502999
1027 0.00512471
1028 0.00522057
1029 0.00531755
1030 0.00541565
1031 0.00551488
1032 0.00561521
1033 0.00571665
1034 0.00581918
1035 0.00592281
1036 0.00602751
1037 0.00613328
1038 0.00624011
1039 0.006348
1040 0.00645691
1041 0.00656686
1042 0.00667781
1043 0.00678977
1044 0.00690271
1045 0.00701662
1046 0.00713149
1047 0.00724729
1048 0.00736402
1049 0.00748165
1050 0.00760017
1051 0.00771956
1052 0.0078398
1053 0.00796087
1054 0.00808275
1055 0.00820541
1056 0.00832884
1057 0.00845301
1058 0.00857789
1059 0.00870348
1060 0.00882973
1061 0.00895663
1062 0.00908415
1063 0.00921226
1064 0.00934093
1065 0.00947015
1066 0.00959986
1067 0.00973006
1068 0.00986071
1069 0.00999178
1070 0.0101232
1071 0.010255
1072 0.0103872
1073 0.0105196
1074 0.0106523
1075 0.0107852
1076 0.0109183
1077 0.0110515
1078 0.0111849
1079 0.0113183
1080 0.0114518
1081 0.0115853
1082 0.0117188
1083 0.0118522
1084 0.0119855
1085 0.0121187
1086 0.0122517
1087 0.0123844
1088 0.0125169
1089 0.0126491
1090 0.0127809
1091 0.0129124
1092 0.0130434
1093 0.013174
1094 0.0133041
1095 0.0134336
1096 0.0135625
1097 0.0136907
1098 0.0138183
1099 0.0139452
1100 0.0140713
1101 0.0141966
1102 0.0143211
1103 0.0144446
1104 0.0145672
1105 0.0146888
1106 0.0148095
1107 0.014929
1108 0.0150474
1109 0.0151647
1110 0.0152808
1111 0.0153956
1112 0.0155092
1113 0.0156214
1114 0.0157323
1115 0.0158417
1116 0.0159497
1117 0.0160562
1118 0.0161612
1119 0.0162646
1120 0.0163664
1121 0.0164665
1122 0.0165649
1123 0.0166616
1124 0.0167566
1125 0.0168497
1126 0.0169409
1127 0.0170303
1128 0.0171177
1129 0.0172032
1130 0.0172867
1131 0.0173682
1132 0.0174476
1133 0.0175249
1134 0.0176
1135 0.017673
1136 0.0177438
1137 0.0178124
1138 0.0178787
1139 0.0179427
1140 0.0180045
1141 0.0180638
1142 0.0181208
1143 0.0181755
1144 0.0182277
1145 0.0182774
1146 0.0183247
1147 0.0183695
1148 0.0184118
1149 0.0184516
1150 0.0184888
1151 0.0185234
1152 0.0185555
1153 0.018585
1154 0.0186119
1155 0.0186361
1156 0.0186577
1157 0.0186766
1158 0.0186929
1159 0.0187065
1160 0.0187175
1161 0.0187257
1162 0.0187313
1163 0.0187342
1164 0.0187343
1165 0.0187318
1166 0.0187265
1167 0.0187186
1168 0.0187079
1169 0.0186946
1170 0.0186785
1171 0.0186598
1172 0.0186384
1173 0.0186143
1174 0.0185875
1175 0.018558
1176 0.0185259
1177 0.0184912
1178 0.0184538
1179 0.0184138
1180 0.0183712
1181 0.018326
1182 0.0182783
1183 0.018228
1184 0.0181752
1185 0.0181198
1186 0.018062
1187 0.0180017
1188 0.0179389
1189 0.0178738
1190 0.0178062
1191 0.0177363
1192 0.017664
1193 0.0175894
1194 0.0175126
1195 0.0174334
1196 0.0173521
1197 0.0172686
1198 0.0171829
1199 0.017095
1200 0.0170051
1201 0.0169132
1202 0.0168192
1203 0.0167232
1204 0.0166253
1205 0.0165255
1206 0.0164238
1207 0.0163203
1208 0.016215
1209 0.0161079
1210 0.0159992
1211 0.0158887
1212 0.0157767
1213 0.0156631
1214 0.0155479
1215 0.0154312
1216 0.0153131
1217 0.0151936
1218 0.0150728
1219 0.0149506
1220 0.0148271
1221 0.0147025
1222 0.0145766
1223 0.0144496
1224 0.0143216
1225 0.0141925
1226 0.0140624
1227 0.0139314
1228 0.0137994
1229 0.0136666
1230 0.013533
1231 0.0133987
1232 0.0132637
1233 0.0131279
1234 0.0129916
1235 0.0128547
1236 0.0127173
1237 0.0125794
1238 0.012441
1239 0.0123023
1240 0.0121633
1241 0.0120239
1242 0.0118843
1243 0.0117445
1244 0.0116045
1245 0.0114645
1246 0.0113243
1247 0.0111841
1248 0.0110439
1249 0.0109038
1250 0.0107638
1251 0.0106239
1252 0.0104841
1253 0.0103446
1254 0.0102054
1255 0.0100664
1256 0.00992783
1257 0.00978958
1258 0.00965174
1259 0.00951434
1260 0.00937742
1261 0.00924102
1262 0.00910516
1263 0.00896989
1264 0.00883523
1265 0.00870122
1266 0.00856789
1267 0.00843526
1268 0.00830337
1269 0.00817225
1270 0.00804193
1271 0.00791243
1272 0.00778377
1273 0.007656
1274 0.00752912
1275 0.00740317
1276 0.00727817
1277 0.00715414
1278 0.0070311
1279 0.00690907
1280 0.00678808
1281 0.00666815
1282 0.00654928
1283 0.00643151
1284 0.00631484
1285 0.0061993
1286 0.0060849
1287 0.00597165
1288 0.00585956
1289 0.00574866
1290 0.00563895
1291 0.00553044
1292 0.00542315
1293 0.00531708
1294 0.00521225
1295 0.00510866
1296 0.00500632
1297 0.00490523
1298 0.00480541
1299 0.00470686
1300 0.00460959
1301 0.00451359
1302 0.00441887
1303 0.00432544
1304 0.0042333
1305 0.00414244
1306 0.00405288
1307 0.0039646
1308 0.00387762
1309 0.00379192
1310 0.00370752
1311 0.00362439
1312 0.00354255
1313 0.003462
1314 0.00338271
1315 0.00330471
1316 0.00322797
1317 0.00315249
1318 0.00307827
1319 0.0030053
1320 0.00293358
1321 0.00286309
1322 0.00279384
1323 0.00272581
1324 0.002659
1325 0.00259339
1326 0.00252898
1327 0.00246577
1328 0.00240373
1329 0.00234286
1330 0.00228315
1331 0.0022246
1332 0.00216718
1333 0.00211089
1334 0.00205572
1335 0.00200166
1336 0.00194869
1337 0.0018968
1338 0.00184599
1339 0.00179623
1340 0.00174752
1341 0.00169985
1342 0.00165319
1343 0.00160755
1344 0.0015629
1345 0.00151923
1346 0.00147654
1347 0.0014348
1348 0.001394
1349 0.00135413
1350 0.00131518
1351 0.00127714
1352 0.00123998
1353 0.0012037
1354 0.00116828
1355 0.00113371
1356 0.00109997
1357 0.00106706
1358 0.00103495
1359 0.00100364
1360 0.000973103
1361 0.000943338
1362 0.000914326
1363 0.000886054
1364 0.000858509
1365 0.000831676
1366 0.000805544
1367 0.000780098
1368 0.000755326
1369 0.000731215
1370 0.000707751
1371 0.000684921
1372 0.000662714
1373 0.000641115
1374 0.000620113
1375 0.000599696
1376 0.00057985
1377 0.000560563
1378 0.000541825
1379 0.000523621
1380 0.000505942
1381 0.000488774
1382 0.000472107
1383 0.000455929
1384 0.000440229
1385 0.000424996
1386 0.000410218
1387 0.000395885
1388 0.000381986
1389 0.000368511
1390 0.000355449
1391 0.00034279
1392 0.000330525
1393 0.000318642
1394 0.000307133
1395 0.000295988
1396 0.000285198
1397 0.000274752
1398 0.000264643
1399 0.000254861
1400 0.000245398
1401 0.000236244
1402 0.000227392
1403 0.000218833
1404 0.00021056
1405 0.000202563
1406 0.000194836
1407 0.00018737
1408 0.000180159
1409 0.000173195
1410 0.000166471
1411 0.000159979
1412 0.000153713
1413 0.000147667
1414 0.000141833
1415 0.000136206
1416 0.000130779
1417 0.000125545
1418 0.0001205
1419 0.000115637
1420 0.00011095
1421 0.000106435
1422 0.000102085
1423 9.78953e-05
1424 9.38608e-05
1425 8.99766e-05
1426 8.62377e-05
1427 8.26393e-05
1428 7.91769e-05
1429 7.58461e-05
1430 7.26423e-05
1431 6.95613e-05
1432 6.65991e-05
1433 6.37515e-05
1434 6.10148e-05
1435 5.8385e-05
1436 5.58584e-05
1437 5.34316e-05
1438 5.1101e-05
1439 4.88633e-05
1440 4.6715e-05
1441 4.46532e-05
1442 4.26746e-05
1443 4.07763e-05
1444 3.89554e-05
1445 3.72091e-05
1446 3.55346e-05
1447 3.39293e-05
1448 3.23906e-05
1449 3.09161e-05
1450 2.95033e-05
1451 2.815e-05
1452 2.68539e-05
1453 2.56127e-05
1454 2.44245e-05
1455 2.32872e-05
1456 2.21987e-05
1457 2.11573e-05
1458 2.0161e-05
1459 1.92082e-05
1460 1.8297e-05
1461 1.74258e-05
1462 1.65931e-05
1463 1.57973e-05
1464 1.50369e-05
1465 1.43105e-05
1466 1.36166e-05
1467 1.29541e-05
1468 1.23215e-05
1469 1.17176e-05
1470 1.11413e-05
1471 1.05914e-05
1472 1.00668e-05
1473 9.56636e-06
1474 9.08916e-06
1475 8.63417e-06
1476 8.20045e-06
1477 7.78708e-06
1478 7.39318e-06
1479 7.01791e-06
1480 6.66046e-06
1481 6.32005e-06
1482 5.99592e-06
1483 5.68737e-06
1484 5.3937e-06
1485 5.11425e-06
1486 4.84838e-06
1487 4.59547e-06
1488 4.35496e-06
1489 4.12626e-06
1490 3.90885e-06
1491 3.70221e-06
1492 3.50585e-06
1493 3.31928e-06
1494 3.14205e-06
1495 2.97374e-06
1496 2.81391e-06
1497 2.66219e-06
1498 2.51817e-06
1499 2.3815e-06
1500 2.25183e-06
1501 2.12882e-06
1502 2.01216e-06
1503 1.90153e-06
1504 1.79665e-06
1505 1.69724e-06
1506 1.60303e-06
1507 1.51376e-06
1508 1.4292e-06
1509 1.34911e-06
1510 1.27327e-06
1511 1.20146e-06
1512 1.13349e-06
1513 1.06917e-06
1514 1.00831e-06
1515 9.50732e-07
1516 8.96274e-07
1517 8.44776e-07
1518 7.96088e-07
1519 7.50064e-07
1520 7.06567e-07
1521 6.65467e-07
1522 6.2664e-07
1523 5.89967e-07
1524 5.55334e-07
1525 5.22636e-07
1526 4.9177e-07
1527 4.6264e-07
1528 4.35152e-07
1529 4.0922e-07
1530 3.8476e-07
1531 3.61694e-07
1532 3.39946e-07
1533 3.19445e-07
1534 3.00124e-07
1535 2.81917e-07
1536 2.64764e-07
1537 2.48608e-07
1538 2.33393e-07
1539 2.19068e-07
1540 2.05583e-07
1541 1.92891e-07
1542 1.80948e-07
1543 1.69712e-07
1544 1.59144e-07
1545 1.49205e-07
1546 1.3986e-07
1547 1.31076e-07
1548 1.22819e-07
1549 1.15061e-07
1550 1.07772e-07
1551 1.00926e-07
1552 9.44964e-08
1553 8.84596e-08
1554 8.27925e-08
1555 7.74737e-08
1556 7.24827e-08
1557 6.78002e-08
1558 6.3408e-08
1559 5.9289e-08
1560 5.5427e-08
1561 5.18065e-08
1562 4.84133e-08
1563 4.52336e-08
1564 4.22547e-08
1565 3.94643e-08
1566 3.68511e-08
1567 3.44043e-08
1568 3.21139e-08
1569 2.99701e-08
1570 2.7964e-08
1571 2.60872e-08
1572 2.43317e-08
1573 2.26899e-08
1574 2.11549e-08
1575 1.97199e-08
1576 1.83786e-08
1577 1.71253e-08
1578 1.59544e-08
1579 1.48606e-08
1580 1.38392e-08
1581 1.28855e-08
1582 1.19952e-08
1583 1.11642e-08
1584 1.03888e-08
1585 9.66535e-09
1586 8.99055e-09
1587 8.36125e-09
1588 7.77448e-09
1589 7.22748e-09
1590 6.71767e-09
1591 6.2426e-09
1592 5.8e-09
1593 5.38773e-09
1594 5.0038e-09
1595 4.64631e-09
1596 4.31353e-09
1597 4.0038e-09
1598 3.71559e-09
1599 3.44745e-09
1600 3.19804e-09
1601 2.96609e-09
1602 2.75043e-09
1603 2.54995e-09
1604 2.36362e-09
1605 2.19048e-09
1606 2.02962e-09
1607 1.88021e-09
1608 1.74146e-09
1609 1.61263e-09
1610 1.49304e-09
1611 1.38204e-09
1612 1.27905e-09
1613 1.1835e-09
1614 1.09488e-09
1615 1.01269e-09
1616 9.36486e-10
1617 8.65848e-10
1618 8.00381e-10
1619 7.39718e-10
1620 6.8352e-10
1621 6.31466e-10
1622 5.83262e-10
1623 5.38632e-10
1624 4.97319e-10
1625 4.59085e-10
1626 4.23707e-10
1627 3.90978e-10
1628 3.60706e-10
1629 3.32713e-10
1630 3.06831e-10
1631 2.82907e-10
1632 2.60797e-10
1633 2.40368e-10
1634 2.21495e-10
1635 2.04064e-10
1636 1.87968e-10
1637 1.73107e-10
1638 1.59389e-10
1639 1.4673e-10
1640 1.35049e-10
1641 1.24274e-10
1642 1.14335e-10
1643 1.05171e-10
1644 9.67223e-11
1645 8.89346e-11
1646 8.17577e-11
1647 7.51451e-11
1648 6.90537e-11
1649 6.34434e-11
1650 5.82774e-11
1651 5.35215e-11
1652 4.91439e-11
1653 4.51154e-11
1654 4.14089e-11
1655 3.79994e-11
1656 3.48637e-11
1657 3.19804e-11
1658 2.93297e-11
1659 2.68933e-11
1660 2.46545e-11
1661 2.25975e-11
1662 2.0708e-11
1663 1.89727e-11
1664 1.73794e-11
1665 1.59167e-11
1666 1.45742e-11
1667 1.33423e-11
1668 1.22121e-11
1669 1.11754e-11
1670 1.02246e-11
1671 9.35287e-12
1672 8.55376e-12
1673 7.82136e-12
1674 7.15024e-12
1675 6.5354e-12
1676 5.97223e-12
1677 5.4565e-12
1678 4.98431e-12
1679 4.55208e-12
1680 4.15649e-12
1681 3.79452e-12
1682 3.46338e-12
1683 3.1605e-12
1684 2.88354e-12
1685 2.63032e-12
1686 2.39885e-12
1687 2.18732e-12
1688 1.99403e-12
1689 1.81747e-12
1690 1.6562e-12
1691 1.50895e-12
1692 1.3745e-12
1693 1.25179e-12
1694 1.1398e-12
1695 1.03763e-12
1696 9.4442e-13
1697 8.59412e-13
1698 7.81899e-13
1699 7.11235e-13
1700 6.46826e-13
1701 5.88132e-13
1702 5.34657e-13
1703 4.85945e-13
1704 4.41583e-13
1705 4.0119e-13
1706 3.64419e-13
1707 3.30951e-13
1708 3.00496e-13
1709 2.72789e-13
1710 2.47586e-13
1711 2.24667e-13
1712 2.03828e-13
1713 1.84885e-13
1714 1.67668e-13
1715 1.52024e-13
1716 1.37812e-13
1717 1.24903e-13
1718 1.13181e-13
1719 1.02538e-13
1720 9.28766e-14
1721 8.41088e-14
1722 7.61533e-14
1723 6.89363e-14
1724 6.23906e-14
1725 5.64551e-14
1726 5.10738e-14
1727 4.61962e-14
1728 4.17759e-14
1729 3.77709e-14
1730 3.41429e-14
1731 3.08572e-14
1732 2.7882e-14
1733 2.51885e-14
1734 2.27506e-14
1735 2.05445e-14
1736 1.85486e-14
1737 1.67432e-14
1738 1.51104e-14
1739 1.36341e-14
1740 1.22995e-14
1741 1.10933e-14
1742 1.00034e-14
1743 9.01868e-15
1744 8.12927e-15
1745 7.32608e-15
1746 6.60091e-15
1747 5.94631e-15
1748 5.35553e-15
1749 4.82246e-15
1750 4.34158e-15
1751 3.90784e-15
1752 3.51673e-15
1753 3.16411e-15
1754 2.84627e-15
1755 2.55983e-15
1756 2.30176e-15
1757 2.06927e-15
1758 1.8599e-15
1759 1.67136e-15
1760 1.50163e-15
1761 1.34886e-15
1762 1.21139e-15
1763 1.0877e-15
1764 9.76448e-16
1765 8.76393e-16
1766 7.8643e-16
1767 7.05557e-16
1768 6.32872e-16
1769 5.67558e-16
1770 5.08881e-16
1771 4.56177e-16
1772 4.08848e-16
1773 3.66354e-16
1774 3.2821e-16
1775 2.93977e-16
1776 2.6326e-16
1777 2.35705e-16
1778 2.10991e-16
1779 1.88829e-16
1780 1.68961e-16
1781 1.51152e-16
1782 1.35192e-16
1783 1.20893e-16
1784 1.08084e-16
1785 9.66124e-17
1786 8.63405e-17
1787 7.7145e-17
1788 6.89146e-17
1789 6.15496e-17
1790 5.49605e-17
1791 4.90667e-17
1792 4.37959e-17
1793 3.90832e-17
1794 3.48705e-17
1795 3.11055e-17
1796 2.77413e-17
1797 2.47359e-17
1798 2.20515e-17
1799 1.96544e-17
1800 1.75142e-17
1801 1.56039e-17
1802 1.38991e-17
1803 1.2378e-17
1804 1.10211e-17
1805 9.81091e-18
1806 8.73182e-18
1807 7.76981e-18
1808 6.91237e-18
1809 6.14828e-18
1810 5.46753e-18
1811 4.86115e-18
1812 4.32112e-18
1813 3.8403e-18
1814 3.41228e-18
1815 3.03133e-18
1816 2.69236e-18
1817 2.3908e-18
1818 2.12258e-18
1819 1.88406e-18
1820 1.672e-18
1821 1.4835e-18
1822 1.31598e-18
1823 1.16713e-18
1824 1.03491e-18
1825 9.17475e-19
1826 8.13199e-19
1827 7.20625e-19
1828 6.38458e-19
1829 5.65542e-19
1830 5.0085e-19
1831 4.43467e-19
1832 3.92576e-19
1833 3.47454e-19
1834 3.07454e-19
1835 2.72003e-19
1836 2.4059e-19
1837 2.1276e-19
1838 1.88111e-19
1839 1.66282e-19
1840 1.46957e-19
1841 1.2985e-19
1842 1.14711e-19
1843 1.01316e-19
1844 8.94664e-20
1845 7.89864e-20
1846 6.97196e-20
1847 6.15271e-20
1848 5.42861e-20
1849 4.78872e-20
1850 4.22339e-20
1851 3.72402e-20
1852 3.28302e-20
1853 2.89363e-20
1854 2.5499e-20
1855 2.24654e-20
1856 1.97885e-20
1857 1.7427e-20
1858 1.53441e-20
1859 1.35073e-20
1860 1.1888e-20
1861 1.04606e-20
1862 9.20265e-21
1863 8.09431e-21
1864 7.11797e-21
1865 6.2581e-21
1866 5.50095e-21
1867 4.8344e-21
1868 4.24774e-21
1869 3.73149e-21
1870 3.27729e-21
1871 2.87779e-21
1872 2.52645e-21
1873 2.21755e-21
1874 1.94601e-21
1875 1.70736e-21
1876 1.49767e-21
1877 1.31345e-21
1878 1.15166e-21
1879 1.00958e-21
1880 8.8485e-22
1881 7.75366e-22
1882 6.79287e-22
1883 5.94988e-22
1884 5.21043e-22
1885 4.56192e-22
1886 3.99329e-22
1887 3.4948e-22
1888 3.05791e-22
1889 2.67507e-22
1890 2.33967e-22
1891 2.0459e-22
1892 1.78864e-22
1893 1.5634e-22
1894 1.36624e-22
1895 1.19369e-22
1896 1.04271e-22
1897 9.10646e-23
1898 7.95137e-23
1899 6.94134e-23
1900 6.05834e-23
1901 5.28656e-23
1902 4.61213e-23
1903 4.0229e-23
1904 3.50821e-23
1905 3.05873e-23
1906 2.66628e-23
1907 2.32369e-23
1908 2.02469e-23
1909 1.76381e-23
1910 1.53621e-23
1911 1.3377e-23
1912 1.1646e-23
1913 1.01368e-23
1914 8.82139e-24
1915 7.67505e-24
1916 6.67627e-24
1917 5.80624e-24
1918 5.04853e-24
1919 4.38878e-24
1920 3.81444e-24
1921 3.31457e-24
1922 2.8796e-24
1923 2.50119e-24
1924 2.17204e-24
1925 1.88582e-24
1926 1.63697e-24
1927 1.42065e-24
1928 1.23266e-24
1929 1.06933e-24
1930 9.27436e-25
1931 8.04204e-25
1932 6.97201e-25
1933 6.04307e-25
1934 5.23681e-25
1935 4.53715e-25
1936 3.93014e-25
1937 3.40363e-25
1938 2.94703e-25
1939 2.55115e-25
1940 2.20797e-25
1941 1.91056e-25
1942 1.65287e-25
1943 1.42962e-25
1944 1.23627e-25
1945 1.06885e-25
1946 9.23903e-26
1947 7.98441e-26
1948 6.89875e-26
1949 5.95942e-26
1950 5.1469e-26
1951 4.44424e-26
1952 3.83667e-26
1953 3.31148e-26
1954 2.85757e-26
1955 2.46537e-26
1956 2.12655e-26
1957 1.83389e-26
1958 1.58119e-26
1959 1.36301e-26
1960 1.17468e-26
1961 1.01218e-26
1962 8.71963e-27
1963 7.5101e-27
1964 6.46698e-27
1965 5.56757e-27
1966 4.79228e-27
1967 4.12401e-27
1968 3.54822e-27
1969 3.05217e-27
1970 2.6249e-27
1971 2.25698e-27
1972 1.94019e-27
1973 1.66754e-27
1974 1.43289e-27
1975 1.231e-27
1976 1.05733e-27
1977 9.07964e-28
1978 7.79547e-28
1979 6.69138e-28
1980 5.74248e-28
1981 4.92714e-28
1982 4.22663e-28
1983 3.62497e-28
1984 3.10825e-28
1985 2.66461e-28
1986 2.28387e-28
1987 1.95708e-28
1988 1.67669e-28
1989 1.43617e-28
1990 1.22989e-28
1991 1.05302e-28
1992 9.01376e-29
1993 7.71419e-29
1994 6.60053e-29
1995 5.64647e-29
1996 4.82925e-29
1997 4.1294e-29
1998 3.53022e-29
1999 3.01736e-29
2000 2.57844e-29
2001 2.20285e-29
2002 1.88159e-29
2003 1.60681e-29
2004 1.37188e-29
2005 1.17102e-29
2006 9.99345e-30
2007 8.52651e-30
2008 7.27324e-30
2009 6.20265e-30
2010 5.28855e-30
2011 4.50805e-30
2012 3.84175e-30
2013 3.27318e-30
2014 2.78796e-30
2015 2.37411e-30
2016 2.02112e-30
2017 1.72016e-30
2018 1.46354e-30
2019 1.24484e-30
2020 1.05854e-30
2021 8.99698e-31
2022 7.64454e-31
2023 6.49306e-31
2024 5.51212e-31
2025 4.6774e-31
2026 3.96723e-31
2027 3.36276e-31
2028 2.84856e-31
2029 2.41137e-31
2030 2.03945e-31
2031 1.72329e-31
2032 1.45469e-31
2033 1.22638e-31
2034 1.03253e-31
2035 8.67916e-32
2036 7.28107e-32
2037 6.09474e-32
2038 5.08856e-32
2039 4.23582e-32
2040 3.51268e-32
2041 2.90046e-32
2042 2.38273e-32
2043 1.94486e-32
2044 1.5758e-32
2045 1.26504e-32
2046 1.00397e-32
2047 7.85831e-33
