0 2.92481e-48
1 1.63262e-48
2 7.42259e-49
3 2.08647e-49
4 3.72252e-51
5 1.15033e-49
6 5.45069e-49
7 1.31129e-48
8 2.44684e-48
9 4.00198e-48
10 6.04631e-48
11 8.67193e-48
12 1.19974e-47
13 1.61732e-47
14 2.13882e-47
15 2.78786e-47
16 3.59379e-47
17 4.593e-47
18 5.83058e-47
19 7.36231e-47
20 9.25706e-47
21 1.15999e-46
22 1.44958e-46
23 1.80743e-46
24 2.24951e-46
25 2.79552e-46
26 3.46973e-46
27 4.30204e-46
28 5.32932e-46
29 6.59691e-46
30 8.16068e-46
31 1.00894e-45
32 1.24677e-45
33 1.53998e-45
34 1.90137e-45
35 2.34668e-45
36 2.8953e-45
37 3.57103e-45
38 4.40312e-45
39 5.4275e-45
40 6.68833e-45
41 8.23984e-45
42 1.01486e-44
43 1.24962e-44
44 1.5383e-44
45 1.8932e-44
46 2.3294e-44
47 2.8654e-44
48 3.52388e-44
49 4.33262e-44
50 5.3257e-44
51 6.54482e-44
52 8.04107e-44
53 9.87703e-44
54 1.21293e-43
55 1.48915e-43
56 1.82785e-43
57 2.24303e-43
58 2.75186e-43
59 3.37531e-43
60 4.13902e-43
61 5.07429e-43
62 6.21939e-43
63 7.62108e-43
64 9.33642e-43
65 1.14351e-42
66 1.4002e-42
67 1.71411e-42
68 2.09789e-42
69 2.56696e-42
70 3.14015e-42
71 3.8404e-42
72 4.69566e-42
73 5.74e-42
74 7.01488e-42
75 8.57085e-42
76 1.04694e-41
77 1.27854e-41
78 1.56099e-41
79 1.90539e-41
80 2.32521e-41
81 2.83683e-41
82 3.46019e-41
83 4.2195e-41
84 5.14421e-41
85 6.27007e-41
86 7.64048e-41
87 9.30817e-41
88 1.13372e-40
89 1.38052e-40
90 1.68065e-40
91 2.04553e-40
92 2.48905e-40
93 3.02802e-40
94 3.68281e-40
95 4.47814e-40
96 5.44396e-40
97 6.61653e-40
98 8.03976e-40
99 9.76682e-40
100 1.18621e-39
101 1.44036e-39
102 1.74855e-39
103 2.12218e-39
104 2.57505e-39
105 3.12384e-39
106 3.7887e-39
107 4.59399e-39
108 5.56915e-39
109 6.74974e-39
110 8.17872e-39
111 9.90789e-39
112 1.19998e-38
113 1.45301e-38
114 1.75898e-38
115 2.12889e-38
116 2.57597e-38
117 3.11622e-38
118 3.7689e-38
119 4.5572e-38
120 5.50909e-38
121 6.65823e-38
122 8.04518e-38
123 9.71874e-38
124 1.17376e-37
125 1.41726e-37
126 1.71086e-37
127 2.06479e-37
128 2.49134e-37
129 3.0053e-37
130 3.62442e-37
131 4.37003e-37
132 5.26777e-37
133 6.34841e-37
134 7.64889e-37
135 9.21356e-37
136 1.10956e-36
137 1.33589e-36
138 1.608e-36
139 1.93507e-36
140 2.3281e-36
141 2.80029e-36
142 3.36743e-36
143 4.04846e-36
144 4.86605e-36
145 5.84734e-36
146 7.02483e-36
147 8.4374e-36
148 1.01316e-35
149 1.2163e-35
150 1.45983e-35
151 1.7517e-35
152 2.10141e-35
153 2.52035e-35
154 3.02209e-35
155 3.62284e-35
156 4.34199e-35
157 5.20267e-35
158 6.23249e-35
159 7.46438e-35
160 8.93764e-35
161 1.06992e-34
162 1.28049e-34
163 1.53215e-34
164 1.83284e-34
165 2.19203e-34
166 2.621e-34
167 3.13319e-34
168 3.74459e-34
169 4.47427e-34
170 5.3449e-34
171 6.38346e-34
172 7.62203e-34
173 9.09883e-34
174 1.08593e-33
175 1.29573e-33
176 1.54571e-33
177 1.84348e-33
178 2.19812e-33
179 2.62037e-33
180 3.12299e-33
181 3.72117e-33
182 4.4329e-33
183 5.27951e-33
184 6.28635e-33
185 7.48345e-33
186 8.90641e-33
187 1.05975e-32
188 1.26066e-32
189 1.49932e-32
190 1.78273e-32
191 2.11921e-32
192 2.51861e-32
193 2.99256e-32
194 3.55486e-32
195 4.22181e-32
196 5.01269e-32
197 5.9503e-32
198 7.06159e-32
199 8.37842e-32
200 9.93843e-32
201 1.17861e-31
202 1.39738e-31
203 1.65637e-31
204 1.96288e-31
205 2.32555e-31
206 2.75456e-31
207 3.26193e-31
208 3.86182e-31
209 4.57094e-31
210 5.40896e-31
211 6.39907e-31
212 7.56861e-31
213 8.94974e-31
214 1.05804e-30
215 1.25051e-30
216 1.47764e-30
217 1.74561e-30
218 2.06168e-30
219 2.4344e-30
220 2.87382e-30
221 3.39175e-30
222 4.00208e-30
223 4.72112e-30
224 5.56803e-30
225 6.56532e-30
226 7.73941e-30
227 9.12134e-30
228 1.07475e-29
229 1.26606e-29
230 1.49108e-29
231 1.75568e-29
232 2.06676e-29
233 2.43239e-29
234 2.86204e-29
235 3.36681e-29
236 3.95967e-29
237 4.65587e-29
238 5.4732e-29
239 6.43253e-29
240 7.55825e-29
241 8.87893e-29
242 1.0428e-28
243 1.22444e-28
244 1.43739e-28
245 1.68699e-28
246 1.97947e-28
247 2.32212e-28
248 2.72345e-28
249 3.19339e-28
250 3.74354e-28
251 4.38745e-28
252 5.1409e-28
253 6.02233e-28
254 7.05322e-28
255 8.25863e-28
256 9.66774e-28
257 1.13146e-27
258 1.32388e-27
259 1.54866e-27
260 1.81117e-27
261 2.11767e-27
262 2.47544e-27
263 2.89297e-27
264 3.38009e-27
265 3.94829e-27
266 4.61089e-27
267 5.38337e-27
268 6.28376e-27
269 7.33295e-27
270 8.55525e-27
271 9.97886e-27
272 1.16365e-26
273 1.35663e-26
274 1.58122e-26
275 1.84254e-26
276 2.14654e-26
277 2.50007e-26
278 2.91114e-26
279 3.38896e-26
280 3.94426e-26
281 4.58945e-26
282 5.33888e-26
283 6.2092e-26
284 7.21966e-26
285 8.39254e-26
286 9.75364e-26
287 1.13328e-25
288 1.31644e-25
289 1.52885e-25
290 1.77511e-25
291 2.06056e-25
292 2.39133e-25
293 2.77456e-25
294 3.21844e-25
295 3.73247e-25
296 4.32758e-25
297 5.01641e-25
298 5.81354e-25
299 6.73576e-25
300 7.80248e-25
301 9.03603e-25
302 1.04622e-24
303 1.21107e-24
304 1.40156e-24
305 1.62165e-24
306 1.87586e-24
307 2.16942e-24
308 2.50835e-24
309 2.89955e-24
310 3.35099e-24
311 3.87182e-24
312 4.47256e-24
313 5.16531e-24
314 5.96397e-24
315 6.88451e-24
316 7.94528e-24
317 9.16733e-24
318 1.05749e-23
319 1.21956e-23
320 1.40615e-23
321 1.62089e-23
322 1.86798e-23
323 2.15223e-23
324 2.47914e-23
325 2.85501e-23
326 3.28708e-23
327 3.78363e-23
328 4.35412e-23
329 5.00941e-23
330 5.76192e-23
331 6.62585e-23
332 7.61744e-23
333 8.75528e-23
334 1.00606e-22
335 1.15577e-22
336 1.32743e-22
337 1.52421e-22
338 1.74973e-22
339 2.00811e-22
340 2.30409e-22
341 2.64303e-22
342 3.03108e-22
343 3.47526e-22
344 3.98353e-22
345 4.56502e-22
346 5.23011e-22
347 5.99062e-22
348 6.86004e-22
349 7.85372e-22
350 8.98914e-22
351 1.02862e-21
352 1.17676e-21
353 1.3459e-21
354 1.53899e-21
355 1.75936e-21
356 2.0108e-21
357 2.29763e-21
358 2.62474e-21
359 2.99773e-21
360 3.4229e-21
361 3.90746e-21
362 4.45957e-21
363 5.0885e-21
364 5.80478e-21
365 6.62034e-21
366 7.54874e-21
367 8.60535e-21
368 9.80759e-21
369 1.11752e-20
370 1.27306e-20
371 1.44992e-20
372 1.65096e-20
373 1.87946e-20
374 2.13908e-20
375 2.43401e-20
376 2.76896e-20
377 3.14929e-20
378 3.58102e-20
379 4.07101e-20
380 4.62696e-20
381 5.25761e-20
382 5.97283e-20
383 6.78376e-20
384 7.70299e-20
385 8.74471e-20
386 9.92496e-20
387 1.12618e-19
388 1.27757e-19
389 1.44897e-19
390 1.64296e-19
391 1.86247e-19
392 2.1108e-19
393 2.39165e-19
394 2.70922e-19
395 3.06819e-19
396 3.47386e-19
397 3.9322e-19
398 4.4499e-19
399 5.03449e-19
400 5.69446e-19
401 6.43932e-19
402 7.27977e-19
403 8.22784e-19
404 9.29701e-19
405 1.05024e-18
406 1.18612e-18
407 1.33922e-18
408 1.51171e-18
409 1.70597e-18
410 1.92471e-18
411 2.17095e-18
412 2.44806e-18
413 2.75984e-18
414 3.11054e-18
415 3.50492e-18
416 3.9483e-18
417 4.44665e-18
418 5.00665e-18
419 5.63577e-18
420 6.34236e-18
421 7.13577e-18
422 8.02646e-18
423 9.02611e-18
424 1.01478e-17
425 1.14061e-17
426 1.28173e-17
427 1.43997e-17
428 1.61735e-17
429 1.81616e-17
430 2.03892e-17
431 2.28847e-17
432 2.56796e-17
433 2.88091e-17
434 3.23126e-17
435 3.62337e-17
436 4.06214e-17
437 4.553e-17
438 5.10201e-17
439 5.71592e-17
440 6.40225e-17
441 7.16937e-17
442 8.02659e-17
443 8.98428e-17
444 1.0054e-16
445 1.12485e-16
446 1.2582e-16
447 1.40705e-16
448 1.57316e-16
449 1.75847e-16
450 1.96515e-16
451 2.19563e-16
452 2.45258e-16
453 2.73896e-16
454 3.05807e-16
455 3.41356e-16
456 3.80947e-16
457 4.25029e-16
458 4.74099e-16
459 5.28707e-16
460 5.89462e-16
461 6.57037e-16
462 7.3218e-16
463 8.15713e-16
464 9.0855e-16
465 1.0117e-15
466 1.12627e-15
467 1.2535e-15
468 1.39474e-15
469 1.55149e-15
470 1.72541e-15
471 1.91832e-15
472 2.13225e-15
473 2.36939e-15
474 2.63222e-15
475 2.92341e-15
476 3.24595e-15
477 3.6031e-15
478 3.99848e-15
479 4.43604e-15
480 4.92015e-15
481 5.45561e-15
482 6.04772e-15
483 6.70227e-15
484 7.42566e-15
485 8.22491e-15
486 9.10774e-15
487 1.00826e-14
488 1.11589e-14
489 1.23467e-14
490 1.36574e-14
491 1.51033e-14
492 1.66979e-14
493 1.84561e-14
494 2.03941e-14
495 2.25299e-14
496 2.48831e-14
497 2.74752e-14
498 3.03298e-14
499 3.34727e-14
500 3.69324e-14
501 4.07397e-14
502 4.49289e-14
503 4.95371e-14
504 5.46053e-14
505 6.0178e-14
506 6.63043e-14
507 7.30376e-14
508 8.04367e-14
509 8.85657e-14
510 9.74946e-14
511 1.073e-13
512 1.18066e-13
513 1.29885e-13
514 1.42855e-13
515 1.57088e-13
516 1.72701e-13
517 1.89826e-13
518 2.08605e-13
519 2.29193e-13
520 2.5176e-13
521 2.76489e-13
522 3.03583e-13
523 3.3326e-13
524 3.6576e-13
525 4.01342e-13
526 4.40289e-13
527 4.82909e-13
528 5.29537e-13
529 5.80537e-13
530 6.36304e-13
531 6.97267e-13
532 7.63892e-13
533 8.36686e-13
534 9.16198e-13
535 1.00302e-12
536 1.0978e-12
537 1.20124e-12
538 1.31409e-12
539 1.43717e-12
540 1.57138e-12
541 1.71765e-12
542 1.87705e-12
543 2.05067e-12
544 2.23974e-12
545 2.44555e-12
546 2.66953e-12
547 2.91318e-12
548 3.17815e-12
549 3.46622e-12
550 3.77928e-12
551 4.11939e-12
552 4.48876e-12
553 4.88978e-12
554 5.325e-12
555 5.7972e-12
556 6.30933e-12
557 6.8646e-12
558 7.46643e-12
559 8.11852e-12
560 8.82484e-12
561 9.58965e-12
562 1.04175e-11
563 1.13134e-11
564 1.22826e-11
565 1.33308e-11
566 1.44641e-11
567 1.5689e-11
568 1.70125e-11
569 1.84424e-11
570 1.99866e-11
571 2.16539e-11
572 2.34536e-11
573 2.53958e-11
574 2.74914e-11
575 2.97518e-11
576 3.21896e-11
577 3.48181e-11
578 3.76517e-11
579 4.07057e-11
580 4.39967e-11
581 4.75425e-11
582 5.13622e-11
583 5.54761e-11
584 5.99064e-11
585 6.46765e-11
586 6.98117e-11
587 7.53394e-11
588 8.12885e-11
589 8.76903e-11
590 9.45785e-11
591 1.01989e-10
592 1.0996e-10
593 1.18533e-10
594 1.27753e-10
595 1.37666e-10
596 1.48324e-10
597 1.59781e-10
598 1.72095e-10
599 1.85328e-10
600 1.99546e-10
601 2.14822e-10
602 2.31229e-10
603 2.4885e-10
604 2.6777e-10
605 2.88081e-10
606 3.09882e-10
607 3.33276e-10
608 3.58375e-10
609 3.85296e-10
610 4.14164e-10
611 4.45112e-10
612 4.78282e-10
613 5.13822e-10
614 5.5189e-10
615 5.92653e-10
616 6.36289e-10
617 6.82984e-10
618 7.32934e-10
619 7.86348e-10
620 8.43443e-10
621 9.0445e-10
622 9.6961e-10
623 1.03918e-09
624 1.11342e-09
625 1.19261e-09
626 1.27705e-09
627 1.36704e-09
628 1.4629e-09
629 1.56496e-09
630 1.67358e-09
631 1.78911e-09
632 1.91194e-09
633 2.04245e-09
634 2.18106e-09
635 2.3282e-09
636 2.4843e-09
637 2.64982e-09
638 2.82524e-09
639 3.01104e-09
640 3.20775e-09
641 3.41589e-09
642 3.636e-09
643 3.86866e-09
644 4.11444e-09
645 4.37395e-09
646 4.64782e-09
647 4.9367e-09
648 5.24126e-09
649 5.5622e-09
650 5.90023e-09
651 6.2561e-09
652 6.63059e-09
653 7.0245e-09
654 7.43868e-09
655 7.87399e-09
656 8.33134e-09
657 8.81168e-09
658 9.316e-09
659 9.84534e-09
660 1.04008e-08
661 1.09835e-08
662 1.15947e-08
663 1.22356e-08
664 1.29075e-08
665 1.3612e-08
666 1.43505e-08
667 1.51245e-08
668 1.59358e-08
669 1.67862e-08
670 1.76776e-08
671 1.8612e-08
672 1.95917e-08
673 2.06189e-08
674 2.16962e-08
675 2.28261e-08
676 2.40116e-08
677 2.52557e-08
678 2.65616e-08
679 2.79327e-08
680 2.93729e-08
681 3.08861e-08
682 3.24765e-08
683 3.41486e-08
684 3.59073e-08
685 3.77576e-08
686 3.9705e-08
687 4.17553e-08
688 4.39147e-08
689 4.61896e-08
690 4.85871e-08
691 5.11144e-08
692 5.37792e-08
693 5.65896e-08
694 5.95542e-08
695 6.2682e-08
696 6.59824e-08
697 6.94653e-08
698 7.31409e-08
699 7.702e-08
700 8.11138e-08
701 8.54339e-08
702 8.99922e-08
703 9.48011e-08
704 9.98734e-08
705 1.05222e-07
706 1.10861e-07
707 1.16804e-07
708 1.23064e-07
709 1.29656e-07
710 1.36594e-07
711 1.43893e-07
712 1.51567e-07
713 1.5963e-07
714 1.68098e-07
715 1.76984e-07
716 1.86301e-07
717 1.96065e-07
718 2.06287e-07
719 2.1698e-07
720 2.28158e-07
721 2.39829e-07
722 2.52006e-07
723 2.64696e-07
724 2.77909e-07
725 2.91651e-07
726 3.05928e-07
727 3.20743e-07
728 3.36099e-07
729 3.51996e-07
730 3.68432e-07
731 3.85405e-07
732 4.02907e-07
733 4.20931e-07
734 4.39466e-07
735 4.58497e-07
736 4.78009e-07
737 4.97982e-07
738 5.18394e-07
739 5.39219e-07
740 5.60429e-07
741 5.81991e-07
742 6.03869e-07
743 6.26026e-07
744 6.48417e-07
745 6.70998e-07
746 6.93719e-07
747 7.16527e-07
748 7.39366e-07
749 7.62176e-07
750 7.84895e-07
751 8.07456e-07
752 8.29791e-07
753 8.51828e-07
754 8.73493e-07
755 8.9471e-07
756 9.15402e-07
757 9.35488e-07
758 9.54888e-07
759 9.73521e-07
760 9.91304e-07
761 1.00816e-06
762 1.024e-06
763 1.03875e-06
764 1.05233e-06
765 1.06467e-06
766 1.07569e-06
767 1.08533e-06
768 1.09353e-06
769 1.10023e-06
770 1.10538e-06
771 1.10893e-06
772 1.11086e-06
773 1.11114e-06
774 1.10975e-06
775 1.10669e-06
776 1.10197e-06
777 1.09562e-06
778 1.08766e-06
779 1.07816e-06
780 1.06719e-06
781 1.05482e-06
782 1.04117e-06
783 1.02637e-06
784 1.01055e-06
785 9.93891e-07
786 9.76582e-07
787 9.58839e-07
788 9.40902e-07
789 9.23036e-07
790 9.05535e-07
791 8.88719e-07
792 8.72935e-07
793 8.5856e-07
794 8.46e-07
795 8.35691e-07
796 8.28099e-07
797 8.23721e-07
798 8.23085e-07
799 8.26749e-07
800 8.35303e-07
801 8.49367e-07
802 8.69593e-07
803 8.96663e-07
804 9.31288e-07
805 9.74212e-07
806 1.0262e-06
807 1.08806e-06
808 1.16062e-06
809 1.24472e-06
810 1.34125e-06
811 1.4511e-06
812 1.57521e-06
813 1.71451e-06
814 1.86998e-06
815 2.04259e-06
816 2.23335e-06
817 2.44327e-06
818 2.67338e-06
819 2.92471e-06
820 3.1983e-06
821 3.49522e-06
822 3.81651e-06
823 4.16322e-06
824 4.53642e-06
825 4.93715e-06
826 5.36647e-06
827 5.8254e-06
828 6.31498e-06
829 6.83622e-06
830 7.39013e-06
831 7.97768e-06
832 8.59985e-06
833 9.25757e-06
834 9.95178e-06
835 1.06834e-05
836 1.14532e-05
837 1.22621e-05
838 1.3111e-05
839 1.40005e-05
840 1.49315e-05
841 1.59047e-05
842 1.69207e-05
843 1.79803e-05
844 1.90841e-05
845 2.02326e-05
846 2.14265e-05
847 2.26663e-05
848 2.39525e-05
849 2.52857e-05
850 2.66662e-05
851 2.80945e-05
852 2.95711e-05
853 3.10965e-05
854 3.26709e-05
855 3.42949e-05
856 3.59688e-05
857 3.7693e-05
858 3.94681e-05
859 4.12943e-05
860 4.31723e-05
861 4.51025e-05
862 4.70853e-05
863 4.91215e-05
864 5.12117e-05
865 5.33564e-05
866 5.55566e-05
867 5.78131e-05
868 6.01267e-05
869 6.24986e-05
870 6.49298e-05
871 6.74217e-05
872 6.99757e-05
873 7.25933e-05
874 7.52762e-05
875 7.80264e-05
876 8.08457e-05
877 8.37366e-05
878 8.67014e-05
879 8.97429e-05
880 9.28639e-05
881 9.60676e-05
882 9.93574e-05
883 0.000102737
884 0.00010621
885 0.000109782
886 0.000113456
887 0.000117237
888 0.000121131
889 0.000125144
890 0.000129281
891 0.000133548
892 0.000137953
893 0.000142503
894 0.000147204
895 0.000152066
896 0.000157096
897 0.000162304
898 0.000167698
899 0.000173289
900 0.000179087
901 0.000185102
902 0.000191346
903 0.000197832
904 0.00020457
905 0.000211574
906 0.000218857
907 0.000226434
908 0.000234319
909 0.000242526
910 0.000251072
911 0.000259973
912 0.000269245
913 0.000278906
914 0.000288973
915 0.000299466
916 0.000310402
917 0.000321803
918 0.000333687
919 0.000346076
920 0.000358992
921 0.000372455
922 0.000386489
923 0.000401117
924 0.000416362
925 0.000432249
926 0.000448802
927 0.000466046
928 0.000484008
929 0.000502713
930 0.000522189
931 0.000542463
932 0.000563562
933 0.000585516
934 0.000608352
935 0.000632101
936 0.000656792
937 0.000682454
938 0.000709119
939 0.000736818
940 0.000765581
941 0.000795441
942 0.000826429
943 0.000858579
944 0.000891922
945 0.000926491
946 0.00096232
947 0.000999442
948 0.00103789
949 0.0010777
950 0.00111891
951 0.00116154
952 0.00120563
953 0.00125123
954 0.00129835
955 0.00134704
956 0.00139734
957 0.00144926
958 0.00150286
959 0.00155816
960 0.0016152
961 0.00167401
962 0.00173462
963 0.00179707
964 0.0018614
965 0.00192763
966 0.0019958
967 0.00206594
968 0.00213808
969 0.00221226
970 0.0022885
971 0.00236683
972 0.00244729
973 0.0025299
974 0.0026147
975 0.0027017
976 0.00279095
977 0.00288246
978 0.00297625
979 0.00307237
980 0.00317082
981 0.00327163
982 0.00337482
983 0.00348042
984 0.00358844
985 0.0036989
986 0.00381182
987 0.00392722
988 0.00404511
989 0.0041655
990 0.00428841
991 0.00441385
992 0.00454182
993 0.00467234
994 0.00480541
995 0.00494103
996 0.00507921
997 0.00521996
998 0.00536326
999 0.00550912
1000 0.00565753
1001 0.00580849
1002 0.005962
1003 0.00611803
1004 0.00627658
1005 0.00643764
1006 0.00660119
1007 0.00676721
1008 0.00693569
1009 0.00710659
1010 0.00727991
1011 0.0074556
1012 0.00763365
1013 0.00781401
1014 0.00799667
1015 0.00818158
1016 0.0083687
1017 0.008558
1018 0.00874943
1019 0.00894295
1020 0.00913851
1021 0.00933606
1022 0.00953555
1023 0.00973693
1024 0.00994013
1025 0.0101451
1026 0.0103518
1027 0.0105601
1028 0.01077
1029 0.0109814
1030 0.0111942
1031 0.0114085
1032 0.0116239
1033 0.0118406
1034 0.0120585
1035 0.0122774
1036 0.0124972
1037 0.0127179
1038 0.0129394
1039 0.0131616
1040 0.0133844
1041 0.0136077
1042 0.0138314
1043 0.0140554
1044 0.0142796
1045 0.0145039
1046 0.0147283
1047 0.0149525
1048 0.0151765
1049 0.0154002
1050 0.0156234
1051 0.0158461
1052 0.0160682
1053 0.0162895
1054 0.0165099
1055 0.0167293
1056 0.0169475
1057 0.0171646
1058 0.0173802
1059 0.0175945
1060 0.0178071
1061 0.018018
1062 0.018227
1063 0.0184341
1064 0.0186391
1065 0.018842
1066 0.0190425
1067 0.0192406
1068 0.0194361
1069 0.0196289
1070 0.019819
1071 0.0200061
1072 0.0201903
1073 0.0203712
1074 0.020549
1075 0.0207233
1076 0.0208942
1077 0.0210615
1078 0.0212251
1079 0.0213849
1080 0.0215407
1081 0.0216926
1082 0.0218403
1083 0.0219838
1084 0.022123
1085 0.0222578
1086 0.0223882
1087 0.0225139
1088 0.0226349
1089 0.0227512
1090 0.0228627
1091 0.0229692
1092 0.0230708
1093 0.0231673
1094 0.0232586
1095 0.0233448
1096 0.0234257
1097 0.0235013
1098 0.0235716
1099 0.0236364
1100 0.0236958
1101 0.0237496
1102 0.0237979
1103 0.0238406
1104 0.0238777
1105 0.0239092
1106 0.023935
1107 0.0239551
1108 0.0239696
1109 0.0239783
1110 0.0239813
1111 0.0239785
1112 0.0239701
1113 0.0239559
1114 0.023936
1115 0.0239104
1116 0.0238792
1117 0.0238423
1118 0.0237998
1119 0.0237516
1120 0.0236979
1121 0.0236387
1122 0.0235739
1123 0.0235037
1124 0.0234282
1125 0.0233472
1126 0.023261
1127 0.0231696
1128 0.023073
1129 0.0229713
1130 0.0228645
1131 0.0227528
1132 0.0226363
1133 0.0225149
1134 0.0223888
1135 0.0222581
1136 0.0221228
1137 0.0219831
1138 0.021839
1139 0.0216907
1140 0.0215382
1141 0.0213816
1142 0.0212211
1143 0.0210568
1144 0.0208887
1145 0.0207169
1146 0.0205417
1147 0.020363
1148 0.020181
1149 0.0199959
1150 0.0198077
1151 0.0196165
1152 0.0194226
1153 0.0192259
1154 0.0190266
1155 0.0188249
1156 0.0186209
1157 0.0184146
1158 0.0182062
1159 0.0179959
1160 0.0177837
1161 0.0175698
1162 0.0173543
1163 0.0171373
1164 0.0169189
1165 0.0166994
1166 0.0164787
1167 0.016257
1168 0.0160344
1169 0.0158111
1170 0.0155871
1171 0.0153626
1172 0.0151377
1173 0.0149125
1174 0.0146871
1175 0.0144617
1176 0.0142362
1177 0.0140109
1178 0.0137859
1179 0.0135612
1180 0.013337
1181 0.0131133
1182 0.0128902
1183 0.012668
1184 0.0124465
1185 0.012226
1186 0.0120064
1187 0.011788
1188 0.0115708
1189 0.0113548
1190 0.0111402
1191 0.0109271
1192 0.0107154
1193 0.0105052
1194 0.0102968
1195 0.01009
1196 0.009885
1197 0.00968184
1198 0.00948056
1199 0.00928124
1200 0.00908391
1201 0.00888864
1202 0.00869548
1203 0.00850446
1204 0.00831563
1205 0.00812904
1206 0.00794472
1207 0.0077627
1208 0.00758303
1209 0.00740573
1210 0.00723084
1211 0.00705837
1212 0.00688835
1213 0.00672081
1214 0.00655576
1215 0.00639323
1216 0.00623322
1217 0.00607575
1218 0.00592082
1219 0.00576846
1220 0.00561866
1221 0.00547143
1222 0.00532677
1223 0.00518469
1224 0.00504517
1225 0.00490823
1226 0.00477384
1227 0.00464202
1228 0.00451275
1229 0.00438601
1230 0.0042618
1231 0.00414012
1232 0.00402093
1233 0.00390423
1234 0.00379
1235 0.00367822
1236 0.00356887
1237 0.00346194
1238 0.0033574
1239 0.00325523
1240 0.0031554
1241 0.00305789
1242 0.00296268
1243 0.00286974
1244 0.00277903
1245 0.00269055
1246 0.00260425
1247 0.0025201
1248 0.00243809
1249 0.00235817
1250 0.00228031
1251 0.0022045
1252 0.00213068
1253 0.00205884
1254 0.00198894
1255 0.00192094
1256 0.00185482
1257 0.00179054
1258 0.00172806
1259 0.00166736
1260 0.0016084
1261 0.00155115
1262 0.00149558
1263 0.00144164
1264 0.00138931
1265 0.00133856
1266 0.00128935
1267 0.00124164
1268 0.00119541
1269 0.00115061
1270 0.00110723
1271 0.00106523
1272 0.00102457
1273 0.000985217
1274 0.000947148
1275 0.000910329
1276 0.000874729
1277 0.000840316
1278 0.000807061
1279 0.000774933
1280 0.000743903
1281 0.000713942
1282 0.00068502
1283 0.000657111
1284 0.000630185
1285 0.000604216
1286 0.000579176
1287 0.000555039
1288 0.000531778
1289 0.000509368
1290 0.000487785
1291 0.000467002
1292 0.000446996
1293 0.000427743
1294 0.00040922
1295 0.000391405
1296 0.000374274
1297 0.000357805
1298 0.000341979
1299 0.000326773
1300 0.000312168
1301 0.000298143
1302 0.00028468
1303 0.000271758
1304 0.00025936
1305 0.000247468
1306 0.000236064
1307 0.000225131
1308 0.000214652
1309 0.000204612
1310 0.000194994
1311 0.000185784
1312 0.000176965
1313 0.000168525
1314 0.000160448
1315 0.000152722
1316 0.000145332
1317 0.000138267
1318 0.000131514
1319 0.00012506
1320 0.000118894
1321 0.000113005
1322 0.000107382
1323 0.000102014
1324 9.68916e-05
1325 9.20038e-05
1326 8.73417e-05
1327 8.28958e-05
1328 7.86574e-05
1329 7.46177e-05
1330 7.07685e-05
1331 6.71017e-05
1332 6.36096e-05
1333 6.02848e-05
1334 5.71201e-05
1335 5.41085e-05
1336 5.12434e-05
1337 4.85184e-05
1338 4.59273e-05
1339 4.34641e-05
1340 4.11231e-05
1341 3.8899e-05
1342 3.67863e-05
1343 3.478e-05
1344 3.28752e-05
1345 3.10673e-05
1346 2.93518e-05
1347 2.77244e-05
1348 2.61809e-05
1349 2.47175e-05
1350 2.33302e-05
1351 2.20155e-05
1352 2.077e-05
1353 1.95902e-05
1354 1.8473e-05
1355 1.74153e-05
1356 1.64143e-05
1357 1.5467e-05
1358 1.4571e-05
1359 1.37236e-05
1360 1.29223e-05
1361 1.21649e-05
1362 1.14492e-05
1363 1.0773e-05
1364 1.01343e-05
1365 9.53117e-06
1366 8.96179e-06
1367 8.4244e-06
1368 7.91733e-06
1369 7.439e-06
1370 6.98788e-06
1371 6.56255e-06
1372 6.16163e-06
1373 5.78381e-06
1374 5.42785e-06
1375 5.09258e-06
1376 4.77687e-06
1377 4.47965e-06
1378 4.19992e-06
1379 3.93671e-06
1380 3.68911e-06
1381 3.45625e-06
1382 3.23731e-06
1383 3.03151e-06
1384 2.83811e-06
1385 2.65641e-06
1386 2.48574e-06
1387 2.32549e-06
1388 2.17504e-06
1389 2.03383e-06
1390 1.90133e-06
1391 1.77704e-06
1392 1.66048e-06
1393 1.55119e-06
1394 1.44874e-06
1395 1.35274e-06
1396 1.26279e-06
1397 1.17854e-06
1398 1.09965e-06
1399 1.02579e-06
1400 9.56663e-07
1401 8.91981e-07
1402 8.31472e-07
1403 7.74883e-07
1404 7.21971e-07
1405 6.72512e-07
1406 6.2629e-07
1407 5.83106e-07
1408 5.42769e-07
1409 5.05102e-07
1410 4.69936e-07
1411 4.37114e-07
1412 4.06487e-07
1413 3.77916e-07
1414 3.51269e-07
1415 3.26422e-07
1416 3.03261e-07
1417 2.81676e-07
1418 2.61565e-07
1419 2.42832e-07
1420 2.25386e-07
1421 2.09144e-07
1422 1.94027e-07
1423 1.79959e-07
1424 1.66871e-07
1425 1.54698e-07
1426 1.4338e-07
1427 1.32857e-07
1428 1.23078e-07
1429 1.13991e-07
1430 1.0555e-07
1431 9.77114e-08
1432 9.0433e-08
1433 8.36769e-08
1434 7.74071e-08
1435 7.15902e-08
1436 6.61946e-08
1437 6.11912e-08
1438 5.65525e-08
1439 5.22531e-08
1440 4.82691e-08
1441 4.45782e-08
1442 4.11599e-08
1443 3.79946e-08
1444 3.50644e-08
1445 3.23526e-08
1446 2.98434e-08
1447 2.75223e-08
1448 2.53756e-08
1449 2.33909e-08
1450 2.15563e-08
1451 1.98609e-08
1452 1.82945e-08
1453 1.68476e-08
1454 1.55115e-08
1455 1.4278e-08
1456 1.31394e-08
1457 1.20888e-08
1458 1.11195e-08
1459 1.02255e-08
1460 9.4012e-09
1461 8.64127e-09
1462 7.94089e-09
1463 7.29554e-09
1464 6.70105e-09
1465 6.15354e-09
1466 5.64943e-09
1467 5.18538e-09
1468 4.75832e-09
1469 4.3654e-09
1470 4.00397e-09
1471 3.6716e-09
1472 3.36602e-09
1473 3.08513e-09
1474 2.82702e-09
1475 2.58988e-09
1476 2.37208e-09
1477 2.17207e-09
1478 1.98846e-09
1479 1.81994e-09
1480 1.6653e-09
1481 1.52344e-09
1482 1.39334e-09
1483 1.27404e-09
1484 1.16468e-09
1485 1.06446e-09
1486 9.72627e-10
1487 8.88508e-10
1488 8.11472e-10
1489 7.4094e-10
1490 6.76377e-10
1491 6.17295e-10
1492 5.63239e-10
1493 5.13796e-10
1494 4.68582e-10
1495 4.27245e-10
1496 3.89463e-10
1497 3.54938e-10
1498 3.23397e-10
1499 2.9459e-10
1500 2.68285e-10
1501 2.44271e-10
1502 2.22354e-10
1503 2.02356e-10
1504 1.84112e-10
1505 1.67474e-10
1506 1.52304e-10
1507 1.38475e-10
1508 1.25872e-10
1509 1.14389e-10
1510 1.0393e-10
1511 9.44039e-11
1512 8.57312e-11
1513 7.78368e-11
1514 7.06528e-11
1515 6.41167e-11
1516 5.81716e-11
1517 5.27653e-11
1518 4.78502e-11
1519 4.33828e-11
1520 3.93232e-11
1521 3.56351e-11
1522 3.22853e-11
1523 2.92435e-11
1524 2.64821e-11
1525 2.39758e-11
1526 2.17016e-11
1527 1.96385e-11
1528 1.77674e-11
1529 1.60708e-11
1530 1.45327e-11
1531 1.31388e-11
1532 1.18758e-11
1533 1.07317e-11
1534 9.69551e-12
1535 8.75732e-12
1536 7.90807e-12
1537 7.13949e-12
1538 6.4441e-12
1539 5.81507e-12
1540 5.24622e-12
1541 4.73189e-12
1542 4.26699e-12
1543 3.84687e-12
1544 3.46729e-12
1545 3.12443e-12
1546 2.81481e-12
1547 2.53528e-12
1548 2.28298e-12
1549 2.05529e-12
1550 1.84988e-12
1551 1.66461e-12
1552 1.49755e-12
1553 1.34693e-12
1554 1.21118e-12
1555 1.08885e-12
1556 9.78646e-13
1557 8.79391e-13
1558 7.90016e-13
1559 7.09559e-13
1560 6.37145e-13
1561 5.71987e-13
1562 5.13372e-13
1563 4.60656e-13
1564 4.13255e-13
1565 3.70645e-13
1566 3.3235e-13
1567 2.97942e-13
1568 2.67034e-13
1569 2.39276e-13
1570 2.14352e-13
1571 1.9198e-13
1572 1.71903e-13
1573 1.53889e-13
1574 1.3773e-13
1575 1.2324e-13
1576 1.10248e-13
1577 9.86022e-14
1578 8.81662e-14
1579 7.88162e-14
1580 7.04413e-14
1581 6.29416e-14
1582 5.62272e-14
1583 5.02173e-14
1584 4.48393e-14
1585 4.00279e-14
1586 3.57244e-14
1587 3.18761e-14
1588 2.84357e-14
1589 2.53607e-14
1590 2.2613e-14
1591 2.01582e-14
1592 1.79658e-14
1593 1.6008e-14
1594 1.42603e-14
1595 1.27004e-14
1596 1.13085e-14
1597 1.00668e-14
1598 8.95935e-15
1599 7.97187e-15
1600 7.09157e-15
1601 6.30701e-15
1602 5.60794e-15
1603 4.9852e-15
1604 4.43057e-15
1605 3.93673e-15
1606 3.49712e-15
1607 3.10587e-15
1608 2.75776e-15
1609 2.44809e-15
1610 2.17268e-15
1611 1.92781e-15
1612 1.71014e-15
1613 1.5167e-15
1614 1.34482e-15
1615 1.19214e-15
1616 1.05655e-15
1617 9.36158e-16
1618 8.29294e-16
1619 7.34458e-16
1620 6.50315e-16
1621 5.75677e-16
1622 5.09487e-16
1623 4.50802e-16
1624 3.98784e-16
1625 3.52686e-16
1626 3.11844e-16
1627 2.75667e-16
1628 2.4363e-16
1629 2.15266e-16
1630 1.9016e-16
1631 1.67942e-16
1632 1.48286e-16
1633 1.309e-16
1634 1.15526e-16
1635 1.01933e-16
1636 8.99188e-17
1637 7.9302e-17
1638 6.99225e-17
1639 6.16379e-17
1640 5.43223e-17
1641 4.78637e-17
1642 4.21632e-17
1643 3.7133e-17
1644 3.26952e-17
1645 2.87811e-17
1646 2.53297e-17
1647 2.2287e-17
1648 1.96052e-17
1649 1.72421e-17
1650 1.51603e-17
1651 1.33267e-17
1652 1.17122e-17
1653 1.02909e-17
1654 9.03995e-18
1655 7.93922e-18
1656 6.9709e-18
1657 6.11926e-18
1658 5.37041e-18
1659 4.71211e-18
1660 4.13354e-18
1661 3.62517e-18
1662 3.17858e-18
1663 2.78636e-18
1664 2.44197e-18
1665 2.13965e-18
1666 1.87432e-18
1667 1.64152e-18
1668 1.43729e-18
1669 1.25818e-18
1670 1.10114e-18
1671 9.63471e-19
1672 8.42821e-19
1673 7.37108e-19
1674 6.44504e-19
1675 5.63404e-19
1676 4.92394e-19
1677 4.30235e-19
1678 3.75835e-19
1679 3.28237e-19
1680 2.86601e-19
1681 2.50188e-19
1682 2.18351e-19
1683 1.90521e-19
1684 1.66199e-19
1685 1.44949e-19
1686 1.26386e-19
1687 1.10175e-19
1688 9.60213e-20
1689 8.36662e-20
1690 7.28839e-20
1691 6.34763e-20
1692 5.52703e-20
1693 4.81139e-20
1694 4.18744e-20
1695 3.64355e-20
1696 3.16958e-20
1697 2.75662e-20
1698 2.3969e-20
1699 2.08364e-20
1700 1.81091e-20
1701 1.5735e-20
1702 1.3669e-20
1703 1.18715e-20
1704 1.0308e-20
1705 8.94834e-21
1706 7.7662e-21
1707 6.73867e-21
1708 5.84573e-21
1709 5.06993e-21
1710 4.39607e-21
1711 3.81089e-21
1712 3.30284e-21
1713 2.86185e-21
1714 2.47917e-21
1715 2.14716e-21
1716 1.85918e-21
1717 1.60945e-21
1718 1.39294e-21
1719 1.20528e-21
1720 1.04265e-21
1721 9.01765e-22
1722 7.79732e-22
1723 6.74057e-22
1724 5.82569e-22
1725 5.03381e-22
1726 4.34857e-22
1727 3.75573e-22
1728 3.24296e-22
1729 2.79955e-22
1730 2.41621e-22
1731 2.08488e-22
1732 1.79856e-22
1733 1.55121e-22
1734 1.33756e-22
1735 1.15307e-22
1736 9.93799e-23
1737 8.56328e-23
1738 7.37702e-23
1739 6.35363e-23
1740 5.47094e-23
1741 4.70978e-23
1742 4.05359e-23
1743 3.48801e-23
1744 3.00065e-23
1745 2.58079e-23
1746 2.21916e-23
1747 1.90776e-23
1748 1.63968e-23
1749 1.40894e-23
1750 1.2104e-23
1751 1.03959e-23
1752 8.92674e-24
1753 7.66346e-24
1754 6.57742e-24
1755 5.64399e-24
1756 4.8419e-24
1757 4.15284e-24
1758 3.56101e-24
1759 3.05281e-24
1760 2.61654e-24
1761 2.24209e-24
1762 1.92078e-24
1763 1.64514e-24
1764 1.40872e-24
1765 1.206e-24
1766 1.03222e-24
1767 8.83266e-25
1768 7.55634e-25
1769 6.46295e-25
1770 5.52649e-25
1771 4.72462e-25
1772 4.03816e-25
1773 3.45063e-25
1774 2.94791e-25
1775 2.51784e-25
1776 2.15001e-25
1777 1.83549e-25
1778 1.56662e-25
1779 1.33683e-25
1780 1.14047e-25
1781 9.72732e-26
1782 8.29471e-26
1783 7.07145e-26
1784 6.02718e-26
1785 5.13594e-26
1786 4.37547e-26
1787 3.72673e-26
1788 3.17345e-26
1789 2.70168e-26
1790 2.29951e-26
1791 1.95675e-26
1792 1.6647e-26
1793 1.41591e-26
1794 1.20402e-26
1795 1.0236e-26
1796 8.70016e-27
1797 7.39305e-27
1798 6.28086e-27
1799 5.33475e-27
1800 4.5301e-27
1801 3.84593e-27
1802 3.26433e-27
1803 2.77005e-27
1804 2.35006e-27
1805 1.99328e-27
1806 1.69028e-27
1807 1.43301e-27
1808 1.21461e-27
1809 1.02926e-27
1810 8.71994e-28
1811 7.38585e-28
1812 6.25441e-28
1813 5.29507e-28
1814 4.48184e-28
1815 3.79263e-28
1816 3.20866e-28
1817 2.71398e-28
1818 2.29503e-28
1819 1.9403e-28
1820 1.64002e-28
1821 1.38589e-28
1822 1.17086e-28
1823 9.88972e-29
1824 8.35143e-29
1825 7.05077e-29
1826 5.95129e-29
1827 5.02209e-29
1828 4.23699e-29
1829 3.57379e-29
1830 3.0137e-29
1831 2.5408e-29
1832 2.1416e-29
1833 1.80471e-29
1834 1.52045e-29
1835 1.28068e-29
1836 1.07846e-29
1837 9.0796e-30
1838 7.64239e-30
1839 6.43117e-30
1840 5.41066e-30
1841 4.55102e-30
1842 3.82707e-30
1843 3.21754e-30
1844 2.70445e-30
1845 2.27265e-30
1846 1.90935e-30
1847 1.60376e-30
1848 1.34676e-30
1849 1.13068e-30
1850 9.49047e-31
1851 7.96407e-31
1852 6.68162e-31
1853 5.60437e-31
1854 4.69971e-31
1855 3.94016e-31
1856 3.3026e-31
1857 2.76756e-31
1858 2.31866e-31
1859 1.94212e-31
1860 1.62635e-31
1861 1.3616e-31
1862 1.13969e-31
1863 9.53717e-32
1864 7.97908e-32
1865 6.67399e-32
1866 5.58106e-32
1867 4.66603e-32
1868 3.90011e-32
1869 3.25915e-32
1870 2.7229e-32
1871 2.27435e-32
1872 1.89925e-32
1873 1.58565e-32
1874 1.32352e-32
1875 1.10447e-32
1876 9.21452e-33
1877 7.68586e-33
1878 6.40931e-33
1879 5.34353e-33
1880 4.45394e-33
1881 3.71159e-33
1882 3.09224e-33
1883 2.57565e-33
1884 2.14485e-33
1885 1.7857e-33
1886 1.48633e-33
1887 1.23687e-33
1888 1.02903e-33
1889 8.55923e-34
1890 7.11767e-34
1891 5.91752e-34
1892 4.91858e-34
1893 4.08732e-34
1894 3.39575e-34
1895 2.82054e-34
1896 2.34221e-34
1897 1.94455e-34
1898 1.61402e-34
1899 1.33936e-34
1900 1.11118e-34
1901 9.21662e-35
1902 7.64286e-35
1903 6.33634e-35
1904 5.25193e-35
1905 4.35209e-35
1906 3.60558e-35
1907 2.98642e-35
1908 2.473e-35
1909 2.04737e-35
1910 1.69459e-35
1911 1.40228e-35
1912 1.16011e-35
1913 9.59541e-36
1914 7.93462e-36
1915 6.55975e-36
1916 5.42183e-36
1917 4.48025e-36
1918 3.70133e-36
1919 3.05711e-36
1920 2.52442e-36
1921 2.08407e-36
1922 1.72012e-36
1923 1.4194e-36
1924 1.17098e-36
1925 9.6581e-37
1926 7.96401e-37
1927 6.56554e-37
1928 5.41137e-37
1929 4.45905e-37
1930 3.67346e-37
1931 3.02557e-37
1932 2.49136e-37
1933 2.05099e-37
1934 1.68807e-37
1935 1.38904e-37
1936 1.14271e-37
1937 9.39845e-38
1938 7.72813e-38
1939 6.35318e-38
1940 5.22163e-38
1941 4.2906e-38
1942 3.52476e-38
1943 2.89493e-38
1944 2.37708e-38
1945 1.95141e-38
1946 1.60159e-38
1947 1.31417e-38
1948 1.07808e-38
1949 8.84193e-39
1950 7.25005e-39
1951 5.94337e-39
1952 4.87105e-39
1953 3.99126e-39
1954 3.2696e-39
1955 2.67779e-39
1956 2.19259e-39
1957 1.79488e-39
1958 1.46896e-39
1959 1.20194e-39
1960 9.83223e-40
1961 8.04118e-40
1962 6.57483e-40
1963 5.3746e-40
1964 4.39243e-40
1965 3.5889e-40
1966 2.93167e-40
1967 2.39423e-40
1968 1.95485e-40
1969 1.59572e-40
1970 1.30227e-40
1971 1.06252e-40
1972 8.66712e-41
1973 7.06817e-41
1974 5.76284e-41
1975 4.69747e-41
1976 3.82813e-41
1977 3.11894e-41
1978 2.54053e-41
1979 2.0689e-41
1980 1.68442e-41
1981 1.37106e-41
1982 1.11574e-41
1983 9.07744e-42
1984 7.38349e-42
1985 6.00422e-42
1986 4.88144e-42
1987 3.96768e-42
1988 3.2242e-42
1989 2.61941e-42
1990 2.12756e-42
1991 1.72766e-42
1992 1.40259e-42
1993 1.13841e-42
1994 9.23774e-43
1995 7.49425e-43
1996 6.07837e-43
1997 4.92882e-43
1998 3.99572e-43
1999 3.2385e-43
2000 2.62415e-43
2001 2.12584e-43
2002 1.72174e-43
2003 1.39412e-43
2004 1.12858e-43
2005 9.1339e-44
2006 7.39054e-44
2007 5.97849e-44
2008 4.83506e-44
2009 3.90936e-44
2010 3.16011e-44
2011 2.55383e-44
2012 2.06335e-44
2013 1.66665e-44
2014 1.34588e-44
2015 1.08656e-44
2016 8.76967e-45
2017 7.07613e-45
2018 5.70803e-45
2019 4.60309e-45
2020 3.71091e-45
2021 2.99069e-45
2022 2.40942e-45
2023 1.94042e-45
2024 1.56208e-45
2025 1.25696e-45
2026 1.01095e-45
2027 8.12633e-46
2028 6.52813e-46
2029 5.24045e-46
2030 4.20321e-46
2031 3.36792e-46
2032 2.69543e-46
2033 2.15415e-46
2034 1.7186e-46
2035 1.36824e-46
2036 1.08649e-46
2037 8.60008e-47
2038 6.78037e-47
2039 5.31913e-47
2040 4.14665e-47
2041 3.20685e-47
2042 2.45467e-47
2043 1.85397e-47
2044 1.37581e-47
2045 9.9708e-48
2046 6.99408e-48
2047 4.6831e-48
