0 8.7767e-77
1 9.18406e-77
2 1.67856e-76
3 3.24901e-76
4 5.81935e-76
5 9.70055e-76
6 1.53623e-75
7 2.34891e-75
8 3.50622e-75
9 5.14768e-75
10 7.47078e-75
11 1.07544e-74
12 1.5392e-74
13 2.19377e-74
14 3.11722e-74
15 4.41939e-74
16 6.2548e-74
17 8.84071e-74
18 1.24825e-73
19 1.7609e-73
20 2.48227e-73
21 3.49688e-73
22 4.92333e-73
23 6.92796e-73
24 9.74389e-73
25 1.36978e-72
26 1.92471e-72
27 2.70323e-72
28 3.79495e-72
29 5.32522e-72
30 7.46927e-72
31 1.0472e-71
32 1.46755e-71
33 2.05575e-71
34 2.87844e-71
35 4.02864e-71
36 5.63601e-71
37 7.88131e-71
38 1.10164e-70
39 1.53918e-70
40 2.14959e-70
41 3.00078e-70
42 4.18722e-70
43 5.84023e-70
44 8.1423e-70
45 1.13469e-69
46 1.58059e-69
47 2.20077e-69
48 3.06297e-69
49 4.26111e-69
50 5.92536e-69
51 8.23607e-69
52 1.14429e-68
53 1.58916e-68
54 2.20602e-68
55 3.06099e-68
56 4.2455e-68
57 5.88581e-68
58 8.15635e-68
59 1.12979e-67
60 1.56427e-67
61 2.16489e-67
62 2.99483e-67
63 4.14115e-67
64 5.72375e-67
65 7.90773e-67
66 1.09203e-66
67 1.5074e-66
68 2.07985e-66
69 2.86846e-66
70 3.95435e-66
71 5.44896e-66
72 7.5052e-66
73 1.03329e-65
74 1.42198e-65
75 1.95602e-65
76 2.68946e-65
77 3.69629e-65
78 5.07784e-65
79 6.97271e-65
80 9.5705e-65
81 1.31304e-64
82 1.80066e-64
83 2.46828e-64
84 3.38195e-64
85 4.6318e-64
86 6.34078e-64
87 8.67651e-64
88 1.18674e-63
89 1.62248e-63
90 2.21722e-63
91 3.02865e-63
92 4.13522e-63
93 5.64362e-63
94 7.69884e-63
95 1.04979e-62
96 1.43083e-62
97 1.94931e-62
98 2.65451e-62
99 3.61323e-62
100 4.91605e-62
101 6.68566e-62
102 9.08827e-62
103 1.23488e-61
104 1.67718e-61
105 2.27688e-61
106 3.08966e-61
107 4.19071e-61
108 5.68162e-61
109 7.69954e-61
110 1.04295e-60
111 1.41212e-60
112 1.91112e-60
113 2.58529e-60
114 3.49574e-60
115 4.72472e-60
116 6.38292e-60
117 8.61925e-60
118 1.16339e-59
119 1.56961e-59
120 2.11671e-59
121 2.85324e-59
122 3.84434e-59
123 5.17739e-59
124 6.96958e-59
125 9.37796e-59
126 1.26129e-58
127 1.69562e-58
128 2.2785e-58
129 3.06037e-58
130 4.1087e-58
131 5.51366e-58
132 7.39573e-58
133 9.91579e-58
134 1.32886e-57
135 1.78006e-57
136 2.3834e-57
137 3.18979e-57
138 4.2671e-57
139 5.70568e-57
140 7.62583e-57
141 1.01876e-56
142 1.36038e-56
143 1.81573e-56
144 2.4224e-56
145 3.23032e-56
146 4.30576e-56
147 5.73663e-56
148 7.63954e-56
149 1.01691e-55
150 1.353e-55
151 1.79936e-55
152 2.39189e-55
153 3.1781e-55
154 4.22081e-55
155 5.60309e-55
156 7.43466e-55
157 9.86046e-55
158 1.30718e-54
159 1.73211e-54
160 2.29414e-54
161 3.03713e-54
162 4.01893e-54
163 5.31567e-54
164 7.02761e-54
165 9.28664e-54
166 1.22662e-53
167 1.61944e-53
168 2.13707e-53
169 2.81886e-53
170 3.71646e-53
171 4.89764e-53
172 6.45125e-53
173 8.49379e-53
174 1.11779e-52
175 1.47034e-52
176 1.93319e-52
177 2.54058e-52
178 3.33727e-52
179 4.38176e-52
180 5.7505e-52
181 7.54331e-52
182 9.89049e-52
183 1.2962e-51
184 1.69796e-51
185 2.2232e-51
186 2.90958e-51
187 3.80611e-51
188 4.97657e-51
189 6.50395e-51
190 8.49616e-51
191 1.10935e-50
192 1.4478e-50
193 1.88864e-50
194 2.46256e-50
195 3.20938e-50
196 4.18076e-50
197 5.44359e-50
198 7.08457e-50
199 9.21593e-50
200 1.19829e-49
201 1.55733e-49
202 2.02301e-49
203 2.62671e-49
204 3.40896e-49
205 4.42211e-49
206 5.73367e-49
207 7.43076e-49
208 9.62565e-49
209 1.2463e-48
210 1.61292e-48
211 2.0864e-48
212 2.69761e-48
213 3.48624e-48
214 4.5033e-48
215 5.81434e-48
216 7.50353e-48
217 9.67891e-48
218 1.24791e-47
219 1.60818e-47
220 2.0715e-47
221 2.66703e-47
222 3.43216e-47
223 4.41471e-47
224 5.67586e-47
225 7.29386e-47
226 9.36869e-47
227 1.20281e-46
228 1.5435e-46
229 1.97977e-46
230 2.53815e-46
231 3.25249e-46
232 4.16592e-46
233 5.33335e-46
234 6.82472e-46
235 8.72903e-46
236 1.11594e-45
237 1.42598e-45
238 1.8213e-45
239 2.32513e-45
240 2.96692e-45
241 3.7841e-45
242 4.82408e-45
243 6.14701e-45
244 7.82905e-45
245 9.96669e-45
246 1.26821e-44
247 1.61297e-44
248 2.05049e-44
249 2.60549e-44
250 3.30916e-44
251 4.20091e-44
252 5.3305e-44
253 6.76069e-44
254 8.57062e-44
255 1.08601e-43
256 1.37548e-43
257 1.74129e-43
258 2.20339e-43
259 2.78684e-43
260 3.52317e-43
261 4.452e-43
262 5.62315e-43
263 7.09914e-43
264 8.95849e-43
265 1.12997e-42
266 1.42463e-42
267 1.79533e-42
268 2.26146e-42
269 2.84734e-42
270 3.58341e-42
271 4.50775e-42
272 5.66802e-42
273 7.12378e-42
274 8.94951e-42
275 1.12382e-41
276 1.41061e-41
277 1.76982e-41
278 2.21953e-41
279 2.78233e-41
280 3.48634e-41
281 4.36662e-41
282 5.46687e-41
283 6.84146e-41
284 8.5581e-41
285 1.0701e-40
286 1.3375e-40
287 1.67104e-40
288 2.0869e-40
289 2.6052e-40
290 3.25092e-40
291 4.05508e-40
292 5.05616e-40
293 6.30192e-40
294 7.85157e-40
295 9.77853e-40
296 1.21738e-39
297 1.515e-39
298 1.88469e-39
299 2.34373e-39
300 2.9135e-39
301 3.62048e-39
302 4.49741e-39
303 5.58479e-39
304 6.93265e-39
305 8.60285e-39
306 1.06718e-38
307 1.3234e-38
308 1.64058e-38
309 2.03313e-38
310 2.51879e-38
311 3.11948e-38
312 3.86223e-38
313 4.78037e-38
314 5.91499e-38
315 7.31674e-38
316 9.04806e-38
317 1.11858e-37
318 1.38249e-37
319 1.70818e-37
320 2.11002e-37
321 2.60571e-37
322 3.21701e-37
323 3.9707e-37
324 4.89975e-37
325 6.04468e-37
326 7.45535e-37
327 9.19306e-37
328 1.13332e-36
329 1.39683e-36
330 1.72124e-36
331 2.12052e-36
332 2.61187e-36
333 3.21639e-36
334 3.96002e-36
335 4.87458e-36
336 5.99917e-36
337 7.38177e-36
338 9.08127e-36
339 1.11699e-35
340 1.37364e-35
341 1.68895e-35
342 2.07626e-35
343 2.55193e-35
344 3.13603e-35
345 3.85314e-35
346 4.73341e-35
347 5.81377e-35
348 7.1395e-35
349 8.76603e-35
350 1.07613e-34
351 1.32085e-34
352 1.62094e-34
353 1.98886e-34
354 2.43989e-34
355 2.99268e-34
356 3.67008e-34
357 4.50001e-34
358 5.51666e-34
359 6.76177e-34
360 8.28641e-34
361 1.0153e-33
362 1.24377e-33
363 1.52336e-33
364 1.86545e-33
365 2.28391e-33
366 2.79568e-33
367 3.42144e-33
368 4.18641e-33
369 5.12132e-33
370 6.26368e-33
371 7.65917e-33
372 9.36348e-33
373 1.14444e-32
374 1.39846e-32
375 1.70845e-32
376 2.08664e-32
377 2.54793e-32
378 3.11041e-32
379 3.79609e-32
380 4.6317e-32
381 5.64973e-32
382 6.88965e-32
383 8.39935e-32
384 1.0237e-31
385 1.2473e-31
386 1.5193e-31
387 1.85006e-31
388 2.25215e-31
389 2.74078e-31
390 3.33438e-31
391 4.05525e-31
392 4.93037e-31
393 5.99237e-31
394 7.2807e-31
395 8.84303e-31
396 1.0737e-30
397 1.3032e-30
398 1.5812e-30
399 1.91784e-30
400 2.32531e-30
401 2.81833e-30
402 3.41463e-30
403 4.13557e-30
404 5.00687e-30
405 6.05946e-30
406 7.33055e-30
407 8.86491e-30
408 1.07163e-29
409 1.29494e-29
410 1.56417e-29
411 1.88863e-29
412 2.27951e-29
413 2.7502e-29
414 3.31677e-29
415 3.99846e-29
416 4.81835e-29
417 5.80403e-29
418 6.98856e-29
419 8.41145e-29
420 1.012e-28
421 1.21707e-28
422 1.46311e-28
423 1.75818e-28
424 2.11191e-28
425 2.53579e-28
426 3.04354e-28
427 3.6515e-28
428 4.37916e-28
429 5.24975e-28
430 6.29095e-28
431 7.5357e-28
432 9.02322e-28
433 1.08002e-27
434 1.29221e-27
435 1.54551e-27
436 1.84776e-27
437 2.20828e-27
438 2.63817e-27
439 3.15058e-27
440 3.76115e-27
441 4.48842e-27
442 5.35442e-27
443 6.38525e-27
444 7.6119e-27
445 9.07109e-27
446 1.08064e-26
447 1.28693e-26
448 1.53211e-26
449 1.82341e-26
450 2.16941e-26
451 2.58026e-26
452 3.068e-26
453 3.64684e-26
454 4.33363e-26
455 5.14829e-26
456 6.11439e-26
457 7.2598e-26
458 8.6175e-26
459 1.02264e-25
460 1.21327e-25
461 1.43908e-25
462 1.70651e-25
463 2.02316e-25
464 2.39803e-25
465 2.84173e-25
466 3.3668e-25
467 3.98807e-25
468 4.72303e-25
469 5.59235e-25
470 6.62042e-25
471 7.83604e-25
472 9.27323e-25
473 1.09721e-24
474 1.29801e-24
475 1.5353e-24
476 1.81568e-24
477 2.14693e-24
478 2.53824e-24
479 3.00043e-24
480 3.54628e-24
481 4.19083e-24
482 4.95184e-24
483 5.85026e-24
484 6.91074e-24
485 8.16237e-24
486 9.63941e-24
487 1.13822e-23
488 1.34384e-23
489 1.58638e-23
490 1.87246e-23
491 2.20982e-23
492 2.60761e-23
493 3.07658e-23
494 3.62938e-23
495 4.28089e-23
496 5.0486e-23
497 5.95308e-23
498 7.0185e-23
499 8.27328e-23
500 9.75076e-23
501 1.14901e-22
502 1.35374e-22
503 1.59465e-22
504 1.87808e-22
505 2.21145e-22
506 2.60347e-22
507 3.06433e-22
508 3.606e-22
509 4.24246e-22
510 4.9901e-22
511 5.86809e-22
512 6.89883e-22
513 8.10856e-22
514 9.52789e-22
515 1.11926e-21
516 1.31445e-21
517 1.54323e-21
518 1.81129e-21
519 2.12526e-21
520 2.49286e-21
521 2.92311e-21
522 3.42648e-21
523 4.01516e-21
524 4.70333e-21
525 5.50749e-21
526 6.44679e-21
527 7.54347e-21
528 8.82334e-21
529 1.03163e-20
530 1.20572e-20
531 1.40861e-20
532 1.64497e-20
533 1.92018e-20
534 2.24048e-20
535 2.61307e-20
536 3.04629e-20
537 3.54974e-20
538 4.13452e-20
539 4.81342e-20
540 5.60119e-20
541 6.51481e-20
542 7.57384e-20
543 8.80077e-20
544 1.02215e-19
545 1.18656e-19
546 1.37674e-19
547 1.59659e-19
548 1.85061e-19
549 2.14395e-19
550 2.4825e-19
551 2.87302e-19
552 3.32322e-19
553 3.84194e-19
554 4.43927e-19
555 5.12673e-19
556 5.91748e-19
557 6.8265e-19
558 7.87089e-19
559 9.07013e-19
560 1.04464e-18
561 1.20249e-18
562 1.38343e-18
563 1.59072e-18
564 1.82807e-18
565 2.09967e-18
566 2.4103e-18
567 2.76535e-18
568 3.17096e-18
569 3.63406e-18
570 4.16251e-18
571 4.76519e-18
572 5.45215e-18
573 6.23476e-18
574 7.12583e-18
575 8.13988e-18
576 9.29325e-18
577 1.06044e-17
578 1.20942e-17
579 1.3786e-17
580 1.57064e-17
581 1.78852e-17
582 2.03559e-17
583 2.31563e-17
584 2.63291e-17
585 2.99221e-17
586 3.39892e-17
587 3.85912e-17
588 4.37963e-17
589 4.96812e-17
590 5.63324e-17
591 6.3847e-17
592 7.23344e-17
593 8.19175e-17
594 9.27346e-17
595 1.04941e-16
596 1.18713e-16
597 1.34247e-16
598 1.51764e-16
599 1.71516e-16
600 1.93784e-16
601 2.18885e-16
602 2.47176e-16
603 2.79063e-16
604 3.14999e-16
605 3.555e-16
606 4.01145e-16
607 4.5259e-16
608 5.10578e-16
609 5.75946e-16
610 6.49644e-16
611 7.32746e-16
612 8.26471e-16
613 9.32198e-16
614 1.05149e-15
615 1.18613e-15
616 1.33813e-15
617 1.50978e-15
618 1.70368e-15
619 1.9228e-15
620 2.1705e-15
621 2.45061e-15
622 2.7675e-15
623 3.12612e-15
624 3.53214e-15
625 3.992e-15
626 4.51305e-15
627 5.10366e-15
628 5.77338e-15
629 6.53311e-15
630 7.39525e-15
631 8.37397e-15
632 9.48541e-15
633 1.0748e-14
634 1.21827e-14
635 1.38136e-14
636 1.56678e-14
637 1.77766e-14
638 2.01754e-14
639 2.29047e-14
640 2.60104e-14
641 2.9545e-14
642 3.35682e-14
643 3.8148e-14
644 4.33616e-14
645 4.92968e-14
646 5.60536e-14
647 6.37454e-14
648 7.25011e-14
649 8.24667e-14
650 9.38083e-14
651 1.06714e-13
652 1.21396e-13
653 1.38097e-13
654 1.57089e-13
655 1.78682e-13
656 2.03224e-13
657 2.31109e-13
658 2.62784e-13
659 2.9875e-13
660 3.39573e-13
661 3.85892e-13
662 4.38424e-13
663 4.97978e-13
664 5.65462e-13
665 6.41897e-13
666 7.28427e-13
667 8.26339e-13
668 9.37072e-13
669 1.06224e-12
670 1.20365e-12
671 1.36331e-12
672 1.54349e-12
673 1.74671e-12
674 1.97577e-12
675 2.23381e-12
676 2.52432e-12
677 2.85118e-12
678 3.21872e-12
679 3.63173e-12
680 4.09554e-12
681 4.61608e-12
682 5.19988e-12
683 5.8542e-12
684 6.58709e-12
685 7.40742e-12
686 8.325e-12
687 9.35065e-12
688 1.04963e-11
689 1.17751e-11
690 1.32016e-11
691 1.47917e-11
692 1.65628e-11
693 1.85342e-11
694 2.0727e-11
695 2.31643e-11
696 2.58713e-11
697 2.88757e-11
698 3.22079e-11
699 3.59006e-11
700 3.99901e-11
701 4.45156e-11
702 4.95197e-11
703 5.5049e-11
704 6.11539e-11
705 6.78895e-11
706 7.5315e-11
707 8.3495e-11
708 9.24993e-11
709 1.02403e-10
710 1.13288e-10
711 1.25243e-10
712 1.38361e-10
713 1.52745e-10
714 1.68505e-10
715 1.85759e-10
716 2.04634e-10
717 2.25266e-10
718 2.47799e-10
719 2.72391e-10
720 2.99207e-10
721 3.28425e-10
722 3.60235e-10
723 3.94839e-10
724 4.32452e-10
725 4.73302e-10
726 5.17632e-10
727 5.657e-10
728 6.17777e-10
729 6.74153e-10
730 7.35131e-10
731 8.01035e-10
732 8.72203e-10
733 9.48992e-10
734 1.03178e-09
735 1.12096e-09
736 1.21695e-09
737 1.32019e-09
738 1.43113e-09
739 1.55024e-09
740 1.67804e-09
741 1.81505e-09
742 1.9618e-09
743 2.11887e-09
744 2.28686e-09
745 2.4664e-09
746 2.65812e-09
747 2.8627e-09
748 3.08086e-09
749 3.31332e-09
750 3.56087e-09
751 3.8243e-09
752 4.10446e-09
753 4.40224e-09
754 4.71856e-09
755 5.0544e-09
756 5.41081e-09
757 5.78886e-09
758 6.18973e-09
759 6.61466e-09
760 7.06496e-09
761 7.54207e-09
762 8.04751e-09
763 8.58296e-09
764 9.15022e-09
765 9.75126e-09
766 1.03883e-08
767 1.10636e-08
768 1.17799e-08
769 1.25401e-08
770 1.33474e-08
771 1.42055e-08
772 1.51184e-08
773 1.60907e-08
774 1.71274e-08
775 1.82343e-08
776 1.94179e-08
777 2.06854e-08
778 2.2045e-08
779 2.3506e-08
780 2.50788e-08
781 2.67752e-08
782 2.86086e-08
783 3.05937e-08
784 3.27477e-08
785 3.50895e-08
786 3.76406e-08
787 4.04251e-08
788 4.34702e-08
789 4.68063e-08
790 5.04676e-08
791 5.44926e-08
792 5.89242e-08
793 6.38105e-08
794 6.92054e-08
795 7.51687e-08
796 8.17677e-08
797 8.90769e-08
798 9.71795e-08
799 1.06168e-07
800 1.16145e-07
801 1.27224e-07
802 1.39533e-07
803 1.5321e-07
804 1.68411e-07
805 1.85306e-07
806 2.04085e-07
807 2.24955e-07
808 2.48146e-07
809 2.73911e-07
810 3.02527e-07
811 3.34299e-07
812 3.69561e-07
813 4.0868e-07
814 4.52058e-07
815 5.00134e-07
816 5.53389e-07
817 6.12347e-07
818 6.7758e-07
819 7.49713e-07
820 8.29426e-07
821 9.17457e-07
822 1.01461e-06
823 1.12176e-06
824 1.23986e-06
825 1.36993e-06
826 1.51308e-06
827 1.67053e-06
828 1.84357e-06
829 2.03363e-06
830 2.24221e-06
831 2.47096e-06
832 2.72166e-06
833 2.99622e-06
834 3.29668e-06
835 3.62526e-06
836 3.98434e-06
837 4.37646e-06
838 4.80437e-06
839 5.271e-06
840 5.77949e-06
841 6.33323e-06
842 6.93581e-06
843 7.59109e-06
844 8.3032e-06
845 9.07652e-06
846 9.91575e-06
847 1.08259e-05
848 1.18123e-05
849 1.28806e-05
850 1.40368e-05
851 1.52875e-05
852 1.66393e-05
853 1.80996e-05
854 1.9676e-05
855 2.13766e-05
856 2.32101e-05
857 2.51857e-05
858 2.73129e-05
859 2.9602e-05
860 3.20639e-05
861 3.47098e-05
862 3.75519e-05
863 4.06027e-05
864 4.38758e-05
865 4.73851e-05
866 5.11455e-05
867 5.51725e-05
868 5.94826e-05
869 6.40928e-05
870 6.90214e-05
871 7.42871e-05
872 7.99099e-05
873 8.59105e-05
874 9.23106e-05
875 9.91331e-05
876 0.000106402
877 0.000114141
878 0.000122378
879 0.000131138
880 0.000140451
881 0.000150345
882 0.000160852
883 0.000172002
884 0.00018383
885 0.00019637
886 0.000209657
887 0.000223728
888 0.000238622
889 0.000254379
890 0.00027104
891 0.000288648
892 0.000307246
893 0.000326881
894 0.0003476
895 0.000369451
896 0.000392483
897 0.00041675
898 0.000442304
899 0.000469199
900 0.000497492
901 0.000527241
902 0.000558505
903 0.000591344
904 0.000625821
905 0.000661999
906 0.000699944
907 0.000739723
908 0.000781403
909 0.000825054
910 0.000870747
911 0.000918553
912 0.000968547
913 0.0010208
914 0.0010754
915 0.0011324
916 0.00119191
917 0.00125398
918 0.0013187
919 0.00138616
920 0.00145643
921 0.00152959
922 0.00160574
923 0.00168494
924 0.0017673
925 0.00185288
926 0.00194177
927 0.00203406
928 0.00212984
929 0.00222918
930 0.00233216
931 0.00243888
932 0.00254942
933 0.00266384
934 0.00278225
935 0.00290471
936 0.0030313
937 0.0031621
938 0.00329718
939 0.00343663
940 0.0035805
941 0.00372887
942 0.0038818
943 0.00403937
944 0.00420162
945 0.00436862
946 0.00454042
947 0.00471708
948 0.00489865
949 0.00508516
950 0.00527666
951 0.00547318
952 0.00567476
953 0.00588142
954 0.00609319
955 0.00631008
956 0.00653211
957 0.00675929
958 0.0069916
959 0.00722906
960 0.00747164
961 0.00771934
962 0.00797213
963 0.00822997
964 0.00849285
965 0.0087607
966 0.00903348
967 0.00931114
968 0.00959361
969 0.00988082
970 0.0101727
971 0.0104691
972 0.0107701
973 0.0110754
974 0.0113849
975 0.0116987
976 0.0120164
977 0.012338
978 0.0126634
979 0.0129924
980 0.0133249
981 0.0136606
982 0.0139994
983 0.0143412
984 0.0146857
985 0.0150328
986 0.0153821
987 0.0157337
988 0.0160871
989 0.0164423
990 0.0167989
991 0.0171567
992 0.0175155
993 0.017875
994 0.0182351
995 0.0185953
996 0.0189555
997 0.0193153
998 0.0196746
999 0.0200329
1000 0.0203901
1001 0.0207459
1002 0.0210999
1003 0.0214518
1004 0.0218014
1005 0.0221484
1006 0.0224924
1007 0.0228331
1008 0.0231704
1009 0.0235037
1010 0.0238329
1011 0.0241576
1012 0.0244776
1013 0.0247925
1014 0.025102
1015 0.0254058
1016 0.0257037
1017 0.0259953
1018 0.0262804
1019 0.0265586
1020 0.0268297
1021 0.0270935
1022 0.0273496
1023 0.0275977
1024 0.0278377
1025 0.0280693
1026 0.0282922
1027 0.0285062
1028 0.0287111
1029 0.0289066
1030 0.0290926
1031 0.0292688
1032 0.0294351
1033 0.0295913
1034 0.0297372
1035 0.0298726
1036 0.0299974
1037 0.0301115
1038 0.0302148
1039 0.030307
1040 0.0303882
1041 0.0304583
1042 0.0305171
1043 0.0305646
1044 0.0306007
1045 0.0306255
1046 0.0306388
1047 0.0306407
1048 0.0306312
1049 0.0306102
1050 0.0305778
1051 0.0305341
1052 0.0304791
1053 0.0304128
1054 0.0303354
1055 0.0302468
1056 0.0301473
1057 0.0300369
1058 0.0299158
1059 0.029784
1060 0.0296417
1061 0.0294892
1062 0.0293265
1063 0.0291538
1064 0.0289714
1065 0.0287793
1066 0.0285779
1067 0.0283673
1068 0.0281478
1069 0.0279196
1070 0.027683
1071 0.0274381
1072 0.0271852
1073 0.0269247
1074 0.0266568
1075 0.0263816
1076 0.0260997
1077 0.0258111
1078 0.0255162
1079 0.0252153
1080 0.0249087
1081 0.0245967
1082 0.0242795
1083 0.0239575
1084 0.0236311
1085 0.0233004
1086 0.0229658
1087 0.0226275
1088 0.022286
1089 0.0219415
1090 0.0215943
1091 0.0212447
1092 0.020893
1093 0.0205396
1094 0.0201845
1095 0.0198283
1096 0.0194712
1097 0.0191133
1098 0.0187551
1099 0.0183968
1100 0.0180387
1101 0.0176809
1102 0.0173239
1103 0.0169677
1104 0.0166128
1105 0.0162592
1106 0.0159073
1107 0.0155572
1108 0.0152092
1109 0.0148635
1110 0.0145203
1111 0.0141797
1112 0.0138421
1113 0.0135074
1114 0.013176
1115 0.012848
1116 0.0125235
1117 0.0122027
1118 0.0118858
1119 0.0115728
1120 0.0112639
1121 0.0109591
1122 0.0106587
1123 0.0103628
1124 0.0100713
1125 0.00978439
1126 0.00950218
1127 0.0092247
1128 0.00895204
1129 0.00868424
1130 0.00842135
1131 0.00816342
1132 0.00791047
1133 0.00766255
1134 0.00741967
1135 0.00718185
1136 0.00694911
1137 0.00672143
1138 0.00649883
1139 0.0062813
1140 0.00606883
1141 0.00586139
1142 0.00565897
1143 0.00546153
1144 0.00526906
1145 0.00508151
1146 0.00489884
1147 0.00472101
1148 0.00454797
1149 0.00437967
1150 0.00421606
1151 0.00405707
1152 0.00390266
1153 0.00375275
1154 0.00360729
1155 0.0034662
1156 0.00332941
1157 0.00319685
1158 0.00306846
1159 0.00294415
1160 0.00282384
1161 0.00270747
1162 0.00259494
1163 0.00248619
1164 0.00238113
1165 0.00227968
1166 0.00218176
1167 0.00208729
1168 0.00199618
1169 0.00190836
1170 0.00182374
1171 0.00174224
1172 0.00166377
1173 0.00158827
1174 0.00151564
1175 0.00144581
1176 0.0013787
1177 0.00131423
1178 0.00125232
1179 0.00119289
1180 0.00113587
1181 0.00108119
1182 0.00102877
1183 0.000978534
1184 0.000930418
1185 0.000884348
1186 0.000840256
1187 0.000798074
1188 0.000757737
1189 0.000719179
1190 0.000682338
1191 0.00064715
1192 0.000613556
1193 0.000581497
1194 0.000550915
1195 0.000521753
1196 0.000493958
1197 0.000467475
1198 0.000442253
1199 0.000418241
1200 0.000395391
1201 0.000373656
1202 0.000352988
1203 0.000333345
1204 0.000314681
1205 0.000296956
1206 0.000280129
1207 0.000264161
1208 0.000249014
1209 0.000234651
1210 0.000221038
1211 0.00020814
1212 0.000195924
1213 0.00018436
1214 0.000173416
1215 0.000163063
1216 0.000153274
1217 0.000144021
1218 0.000135278
1219 0.00012702
1220 0.000119225
1221 0.000111867
1222 0.000104926
1223 9.83813e-05
1224 9.22114e-05
1225 8.63978e-05
1226 8.09218e-05
1227 7.57659e-05
1228 7.09133e-05
1229 6.63478e-05
1230 6.20542e-05
1231 5.80178e-05
1232 5.42246e-05
1233 5.06614e-05
1234 4.73156e-05
1235 4.4175e-05
1236 4.12282e-05
1237 3.84643e-05
1238 3.5873e-05
1239 3.34443e-05
1240 3.1169e-05
1241 2.90382e-05
1242 2.70435e-05
1243 2.51769e-05
1244 2.34307e-05
1245 2.1798e-05
1246 2.02718e-05
1247 1.88459e-05
1248 1.7514e-05
1249 1.62705e-05
1250 1.51099e-05
1251 1.40271e-05
1252 1.30173e-05
1253 1.2076e-05
1254 1.11987e-05
1255 1.03815e-05
1256 9.62054e-06
1257 8.9122e-06
1258 8.25309e-06
1259 7.64003e-06
1260 7.07001e-06
1261 6.54021e-06
1262 6.04797e-06
1263 5.5908e-06
1264 5.16637e-06
1265 4.77248e-06
1266 4.40706e-06
1267 4.06819e-06
1268 3.75405e-06
1269 3.46294e-06
1270 3.19329e-06
1271 2.94359e-06
1272 2.71247e-06
1273 2.49861e-06
1274 2.3008e-06
1275 2.11791e-06
1276 1.94887e-06
1277 1.79269e-06
1278 1.64845e-06
1279 1.51528e-06
1280 1.39238e-06
1281 1.279e-06
1282 1.17444e-06
1283 1.07805e-06
1284 9.89219e-07
1285 9.07393e-07
1286 8.32044e-07
1287 7.62685e-07
1288 6.98862e-07
1289 6.40157e-07
1290 5.86177e-07
1291 5.36562e-07
1292 4.90975e-07
1293 4.49104e-07
1294 4.1066e-07
1295 3.75376e-07
1296 3.43004e-07
1297 3.13315e-07
1298 2.86095e-07
1299 2.6115e-07
1300 2.38297e-07
1301 2.17368e-07
1302 1.98208e-07
1303 1.80674e-07
1304 1.64634e-07
1305 1.49966e-07
1306 1.36558e-07
1307 1.24305e-07
1308 1.13113e-07
1309 1.02893e-07
1310 9.35636e-08
1311 8.5051e-08
1312 7.72862e-08
1313 7.02061e-08
1314 6.37526e-08
1315 5.78724e-08
1316 5.25165e-08
1317 4.76399e-08
1318 4.32014e-08
1319 3.91629e-08
1320 3.54898e-08
1321 3.21502e-08
1322 2.91148e-08
1323 2.63571e-08
1324 2.38524e-08
1325 2.15784e-08
1326 1.95145e-08
1327 1.76421e-08
1328 1.59439e-08
1329 1.44042e-08
1330 1.30089e-08
1331 1.17447e-08
1332 1.05998e-08
1333 9.56326e-09
1334 8.62518e-09
1335 7.7765e-09
1336 7.00897e-09
1337 6.31507e-09
1338 5.68796e-09
1339 5.1214e-09
1340 4.60974e-09
1341 4.14781e-09
1342 3.73092e-09
1343 3.35482e-09
1344 3.01562e-09
1345 2.70982e-09
1346 2.43422e-09
1347 2.18593e-09
1348 1.96231e-09
1349 1.76099e-09
1350 1.5798e-09
1351 1.41678e-09
1352 1.27017e-09
1353 1.13836e-09
1354 1.01989e-09
1355 9.13454e-10
1356 8.17856e-10
1357 7.32024e-10
1358 6.54987e-10
1359 5.85866e-10
1360 5.2387e-10
1361 4.68282e-10
1362 4.18457e-10
1363 3.73812e-10
1364 3.33823e-10
1365 2.98016e-10
1366 2.65964e-10
1367 2.37283e-10
1368 2.11627e-10
1369 1.88685e-10
1370 1.68176e-10
1371 1.49848e-10
1372 1.33475e-10
1373 1.18854e-10
1374 1.058e-10
1375 9.41505e-11
1376 8.37569e-11
1377 7.44873e-11
1378 6.62226e-11
1379 5.88563e-11
1380 5.2293e-11
1381 4.6447e-11
1382 4.12416e-11
1383 3.66081e-11
1384 3.2485e-11
1385 2.88172e-11
1386 2.55556e-11
1387 2.26561e-11
1388 2.00793e-11
1389 1.77901e-11
1390 1.57569e-11
1391 1.39518e-11
1392 1.23497e-11
1393 1.09281e-11
1394 9.66722e-12
1395 8.54916e-12
1396 7.55807e-12
1397 6.67982e-12
1398 5.90181e-12
1399 5.21281e-12
1400 4.60283e-12
1401 4.06298e-12
1402 3.58535e-12
1403 3.1629e-12
1404 2.78936e-12
1405 2.45919e-12
1406 2.16744e-12
1407 1.90971e-12
1408 1.68212e-12
1409 1.4812e-12
1410 1.30388e-12
1411 1.14743e-12
1412 1.00945e-12
1413 8.87794e-13
1414 7.80559e-13
1415 6.86068e-13
1416 6.02831e-13
1417 5.29532e-13
1418 4.65003e-13
1419 4.08214e-13
1420 3.58251e-13
1421 3.14307e-13
1422 2.75669e-13
1423 2.41708e-13
1424 2.11866e-13
1425 1.85651e-13
1426 1.62631e-13
1427 1.42422e-13
1428 1.24686e-13
1429 1.09125e-13
1430 9.5477e-14
1431 8.35106e-14
1432 7.30216e-14
1433 6.38305e-14
1434 5.57792e-14
1435 4.87286e-14
1436 4.25562e-14
1437 3.71542e-14
1438 3.24281e-14
1439 2.82944e-14
1440 2.46801e-14
1441 2.15209e-14
1442 1.87603e-14
1443 1.63488e-14
1444 1.42429e-14
1445 1.24045e-14
1446 1.08e-14
1447 9.4002e-15
1448 8.17929e-15
1449 7.11476e-15
1450 6.18687e-15
1451 5.37834e-15
1452 4.67402e-15
1453 4.06068e-15
1454 3.52674e-15
1455 3.06206e-15
1456 2.65778e-15
1457 2.30617e-15
1458 2.00045e-15
1459 1.73472e-15
1460 1.50383e-15
1461 1.30326e-15
1462 1.12909e-15
1463 9.77899e-16
1464 8.46688e-16
1465 7.32855e-16
1466 6.34129e-16
1467 5.48533e-16
1468 4.74343e-16
1469 4.1006e-16
1470 3.54379e-16
1471 3.06164e-16
1472 2.64426e-16
1473 2.28308e-16
1474 1.97061e-16
1475 1.70039e-16
1476 1.46676e-16
1477 1.26484e-16
1478 1.09038e-16
1479 9.39695e-17
1480 8.09581e-17
1481 6.97267e-17
1482 6.00348e-17
1483 5.16742e-17
1484 4.44641e-17
1485 3.82482e-17
1486 3.28911e-17
1487 2.82757e-17
1488 2.43004e-17
1489 2.08776e-17
1490 1.79313e-17
1491 1.53962e-17
1492 1.32154e-17
1493 1.134e-17
1494 9.72778e-18
1495 8.34222e-18
1496 7.15183e-18
1497 6.12944e-18
1498 5.2516e-18
1499 4.49812e-18
1500 3.85158e-18
1501 3.29697e-18
1502 2.82137e-18
1503 2.41365e-18
1504 2.06423e-18
1505 1.76486e-18
1506 1.50846e-18
1507 1.28892e-18
1508 1.101e-18
1509 9.40202e-19
1510 8.02648e-19
1511 6.85015e-19
1512 5.84449e-19
1513 4.98499e-19
1514 4.25064e-19
1515 3.6234e-19
1516 3.08781e-19
1517 2.63062e-19
1518 2.24047e-19
1519 1.90762e-19
1520 1.62375e-19
1521 1.38172e-19
1522 1.17543e-19
1523 9.99647e-20
1524 8.49907e-20
1525 7.22389e-20
1526 6.13827e-20
1527 5.21431e-20
1528 4.42817e-20
1529 3.75947e-20
1530 3.19085e-20
1531 2.70746e-20
1532 2.29666e-20
1533 1.94763e-20
1534 1.65118e-20
1535 1.39946e-20
1536 1.18578e-20
1537 1.00445e-20
1538 8.50605e-21
1539 7.20124e-21
1540 6.09489e-21
1541 5.15707e-21
1542 4.36235e-21
1543 3.68907e-21
1544 3.11884e-21
1545 2.63602e-21
1546 2.22733e-21
1547 1.88149e-21
1548 1.58891e-21
1549 1.34145e-21
1550 1.13223e-21
1551 9.55369e-22
1552 8.05917e-22
1553 6.79658e-22
1554 5.73022e-22
1555 4.82985e-22
1556 4.06983e-22
1557 3.42847e-22
1558 2.88739e-22
1559 2.43104e-22
1560 2.04625e-22
1561 1.7219e-22
1562 1.44856e-22
1563 1.21828e-22
1564 1.02433e-22
1565 8.61017e-23
1566 7.23544e-23
1567 6.07854e-23
1568 5.10521e-23
1569 4.28656e-23
1570 3.5982e-23
1571 3.01954e-23
1572 2.53325e-23
1573 2.12468e-23
1574 1.78152e-23
1575 1.49337e-23
1576 1.25147e-23
1577 1.04847e-23
1578 8.78156e-24
1579 7.353e-24
1580 6.15512e-24
1581 5.15095e-24
1582 4.3094e-24
1583 3.60432e-24
1584 3.01376e-24
1585 2.51925e-24
1586 2.10529e-24
1587 1.75885e-24
1588 1.46901e-24
1589 1.22658e-24
1590 1.02387e-24
1591 8.54413e-25
1592 7.128e-25
1593 5.94489e-25
1594 4.95673e-25
1595 4.13164e-25
1596 3.4429e-25
1597 2.86814e-25
1598 2.38865e-25
1599 1.98874e-25
1600 1.6553e-25
1601 1.37737e-25
1602 1.14577e-25
1603 9.52836e-26
1604 7.92158e-26
1605 6.58383e-26
1606 5.47039e-26
1607 4.54392e-26
1608 3.77325e-26
1609 3.13236e-26
1610 2.59957e-26
1611 2.15676e-26
1612 1.78885e-26
1613 1.48327e-26
1614 1.22952e-26
1615 1.01888e-26
1616 8.44077e-27
1617 6.99056e-27
1618 5.7878e-27
1619 4.79055e-27
1620 3.96396e-27
1621 3.27901e-27
1622 2.71162e-27
1623 2.24173e-27
1624 1.85273e-27
1625 1.53077e-27
1626 1.26438e-27
1627 1.04404e-27
1628 8.61843e-28
1629 7.1123e-28
1630 5.86763e-28
1631 4.83935e-28
1632 3.99009e-28
1633 3.28889e-28
1634 2.71011e-28
1635 2.23253e-28
1636 1.83857e-28
1637 1.51368e-28
1638 1.24583e-28
1639 1.02508e-28
1640 8.43193e-29
1641 6.93379e-29
1642 5.70015e-29
1643 4.68464e-29
1644 3.84892e-29
1645 3.16137e-29
1646 2.59588e-29
1647 2.13093e-29
1648 1.74875e-29
1649 1.4347e-29
1650 1.17671e-29
1651 9.64836e-30
1652 7.90883e-30
1653 6.48108e-30
1654 5.30956e-30
1655 4.34857e-30
1656 3.5605e-30
1657 2.91442e-30
1658 2.38491e-30
1659 1.95105e-30
1660 1.59567e-30
1661 1.30466e-30
1662 1.06642e-30
1663 8.71443e-31
1664 7.11917e-31
1665 5.81433e-31
1666 4.74733e-31
1667 3.87507e-31
1668 3.16221e-31
1669 2.57978e-31
1670 2.10405e-31
1671 1.71558e-31
1672 1.39845e-31
1673 1.13963e-31
1674 9.28467e-32
1675 7.56223e-32
1676 6.15766e-32
1677 5.01262e-32
1678 4.07941e-32
1679 3.31904e-32
1680 2.69968e-32
1681 2.1953e-32
1682 1.78468e-32
1683 1.45048e-32
1684 1.17855e-32
1685 9.57341e-33
1686 7.77446e-33
1687 6.31187e-33
1688 5.12307e-33
1689 4.15707e-33
1690 3.37232e-33
1691 2.73498e-33
1692 2.2175e-33
1693 1.79746e-33
1694 1.45659e-33
1695 1.18005e-33
1696 9.55756e-34
1697 7.73888e-34
1698 6.26459e-34
1699 5.0698e-34
1700 4.10178e-34
1701 3.3177e-34
1702 2.68278e-34
1703 2.16878e-34
1704 1.75278e-34
1705 1.41619e-34
1706 1.14393e-34
1707 9.23753e-35
1708 7.45751e-35
1709 6.01884e-35
1710 4.85637e-35
1711 3.91734e-35
1712 3.15899e-35
1713 2.54674e-35
1714 2.05258e-35
1715 1.65384e-35
1716 1.33218e-35
1717 1.07277e-35
1718 8.63636e-36
1719 6.9507e-36
1720 5.59244e-36
1721 4.4983e-36
1722 3.61717e-36
1723 2.90778e-36
1724 2.33683e-36
1725 1.87744e-36
1726 1.5079e-36
1727 1.21074e-36
1728 9.71852e-37
1729 7.7986e-37
1730 6.25607e-37
1731 5.01712e-37
1732 4.02229e-37
1733 3.22372e-37
1734 2.5829e-37
1735 2.06882e-37
1736 1.65653e-37
1737 1.32599e-37
1738 1.06107e-37
1739 8.48802e-38
1740 6.78782e-38
1741 5.42643e-38
1742 4.33668e-38
1743 3.46464e-38
1744 2.76704e-38
1745 2.20918e-38
1746 1.7632e-38
1747 1.40678e-38
1748 1.12203e-38
1749 8.94618e-39
1750 7.13054e-39
1751 5.68145e-39
1752 4.5253e-39
1753 3.60318e-39
1754 2.86796e-39
1755 2.28197e-39
1756 1.81507e-39
1757 1.44319e-39
1758 1.1471e-39
1759 9.11435e-40
1760 7.23925e-40
1761 5.74786e-40
1762 4.56207e-40
1763 3.61961e-40
1764 2.87079e-40
1765 2.27606e-40
1766 1.80388e-40
1767 1.42913e-40
1768 1.13181e-40
1769 8.96011e-41
1770 7.09076e-41
1771 5.6093e-41
1772 4.4357e-41
1773 3.50632e-41
1774 2.77061e-41
1775 2.18844e-41
1776 1.72794e-41
1777 1.36382e-41
1778 1.07601e-41
1779 8.48615e-42
1780 6.69015e-42
1781 5.27221e-42
1782 4.15317e-42
1783 3.27038e-42
1784 2.57422e-42
1785 2.02545e-42
1786 1.59305e-42
1787 1.25246e-42
1788 9.84293e-43
1789 7.73239e-43
1790 6.07198e-43
1791 4.7662e-43
1792 3.73974e-43
1793 2.93316e-43
1794 2.29962e-43
1795 1.80218e-43
1796 1.41178e-43
1797 1.1055e-43
1798 8.65319e-44
1799 6.77041e-44
1800 5.29514e-44
1801 4.13963e-44
1802 3.23495e-44
1803 2.52695e-44
1804 1.97308e-44
1805 1.53998e-44
1806 1.20145e-44
1807 9.36955e-45
1808 7.30382e-45
1809 5.69117e-45
1810 4.43275e-45
1811 3.45115e-45
1812 2.68579e-45
1813 2.0893e-45
1814 1.6246e-45
1815 1.26273e-45
1816 9.81056e-46
1817 7.61893e-46
1818 5.91441e-46
1819 4.5893e-46
1820 3.55958e-46
1821 2.75973e-46
1822 2.13871e-46
1823 1.65674e-46
1824 1.28284e-46
1825 9.92901e-47
1826 7.68167e-47
1827 5.94047e-47
1828 4.592e-47
1829 3.54812e-47
1830 2.74037e-47
1831 2.11561e-47
1832 1.63259e-47
1833 1.25931e-47
1834 9.70963e-48
1835 7.4832e-48
1836 5.76483e-48
1837 4.43915e-48
1838 3.41686e-48
1839 2.62886e-48
1840 2.02173e-48
1841 1.55415e-48
1842 1.19419e-48
1843 9.17212e-49
1844 7.04172e-49
1845 5.40383e-49
1846 4.14512e-49
1847 3.17823e-49
1848 2.43583e-49
1849 1.86605e-49
1850 1.42893e-49
1851 1.09373e-49
1852 8.36805e-50
1853 6.39956e-50
1854 4.89202e-50
1855 3.738e-50
1856 2.85498e-50
1857 2.17961e-50
1858 1.66329e-50
1859 1.26873e-50
1860 9.67346e-51
1861 7.37237e-51
1862 5.61623e-51
1863 4.27656e-51
1864 3.25504e-51
1865 2.47646e-51
1866 1.88329e-51
1867 1.43158e-51
1868 1.08774e-51
1869 8.26129e-52
1870 6.27166e-52
1871 4.75914e-52
1872 3.60983e-52
1873 2.73689e-52
1874 2.07415e-52
1875 1.57121e-52
1876 1.1897e-52
1877 9.00444e-53
1878 6.81219e-53
1879 5.15143e-53
1880 3.89387e-53
1881 2.94203e-53
1882 2.2219e-53
1883 1.67731e-53
1884 1.26565e-53
1885 9.54612e-54
1886 7.197e-54
1887 5.42361e-54
1888 4.08542e-54
1889 3.07608e-54
1890 2.3151e-54
1891 1.74162e-54
1892 1.30963e-54
1893 9.84369e-55
1894 7.39568e-55
1895 5.55406e-55
1896 4.16922e-55
1897 3.12832e-55
1898 2.34627e-55
1899 1.75897e-55
1900 1.31811e-55
1901 9.87314e-56
1902 7.39217e-56
1903 5.53223e-56
1904 4.13848e-56
1905 3.09453e-56
1906 2.31291e-56
1907 1.72797e-56
1908 1.29041e-56
1909 9.63226e-57
1910 7.18692e-57
1911 5.36005e-57
1912 3.99584e-57
1913 2.97755e-57
1914 2.2178e-57
1915 1.6512e-57
1916 1.22882e-57
1917 9.14091e-58
1918 6.79678e-58
1919 5.05161e-58
1920 3.75291e-58
1921 2.78689e-58
1922 2.06864e-58
1923 1.53483e-58
1924 1.13829e-58
1925 8.43828e-59
1926 6.25273e-59
1927 4.63124e-59
1928 3.42877e-59
1929 2.53742e-59
1930 1.87698e-59
1931 1.38784e-59
1932 1.02573e-59
1933 7.57773e-60
1934 5.59575e-60
1935 4.13039e-60
1936 3.04745e-60
1937 2.24748e-60
1938 1.65679e-60
1939 1.22082e-60
1940 8.99189e-61
1941 6.62008e-61
1942 4.87179e-61
1943 3.58366e-61
1944 2.63499e-61
1945 1.93663e-61
1946 1.42274e-61
1947 1.04476e-61
1948 7.66875e-62
1949 5.62659e-62
1950 4.12648e-62
1951 3.02501e-62
1952 2.21661e-62
1953 1.62355e-62
1954 1.18865e-62
1955 8.69876e-63
1956 6.36319e-63
1957 4.65271e-63
1958 3.40057e-63
1959 2.48434e-63
1960 1.8142e-63
1961 1.32426e-63
1962 9.66215e-64
1963 7.04677e-64
1964 5.13713e-64
1965 3.74339e-64
1966 2.72662e-64
1967 1.98517e-64
1968 1.44473e-64
1969 1.05097e-64
1970 7.64198e-65
1971 5.5544e-65
1972 4.03537e-65
1973 2.93052e-65
1974 2.12726e-65
1975 1.54351e-65
1976 1.11948e-65
1977 8.11587e-66
1978 5.88125e-66
1979 4.2601e-66
1980 3.08449e-66
1981 2.23236e-66
1982 1.61495e-66
1983 1.1678e-66
1984 8.44097e-67
1985 6.09863e-67
1986 4.4044e-67
1987 3.17949e-67
1988 2.29426e-67
1989 1.65479e-67
1990 1.19305e-67
1991 8.59786e-68
1992 6.19352e-68
1993 4.45964e-68
1994 3.20979e-68
1995 2.30925e-68
1996 1.66065e-68
1997 1.19372e-68
1998 8.57716e-69
1999 6.16026e-69
2000 4.42253e-69
2001 3.17364e-69
2002 2.27646e-69
2003 1.63222e-69
2004 1.16981e-69
2005 8.38038e-70
2006 6.00109e-70
2007 4.29549e-70
2008 3.07334e-70
2009 2.19799e-70
2010 1.57129e-70
2011 1.1228e-70
2012 8.0198e-71
2013 5.72587e-71
2014 4.08635e-71
2015 2.91505e-71
2016 2.0786e-71
2017 1.48153e-71
2018 1.05552e-71
2019 7.51686e-72
2020 5.35081e-72
2021 3.80728e-72
2022 2.70783e-72
2023 1.92502e-72
2024 1.36789e-72
2025 9.71558e-73
2026 6.89727e-73
2027 4.89404e-73
2028 3.47075e-73
2029 2.45995e-73
2030 1.74238e-73
2031 1.2332e-73
2032 8.72036e-74
2033 6.15974e-74
2034 4.34504e-74
2035 3.05952e-74
2036 2.14928e-74
2037 1.50506e-74
2038 1.04936e-74
2039 7.27221e-75
2040 4.99706e-75
2041 3.39244e-75
2042 2.26345e-75
2043 1.47265e-75
2044 9.23546e-76
2045 5.48967e-76
2046 3.0298e-76
2047 1.55329e-76
