0 4.83483e-93
1 8.3628e-93
2 2.82381e-92
3 6.46592e-92
4 1.27174e-91
5 2.21293e-91
6 3.68225e-91
7 5.8411e-91
8 9.13923e-91
9 1.39802e-90
10 2.13162e-90
11 3.40468e-90
12 5.08173e-90
13 7.58181e-90
14 1.13074e-89
15 1.68568e-89
16 2.51198e-89
17 3.74183e-89
18 5.57157e-89
19 8.29274e-89
20 1.2338e-88
21 1.83493e-88
22 2.72784e-88
23 4.05364e-88
24 6.02141e-88
25 8.94084e-88
26 1.32704e-87
27 1.96887e-87
28 2.91995e-87
29 4.32874e-87
30 6.41467e-87
31 9.50196e-87
32 1.40695e-86
33 2.08243e-86
34 3.08098e-86
35 4.55652e-86
36 6.73605e-86
37 9.95413e-86
38 1.47037e-85
39 2.1711e-85
40 3.20447e-85
41 4.72782e-85
42 6.97255e-85
43 1.0279e-84
44 1.51472e-84
45 2.23123e-84
46 3.28534e-84
47 4.83553e-84
48 7.11434e-84
49 1.04629e-83
50 1.53814e-83
51 2.26029e-83
52 3.32018e-83
53 4.87511e-83
54 7.1554e-83
55 1.04981e-82
56 1.53962e-82
57 2.25706e-82
58 3.30749e-82
59 4.84486e-82
60 7.09398e-82
61 1.03831e-81
62 1.51911e-81
63 2.22166e-81
64 3.24782e-81
65 4.74608e-81
66 6.93272e-81
67 1.01228e-80
68 1.47748e-80
69 2.15561e-80
70 3.14372e-80
71 4.58296e-80
72 6.67843e-80
73 9.72813e-80
74 1.41648e-79
75 2.06167e-79
76 2.99954e-79
77 4.3623e-79
78 6.34167e-79
79 9.21549e-79
80 1.33863e-78
81 1.94369e-78
82 2.82113e-78
83 4.09302e-78
84 5.93597e-78
85 8.60531e-78
86 1.247e-77
87 1.80632e-77
88 2.61547e-77
89 3.78557e-77
90 5.47695e-77
91 7.92088e-77
92 1.14508e-76
93 1.65471e-76
94 2.39021e-76
95 3.45126e-76
96 4.98134e-76
97 7.18688e-76
98 1.03648e-75
99 1.4942e-75
100 2.1532e-75
101 3.10159e-75
102 4.46594e-75
103 6.42787e-75
104 9.24801e-75
105 1.33001e-74
106 1.91201e-74
107 2.74759e-74
108 3.94676e-74
109 5.66702e-74
110 8.13385e-74
111 1.16698e-73
112 1.67363e-73
113 2.39928e-73
114 3.43818e-73
115 4.92497e-73
116 7.05189e-73
117 1.00933e-72
118 1.44407e-72
119 2.06524e-72
120 2.95243e-72
121 4.21905e-72
122 6.02666e-72
123 8.60529e-72
124 1.22823e-71
125 1.75236e-71
126 2.49915e-71
127 3.56277e-71
128 5.07704e-71
129 7.23202e-71
130 1.02976e-70
131 1.46568e-70
132 2.0853e-70
133 2.96568e-70
134 4.21606e-70
135 5.99124e-70
136 8.51046e-70
137 1.20842e-69
138 1.71517e-69
139 2.43346e-69
140 3.45118e-69
141 4.89258e-69
142 6.93322e-69
143 9.82107e-69
144 1.39062e-68
145 1.96828e-68
146 2.78478e-68
147 3.93843e-68
148 5.56776e-68
149 7.86802e-68
150 1.11142e-67
151 1.56934e-67
152 2.21504e-67
153 3.12517e-67
154 4.4075e-67
155 6.21352e-67
156 8.75609e-67
157 1.23342e-66
158 1.73675e-66
159 2.4445e-66
160 3.43929e-66
161 4.837e-66
162 6.80001e-66
163 9.55586e-66
164 1.34232e-65
165 1.88483e-65
166 2.64553e-65
167 3.71177e-65
168 5.20565e-65
169 7.29788e-65
170 1.02269e-64
171 1.43259e-64
172 2.00596e-64
173 2.80771e-64
174 3.92833e-64
175 5.49403e-64
176 7.68071e-64
177 1.07334e-63
178 1.49935e-63
179 2.09359e-63
180 2.9222e-63
181 4.07712e-63
182 5.68624e-63
183 7.92727e-63
184 1.10471e-62
185 1.53887e-62
186 2.14279e-62
187 2.98254e-62
188 4.14972e-62
189 5.77136e-62
190 8.02352e-62
191 1.11501e-61
192 1.54889e-61
193 2.15073e-61
194 2.98525e-61
195 4.14193e-61
196 5.74449e-61
197 7.96392e-61
198 1.10364e-60
199 1.52883e-60
200 2.11697e-60
201 2.93021e-60
202 4.05423e-60
203 5.6072e-60
204 7.75194e-60
205 1.07128e-59
206 1.47986e-59
207 2.04346e-59
208 2.82057e-59
209 3.89168e-59
210 5.36739e-59
211 7.39974e-59
212 1.01976e-58
213 1.40477e-58
214 1.93437e-58
215 2.66257e-58
216 3.66344e-58
217 5.03854e-58
218 6.92704e-58
219 9.51957e-58
220 1.30772e-57
221 1.79572e-57
222 2.46484e-57
223 3.38195e-57
224 4.63844e-57
225 6.35922e-57
226 8.71491e-57
227 1.19385e-56
228 1.63479e-56
229 2.23771e-56
230 3.06176e-56
231 4.1876e-56
232 5.72515e-56
233 7.82413e-56
234 1.06884e-55
235 1.45954e-55
236 1.99226e-55
237 2.71833e-55
238 3.70755e-55
239 5.05474e-55
240 6.8887e-55
241 9.38433e-55
242 1.2779e-54
243 1.73947e-54
244 2.36681e-54
245 3.21913e-54
246 4.37664e-54
247 5.94798e-54
248 8.08026e-54
249 1.09726e-53
250 1.48943e-53
251 2.02095e-53
252 2.74108e-53
253 3.71632e-53
254 5.03654e-53
255 6.82306e-53
256 9.23959e-53
257 1.2507e-52
258 1.69232e-52
259 2.28895e-52
260 3.09471e-52
261 4.18244e-52
262 5.65023e-52
263 7.63011e-52
264 1.02996e-51
265 1.38976e-51
266 1.87451e-51
267 2.52732e-51
268 3.40613e-51
269 4.58869e-51
270 6.17936e-51
271 8.31814e-51
272 1.11927e-50
273 1.50547e-50
274 2.02412e-50
275 2.72037e-50
276 3.65466e-50
277 4.90788e-50
278 6.58821e-50
279 8.84032e-50
280 1.18576e-49
281 1.58983e-49
282 2.13076e-49
283 2.8546e-49
284 3.82281e-49
285 5.11737e-49
286 6.84762e-49
287 9.15923e-49
288 1.22463e-48
289 1.63674e-48
290 2.18666e-48
291 2.92019e-48
292 3.89823e-48
293 5.20178e-48
294 6.93846e-48
295 9.25128e-48
296 1.23301e-47
297 1.64271e-47
298 2.18767e-47
299 2.91226e-47
300 3.87531e-47
301 5.15477e-47
302 6.85394e-47
303 9.10958e-47
304 1.21028e-46
305 1.6073e-46
306 2.13372e-46
307 2.83143e-46
308 3.75579e-46
309 4.97994e-46
310 6.60047e-46
311 8.74485e-46
312 1.15813e-45
313 1.53317e-45
314 2.02886e-45
315 2.68373e-45
316 3.54858e-45
317 4.69027e-45
318 6.19681e-45
319 8.18401e-45
320 1.08042e-44
321 1.42576e-44
322 1.88073e-44
323 2.4799e-44
324 3.26866e-44
325 4.30659e-44
326 5.67185e-44
327 7.46695e-44
328 9.82628e-44
329 1.2926e-43
330 1.69967e-43
331 2.23405e-43
332 2.93528e-43
333 3.85509e-43
334 5.06111e-43
335 6.64179e-43
336 8.71269e-43
337 1.14248e-42
338 1.49751e-42
339 1.96209e-42
340 2.56979e-42
341 3.36436e-42
342 4.40287e-42
343 5.75965e-42
344 7.53156e-42
345 9.84466e-42
346 1.28631e-41
347 1.68003e-41
348 2.19339e-41
349 2.86248e-41
350 3.73419e-41
351 4.86944e-41
352 6.3473e-41
353 8.27041e-41
354 1.07719e-40
355 1.40245e-40
356 1.82519e-40
357 2.37441e-40
358 3.08768e-40
359 4.01363e-40
360 5.21518e-40
361 6.77375e-40
362 8.79462e-40
363 1.14139e-39
364 1.48073e-39
365 1.9202e-39
366 2.48912e-39
367 3.22532e-39
368 4.17761e-39
369 5.40892e-39
370 7.00036e-39
371 9.05647e-39
372 1.17118e-38
373 1.51398e-38
374 1.95632e-38
375 2.52691e-38
376 3.26263e-38
377 4.21089e-38
378 5.43259e-38
379 7.00597e-38
380 9.03145e-38
381 1.16379e-37
382 1.49906e-37
383 1.93016e-37
384 2.48424e-37
385 3.19611e-37
386 4.11035e-37
387 5.28401e-37
388 6.79011e-37
389 8.72203e-37
390 1.11992e-36
391 1.43742e-36
392 1.8442e-36
393 2.36516e-36
394 3.03208e-36
395 3.88552e-36
396 4.97721e-36
397 6.3731e-36
398 8.15725e-36
399 1.04367e-35
400 1.33479e-35
401 1.70644e-35
402 2.1807e-35
403 2.78566e-35
404 3.55705e-35
405 4.54024e-35
406 5.7929e-35
407 7.38825e-35
408 9.41922e-35
409 1.20037e-34
410 1.52914e-34
411 1.94717e-34
412 2.47851e-34
413 3.15358e-34
414 4.01094e-34
415 5.09938e-34
416 6.48061e-34
417 8.2327e-34
418 1.04544e-33
419 1.32703e-33
420 1.6838e-33
421 2.13566e-33
422 2.70769e-33
423 3.43158e-33
424 4.34729e-33
425 5.50517e-33
426 6.9687e-33
427 8.8178e-33
428 1.11531e-32
429 1.41014e-32
430 1.7822e-32
431 2.25153e-32
432 2.84334e-32
433 3.58927e-32
434 4.52911e-32
435 5.71279e-32
436 7.20297e-32
437 9.07827e-32
438 1.14373e-31
439 1.44036e-31
440 1.81321e-31
441 2.28167e-31
442 2.87002e-31
443 3.60867e-31
444 4.53562e-31
445 5.69843e-31
446 7.15652e-31
447 8.98415e-31
448 1.12741e-30
449 1.4142e-30
450 1.77326e-30
451 2.2226e-30
452 2.7847e-30
453 3.48757e-30
454 4.36614e-30
455 5.46386e-30
456 6.83487e-30
457 8.54653e-30
458 1.06826e-29
459 1.33473e-29
460 1.66701e-29
461 2.08119e-29
462 2.59724e-29
463 3.23999e-29
464 4.04019e-29
465 5.03603e-29
466 6.27486e-29
467 7.81535e-29
468 9.73019e-29
469 1.21094e-28
470 1.50644e-28
471 1.87331e-28
472 2.32861e-28
473 2.89343e-28
474 3.59383e-28
475 4.462e-28
476 5.53772e-28
477 6.87006e-28
478 8.5196e-28
479 1.0561e-27
480 1.30864e-27
481 1.62094e-27
482 2.00696e-27
483 2.48394e-27
484 3.07306e-27
485 3.8004e-27
486 4.69804e-27
487 5.80542e-27
488 7.17098e-27
489 8.85425e-27
490 1.09283e-26
491 1.3483e-26
492 1.66282e-26
493 2.0499e-26
494 2.5261e-26
495 3.11169e-26
496 3.83152e-26
497 4.716e-26
498 5.80238e-26
499 7.1362e-26
500 8.77317e-26
501 1.07814e-25
502 1.32441e-25
503 1.62629e-25
504 1.99619e-25
505 2.44927e-25
506 3.00399e-25
507 3.6829e-25
508 4.51346e-25
509 5.52915e-25
510 6.77074e-25
511 8.28787e-25
512 1.01409e-24
513 1.24034e-24
514 1.51648e-24
515 1.85335e-24
516 2.26417e-24
517 2.76495e-24
518 3.37518e-24
519 4.11845e-24
520 5.02343e-24
521 6.12486e-24
522 7.46483e-24
523 9.09438e-24
524 1.10753e-23
525 1.34824e-23
526 1.64061e-23
527 1.99561e-23
528 2.42646e-23
529 2.94917e-23
530 3.58308e-23
531 4.35152e-23
532 5.28269e-23
533 6.41059e-23
534 7.77625e-23
535 9.42911e-23
536 1.14288e-22
537 1.38471e-22
538 1.67706e-22
539 2.03032e-22
540 2.45703e-22
541 2.97225e-22
542 3.5941e-22
543 4.34434e-22
544 5.24911e-22
545 6.33982e-22
546 7.65416e-22
547 9.23735e-22
548 1.11436e-21
549 1.3438e-21
550 1.61984e-21
551 1.95181e-21
552 2.35089e-21
553 2.83046e-21
554 3.40651e-21
555 4.09819e-21
556 4.92838e-21
557 5.92441e-21
558 7.11894e-21
559 8.55095e-21
560 1.0267e-20
561 1.23225e-20
562 1.47838e-20
563 1.77298e-20
564 2.12544e-20
565 2.54697e-20
566 3.05089e-20
567 3.65308e-20
568 4.37242e-20
569 5.23134e-20
570 6.25653e-20
571 7.47969e-20
572 8.93846e-20
573 1.06775e-19
574 1.275e-19
575 1.52186e-19
576 1.81582e-19
577 2.1657e-19
578 2.58198e-19
579 3.07706e-19
580 3.66564e-19
581 4.36508e-19
582 5.19594e-19
583 6.18252e-19
584 7.35354e-19
585 8.74291e-19
586 1.03907e-18
587 1.23442e-18
588 1.46593e-18
589 1.74016e-18
590 2.06489e-18
591 2.44925e-18
592 2.90401e-18
593 3.44186e-18
594 4.07772e-18
595 4.82915e-18
596 5.71681e-18
597 6.76498e-18
598 8.00218e-18
599 9.46193e-18
600 1.11836e-17
601 1.32133e-17
602 1.56052e-17
603 1.84229e-17
604 2.17409e-17
605 2.56463e-17
606 3.02414e-17
607 3.56459e-17
608 4.19996e-17
609 4.94665e-17
610 5.8238e-17
611 6.8538e-17
612 8.06279e-17
613 9.48133e-17
614 1.11451e-16
615 1.30956e-16
616 1.53814e-16
617 1.80592e-16
618 2.11948e-16
619 2.48651e-16
620 2.91595e-16
621 3.41822e-16
622 4.00543e-16
623 4.69168e-16
624 5.49334e-16
625 6.42946e-16
626 7.52215e-16
627 8.79709e-16
628 1.02841e-15
629 1.20177e-15
630 1.40381e-15
631 1.63916e-15
632 1.91323e-15
633 2.23225e-15
634 2.60343e-15
635 3.03515e-15
636 3.53706e-15
637 4.12036e-15
638 4.79797e-15
639 5.58483e-15
640 6.49818e-15
641 7.55793e-15
642 8.78706e-15
643 1.02121e-14
644 1.18635e-14
645 1.37767e-14
646 1.5992e-14
647 1.85563e-14
648 2.15234e-14
649 2.49551e-14
650 2.89226e-14
651 3.35077e-14
652 3.88045e-14
653 4.49209e-14
654 5.19811e-14
655 6.01273e-14
656 6.95229e-14
657 8.03551e-14
658 9.28386e-14
659 1.07219e-13
660 1.23779e-13
661 1.42841e-13
662 1.64773e-13
663 1.89999e-13
664 2.19e-13
665 2.52329e-13
666 2.90616e-13
667 3.34582e-13
668 3.85048e-13
669 4.42952e-13
670 5.09364e-13
671 5.85504e-13
672 6.72761e-13
673 7.72719e-13
674 8.87181e-13
675 1.0182e-12
676 1.16811e-12
677 1.33956e-12
678 1.53558e-12
679 1.75959e-12
680 2.01549e-12
681 2.3077e-12
682 2.64124e-12
683 3.0218e-12
684 3.45584e-12
685 3.95068e-12
686 4.5146e-12
687 5.157e-12
688 5.88849e-12
689 6.72111e-12
690 7.66845e-12
691 8.74589e-12
692 9.9708e-12
693 1.13628e-11
694 1.29441e-11
695 1.47396e-11
696 1.67777e-11
697 1.90901e-11
698 2.17126e-11
699 2.46858e-11
700 2.80551e-11
701 3.18717e-11
702 3.61934e-11
703 4.1085e-11
704 4.66194e-11
705 5.28787e-11
706 5.99548e-11
707 6.79511e-11
708 7.69838e-11
709 8.7183e-11
710 9.86948e-11
711 1.11683e-10
712 1.26331e-10
713 1.42843e-10
714 1.61451e-10
715 1.82412e-10
716 2.06013e-10
717 2.32576e-10
718 2.62462e-10
719 2.96072e-10
720 3.33855e-10
721 3.76312e-10
722 4.24002e-10
723 4.77549e-10
724 5.37648e-10
725 6.05073e-10
726 6.80686e-10
727 7.65449e-10
728 8.6043e-10
729 9.66817e-10
730 1.08593e-09
731 1.21925e-09
732 1.36839e-09
733 1.53518e-09
734 1.72161e-09
735 1.92994e-09
736 2.16263e-09
737 2.42242e-09
738 2.71235e-09
739 3.0358e-09
740 3.39649e-09
741 3.79854e-09
742 4.24652e-09
743 4.74548e-09
744 5.30098e-09
745 5.91919e-09
746 6.6069e-09
747 7.37163e-09
748 8.22165e-09
749 9.1661e-09
750 1.0215e-08
751 1.13795e-08
752 1.26718e-08
753 1.41054e-08
754 1.56949e-08
755 1.74567e-08
756 1.94087e-08
757 2.15705e-08
758 2.39637e-08
759 2.66121e-08
760 2.95414e-08
761 3.27805e-08
762 3.63603e-08
763 4.03154e-08
764 4.46831e-08
765 4.95046e-08
766 5.4825e-08
767 6.06932e-08
768 6.71633e-08
769 7.4294e-08
770 8.21496e-08
771 9.08002e-08
772 1.00322e-07
773 1.108e-07
774 1.22323e-07
775 1.34993e-07
776 1.48916e-07
777 1.64211e-07
778 1.81005e-07
779 1.99439e-07
780 2.19665e-07
781 2.41846e-07
782 2.66164e-07
783 2.92811e-07
784 3.22001e-07
785 3.53961e-07
786 3.88941e-07
787 4.2721e-07
788 4.69061e-07
789 5.1481e-07
790 5.648e-07
791 6.19401e-07
792 6.79015e-07
793 7.44074e-07
794 8.15047e-07
795 8.9244e-07
796 9.76799e-07
797 1.06871e-06
798 1.16882e-06
799 1.2778e-06
800 1.39639e-06
801 1.5254e-06
802 1.66566e-06
803 1.81812e-06
804 1.98375e-06
805 2.16361e-06
806 2.35887e-06
807 2.57073e-06
808 2.80053e-06
809 3.04968e-06
810 3.31968e-06
811 3.61218e-06
812 3.9289e-06
813 4.27172e-06
814 4.64264e-06
815 5.04378e-06
816 5.47744e-06
817 5.94605e-06
818 6.45222e-06
819 6.99873e-06
820 7.58856e-06
821 8.22487e-06
822 8.91105e-06
823 9.65068e-06
824 1.04476e-05
825 1.13059e-05
826 1.22299e-05
827 1.32243e-05
828 1.42939e-05
829 1.54439e-05
830 1.66799e-05
831 1.80078e-05
832 1.94338e-05
833 2.09645e-05
834 2.26068e-05
835 2.43683e-05
836 2.62567e-05
837 2.82804e-05
838 3.04481e-05
839 3.27691e-05
840 3.52532e-05
841 3.79107e-05
842 4.07525e-05
843 4.37903e-05
844 4.7036e-05
845 5.05024e-05
846 5.42031e-05
847 5.81521e-05
848 6.23644e-05
849 6.68556e-05
850 7.1642e-05
851 7.67411e-05
852 8.21708e-05
853 8.79502e-05
854 9.40991e-05
855 0.000100639
856 0.00010759
857 0.000114977
858 0.000122822
859 0.000131152
860 0.000139991
861 0.000149368
862 0.00015931
863 0.000169847
864 0.00018101
865 0.000192831
866 0.000205344
867 0.000218582
868 0.000232583
869 0.000247384
870 0.000263023
871 0.000279541
872 0.00029698
873 0.000315383
874 0.000334795
875 0.000355262
876 0.000376832
877 0.000399556
878 0.000423483
879 0.000448667
880 0.000475163
881 0.000503025
882 0.000532312
883 0.000563084
884 0.0005954
885 0.000629324
886 0.00066492
887 0.000702253
888 0.000741392
889 0.000782404
890 0.000825361
891 0.000870335
892 0.000917399
893 0.000966629
894 0.0010181
895 0.00107189
896 0.00112808
897 0.00118675
898 0.00124798
899 0.00131186
900 0.00137846
901 0.00144788
902 0.00152019
903 0.00159549
904 0.00167386
905 0.0017554
906 0.00184018
907 0.00192829
908 0.00201984
909 0.0021149
910 0.00221356
911 0.00231591
912 0.00242205
913 0.00253206
914 0.00264602
915 0.00276403
916 0.00288616
917 0.00301251
918 0.00314315
919 0.00327818
920 0.00341766
921 0.00356167
922 0.0037103
923 0.00386361
924 0.00402167
925 0.00418455
926 0.00435233
927 0.00452504
928 0.00470277
929 0.00488556
930 0.00507345
931 0.00526651
932 0.00546476
933 0.00566824
934 0.005877
935 0.00609104
936 0.00631041
937 0.0065351
938 0.00676513
939 0.00700051
940 0.00724124
941 0.00748729
942 0.00773867
943 0.00799534
944 0.00825728
945 0.00852445
946 0.0087968
947 0.00907429
948 0.00935685
949 0.00964442
950 0.00993692
951 0.0102343
952 0.0105364
953 0.0108431
954 0.0111544
955 0.0114701
956 0.0117902
957 0.0121144
958 0.0124426
959 0.0127746
960 0.0131104
961 0.0134497
962 0.0137924
963 0.0141383
964 0.0144871
965 0.0148387
966 0.0151928
967 0.0155493
968 0.0159079
969 0.0162684
970 0.0166305
971 0.0169939
972 0.0173585
973 0.0177239
974 0.0180899
975 0.0184562
976 0.0188225
977 0.0191886
978 0.019554
979 0.0199186
980 0.020282
981 0.0206439
982 0.021004
983 0.0213619
984 0.0217175
985 0.0220702
986 0.0224199
987 0.0227661
988 0.0231086
989 0.023447
990 0.0237811
991 0.0241103
992 0.0244346
993 0.0247534
994 0.0250666
995 0.0253737
996 0.0256745
997 0.0259686
998 0.0262557
999 0.0265356
1000 0.0268079
1001 0.0270724
1002 0.0273287
1003 0.0275765
1004 0.0278157
1005 0.0280459
1006 0.0282669
1007 0.0284784
1008 0.0286802
1009 0.0288721
1010 0.0290538
1011 0.0292251
1012 0.0293859
1013 0.029536
1014 0.0296751
1015 0.0298031
1016 0.02992
1017 0.0300254
1018 0.0301194
1019 0.0302017
1020 0.0302724
1021 0.0303313
1022 0.0303783
1023 0.0304135
1024 0.0304367
1025 0.0304479
1026 0.0304471
1027 0.0304343
1028 0.0304096
1029 0.0303729
1030 0.0303244
1031 0.030264
1032 0.0301918
1033 0.0301079
1034 0.0300124
1035 0.0299055
1036 0.0297872
1037 0.0296577
1038 0.0295171
1039 0.0293657
1040 0.0292035
1041 0.0290307
1042 0.0288476
1043 0.0286544
1044 0.0284513
1045 0.0282385
1046 0.0280162
1047 0.0277847
1048 0.0275444
1049 0.0272953
1050 0.0270378
1051 0.0267722
1052 0.0264988
1053 0.0262178
1054 0.0259296
1055 0.0256345
1056 0.0253327
1057 0.0250246
1058 0.0247106
1059 0.0243909
1060 0.0240658
1061 0.0237357
1062 0.0234009
1063 0.0230617
1064 0.0227185
1065 0.0223716
1066 0.0220214
1067 0.021668
1068 0.0213119
1069 0.0209535
1070 0.0205929
1071 0.0202306
1072 0.0198668
1073 0.0195018
1074 0.0191361
1075 0.0187697
1076 0.0184032
1077 0.0180367
1078 0.0176705
1079 0.017305
1080 0.0169403
1081 0.0165768
1082 0.0162146
1083 0.0158542
1084 0.0154956
1085 0.0151392
1086 0.0147852
1087 0.0144337
1088 0.0140851
1089 0.0137394
1090 0.013397
1091 0.0130579
1092 0.0127224
1093 0.0123907
1094 0.0120628
1095 0.011739
1096 0.0114194
1097 0.0111041
1098 0.0107932
1099 0.0104869
1100 0.0101853
1101 0.00988847
1102 0.00959651
1103 0.00930949
1104 0.00902749
1105 0.00875059
1106 0.00847884
1107 0.00821228
1108 0.00795098
1109 0.00769495
1110 0.00744423
1111 0.00719884
1112 0.00695879
1113 0.0067241
1114 0.00649476
1115 0.00627077
1116 0.00605212
1117 0.00583879
1118 0.00563076
1119 0.005428
1120 0.00523047
1121 0.00503815
1122 0.00485099
1123 0.00466894
1124 0.00449194
1125 0.00431996
1126 0.00415292
1127 0.00399076
1128 0.00383343
1129 0.00368084
1130 0.00353294
1131 0.00338964
1132 0.00325087
1133 0.00311656
1134 0.00298661
1135 0.00286095
1136 0.0027395
1137 0.00262217
1138 0.00250888
1139 0.00239954
1140 0.00229405
1141 0.00219234
1142 0.00209431
1143 0.00199987
1144 0.00190894
1145 0.00182143
1146 0.00173724
1147 0.00165629
1148 0.00157849
1149 0.00150375
1150 0.00143199
1151 0.00136311
1152 0.00129703
1153 0.00123367
1154 0.00117294
1155 0.00111476
1156 0.00105905
1157 0.00100573
1158 0.000954714
1159 0.000905929
1160 0.000859298
1161 0.000814745
1162 0.000772197
1163 0.000731583
1164 0.000692832
1165 0.000655874
1166 0.000620643
1167 0.000587073
1168 0.000555099
1169 0.00052466
1170 0.000495694
1171 0.000468143
1172 0.000441948
1173 0.000417055
1174 0.000393408
1175 0.000370956
1176 0.000349648
1177 0.000329433
1178 0.000310264
1179 0.000292096
1180 0.000274883
1181 0.000258582
1182 0.000243152
1183 0.000228553
1184 0.000214745
1185 0.000201692
1186 0.000189357
1187 0.000177707
1188 0.000166708
1189 0.000156328
1190 0.000146536
1191 0.000137303
1192 0.000128602
1193 0.000120404
1194 0.000112684
1195 0.000105418
1196 9.85815e-05
1197 9.21518e-05
1198 8.61075e-05
1199 8.04279e-05
1200 7.50933e-05
1201 7.00849e-05
1202 6.53847e-05
1203 6.09756e-05
1204 5.68414e-05
1205 5.29666e-05
1206 4.93365e-05
1207 4.5937e-05
1208 4.27549e-05
1209 3.97775e-05
1210 3.69928e-05
1211 3.43895e-05
1212 3.19568e-05
1213 2.96845e-05
1214 2.75629e-05
1215 2.55828e-05
1216 2.37355e-05
1217 2.2013e-05
1218 2.04074e-05
1219 1.89115e-05
1220 1.75183e-05
1221 1.62213e-05
1222 1.50144e-05
1223 1.38919e-05
1224 1.28482e-05
1225 1.18782e-05
1226 1.09771e-05
1227 1.01403e-05
1228 9.36369e-06
1229 8.64311e-06
1230 7.97483e-06
1231 7.35532e-06
1232 6.78126e-06
1233 6.24953e-06
1234 5.75722e-06
1235 5.3016e-06
1236 4.88011e-06
1237 4.49036e-06
1238 4.1301e-06
1239 3.79725e-06
1240 3.48984e-06
1241 3.20606e-06
1242 2.94419e-06
1243 2.70264e-06
1244 2.47993e-06
1245 2.27467e-06
1246 2.08558e-06
1247 1.91145e-06
1248 1.75117e-06
1249 1.60369e-06
1250 1.46806e-06
1251 1.34337e-06
1252 1.22878e-06
1253 1.12352e-06
1254 1.02687e-06
1255 9.38171e-07
1256 8.56792e-07
1257 7.82162e-07
1258 7.13752e-07
1259 6.51067e-07
1260 5.93654e-07
1261 5.41089e-07
1262 4.92984e-07
1263 4.48979e-07
1264 4.0874e-07
1265 3.7196e-07
1266 3.38357e-07
1267 3.07667e-07
1268 2.79651e-07
1269 2.54086e-07
1270 2.30766e-07
1271 2.09504e-07
1272 1.90126e-07
1273 1.72473e-07
1274 1.56396e-07
1275 1.41762e-07
1276 1.28447e-07
1277 1.16336e-07
1278 1.05326e-07
1279 9.53199e-08
1280 8.62304e-08
1281 7.79769e-08
1282 7.04855e-08
1283 6.36887e-08
1284 5.75245e-08
1285 5.19365e-08
1286 4.68727e-08
1287 4.2286e-08
1288 3.8133e-08
1289 3.43743e-08
1290 3.09739e-08
1291 2.78988e-08
1292 2.51191e-08
1293 2.26074e-08
1294 2.03389e-08
1295 1.82907e-08
1296 1.64423e-08
1297 1.47749e-08
1298 1.32713e-08
1299 1.1916e-08
1300 1.06949e-08
1301 9.59515e-09
1302 8.60507e-09
1303 7.71411e-09
1304 6.91267e-09
1305 6.19205e-09
1306 5.54435e-09
1307 4.96245e-09
1308 4.43986e-09
1309 3.97074e-09
1310 3.54979e-09
1311 3.1722e-09
1312 2.83366e-09
1313 2.53025e-09
1314 2.25844e-09
1315 2.01503e-09
1316 1.79714e-09
1317 1.60218e-09
1318 1.42781e-09
1319 1.27191e-09
1320 1.13258e-09
1321 1.00812e-09
1322 8.96984e-10
1323 7.97782e-10
1324 7.09272e-10
1325 6.30332e-10
1326 5.59957e-10
1327 4.97242e-10
1328 4.41377e-10
1329 3.91634e-10
1330 3.47359e-10
1331 3.07968e-10
1332 2.72936e-10
1333 2.41794e-10
1334 2.1412e-10
1335 1.89539e-10
1336 1.67713e-10
1337 1.48342e-10
1338 1.31157e-10
1339 1.15916e-10
1340 1.02406e-10
1341 9.04353e-11
1342 7.9832e-11
1343 7.04441e-11
1344 6.21357e-11
1345 5.47855e-11
1346 4.82857e-11
1347 4.25402e-11
1348 3.74635e-11
1349 3.29797e-11
1350 2.9021e-11
1351 2.55274e-11
1352 2.24456e-11
1353 1.97279e-11
1354 1.73325e-11
1355 1.52219e-11
1356 1.33631e-11
1357 1.17266e-11
1358 1.02864e-11
1359 9.01955e-12
1360 7.9056e-12
1361 6.92648e-12
1362 6.06623e-12
1363 5.31073e-12
1364 4.64747e-12
1365 4.06545e-12
1366 3.55491e-12
1367 3.10725e-12
1368 2.71489e-12
1369 2.37114e-12
1370 2.0701e-12
1371 1.80656e-12
1372 1.57595e-12
1373 1.37423e-12
1374 1.19786e-12
1375 1.04371e-12
1376 9.09041e-13
1377 7.91434e-13
1378 6.8877e-13
1379 5.99187e-13
1380 5.21049e-13
1381 4.52922e-13
1382 3.93546e-13
1383 3.4182e-13
1384 2.96774e-13
1385 2.57563e-13
1386 2.23445e-13
1387 1.93769e-13
1388 1.67968e-13
1389 1.45545e-13
1390 1.26066e-13
1391 1.0915e-13
1392 9.4467e-14
1393 8.17267e-14
1394 7.06767e-14
1395 6.10966e-14
1396 5.27942e-14
1397 4.56019e-14
1398 3.93739e-14
1399 3.3983e-14
1400 2.93186e-14
1401 2.52845e-14
1402 2.17968e-14
1403 1.87827e-14
1404 1.61791e-14
1405 1.39308e-14
1406 1.19903e-14
1407 1.03159e-14
1408 8.87189e-15
1409 7.62698e-15
1410 6.55416e-15
1411 5.63002e-15
1412 4.83427e-15
1413 4.14935e-15
1414 3.56006e-15
1415 3.05325e-15
1416 2.61756e-15
1417 2.24315e-15
1418 1.92154e-15
1419 1.64538e-15
1420 1.40836e-15
1421 1.20501e-15
1422 1.03061e-15
1423 8.81097e-16
1424 7.5298e-16
1425 6.43237e-16
1426 5.49272e-16
1427 4.68847e-16
1428 4.00041e-16
1429 3.41197e-16
1430 2.90893e-16
1431 2.47908e-16
1432 2.11191e-16
1433 1.79841e-16
1434 1.53084e-16
1435 1.30257e-16
1436 1.1079e-16
1437 9.41944e-17
1438 8.00533e-17
1439 6.80083e-17
1440 5.77527e-17
1441 4.90243e-17
1442 4.15986e-17
1443 3.52837e-17
1444 2.99156e-17
1445 2.53541e-17
1446 2.14797e-17
1447 1.81902e-17
1448 1.53983e-17
1449 1.30298e-17
1450 1.10212e-17
1451 9.31858e-18
1452 7.87586e-18
1453 6.65388e-18
1454 5.61927e-18
1455 4.74366e-18
1456 4.0029e-18
1457 3.37648e-18
1458 2.84696e-18
1459 2.39953e-18
1460 2.02162e-18
1461 1.70256e-18
1462 1.43328e-18
1463 1.20612e-18
1464 1.01456e-18
1465 8.53083e-19
1466 7.17024e-19
1467 6.02427e-19
1468 5.05945e-19
1469 4.24747e-19
1470 3.56439e-19
1471 2.98998e-19
1472 2.50714e-19
1473 2.10145e-19
1474 1.7607e-19
1475 1.47462e-19
1476 1.23454e-19
1477 1.03313e-19
1478 8.64242e-20
1479 7.22675e-20
1480 6.04058e-20
1481 5.04711e-20
1482 4.21536e-20
1483 3.51929e-20
1484 2.93699e-20
1485 2.45007e-20
1486 2.04307e-20
1487 1.703e-20
1488 1.41898e-20
1489 1.18186e-20
1490 9.83967e-21
1491 8.18889e-21
1492 6.81236e-21
1493 5.66498e-21
1494 4.70898e-21
1495 3.91276e-21
1496 3.24989e-21
1497 2.69824e-21
1498 2.23935e-21
1499 1.85776e-21
1500 1.54059e-21
1501 1.27706e-21
1502 1.05819e-21
1503 8.76488e-22
1504 7.25696e-22
1505 6.00609e-22
1506 4.96886e-22
1507 4.10913e-22
1508 3.3968e-22
1509 2.80685e-22
1510 2.31844e-22
1511 1.91426e-22
1512 1.57992e-22
1513 1.30345e-22
1514 1.07494e-22
1515 8.86136e-23
1516 7.30206e-23
1517 6.01476e-23
1518 4.95244e-23
1519 4.07613e-23
1520 3.35355e-23
1521 2.75797e-23
1522 2.26726e-23
1523 1.86313e-23
1524 1.53042e-23
1525 1.25663e-23
1526 1.03141e-23
1527 8.46223e-24
1528 6.94009e-24
1529 5.68949e-24
1530 4.6624e-24
1531 3.81921e-24
1532 3.12727e-24
1533 2.55968e-24
1534 2.09428e-24
1535 1.71281e-24
1536 1.40028e-24
1537 1.14432e-24
1538 9.34771e-25
1539 7.63296e-25
1540 6.23029e-25
1541 5.08337e-25
1542 4.14594e-25
1543 3.38005e-25
1544 2.75454e-25
1545 2.24391e-25
1546 1.82721e-25
1547 1.4873e-25
1548 1.21014e-25
1549 9.84247e-26
1550 8.002e-26
1551 6.50311e-26
1552 5.28288e-26
1553 4.28992e-26
1554 3.48221e-26
1555 2.82546e-26
1556 2.29166e-26
1557 1.85798e-26
1558 1.50577e-26
1559 1.21984e-26
1560 9.87817e-27
1561 7.99609e-27
1562 6.47003e-27
1563 5.23315e-27
1564 4.23105e-27
1565 3.41948e-27
1566 2.76249e-27
1567 2.23084e-27
1568 1.8008e-27
1569 1.45308e-27
1570 1.17203e-27
1571 9.44972e-28
1572 7.61599e-28
1573 6.13566e-28
1574 4.94111e-28
1575 3.97754e-28
1576 3.20061e-28
1577 2.57442e-28
1578 2.06992e-28
1579 1.66363e-28
1580 1.33655e-28
1581 1.07335e-28
1582 8.61644e-29
1583 6.91418e-29
1584 5.54602e-29
1585 4.44683e-29
1586 3.56407e-29
1587 2.85543e-29
1588 2.28677e-29
1589 1.83064e-29
1590 1.46491e-29
1591 1.17178e-29
1592 9.36932e-30
1593 7.48857e-30
1594 5.98297e-30
1595 4.77819e-30
1596 3.8145e-30
1597 3.04396e-30
1598 2.42811e-30
1599 1.93609e-30
1600 1.54316e-30
1601 1.22949e-30
1602 9.79183e-31
1603 7.79528e-31
1604 6.20337e-31
1605 4.93459e-31
1606 3.92376e-31
1607 3.11876e-31
1608 2.47792e-31
1609 1.96799e-31
1610 1.56237e-31
1611 1.23987e-31
1612 9.8354e-32
1613 7.79897e-32
1614 6.18173e-32
1615 4.89791e-32
1616 3.87917e-32
1617 3.07111e-32
1618 2.4304e-32
1619 1.9226e-32
1620 1.5203e-32
1621 1.2017e-32
1622 9.49489e-33
1623 7.49915e-33
1624 5.92054e-33
1625 4.67239e-33
1626 3.6859e-33
1627 2.90654e-33
1628 2.29106e-33
1629 1.8052e-33
1630 1.4218e-33
1631 1.11939e-33
1632 8.80956e-34
1633 6.93031e-34
1634 5.44978e-34
1635 4.28383e-34
1636 3.366e-34
1637 2.64376e-34
1638 2.07567e-34
1639 1.62901e-34
1640 1.27795e-34
1641 1.00215e-34
1642 7.85564e-35
1643 6.1554e-35
1644 4.82124e-35
1645 3.77475e-35
1646 2.95424e-35
1647 2.31116e-35
1648 1.80736e-35
1649 1.41281e-35
1650 1.10396e-35
1651 8.62277e-36
1652 6.7324e-36
1653 5.25437e-36
1654 4.09919e-36
1655 3.19672e-36
1656 2.49194e-36
1657 1.94177e-36
1658 1.51247e-36
1659 1.17761e-36
1660 9.16528e-37
1661 7.13044e-37
1662 5.54517e-37
1663 4.31063e-37
1664 3.34961e-37
1665 2.60181e-37
1666 2.02015e-37
1667 1.56791e-37
1668 1.21642e-37
1669 9.43357e-38
1670 7.31298e-38
1671 5.66684e-38
1672 4.3895e-38
1673 3.39873e-38
1674 2.63054e-38
1675 2.03517e-38
1676 1.57393e-38
1677 1.21674e-38
1678 9.40233e-39
1679 7.26276e-39
1680 5.60784e-39
1681 4.32829e-39
1682 3.33938e-39
1683 2.57538e-39
1684 1.98539e-39
1685 1.52995e-39
1686 1.17852e-39
1687 9.07448e-40
1688 6.9845e-40
1689 5.37374e-40
1690 4.13281e-40
1691 3.17718e-40
1692 2.44155e-40
1693 1.87549e-40
1694 1.4401e-40
1695 1.10535e-40
1696 8.48073e-41
1697 6.5042e-41
1698 4.98634e-41
1699 3.82118e-41
1700 2.92712e-41
1701 2.24136e-41
1702 1.71557e-41
1703 1.31261e-41
1704 1.00389e-41
1705 7.6748e-42
1706 5.86509e-42
1707 4.48033e-42
1708 3.42115e-42
1709 2.61133e-42
1710 1.99241e-42
1711 1.51958e-42
1712 1.1585e-42
1713 8.82867e-43
1714 6.72546e-43
1715 5.12125e-43
1716 3.89814e-43
1717 2.96597e-43
1718 2.25581e-43
1719 1.71501e-43
1720 1.30334e-43
1721 9.90093e-44
1722 7.51834e-44
1723 5.70683e-44
1724 4.33007e-44
1725 3.28415e-44
1726 2.48988e-44
1727 1.88695e-44
1728 1.42946e-44
1729 1.08245e-44
1730 8.19356e-45
1731 6.19962e-45
1732 4.68904e-45
1733 3.54512e-45
1734 2.6792e-45
1735 2.02398e-45
1736 1.52839e-45
1737 1.15369e-45
1738 8.7051e-46
1739 6.56575e-46
1740 4.9502e-46
1741 3.73068e-46
1742 2.81048e-46
1743 2.11641e-46
1744 1.59311e-46
1745 1.19873e-46
1746 9.01619e-47
1747 6.77879e-47
1748 5.09458e-47
1749 3.8273e-47
1750 2.87411e-47
1751 2.15745e-47
1752 1.61885e-47
1753 1.21423e-47
1754 9.10373e-48
1755 6.82286e-48
1756 5.11142e-48
1757 3.82775e-48
1758 2.86531e-48
1759 2.14402e-48
1760 1.60366e-48
1761 1.19901e-48
1762 8.9611e-49
1763 6.69463e-49
1764 4.99941e-49
1765 3.73198e-49
1766 2.78475e-49
1767 2.07711e-49
1768 1.54868e-49
1769 1.15423e-49
1770 8.59898e-50
1771 6.40369e-50
1772 4.76695e-50
1773 3.54714e-50
1774 2.63842e-50
1775 1.96171e-50
1776 1.45799e-50
1777 1.08318e-50
1778 8.04406e-51
1779 5.9714e-51
1780 4.43103e-51
1781 3.2867e-51
1782 2.43693e-51
1783 1.80614e-51
1784 1.3381e-51
1785 9.90954e-52
1786 7.33576e-52
1787 5.4283e-52
1788 4.01522e-52
1789 2.96881e-52
1790 2.19423e-52
1791 1.6211e-52
1792 1.19719e-52
1793 8.83783e-53
1794 6.52161e-53
1795 4.8105e-53
1796 3.54694e-53
1797 2.61423e-53
1798 1.92602e-53
1799 1.41842e-53
1800 1.04419e-53
1801 7.68381e-54
1802 5.65201e-54
1803 4.15581e-54
1804 3.05447e-54
1805 2.24411e-54
1806 1.64808e-54
1807 1.20987e-54
1808 8.87828e-55
1809 6.51246e-55
1810 4.77516e-55
1811 3.49992e-55
1812 2.56422e-55
1813 1.87793e-55
1814 1.37478e-55
1815 1.00603e-55
1816 7.35896e-56
1817 5.38083e-56
1818 3.93287e-56
1819 2.8734e-56
1820 2.09851e-56
1821 1.53198e-56
1822 1.11795e-56
1823 8.15485e-57
1824 5.94619e-57
1825 4.334e-57
1826 3.15766e-57
1827 2.29969e-57
1828 1.67417e-57
1829 1.21831e-57
1830 8.86224e-58
1831 6.444e-58
1832 4.68376e-58
1833 3.40299e-58
1834 2.47147e-58
1835 1.79422e-58
1836 1.30203e-58
1837 9.4449e-59
1838 6.84855e-59
1839 4.96395e-59
1840 3.59653e-59
1841 2.60475e-59
1842 1.88571e-59
1843 1.36462e-59
1844 9.87136e-60
1845 7.13786e-60
1846 5.15924e-60
1847 3.72761e-60
1848 2.69217e-60
1849 1.94358e-60
1850 1.40258e-60
1851 1.01177e-60
1852 7.29561e-61
1853 5.25858e-61
1854 3.78881e-61
1855 2.72875e-61
1856 1.9645e-61
1857 1.41373e-61
1858 1.01697e-61
1859 7.31273e-62
1860 5.25624e-62
1861 3.77658e-62
1862 2.71237e-62
1863 1.94727e-62
1864 1.39743e-62
1865 1.00245e-62
1866 7.1882e-63
1867 5.15235e-63
1868 3.69163e-63
1869 2.64397e-63
1870 1.89288e-63
1871 1.35462e-63
1872 9.69029e-64
1873 6.92921e-64
1874 4.95288e-64
1875 3.53882e-64
1876 2.52748e-64
1877 1.80444e-64
1878 1.28773e-64
1879 9.18614e-65
1880 6.55042e-65
1881 4.66908e-65
1882 3.32676e-65
1883 2.3694e-65
1884 1.68687e-65
1885 1.20047e-65
1886 8.53985e-66
1887 6.0726e-66
1888 4.31645e-66
1889 3.06694e-66
1890 2.17826e-66
1891 1.54647e-66
1892 1.09749e-66
1893 7.78553e-67
1894 5.52079e-67
1895 3.91328e-67
1896 2.77273e-67
1897 1.96382e-67
1898 1.39035e-67
1899 9.83945e-68
1900 6.96058e-68
1901 4.92206e-68
1902 3.47917e-68
1903 2.45828e-68
1904 1.73625e-68
1905 1.22581e-68
1906 8.65084e-69
1907 6.10269e-69
1908 4.3034e-69
1909 3.03339e-69
1910 2.13733e-69
1911 1.50537e-69
1912 1.05984e-69
1913 7.45872e-70
1914 5.24705e-70
1915 3.68972e-70
1916 2.59357e-70
1917 1.82234e-70
1918 1.27994e-70
1919 8.98618e-71
1920 6.30649e-71
1921 4.42412e-71
1922 3.10237e-71
1923 2.17464e-71
1924 1.52372e-71
1925 1.06722e-71
1926 7.47183e-72
1927 5.22911e-72
1928 3.6581e-72
1929 2.55805e-72
1930 1.7881e-72
1931 1.24939e-72
1932 8.72637e-73
1933 6.0925e-73
1934 4.25191e-73
1935 2.96619e-73
1936 2.06844e-73
1937 1.44182e-73
1938 1.00463e-73
1939 6.99729e-74
1940 4.87169e-74
1941 3.39044e-74
1942 2.35863e-74
1943 1.64017e-74
1944 1.14011e-74
1945 7.92192e-75
1946 5.50226e-75
1947 3.82013e-75
1948 2.6512e-75
1949 1.83922e-75
1950 1.27542e-75
1951 8.8409e-76
1952 6.12588e-76
1953 4.24294e-76
1954 2.93759e-76
1955 2.03303e-76
1956 1.40644e-76
1957 9.72586e-77
1958 6.72296e-77
1959 4.64536e-77
1960 3.20853e-77
1961 2.21523e-77
1962 1.52883e-77
1963 1.05469e-77
1964 7.27307e-78
1965 5.01346e-78
1966 3.45449e-78
1967 2.37935e-78
1968 1.63817e-78
1969 1.12742e-78
1970 7.75603e-79
1971 5.3336e-79
1972 3.6663e-79
1973 2.5192e-79
1974 1.73031e-79
1975 1.18798e-79
1976 8.15315e-80
1977 5.59328e-80
1978 3.83561e-80
1979 2.62924e-80
1980 1.80157e-80
1981 1.23396e-80
1982 8.44841e-81
1983 5.78198e-81
1984 3.95554e-81
1985 2.70496e-81
1986 1.84903e-81
1987 1.26343e-81
1988 8.62955e-82
1989 5.89183e-82
1990 4.02105e-82
1991 2.74319e-82
1992 1.87067e-82
1993 1.27517e-82
1994 8.68888e-83
1995 5.91816e-83
1996 4.02936e-83
1997 2.74229e-83
1998 1.86559e-83
1999 1.26866e-83
2000 8.62388e-84
2001 5.85984e-84
2002 3.98012e-84
2003 2.7023e-84
2004 1.83399e-84
2005 1.24419e-84
2006 8.4373e-85
2007 5.71936e-85
2008 3.87541e-85
2009 2.62491e-85
2010 1.77721e-85
2011 1.20279e-85
2012 8.13704e-86
2013 5.50263e-86
2014 3.71964e-86
2015 2.51338e-86
2016 1.69763e-86
2017 1.14618e-86
2018 7.73555e-87
2019 5.21862e-87
2020 3.51922e-87
2021 2.37227e-87
2022 1.59848e-87
2023 1.07666e-87
2024 7.24898e-88
2025 4.87867e-88
2026 3.28211e-88
2027 2.20714e-88
2028 1.48366e-88
2029 9.96933e-89
2030 6.69613e-89
2031 4.49581e-89
2032 3.01731e-89
2033 2.02422e-89
2034 1.35744e-89
2035 9.09941e-90
2036 6.09721e-90
2037 3.94577e-90
2038 2.61795e-90
2039 1.71884e-90
2040 1.12498e-90
2041 7.22891e-91
2042 4.58608e-91
2043 2.80258e-91
2044 1.64653e-91
2045 8.81938e-92
2046 4.16758e-92
2047 1.45855e-92
