0 3.50596e-51
1 3.0337e-51
2 2.73211e-51
3 2.58433e-51
4 2.5817e-51
5 2.72324e-51
6 3.01559e-51
7 3.47326e-51
8 4.11939e-51
9 4.98684e-51
10 6.11984e-51
11 7.5762e-51
12 9.43016e-51
13 1.17762e-50
14 1.47334e-50
15 1.84521e-50
16 2.31204e-50
17 2.89742e-50
18 3.63087e-50
19 4.54927e-50
20 5.69871e-50
21 7.13673e-50
22 8.93517e-50
23 1.11836e-49
24 1.3994e-49
25 1.75055e-49
26 2.18921e-49
27 2.73703e-49
28 3.421e-49
29 4.27475e-49
30 5.34014e-49
31 6.6693e-49
32 8.32715e-49
33 1.03944e-48
34 1.29716e-48
35 1.61837e-48
36 2.01862e-48
37 2.51723e-48
38 3.13822e-48
39 3.91144e-48
40 4.87398e-48
41 6.07192e-48
42 7.56244e-48
43 9.41658e-48
44 1.17225e-47
45 1.45896e-47
46 1.81535e-47
47 2.25826e-47
48 2.80857e-47
49 3.49214e-47
50 4.34105e-47
51 5.39504e-47
52 6.70334e-47
53 8.32691e-47
54 1.03413e-46
55 1.28398e-46
56 1.59383e-46
57 1.97798e-46
58 2.45412e-46
59 3.04416e-46
60 3.77515e-46
61 4.68055e-46
62 5.8017e-46
63 7.18967e-46
64 8.90754e-46
65 1.10332e-45
66 1.36628e-45
67 1.6915e-45
68 2.09362e-45
69 2.59071e-45
70 3.20503e-45
71 3.96405e-45
72 4.90161e-45
73 6.05942e-45
74 7.48886e-45
75 9.25323e-45
76 1.14304e-44
77 1.41164e-44
78 1.74291e-44
79 2.15139e-44
80 2.65493e-44
81 3.27551e-44
82 4.04013e-44
83 4.98199e-44
84 6.14187e-44
85 7.56989e-44
86 9.32757e-44
87 1.14905e-43
88 1.41514e-43
89 1.7424e-43
90 2.14482e-43
91 2.6395e-43
92 3.24747e-43
93 3.99447e-43
94 4.91206e-43
95 6.03892e-43
96 7.42245e-43
97 9.12066e-43
98 1.12046e-42
99 1.37613e-42
100 1.68972e-42
101 2.07426e-42
102 2.54569e-42
103 3.12348e-42
104 3.83148e-42
105 4.69882e-42
106 5.76108e-42
107 7.06178e-42
108 8.65403e-42
109 1.06028e-41
110 1.29871e-41
111 1.59039e-41
112 1.94711e-41
113 2.38327e-41
114 2.91643e-41
115 3.56802e-41
116 4.36415e-41
117 5.33666e-41
118 6.52433e-41
119 7.97443e-41
120 9.74454e-41
121 1.19048e-40
122 1.45404e-40
123 1.77554e-40
124 2.16762e-40
125 2.64566e-40
126 3.22836e-40
127 3.93847e-40
128 4.80365e-40
129 5.8575e-40
130 7.14087e-40
131 8.70336e-40
132 1.06052e-39
133 1.29196e-39
134 1.57354e-39
135 1.91603e-39
136 2.33251e-39
137 2.83883e-39
138 3.45425e-39
139 4.20206e-39
140 5.11054e-39
141 6.21393e-39
142 7.55372e-39
143 9.18017e-39
144 1.11541e-38
145 1.35492e-38
146 1.64545e-38
147 1.9978e-38
148 2.425e-38
149 2.94282e-38
150 3.57035e-38
151 4.33061e-38
152 5.25147e-38
153 6.36656e-38
154 7.71652e-38
155 9.35041e-38
156 1.13274e-37
157 1.37191e-37
158 1.66115e-37
159 2.01088e-37
160 2.43364e-37
161 2.94454e-37
162 3.5618e-37
163 4.3074e-37
164 5.20777e-37
165 6.2948e-37
166 7.60683e-37
167 9.19006e-37
168 1.11001e-36
169 1.34037e-36
170 1.61815e-36
171 1.95301e-36
172 2.3566e-36
173 2.84289e-36
174 3.42869e-36
175 4.13419e-36
176 4.98365e-36
177 6.00619e-36
178 7.2368e-36
179 8.71744e-36
180 1.04985e-35
181 1.26404e-35
182 1.52157e-35
183 1.83113e-35
184 2.20315e-35
185 2.65011e-35
186 3.18701e-35
187 3.83176e-35
188 4.60587e-35
189 5.53507e-35
190 6.65016e-35
191 7.98802e-35
192 9.59278e-35
193 1.15172e-34
194 1.38245e-34
195 1.65902e-34
196 1.99044e-34
197 2.38751e-34
198 2.86313e-34
199 3.43269e-34
200 4.11459e-34
201 4.93078e-34
202 5.9075e-34
203 7.07601e-34
204 8.47366e-34
205 1.0145e-33
206 1.21431e-33
207 1.45312e-33
208 1.73849e-33
209 2.07941e-33
210 2.48658e-33
211 2.97277e-33
212 3.55316e-33
213 4.24585e-33
214 5.07235e-33
215 6.05826e-33
216 7.23405e-33
217 8.63592e-33
218 1.0307e-32
219 1.22983e-32
220 1.46708e-32
221 1.74967e-32
222 2.08617e-32
223 2.48677e-32
224 2.96357e-32
225 3.53092e-32
226 4.20583e-32
227 5.00851e-32
228 5.96289e-32
229 7.09736e-32
230 8.44558e-32
231 1.00474e-31
232 1.19501e-31
233 1.42095e-31
234 1.68919e-31
235 2.00757e-31
236 2.38537e-31
237 2.83357e-31
238 3.36515e-31
239 3.99546e-31
240 4.74267e-31
241 5.62824e-31
242 6.67752e-31
243 7.92048e-31
244 9.39252e-31
245 1.11354e-30
246 1.31986e-30
247 1.56401e-30
248 1.85289e-30
249 2.1946e-30
250 2.5987e-30
251 3.07648e-30
252 3.64122e-30
253 4.30861e-30
254 5.09711e-30
255 6.02848e-30
256 7.12836e-30
257 8.42692e-30
258 9.9597e-30
259 1.17685e-29
260 1.39026e-29
261 1.64197e-29
262 1.93881e-29
263 2.28878e-29
264 2.70129e-29
265 3.18741e-29
266 3.76012e-29
267 4.4347e-29
268 5.22908e-29
269 6.16432e-29
270 7.26512e-29
271 8.56049e-29
272 1.00845e-28
273 1.18769e-28
274 1.39847e-28
275 1.64626e-28
276 1.93751e-28
277 2.27973e-28
278 2.68176e-28
279 3.15393e-28
280 3.70835e-28
281 4.35917e-28
282 5.12298e-28
283 6.01917e-28
284 7.07041e-28
285 8.30322e-28
286 9.74861e-28
287 1.14428e-27
288 1.34281e-27
289 1.57539e-27
290 1.84781e-27
291 2.16679e-27
292 2.5402e-27
293 2.97722e-27
294 3.48856e-27
295 4.08669e-27
296 4.78618e-27
297 5.60399e-27
298 6.55989e-27
299 7.6769e-27
300 8.98187e-27
301 1.0506e-26
302 1.22857e-26
303 1.43632e-26
304 1.67879e-26
305 1.96169e-26
306 2.29169e-26
307 2.67654e-26
308 3.12523e-26
309 3.64823e-26
310 4.25769e-26
311 4.96773e-26
312 5.79475e-26
313 6.75779e-26
314 7.87893e-26
315 9.18383e-26
316 1.07022e-25
317 1.24686e-25
318 1.4523e-25
319 1.69118e-25
320 1.96888e-25
321 2.29163e-25
322 2.66665e-25
323 3.10229e-25
324 3.60825e-25
325 4.19573e-25
326 4.87771e-25
327 5.6692e-25
328 6.58757e-25
329 7.65291e-25
330 8.88847e-25
331 1.03211e-24
332 1.19818e-24
333 1.39065e-24
334 1.61366e-24
335 1.872e-24
336 2.17119e-24
337 2.51761e-24
338 2.91862e-24
339 3.38272e-24
340 3.9197e-24
341 4.54085e-24
342 5.2592e-24
343 6.08976e-24
344 7.04982e-24
345 8.1593e-24
346 9.44114e-24
347 1.09218e-23
348 1.26316e-23
349 1.46055e-23
350 1.68839e-23
351 1.95129e-23
352 2.25459e-23
353 2.60438e-23
354 3.00771e-23
355 3.47265e-23
356 4.00846e-23
357 4.6258e-23
358 5.33688e-23
359 6.15573e-23
360 7.09842e-23
361 8.18341e-23
362 9.43186e-23
363 1.0868e-22
364 1.25196e-22
365 1.44185e-22
366 1.66012e-22
367 1.91094e-22
368 2.19909e-22
369 2.53004e-22
370 2.91005e-22
371 3.34626e-22
372 3.84687e-22
373 4.42124e-22
374 5.08004e-22
375 5.83552e-22
376 6.70162e-22
377 7.69428e-22
378 8.83172e-22
379 1.01347e-21
380 1.1627e-21
381 1.33356e-21
382 1.52914e-21
383 1.75296e-21
384 2.00903e-21
385 2.30194e-21
386 2.63689e-21
387 3.01984e-21
388 3.45754e-21
389 3.95771e-21
390 4.52912e-21
391 5.18177e-21
392 5.92703e-21
393 6.77784e-21
394 7.74892e-21
395 8.85702e-21
396 1.01212e-20
397 1.1563e-20
398 1.32071e-20
399 1.50815e-20
400 1.72178e-20
401 1.96521e-20
402 2.24254e-20
403 2.55841e-20
404 2.9181e-20
405 3.32759e-20
406 3.79366e-20
407 4.32401e-20
408 4.92737e-20
409 5.61361e-20
410 6.39395e-20
411 7.28108e-20
412 8.28936e-20
413 9.43507e-20
414 1.07366e-19
415 1.22149e-19
416 1.38934e-19
417 1.57988e-19
418 1.79612e-19
419 2.04148e-19
420 2.31979e-19
421 2.63542e-19
422 2.99325e-19
423 3.39884e-19
424 3.85844e-19
425 4.37911e-19
426 4.96879e-19
427 5.63646e-19
428 6.39224e-19
429 7.24752e-19
430 8.21512e-19
431 9.30952e-19
432 1.0547e-18
433 1.19458e-18
434 1.35266e-18
435 1.53126e-18
436 1.73298e-18
437 1.96075e-18
438 2.21787e-18
439 2.50803e-18
440 2.83539e-18
441 3.20462e-18
442 3.62095e-18
443 4.09027e-18
444 4.61916e-18
445 5.21503e-18
446 5.88617e-18
447 6.64189e-18
448 7.4926e-18
449 8.44999e-18
450 9.52715e-18
451 1.07387e-17
452 1.21012e-17
453 1.36328e-17
454 1.53542e-17
455 1.72884e-17
456 1.94611e-17
457 2.19012e-17
458 2.46408e-17
459 2.77159e-17
460 3.11668e-17
461 3.50384e-17
462 3.9381e-17
463 4.42506e-17
464 4.97101e-17
465 5.58294e-17
466 6.26865e-17
467 7.03688e-17
468 7.89735e-17
469 8.86091e-17
470 9.93969e-17
471 1.11472e-16
472 1.24984e-16
473 1.40102e-16
474 1.57012e-16
475 1.75923e-16
476 1.97067e-16
477 2.20702e-16
478 2.47116e-16
479 2.76628e-16
480 3.09596e-16
481 3.46415e-16
482 3.87526e-16
483 4.33419e-16
484 4.84639e-16
485 5.41791e-16
486 6.05545e-16
487 6.7665e-16
488 7.55934e-16
489 8.44315e-16
490 9.42813e-16
491 1.05256e-15
492 1.17481e-15
493 1.31096e-15
494 1.46253e-15
495 1.63125e-15
496 1.81899e-15
497 2.02784e-15
498 2.26013e-15
499 2.51839e-15
500 2.80547e-15
501 3.12448e-15
502 3.47888e-15
503 3.87248e-15
504 4.30948e-15
505 4.79452e-15
506 5.33273e-15
507 5.92976e-15
508 6.59183e-15
509 7.3258e-15
510 8.13922e-15
511 9.04043e-15
512 1.00386e-14
513 1.11437e-14
514 1.2367e-14
515 1.37206e-14
516 1.52179e-14
517 1.68736e-14
518 1.87039e-14
519 2.07267e-14
520 2.29614e-14
521 2.54294e-14
522 2.81544e-14
523 3.1162e-14
524 3.44806e-14
525 3.81413e-14
526 4.2178e-14
527 4.66281e-14
528 5.15324e-14
529 5.69357e-14
530 6.28872e-14
531 6.94405e-14
532 7.66544e-14
533 8.45935e-14
534 9.33282e-14
535 1.02936e-13
536 1.13501e-13
537 1.25115e-13
538 1.37881e-13
539 1.51908e-13
540 1.67317e-13
541 1.84241e-13
542 2.02825e-13
543 2.23226e-13
544 2.45618e-13
545 2.70189e-13
546 2.97146e-13
547 3.26714e-13
548 3.59141e-13
549 3.94695e-13
550 4.3367e-13
551 4.76387e-13
552 5.23198e-13
553 5.74484e-13
554 6.30663e-13
555 6.9219e-13
556 7.59564e-13
557 8.33324e-13
558 9.14063e-13
559 1.00242e-12
560 1.09911e-12
561 1.20488e-12
562 1.32058e-12
563 1.4471e-12
564 1.58543e-12
565 1.73665e-12
566 1.90193e-12
567 2.08252e-12
568 2.27981e-12
569 2.4953e-12
570 2.7306e-12
571 2.98749e-12
572 3.26787e-12
573 3.57383e-12
574 3.90759e-12
575 4.2716e-12
576 4.6685e-12
577 5.10112e-12
578 5.57255e-12
579 6.08613e-12
580 6.64544e-12
581 7.25437e-12
582 7.91712e-12
583 8.63818e-12
584 9.42245e-12
585 1.02751e-11
586 1.12019e-11
587 1.22089e-11
588 1.33025e-11
589 1.44898e-11
590 1.57784e-11
591 1.71763e-11
592 1.86921e-11
593 2.03353e-11
594 2.21158e-11
595 2.40442e-11
596 2.61319e-11
597 2.83913e-11
598 3.08354e-11
599 3.34781e-11
600 3.63344e-11
601 3.94203e-11
602 4.27527e-11
603 4.63499e-11
604 5.02312e-11
605 5.44174e-11
606 5.89304e-11
607 6.37938e-11
608 6.90326e-11
609 7.46735e-11
610 8.07449e-11
611 8.72771e-11
612 9.43023e-11
613 1.01855e-10
614 1.09972e-10
615 1.18691e-10
616 1.28055e-10
617 1.38108e-10
618 1.48896e-10
619 1.6047e-10
620 1.72884e-10
621 1.86194e-10
622 2.00461e-10
623 2.1575e-10
624 2.32131e-10
625 2.49676e-10
626 2.68465e-10
627 2.88582e-10
628 3.10118e-10
629 3.33167e-10
630 3.57832e-10
631 3.84224e-10
632 4.1246e-10
633 4.42665e-10
634 4.74974e-10
635 5.09531e-10
636 5.46489e-10
637 5.86014e-10
638 6.28283e-10
639 6.73485e-10
640 7.21821e-10
641 7.73511e-10
642 8.28785e-10
643 8.87893e-10
644 9.51102e-10
645 1.0187e-09
646 1.09098e-09
647 1.16829e-09
648 1.25096e-09
649 1.33938e-09
650 1.43394e-09
651 1.53507e-09
652 1.64322e-09
653 1.75888e-09
654 1.88258e-09
655 2.01486e-09
656 2.15631e-09
657 2.30755e-09
658 2.46926e-09
659 2.64214e-09
660 2.82693e-09
661 3.02444e-09
662 3.2355e-09
663 3.461e-09
664 3.70189e-09
665 3.95915e-09
666 4.23383e-09
667 4.52702e-09
668 4.83988e-09
669 5.17363e-09
670 5.52953e-09
671 5.90891e-09
672 6.31316e-09
673 6.74372e-09
674 7.20211e-09
675 7.6899e-09
676 8.2087e-09
677 8.7602e-09
678 9.34615e-09
679 9.96833e-09
680 1.06286e-08
681 1.13289e-08
682 1.2071e-08
683 1.28571e-08
684 1.36892e-08
685 1.45693e-08
686 1.54994e-08
687 1.64818e-08
688 1.75186e-08
689 1.86119e-08
690 1.97638e-08
691 2.09766e-08
692 2.22523e-08
693 2.3593e-08
694 2.50009e-08
695 2.64779e-08
696 2.80262e-08
697 2.96475e-08
698 3.13438e-08
699 3.31168e-08
700 3.49683e-08
701 3.68998e-08
702 3.89127e-08
703 4.10084e-08
704 4.31882e-08
705 4.5453e-08
706 4.78038e-08
707 5.02413e-08
708 5.2766e-08
709 5.53785e-08
710 5.80789e-08
711 6.08673e-08
712 6.37435e-08
713 6.67072e-08
714 6.9758e-08
715 7.28952e-08
716 7.6118e-08
717 7.94255e-08
718 8.28166e-08
719 8.62902e-08
720 8.9845e-08
721 9.34799e-08
722 9.71934e-08
723 1.00984e-07
724 1.04852e-07
725 1.08794e-07
726 1.12812e-07
727 1.16903e-07
728 1.21068e-07
729 1.25306e-07
730 1.2962e-07
731 1.34009e-07
732 1.38476e-07
733 1.43023e-07
734 1.47655e-07
735 1.52376e-07
736 1.57191e-07
737 1.62109e-07
738 1.67137e-07
739 1.72286e-07
740 1.77568e-07
741 1.82996e-07
742 1.88587e-07
743 1.94359e-07
744 2.00333e-07
745 2.06531e-07
746 2.1298e-07
747 2.1971e-07
748 2.26752e-07
749 2.34143e-07
750 2.41921e-07
751 2.5013e-07
752 2.58816e-07
753 2.68032e-07
754 2.77832e-07
755 2.88277e-07
756 2.99432e-07
757 3.11365e-07
758 3.24152e-07
759 3.37872e-07
760 3.5261e-07
761 3.68455e-07
762 3.85505e-07
763 4.03858e-07
764 4.23623e-07
765 4.44909e-07
766 4.67836e-07
767 4.92524e-07
768 5.19103e-07
769 5.47705e-07
770 5.78469e-07
771 6.11537e-07
772 6.47057e-07
773 6.85181e-07
774 7.26065e-07
775 7.69868e-07
776 8.16755e-07
777 8.6689e-07
778 9.20443e-07
779 9.77583e-07
780 1.03848e-06
781 1.10331e-06
782 1.17225e-06
783 1.24546e-06
784 1.32311e-06
785 1.40538e-06
786 1.49243e-06
787 1.58442e-06
788 1.6815e-06
789 1.78384e-06
790 1.89156e-06
791 2.00481e-06
792 2.12372e-06
793 2.24841e-06
794 2.37897e-06
795 2.51551e-06
796 2.65811e-06
797 2.80684e-06
798 2.96175e-06
799 3.12288e-06
800 3.29025e-06
801 3.46386e-06
802 3.64369e-06
803 3.82972e-06
804 4.02188e-06
805 4.22009e-06
806 4.42426e-06
807 4.63425e-06
808 4.84993e-06
809 5.07112e-06
810 5.29762e-06
811 5.52923e-06
812 5.76568e-06
813 6.00673e-06
814 6.25207e-06
815 6.50138e-06
816 6.75434e-06
817 7.01057e-06
818 7.2697e-06
819 7.53131e-06
820 7.795e-06
821 8.06031e-06
822 8.3268e-06
823 8.59398e-06
824 8.86138e-06
825 9.12852e-06
826 9.39488e-06
827 9.65997e-06
828 9.92329e-06
829 1.01843e-05
830 1.04426e-05
831 1.06977e-05
832 1.0949e-05
833 1.11962e-05
834 1.14388e-05
835 1.16765e-05
836 1.19088e-05
837 1.21356e-05
838 1.23564e-05
839 1.25711e-05
840 1.27795e-05
841 1.29816e-05
842 1.31774e-05
843 1.33668e-05
844 1.35501e-05
845 1.37274e-05
846 1.38993e-05
847 1.4066e-05
848 1.42282e-05
849 1.43867e-05
850 1.45422e-05
851 1.46957e-05
852 1.48484e-05
853 1.50016e-05
854 1.51568e-05
855 1.53156e-05
856 1.54798e-05
857 1.56516e-05
858 1.58331e-05
859 1.60268e-05
860 1.62355e-05
861 1.6462e-05
862 1.67094e-05
863 1.69813e-05
864 1.72813e-05
865 1.76134e-05
866 1.79817e-05
867 1.83908e-05
868 1.88456e-05
869 1.9351e-05
870 1.99125e-05
871 2.05359e-05
872 2.12273e-05
873 2.19929e-05
874 2.28396e-05
875 2.37744e-05
876 2.48048e-05
877 2.59385e-05
878 2.71838e-05
879 2.8549e-05
880 3.00432e-05
881 3.16756e-05
882 3.34558e-05
883 3.5394e-05
884 3.75005e-05
885 3.97863e-05
886 4.22625e-05
887 4.49407e-05
888 4.78332e-05
889 5.09522e-05
890 5.43107e-05
891 5.7922e-05
892 6.17997e-05
893 6.5958e-05
894 7.04115e-05
895 7.5175e-05
896 8.02639e-05
897 8.56941e-05
898 9.14817e-05
899 9.76434e-05
900 0.000104196
901 0.000111158
902 0.000118546
903 0.000126378
904 0.000134674
905 0.000143453
906 0.000152734
907 0.000162538
908 0.000172883
909 0.000183793
910 0.000195286
911 0.000207386
912 0.000220114
913 0.000233493
914 0.000247545
915 0.000262293
916 0.000277762
917 0.000293975
918 0.000310957
919 0.000328732
920 0.000347325
921 0.000366763
922 0.000387071
923 0.000408275
924 0.000430402
925 0.000453479
926 0.000477533
927 0.000502593
928 0.000528686
929 0.000555841
930 0.000584086
931 0.000613451
932 0.000643965
933 0.000675658
934 0.00070856
935 0.000742702
936 0.000778114
937 0.000814827
938 0.000852873
939 0.000892283
940 0.000933089
941 0.000975324
942 0.00101902
943 0.00106421
944 0.00111092
945 0.00115919
946 0.00120906
947 0.00126054
948 0.00131369
949 0.00136853
950 0.0014251
951 0.00148342
952 0.00154354
953 0.00160549
954 0.0016693
955 0.001735
956 0.00180263
957 0.00187223
958 0.00194382
959 0.00201744
960 0.00209313
961 0.00217091
962 0.00225083
963 0.0023329
964 0.00241717
965 0.00250366
966 0.00259242
967 0.00268346
968 0.00277683
969 0.00287254
970 0.00297064
971 0.00307114
972 0.00317408
973 0.00327948
974 0.00338738
975 0.0034978
976 0.00361075
977 0.00372628
978 0.00384439
979 0.00396511
980 0.00408847
981 0.00421448
982 0.00434316
983 0.00447453
984 0.0046086
985 0.00474539
986 0.00488491
987 0.00502717
988 0.00517219
989 0.00531996
990 0.0054705
991 0.00562381
992 0.00577989
993 0.00593875
994 0.00610037
995 0.00626477
996 0.00643193
997 0.00660184
998 0.00677449
999 0.00694988
1000 0.00712798
1001 0.00730878
1002 0.00749226
1003 0.0076784
1004 0.00786717
1005 0.00805854
1006 0.00825249
1007 0.00844898
1008 0.00864797
1009 0.00884943
1010 0.00905332
1011 0.00925959
1012 0.00946819
1013 0.00967907
1014 0.00989218
1015 0.0101075
1016 0.0103249
1017 0.0105443
1018 0.0107658
1019 0.0109891
1020 0.0112143
1021 0.0114413
1022 0.01167
1023 0.0119003
1024 0.0121321
1025 0.0123654
1026 0.0126
1027 0.0128359
1028 0.013073
1029 0.0133112
1030 0.0135503
1031 0.0137903
1032 0.014031
1033 0.0142724
1034 0.0145144
1035 0.0147567
1036 0.0149994
1037 0.0152423
1038 0.0154853
1039 0.0157282
1040 0.0159709
1041 0.0162134
1042 0.0164554
1043 0.0166968
1044 0.0169376
1045 0.0171775
1046 0.0174164
1047 0.0176543
1048 0.0178909
1049 0.0181262
1050 0.0183599
1051 0.018592
1052 0.0188223
1053 0.0190506
1054 0.0192769
1055 0.0195009
1056 0.0197226
1057 0.0199417
1058 0.0201582
1059 0.0203719
1060 0.0205827
1061 0.0207903
1062 0.0209948
1063 0.0211959
1064 0.0213935
1065 0.0215875
1066 0.0217777
1067 0.021964
1068 0.0221462
1069 0.0223243
1070 0.0224981
1071 0.0226675
1072 0.0228324
1073 0.0229926
1074 0.023148
1075 0.0232985
1076 0.0234439
1077 0.0235843
1078 0.0237195
1079 0.0238493
1080 0.0239737
1081 0.0240925
1082 0.0242058
1083 0.0243133
1084 0.0244151
1085 0.024511
1086 0.024601
1087 0.0246849
1088 0.0247628
1089 0.0248345
1090 0.0249
1091 0.0249593
1092 0.0250122
1093 0.0250589
1094 0.0250991
1095 0.0251329
1096 0.0251603
1097 0.0251812
1098 0.0251956
1099 0.0252035
1100 0.0252049
1101 0.0251998
1102 0.0251882
1103 0.02517
1104 0.0251454
1105 0.0251143
1106 0.0250767
1107 0.0250327
1108 0.0249823
1109 0.0249255
1110 0.0248625
1111 0.0247931
1112 0.0247175
1113 0.0246358
1114 0.0245479
1115 0.024454
1116 0.0243541
1117 0.0242484
1118 0.0241368
1119 0.0240195
1120 0.0238965
1121 0.023768
1122 0.023634
1123 0.0234947
1124 0.0233501
1125 0.0232003
1126 0.0230455
1127 0.0228858
1128 0.0227212
1129 0.0225519
1130 0.0223781
1131 0.0221998
1132 0.0220172
1133 0.0218304
1134 0.0216395
1135 0.0214447
1136 0.0212461
1137 0.0210438
1138 0.0208381
1139 0.0206289
1140 0.0204165
1141 0.020201
1142 0.0199826
1143 0.0197613
1144 0.0195374
1145 0.0193109
1146 0.0190821
1147 0.0188511
1148 0.018618
1149 0.018383
1150 0.0181462
1151 0.0179077
1152 0.0176677
1153 0.0174264
1154 0.0171839
1155 0.0169404
1156 0.0166959
1157 0.0164506
1158 0.0162046
1159 0.0159582
1160 0.0157114
1161 0.0154644
1162 0.0152172
1163 0.0149701
1164 0.0147231
1165 0.0144764
1166 0.0142301
1167 0.0139843
1168 0.0137392
1169 0.0134948
1170 0.0132513
1171 0.0130088
1172 0.0127673
1173 0.0125271
1174 0.0122882
1175 0.0120506
1176 0.0118145
1177 0.0115801
1178 0.0113473
1179 0.0111162
1180 0.010887
1181 0.0106598
1182 0.0104345
1183 0.0102113
1184 0.00999032
1185 0.00977152
1186 0.00955501
1187 0.00934084
1188 0.00912908
1189 0.00891977
1190 0.00871299
1191 0.00850876
1192 0.00830715
1193 0.00810819
1194 0.00791191
1195 0.00771837
1196 0.00752759
1197 0.0073396
1198 0.00715444
1199 0.00697211
1200 0.00679266
1201 0.00661609
1202 0.00644243
1203 0.00627168
1204 0.00610386
1205 0.00593898
1206 0.00577704
1207 0.00561805
1208 0.005462
1209 0.00530891
1210 0.00515875
1211 0.00501154
1212 0.00486725
1213 0.00472588
1214 0.00458742
1215 0.00445186
1216 0.00431918
1217 0.00418936
1218 0.00406238
1219 0.00393822
1220 0.00381687
1221 0.00369829
1222 0.00358246
1223 0.00346935
1224 0.00335894
1225 0.0032512
1226 0.0031461
1227 0.00304361
1228 0.00294368
1229 0.0028463
1230 0.00275143
1231 0.00265903
1232 0.00256906
1233 0.0024815
1234 0.0023963
1235 0.00231342
1236 0.00223283
1237 0.00215449
1238 0.00207836
1239 0.0020044
1240 0.00193257
1241 0.00186284
1242 0.00179516
1243 0.00172949
1244 0.00166579
1245 0.00160402
1246 0.00154414
1247 0.00148612
1248 0.0014299
1249 0.00137546
1250 0.00132275
1251 0.00127173
1252 0.00122236
1253 0.00117461
1254 0.00112843
1255 0.00108379
1256 0.00104065
1257 0.000998963
1258 0.000958702
1259 0.000919826
1260 0.0008823
1261 0.000846088
1262 0.000811153
1263 0.00077746
1264 0.000744975
1265 0.000713664
1266 0.000683494
1267 0.00065443
1268 0.000626442
1269 0.000599496
1270 0.000573562
1271 0.000548609
1272 0.000524607
1273 0.000501526
1274 0.000479337
1275 0.000458013
1276 0.000437525
1277 0.000417846
1278 0.000398949
1279 0.00038081
1280 0.000363402
1281 0.0003467
1282 0.000330682
1283 0.000315322
1284 0.000300599
1285 0.00028649
1286 0.000272973
1287 0.000260026
1288 0.000247631
1289 0.000235765
1290 0.000224411
1291 0.000213548
1292 0.00020316
1293 0.000193227
1294 0.000183732
1295 0.000174659
1296 0.000165992
1297 0.000157714
1298 0.00014981
1299 0.000142266
1300 0.000135068
1301 0.0001282
1302 0.000121651
1303 0.000115406
1304 0.000109454
1305 0.000103782
1306 9.8379e-05
1307 9.32332e-05
1308 8.83339e-05
1309 8.36705e-05
1310 7.9233e-05
1311 7.50115e-05
1312 7.09967e-05
1313 6.71796e-05
1314 6.35514e-05
1315 6.01036e-05
1316 5.68284e-05
1317 5.37178e-05
1318 5.07645e-05
1319 4.79612e-05
1320 4.53011e-05
1321 4.27775e-05
1322 4.03842e-05
1323 3.8115e-05
1324 3.5964e-05
1325 3.39258e-05
1326 3.19949e-05
1327 3.01661e-05
1328 2.84346e-05
1329 2.67956e-05
1330 2.52446e-05
1331 2.37773e-05
1332 2.23896e-05
1333 2.10774e-05
1334 1.98371e-05
1335 1.8665e-05
1336 1.75576e-05
1337 1.65118e-05
1338 1.55242e-05
1339 1.45921e-05
1340 1.37123e-05
1341 1.28824e-05
1342 1.20996e-05
1343 1.13614e-05
1344 1.06656e-05
1345 1.00098e-05
1346 9.39198e-06
1347 8.81004e-06
1348 8.26206e-06
1349 7.74619e-06
1350 7.26068e-06
1351 6.80388e-06
1352 6.37421e-06
1353 5.97015e-06
1354 5.59029e-06
1355 5.23327e-06
1356 4.89781e-06
1357 4.5827e-06
1358 4.28677e-06
1359 4.00894e-06
1360 3.74817e-06
1361 3.50348e-06
1362 3.27394e-06
1363 3.05866e-06
1364 2.85682e-06
1365 2.66763e-06
1366 2.49033e-06
1367 2.32424e-06
1368 2.16868e-06
1369 2.02302e-06
1370 1.88667e-06
1371 1.75907e-06
1372 1.63968e-06
1373 1.52802e-06
1374 1.4236e-06
1375 1.32599e-06
1376 1.23476e-06
1377 1.14951e-06
1378 1.06989e-06
1379 9.95528e-07
1380 9.26105e-07
1381 8.61307e-07
1382 8.00843e-07
1383 7.44438e-07
1384 6.91832e-07
1385 6.42782e-07
1386 5.97061e-07
1387 5.54454e-07
1388 5.14758e-07
1389 4.77785e-07
1390 4.43357e-07
1391 4.11307e-07
1392 3.81479e-07
1393 3.53725e-07
1394 3.27909e-07
1395 3.03901e-07
1396 2.81581e-07
1397 2.60834e-07
1398 2.41556e-07
1399 2.23647e-07
1400 2.07015e-07
1401 1.91571e-07
1402 1.77235e-07
1403 1.63931e-07
1404 1.51588e-07
1405 1.40139e-07
1406 1.29523e-07
1407 1.19681e-07
1408 1.10559e-07
1409 1.02107e-07
1410 9.42779e-08
1411 8.70272e-08
1412 8.0314e-08
1413 7.41002e-08
1414 6.83501e-08
1415 6.30305e-08
1416 5.81103e-08
1417 5.35609e-08
1418 4.93554e-08
1419 4.54687e-08
1420 4.18776e-08
1421 3.85605e-08
1422 3.54973e-08
1423 3.26693e-08
1424 3.00591e-08
1425 2.76505e-08
1426 2.54286e-08
1427 2.33794e-08
1428 2.149e-08
1429 1.97484e-08
1430 1.81434e-08
1431 1.66646e-08
1432 1.53026e-08
1433 1.40484e-08
1434 1.28938e-08
1435 1.18311e-08
1436 1.08534e-08
1437 9.9539e-09
1438 9.12672e-09
1439 8.3662e-09
1440 7.66714e-09
1441 7.02475e-09
1442 6.43458e-09
1443 5.89254e-09
1444 5.39481e-09
1445 4.9379e-09
1446 4.51857e-09
1447 4.13382e-09
1448 3.7809e-09
1449 3.45725e-09
1450 3.16053e-09
1451 2.88855e-09
1452 2.63933e-09
1453 2.41101e-09
1454 2.2019e-09
1455 2.01043e-09
1456 1.83516e-09
1457 1.67475e-09
1458 1.52799e-09
1459 1.39375e-09
1460 1.27098e-09
1461 1.15875e-09
1462 1.05617e-09
1463 9.62426e-10
1464 8.7679e-10
1465 7.98579e-10
1466 7.27165e-10
1467 6.61975e-10
1468 6.02481e-10
1469 5.48199e-10
1470 4.98686e-10
1471 4.53534e-10
1472 4.12368e-10
1473 3.74848e-10
1474 3.40658e-10
1475 3.0951e-10
1476 2.81142e-10
1477 2.55311e-10
1478 2.31797e-10
1479 2.10397e-10
1480 1.90925e-10
1481 1.73214e-10
1482 1.57107e-10
1483 1.42463e-10
1484 1.29153e-10
1485 1.17057e-10
1486 1.06068e-10
1487 9.60879e-11
1488 8.70252e-11
1489 7.87979e-11
1490 7.13311e-11
1491 6.4556e-11
1492 5.84102e-11
1493 5.28365e-11
1494 4.77831e-11
1495 4.32024e-11
1496 3.90512e-11
1497 3.52904e-11
1498 3.18839e-11
1499 2.87992e-11
1500 2.60066e-11
1501 2.34791e-11
1502 2.1192e-11
1503 1.9123e-11
1504 1.72518e-11
1505 1.55599e-11
1506 1.40306e-11
1507 1.26484e-11
1508 1.13996e-11
1509 1.02716e-11
1510 9.25295e-12
1511 8.33328e-12
1512 7.50319e-12
1513 6.75414e-12
1514 6.07838e-12
1515 5.4689e-12
1516 4.91933e-12
1517 4.4239e-12
1518 3.9774e-12
1519 3.57509e-12
1520 3.21269e-12
1521 2.88632e-12
1522 2.59248e-12
1523 2.32798e-12
1524 2.08996e-12
1525 1.87581e-12
1526 1.6832e-12
1527 1.51e-12
1528 1.35429e-12
1529 1.21434e-12
1530 1.08859e-12
1531 9.75623e-13
1532 8.74166e-13
1533 7.8307e-13
1534 7.01297e-13
1535 6.2791e-13
1536 5.62066e-13
1537 5.03005e-13
1538 4.5004e-13
1539 4.02555e-13
1540 3.59993e-13
1541 3.21853e-13
1542 2.87684e-13
1543 2.5708e-13
1544 2.29676e-13
1545 2.05144e-13
1546 1.83188e-13
1547 1.63542e-13
1548 1.45968e-13
1549 1.3025e-13
1550 1.16198e-13
1551 1.03636e-13
1552 9.24098e-14
1553 8.23799e-14
1554 7.34209e-14
1555 6.54205e-14
1556 5.82777e-14
1557 5.19024e-14
1558 4.62133e-14
1559 4.11379e-14
1560 3.66111e-14
1561 3.25745e-14
1562 2.89761e-14
1563 2.57689e-14
1564 2.29112e-14
1565 2.03656e-14
1566 1.80984e-14
1567 1.60797e-14
1568 1.42828e-14
1569 1.26836e-14
1570 1.12607e-14
1571 9.99512e-15
1572 8.8696e-15
1573 7.86893e-15
1574 6.97948e-15
1575 6.18908e-15
1576 5.48686e-15
1577 4.86315e-15
1578 4.3093e-15
1579 3.81761e-15
1580 3.38121e-15
1581 2.99397e-15
1582 2.65045e-15
1583 2.34577e-15
1584 2.07562e-15
1585 1.83614e-15
1586 1.6239e-15
1587 1.43584e-15
1588 1.26926e-15
1589 1.12174e-15
1590 9.91119e-16
1591 8.755e-16
1592 7.73182e-16
1593 6.82658e-16
1594 6.02588e-16
1595 5.31781e-16
1596 4.69181e-16
1597 4.13851e-16
1598 3.64958e-16
1599 3.21763e-16
1600 2.83613e-16
1601 2.49926e-16
1602 2.20188e-16
1603 1.93941e-16
1604 1.70782e-16
1605 1.50352e-16
1606 1.32334e-16
1607 1.16448e-16
1608 1.02444e-16
1609 9.01026e-17
1610 7.92289e-17
1611 6.96507e-17
1612 6.12158e-17
1613 5.37894e-17
1614 4.72527e-17
1615 4.15004e-17
1616 3.64396e-17
1617 3.19883e-17
1618 2.8074e-17
1619 2.46328e-17
1620 2.16082e-17
1621 1.89505e-17
1622 1.66157e-17
1623 1.45651e-17
1624 1.27645e-17
1625 1.11838e-17
1626 9.79653e-18
1627 8.57929e-18
1628 7.5115e-18
1629 6.57504e-18
1630 5.75395e-18
1631 5.0342e-18
1632 4.40343e-18
1633 3.85078e-18
1634 3.36669e-18
1635 2.94275e-18
1636 2.57158e-18
1637 2.24669e-18
1638 1.96238e-18
1639 1.71364e-18
1640 1.49607e-18
1641 1.30581e-18
1642 1.13948e-18
1643 9.941e-19
1644 8.6706e-19
1645 7.56075e-19
1646 6.59139e-19
1647 5.74494e-19
1648 5.006e-19
1649 4.36107e-19
1650 3.79832e-19
1651 3.3074e-19
1652 2.87924e-19
1653 2.50591e-19
1654 2.18047e-19
1655 1.89684e-19
1656 1.64972e-19
1657 1.43444e-19
1658 1.24696e-19
1659 1.08373e-19
1660 9.41638e-20
1661 8.17982e-20
1662 7.10395e-20
1663 6.16812e-20
1664 5.35429e-20
1665 4.64673e-20
1666 4.03171e-20
1667 3.49726e-20
1668 3.03293e-20
1669 2.62963e-20
1670 2.27941e-20
1671 1.97536e-20
1672 1.71146e-20
1673 1.48246e-20
1674 1.2838e-20
1675 1.11149e-20
1676 9.62084e-21
1677 8.3256e-21
1678 7.20302e-21
1679 6.23032e-21
1680 5.38769e-21
1681 4.65791e-21
1682 4.02603e-21
1683 3.47903e-21
1684 3.00564e-21
1685 2.59604e-21
1686 2.24173e-21
1687 1.93532e-21
1688 1.67039e-21
1689 1.44138e-21
1690 1.24348e-21
1691 1.07249e-21
1692 9.24794e-22
1693 7.97249e-22
1694 6.87131e-22
1695 5.92082e-22
1696 5.1006e-22
1697 4.39297e-22
1698 3.78261e-22
1699 3.25628e-22
1700 2.80252e-22
1701 2.41142e-22
1702 2.07441e-22
1703 1.78408e-22
1704 1.53401e-22
1705 1.31869e-22
1706 1.13332e-22
1707 9.73774e-23
1708 8.36492e-23
1709 7.18394e-23
1710 6.16824e-23
1711 5.29488e-23
1712 4.54411e-23
1713 3.89887e-23
1714 3.34446e-23
1715 2.8682e-23
1716 2.45918e-23
1717 2.10799e-23
1718 1.80652e-23
1719 1.54781e-23
1720 1.32582e-23
1721 1.13541e-23
1722 9.72112e-24
1723 8.32103e-24
1724 7.1209e-24
1725 6.09242e-24
1726 5.21125e-24
1727 4.45647e-24
1728 3.81011e-24
1729 3.25672e-24
1730 2.78304e-24
1731 2.3777e-24
1732 2.03091e-24
1733 1.73429e-24
1734 1.48064e-24
1735 1.26379e-24
1736 1.07844e-24
1737 9.20054e-25
1738 7.84745e-25
1739 6.69176e-25
1740 5.70491e-25
1741 4.86245e-25
1742 4.1434e-25
1743 3.52985e-25
1744 3.00644e-25
1745 2.56003e-25
1746 2.17939e-25
1747 1.85491e-25
1748 1.57836e-25
1749 1.34272e-25
1750 1.14199e-25
1751 9.71039e-26
1752 8.25482e-26
1753 7.01577e-26
1754 5.96128e-26
1755 5.06409e-26
1756 4.3009e-26
1757 3.65187e-26
1758 3.10004e-26
1759 2.63097e-26
1760 2.23235e-26
1761 1.89368e-26
1762 1.606e-26
1763 1.36171e-26
1764 1.1543e-26
1765 9.7825e-27
1766 8.28855e-27
1767 7.02109e-27
1768 5.94603e-27
1769 5.0344e-27
1770 4.26152e-27
1771 3.60645e-27
1772 3.05135e-27
1773 2.58107e-27
1774 2.18276e-27
1775 1.84548e-27
1776 1.55995e-27
1777 1.31829e-27
1778 1.11379e-27
1779 9.40801e-28
1780 7.94489e-28
1781 6.70772e-28
1782 5.66187e-28
1783 4.77795e-28
1784 4.03107e-28
1785 3.40014e-28
1786 2.86728e-28
1787 2.41736e-28
1788 2.03756e-28
1789 1.71702e-28
1790 1.44656e-28
1791 1.21842e-28
1792 1.02602e-28
1793 8.63791e-29
1794 7.27042e-29
1795 6.11798e-29
1796 5.14699e-29
1797 4.32908e-29
1798 3.64028e-29
1799 3.06035e-29
1800 2.5722e-29
1801 2.1614e-29
1802 1.81578e-29
1803 1.52506e-29
1804 1.28058e-29
1805 1.07504e-29
1806 9.02276e-30
1807 7.57096e-30
1808 6.35125e-30
1809 5.32677e-30
1810 4.46648e-30
1811 3.74424e-30
1812 3.13804e-30
1813 2.62936e-30
1814 2.20262e-30
1815 1.84469e-30
1816 1.54456e-30
1817 1.29296e-30
1818 1.08208e-30
1819 9.05381e-31
1820 7.57355e-31
1821 6.3338e-31
1822 5.29574e-31
1823 4.42675e-31
1824 3.69947e-31
1825 3.09095e-31
1826 2.5819e-31
1827 2.15618e-31
1828 1.80023e-31
1829 1.50268e-31
1830 1.25401e-31
1831 1.04625e-31
1832 8.72695e-32
1833 7.2776e-32
1834 6.06751e-32
1835 5.05743e-32
1836 4.2145e-32
1837 3.51123e-32
1838 2.92462e-32
1839 2.43543e-32
1840 2.02759e-32
1841 1.68764e-32
1842 1.40436e-32
1843 1.16835e-32
1844 9.71771e-33
1845 8.08076e-33
1846 6.71796e-33
1847 5.58367e-33
1848 4.6398e-33
1849 3.85456e-33
1850 3.20146e-33
1851 2.65839e-33
1852 2.20691e-33
1853 1.83168e-33
1854 1.51988e-33
1855 1.26086e-33
1856 1.04573e-33
1857 8.67106e-34
1858 7.1882e-34
1859 5.95751e-34
1860 4.93636e-34
1861 4.08926e-34
1862 3.38672e-34
1863 2.80421e-34
1864 2.32134e-34
1865 1.92116e-34
1866 1.58959e-34
1867 1.31493e-34
1868 1.08747e-34
1869 8.99139e-35
1870 7.43248e-35
1871 6.14238e-35
1872 5.075e-35
1873 4.1921e-35
1874 3.46197e-35
1875 2.85832e-35
1876 2.35937e-35
1877 1.94704e-35
1878 1.60639e-35
1879 1.32503e-35
1880 1.09268e-35
1881 9.0086e-36
1882 7.42536e-36
1883 6.1189e-36
1884 5.0411e-36
1885 4.15215e-36
1886 3.41914e-36
1887 2.81486e-36
1888 2.31682e-36
1889 1.90644e-36
1890 1.56838e-36
1891 1.28995e-36
1892 1.0607e-36
1893 8.71978e-37
1894 7.16664e-37
1895 5.88873e-37
1896 4.83753e-37
1897 3.97302e-37
1898 3.26222e-37
1899 2.67795e-37
1900 2.1978e-37
1901 1.8033e-37
1902 1.47926e-37
1903 1.21316e-37
1904 9.94685e-38
1905 8.1536e-38
1906 6.68205e-38
1907 5.47476e-38
1908 4.48453e-38
1909 3.67252e-38
1910 3.00682e-38
1911 2.4612e-38
1912 2.01411e-38
1913 1.64784e-38
1914 1.34785e-38
1915 1.10221e-38
1916 9.01122e-39
1917 7.36544e-39
1918 6.0188e-39
1919 4.91718e-39
1920 4.01623e-39
1921 3.27958e-39
1922 2.67739e-39
1923 2.18526e-39
1924 1.78315e-39
1925 1.45469e-39
1926 1.18644e-39
1927 9.67432e-40
1928 7.88659e-40
1929 6.42767e-40
1930 5.23738e-40
1931 4.26648e-40
1932 3.47472e-40
1933 2.82922e-40
1934 2.30308e-40
1935 1.87433e-40
1936 1.52503e-40
1937 1.24052e-40
1938 1.00885e-40
1939 8.20248e-41
1940 6.66742e-41
1941 5.41833e-41
1942 4.40218e-41
1943 3.57573e-41
1944 2.90373e-41
1945 2.35745e-41
1946 1.91348e-41
1947 1.55274e-41
1948 1.25971e-41
1949 1.02173e-41
1950 8.28501e-42
1951 6.71655e-42
1952 5.44369e-42
1953 4.41098e-42
1954 3.57331e-42
1955 2.89402e-42
1956 2.34328e-42
1957 1.89689e-42
1958 1.53516e-42
1959 1.24211e-42
1960 1.00475e-42
1961 8.12556e-43
1962 6.56963e-43
1963 5.31034e-43
1964 4.29138e-43
1965 3.4671e-43
1966 2.80046e-43
1967 2.26144e-43
1968 1.82573e-43
1969 1.4736e-43
1970 1.1891e-43
1971 9.59289e-44
1972 7.73704e-44
1973 6.2387e-44
1974 5.02929e-44
1975 4.05335e-44
1976 3.26599e-44
1977 2.63093e-44
1978 2.11883e-44
1979 1.706e-44
1980 1.37327e-44
1981 1.10516e-44
1982 8.89177e-45
1983 7.1523e-45
1984 5.75171e-45
1985 4.62425e-45
1986 3.7169e-45
1987 2.98685e-45
1988 2.39961e-45
1989 1.92735e-45
1990 1.54766e-45
1991 1.24246e-45
1992 9.97203e-46
1993 8.00164e-46
1994 6.41901e-46
1995 5.14814e-46
1996 4.12787e-46
1997 3.309e-46
1998 2.65191e-46
1999 2.12479e-46
2000 1.70202e-46
2001 1.36304e-46
2002 1.0913e-46
2003 8.73523e-47
2004 6.99031e-47
2005 5.59258e-47
2006 4.47322e-47
2007 3.57701e-47
2008 2.85966e-47
2009 2.2856e-47
2010 1.82632e-47
2011 1.45898e-47
2012 1.16523e-47
2013 9.30388e-48
2014 7.42693e-48
2015 5.92715e-48
2016 4.72905e-48
2017 3.77219e-48
2018 3.00817e-48
2019 2.39829e-48
2020 1.91158e-48
2021 1.52325e-48
2022 1.2135e-48
2023 9.66484e-49
2024 7.69553e-49
2025 6.12589e-49
2026 4.87513e-49
2027 3.87872e-49
2028 3.08513e-49
2029 2.45325e-49
2030 1.95026e-49
2031 1.54997e-49
2032 1.2315e-49
2033 9.78188e-50
2034 7.76771e-50
2035 6.16664e-50
2036 4.89438e-50
2037 3.88381e-50
2038 3.08147e-50
2039 2.44485e-50
2040 1.94011e-50
2041 1.54038e-50
2042 1.22432e-50
2043 9.75034e-51
2044 7.79139e-51
2045 6.26109e-51
2046 5.07692e-51
2047 4.17487e-51
