0 1.27954e-26
1 1.0172e-26
2 7.9393e-27
3 6.05326e-27
4 4.47646e-27
5 3.17628e-27
6 2.12653e-27
7 1.30529e-27
8 6.94749e-28
9 2.81416e-28
10 5.55243e-29
11 1.08534e-29
12 1.44373e-28
13 4.56593e-28
14 9.51234e-28
15 1.63521e-27
16 2.51897e-27
17 3.6166e-27
18 4.94632e-27
19 6.52961e-27
20 8.39224e-27
21 1.05669e-26
22 1.30895e-26
23 1.60022e-26
24 1.93557e-26
25 2.32054e-26
26 2.76152e-26
27 3.26641e-26
28 3.84362e-26
29 4.50235e-26
30 5.25439e-26
31 6.11227e-26
32 7.0905e-26
33 8.20521e-26
34 9.47451e-26
35 1.09212e-25
36 1.25684e-25
37 1.44433e-25
38 1.65773e-25
39 1.90052e-25
40 2.17674e-25
41 2.49092e-25
42 2.8483e-25
43 3.25462e-25
44 3.71651e-25
45 4.24147e-25
46 4.838e-25
47 5.51574e-25
48 6.28561e-25
49 7.15997e-25
50 8.15265e-25
51 9.27954e-25
52 1.05588e-24
53 1.20106e-24
54 1.36573e-24
55 1.55254e-24
56 1.76443e-24
57 2.00467e-24
58 2.277e-24
59 2.58568e-24
60 2.93547e-24
61 3.33177e-24
62 3.7807e-24
63 4.28909e-24
64 4.86468e-24
65 5.51633e-24
66 6.25384e-24
67 7.08842e-24
68 8.03259e-24
69 9.10064e-24
70 1.03085e-23
71 1.1674e-23
72 1.32177e-23
73 1.49623e-23
74 1.69337e-23
75 1.9161e-23
76 2.16765e-23
77 2.45172e-23
78 2.77246e-23
79 3.13452e-23
80 3.54313e-23
81 4.00418e-23
82 4.5243e-23
83 5.11095e-23
84 5.77246e-23
85 6.51829e-23
86 7.35901e-23
87 8.30646e-23
88 9.37399e-23
89 1.05766e-22
90 1.1931e-22
91 1.34562e-22
92 1.51732e-22
93 1.7106e-22
94 1.9281e-22
95 2.17282e-22
96 2.44809e-22
97 2.75769e-22
98 3.10581e-22
99 3.49716e-22
100 3.93704e-22
101 4.43135e-22
102 4.9867e-22
103 5.61052e-22
104 6.31111e-22
105 7.09773e-22
106 7.98078e-22
107 8.97189e-22
108 1.0084e-21
109 1.13317e-21
110 1.27313e-21
111 1.43007e-21
112 1.60604e-21
113 1.80329e-21
114 2.02437e-21
115 2.27209e-21
116 2.5496e-21
117 2.86044e-21
118 3.20852e-21
119 3.59823e-21
120 4.03447e-21
121 4.52268e-21
122 5.06895e-21
123 5.68006e-21
124 6.36357e-21
125 7.1279e-21
126 7.98243e-21
127 8.93761e-21
128 1.00051e-20
129 1.11978e-20
130 1.25302e-20
131 1.40184e-20
132 1.56801e-20
133 1.75354e-20
134 1.96062e-20
135 2.19172e-20
136 2.44958e-20
137 2.73722e-20
138 3.05803e-20
139 3.41576e-20
140 3.81457e-20
141 4.25909e-20
142 4.75447e-20
143 5.30642e-20
144 5.92125e-20
145 6.606e-20
146 7.36847e-20
147 8.2173e-20
148 9.16208e-20
149 1.02134e-19
150 1.13832e-19
151 1.26843e-19
152 1.41314e-19
153 1.57404e-19
154 1.75291e-19
155 1.95171e-19
156 2.17262e-19
157 2.41806e-19
158 2.69068e-19
159 2.99343e-19
160 3.32959e-19
161 3.70275e-19
162 4.11691e-19
163 4.57647e-19
164 5.08632e-19
165 5.65183e-19
166 6.27896e-19
167 6.97428e-19
168 7.74506e-19
169 8.5993e-19
170 9.54585e-19
171 1.05945e-18
172 1.1756e-18
173 1.30422e-18
174 1.44662e-18
175 1.60426e-18
176 1.77872e-18
177 1.97176e-18
178 2.18532e-18
179 2.42153e-18
180 2.68275e-18
181 2.97155e-18
182 3.29079e-18
183 3.64361e-18
184 4.03347e-18
185 4.46416e-18
186 4.93986e-18
187 5.46518e-18
188 6.04518e-18
189 6.68541e-18
190 7.392e-18
191 8.17166e-18
192 9.03177e-18
193 9.98046e-18
194 1.10266e-17
195 1.21801e-17
196 1.34515e-17
197 1.48527e-17
198 1.63967e-17
199 1.80976e-17
200 1.9971e-17
201 2.20339e-17
202 2.43052e-17
203 2.68053e-17
204 2.95567e-17
205 3.25841e-17
206 3.59144e-17
207 3.95773e-17
208 4.36052e-17
209 4.80334e-17
210 5.29008e-17
211 5.82498e-17
212 6.4127e-17
213 7.05832e-17
214 7.76739e-17
215 8.546e-17
216 9.4008e-17
217 1.0339e-16
218 1.13687e-16
219 1.24983e-16
220 1.37376e-16
221 1.50967e-16
222 1.65869e-16
223 1.82207e-16
224 2.00115e-16
225 2.1974e-16
226 2.41241e-16
227 2.64795e-16
228 2.90591e-16
229 3.18837e-16
230 3.49761e-16
231 3.83609e-16
232 4.20651e-16
233 4.6118e-16
234 5.05515e-16
235 5.54005e-16
236 6.07029e-16
237 6.64998e-16
238 7.28362e-16
239 7.9761e-16
240 8.73272e-16
241 9.55928e-16
242 1.0462e-15
243 1.14479e-15
244 1.25241e-15
245 1.3699e-15
246 1.49811e-15
247 1.63801e-15
248 1.79063e-15
249 1.95708e-15
250 2.1386e-15
251 2.3365e-15
252 2.55223e-15
253 2.78732e-15
254 3.04349e-15
255 3.32254e-15
256 3.62648e-15
257 3.95746e-15
258 4.3178e-15
259 4.71002e-15
260 5.13688e-15
261 5.60132e-15
262 6.10655e-15
263 6.65605e-15
264 7.25358e-15
265 7.90319e-15
266 8.60929e-15
267 9.37663e-15
268 1.02104e-14
269 1.1116e-14
270 1.20996e-14
271 1.31677e-14
272 1.43272e-14
273 1.55858e-14
274 1.69516e-14
275 1.84335e-14
276 2.0041e-14
277 2.17844e-14
278 2.36749e-14
279 2.57244e-14
280 2.79459e-14
281 3.03533e-14
282 3.29618e-14
283 3.57875e-14
284 3.88479e-14
285 4.21619e-14
286 4.57498e-14
287 4.96336e-14
288 5.38367e-14
289 5.83847e-14
290 6.33048e-14
291 6.86264e-14
292 7.43813e-14
293 8.06036e-14
294 8.73299e-14
295 9.45996e-14
296 1.02455e-13
297 1.10942e-13
298 1.2011e-13
299 1.3001e-13
300 1.407e-13
301 1.52241e-13
302 1.64697e-13
303 1.78139e-13
304 1.92641e-13
305 2.08285e-13
306 2.25157e-13
307 2.4335e-13
308 2.62963e-13
309 2.84103e-13
310 3.06884e-13
311 3.31428e-13
312 3.57868e-13
313 3.86342e-13
314 4.17003e-13
315 4.5001e-13
316 4.85537e-13
317 5.23767e-13
318 5.64898e-13
319 6.09142e-13
320 6.56723e-13
321 7.07883e-13
322 7.6288e-13
323 8.21989e-13
324 8.85506e-13
325 9.53745e-13
326 1.02704e-12
327 1.10575e-12
328 1.19027e-12
329 1.28099e-12
330 1.37836e-12
331 1.48284e-12
332 1.59492e-12
333 1.71515e-12
334 1.84408e-12
335 1.98232e-12
336 2.13051e-12
337 2.28933e-12
338 2.45953e-12
339 2.64187e-12
340 2.83718e-12
341 3.04636e-12
342 3.27033e-12
343 3.51012e-12
344 3.76677e-12
345 4.04143e-12
346 4.33531e-12
347 4.6497e-12
348 4.98596e-12
349 5.34555e-12
350 5.73002e-12
351 6.14102e-12
352 6.5803e-12
353 7.04971e-12
354 7.55124e-12
355 8.08698e-12
356 8.65917e-12
357 9.27016e-12
358 9.92247e-12
359 1.06188e-11
360 1.13619e-11
361 1.21548e-11
362 1.30007e-11
363 1.3903e-11
364 1.48651e-11
365 1.5891e-11
366 1.69846e-11
367 1.81502e-11
368 1.93921e-11
369 2.07153e-11
370 2.21246e-11
371 2.36255e-11
372 2.52235e-11
373 2.69245e-11
374 2.87349e-11
375 3.06612e-11
376 3.27104e-11
377 3.489e-11
378 3.72077e-11
379 3.96717e-11
380 4.22907e-11
381 4.5074e-11
382 4.80311e-11
383 5.11723e-11
384 5.45082e-11
385 5.80503e-11
386 6.18104e-11
387 6.58011e-11
388 7.00358e-11
389 7.45283e-11
390 7.92934e-11
391 8.43467e-11
392 8.97043e-11
393 9.53836e-11
394 1.01403e-10
395 1.07781e-10
396 1.14537e-10
397 1.21694e-10
398 1.29273e-10
399 1.37298e-10
400 1.45793e-10
401 1.54785e-10
402 1.643e-10
403 1.74367e-10
404 1.85017e-10
405 1.96281e-10
406 2.08193e-10
407 2.20788e-10
408 2.34103e-10
409 2.48176e-10
410 2.63048e-10
411 2.78762e-10
412 2.95364e-10
413 3.129e-10
414 3.31419e-10
415 3.50975e-10
416 3.71621e-10
417 3.93416e-10
418 4.16417e-10
419 4.4069e-10
420 4.66299e-10
421 4.93314e-10
422 5.21806e-10
423 5.51852e-10
424 5.8353e-10
425 6.16924e-10
426 6.52119e-10
427 6.89206e-10
428 7.28278e-10
429 7.69436e-10
430 8.1278e-10
431 8.58418e-10
432 9.06461e-10
433 9.57027e-10
434 1.01024e-09
435 1.06621e-09
436 1.12509e-09
437 1.187e-09
438 1.2521e-09
439 1.32051e-09
440 1.39241e-09
441 1.46795e-09
442 1.54729e-09
443 1.6306e-09
444 1.71807e-09
445 1.80988e-09
446 1.90622e-09
447 2.00729e-09
448 2.1133e-09
449 2.22446e-09
450 2.341e-09
451 2.46314e-09
452 2.59112e-09
453 2.7252e-09
454 2.86563e-09
455 3.01268e-09
456 3.16662e-09
457 3.32775e-09
458 3.49637e-09
459 3.67278e-09
460 3.8573e-09
461 4.05028e-09
462 4.25206e-09
463 4.463e-09
464 4.68347e-09
465 4.91388e-09
466 5.15462e-09
467 5.40611e-09
468 5.66881e-09
469 5.94315e-09
470 6.22962e-09
471 6.52871e-09
472 6.84093e-09
473 7.16683e-09
474 7.50694e-09
475 7.86186e-09
476 8.23218e-09
477 8.61852e-09
478 9.02154e-09
479 9.44191e-09
480 9.88031e-09
481 1.03375e-08
482 1.08142e-08
483 1.13112e-08
484 1.18293e-08
485 1.23694e-08
486 1.29322e-08
487 1.35188e-08
488 1.413e-08
489 1.47668e-08
490 1.54301e-08
491 1.6121e-08
492 1.68405e-08
493 1.75897e-08
494 1.83697e-08
495 1.91816e-08
496 2.00266e-08
497 2.09058e-08
498 2.18205e-08
499 2.27719e-08
500 2.37612e-08
501 2.47898e-08
502 2.58589e-08
503 2.69699e-08
504 2.81241e-08
505 2.93229e-08
506 3.05676e-08
507 3.18597e-08
508 3.32006e-08
509 3.45916e-08
510 3.60343e-08
511 3.75301e-08
512 3.90805e-08
513 4.06868e-08
514 4.23507e-08
515 4.40735e-08
516 4.58568e-08
517 4.7702e-08
518 4.96107e-08
519 5.15844e-08
520 5.36246e-08
521 5.57327e-08
522 5.79105e-08
523 6.01593e-08
524 6.24808e-08
525 6.48765e-08
526 6.7348e-08
527 6.9897e-08
528 7.25251e-08
529 7.5234e-08
530 7.80253e-08
531 8.09009e-08
532 8.38625e-08
533 8.69121e-08
534 9.00514e-08
535 9.32826e-08
536 9.66076e-08
537 1.00029e-07
538 1.03548e-07
539 1.07168e-07
540 1.10891e-07
541 1.14719e-07
542 1.18656e-07
543 1.22704e-07
544 1.26865e-07
545 1.31144e-07
546 1.35544e-07
547 1.40068e-07
548 1.44719e-07
549 1.49501e-07
550 1.54419e-07
551 1.59476e-07
552 1.64677e-07
553 1.70026e-07
554 1.75529e-07
555 1.8119e-07
556 1.87014e-07
557 1.93007e-07
558 1.99175e-07
559 2.05522e-07
560 2.12055e-07
561 2.1878e-07
562 2.25703e-07
563 2.3283e-07
564 2.40169e-07
565 2.47725e-07
566 2.55504e-07
567 2.63515e-07
568 2.71763e-07
569 2.80254e-07
570 2.88997e-07
571 2.97996e-07
572 3.07259e-07
573 3.16792e-07
574 3.26601e-07
575 3.36691e-07
576 3.47069e-07
577 3.5774e-07
578 3.68708e-07
579 3.79978e-07
580 3.91555e-07
581 4.03442e-07
582 4.15641e-07
583 4.28156e-07
584 4.40989e-07
585 4.5414e-07
586 4.6761e-07
587 4.814e-07
588 4.95507e-07
589 5.09931e-07
590 5.24669e-07
591 5.39717e-07
592 5.55071e-07
593 5.70727e-07
594 5.86678e-07
595 6.02917e-07
596 6.19438e-07
597 6.3623e-07
598 6.53285e-07
599 6.70593e-07
600 6.88143e-07
601 7.05923e-07
602 7.2392e-07
603 7.42123e-07
604 7.60517e-07
605 7.79088e-07
606 7.97821e-07
607 8.16703e-07
608 8.35719e-07
609 8.54852e-07
610 8.74089e-07
611 8.93414e-07
612 9.12813e-07
613 9.3227e-07
614 9.51774e-07
615 9.7131e-07
616 9.90866e-07
617 1.01043e-06
618 1.02999e-06
619 1.04955e-06
620 1.06908e-06
621 1.08859e-06
622 1.10808e-06
623 1.12753e-06
624 1.14695e-06
625 1.16634e-06
626 1.18571e-06
627 1.20505e-06
628 1.22439e-06
629 1.24372e-06
630 1.26308e-06
631 1.28246e-06
632 1.30189e-06
633 1.3214e-06
634 1.34101e-06
635 1.36075e-06
636 1.38065e-06
637 1.40075e-06
638 1.42107e-06
639 1.44167e-06
640 1.46259e-06
641 1.48386e-06
642 1.50555e-06
643 1.52769e-06
644 1.55035e-06
645 1.57358e-06
646 1.59743e-06
647 1.62196e-06
648 1.64723e-06
649 1.6733e-06
650 1.70024e-06
651 1.7281e-06
652 1.75694e-06
653 1.78683e-06
654 1.81783e-06
655 1.84999e-06
656 1.88337e-06
657 1.91803e-06
658 1.95402e-06
659 1.99139e-06
660 2.03018e-06
661 2.07044e-06
662 2.1122e-06
663 2.1555e-06
664 2.20037e-06
665 2.24682e-06
666 2.29488e-06
667 2.34455e-06
668 2.39583e-06
669 2.44872e-06
670 2.50321e-06
671 2.55927e-06
672 2.61687e-06
673 2.67597e-06
674 2.73654e-06
675 2.79849e-06
676 2.86178e-06
677 2.92633e-06
678 2.99204e-06
679 3.05882e-06
680 3.12656e-06
681 3.19515e-06
682 3.26445e-06
683 3.33434e-06
684 3.40467e-06
685 3.47528e-06
686 3.546e-06
687 3.61667e-06
688 3.68709e-06
689 3.7571e-06
690 3.82647e-06
691 3.89502e-06
692 3.96254e-06
693 4.0288e-06
694 4.09359e-06
695 4.15668e-06
696 4.21785e-06
697 4.27687e-06
698 4.33351e-06
699 4.38754e-06
700 4.43873e-06
701 4.48685e-06
702 4.53167e-06
703 4.57297e-06
704 4.61054e-06
705 4.64417e-06
706 4.67365e-06
707 4.69879e-06
708 4.71941e-06
709 4.73532e-06
710 4.74637e-06
711 4.7524e-06
712 4.75329e-06
713 4.74891e-06
714 4.73915e-06
715 4.72394e-06
716 4.7032e-06
717 4.67688e-06
718 4.64496e-06
719 4.60743e-06
720 4.5643e-06
721 4.51561e-06
722 4.46142e-06
723 4.40181e-06
724 4.33689e-06
725 4.2668e-06
726 4.1917e-06
727 4.11176e-06
728 4.02719e-06
729 3.93824e-06
730 3.84516e-06
731 3.74824e-06
732 3.64779e-06
733 3.54414e-06
734 3.43766e-06
735 3.32874e-06
736 3.21777e-06
737 3.1052e-06
738 2.99147e-06
739 2.87706e-06
740 2.76246e-06
741 2.64819e-06
742 2.53478e-06
743 2.42278e-06
744 2.31274e-06
745 2.20526e-06
746 2.1009e-06
747 2.00028e-06
748 1.904e-06
749 1.81268e-06
750 1.72694e-06
751 1.64741e-06
752 1.57471e-06
753 1.50947e-06
754 1.45232e-06
755 1.40388e-06
756 1.36477e-06
757 1.33559e-06
758 1.31695e-06
759 1.30943e-06
760 1.31361e-06
761 1.33005e-06
762 1.35929e-06
763 1.40185e-06
764 1.45825e-06
765 1.52895e-06
766 1.61443e-06
767 1.7151e-06
768 1.83138e-06
769 1.96364e-06
770 2.11222e-06
771 2.27744e-06
772 2.45959e-06
773 2.65892e-06
774 2.87562e-06
775 3.1099e-06
776 3.36189e-06
777 3.6317e-06
778 3.91939e-06
779 4.22501e-06
780 4.54854e-06
781 4.88995e-06
782 5.24915e-06
783 5.62603e-06
784 6.02044e-06
785 6.43217e-06
786 6.861e-06
787 7.30667e-06
788 7.76889e-06
789 8.24731e-06
790 8.74158e-06
791 9.2513e-06
792 9.77605e-06
793 1.03154e-05
794 1.08688e-05
795 1.14358e-05
796 1.20158e-05
797 1.26084e-05
798 1.32129e-05
799 1.38287e-05
800 1.44553e-05
801 1.5092e-05
802 1.57382e-05
803 1.63934e-05
804 1.70567e-05
805 1.77276e-05
806 1.84055e-05
807 1.90898e-05
808 1.97797e-05
809 2.04746e-05
810 2.1174e-05
811 2.18773e-05
812 2.25838e-05
813 2.3293e-05
814 2.40044e-05
815 2.47174e-05
816 2.54316e-05
817 2.61464e-05
818 2.68615e-05
819 2.75765e-05
820 2.8291e-05
821 2.90047e-05
822 2.97173e-05
823 3.04286e-05
824 3.11384e-05
825 3.18467e-05
826 3.25532e-05
827 3.32581e-05
828 3.39614e-05
829 3.4663e-05
830 3.53633e-05
831 3.60624e-05
832 3.67606e-05
833 3.74583e-05
834 3.81558e-05
835 3.88536e-05
836 3.95524e-05
837 4.02527e-05
838 4.09552e-05
839 4.16607e-05
840 4.237e-05
841 4.30841e-05
842 4.38038e-05
843 4.45304e-05
844 4.52649e-05
845 4.60085e-05
846 4.67626e-05
847 4.75284e-05
848 4.83075e-05
849 4.91013e-05
850 4.99114e-05
851 5.07395e-05
852 5.15874e-05
853 5.24567e-05
854 5.33495e-05
855 5.42677e-05
856 5.52132e-05
857 5.61882e-05
858 5.71949e-05
859 5.82354e-05
860 5.93122e-05
861 6.04274e-05
862 6.15837e-05
863 6.27834e-05
864 6.40291e-05
865 6.53234e-05
866 6.6669e-05
867 6.80687e-05
868 6.95252e-05
869 7.10414e-05
870 7.26201e-05
871 7.42644e-05
872 7.59772e-05
873 7.77616e-05
874 7.96206e-05
875 8.15575e-05
876 8.35754e-05
877 8.56775e-05
878 8.78672e-05
879 9.01477e-05
880 9.25225e-05
881 9.49949e-05
882 9.75683e-05
883 0.000100246
884 0.000103032
885 0.00010593
886 0.000108943
887 0.000112074
888 0.000115328
889 0.000118708
890 0.000122218
891 0.000125862
892 0.000129643
893 0.000133564
894 0.000137631
895 0.000141847
896 0.000146215
897 0.00015074
898 0.000155425
899 0.000160274
900 0.000165292
901 0.000170482
902 0.000175849
903 0.000181396
904 0.000187127
905 0.000193047
906 0.000199159
907 0.000205469
908 0.000211979
909 0.000218695
910 0.000225619
911 0.000232758
912 0.000240114
913 0.000247693
914 0.000255497
915 0.000263533
916 0.000271804
917 0.000280314
918 0.000289069
919 0.000298072
920 0.000307327
921 0.00031684
922 0.000326616
923 0.000336657
924 0.00034697
925 0.000357558
926 0.000368427
927 0.000379581
928 0.000391025
929 0.000402764
930 0.000414801
931 0.000427144
932 0.000439795
933 0.00045276
934 0.000466044
935 0.000479652
936 0.000493589
937 0.000507859
938 0.000522469
939 0.000537423
940 0.000552726
941 0.000568384
942 0.000584401
943 0.000600784
944 0.000617536
945 0.000634664
946 0.000652174
947 0.000670069
948 0.000688357
949 0.000707041
950 0.000726129
951 0.000745625
952 0.000765535
953 0.000785864
954 0.000806619
955 0.000827805
956 0.000849427
957 0.000871492
958 0.000894004
959 0.000916971
960 0.000940397
961 0.000964289
962 0.000988653
963 0.00101349
964 0.00103882
965 0.00106463
966 0.00109094
967 0.00111775
968 0.00114506
969 0.00117289
970 0.00120124
971 0.00123012
972 0.00125952
973 0.00128946
974 0.00131995
975 0.00135098
976 0.00138257
977 0.00141472
978 0.00144743
979 0.00148072
980 0.00151459
981 0.00154904
982 0.00158408
983 0.00161972
984 0.00165596
985 0.00169281
986 0.00173027
987 0.00176835
988 0.00180706
989 0.0018464
990 0.00188637
991 0.00192698
992 0.00196825
993 0.00201016
994 0.00205273
995 0.00209597
996 0.00213987
997 0.00218444
998 0.0022297
999 0.00227563
1000 0.00232226
1001 0.00236957
1002 0.00241759
1003 0.0024663
1004 0.00251572
1005 0.00256585
1006 0.00261669
1007 0.00266826
1008 0.00272054
1009 0.00277355
1010 0.00282729
1011 0.00288176
1012 0.00293696
1013 0.00299291
1014 0.00304959
1015 0.00310702
1016 0.0031652
1017 0.00322413
1018 0.0032838
1019 0.00334424
1020 0.00340542
1021 0.00346737
1022 0.00353007
1023 0.00359353
1024 0.00365776
1025 0.00372274
1026 0.00378849
1027 0.003855
1028 0.00392227
1029 0.00399031
1030 0.00405911
1031 0.00412866
1032 0.00419899
1033 0.00427007
1034 0.0043419
1035 0.0044145
1036 0.00448785
1037 0.00456195
1038 0.0046368
1039 0.00471241
1040 0.00478875
1041 0.00486584
1042 0.00494366
1043 0.00502222
1044 0.00510151
1045 0.00518152
1046 0.00526225
1047 0.0053437
1048 0.00542586
1049 0.00550873
1050 0.00559229
1051 0.00567654
1052 0.00576148
1053 0.0058471
1054 0.00593338
1055 0.00602033
1056 0.00610794
1057 0.00619619
1058 0.00628508
1059 0.0063746
1060 0.00646474
1061 0.00655549
1062 0.00664684
1063 0.00673878
1064 0.0068313
1065 0.00692438
1066 0.00701802
1067 0.00711221
1068 0.00720693
1069 0.00730217
1070 0.00739791
1071 0.00749415
1072 0.00759087
1073 0.00768806
1074 0.00778569
1075 0.00788377
1076 0.00798227
1077 0.00808117
1078 0.00818047
1079 0.00828014
1080 0.00838017
1081 0.00848055
1082 0.00858125
1083 0.00868226
1084 0.00878356
1085 0.00888513
1086 0.00898696
1087 0.00908902
1088 0.0091913
1089 0.00929378
1090 0.00939644
1091 0.00949926
1092 0.00960221
1093 0.00970528
1094 0.00980845
1095 0.0099117
1096 0.010015
1097 0.0101183
1098 0.0102217
1099 0.010325
1100 0.0104283
1101 0.0105316
1102 0.0106347
1103 0.0107378
1104 0.0108408
1105 0.0109435
1106 0.0110462
1107 0.0111486
1108 0.0112508
1109 0.0113528
1110 0.0114545
1111 0.0115559
1112 0.011657
1113 0.0117577
1114 0.0118581
1115 0.0119581
1116 0.0120576
1117 0.0121567
1118 0.0122554
1119 0.0123535
1120 0.0124512
1121 0.0125483
1122 0.0126448
1123 0.0127407
1124 0.012836
1125 0.0129306
1126 0.0130246
1127 0.0131178
1128 0.0132104
1129 0.0133021
1130 0.0133931
1131 0.0134833
1132 0.0135727
1133 0.0136612
1134 0.0137488
1135 0.0138355
1136 0.0139213
1137 0.0140061
1138 0.0140899
1139 0.0141727
1140 0.0142544
1141 0.0143352
1142 0.0144148
1143 0.0144933
1144 0.0145706
1145 0.0146469
1146 0.0147219
1147 0.0147957
1148 0.0148683
1149 0.0149396
1150 0.0150097
1151 0.0150784
1152 0.0151459
1153 0.015212
1154 0.0152767
1155 0.01534
1156 0.0154019
1157 0.0154624
1158 0.0155215
1159 0.0155791
1160 0.0156351
1161 0.0156897
1162 0.0157428
1163 0.0157943
1164 0.0158442
1165 0.0158926
1166 0.0159393
1167 0.0159844
1168 0.016028
1169 0.0160698
1170 0.01611
1171 0.0161485
1172 0.0161854
1173 0.0162205
1174 0.0162539
1175 0.0162856
1176 0.0163155
1177 0.0163437
1178 0.0163701
1179 0.0163947
1180 0.0164176
1181 0.0164386
1182 0.0164579
1183 0.0164753
1184 0.0164909
1185 0.0165047
1186 0.0165167
1187 0.0165268
1188 0.0165351
1189 0.0165415
1190 0.0165461
1191 0.0165488
1192 0.0165497
1193 0.0165487
1194 0.0165458
1195 0.0165411
1196 0.0165345
1197 0.0165261
1198 0.0165158
1199 0.0165037
1200 0.0164897
1201 0.0164738
1202 0.0164561
1203 0.0164365
1204 0.0164151
1205 0.0163919
1206 0.0163669
1207 0.01634
1208 0.0163113
1209 0.0162808
1210 0.0162485
1211 0.0162144
1212 0.0161786
1213 0.016141
1214 0.0161016
1215 0.0160605
1216 0.0160176
1217 0.015973
1218 0.0159268
1219 0.0158788
1220 0.0158291
1221 0.0157778
1222 0.0157249
1223 0.0156703
1224 0.0156141
1225 0.0155563
1226 0.0154969
1227 0.015436
1228 0.0153735
1229 0.0153095
1230 0.015244
1231 0.015177
1232 0.0151086
1233 0.0150387
1234 0.0149674
1235 0.0148947
1236 0.0148206
1237 0.0147451
1238 0.0146684
1239 0.0145903
1240 0.0145109
1241 0.0144303
1242 0.0143484
1243 0.0142653
1244 0.014181
1245 0.0140956
1246 0.014009
1247 0.0139213
1248 0.0138326
1249 0.0137427
1250 0.0136519
1251 0.01356
1252 0.0134671
1253 0.0133733
1254 0.0132786
1255 0.013183
1256 0.0130865
1257 0.0129891
1258 0.012891
1259 0.012792
1260 0.0126923
1261 0.0125918
1262 0.0124907
1263 0.0123888
1264 0.0122864
1265 0.0121833
1266 0.0120796
1267 0.0119753
1268 0.0118705
1269 0.0117652
1270 0.0116594
1271 0.0115532
1272 0.0114465
1273 0.0113395
1274 0.011232
1275 0.0111243
1276 0.0110162
1277 0.0109078
1278 0.0107992
1279 0.0106903
1280 0.0105813
1281 0.010472
1282 0.0103627
1283 0.0102531
1284 0.0101435
1285 0.0100339
1286 0.00992414
1287 0.0098144
1288 0.00970467
1289 0.00959497
1290 0.00948533
1291 0.00937577
1292 0.00926632
1293 0.009157
1294 0.00904783
1295 0.00893884
1296 0.00883006
1297 0.0087215
1298 0.00861319
1299 0.00850516
1300 0.00839741
1301 0.00828998
1302 0.00818289
1303 0.00807616
1304 0.00796981
1305 0.00786385
1306 0.00775832
1307 0.00765323
1308 0.00754859
1309 0.00744443
1310 0.00734077
1311 0.00723763
1312 0.00713502
1313 0.00703295
1314 0.00693146
1315 0.00683055
1316 0.00673024
1317 0.00663055
1318 0.00653148
1319 0.00643307
1320 0.00633531
1321 0.00623823
1322 0.00614184
1323 0.00604616
1324 0.00595118
1325 0.00585694
1326 0.00576344
1327 0.00567068
1328 0.00557869
1329 0.00548748
1330 0.00539704
1331 0.0053074
1332 0.00521857
1333 0.00513054
1334 0.00504334
1335 0.00495696
1336 0.00487142
1337 0.00478673
1338 0.00470288
1339 0.0046199
1340 0.00453777
1341 0.00445652
1342 0.00437614
1343 0.00429663
1344 0.00421802
1345 0.00414029
1346 0.00406345
1347 0.0039875
1348 0.00391245
1349 0.00383831
1350 0.00376506
1351 0.00369272
1352 0.00362128
1353 0.00355075
1354 0.00348113
1355 0.00341241
1356 0.0033446
1357 0.00327769
1358 0.0032117
1359 0.0031466
1360 0.00308241
1361 0.00301913
1362 0.00295674
1363 0.00289525
1364 0.00283465
1365 0.00277495
1366 0.00271614
1367 0.00265821
1368 0.00260116
1369 0.00254499
1370 0.0024897
1371 0.00243527
1372 0.00238171
1373 0.00232901
1374 0.00227716
1375 0.00222617
1376 0.00217601
1377 0.0021267
1378 0.00207822
1379 0.00203056
1380 0.00198372
1381 0.0019377
1382 0.00189249
1383 0.00184807
1384 0.00180445
1385 0.00176161
1386 0.00171955
1387 0.00167826
1388 0.00163774
1389 0.00159797
1390 0.00155895
1391 0.00152067
1392 0.00148312
1393 0.0014463
1394 0.0014102
1395 0.0013748
1396 0.00134011
1397 0.00130611
1398 0.00127279
1399 0.00124014
1400 0.00120816
1401 0.00117685
1402 0.00114618
1403 0.00111615
1404 0.00108675
1405 0.00105798
1406 0.00102982
1407 0.00100228
1408 0.000975324
1409 0.000948962
1410 0.00092318
1411 0.00089797
1412 0.000873324
1413 0.000849232
1414 0.000825687
1415 0.000802678
1416 0.000780199
1417 0.00075824
1418 0.000736792
1419 0.000715848
1420 0.000695399
1421 0.000675436
1422 0.00065595
1423 0.000636935
1424 0.000618381
1425 0.00060028
1426 0.000582624
1427 0.000565405
1428 0.000548615
1429 0.000532245
1430 0.000516289
1431 0.000500737
1432 0.000485583
1433 0.000470818
1434 0.000456436
1435 0.000442427
1436 0.000428786
1437 0.000415504
1438 0.000402574
1439 0.000389988
1440 0.000377741
1441 0.000365824
1442 0.00035423
1443 0.000342954
1444 0.000331987
1445 0.000321323
1446 0.000310955
1447 0.000300877
1448 0.000291083
1449 0.000281565
1450 0.000272318
1451 0.000263336
1452 0.000254612
1453 0.00024614
1454 0.000237914
1455 0.000229929
1456 0.000222179
1457 0.000214657
1458 0.00020736
1459 0.00020028
1460 0.000193413
1461 0.000186753
1462 0.000180296
1463 0.000174035
1464 0.000167967
1465 0.000162086
1466 0.000156387
1467 0.000150865
1468 0.000145517
1469 0.000140337
1470 0.000135321
1471 0.000130464
1472 0.000125763
1473 0.000121212
1474 0.000116809
1475 0.000112548
1476 0.000108426
1477 0.000104439
1478 0.000100584
1479 9.68556e-05
1480 9.32514e-05
1481 8.97676e-05
1482 8.64007e-05
1483 8.31474e-05
1484 8.00042e-05
1485 7.6968e-05
1486 7.40356e-05
1487 7.1204e-05
1488 6.84701e-05
1489 6.5831e-05
1490 6.32839e-05
1491 6.08259e-05
1492 5.84542e-05
1493 5.61664e-05
1494 5.39597e-05
1495 5.18317e-05
1496 4.97798e-05
1497 4.78017e-05
1498 4.5895e-05
1499 4.40576e-05
1500 4.22871e-05
1501 4.05813e-05
1502 3.89383e-05
1503 3.7356e-05
1504 3.58323e-05
1505 3.43654e-05
1506 3.29533e-05
1507 3.15943e-05
1508 3.02866e-05
1509 2.90284e-05
1510 2.78181e-05
1511 2.66541e-05
1512 2.55347e-05
1513 2.44585e-05
1514 2.34239e-05
1515 2.24295e-05
1516 2.14739e-05
1517 2.05558e-05
1518 1.96738e-05
1519 1.88266e-05
1520 1.80131e-05
1521 1.72319e-05
1522 1.64821e-05
1523 1.57623e-05
1524 1.50715e-05
1525 1.44087e-05
1526 1.37729e-05
1527 1.3163e-05
1528 1.25781e-05
1529 1.20173e-05
1530 1.14796e-05
1531 1.09642e-05
1532 1.04703e-05
1533 9.99705e-06
1534 9.54363e-06
1535 9.10931e-06
1536 8.69335e-06
1537 8.29505e-06
1538 7.91371e-06
1539 7.54869e-06
1540 7.19935e-06
1541 6.86506e-06
1542 6.54523e-06
1543 6.23929e-06
1544 5.94668e-06
1545 5.66688e-06
1546 5.39937e-06
1547 5.14365e-06
1548 4.89925e-06
1549 4.66569e-06
1550 4.44255e-06
1551 4.22939e-06
1552 4.0258e-06
1553 3.83139e-06
1554 3.64577e-06
1555 3.46857e-06
1556 3.29945e-06
1557 3.13806e-06
1558 2.98407e-06
1559 2.83718e-06
1560 2.69707e-06
1561 2.56346e-06
1562 2.43607e-06
1563 2.31463e-06
1564 2.19888e-06
1565 2.08857e-06
1566 1.98347e-06
1567 1.88335e-06
1568 1.78798e-06
1569 1.69717e-06
1570 1.6107e-06
1571 1.52838e-06
1572 1.45003e-06
1573 1.37546e-06
1574 1.30452e-06
1575 1.23702e-06
1576 1.17283e-06
1577 1.11178e-06
1578 1.05373e-06
1579 9.98548e-07
1580 9.46097e-07
1581 8.96251e-07
1582 8.48889e-07
1583 8.03895e-07
1584 7.61158e-07
1585 7.20573e-07
1586 6.82037e-07
1587 6.45454e-07
1588 6.1073e-07
1589 5.77778e-07
1590 5.46511e-07
1591 5.16849e-07
1592 4.88715e-07
1593 4.62034e-07
1594 4.36736e-07
1595 4.12754e-07
1596 3.90022e-07
1597 3.6848e-07
1598 3.48069e-07
1599 3.28733e-07
1600 3.10419e-07
1601 2.93075e-07
1602 2.76653e-07
1603 2.61107e-07
1604 2.46393e-07
1605 2.32469e-07
1606 2.19294e-07
1607 2.0683e-07
1608 1.95042e-07
1609 1.83894e-07
1610 1.73354e-07
1611 1.6339e-07
1612 1.53972e-07
1613 1.45073e-07
1614 1.36664e-07
1615 1.28721e-07
1616 1.21219e-07
1617 1.14135e-07
1618 1.07446e-07
1619 1.01131e-07
1620 9.5172e-08
1621 8.95483e-08
1622 8.42424e-08
1623 7.92373e-08
1624 7.45168e-08
1625 7.00654e-08
1626 6.58685e-08
1627 6.19124e-08
1628 5.81838e-08
1629 5.46704e-08
1630 5.13602e-08
1631 4.82422e-08
1632 4.53055e-08
1633 4.25403e-08
1634 3.99369e-08
1635 3.74864e-08
1636 3.51801e-08
1637 3.301e-08
1638 3.09683e-08
1639 2.90479e-08
1640 2.72419e-08
1641 2.55436e-08
1642 2.39471e-08
1643 2.24465e-08
1644 2.10362e-08
1645 1.97111e-08
1646 1.84662e-08
1647 1.72969e-08
1648 1.61988e-08
1649 1.51678e-08
1650 1.41999e-08
1651 1.32915e-08
1652 1.2439e-08
1653 1.16391e-08
1654 1.08888e-08
1655 1.0185e-08
1656 9.52503e-09
1657 8.90627e-09
1658 8.32624e-09
1659 7.78262e-09
1660 7.2732e-09
1661 6.79594e-09
1662 6.34887e-09
1663 5.93016e-09
1664 5.53809e-09
1665 5.17103e-09
1666 4.82744e-09
1667 4.50589e-09
1668 4.205e-09
1669 3.92352e-09
1670 3.66023e-09
1671 3.414e-09
1672 3.18378e-09
1673 2.96855e-09
1674 2.76738e-09
1675 2.57938e-09
1676 2.40373e-09
1677 2.23964e-09
1678 2.08638e-09
1679 1.94326e-09
1680 1.80964e-09
1681 1.68491e-09
1682 1.56849e-09
1683 1.45986e-09
1684 1.35851e-09
1685 1.26397e-09
1686 1.17579e-09
1687 1.09358e-09
1688 1.01693e-09
1689 9.4548e-10
1690 8.78896e-10
1691 8.16855e-10
1692 7.59056e-10
1693 7.05221e-10
1694 6.55087e-10
1695 6.08407e-10
1696 5.64952e-10
1697 5.24507e-10
1698 4.86869e-10
1699 4.51851e-10
1700 4.19276e-10
1701 3.8898e-10
1702 3.60807e-10
1703 3.34615e-10
1704 3.10268e-10
1705 2.8764e-10
1706 2.66615e-10
1707 2.47082e-10
1708 2.28938e-10
1709 2.12088e-10
1710 1.96443e-10
1711 1.81919e-10
1712 1.68439e-10
1713 1.55929e-10
1714 1.44321e-10
1715 1.33554e-10
1716 1.23568e-10
1717 1.14307e-10
1718 1.05721e-10
1719 9.77627e-11
1720 9.03867e-11
1721 8.3552e-11
1722 7.722e-11
1723 7.13549e-11
1724 6.59233e-11
1725 6.0894e-11
1726 5.62381e-11
1727 5.19287e-11
1728 4.79408e-11
1729 4.4251e-11
1730 4.08377e-11
1731 3.76809e-11
1732 3.47617e-11
1733 3.20628e-11
1734 2.9568e-11
1735 2.72623e-11
1736 2.51318e-11
1737 2.31636e-11
1738 2.13456e-11
1739 1.96666e-11
1740 1.81164e-11
1741 1.66853e-11
1742 1.53645e-11
1743 1.41456e-11
1744 1.3021e-11
1745 1.19836e-11
1746 1.10268e-11
1747 1.01445e-11
1748 9.33114e-12
1749 8.58138e-12
1750 7.89041e-12
1751 7.25374e-12
1752 6.66721e-12
1753 6.12698e-12
1754 5.62947e-12
1755 5.17141e-12
1756 4.74974e-12
1757 4.36164e-12
1758 4.00452e-12
1759 3.67595e-12
1760 3.37371e-12
1761 3.09576e-12
1762 2.84017e-12
1763 2.6052e-12
1764 2.38923e-12
1765 2.19075e-12
1766 2.00839e-12
1767 1.84087e-12
1768 1.687e-12
1769 1.54571e-12
1770 1.41599e-12
1771 1.29691e-12
1772 1.18763e-12
1773 1.08735e-12
1774 9.95351e-13
1775 9.10967e-13
1776 8.33581e-13
1777 7.62627e-13
1778 6.97581e-13
1779 6.37965e-13
1780 5.83334e-13
1781 5.33281e-13
1782 4.87432e-13
1783 4.45442e-13
1784 4.06992e-13
1785 3.71792e-13
1786 3.39572e-13
1787 3.10086e-13
1788 2.83108e-13
1789 2.58428e-13
1790 2.35856e-13
1791 2.15214e-13
1792 1.96342e-13
1793 1.79091e-13
1794 1.63326e-13
1795 1.4892e-13
1796 1.35759e-13
1797 1.23738e-13
1798 1.1276e-13
1799 1.02737e-13
1800 9.35868e-14
1801 8.52357e-14
1802 7.76151e-14
1803 7.06626e-14
1804 6.43206e-14
1805 5.85368e-14
1806 5.32631e-14
1807 4.84552e-14
1808 4.40731e-14
1809 4.00796e-14
1810 3.64411e-14
1811 3.31267e-14
1812 3.0108e-14
1813 2.73592e-14
1814 2.48566e-14
1815 2.25787e-14
1816 2.05056e-14
1817 1.86194e-14
1818 1.69034e-14
1819 1.53427e-14
1820 1.39234e-14
1821 1.2633e-14
1822 1.14601e-14
1823 1.0394e-14
1824 9.42535e-15
1825 8.54533e-15
1826 7.746e-15
1827 7.0201e-15
1828 6.36101e-15
1829 5.76271e-15
1830 5.21968e-15
1831 4.72692e-15
1832 4.27986e-15
1833 3.87435e-15
1834 3.50658e-15
1835 3.17312e-15
1836 2.87082e-15
1837 2.59683e-15
1838 2.34853e-15
1839 2.12357e-15
1840 1.91979e-15
1841 1.73524e-15
1842 1.56812e-15
1843 1.41683e-15
1844 1.27989e-15
1845 1.15596e-15
1846 1.04383e-15
1847 9.424e-16
1848 8.50661e-16
1849 7.67705e-16
1850 6.92705e-16
1851 6.24913e-16
1852 5.63647e-16
1853 5.0829e-16
1854 4.58281e-16
1855 4.13113e-16
1856 3.72325e-16
1857 3.355e-16
1858 3.02258e-16
1859 2.72258e-16
1860 2.45188e-16
1861 2.20767e-16
1862 1.9874e-16
1863 1.78877e-16
1864 1.60967e-16
1865 1.44823e-16
1866 1.30273e-16
1867 1.17162e-16
1868 1.0535e-16
1869 9.47107e-17
1870 8.51294e-17
1871 7.65025e-17
1872 6.87366e-17
1873 6.17471e-17
1874 5.54576e-17
1875 4.97991e-17
1876 4.47092e-17
1877 4.01319e-17
1878 3.60161e-17
1879 3.23162e-17
1880 2.89908e-17
1881 2.60025e-17
1882 2.33177e-17
1883 2.0906e-17
1884 1.87402e-17
1885 1.67954e-17
1886 1.50496e-17
1887 1.34826e-17
1888 1.20764e-17
1889 1.08148e-17
1890 9.68306e-18
1891 8.66809e-18
1892 7.758e-18
1893 6.94211e-18
1894 6.21081e-18
1895 5.55547e-18
1896 4.96831e-18
1897 4.44234e-18
1898 3.97127e-18
1899 3.54947e-18
1900 3.17185e-18
1901 2.83384e-18
1902 2.53137e-18
1903 2.26074e-18
1904 2.01864e-18
1905 1.80212e-18
1906 1.60851e-18
1907 1.43542e-18
1908 1.2807e-18
1909 1.14244e-18
1910 1.0189e-18
1911 9.08549e-19
1912 8.09988e-19
1913 7.21977e-19
1914 6.43403e-19
1915 5.73268e-19
1916 5.10678e-19
1917 4.54832e-19
1918 4.05014e-19
1919 3.60582e-19
1920 3.20962e-19
1921 2.85638e-19
1922 2.54153e-19
1923 2.26093e-19
1924 2.01092e-19
1925 1.7882e-19
1926 1.58984e-19
1927 1.4132e-19
1928 1.25594e-19
1929 1.11597e-19
1930 9.91392e-20
1931 8.80551e-20
1932 7.81949e-20
1933 6.94251e-20
1934 6.16267e-20
1935 5.46935e-20
1936 4.85308e-20
1937 4.30539e-20
1938 3.81876e-20
1939 3.38647e-20
1940 3.00252e-20
1941 2.66157e-20
1942 2.35888e-20
1943 2.09019e-20
1944 1.85175e-20
1945 1.64018e-20
1946 1.4525e-20
1947 1.28603e-20
1948 1.13843e-20
1949 1.00756e-20
1950 8.91559e-21
1951 7.88759e-21
1952 6.97674e-21
1953 6.16984e-21
1954 5.45519e-21
1955 4.82236e-21
1956 4.2621e-21
1957 3.76618e-21
1958 3.3273e-21
1959 2.93899e-21
1960 2.59547e-21
1961 2.29166e-21
1962 2.023e-21
1963 1.78549e-21
1964 1.57555e-21
1965 1.39001e-21
1966 1.22608e-21
1967 1.08127e-21
1968 9.53377e-22
1969 8.4044e-22
1970 7.40735e-22
1971 6.52726e-22
1972 5.75063e-22
1973 5.06537e-22
1974 4.46088e-22
1975 3.92775e-22
1976 3.45764e-22
1977 3.0432e-22
1978 2.67789e-22
1979 2.35597e-22
1980 2.07233e-22
1981 1.82247e-22
1982 1.60242e-22
1983 1.40866e-22
1984 1.23807e-22
1985 1.08793e-22
1986 9.55801e-23
1987 8.39548e-23
1988 7.37291e-23
1989 6.47356e-23
1990 5.68277e-23
1991 4.98755e-23
1992 4.37651e-23
1993 3.83955e-23
1994 3.36778e-23
1995 2.95338e-23
1996 2.58943e-23
1997 2.26987e-23
1998 1.98932e-23
1999 1.74309e-23
2000 1.52702e-23
2001 1.33745e-23
2002 1.17117e-23
2003 1.02534e-23
2004 8.97476e-24
2005 7.85384e-24
2006 6.87137e-24
2007 6.0105e-24
2008 5.25623e-24
2009 4.59557e-24
2010 4.01696e-24
2011 3.51037e-24
2012 3.06692e-24
2013 2.6788e-24
2014 2.33918e-24
2015 2.04203e-24
2016 1.78214e-24
2017 1.55485e-24
2018 1.35612e-24
2019 1.1824e-24
2020 1.03057e-24
2021 8.97901e-25
2022 7.82004e-25
2023 6.8077e-25
2024 5.92367e-25
2025 5.15175e-25
2026 4.47798e-25
2027 3.89003e-25
2028 3.37692e-25
2029 2.92936e-25
2030 2.53902e-25
2031 2.19864e-25
2032 1.90193e-25
2033 1.64333e-25
2034 1.41803e-25
2035 1.22177e-25
2036 1.05085e-25
2037 9.02095e-26
2038 7.72632e-26
2039 6.60035e-26
2040 5.62178e-26
2041 4.77134e-26
2042 4.03301e-26
2043 3.39271e-26
2044 2.83789e-26
2045 2.35792e-26
2046 1.94351e-26
2047 1.58634e-26
