0 2.72095e-59
1 2.59736e-59
2 2.56726e-59
3 2.62818e-59
4 2.78393e-59
5 3.04474e-59
6 3.42798e-59
7 3.9592e-59
8 4.67377e-59
9 5.61917e-59
10 6.85803e-59
11 8.47216e-59
12 1.05678e-58
13 1.32823e-58
14 1.67933e-58
15 2.13293e-58
16 2.71851e-58
17 3.47398e-58
18 4.44811e-58
19 5.7036e-58
20 7.32103e-58
21 9.40394e-58
22 1.20853e-57
23 1.55358e-57
24 1.99747e-57
25 2.5683e-57
26 3.30215e-57
27 4.24527e-57
28 5.45698e-57
29 7.01328e-57
30 9.01158e-57
31 1.15767e-56
32 1.48683e-56
33 1.90912e-56
34 2.45071e-56
35 3.14513e-56
36 4.03526e-56
37 5.17593e-56
38 6.6373e-56
39 8.50902e-56
40 1.09057e-55
41 1.39737e-55
42 1.79002e-55
43 2.29241e-55
44 2.93504e-55
45 3.75686e-55
46 4.80758e-55
47 6.1506e-55
48 7.86684e-55
49 1.00595e-54
50 1.28601e-54
51 1.64363e-54
52 2.10019e-54
53 2.68292e-54
54 3.4265e-54
55 4.37512e-54
56 5.58501e-54
57 7.12778e-54
58 9.09453e-54
59 1.16012e-53
60 1.47952e-53
61 1.8864e-53
62 2.4046e-53
63 3.06443e-53
64 3.90436e-53
65 4.97332e-53
66 6.33342e-53
67 8.06351e-53
68 1.02637e-52
69 1.30611e-52
70 1.66167e-52
71 2.11352e-52
72 2.68755e-52
73 3.41665e-52
74 4.34245e-52
75 5.51771e-52
76 7.00925e-52
77 8.90171e-52
78 1.13022e-51
79 1.43463e-51
80 1.82055e-51
81 2.30967e-51
82 2.92943e-51
83 3.71448e-51
84 4.70866e-51
85 5.9673e-51
86 7.56031e-51
87 9.57595e-51
88 1.21256e-50
89 1.53498e-50
90 1.94259e-50
91 2.45775e-50
92 3.10863e-50
93 3.93077e-50
94 4.9689e-50
95 6.27939e-50
96 7.93321e-50
97 1.00197e-49
98 1.26512e-49
99 1.59691e-49
100 2.01513e-49
101 2.54212e-49
102 3.20597e-49
103 4.04199e-49
104 5.09449e-49
105 6.41915e-49
106 8.08582e-49
107 1.01822e-48
108 1.28182e-48
109 1.61319e-48
110 2.02961e-48
111 2.55276e-48
112 3.2098e-48
113 4.03475e-48
114 5.07022e-48
115 6.36954e-48
116 7.99947e-48
117 1.00435e-47
118 1.26062e-47
119 1.58181e-47
120 1.98425e-47
121 2.48837e-47
122 3.11966e-47
123 3.90999e-47
124 4.89914e-47
125 6.13678e-47
126 7.6849e-47
127 9.62088e-47
128 1.20412e-46
129 1.50663e-46
130 1.88461e-46
131 2.35678e-46
132 2.94644e-46
133 3.68265e-46
134 4.60158e-46
135 5.74829e-46
136 7.17887e-46
137 8.96314e-46
138 1.1188e-45
139 1.39615e-45
140 1.74181e-45
141 2.17249e-45
142 2.70899e-45
143 3.37713e-45
144 4.20901e-45
145 5.24451e-45
146 6.53316e-45
147 8.13646e-45
148 1.01308e-44
149 1.26109e-44
150 1.56943e-44
151 1.9527e-44
152 2.42899e-44
153 3.02074e-44
154 3.75575e-44
155 4.66851e-44
156 5.80172e-44
157 7.20831e-44
158 8.9538e-44
159 1.11193e-43
160 1.38054e-43
161 1.71363e-43
162 2.12658e-43
163 2.63842e-43
164 3.27268e-43
165 4.05845e-43
166 5.03169e-43
167 6.23683e-43
168 7.72876e-43
169 9.57527e-43
170 1.18601e-42
171 1.46865e-42
172 1.81821e-42
173 2.25042e-42
174 2.78467e-42
175 3.44491e-42
176 4.26063e-42
177 5.26819e-42
178 6.51236e-42
179 8.04833e-42
180 9.94402e-42
181 1.22831e-41
182 1.51684e-41
183 1.87266e-41
184 2.31135e-41
185 2.85206e-41
186 3.51832e-41
187 4.33908e-41
188 5.34988e-41
189 6.59437e-41
190 8.12618e-41
191 1.00111e-40
192 1.23299e-40
193 1.51816e-40
194 1.86877e-40
195 2.29973e-40
196 2.82929e-40
197 3.47984e-40
198 4.27878e-40
199 5.2597e-40
200 6.4637e-40
201 7.9411e-40
202 9.75349e-40
203 1.19762e-39
204 1.47013e-39
205 1.80415e-39
206 2.21345e-39
207 2.71485e-39
208 3.32892e-39
209 4.08075e-39
210 5.001e-39
211 6.1271e-39
212 7.50472e-39
213 9.18957e-39
214 1.12496e-38
215 1.37678e-38
216 1.68451e-38
217 2.06047e-38
218 2.51967e-38
219 3.08038e-38
220 3.76489e-38
221 4.60029e-38
222 5.6196e-38
223 6.86299e-38
224 8.37933e-38
225 1.02281e-37
226 1.24815e-37
227 1.52276e-37
228 1.85732e-37
229 2.26482e-37
230 2.76104e-37
231 3.36515e-37
232 4.10043e-37
233 4.99515e-37
234 6.08361e-37
235 7.40748e-37
236 9.01726e-37
237 1.09742e-36
238 1.33528e-36
239 1.62429e-36
240 1.9754e-36
241 2.40184e-36
242 2.91964e-36
243 3.54825e-36
244 4.31118e-36
245 5.23693e-36
246 6.35997e-36
247 7.72205e-36
248 9.37363e-36
249 1.13758e-35
250 1.38024e-35
251 1.67426e-35
252 2.03045e-35
253 2.46182e-35
254 2.98414e-35
255 3.61641e-35
256 4.38161e-35
257 5.30744e-35
258 6.42735e-35
259 7.7817e-35
260 9.41913e-35
261 1.13983e-34
262 1.379e-34
263 1.66794e-34
264 2.01693e-34
265 2.43832e-34
266 2.947e-34
267 3.56091e-34
268 4.30162e-34
269 5.19506e-34
270 6.27246e-34
271 7.57134e-34
272 9.1368e-34
273 1.10231e-33
274 1.32952e-33
275 1.60315e-33
276 1.93258e-33
277 2.32907e-33
278 2.80617e-33
279 3.38007e-33
280 4.07026e-33
281 4.90004e-33
282 5.89737e-33
283 7.09577e-33
284 8.53535e-33
285 1.02642e-32
286 1.23398e-32
287 1.4831e-32
288 1.78203e-32
289 2.14063e-32
290 2.57067e-32
291 3.08626e-32
292 3.70424e-32
293 4.44474e-32
294 5.33181e-32
295 6.39418e-32
296 7.66613e-32
297 9.1886e-32
298 1.10105e-31
299 1.319e-31
300 1.57967e-31
301 1.89135e-31
302 2.26392e-31
303 2.70916e-31
304 3.24112e-31
305 3.87652e-31
306 4.63526e-31
307 5.54108e-31
308 6.62221e-31
309 7.91226e-31
310 9.4512e-31
311 1.12866e-30
312 1.34751e-30
313 1.60839e-30
314 1.91929e-30
315 2.28974e-30
316 2.73101e-30
317 3.25653e-30
318 3.88223e-30
319 4.62704e-30
320 5.51342e-30
321 6.56803e-30
322 7.8225e-30
323 9.31437e-30
324 1.10882e-29
325 1.31966e-29
326 1.57023e-29
327 1.86795e-29
328 2.22159e-29
329 2.64156e-29
330 3.1402e-29
331 3.73209e-29
332 4.43451e-29
333 5.2679e-29
334 6.25646e-29
335 7.42879e-29
336 8.81871e-29
337 1.04662e-28
338 1.24186e-28
339 1.47316e-28
340 1.74713e-28
341 2.07156e-28
342 2.45564e-28
343 2.91022e-28
344 3.44811e-28
345 4.08441e-28
346 4.83694e-28
347 5.7267e-28
348 6.77843e-28
349 8.02129e-28
350 9.48962e-28
351 1.12239e-27
352 1.32716e-27
353 1.56889e-27
354 1.85416e-27
355 2.19073e-27
356 2.58771e-27
357 3.0558e-27
358 3.6076e-27
359 4.25789e-27
360 5.02403e-27
361 5.92641e-27
362 6.98894e-27
363 8.2397e-27
364 9.71161e-27
365 1.14433e-26
366 1.34799e-26
367 1.58746e-26
368 1.86895e-26
369 2.19972e-26
370 2.58831e-26
371 3.04469e-26
372 3.58052e-26
373 4.20946e-26
374 4.94747e-26
375 5.81323e-26
376 6.82857e-26
377 8.01897e-26
378 9.41425e-26
379 1.10492e-25
380 1.29645e-25
381 1.52075e-25
382 1.78336e-25
383 2.09075e-25
384 2.45044e-25
385 2.87123e-25
386 3.36336e-25
387 3.93878e-25
388 4.6114e-25
389 5.39745e-25
390 6.31581e-25
391 7.38848e-25
392 8.64108e-25
393 1.01034e-24
394 1.18102e-24
395 1.38018e-24
396 1.61251e-24
397 1.88349e-24
398 2.19945e-24
399 2.56778e-24
400 2.99705e-24
401 3.49724e-24
402 4.07993e-24
403 4.75855e-24
404 5.54874e-24
405 6.4686e-24
406 7.53918e-24
407 8.78489e-24
408 1.0234e-23
409 1.19195e-23
410 1.38793e-23
411 1.61576e-23
412 1.88056e-23
413 2.18825e-23
414 2.54569e-23
415 2.96085e-23
416 3.44292e-23
417 4.00256e-23
418 4.65209e-23
419 5.40577e-23
420 6.2801e-23
421 7.29414e-23
422 8.46992e-23
423 9.83292e-23
424 1.14125e-22
425 1.32428e-22
426 1.53628e-22
427 1.78179e-22
428 2.06602e-22
429 2.39501e-22
430 2.77569e-22
431 3.21607e-22
432 3.72537e-22
433 4.31421e-22
434 4.99483e-22
435 5.78132e-22
436 6.68987e-22
437 7.73913e-22
438 8.95055e-22
439 1.03488e-21
440 1.19621e-21
441 1.38231e-21
442 1.59692e-21
443 1.84433e-21
444 2.12945e-21
445 2.45795e-21
446 2.83631e-21
447 3.27194e-21
448 3.77338e-21
449 4.35039e-21
450 5.01413e-21
451 5.77742e-21
452 6.6549e-21
453 7.66335e-21
454 8.82194e-21
455 1.01526e-20
456 1.16805e-20
457 1.34342e-20
458 1.54465e-20
459 1.77548e-20
460 2.04018e-20
461 2.34364e-20
462 2.69143e-20
463 3.08988e-20
464 3.54626e-20
465 4.06882e-20
466 4.667e-20
467 5.35152e-20
468 6.13464e-20
469 7.03029e-20
470 8.05437e-20
471 9.22495e-20
472 1.05626e-19
473 1.20909e-19
474 1.38363e-19
475 1.58293e-19
476 1.81045e-19
477 2.0701e-19
478 2.36635e-19
479 2.70428e-19
480 3.08965e-19
481 3.52903e-19
482 4.02986e-19
483 4.60061e-19
484 5.25087e-19
485 5.99157e-19
486 6.83509e-19
487 7.7955e-19
488 8.88874e-19
489 1.01329e-18
490 1.15486e-18
491 1.3159e-18
492 1.49906e-18
493 1.70732e-18
494 1.94409e-18
495 2.21321e-18
496 2.51903e-18
497 2.86647e-18
498 3.26114e-18
499 3.70934e-18
500 4.21823e-18
501 4.79591e-18
502 5.45152e-18
503 6.19542e-18
504 7.03931e-18
505 7.99642e-18
506 9.08167e-18
507 1.0312e-17
508 1.17063e-17
509 1.32863e-17
510 1.50761e-17
511 1.7103e-17
512 1.93981e-17
513 2.1996e-17
514 2.49359e-17
515 2.82619e-17
516 3.20238e-17
517 3.62775e-17
518 4.10858e-17
519 4.65195e-17
520 5.26581e-17
521 5.9591e-17
522 6.74186e-17
523 7.62535e-17
524 8.62221e-17
525 9.74664e-17
526 1.10145e-16
527 1.24437e-16
528 1.40542e-16
529 1.58683e-16
530 1.79111e-16
531 2.02105e-16
532 2.2798e-16
533 2.57086e-16
534 2.89814e-16
535 3.26601e-16
536 3.67935e-16
537 4.14362e-16
538 4.6649e-16
539 5.24995e-16
540 5.90636e-16
541 6.64252e-16
542 7.46783e-16
543 8.39274e-16
544 9.42886e-16
545 1.05891e-15
546 1.1888e-15
547 1.33413e-15
548 1.4967e-15
549 1.67848e-15
550 1.88167e-15
551 2.1087e-15
552 2.36228e-15
553 2.64541e-15
554 2.96144e-15
555 3.31405e-15
556 3.70735e-15
557 4.1459e-15
558 4.63473e-15
559 5.17943e-15
560 5.7862e-15
561 6.46191e-15
562 7.21416e-15
563 8.05138e-15
564 8.98291e-15
565 1.00191e-14
566 1.11713e-14
567 1.24523e-14
568 1.38761e-14
569 1.54582e-14
570 1.72158e-14
571 1.9168e-14
572 2.13357e-14
573 2.37424e-14
574 2.64138e-14
575 2.93784e-14
576 3.26678e-14
577 3.6317e-14
578 4.03647e-14
579 4.48535e-14
580 4.98308e-14
581 5.5349e-14
582 6.14657e-14
583 6.82452e-14
584 7.5758e-14
585 8.40825e-14
586 9.3305e-14
587 1.03521e-13
588 1.14836e-13
589 1.27368e-13
590 1.41243e-13
591 1.56606e-13
592 1.73613e-13
593 1.92438e-13
594 2.13271e-13
595 2.36325e-13
596 2.61832e-13
597 2.90048e-13
598 3.21257e-13
599 3.55771e-13
600 3.93932e-13
601 4.36119e-13
602 4.82748e-13
603 5.34275e-13
604 5.91204e-13
605 6.54088e-13
606 7.23532e-13
607 8.00204e-13
608 8.84833e-13
609 9.78221e-13
610 1.08125e-12
611 1.19487e-12
612 1.32014e-12
613 1.45822e-12
614 1.61036e-12
615 1.77792e-12
616 1.96243e-12
617 2.1655e-12
618 2.38893e-12
619 2.63466e-12
620 2.90479e-12
621 3.20164e-12
622 3.5277e-12
623 3.88569e-12
624 4.27855e-12
625 4.70949e-12
626 5.18195e-12
627 5.69968e-12
628 6.26675e-12
629 6.88753e-12
630 7.56675e-12
631 8.30951e-12
632 9.12133e-12
633 1.00081e-11
634 1.09763e-11
635 1.20327e-11
636 1.31847e-11
637 1.44403e-11
638 1.58079e-11
639 1.72967e-11
640 1.89163e-11
641 2.06774e-11
642 2.25911e-11
643 2.46692e-11
644 2.69247e-11
645 2.93711e-11
646 3.20231e-11
647 3.4896e-11
648 3.80064e-11
649 4.1372e-11
650 4.50115e-11
651 4.89448e-11
652 5.31931e-11
653 5.77791e-11
654 6.27265e-11
655 6.8061e-11
656 7.38095e-11
657 8.00009e-11
658 8.66656e-11
659 9.38361e-11
660 1.01547e-10
661 1.09835e-10
662 1.18738e-10
663 1.28299e-10
664 1.38561e-10
665 1.49572e-10
666 1.61381e-10
667 1.74041e-10
668 1.8761e-10
669 2.02148e-10
670 2.1772e-10
671 2.34396e-10
672 2.52249e-10
673 2.7136e-10
674 2.91815e-10
675 3.13704e-10
676 3.37128e-10
677 3.62193e-10
678 3.89014e-10
679 4.17715e-10
680 4.4843e-10
681 4.81306e-10
682 5.16499e-10
683 5.5418e-10
684 5.94536e-10
685 6.37766e-10
686 6.8409e-10
687 7.33747e-10
688 7.86996e-10
689 8.44118e-10
690 9.05422e-10
691 9.71243e-10
692 1.04195e-09
693 1.11793e-09
694 1.19963e-09
695 1.28752e-09
696 1.38211e-09
697 1.48397e-09
698 1.5937e-09
699 1.71198e-09
700 1.83953e-09
701 1.97714e-09
702 2.12567e-09
703 2.28604e-09
704 2.45926e-09
705 2.64644e-09
706 2.84877e-09
707 3.06751e-09
708 3.30408e-09
709 3.55996e-09
710 3.83679e-09
711 4.1363e-09
712 4.46038e-09
713 4.81106e-09
714 5.19051e-09
715 5.60107e-09
716 6.04523e-09
717 6.52569e-09
718 7.04528e-09
719 7.60708e-09
720 8.21434e-09
721 8.87052e-09
722 9.5793e-09
723 1.03446e-08
724 1.11705e-08
725 1.20615e-08
726 1.30221e-08
727 1.40572e-08
728 1.51719e-08
729 1.63717e-08
730 1.76621e-08
731 1.9049e-08
732 2.05387e-08
733 2.21375e-08
734 2.38521e-08
735 2.56893e-08
736 2.76565e-08
737 2.97609e-08
738 3.20101e-08
739 3.4412e-08
740 3.69744e-08
741 3.97057e-08
742 4.2614e-08
743 4.57077e-08
744 4.89953e-08
745 5.24853e-08
746 5.61861e-08
747 6.01062e-08
748 6.4254e-08
749 6.86377e-08
750 7.32652e-08
751 7.81442e-08
752 8.32823e-08
753 8.86863e-08
754 9.43627e-08
755 1.00317e-07
756 1.06556e-07
757 1.13082e-07
758 1.199e-07
759 1.27013e-07
760 1.34422e-07
761 1.42127e-07
762 1.50129e-07
763 1.58424e-07
764 1.67008e-07
765 1.75878e-07
766 1.85025e-07
767 1.94441e-07
768 2.04114e-07
769 2.14032e-07
770 2.24179e-07
771 2.34538e-07
772 2.45088e-07
773 2.55806e-07
774 2.66668e-07
775 2.77644e-07
776 2.88704e-07
777 2.99814e-07
778 3.10937e-07
779 3.22033e-07
780 3.33059e-07
781 3.43968e-07
782 3.54712e-07
783 3.65239e-07
784 3.75494e-07
785 3.85418e-07
786 3.94953e-07
787 4.04034e-07
788 4.12597e-07
789 4.20575e-07
790 4.27899e-07
791 4.34499e-07
792 4.40304e-07
793 4.45243e-07
794 4.49245e-07
795 4.52238e-07
796 4.54153e-07
797 4.54923e-07
798 4.54483e-07
799 4.52773e-07
800 4.49735e-07
801 4.45321e-07
802 4.39485e-07
803 4.32192e-07
804 4.23415e-07
805 4.13139e-07
806 4.0136e-07
807 3.88088e-07
808 3.7335e-07
809 3.57187e-07
810 3.39664e-07
811 3.20862e-07
812 3.0089e-07
813 2.7988e-07
814 2.57993e-07
815 2.35421e-07
816 2.12389e-07
817 1.89157e-07
818 1.66026e-07
819 1.43335e-07
820 1.21473e-07
821 1.00873e-07
822 8.20219e-08
823 6.54596e-08
824 5.17858e-08
825 4.16619e-08
826 3.58153e-08
827 3.50431e-08
828 4.02164e-08
829 5.2284e-08
830 7.22768e-08
831 1.01312e-07
832 1.40598e-07
833 1.91437e-07
834 2.55233e-07
835 3.33493e-07
836 4.27833e-07
837 5.39982e-07
838 6.71789e-07
839 8.25227e-07
840 1.00239e-06
841 1.20553e-06
842 1.43699e-06
843 1.69931e-06
844 1.99513e-06
845 2.32729e-06
846 2.69875e-06
847 3.11265e-06
848 3.5723e-06
849 4.08118e-06
850 4.64294e-06
851 5.26144e-06
852 5.94071e-06
853 6.68497e-06
854 7.49864e-06
855 8.38637e-06
856 9.35298e-06
857 1.04035e-05
858 1.15433e-05
859 1.27778e-05
860 1.41128e-05
861 1.55542e-05
862 1.71082e-05
863 1.87813e-05
864 2.05802e-05
865 2.25118e-05
866 2.45834e-05
867 2.68024e-05
868 2.91767e-05
869 3.17142e-05
870 3.44233e-05
871 3.73125e-05
872 4.03909e-05
873 4.36676e-05
874 4.71521e-05
875 5.08543e-05
876 5.47843e-05
877 5.89525e-05
878 6.33698e-05
879 6.80474e-05
880 7.29966e-05
881 7.82295e-05
882 8.37581e-05
883 8.95951e-05
884 9.57534e-05
885 0.000102246
886 0.000109088
887 0.000116292
888 0.000123873
889 0.000131846
890 0.000140226
891 0.00014903
892 0.000158274
893 0.000167974
894 0.000178148
895 0.000188814
896 0.000199989
897 0.000211692
898 0.000223943
899 0.000236762
900 0.000250169
901 0.000264185
902 0.000278831
903 0.000294129
904 0.000310103
905 0.000326775
906 0.00034417
907 0.000362312
908 0.000381226
909 0.000400939
910 0.000421476
911 0.000442866
912 0.000465136
913 0.000488315
914 0.000512432
915 0.000537519
916 0.000563605
917 0.000590723
918 0.000618905
919 0.000648185
920 0.000678597
921 0.000710175
922 0.000742956
923 0.000776976
924 0.000812273
925 0.000848885
926 0.00088685
927 0.00092621
928 0.000967004
929 0.00100927
930 0.00105306
931 0.00109841
932 0.00114537
933 0.00119398
934 0.00124428
935 0.00129633
936 0.00135016
937 0.00140583
938 0.00146339
939 0.00152288
940 0.00158436
941 0.00164787
942 0.00171346
943 0.0017812
944 0.00185112
945 0.00192328
946 0.00199773
947 0.00207453
948 0.00215373
949 0.00223537
950 0.00231953
951 0.00240624
952 0.00249557
953 0.00258756
954 0.00268228
955 0.00277976
956 0.00288007
957 0.00298325
958 0.00308937
959 0.00319846
960 0.00331058
961 0.00342579
962 0.00354412
963 0.00366562
964 0.00379035
965 0.00391835
966 0.00404966
967 0.00418432
968 0.00432237
969 0.00446386
970 0.00460882
971 0.00475729
972 0.00490929
973 0.00506487
974 0.00522404
975 0.00538683
976 0.00555328
977 0.00572339
978 0.00589718
979 0.00607468
980 0.00625589
981 0.00644082
982 0.00662947
983 0.00682186
984 0.00701796
985 0.00721778
986 0.00742132
987 0.00762854
988 0.00783945
989 0.008054
990 0.00827219
991 0.00849397
992 0.00871931
993 0.00894818
994 0.00918052
995 0.00941629
996 0.00965543
997 0.00989788
998 0.0101436
999 0.0103925
1000 0.0106445
1001 0.0108995
1002 0.0111574
1003 0.0114182
1004 0.0116818
1005 0.011948
1006 0.0122168
1007 0.012488
1008 0.0127616
1009 0.0130373
1010 0.0133152
1011 0.013595
1012 0.0138766
1013 0.0141599
1014 0.0144447
1015 0.0147309
1016 0.0150183
1017 0.0153068
1018 0.0155962
1019 0.0158863
1020 0.016177
1021 0.0164681
1022 0.0167594
1023 0.0170508
1024 0.0173419
1025 0.0176328
1026 0.017923
1027 0.0182126
1028 0.0185012
1029 0.0187887
1030 0.0190748
1031 0.0193594
1032 0.0196423
1033 0.0199232
1034 0.0202019
1035 0.0204783
1036 0.020752
1037 0.021023
1038 0.0212909
1039 0.0215556
1040 0.0218169
1041 0.0220745
1042 0.0223283
1043 0.022578
1044 0.0228235
1045 0.0230644
1046 0.0233007
1047 0.023532
1048 0.0237583
1049 0.0239794
1050 0.0241949
1051 0.0244048
1052 0.0246088
1053 0.0248068
1054 0.0249986
1055 0.025184
1056 0.0253629
1057 0.025535
1058 0.0257003
1059 0.0258586
1060 0.0260097
1061 0.0261535
1062 0.0262898
1063 0.0264186
1064 0.0265397
1065 0.026653
1066 0.0267584
1067 0.0268558
1068 0.0269451
1069 0.0270262
1070 0.027099
1071 0.0271636
1072 0.0272197
1073 0.0272673
1074 0.0273065
1075 0.0273372
1076 0.0273592
1077 0.0273727
1078 0.0273776
1079 0.0273739
1080 0.0273616
1081 0.0273407
1082 0.0273113
1083 0.0272733
1084 0.0272268
1085 0.0271718
1086 0.0271084
1087 0.0270367
1088 0.0269567
1089 0.0268685
1090 0.0267722
1091 0.0266678
1092 0.0265555
1093 0.0264354
1094 0.0263075
1095 0.0261721
1096 0.0260291
1097 0.0258789
1098 0.0257214
1099 0.0255569
1100 0.0253854
1101 0.0252072
1102 0.0250224
1103 0.0248311
1104 0.0246336
1105 0.02443
1106 0.0242205
1107 0.0240053
1108 0.0237845
1109 0.0235584
1110 0.0233272
1111 0.0230909
1112 0.0228499
1113 0.0226044
1114 0.0223545
1115 0.0221005
1116 0.0218425
1117 0.0215807
1118 0.0213155
1119 0.0210469
1120 0.0207753
1121 0.0205007
1122 0.0202235
1123 0.0199437
1124 0.0196618
1125 0.0193777
1126 0.0190918
1127 0.0188043
1128 0.0185153
1129 0.0182251
1130 0.0179339
1131 0.0176418
1132 0.0173491
1133 0.017056
1134 0.0167626
1135 0.0164691
1136 0.0161757
1137 0.0158826
1138 0.01559
1139 0.015298
1140 0.0150069
1141 0.0147167
1142 0.0144277
1143 0.0141399
1144 0.0138536
1145 0.0135689
1146 0.013286
1147 0.0130049
1148 0.0127258
1149 0.0124489
1150 0.0121742
1151 0.0119019
1152 0.0116321
1153 0.0113649
1154 0.0111004
1155 0.0108388
1156 0.01058
1157 0.0103242
1158 0.0100716
1159 0.00982203
1160 0.00957573
1161 0.00933274
1162 0.00909312
1163 0.00885692
1164 0.0086242
1165 0.00839502
1166 0.00816942
1167 0.00794744
1168 0.00772912
1169 0.00751449
1170 0.00730358
1171 0.00709641
1172 0.006893
1173 0.00669337
1174 0.00649753
1175 0.00630549
1176 0.00611725
1177 0.00593282
1178 0.00575218
1179 0.00557534
1180 0.00540229
1181 0.005233
1182 0.00506747
1183 0.00490568
1184 0.00474761
1185 0.00459322
1186 0.0044425
1187 0.00429541
1188 0.00415193
1189 0.00401202
1190 0.00387564
1191 0.00374275
1192 0.00361332
1193 0.0034873
1194 0.00336466
1195 0.00324534
1196 0.0031293
1197 0.00301649
1198 0.00290686
1199 0.00280036
1200 0.00269695
1201 0.00259657
1202 0.00249916
1203 0.00240468
1204 0.00231306
1205 0.00222426
1206 0.00213823
1207 0.00205489
1208 0.00197421
1209 0.00189612
1210 0.00182056
1211 0.00174749
1212 0.00167684
1213 0.00160856
1214 0.00154259
1215 0.00147888
1216 0.00141737
1217 0.00135801
1218 0.00130075
1219 0.00124552
1220 0.00119227
1221 0.00114096
1222 0.00109153
1223 0.00104392
1224 0.000998084
1225 0.000953975
1226 0.00091154
1227 0.00087073
1228 0.000831496
1229 0.000793791
1230 0.000757567
1231 0.000722779
1232 0.00068938
1233 0.000657326
1234 0.000626575
1235 0.000597082
1236 0.000568806
1237 0.000541707
1238 0.000515743
1239 0.000490876
1240 0.000467068
1241 0.000444282
1242 0.00042248
1243 0.000401627
1244 0.00038169
1245 0.000362633
1246 0.000344424
1247 0.000327032
1248 0.000310425
1249 0.000294573
1250 0.000279447
1251 0.000265019
1252 0.00025126
1253 0.000238145
1254 0.000225647
1255 0.000213741
1256 0.000202403
1257 0.000191609
1258 0.000181336
1259 0.000171564
1260 0.00016227
1261 0.000153433
1262 0.000145035
1263 0.000137056
1264 0.000129477
1265 0.000122281
1266 0.000115451
1267 0.00010897
1268 0.000102822
1269 9.69924e-05
1270 9.14664e-05
1271 8.62297e-05
1272 8.12689e-05
1273 7.65708e-05
1274 7.21231e-05
1275 6.79137e-05
1276 6.39312e-05
1277 6.01645e-05
1278 5.66031e-05
1279 5.32369e-05
1280 5.00562e-05
1281 4.70518e-05
1282 4.42147e-05
1283 4.15365e-05
1284 3.90092e-05
1285 3.66249e-05
1286 3.43763e-05
1287 3.22564e-05
1288 3.02583e-05
1289 2.83758e-05
1290 2.66027e-05
1291 2.49331e-05
1292 2.33615e-05
1293 2.18826e-05
1294 2.04914e-05
1295 1.91831e-05
1296 1.79531e-05
1297 1.67971e-05
1298 1.5711e-05
1299 1.46909e-05
1300 1.37331e-05
1301 1.2834e-05
1302 1.19904e-05
1303 1.11989e-05
1304 1.04567e-05
1305 9.76094e-06
1306 9.10882e-06
1307 8.49782e-06
1308 7.92555e-06
1309 7.38969e-06
1310 6.8881e-06
1311 6.41872e-06
1312 5.97962e-06
1313 5.56896e-06
1314 5.18503e-06
1315 4.8262e-06
1316 4.49092e-06
1317 4.17774e-06
1318 3.8853e-06
1319 3.6123e-06
1320 3.35754e-06
1321 3.11985e-06
1322 2.89817e-06
1323 2.69148e-06
1324 2.49882e-06
1325 2.3193e-06
1326 2.15206e-06
1327 1.99632e-06
1328 1.85133e-06
1329 1.71638e-06
1330 1.59082e-06
1331 1.47403e-06
1332 1.36543e-06
1333 1.26448e-06
1334 1.17066e-06
1335 1.08349e-06
1336 1.00254e-06
1337 9.27366e-07
1338 8.57592e-07
1339 7.92845e-07
1340 7.3278e-07
1341 6.77075e-07
1342 6.2543e-07
1343 5.77561e-07
1344 5.33206e-07
1345 4.9212e-07
1346 4.54072e-07
1347 4.18848e-07
1348 3.86249e-07
1349 3.56086e-07
1350 3.28187e-07
1351 3.02389e-07
1352 2.78541e-07
1353 2.56502e-07
1354 2.36141e-07
1355 2.17334e-07
1356 1.9997e-07
1357 1.83941e-07
1358 1.6915e-07
1359 1.55505e-07
1360 1.4292e-07
1361 1.31317e-07
1362 1.20623e-07
1363 1.10768e-07
1364 1.0169e-07
1365 9.33295e-08
1366 8.56326e-08
1367 7.85485e-08
1368 7.20303e-08
1369 6.60345e-08
1370 6.05209e-08
1371 5.54521e-08
1372 5.07937e-08
1373 4.65136e-08
1374 4.25822e-08
1375 3.89722e-08
1376 3.56584e-08
1377 3.26171e-08
1378 2.9827e-08
1379 2.72679e-08
1380 2.49214e-08
1381 2.27705e-08
1382 2.07994e-08
1383 1.89936e-08
1384 1.73398e-08
1385 1.58256e-08
1386 1.44395e-08
1387 1.31713e-08
1388 1.2011e-08
1389 1.09499e-08
1390 9.97982e-09
1391 9.09312e-09
1392 8.2829e-09
1393 7.54279e-09
1394 6.8669e-09
1395 6.24984e-09
1396 5.68666e-09
1397 5.17279e-09
1398 4.70406e-09
1399 4.27661e-09
1400 3.88694e-09
1401 3.53179e-09
1402 3.20821e-09
1403 2.91347e-09
1404 2.64508e-09
1405 2.40076e-09
1406 2.1784e-09
1407 1.9761e-09
1408 1.79209e-09
1409 1.62477e-09
1410 1.47266e-09
1411 1.33444e-09
1412 1.20885e-09
1413 1.09479e-09
1414 9.91213e-10
1415 8.97193e-10
1416 8.11871e-10
1417 7.34463e-10
1418 6.64254e-10
1419 6.00594e-10
1420 5.42887e-10
1421 4.90591e-10
1422 4.43213e-10
1423 4.00303e-10
1424 3.61448e-10
1425 3.26277e-10
1426 2.94449e-10
1427 2.65654e-10
1428 2.3961e-10
1429 2.16061e-10
1430 1.94775e-10
1431 1.75538e-10
1432 1.58158e-10
1433 1.42461e-10
1434 1.28288e-10
1435 1.15494e-10
1436 1.03947e-10
1437 9.35305e-11
1438 8.41349e-11
1439 7.5663e-11
1440 6.8026e-11
1441 6.11435e-11
1442 5.49426e-11
1443 4.93575e-11
1444 4.43282e-11
1445 3.98008e-11
1446 3.57263e-11
1447 3.20604e-11
1448 2.8763e-11
1449 2.57979e-11
1450 2.31322e-11
1451 2.07365e-11
1452 1.8584e-11
1453 1.66505e-11
1454 1.49142e-11
1455 1.33554e-11
1456 1.19563e-11
1457 1.0701e-11
1458 9.57494e-12
1459 8.56509e-12
1460 7.65971e-12
1461 6.84822e-12
1462 6.12108e-12
1463 5.46969e-12
1464 4.88632e-12
1465 4.36402e-12
1466 3.89651e-12
1467 3.47816e-12
1468 3.1039e-12
1469 2.76918e-12
1470 2.4699e-12
1471 2.20238e-12
1472 1.96332e-12
1473 1.74974e-12
1474 1.55898e-12
1475 1.38865e-12
1476 1.2366e-12
1477 1.10091e-12
1478 9.79844e-13
1479 8.71863e-13
1480 7.75575e-13
1481 6.89739e-13
1482 6.13239e-13
1483 5.4508e-13
1484 4.84368e-13
1485 4.30304e-13
1486 3.82173e-13
1487 3.39336e-13
1488 3.0122e-13
1489 2.67315e-13
1490 2.37163e-13
1491 2.10357e-13
1492 1.86531e-13
1493 1.6536e-13
1494 1.46553e-13
1495 1.29851e-13
1496 1.15022e-13
1497 1.01859e-13
1498 9.01788e-14
1499 7.9817e-14
1500 7.06271e-14
1501 6.24788e-14
1502 5.5256e-14
1503 4.88553e-14
1504 4.31847e-14
1505 3.81623e-14
1506 3.3715e-14
1507 2.97783e-14
1508 2.62942e-14
1509 2.32118e-14
1510 2.04853e-14
1511 1.80743e-14
1512 1.59429e-14
1513 1.40592e-14
1514 1.23948e-14
1515 1.09246e-14
1516 9.62625e-15
1517 8.48001e-15
1518 7.46831e-15
1519 6.57559e-15
1520 5.78808e-15
1521 5.09356e-15
1522 4.48121e-15
1523 3.94145e-15
1524 3.46581e-15
1525 3.04678e-15
1526 2.67772e-15
1527 2.35275e-15
1528 2.06669e-15
1529 1.81494e-15
1530 1.59344e-15
1531 1.39862e-15
1532 1.2273e-15
1533 1.07668e-15
1534 9.4431e-16
1535 8.27999e-16
1536 7.25826e-16
1537 6.36098e-16
1538 5.57319e-16
1539 4.88171e-16
1540 4.27493e-16
1541 3.74261e-16
1542 3.27573e-16
1543 2.86636e-16
1544 2.5075e-16
1545 2.19301e-16
1546 1.91747e-16
1547 1.67612e-16
1548 1.46478e-16
1549 1.27975e-16
1550 1.11781e-16
1551 9.76116e-17
1552 8.52162e-17
1553 7.43758e-17
1554 6.48977e-17
1555 5.6613e-17
1556 4.93733e-17
1557 4.30483e-17
1558 3.7524e-17
1559 3.27003e-17
1560 2.84893e-17
1561 2.48142e-17
1562 2.16077e-17
1563 1.88107e-17
1564 1.63716e-17
1565 1.42451e-17
1566 1.23916e-17
1567 1.07765e-17
1568 9.36951e-18
1569 8.14414e-18
1570 7.0772e-18
1571 6.14847e-18
1572 5.34024e-18
1573 4.63706e-18
1574 4.02544e-18
1575 3.4936e-18
1576 3.03124e-18
1577 2.6294e-18
1578 2.28024e-18
1579 1.97694e-18
1580 1.71355e-18
1581 1.48486e-18
1582 1.28637e-18
1583 1.11412e-18
1584 9.64691e-19
1585 8.35088e-19
1586 7.22712e-19
1587 6.25298e-19
1588 5.40875e-19
1589 4.67731e-19
1590 4.04374e-19
1591 3.4951e-19
1592 3.02012e-19
1593 2.60903e-19
1594 2.25331e-19
1595 1.9456e-19
1596 1.67948e-19
1597 1.44939e-19
1598 1.2505e-19
1599 1.07863e-19
1600 9.30141e-20
1601 8.01891e-20
1602 6.91149e-20
1603 5.95549e-20
1604 5.13041e-20
1605 4.41852e-20
1606 3.80445e-20
1607 3.27488e-20
1608 2.81831e-20
1609 2.42479e-20
1610 2.08568e-20
1611 1.79354e-20
1612 1.54193e-20
1613 1.32528e-20
1614 1.13879e-20
1615 9.78291e-21
1616 8.40201e-21
1617 7.21421e-21
1618 6.19277e-21
1619 5.31461e-21
1620 4.55983e-21
1621 3.91126e-21
1622 3.3541e-21
1623 2.87558e-21
1624 2.46471e-21
1625 2.11201e-21
1626 1.80934e-21
1627 1.54965e-21
1628 1.32689e-21
1629 1.13588e-21
1630 9.72115e-22
1631 8.31754e-22
1632 7.11481e-22
1633 6.08447e-22
1634 5.20203e-22
1635 4.44646e-22
1636 3.79968e-22
1637 3.24617e-22
1638 2.77259e-22
1639 2.36751e-22
1640 2.02111e-22
1641 1.72495e-22
1642 1.47182e-22
1643 1.25553e-22
1644 1.07075e-22
1645 9.12934e-23
1646 7.78184e-23
1647 6.63156e-23
1648 5.6499e-23
1649 4.81234e-23
1650 4.09791e-23
1651 3.48867e-23
1652 2.96925e-23
1653 2.52654e-23
1654 2.14929e-23
1655 1.82791e-23
1656 1.55419e-23
1657 1.32113e-23
1658 1.12274e-23
1659 9.53892e-24
1660 8.10236e-24
1661 6.88041e-24
1662 5.84127e-24
1663 4.95782e-24
1664 4.20693e-24
1665 3.56886e-24
1666 3.0268e-24
1667 2.56642e-24
1668 2.17552e-24
1669 1.8437e-24
1670 1.56209e-24
1671 1.32316e-24
1672 1.12049e-24
1673 9.48624e-25
1674 8.02918e-25
1675 6.79421e-25
1676 5.74773e-25
1677 4.86121e-25
1678 4.11039e-25
1679 3.47466e-25
1680 2.93651e-25
1681 2.48109e-25
1682 2.09577e-25
1683 1.76984e-25
1684 1.49423e-25
1685 1.26122e-25
1686 1.06427e-25
1687 8.97857e-26
1688 7.57273e-26
1689 6.38541e-26
1690 5.3829e-26
1691 4.53664e-26
1692 3.82247e-26
1693 3.21992e-26
1694 2.71167e-26
1695 2.28307e-26
1696 1.92174e-26
1697 1.61719e-26
1698 1.36056e-26
1699 1.14437e-26
1700 9.62295e-27
1701 8.08985e-27
1702 6.79931e-27
1703 5.71322e-27
1704 4.79942e-27
1705 4.03078e-27
1706 3.38439e-27
1707 2.84095e-27
1708 2.38418e-27
1709 2.00036e-27
1710 1.6779e-27
1711 1.40708e-27
1712 1.17968e-27
1713 9.88778e-28
1714 8.28565e-28
1715 6.9414e-28
1716 5.81379e-28
1717 4.86815e-28
1718 4.07531e-28
1719 3.41074e-28
1720 2.85384e-28
1721 2.38728e-28
1722 1.99649e-28
1723 1.66926e-28
1724 1.39532e-28
1725 1.16604e-28
1726 9.74196e-29
1727 8.13712e-29
1728 6.79496e-29
1729 5.67276e-29
1730 4.73472e-29
1731 3.9508e-29
1732 3.29585e-29
1733 2.74879e-29
1734 2.29196e-29
1735 1.91058e-29
1736 1.59226e-29
1737 1.32664e-29
1738 1.10505e-29
1739 9.20249e-30
1740 7.66158e-30
1741 6.37708e-30
1742 5.3066e-30
1743 4.41471e-30
1744 3.6718e-30
1745 3.05313e-30
1746 2.53807e-30
1747 2.10937e-30
1748 1.75263e-30
1749 1.45586e-30
1750 1.20904e-30
1751 1.00381e-30
1752 8.33207e-31
1753 6.91424e-31
1754 5.73623e-31
1755 4.75772e-31
1756 3.94513e-31
1757 3.2705e-31
1758 2.71055e-31
1759 2.2459e-31
1760 1.86044e-31
1761 1.54074e-31
1762 1.27566e-31
1763 1.05592e-31
1764 8.73805e-32
1765 7.2292e-32
1766 5.97939e-32
1767 4.9444e-32
1768 4.08753e-32
1769 3.37831e-32
1770 2.79144e-32
1771 2.30594e-32
1772 1.9044e-32
1773 1.57238e-32
1774 1.29793e-32
1775 1.07111e-32
1776 8.83702e-33
1777 7.28904e-33
1778 6.01071e-33
1779 4.95533e-33
1780 4.08423e-33
1781 3.36542e-33
1782 2.77242e-33
1783 2.28334e-33
1784 1.88007e-33
1785 1.54764e-33
1786 1.27366e-33
1787 1.04793e-33
1788 8.61989e-34
1789 7.08863e-34
1790 5.82794e-34
1791 4.79026e-34
1792 3.93636e-34
1793 3.23387e-34
1794 2.65608e-34
1795 2.18098e-34
1796 1.79042e-34
1797 1.46943e-34
1798 1.20569e-34
1799 9.8904e-35
1800 8.11116e-35
1801 6.65035e-35
1802 5.45126e-35
1803 4.46726e-35
1804 3.65997e-35
1805 2.99782e-35
1806 2.45484e-35
1807 2.00971e-35
1808 1.64489e-35
1809 1.34595e-35
1810 1.10106e-35
1811 9.00507e-36
1812 7.36297e-36
1813 6.0188e-36
1814 4.91878e-36
1815 4.01879e-36
1816 3.28265e-36
1817 2.68067e-36
1818 2.18853e-36
1819 1.78629e-36
1820 1.45761e-36
1821 1.18911e-36
1822 9.69822e-37
1823 7.90772e-37
1824 6.44615e-37
1825 5.25338e-37
1826 4.28023e-37
1827 3.48645e-37
1828 2.83916e-37
1829 2.31146e-37
1830 1.88135e-37
1831 1.53089e-37
1832 1.24539e-37
1833 1.01288e-37
1834 8.2356e-38
1835 6.69457e-38
1836 5.4405e-38
1837 4.42021e-38
1838 3.59034e-38
1839 2.91552e-38
1840 2.36693e-38
1841 1.92106e-38
1842 1.55879e-38
1843 1.2645e-38
1844 1.02551e-38
1845 8.31475e-39
1846 6.73978e-39
1847 5.46173e-39
1848 4.42489e-39
1849 3.58395e-39
1850 2.90209e-39
1851 2.34934e-39
1852 1.90139e-39
1853 1.53844e-39
1854 1.24446e-39
1855 1.0064e-39
1856 8.13663e-40
1857 6.57671e-40
1858 5.31447e-40
1859 4.29339e-40
1860 3.4676e-40
1861 2.79992e-40
1862 2.26021e-40
1863 1.82408e-40
1864 1.47172e-40
1865 1.18712e-40
1866 9.57312e-41
1867 7.71793e-41
1868 6.22066e-41
1869 5.01258e-41
1870 4.03808e-41
1871 3.2522e-41
1872 2.6186e-41
1873 2.1079e-41
1874 1.69636e-41
1875 1.36483e-41
1876 1.09781e-41
1877 8.82799e-42
1878 7.09721e-42
1879 5.70431e-42
1880 4.5836e-42
1881 3.68214e-42
1882 2.95721e-42
1883 2.3744e-42
1884 1.90597e-42
1885 1.52955e-42
1886 1.22717e-42
1887 9.84308e-43
1888 7.8931e-43
1889 6.32781e-43
1890 5.07163e-43
1891 4.06378e-43
1892 3.25538e-43
1893 2.60712e-43
1894 2.08742e-43
1895 1.67088e-43
1896 1.33712e-43
1897 1.06975e-43
1898 8.55622e-44
1899 6.84178e-44
1900 5.46945e-44
1901 4.37125e-44
1902 3.49264e-44
1903 2.78991e-44
1904 2.22798e-44
1905 1.77877e-44
1906 1.41976e-44
1907 1.13291e-44
1908 9.03776e-45
1909 7.20795e-45
1910 5.74709e-45
1911 4.5811e-45
1912 3.65069e-45
1913 2.90848e-45
1914 2.31654e-45
1915 1.84458e-45
1916 1.46839e-45
1917 1.1686e-45
1918 9.29767e-46
1919 7.39547e-46
1920 5.88084e-46
1921 4.67515e-46
1922 3.71565e-46
1923 2.95226e-46
1924 2.34508e-46
1925 1.86226e-46
1926 1.47845e-46
1927 1.17342e-46
1928 9.31062e-47
1929 7.38561e-47
1930 5.85699e-47
1931 4.64347e-47
1932 3.68037e-47
1933 2.91622e-47
1934 2.31009e-47
1935 1.82943e-47
1936 1.44839e-47
1937 1.14639e-47
1938 9.07107e-48
1939 7.1757e-48
1940 5.67479e-48
1941 4.48657e-48
1942 3.54616e-48
1943 2.80208e-48
1944 2.21352e-48
1945 1.74809e-48
1946 1.38014e-48
1947 1.08934e-48
1948 8.5957e-49
1949 6.78076e-49
1950 5.34755e-49
1951 4.21609e-49
1952 3.32311e-49
1953 2.61854e-49
1954 2.06277e-49
1955 1.62452e-49
1956 1.27902e-49
1957 1.00672e-49
1958 7.92171e-50
1959 6.23174e-50
1960 4.90095e-50
1961 3.85328e-50
1962 3.02873e-50
1963 2.37997e-50
1964 1.86965e-50
1965 1.46836e-50
1966 1.15288e-50
1967 9.04928e-51
1968 7.1011e-51
1969 5.5708e-51
1970 4.36909e-51
1971 3.42566e-51
1972 2.68521e-51
1973 2.10422e-51
1974 1.64849e-51
1975 1.29111e-51
1976 1.01093e-51
1977 7.91328e-52
1978 6.19262e-52
1979 4.84477e-52
1980 3.78924e-52
1981 2.96286e-52
1982 2.31606e-52
1983 1.80997e-52
1984 1.41407e-52
1985 1.10446e-52
1986 8.62402e-53
1987 6.73207e-53
1988 5.25372e-53
1989 4.09887e-53
1990 3.19698e-53
1991 2.49284e-53
1992 1.94325e-53
1993 1.51439e-53
1994 1.17985e-53
1995 9.1895e-54
1996 7.1554e-54
1997 5.56996e-54
1998 4.33457e-54
1999 3.37222e-54
2000 2.62277e-54
2001 2.03929e-54
2002 1.58515e-54
2003 1.23179e-54
2004 9.56919e-55
2005 7.43166e-55
2006 5.7699e-55
2007 4.47839e-55
2008 3.47493e-55
2009 2.69551e-55
2010 2.09028e-55
2011 1.62046e-55
2012 1.25586e-55
2013 9.72995e-56
2014 7.53616e-56
2015 5.83524e-56
2016 4.51686e-56
2017 3.49531e-56
2018 2.70399e-56
2019 2.09122e-56
2020 1.61686e-56
2021 1.24975e-56
2022 9.65748e-57
2023 7.46102e-57
2024 5.76286e-57
2025 4.45038e-57
2026 3.43632e-57
2027 2.6531e-57
2028 2.04836e-57
2029 1.58159e-57
2030 1.22145e-57
2031 9.4366e-58
2032 7.29477e-58
2033 5.64396e-58
2034 4.37207e-58
2035 3.39253e-58
2036 2.63848e-58
2037 2.0583e-58
2038 1.61217e-58
2039 1.26937e-58
2040 1.00627e-58
2041 8.0464e-59
2042 6.50499e-59
2043 5.3312e-59
2044 4.44316e-59
2045 3.77878e-59
2046 3.29147e-59
2047 2.94696e-59
