0 2.38545e-48
1 1.42925e-48
2 7.71776e-49
3 3.79638e-49
4 2.32145e-49
5 3.2029e-49
6 6.4625e-49
7 1.22342e-48
8 2.07698e-48
9 3.24498e-48
10 4.78005e-48
11 6.75169e-48
12 9.24946e-48
13 1.2387e-47
14 1.63071e-47
15 2.11879e-47
16 2.72513e-47
17 3.47724e-47
18 4.40925e-47
19 5.56329e-47
20 6.99151e-47
21 8.75834e-47
22 1.09433e-46
23 1.36445e-46
24 1.6983e-46
25 2.11083e-46
26 2.62044e-46
27 3.24984e-46
28 4.02699e-46
29 4.98638e-46
30 6.17046e-46
31 7.63151e-46
32 9.43388e-46
33 1.16568e-45
34 1.43979e-45
35 1.7777e-45
36 2.19417e-45
37 2.70734e-45
38 3.33953e-45
39 4.11815e-45
40 5.07689e-45
41 6.25714e-45
42 7.70976e-45
43 9.49717e-45
44 1.1696e-44
45 1.44004e-44
46 1.77256e-44
47 2.18134e-44
48 2.68375e-44
49 3.30106e-44
50 4.0594e-44
51 4.99075e-44
52 6.13432e-44
53 7.53812e-44
54 9.26096e-44
55 1.13749e-43
56 1.39679e-43
57 1.7148e-43
58 2.10471e-43
59 2.58266e-43
60 3.16839e-43
61 3.88602e-43
62 4.76505e-43
63 5.84152e-43
64 7.15944e-43
65 8.7726e-43
66 1.07466e-42
67 1.31617e-42
68 1.61155e-42
69 1.97276e-42
70 2.41434e-42
71 2.95404e-42
72 3.6135e-42
73 4.41911e-42
74 5.40302e-42
75 6.60439e-42
76 8.0709e-42
77 9.86067e-42
78 1.20444e-41
79 1.47082e-41
80 1.79567e-41
81 2.19174e-41
82 2.67452e-41
83 3.26285e-41
84 3.97964e-41
85 4.8527e-41
86 5.91589e-41
87 7.21029e-41
88 8.78576e-41
89 1.07029e-40
90 1.30353e-40
91 1.58721e-40
92 1.93217e-40
93 2.35154e-40
94 2.86125e-40
95 3.48062e-40
96 4.23306e-40
97 5.14693e-40
98 6.25663e-40
99 7.6038e-40
100 9.23885e-40
101 1.12228e-39
102 1.36297e-39
103 1.65489e-39
104 2.00886e-39
105 2.43796e-39
106 2.95804e-39
107 3.58823e-39
108 4.35166e-39
109 5.2763e-39
110 6.39589e-39
111 7.75126e-39
112 9.39169e-39
113 1.13766e-38
114 1.37778e-38
115 1.6682e-38
116 2.01936e-38
117 2.44387e-38
118 2.95692e-38
119 3.57685e-38
120 4.32575e-38
121 5.23021e-38
122 6.32229e-38
123 7.64061e-38
124 9.23166e-38
125 1.11514e-37
126 1.34671e-37
127 1.62599e-37
128 1.96272e-37
129 2.36862e-37
130 2.85778e-37
131 3.44714e-37
132 4.15706e-37
133 5.01197e-37
134 6.04126e-37
135 7.28017e-37
136 8.77105e-37
137 1.05647e-36
138 1.27221e-36
139 1.53163e-36
140 1.84351e-36
141 2.21836e-36
142 2.66879e-36
143 3.2099e-36
144 3.85979e-36
145 4.64014e-36
146 5.57692e-36
147 6.70119e-36
148 8.05016e-36
149 9.66836e-36
150 1.16091e-35
151 1.39359e-35
152 1.67252e-35
153 2.00679e-35
154 2.40729e-35
155 2.88703e-35
156 3.46155e-35
157 4.14941e-35
158 4.97277e-35
159 5.9581e-35
160 7.13698e-35
161 8.54709e-35
162 1.02334e-34
163 1.22495e-34
164 1.46593e-34
165 1.75392e-34
166 2.09798e-34
167 2.50895e-34
168 2.99973e-34
169 3.58568e-34
170 4.28507e-34
171 5.11969e-34
172 6.11547e-34
173 7.30322e-34
174 8.71963e-34
175 1.04083e-33
176 1.24212e-33
177 1.48199e-33
178 1.76777e-33
179 2.10817e-33
180 2.51355e-33
181 2.99617e-33
182 3.57062e-33
183 4.25423e-33
184 5.06754e-33
185 6.03493e-33
186 7.18531e-33
187 8.55299e-33
188 1.01786e-32
189 1.21104e-32
190 1.44054e-32
191 1.71312e-32
192 2.03681e-32
193 2.42109e-32
194 2.87718e-32
195 3.41838e-32
196 4.06042e-32
197 4.8219e-32
198 5.72482e-32
199 6.79519e-32
200 8.06376e-32
201 9.56686e-32
202 1.13474e-31
203 1.34561e-31
204 1.59528e-31
205 1.89083e-31
206 2.24058e-31
207 2.65439e-31
208 3.14387e-31
209 3.7227e-31
210 4.40705e-31
211 5.21594e-31
212 6.1718e-31
213 7.30107e-31
214 8.63488e-31
215 1.02099e-30
216 1.20693e-30
217 1.42639e-30
218 1.68535e-30
219 1.99084e-30
220 2.35115e-30
221 2.776e-30
222 3.27683e-30
223 3.86711e-30
224 4.56263e-30
225 5.38197e-30
226 6.34693e-30
227 7.48314e-30
228 8.82067e-30
229 1.03948e-29
230 1.2247e-29
231 1.44259e-29
232 1.69884e-29
233 2.00014e-29
234 2.35434e-29
235 2.7706e-29
236 3.25972e-29
237 3.83428e-29
238 4.50908e-29
239 5.30141e-29
240 6.23152e-29
241 7.32312e-29
242 8.60395e-29
243 1.01065e-28
244 1.18686e-28
245 1.39348e-28
246 1.63569e-28
247 1.91955e-28
248 2.25215e-28
249 2.64178e-28
250 3.09808e-28
251 3.63236e-28
252 4.25778e-28
253 4.98971e-28
254 5.84611e-28
255 6.84788e-28
256 8.01943e-28
257 9.38919e-28
258 1.09903e-27
259 1.28614e-27
260 1.50476e-27
261 1.76011e-27
262 2.0583e-27
263 2.40643e-27
264 2.81277e-27
265 3.28694e-27
266 3.84012e-27
267 4.4853e-27
268 5.23763e-27
269 6.11466e-27
270 7.13682e-27
271 8.32782e-27
272 9.71523e-27
273 1.1331e-26
274 1.32123e-26
275 1.54022e-26
276 1.79507e-26
277 2.09158e-26
278 2.43647e-26
279 2.83754e-26
280 3.30383e-26
281 3.84581e-26
282 4.4756e-26
283 5.20728e-26
284 6.0571e-26
285 7.04391e-26
286 8.18951e-26
287 9.51913e-26
288 1.1062e-25
289 1.28518e-25
290 1.49276e-25
291 1.73346e-25
292 2.01249e-25
293 2.33589e-25
294 2.7106e-25
295 3.14469e-25
296 3.64743e-25
297 4.22955e-25
298 4.90343e-25
299 5.68335e-25
300 6.58577e-25
301 7.62972e-25
302 8.83709e-25
303 1.02331e-24
304 1.1847e-24
305 1.37122e-24
306 1.58674e-24
307 1.83571e-24
308 2.12325e-24
309 2.45527e-24
310 2.83855e-24
311 3.2809e-24
312 3.79132e-24
313 4.38013e-24
314 5.05921e-24
315 5.84221e-24
316 6.74484e-24
317 7.78511e-24
318 8.98372e-24
319 1.03645e-23
320 1.19546e-23
321 1.37855e-23
322 1.5893e-23
323 1.83184e-23
324 2.11089e-23
325 2.43187e-23
326 2.80099e-23
327 3.22537e-23
328 3.71315e-23
329 4.27366e-23
330 4.91761e-23
331 5.6572e-23
332 6.50645e-23
333 7.48136e-23
334 8.60025e-23
335 9.88405e-23
336 1.13567e-22
337 1.30456e-22
338 1.49819e-22
339 1.72013e-22
340 1.97447e-22
341 2.26585e-22
342 2.59959e-22
343 2.98174e-22
344 3.41923e-22
345 3.91993e-22
346 4.49284e-22
347 5.14821e-22
348 5.89772e-22
349 6.75468e-22
350 7.73426e-22
351 8.85371e-22
352 1.01327e-21
353 1.15936e-21
354 1.32619e-21
355 1.51666e-21
356 1.73407e-21
357 1.98215e-21
358 2.26518e-21
359 2.58801e-21
360 2.95613e-21
361 3.37582e-21
362 3.85416e-21
363 4.39925e-21
364 5.02024e-21
365 5.72753e-21
366 6.53295e-21
367 7.44989e-21
368 8.49354e-21
369 9.68115e-21
370 1.10323e-20
371 1.2569e-20
372 1.43165e-20
373 1.63033e-20
374 1.85614e-20
375 2.11275e-20
376 2.40428e-20
377 2.73541e-20
378 3.11143e-20
379 3.53833e-20
380 4.02287e-20
381 4.57272e-20
382 5.19652e-20
383 5.90405e-20
384 6.70636e-20
385 7.61593e-20
386 8.64684e-20
387 9.81501e-20
388 1.11384e-19
389 1.26372e-19
390 1.43343e-19
391 1.62555e-19
392 1.84297e-19
393 2.08898e-19
394 2.36725e-19
395 2.68194e-19
396 3.03773e-19
397 3.43987e-19
398 3.8943e-19
399 4.40767e-19
400 4.98748e-19
401 5.64215e-19
402 6.38117e-19
403 7.21517e-19
404 8.15612e-19
405 9.21746e-19
406 1.04143e-18
407 1.17635e-18
408 1.32841e-18
409 1.49975e-18
410 1.69275e-18
411 1.9101e-18
412 2.15481e-18
413 2.43025e-18
414 2.74019e-18
415 3.08887e-18
416 3.48103e-18
417 3.92198e-18
418 4.41766e-18
419 4.97471e-18
420 5.6006e-18
421 6.30363e-18
422 7.09314e-18
423 7.97952e-18
424 8.97442e-18
425 1.00909e-17
426 1.13434e-17
427 1.27482e-17
428 1.43236e-17
429 1.60897e-17
430 1.80691e-17
431 2.02872e-17
432 2.27721e-17
433 2.55554e-17
434 2.86719e-17
435 3.2161e-17
436 3.60663e-17
437 4.04363e-17
438 4.53253e-17
439 5.07937e-17
440 5.69088e-17
441 6.37455e-17
442 7.13873e-17
443 7.9927e-17
444 8.9468e-17
445 1.00125e-16
446 1.12027e-16
447 1.25315e-16
448 1.40147e-16
449 1.567e-16
450 1.75168e-16
451 1.95768e-16
452 2.18742e-16
453 2.44356e-16
454 2.72907e-16
455 3.04724e-16
456 3.40173e-16
457 3.79658e-16
458 4.23627e-16
459 4.72579e-16
460 5.27062e-16
461 5.87688e-16
462 6.55131e-16
463 7.30139e-16
464 8.13537e-16
465 9.0624e-16
466 1.00926e-15
467 1.12371e-15
468 1.25083e-15
469 1.39197e-15
470 1.54865e-15
471 1.72253e-15
472 1.91543e-15
473 2.12939e-15
474 2.36662e-15
475 2.6296e-15
476 2.92103e-15
477 3.24389e-15
478 3.60147e-15
479 3.9974e-15
480 4.43566e-15
481 4.92064e-15
482 5.45717e-15
483 6.05055e-15
484 6.70663e-15
485 7.43182e-15
486 8.23319e-15
487 9.11848e-15
488 1.00962e-14
489 1.11758e-14
490 1.23674e-14
491 1.36824e-14
492 1.51331e-14
493 1.67331e-14
494 1.84974e-14
495 2.04423e-14
496 2.25858e-14
497 2.49475e-14
498 2.7549e-14
499 3.04139e-14
500 3.35682e-14
501 3.70402e-14
502 4.08612e-14
503 4.50651e-14
504 4.96893e-14
505 5.47747e-14
506 6.03661e-14
507 6.65123e-14
508 7.32672e-14
509 8.06892e-14
510 8.88427e-14
511 9.77978e-14
512 1.07631e-13
513 1.18427e-13
514 1.30277e-13
515 1.43281e-13
516 1.57548e-13
517 1.73199e-13
518 1.90364e-13
519 2.09186e-13
520 2.29819e-13
521 2.52434e-13
522 2.77217e-13
523 3.04368e-13
524 3.34107e-13
525 3.66676e-13
526 4.02334e-13
527 4.41365e-13
528 4.84081e-13
529 5.30816e-13
530 5.81937e-13
531 6.37843e-13
532 6.98966e-13
533 7.65777e-13
534 8.38785e-13
535 9.18544e-13
536 1.00566e-12
537 1.10077e-12
538 1.2046e-12
539 1.31791e-12
540 1.44152e-12
541 1.57633e-12
542 1.72333e-12
543 1.88354e-12
544 2.05813e-12
545 2.2483e-12
546 2.45539e-12
547 2.68083e-12
548 2.92617e-12
549 3.19307e-12
550 3.48334e-12
551 3.79891e-12
552 4.14187e-12
553 4.51448e-12
554 4.91915e-12
555 5.3585e-12
556 5.83533e-12
557 6.35267e-12
558 6.91376e-12
559 7.5221e-12
560 8.18143e-12
561 8.89579e-12
562 9.66952e-12
563 1.05072e-11
564 1.1414e-11
565 1.23951e-11
566 1.34563e-11
567 1.46039e-11
568 1.58443e-11
569 1.71848e-11
570 1.8633e-11
571 2.01971e-11
572 2.18857e-11
573 2.37085e-11
574 2.56754e-11
575 2.77973e-11
576 3.00858e-11
577 3.25533e-11
578 3.52134e-11
579 3.80802e-11
580 4.11692e-11
581 4.44968e-11
582 4.80808e-11
583 5.19402e-11
584 5.60953e-11
585 6.05679e-11
586 6.53814e-11
587 7.05611e-11
588 7.61338e-11
589 8.21284e-11
590 8.8576e-11
591 9.55097e-11
592 1.02965e-10
593 1.10981e-10
594 1.19597e-10
595 1.28859e-10
596 1.38812e-10
597 1.49508e-10
598 1.61e-10
599 1.73346e-10
600 1.86608e-10
601 2.00852e-10
602 2.16148e-10
603 2.32573e-10
604 2.50208e-10
605 2.69138e-10
606 2.89456e-10
607 3.1126e-10
608 3.34655e-10
609 3.59753e-10
610 3.86672e-10
611 4.1554e-10
612 4.46491e-10
613 4.79669e-10
614 5.15225e-10
615 5.5332e-10
616 5.94127e-10
617 6.37826e-10
618 6.84608e-10
619 7.34678e-10
620 7.88249e-10
621 8.45547e-10
622 9.06812e-10
623 9.72296e-10
624 1.04226e-09
625 1.11699e-09
626 1.19677e-09
627 1.28191e-09
628 1.37274e-09
629 1.46959e-09
630 1.57281e-09
631 1.68277e-09
632 1.79987e-09
633 1.92449e-09
634 2.05706e-09
635 2.19802e-09
636 2.34782e-09
637 2.50693e-09
638 2.67583e-09
639 2.85505e-09
640 3.0451e-09
641 3.24652e-09
642 3.45989e-09
643 3.68578e-09
644 3.92479e-09
645 4.17755e-09
646 4.4447e-09
647 4.72689e-09
648 5.0248e-09
649 5.33915e-09
650 5.67064e-09
651 6.02004e-09
652 6.38809e-09
653 6.7756e-09
654 7.18338e-09
655 7.61228e-09
656 8.06315e-09
657 8.5369e-09
658 9.03445e-09
659 9.55677e-09
660 1.01048e-08
661 1.06797e-08
662 1.12825e-08
663 1.19142e-08
664 1.25761e-08
665 1.32694e-08
666 1.39953e-08
667 1.47553e-08
668 1.55507e-08
669 1.6383e-08
670 1.72538e-08
671 1.81648e-08
672 1.91177e-08
673 2.01145e-08
674 2.1157e-08
675 2.22476e-08
676 2.33884e-08
677 2.45819e-08
678 2.58307e-08
679 2.71377e-08
680 2.85057e-08
681 2.99379e-08
682 3.1438e-08
683 3.30094e-08
684 3.46563e-08
685 3.63827e-08
686 3.81933e-08
687 4.00929e-08
688 4.20867e-08
689 4.41803e-08
690 4.63796e-08
691 4.86909e-08
692 5.11211e-08
693 5.36773e-08
694 5.63671e-08
695 5.91988e-08
696 6.21808e-08
697 6.53224e-08
698 6.86331e-08
699 7.21232e-08
700 7.58034e-08
701 7.96849e-08
702 8.37796e-08
703 8.80999e-08
704 9.26586e-08
705 9.74693e-08
706 1.02546e-07
707 1.07903e-07
708 1.13556e-07
709 1.19521e-07
710 1.25813e-07
711 1.32448e-07
712 1.39445e-07
713 1.46819e-07
714 1.54589e-07
715 1.62773e-07
716 1.71387e-07
717 1.80452e-07
718 1.89984e-07
719 2.00002e-07
720 2.10524e-07
721 2.21567e-07
722 2.3315e-07
723 2.45288e-07
724 2.57998e-07
725 2.71296e-07
726 2.85197e-07
727 2.99714e-07
728 3.14859e-07
729 3.30645e-07
730 3.4708e-07
731 3.64173e-07
732 3.8193e-07
733 4.00356e-07
734 4.19452e-07
735 4.39218e-07
736 4.59651e-07
737 4.80745e-07
738 5.02492e-07
739 5.24881e-07
740 5.47895e-07
741 5.71516e-07
742 5.95723e-07
743 6.20489e-07
744 6.45785e-07
745 6.71575e-07
746 6.97823e-07
747 7.24485e-07
748 7.51514e-07
749 7.78859e-07
750 8.06464e-07
751 8.34267e-07
752 8.62204e-07
753 8.90205e-07
754 9.18196e-07
755 9.46098e-07
756 9.73827e-07
757 1.0013e-06
758 1.02842e-06
759 1.05509e-06
760 1.08122e-06
761 1.10671e-06
762 1.13145e-06
763 1.15533e-06
764 1.17825e-06
765 1.2001e-06
766 1.22077e-06
767 1.24014e-06
768 1.2581e-06
769 1.27456e-06
770 1.28939e-06
771 1.3025e-06
772 1.31379e-06
773 1.32315e-06
774 1.3305e-06
775 1.33576e-06
776 1.33884e-06
777 1.33969e-06
778 1.33823e-06
779 1.33443e-06
780 1.32824e-06
781 1.31965e-06
782 1.30866e-06
783 1.29525e-06
784 1.27948e-06
785 1.26137e-06
786 1.24099e-06
787 1.21843e-06
788 1.1938e-06
789 1.16723e-06
790 1.13887e-06
791 1.10892e-06
792 1.07757e-06
793 1.04508e-06
794 1.01172e-06
795 9.77781e-07
796 9.43607e-07
797 9.09567e-07
798 8.76063e-07
799 8.43537e-07
800 8.12463e-07
801 7.83355e-07
802 7.56765e-07
803 7.33283e-07
804 7.13538e-07
805 6.98199e-07
806 6.87973e-07
807 6.83609e-07
808 6.85895e-07
809 6.95658e-07
810 7.13767e-07
811 7.41127e-07
812 7.78685e-07
813 8.27423e-07
814 8.88362e-07
815 9.62561e-07
816 1.05111e-06
817 1.15514e-06
818 1.27581e-06
819 1.41431e-06
820 1.57187e-06
821 1.74972e-06
822 1.94916e-06
823 2.17148e-06
824 2.41801e-06
825 2.69009e-06
826 2.98909e-06
827 3.31639e-06
828 3.67337e-06
829 4.06146e-06
830 4.48205e-06
831 4.93658e-06
832 5.42647e-06
833 5.95315e-06
834 6.51805e-06
835 7.12259e-06
836 7.76819e-06
837 8.45627e-06
838 9.18823e-06
839 9.96546e-06
840 1.07893e-05
841 1.16612e-05
842 1.25825e-05
843 1.35544e-05
844 1.45783e-05
845 1.56555e-05
846 1.67873e-05
847 1.79748e-05
848 1.92194e-05
849 2.05221e-05
850 2.18843e-05
851 2.33069e-05
852 2.47913e-05
853 2.63384e-05
854 2.79493e-05
855 2.96253e-05
856 3.13672e-05
857 3.31762e-05
858 3.50533e-05
859 3.69996e-05
860 3.90161e-05
861 4.11038e-05
862 4.32639e-05
863 4.54973e-05
864 4.78051e-05
865 5.01886e-05
866 5.26488e-05
867 5.5187e-05
868 5.78044e-05
869 6.05023e-05
870 6.3282e-05
871 6.6145e-05
872 6.9093e-05
873 7.21273e-05
874 7.52499e-05
875 7.84626e-05
876 8.17673e-05
877 8.51661e-05
878 8.86614e-05
879 9.22555e-05
880 9.5951e-05
881 9.97508e-05
882 0.000103658
883 0.000107675
884 0.000111807
885 0.000116056
886 0.000120426
887 0.000124922
888 0.000129549
889 0.00013431
890 0.000139212
891 0.000144259
892 0.000149458
893 0.000154813
894 0.000160333
895 0.000166024
896 0.000171893
897 0.000177948
898 0.000184197
899 0.000190648
900 0.000197311
901 0.000204195
902 0.00021131
903 0.000218666
904 0.000226275
905 0.000234148
906 0.000242297
907 0.000250734
908 0.000259473
909 0.000268526
910 0.000277909
911 0.000287637
912 0.000297723
913 0.000308185
914 0.000319039
915 0.000330301
916 0.000341991
917 0.000354125
918 0.000366723
919 0.000379805
920 0.00039339
921 0.000407499
922 0.000422154
923 0.000437376
924 0.000453189
925 0.000469615
926 0.000486678
927 0.000504403
928 0.000522814
929 0.000541938
930 0.000561799
931 0.000582426
932 0.000603844
933 0.000626083
934 0.00064917
935 0.000673135
936 0.000698006
937 0.000723814
938 0.000750588
939 0.000778361
940 0.000807163
941 0.000837025
942 0.000867981
943 0.000900063
944 0.000933303
945 0.000967736
946 0.00100339
947 0.00104031
948 0.00107852
949 0.00111806
950 0.00115896
951 0.00120127
952 0.001245
953 0.0012902
954 0.00133691
955 0.00138515
956 0.00143497
957 0.0014864
958 0.00153948
959 0.00159424
960 0.00165071
961 0.00170894
962 0.00176895
963 0.00183079
964 0.00189448
965 0.00196006
966 0.00202758
967 0.00209705
968 0.00216851
969 0.002242
970 0.00231754
971 0.00239518
972 0.00247494
973 0.00255686
974 0.00264095
975 0.00272726
976 0.00281581
977 0.00290663
978 0.00299975
979 0.00309519
980 0.00319298
981 0.00329314
982 0.0033957
983 0.00350068
984 0.00360809
985 0.00371797
986 0.00383033
987 0.00394518
988 0.00406254
989 0.00418243
990 0.00430486
991 0.00442985
992 0.0045574
993 0.00468752
994 0.00482022
995 0.0049555
996 0.00509337
997 0.00523384
998 0.0053769
999 0.00552255
1000 0.00567078
1001 0.0058216
1002 0.00597499
1003 0.00613095
1004 0.00628946
1005 0.00645052
1006 0.0066141
1007 0.00678019
1008 0.00694877
1009 0.00711981
1010 0.0072933
1011 0.00746921
1012 0.0076475
1013 0.00782815
1014 0.00801112
1015 0.00819638
1016 0.00838389
1017 0.0085736
1018 0.00876549
1019 0.00895949
1020 0.00915556
1021 0.00935366
1022 0.00955372
1023 0.0097557
1024 0.00995953
1025 0.0101652
1026 0.0103725
1027 0.0105815
1028 0.0107922
1029 0.0110043
1030 0.0112179
1031 0.0114329
1032 0.0116492
1033 0.0118667
1034 0.0120854
1035 0.0123051
1036 0.0125258
1037 0.0127474
1038 0.0129698
1039 0.0131928
1040 0.0134165
1041 0.0136407
1042 0.0138653
1043 0.0140902
1044 0.0143153
1045 0.0145405
1046 0.0147657
1047 0.0149907
1048 0.0152156
1049 0.0154401
1050 0.0156642
1051 0.0158877
1052 0.0161105
1053 0.0163326
1054 0.0165537
1055 0.0167738
1056 0.0169928
1057 0.0172105
1058 0.0174268
1059 0.0176416
1060 0.0178548
1061 0.0180662
1062 0.0182758
1063 0.0184834
1064 0.0186888
1065 0.018892
1066 0.0190929
1067 0.0192913
1068 0.0194871
1069 0.0196802
1070 0.0198704
1071 0.0200577
1072 0.0202419
1073 0.0204229
1074 0.0206006
1075 0.0207748
1076 0.0209456
1077 0.0211127
1078 0.0212761
1079 0.0214355
1080 0.0215911
1081 0.0217425
1082 0.0218898
1083 0.0220328
1084 0.0221715
1085 0.0223056
1086 0.0224353
1087 0.0225603
1088 0.0226805
1089 0.022796
1090 0.0229065
1091 0.0230121
1092 0.0231127
1093 0.0232081
1094 0.0232983
1095 0.0233833
1096 0.023463
1097 0.0235374
1098 0.0236063
1099 0.0236697
1100 0.0237276
1101 0.02378
1102 0.0238268
1103 0.023868
1104 0.0239035
1105 0.0239333
1106 0.0239574
1107 0.0239758
1108 0.0239884
1109 0.0239953
1110 0.0239965
1111 0.0239918
1112 0.0239815
1113 0.0239654
1114 0.0239435
1115 0.0239159
1116 0.0238827
1117 0.0238437
1118 0.0237991
1119 0.0237489
1120 0.0236931
1121 0.0236317
1122 0.0235648
1123 0.0234925
1124 0.0234148
1125 0.0233317
1126 0.0232433
1127 0.0231497
1128 0.023051
1129 0.0229471
1130 0.0228382
1131 0.0227243
1132 0.0226056
1133 0.0224821
1134 0.0223539
1135 0.0222211
1136 0.0220837
1137 0.0219419
1138 0.0217958
1139 0.0216454
1140 0.0214909
1141 0.0213323
1142 0.0211698
1143 0.0210035
1144 0.0208335
1145 0.0206599
1146 0.0204828
1147 0.0203023
1148 0.0201185
1149 0.0199317
1150 0.0197417
1151 0.0195489
1152 0.0193533
1153 0.0191551
1154 0.0189543
1155 0.0187511
1156 0.0185455
1157 0.0183379
1158 0.0181281
1159 0.0179165
1160 0.017703
1161 0.0174879
1162 0.0172712
1163 0.0170531
1164 0.0168337
1165 0.0166131
1166 0.0163914
1167 0.0161688
1168 0.0159453
1169 0.0157212
1170 0.0154965
1171 0.0152712
1172 0.0150457
1173 0.0148199
1174 0.0145939
1175 0.0143679
1176 0.014142
1177 0.0139163
1178 0.0136909
1179 0.0134659
1180 0.0132414
1181 0.0130175
1182 0.0127943
1183 0.0125719
1184 0.0123504
1185 0.0121298
1186 0.0119103
1187 0.011692
1188 0.0114748
1189 0.011259
1190 0.0110446
1191 0.0108317
1192 0.0106203
1193 0.0104105
1194 0.0102023
1195 0.00999595
1196 0.00979138
1197 0.00958867
1198 0.0093879
1199 0.0091891
1200 0.00899235
1201 0.00879767
1202 0.00860513
1203 0.00841477
1204 0.00822663
1205 0.00804075
1206 0.00785716
1207 0.00767592
1208 0.00749704
1209 0.00732055
1210 0.00714649
1211 0.00697488
1212 0.00680574
1213 0.0066391
1214 0.00647496
1215 0.00631336
1216 0.00615429
1217 0.00599779
1218 0.00584384
1219 0.00569247
1220 0.00554367
1221 0.00539745
1222 0.00525382
1223 0.00511276
1224 0.00497429
1225 0.00483839
1226 0.00470507
1227 0.0045743
1228 0.0044461
1229 0.00432043
1230 0.0041973
1231 0.00407669
1232 0.00395858
1233 0.00384295
1234 0.0037298
1235 0.0036191
1236 0.00351083
1237 0.00340498
1238 0.00330151
1239 0.0032004
1240 0.00310164
1241 0.00300519
1242 0.00291104
1243 0.00281914
1244 0.00272949
1245 0.00264204
1246 0.00255677
1247 0.00247365
1248 0.00239265
1249 0.00231373
1250 0.00223688
1251 0.00216205
1252 0.00208921
1253 0.00201833
1254 0.00194939
1255 0.00188234
1256 0.00181715
1257 0.00175379
1258 0.00169223
1259 0.00163243
1260 0.00157436
1261 0.00151799
1262 0.00146327
1263 0.00141019
1264 0.0013587
1265 0.00130877
1266 0.00126036
1267 0.00121345
1268 0.001168
1269 0.00112398
1270 0.00108136
1271 0.00104009
1272 0.00100016
1273 0.000961528
1274 0.00092416
1275 0.000888028
1276 0.000853101
1277 0.000819347
1278 0.000786737
1279 0.000755241
1280 0.000724829
1281 0.000695472
1282 0.000667141
1283 0.000639809
1284 0.000613446
1285 0.000588027
1286 0.000563524
1287 0.00053991
1288 0.00051716
1289 0.000495248
1290 0.000474149
1291 0.000453838
1292 0.000434292
1293 0.000415487
1294 0.000397399
1295 0.000380007
1296 0.000363287
1297 0.000347219
1298 0.00033178
1299 0.000316952
1300 0.000302712
1301 0.000289043
1302 0.000275923
1303 0.000263335
1304 0.000251261
1305 0.000239682
1306 0.000228582
1307 0.000217942
1308 0.000207748
1309 0.000197983
1310 0.000188631
1311 0.000179677
1312 0.000171107
1313 0.000162907
1314 0.000155061
1315 0.000147559
1316 0.000140385
1317 0.000133528
1318 0.000126975
1319 0.000120714
1320 0.000114735
1321 0.000109026
1322 0.000103575
1323 9.83736e-05
1324 9.34108e-05
1325 8.86769e-05
1326 8.41627e-05
1327 7.98591e-05
1328 7.57573e-05
1329 7.18489e-05
1330 6.81258e-05
1331 6.458e-05
1332 6.12041e-05
1333 5.79907e-05
1334 5.49328e-05
1335 5.20236e-05
1336 4.92567e-05
1337 4.66257e-05
1338 4.41246e-05
1339 4.17477e-05
1340 3.94893e-05
1341 3.73441e-05
1342 3.5307e-05
1343 3.33729e-05
1344 3.15372e-05
1345 2.97954e-05
1346 2.8143e-05
1347 2.65758e-05
1348 2.50898e-05
1349 2.36813e-05
1350 2.23464e-05
1351 2.10818e-05
1352 1.98839e-05
1353 1.87496e-05
1354 1.76757e-05
1355 1.66593e-05
1356 1.56976e-05
1357 1.47879e-05
1358 1.39275e-05
1359 1.3114e-05
1360 1.23451e-05
1361 1.16185e-05
1362 1.09319e-05
1363 1.02835e-05
1364 9.67124e-06
1365 9.09322e-06
1366 8.54769e-06
1367 8.03295e-06
1368 7.54738e-06
1369 7.08946e-06
1370 6.65772e-06
1371 6.25077e-06
1372 5.86727e-06
1373 5.50598e-06
1374 5.16569e-06
1375 4.84526e-06
1376 4.54361e-06
1377 4.25972e-06
1378 3.9926e-06
1379 3.74133e-06
1380 3.50503e-06
1381 3.28286e-06
1382 3.07403e-06
1383 2.87779e-06
1384 2.69343e-06
1385 2.52028e-06
1386 2.35768e-06
1387 2.20505e-06
1388 2.0618e-06
1389 1.92739e-06
1390 1.80131e-06
1391 1.68307e-06
1392 1.57222e-06
1393 1.46831e-06
1394 1.37094e-06
1395 1.27972e-06
1396 1.19428e-06
1397 1.11428e-06
1398 1.03938e-06
1399 9.6929e-07
1400 9.03708e-07
1401 8.4236e-07
1402 7.84988e-07
1403 7.31348e-07
1404 6.8121e-07
1405 6.34357e-07
1406 5.90585e-07
1407 5.49701e-07
1408 5.11526e-07
1409 4.75887e-07
1410 4.42625e-07
1411 4.1159e-07
1412 3.82639e-07
1413 3.55639e-07
1414 3.30465e-07
1415 3.07e-07
1416 2.85133e-07
1417 2.64761e-07
1418 2.45785e-07
1419 2.28114e-07
1420 2.11664e-07
1421 1.96353e-07
1422 1.82106e-07
1423 1.68853e-07
1424 1.56527e-07
1425 1.45066e-07
1426 1.34412e-07
1427 1.24511e-07
1428 1.15312e-07
1429 1.06767e-07
1430 9.88319e-08
1431 9.14647e-08
1432 8.46265e-08
1433 7.8281e-08
1434 7.2394e-08
1435 6.69338e-08
1436 6.18708e-08
1437 5.71771e-08
1438 5.2827e-08
1439 4.87962e-08
1440 4.50623e-08
1441 4.16042e-08
1442 3.84023e-08
1443 3.54385e-08
1444 3.26956e-08
1445 3.01578e-08
1446 2.78104e-08
1447 2.56397e-08
1448 2.36327e-08
1449 2.17777e-08
1450 2.00635e-08
1451 1.84799e-08
1452 1.70172e-08
1453 1.56665e-08
1454 1.44197e-08
1455 1.32689e-08
1456 1.2207e-08
1457 1.12275e-08
1458 1.03241e-08
1459 9.49113e-09
1460 8.72329e-09
1461 8.01567e-09
1462 7.3637e-09
1463 6.76315e-09
1464 6.2101e-09
1465 5.70091e-09
1466 5.23224e-09
1467 4.80095e-09
1468 4.40416e-09
1469 4.03921e-09
1470 3.70362e-09
1471 3.3951e-09
1472 3.11154e-09
1473 2.85099e-09
1474 2.61163e-09
1475 2.3918e-09
1476 2.18995e-09
1477 2.00466e-09
1478 1.83461e-09
1479 1.67859e-09
1480 1.53547e-09
1481 1.40422e-09
1482 1.28388e-09
1483 1.17358e-09
1484 1.0725e-09
1485 9.79891e-10
1486 8.95067e-10
1487 8.17392e-10
1488 7.4628e-10
1489 6.81194e-10
1490 6.21636e-10
1491 5.67151e-10
1492 5.17319e-10
1493 4.71753e-10
1494 4.30099e-10
1495 3.9203e-10
1496 3.57246e-10
1497 3.25471e-10
1498 2.96453e-10
1499 2.69957e-10
1500 2.45772e-10
1501 2.237e-10
1502 2.03562e-10
1503 1.85194e-10
1504 1.68443e-10
1505 1.53171e-10
1506 1.39251e-10
1507 1.26566e-10
1508 1.15009e-10
1509 1.04483e-10
1510 9.48984e-11
1511 8.61723e-11
1512 7.82302e-11
1513 7.10034e-11
1514 6.44289e-11
1515 5.84495e-11
1516 5.30125e-11
1517 4.80699e-11
1518 4.35779e-11
1519 3.94963e-11
1520 3.57887e-11
1521 3.24214e-11
1522 2.9364e-11
1523 2.65887e-11
1524 2.40701e-11
1525 2.17849e-11
1526 1.9712e-11
1527 1.78321e-11
1528 1.61278e-11
1529 1.45829e-11
1530 1.31829e-11
1531 1.19145e-11
1532 1.07656e-11
1533 9.72517e-12
1534 8.78325e-12
1535 7.93069e-12
1536 7.1592e-12
1537 6.46125e-12
1538 5.82996e-12
1539 5.25911e-12
1540 4.74305e-12
1541 4.27662e-12
1542 3.85515e-12
1543 3.47439e-12
1544 3.13051e-12
1545 2.82e-12
1546 2.53969e-12
1547 2.2867e-12
1548 2.05843e-12
1549 1.85252e-12
1550 1.6668e-12
1551 1.49936e-12
1552 1.34841e-12
1553 1.21238e-12
1554 1.08981e-12
1555 9.79409e-13
1556 8.79981e-13
1557 7.90461e-13
1558 7.0988e-13
1559 6.37364e-13
1560 5.72121e-13
1561 5.13436e-13
1562 4.60662e-13
1563 4.13215e-13
1564 3.70568e-13
1565 3.32245e-13
1566 2.97814e-13
1567 2.66889e-13
1568 2.39119e-13
1569 2.14188e-13
1570 1.91812e-13
1571 1.71733e-13
1572 1.53719e-13
1573 1.37563e-13
1574 1.23076e-13
1575 1.10089e-13
1576 9.84489e-14
1577 8.80191e-14
1578 7.86758e-14
1579 7.03078e-14
1580 6.28151e-14
1581 5.61078e-14
1582 5.01049e-14
1583 4.47338e-14
1584 3.99291e-14
1585 3.56322e-14
1586 3.17902e-14
1587 2.83558e-14
1588 2.52865e-14
1589 2.25442e-14
1590 2.00946e-14
1591 1.7907e-14
1592 1.59538e-14
1593 1.42103e-14
1594 1.26544e-14
1595 1.12663e-14
1596 1.0028e-14
1597 8.92379e-15
1598 7.93929e-15
1599 7.06176e-15
1600 6.27976e-15
1601 5.58305e-15
1602 4.96248e-15
1603 4.40985e-15
1604 3.91786e-15
1605 3.47994e-15
1606 3.09024e-15
1607 2.74355e-15
1608 2.43518e-15
1609 2.16097e-15
1610 1.91719e-15
1611 1.70051e-15
1612 1.50797e-15
1613 1.33691e-15
1614 1.18499e-15
1615 1.05008e-15
1616 9.30312e-16
1617 8.24014e-16
1618 7.2969e-16
1619 6.46013e-16
1620 5.71798e-16
1621 5.0599e-16
1622 4.47652e-16
1623 3.95947e-16
1624 3.50133e-16
1625 3.09547e-16
1626 2.73602e-16
1627 2.41774e-16
1628 2.13599e-16
1629 1.88663e-16
1630 1.66599e-16
1631 1.47081e-16
1632 1.2982e-16
1633 1.14557e-16
1634 1.01066e-16
1635 8.91419e-17
1636 7.86067e-17
1637 6.93003e-17
1638 6.10815e-17
1639 5.38249e-17
1640 4.74193e-17
1641 4.17662e-17
1642 3.67785e-17
1643 3.23789e-17
1644 2.84989e-17
1645 2.5078e-17
1646 2.20626e-17
1647 1.94053e-17
1648 1.7064e-17
1649 1.50017e-17
1650 1.31856e-17
1651 1.15866e-17
1652 1.01792e-17
1653 8.94064e-18
1654 7.85096e-18
1655 6.89249e-18
1656 6.04962e-18
1657 5.30859e-18
1658 4.65724e-18
1659 4.08486e-18
1660 3.582e-18
1661 3.14031e-18
1662 2.75244e-18
1663 2.41192e-18
1664 2.11303e-18
1665 1.85076e-18
1666 1.62066e-18
1667 1.41884e-18
1668 1.24186e-18
1669 1.08671e-18
1670 9.50714e-19
1671 8.31548e-19
1672 7.2715e-19
1673 6.3571e-19
1674 5.5564e-19
1675 4.85543e-19
1676 4.2419e-19
1677 3.70503e-19
1678 3.23536e-19
1679 2.82457e-19
1680 2.46537e-19
1681 2.15134e-19
1682 1.87688e-19
1683 1.63705e-19
1684 1.42754e-19
1685 1.24455e-19
1686 1.08477e-19
1687 9.45274e-20
1688 8.23529e-20
1689 7.17297e-20
1690 6.24624e-20
1691 5.43797e-20
1692 4.73318e-20
1693 4.11879e-20
1694 3.58331e-20
1695 3.11672e-20
1696 2.71026e-20
1697 2.35626e-20
1698 2.04802e-20
1699 1.77968e-20
1700 1.54615e-20
1701 1.34295e-20
1702 1.16618e-20
1703 1.01244e-20
1704 8.78769e-21
1705 7.62567e-21
1706 6.61576e-21
1707 5.73827e-21
1708 4.97601e-21
1709 4.314e-21
1710 3.73919e-21
1711 3.24022e-21
1712 2.80719e-21
1713 2.43145e-21
1714 2.10552e-21
1715 1.82286e-21
1716 1.57778e-21
1717 1.36533e-21
1718 1.18121e-21
1719 1.02168e-21
1720 8.83497e-22
1721 7.63823e-22
1722 6.60206e-22
1723 5.70513e-22
1724 4.92891e-22
1725 4.25731e-22
1726 3.67637e-22
1727 3.17397e-22
1728 2.73958e-22
1729 2.3641e-22
1730 2.03961e-22
1731 1.75925e-22
1732 1.51707e-22
1733 1.30793e-22
1734 1.12736e-22
1735 9.71493e-23
1736 8.36982e-23
1737 7.20928e-23
1738 6.20822e-23
1739 5.34492e-23
1740 4.60061e-23
1741 3.95903e-23
1742 3.40613e-23
1743 2.92976e-23
1744 2.51944e-23
1745 2.16608e-23
1746 1.86184e-23
1747 1.59997e-23
1748 1.37461e-23
1749 1.18072e-23
1750 1.01394e-23
1751 8.70521e-24
1752 7.47213e-24
1753 6.41222e-24
1754 5.50138e-24
1755 4.71883e-24
1756 4.04665e-24
1757 3.46941e-24
1758 2.97383e-24
1759 2.54844e-24
1760 2.1834e-24
1761 1.87021e-24
1762 1.60157e-24
1763 1.3712e-24
1764 1.1737e-24
1765 1.00441e-24
1766 8.59334e-25
1767 7.35044e-25
1768 6.28585e-25
1769 5.3742e-25
1770 4.5937e-25
1771 3.92563e-25
1772 3.35395e-25
1773 2.86485e-25
1774 2.44651e-25
1775 2.08877e-25
1776 1.78293e-25
1777 1.52151e-25
1778 1.29813e-25
1779 1.10728e-25
1780 9.44269e-26
1781 8.0507e-26
1782 6.86232e-26
1783 5.848e-26
1784 4.98245e-26
1785 4.24402e-26
1786 3.6142e-26
1787 3.07712e-26
1788 2.61925e-26
1789 2.22899e-26
1790 1.89644e-26
1791 1.61313e-26
1792 1.37182e-26
1793 1.16634e-26
1794 9.91409e-27
1795 8.42518e-27
1796 7.15822e-27
1797 6.08038e-27
1798 5.16363e-27
1799 4.38408e-27
1800 3.72136e-27
1801 3.15808e-27
1802 2.67945e-27
1803 2.27282e-27
1804 1.92746e-27
1805 1.6342e-27
1806 1.38524e-27
1807 1.17393e-27
1808 9.94622e-28
1809 8.42509e-28
1810 7.13493e-28
1811 6.04094e-28
1812 5.1135e-28
1813 4.32744e-28
1814 3.66137e-28
1815 3.0971e-28
1816 2.61918e-28
1817 2.21449e-28
1818 1.8719e-28
1819 1.58194e-28
1820 1.33659e-28
1821 1.12902e-28
1822 9.53472e-29
1823 8.05029e-29
1824 6.79539e-29
1825 5.73477e-29
1826 4.83857e-29
1827 4.08147e-29
1828 3.44203e-29
1829 2.9021e-29
1830 2.44629e-29
1831 2.06159e-29
1832 1.73699e-29
1833 1.46315e-29
1834 1.2322e-29
1835 1.03746e-29
1836 8.73294e-30
1837 7.34935e-30
1838 6.18352e-30
1839 5.20141e-30
1840 4.37427e-30
1841 3.6778e-30
1842 3.09151e-30
1843 2.59807e-30
1844 2.18288e-30
1845 1.83362e-30
1846 1.53988e-30
1847 1.29289e-30
1848 1.08527e-30
1849 9.10774e-31
1850 7.64157e-31
1851 6.40994e-31
1852 5.37556e-31
1853 4.50706e-31
1854 3.77799e-31
1855 3.16612e-31
1856 2.65273e-31
1857 2.22207e-31
1858 1.86089e-31
1859 1.55806e-31
1860 1.3042e-31
1861 1.09145e-31
1862 9.13194e-32
1863 7.63872e-32
1864 6.38819e-32
1865 5.34113e-32
1866 4.46465e-32
1867 3.73114e-32
1868 3.11741e-32
1869 2.60402e-32
1870 2.17468e-32
1871 1.8157e-32
1872 1.51562e-32
1873 1.26485e-32
1874 1.05532e-32
1875 8.80295e-33
1876 7.34127e-33
1877 6.12087e-33
1878 5.10216e-33
1879 4.252e-33
1880 3.54267e-33
1881 2.95099e-33
1882 2.45755e-33
1883 2.04615e-33
1884 1.70322e-33
1885 1.41743e-33
1886 1.17932e-33
1887 9.80978e-34
1888 8.15804e-34
1889 6.78283e-34
1890 5.63812e-34
1891 4.68551e-34
1892 3.89293e-34
1893 3.23367e-34
1894 2.68542e-34
1895 2.22961e-34
1896 1.85073e-34
1897 1.53587e-34
1898 1.27428e-34
1899 1.05699e-34
1900 8.76555e-35
1901 7.26748e-35
1902 6.02402e-35
1903 4.99215e-35
1904 4.13606e-35
1905 3.42598e-35
1906 2.83714e-35
1907 2.34895e-35
1908 1.94431e-35
1909 1.609e-35
1910 1.3312e-35
1911 1.10111e-35
1912 9.10571e-36
1913 7.52829e-36
1914 6.22266e-36
1915 5.14227e-36
1916 4.24846e-36
1917 3.50919e-36
1918 2.89787e-36
1919 2.39249e-36
1920 1.97478e-36
1921 1.62962e-36
1922 1.34447e-36
1923 1.10896e-36
1924 9.14486e-37
1925 7.5394e-37
1926 6.21434e-37
1927 5.12095e-37
1928 4.21896e-37
1929 3.47502e-37
1930 2.86159e-37
1931 2.3559e-37
1932 1.93911e-37
1933 1.59569e-37
1934 1.31278e-37
1935 1.07977e-37
1936 8.87914e-38
1937 7.29976e-38
1938 5.99989e-38
1939 4.93034e-38
1940 4.05049e-38
1941 3.32688e-38
1942 2.73189e-38
1943 2.24279e-38
1944 1.84082e-38
1945 1.51054e-38
1946 1.23922e-38
1947 1.0164e-38
1948 8.33451e-39
1949 6.83269e-39
1950 5.60016e-39
1951 4.58889e-39
1952 3.75934e-39
1953 3.07903e-39
1954 2.52123e-39
1955 2.064e-39
1956 1.68929e-39
1957 1.38228e-39
1958 1.13079e-39
1959 9.24846e-40
1960 7.56228e-40
1961 6.18206e-40
1962 5.05255e-40
1963 4.12844e-40
1964 3.37254e-40
1965 2.7544e-40
1966 2.24901e-40
1967 1.83592e-40
1968 1.49835e-40
1969 1.22256e-40
1970 9.97299e-41
1971 8.13347e-41
1972 6.63167e-41
1973 5.40589e-41
1974 4.40564e-41
1975 3.5896e-41
1976 2.92403e-41
1977 2.38129e-41
1978 1.93884e-41
1979 1.57821e-41
1980 1.28436e-41
1981 1.04498e-41
1982 8.50007e-42
1983 6.91249e-42
1984 5.62009e-42
1985 4.56825e-42
1986 3.71238e-42
1987 3.01613e-42
1988 2.44989e-42
1989 1.98948e-42
1990 1.61521e-42
1991 1.31104e-42
1992 1.06389e-42
1993 8.63133e-43
1994 7.00091e-43
1995 5.67711e-43
1996 4.60253e-43
1997 3.73046e-43
1998 3.02291e-43
1999 2.44897e-43
2000 1.98353e-43
2001 1.60617e-43
2002 1.30028e-43
2003 1.0524e-43
2004 8.51571e-44
2005 6.88899e-44
2006 5.57168e-44
2007 4.50517e-44
2008 3.64192e-44
2009 2.94336e-44
2010 2.37821e-44
2011 1.9211e-44
2012 1.55146e-44
2013 1.25263e-44
2014 1.01109e-44
2015 8.15923e-45
2016 6.5825e-45
2017 5.30902e-45
2018 4.28071e-45
2019 3.45058e-45
2020 2.78059e-45
2021 2.23997e-45
2022 1.80386e-45
2023 1.45213e-45
2024 1.16852e-45
2025 9.39898e-46
2026 7.55646e-46
2027 6.07188e-46
2028 4.876e-46
2029 3.91291e-46
2030 3.13749e-46
2031 2.51332e-46
2032 2.01103e-46
2033 1.60694e-46
2034 1.28192e-46
2035 1.02059e-46
2036 8.10543e-47
2037 6.41773e-47
2038 5.06234e-47
2039 3.97445e-47
2040 3.10195e-47
2041 2.40292e-47
2042 1.84372e-47
2043 1.39734e-47
2044 1.04219e-47
2045 7.61028e-48
2046 5.40168e-48
2047 3.68813e-48
