0 7.59381e-40
1 6.89749e-40
2 6.35975e-40
3 5.96069e-40
4 5.68515e-40
5 5.52245e-40
6 5.46612e-40
7 5.51429e-40
8 5.66864e-40
9 5.93349e-40
10 6.31824e-40
11 6.83717e-40
12 7.5083e-40
13 8.35471e-40
14 9.40588e-40
15 1.06999e-39
16 1.22824e-39
17 1.4207e-39
18 1.654e-39
19 1.93658e-39
20 2.2782e-39
21 2.69021e-39
22 3.18697e-39
23 3.78573e-39
24 4.50714e-39
25 5.37536e-39
26 6.41958e-39
27 7.67619e-39
28 9.18784e-39
29 1.10048e-38
30 1.31877e-38
31 1.58097e-38
32 1.89603e-38
33 2.27457e-38
34 2.72886e-38
35 3.27388e-38
36 3.92813e-38
37 4.71339e-38
38 5.65482e-38
39 6.78317e-38
40 8.13642e-38
41 9.75904e-38
42 1.17029e-37
43 1.40309e-37
44 1.68193e-37
45 2.01595e-37
46 2.41578e-37
47 2.89416e-37
48 3.46672e-37
49 4.15186e-37
50 4.97108e-37
51 5.95054e-37
52 7.12172e-37
53 8.52168e-37
54 1.01943e-36
55 1.21925e-36
56 1.45793e-36
57 1.74293e-36
58 2.08318e-36
59 2.48929e-36
60 2.9739e-36
61 3.55202e-36
62 4.24161e-36
63 5.06394e-36
64 6.04434e-36
65 7.21286e-36
66 8.6054e-36
67 1.02644e-35
68 1.22404e-35
69 1.45938e-35
70 1.73956e-35
71 2.07304e-35
72 2.4699e-35
73 2.9421e-35
74 3.50374e-35
75 4.17169e-35
76 4.96592e-35
77 5.90998e-35
78 7.03188e-35
79 8.36475e-35
80 9.9484e-35
81 1.18292e-34
82 1.40621e-34
83 1.67127e-34
84 1.98584e-34
85 2.35913e-34
86 2.80193e-34
87 3.32707e-34
88 3.94985e-34
89 4.6881e-34
90 5.56302e-34
91 6.5998e-34
92 7.82797e-34
93 9.28257e-34
94 1.10051e-33
95 1.30444e-33
96 1.54578e-33
97 1.83137e-33
98 2.16925e-33
99 2.56886e-33
100 3.04141e-33
101 3.60009e-33
102 4.26039e-33
103 5.04061e-33
104 5.9624e-33
105 7.05124e-33
106 8.33703e-33
107 9.85483e-33
108 1.16464e-32
109 1.37607e-32
110 1.62548e-32
111 1.91967e-32
112 2.2666e-32
113 2.67562e-32
114 3.15775e-32
115 3.72588e-32
116 4.39521e-32
117 5.18364e-32
118 6.11205e-32
119 7.20514e-32
120 8.49184e-32
121 1.0006e-31
122 1.17875e-31
123 1.38831e-31
124 1.63474e-31
125 1.92449e-31
126 2.26509e-31
127 2.66536e-31
128 3.13567e-31
129 3.68812e-31
130 4.33692e-31
131 5.09872e-31
132 5.99302e-31
133 7.04256e-31
134 8.27404e-31
135 9.7187e-31
136 1.14131e-30
137 1.33998e-30
138 1.57289e-30
139 1.84586e-30
140 2.16573e-30
141 2.54046e-30
142 2.97935e-30
143 3.49329e-30
144 4.09499e-30
145 4.7992e-30
146 5.62328e-30
147 6.58743e-30
148 7.7151e-30
149 9.03381e-30
150 1.05756e-29
151 1.23776e-29
152 1.44834e-29
153 1.69437e-29
154 1.98175e-29
155 2.31734e-29
156 2.70915e-29
157 3.1665e-29
158 3.70019e-29
159 4.32288e-29
160 5.04923e-29
161 5.89624e-29
162 6.88381e-29
163 8.03493e-29
164 9.37638e-29
165 1.09394e-28
166 1.276e-28
167 1.48802e-28
168 1.73487e-28
169 2.02222e-28
170 2.35662e-28
171 2.7457e-28
172 3.19828e-28
173 3.72462e-28
174 4.3366e-28
175 5.04797e-28
176 5.8747e-28
177 6.83528e-28
178 7.95114e-28
179 9.24706e-28
180 1.07517e-27
181 1.24985e-27
182 1.45257e-27
183 1.68779e-27
184 1.96066e-27
185 2.27714e-27
186 2.6441e-27
187 3.06951e-27
188 3.56256e-27
189 4.13389e-27
190 4.79577e-27
191 5.56238e-27
192 6.45009e-27
193 7.4778e-27
194 8.66733e-27
195 1.00438e-26
196 1.16364e-26
197 1.34784e-26
198 1.56085e-26
199 1.80713e-26
200 2.0918e-26
201 2.42077e-26
202 2.80085e-26
203 3.23988e-26
204 3.74689e-26
205 4.33228e-26
206 5.00801e-26
207 5.78783e-26
208 6.68759e-26
209 7.72548e-26
210 8.92244e-26
211 1.03025e-25
212 1.18934e-25
213 1.37269e-25
214 1.58394e-25
215 1.82729e-25
216 2.10755e-25
217 2.43024e-25
218 2.8017e-25
219 3.22921e-25
220 3.72111e-25
221 4.28696e-25
222 4.93773e-25
223 5.68599e-25
224 6.54615e-25
225 7.53472e-25
226 8.6706e-25
227 9.97543e-25
228 1.1474e-24
229 1.31947e-24
230 1.517e-24
231 1.7437e-24
232 2.00382e-24
233 2.30223e-24
234 2.64446e-24
235 3.03689e-24
236 3.48675e-24
237 4.00235e-24
238 4.59315e-24
239 5.26996e-24
240 6.04514e-24
241 6.93278e-24
242 7.94897e-24
243 9.11205e-24
244 1.0443e-23
245 1.19656e-23
246 1.37072e-23
247 1.56987e-23
248 1.79756e-23
249 2.0578e-23
250 2.35521e-23
251 2.69499e-23
252 3.08311e-23
253 3.52634e-23
254 4.03239e-23
255 4.61004e-23
256 5.26927e-23
257 6.02143e-23
258 6.87943e-23
259 7.85794e-23
260 8.97363e-23
261 1.02455e-22
262 1.16949e-22
263 1.33465e-22
264 1.52279e-22
265 1.73707e-22
266 1.98105e-22
267 2.2588e-22
268 2.57491e-22
269 2.9346e-22
270 3.34378e-22
271 3.80916e-22
272 4.33833e-22
273 4.9399e-22
274 5.62361e-22
275 6.4005e-22
276 7.28306e-22
277 8.28543e-22
278 9.42362e-22
279 1.07157e-21
280 1.21822e-21
281 1.38462e-21
282 1.57339e-21
283 1.78748e-21
284 2.03024e-21
285 2.30544e-21
286 2.61735e-21
287 2.97077e-21
288 3.37114e-21
289 3.82458e-21
290 4.33803e-21
291 4.91928e-21
292 5.57713e-21
293 6.32151e-21
294 7.1636e-21
295 8.11601e-21
296 9.19295e-21
297 1.04104e-20
298 1.17864e-20
299 1.33413e-20
300 1.50979e-20
301 1.70819e-20
302 1.93223e-20
303 2.18515e-20
304 2.47063e-20
305 2.79278e-20
306 3.15622e-20
307 3.56617e-20
308 4.02846e-20
309 4.54967e-20
310 5.13717e-20
311 5.79925e-20
312 6.54521e-20
313 7.38548e-20
314 8.33179e-20
315 9.39727e-20
316 1.05967e-19
317 1.19465e-19
318 1.34653e-19
319 1.51738e-19
320 1.70954e-19
321 1.9256e-19
322 2.16849e-19
323 2.44148e-19
324 2.74823e-19
325 3.09282e-19
326 3.47986e-19
327 3.91445e-19
328 4.40233e-19
329 4.94992e-19
330 5.56437e-19
331 6.25368e-19
332 7.02681e-19
333 7.89373e-19
334 8.86559e-19
335 9.95485e-19
336 1.11754e-18
337 1.25427e-18
338 1.40742e-18
339 1.57889e-18
340 1.77086e-18
341 1.9857e-18
342 2.2261e-18
343 2.49502e-18
344 2.79579e-18
345 3.13208e-18
346 3.50801e-18
347 3.92816e-18
348 4.3976e-18
349 4.922e-18
350 5.50765e-18
351 6.16156e-18
352 6.89151e-18
353 7.70614e-18
354 8.61507e-18
355 9.62899e-18
356 1.07597e-17
357 1.20205e-17
358 1.34259e-17
359 1.49922e-17
360 1.67374e-17
361 1.86815e-17
362 2.08466e-17
363 2.32574e-17
364 2.59411e-17
365 2.89279e-17
366 3.22514e-17
367 3.59487e-17
368 4.00608e-17
369 4.46333e-17
370 4.97167e-17
371 5.53668e-17
372 6.16454e-17
373 6.86208e-17
374 7.63687e-17
375 8.49727e-17
376 9.45254e-17
377 1.05129e-16
378 1.16896e-16
379 1.29953e-16
380 1.44436e-16
381 1.60498e-16
382 1.78307e-16
383 1.98049e-16
384 2.19929e-16
385 2.44173e-16
386 2.7103e-16
387 3.00775e-16
388 3.33711e-16
389 3.70171e-16
390 4.10525e-16
391 4.55176e-16
392 5.04572e-16
393 5.59203e-16
394 6.1961e-16
395 6.86387e-16
396 7.6019e-16
397 8.41737e-16
398 9.31819e-16
399 1.03131e-15
400 1.14115e-15
401 1.26241e-15
402 1.39622e-15
403 1.54386e-15
404 1.70672e-15
405 1.88631e-15
406 2.08431e-15
407 2.30256e-15
408 2.54305e-15
409 2.808e-15
410 3.09982e-15
411 3.42116e-15
412 3.7749e-15
413 4.16424e-15
414 4.59264e-15
415 5.06391e-15
416 5.58221e-15
417 6.15209e-15
418 6.77856e-15
419 7.46704e-15
420 8.22352e-15
421 9.0545e-15
422 9.96711e-15
423 1.09691e-14
424 1.20691e-14
425 1.32763e-14
426 1.46008e-14
427 1.60538e-14
428 1.76473e-14
429 1.93946e-14
430 2.13101e-14
431 2.34095e-14
432 2.571e-14
433 2.82302e-14
434 3.09906e-14
435 3.40133e-14
436 3.73228e-14
437 4.09453e-14
438 4.49096e-14
439 4.9247e-14
440 5.39918e-14
441 5.9181e-14
442 6.4855e-14
443 7.10578e-14
444 7.78373e-14
445 8.52456e-14
446 9.3339e-14
447 1.02179e-13
448 1.11833e-13
449 1.22373e-13
450 1.33877e-13
451 1.46432e-13
452 1.60131e-13
453 1.75073e-13
454 1.91368e-13
455 2.09135e-13
456 2.28502e-13
457 2.49607e-13
458 2.72603e-13
459 2.97651e-13
460 3.24929e-13
461 3.54627e-13
462 3.86952e-13
463 4.22128e-13
464 4.60397e-13
465 5.0202e-13
466 5.47279e-13
467 5.96479e-13
468 6.49949e-13
469 7.08045e-13
470 7.7115e-13
471 8.39677e-13
472 9.14074e-13
473 9.94821e-13
474 1.08244e-12
475 1.17748e-12
476 1.28055e-12
477 1.3923e-12
478 1.51343e-12
479 1.64469e-12
480 1.78688e-12
481 1.94089e-12
482 2.10764e-12
483 2.28814e-12
484 2.48348e-12
485 2.69482e-12
486 2.92343e-12
487 3.17063e-12
488 3.43789e-12
489 3.72676e-12
490 4.03891e-12
491 4.37614e-12
492 4.74038e-12
493 5.13369e-12
494 5.55831e-12
495 6.01662e-12
496 6.51119e-12
497 7.04477e-12
498 7.62032e-12
499 8.24101e-12
500 8.91024e-12
501 9.63165e-12
502 1.04092e-11
503 1.1247e-11
504 1.21496e-11
505 1.31219e-11
506 1.41689e-11
507 1.52963e-11
508 1.65099e-11
509 1.78162e-11
510 1.92219e-11
511 2.07343e-11
512 2.23612e-11
513 2.4111e-11
514 2.59925e-11
515 2.80154e-11
516 3.01897e-11
517 3.25265e-11
518 3.50372e-11
519 3.77344e-11
520 4.06313e-11
521 4.3742e-11
522 4.70816e-11
523 5.06661e-11
524 5.45127e-11
525 5.86396e-11
526 6.30661e-11
527 6.7813e-11
528 7.29022e-11
529 7.83569e-11
530 8.42021e-11
531 9.04639e-11
532 9.71703e-11
533 1.04351e-10
534 1.12037e-10
535 1.20263e-10
536 1.29062e-10
537 1.38473e-10
538 1.48535e-10
539 1.59291e-10
540 1.70783e-10
541 1.83059e-10
542 1.96168e-10
543 2.10162e-10
544 2.25097e-10
545 2.4103e-10
546 2.58023e-10
547 2.7614e-10
548 2.95449e-10
549 3.16022e-10
550 3.37936e-10
551 3.61268e-10
552 3.86105e-10
553 4.12533e-10
554 4.40645e-10
555 4.70541e-10
556 5.02323e-10
557 5.361e-10
558 5.71986e-10
559 6.10101e-10
560 6.50573e-10
561 6.93535e-10
562 7.39127e-10
563 7.87498e-10
564 8.38803e-10
565 8.93208e-10
566 9.50884e-10
567 1.01201e-09
568 1.07679e-09
569 1.14542e-09
570 1.2181e-09
571 1.29508e-09
572 1.37658e-09
573 1.46286e-09
574 1.55418e-09
575 1.65082e-09
576 1.75307e-09
577 1.86125e-09
578 1.97568e-09
579 2.09671e-09
580 2.2247e-09
581 2.36004e-09
582 2.50313e-09
583 2.65441e-09
584 2.81432e-09
585 2.98335e-09
586 3.16199e-09
587 3.35077e-09
588 3.55026e-09
589 3.76103e-09
590 3.98372e-09
591 4.21895e-09
592 4.46743e-09
593 4.72987e-09
594 5.00701e-09
595 5.29966e-09
596 5.60863e-09
597 5.93481e-09
598 6.27908e-09
599 6.64241e-09
600 7.02578e-09
601 7.43023e-09
602 7.85684e-09
603 8.30672e-09
604 8.78105e-09
605 9.28103e-09
606 9.80792e-09
607 1.0363e-08
608 1.09477e-08
609 1.15633e-08
610 1.22114e-08
611 1.28933e-08
612 1.36106e-08
613 1.43648e-08
614 1.51577e-08
615 1.59907e-08
616 1.68657e-08
617 1.77843e-08
618 1.87483e-08
619 1.97595e-08
620 2.08197e-08
621 2.19307e-08
622 2.30944e-08
623 2.43128e-08
624 2.55877e-08
625 2.6921e-08
626 2.83147e-08
627 2.97708e-08
628 3.12912e-08
629 3.28779e-08
630 3.45329e-08
631 3.62581e-08
632 3.80556e-08
633 3.99272e-08
634 4.18751e-08
635 4.39011e-08
636 4.60073e-08
637 4.81956e-08
638 5.0468e-08
639 5.28265e-08
640 5.5273e-08
641 5.78095e-08
642 6.04382e-08
643 6.31608e-08
644 6.59797e-08
645 6.88968e-08
646 7.19142e-08
647 7.50343e-08
648 7.82593e-08
649 8.15914e-08
650 8.50333e-08
651 8.85875e-08
652 9.22567e-08
653 9.60438e-08
654 9.99519e-08
655 1.03984e-07
656 1.08144e-07
657 1.12436e-07
658 1.16863e-07
659 1.2143e-07
660 1.26142e-07
661 1.31004e-07
662 1.36021e-07
663 1.41199e-07
664 1.46545e-07
665 1.52065e-07
666 1.57767e-07
667 1.6366e-07
668 1.69751e-07
669 1.7605e-07
670 1.82568e-07
671 1.89314e-07
672 1.963e-07
673 2.03539e-07
674 2.11043e-07
675 2.18827e-07
676 2.26904e-07
677 2.35291e-07
678 2.44003e-07
679 2.53057e-07
680 2.62472e-07
681 2.72267e-07
682 2.8246e-07
683 2.93072e-07
684 3.04125e-07
685 3.1564e-07
686 3.27639e-07
687 3.40147e-07
688 3.53185e-07
689 3.6678e-07
690 3.80954e-07
691 3.95734e-07
692 4.11144e-07
693 4.27208e-07
694 4.43953e-07
695 4.61404e-07
696 4.79584e-07
697 4.98518e-07
698 5.18229e-07
699 5.3874e-07
700 5.60073e-07
701 5.82248e-07
702 6.05285e-07
703 6.292e-07
704 6.5401e-07
705 6.79727e-07
706 7.06364e-07
707 7.3393e-07
708 7.62429e-07
709 7.91867e-07
710 8.22242e-07
711 8.53551e-07
712 8.85787e-07
713 9.18939e-07
714 9.52993e-07
715 9.87928e-07
716 1.02372e-06
717 1.06034e-06
718 1.09776e-06
719 1.13593e-06
720 1.17482e-06
721 1.21437e-06
722 1.25454e-06
723 1.29525e-06
724 1.33644e-06
725 1.37805e-06
726 1.42e-06
727 1.4622e-06
728 1.50457e-06
729 1.54702e-06
730 1.58944e-06
731 1.63173e-06
732 1.67379e-06
733 1.71551e-06
734 1.75676e-06
735 1.79743e-06
736 1.83739e-06
737 1.87653e-06
738 1.9147e-06
739 1.95177e-06
740 1.98763e-06
741 2.02212e-06
742 2.05513e-06
743 2.08651e-06
744 2.11613e-06
745 2.14388e-06
746 2.16962e-06
747 2.19322e-06
748 2.21458e-06
749 2.23359e-06
750 2.25013e-06
751 2.26411e-06
752 2.27545e-06
753 2.28406e-06
754 2.28988e-06
755 2.29286e-06
756 2.29294e-06
757 2.29011e-06
758 2.28435e-06
759 2.27567e-06
760 2.26407e-06
761 2.24961e-06
762 2.23234e-06
763 2.21233e-06
764 2.18969e-06
765 2.16454e-06
766 2.13701e-06
767 2.10728e-06
768 2.07553e-06
769 2.04198e-06
770 2.00688e-06
771 1.97048e-06
772 1.93308e-06
773 1.895e-06
774 1.85658e-06
775 1.8182e-06
776 1.78025e-06
777 1.74317e-06
778 1.70739e-06
779 1.67341e-06
780 1.64171e-06
781 1.61284e-06
782 1.58734e-06
783 1.5658e-06
784 1.5488e-06
785 1.53698e-06
786 1.53096e-06
787 1.53142e-06
788 1.53903e-06
789 1.55448e-06
790 1.57849e-06
791 1.61178e-06
792 1.65507e-06
793 1.70911e-06
794 1.77466e-06
795 1.85246e-06
796 1.94327e-06
797 2.04786e-06
798 2.16697e-06
799 2.30137e-06
800 2.45179e-06
801 2.61898e-06
802 2.80365e-06
803 3.00654e-06
804 3.22832e-06
805 3.46968e-06
806 3.73128e-06
807 4.01375e-06
808 4.3177e-06
809 4.64371e-06
810 4.99232e-06
811 5.36407e-06
812 5.75942e-06
813 6.17883e-06
814 6.62271e-06
815 7.09142e-06
816 7.5853e-06
817 8.10463e-06
818 8.64965e-06
819 9.22056e-06
820 9.81752e-06
821 1.04406e-05
822 1.10899e-05
823 1.17655e-05
824 1.24672e-05
825 1.3195e-05
826 1.39489e-05
827 1.47285e-05
828 1.55337e-05
829 1.63643e-05
830 1.72199e-05
831 1.81002e-05
832 1.90048e-05
833 1.99334e-05
834 2.08854e-05
835 2.18605e-05
836 2.28581e-05
837 2.38776e-05
838 2.49187e-05
839 2.59806e-05
840 2.70629e-05
841 2.81649e-05
842 2.92862e-05
843 3.04261e-05
844 3.15841e-05
845 3.27596e-05
846 3.39522e-05
847 3.51612e-05
848 3.63863e-05
849 3.76271e-05
850 3.88831e-05
851 4.0154e-05
852 4.14395e-05
853 4.27395e-05
854 4.40537e-05
855 4.53822e-05
856 4.67249e-05
857 4.8082e-05
858 4.94536e-05
859 5.08401e-05
860 5.22419e-05
861 5.36596e-05
862 5.50938e-05
863 5.65453e-05
864 5.80152e-05
865 5.95044e-05
866 6.10143e-05
867 6.25462e-05
868 6.41017e-05
869 6.56826e-05
870 6.72909e-05
871 6.89286e-05
872 7.0598e-05
873 7.23017e-05
874 7.40424e-05
875 7.5823e-05
876 7.76465e-05
877 7.95165e-05
878 8.14365e-05
879 8.34102e-05
880 8.54417e-05
881 8.75353e-05
882 8.96955e-05
883 9.1927e-05
884 9.42349e-05
885 9.66244e-05
886 9.9101e-05
887 0.00010167
888 0.000104339
889 0.000107112
890 0.000109997
891 0.000113001
892 0.00011613
893 0.000119392
894 0.000122795
895 0.000126345
896 0.000130052
897 0.000133924
898 0.000137969
899 0.000142197
900 0.000146616
901 0.000151235
902 0.000156066
903 0.000161116
904 0.000166398
905 0.00017192
906 0.000177694
907 0.000183731
908 0.000190042
909 0.000196638
910 0.000203531
911 0.000210733
912 0.000218256
913 0.000226112
914 0.000234314
915 0.000242876
916 0.000251809
917 0.000261127
918 0.000270844
919 0.000280974
920 0.000291529
921 0.000302526
922 0.000313976
923 0.000325897
924 0.000338301
925 0.000351204
926 0.00036462
927 0.000378566
928 0.000393057
929 0.000408108
930 0.000423735
931 0.000439954
932 0.000456781
933 0.000474232
934 0.000492324
935 0.000511074
936 0.000530497
937 0.000550611
938 0.000571433
939 0.00059298
940 0.000615269
941 0.000638317
942 0.000662143
943 0.000686762
944 0.000712194
945 0.000738456
946 0.000765565
947 0.00079354
948 0.000822398
949 0.000852158
950 0.000882838
951 0.000914455
952 0.000947029
953 0.000980578
954 0.00101512
955 0.00105067
956 0.00108725
957 0.00112488
958 0.00116358
959 0.00120336
960 0.00124425
961 0.00128625
962 0.0013294
963 0.0013737
964 0.00141918
965 0.00146586
966 0.00151374
967 0.00156286
968 0.00161323
969 0.00166486
970 0.00171778
971 0.001772
972 0.00182754
973 0.00188441
974 0.00194264
975 0.00200224
976 0.00206322
977 0.00212561
978 0.00218942
979 0.00225466
980 0.00232136
981 0.00238952
982 0.00245917
983 0.00253031
984 0.00260296
985 0.00267714
986 0.00275286
987 0.00283013
988 0.00290897
989 0.00298939
990 0.0030714
991 0.003155
992 0.00324023
993 0.00332707
994 0.00341555
995 0.00350567
996 0.00359745
997 0.00369089
998 0.00378599
999 0.00388277
1000 0.00398124
1001 0.00408139
1002 0.00418323
1003 0.00428678
1004 0.00439202
1005 0.00449897
1006 0.00460762
1007 0.00471798
1008 0.00483005
1009 0.00494383
1010 0.00505931
1011 0.00517649
1012 0.00529537
1013 0.00541596
1014 0.00553823
1015 0.00566218
1016 0.00578782
1017 0.00591512
1018 0.00604408
1019 0.0061747
1020 0.00630695
1021 0.00644083
1022 0.00657632
1023 0.00671342
1024 0.00685209
1025 0.00699233
1026 0.00713411
1027 0.00727743
1028 0.00742225
1029 0.00756855
1030 0.00771632
1031 0.00786553
1032 0.00801614
1033 0.00816815
1034 0.00832151
1035 0.0084762
1036 0.00863218
1037 0.00878944
1038 0.00894792
1039 0.0091076
1040 0.00926845
1041 0.00943042
1042 0.00959347
1043 0.00975758
1044 0.00992269
1045 0.0100888
1046 0.0102557
1047 0.0104236
1048 0.0105923
1049 0.0107618
1050 0.010932
1051 0.0111029
1052 0.0112744
1053 0.0114465
1054 0.0116192
1055 0.0117923
1056 0.0119658
1057 0.0121397
1058 0.0123139
1059 0.0124883
1060 0.0126629
1061 0.0128377
1062 0.0130125
1063 0.0131873
1064 0.013362
1065 0.0135366
1066 0.013711
1067 0.0138852
1068 0.014059
1069 0.0142324
1070 0.0144053
1071 0.0145777
1072 0.0147495
1073 0.0149207
1074 0.0150911
1075 0.0152606
1076 0.0154293
1077 0.015597
1078 0.0157637
1079 0.0159293
1080 0.0160937
1081 0.0162568
1082 0.0164186
1083 0.016579
1084 0.0167379
1085 0.0168953
1086 0.017051
1087 0.0172051
1088 0.0173574
1089 0.0175078
1090 0.0176563
1091 0.0178029
1092 0.0179473
1093 0.0180897
1094 0.0182298
1095 0.0183677
1096 0.0185032
1097 0.0186363
1098 0.0187669
1099 0.018895
1100 0.0190205
1101 0.0191433
1102 0.0192633
1103 0.0193805
1104 0.0194949
1105 0.0196063
1106 0.0197147
1107 0.0198201
1108 0.0199223
1109 0.0200214
1110 0.0201173
1111 0.0202099
1112 0.0202992
1113 0.0203851
1114 0.0204676
1115 0.0205466
1116 0.020622
1117 0.020694
1118 0.0207623
1119 0.020827
1120 0.020888
1121 0.0209452
1122 0.0209988
1123 0.0210485
1124 0.0210944
1125 0.0211365
1126 0.0211748
1127 0.0212091
1128 0.0212395
1129 0.021266
1130 0.0212886
1131 0.0213071
1132 0.0213217
1133 0.0213324
1134 0.021339
1135 0.0213416
1136 0.0213402
1137 0.0213348
1138 0.0213254
1139 0.021312
1140 0.0212945
1141 0.0212731
1142 0.0212477
1143 0.0212184
1144 0.0211851
1145 0.0211478
1146 0.0211066
1147 0.0210615
1148 0.0210126
1149 0.0209598
1150 0.0209031
1151 0.0208427
1152 0.0207785
1153 0.0207105
1154 0.0206389
1155 0.0205636
1156 0.0204847
1157 0.0204022
1158 0.0203162
1159 0.0202267
1160 0.0201338
1161 0.0200374
1162 0.0199378
1163 0.0198348
1164 0.0197286
1165 0.0196192
1166 0.0195067
1167 0.0193912
1168 0.0192726
1169 0.0191511
1170 0.0190268
1171 0.0188996
1172 0.0187696
1173 0.018637
1174 0.0185018
1175 0.018364
1176 0.0182238
1177 0.0180812
1178 0.0179362
1179 0.017789
1180 0.0176395
1181 0.017488
1182 0.0173345
1183 0.0171789
1184 0.0170215
1185 0.0168623
1186 0.0167014
1187 0.0165388
1188 0.0163746
1189 0.0162089
1190 0.0160418
1191 0.0158733
1192 0.0157036
1193 0.0155327
1194 0.0153607
1195 0.0151876
1196 0.0150136
1197 0.0148387
1198 0.014663
1199 0.0144865
1200 0.0143094
1201 0.0141318
1202 0.0139536
1203 0.013775
1204 0.013596
1205 0.0134167
1206 0.0132373
1207 0.0130577
1208 0.012878
1209 0.0126983
1210 0.0125187
1211 0.0123392
1212 0.0121599
1213 0.0119809
1214 0.0118022
1215 0.0116239
1216 0.0114461
1217 0.0112687
1218 0.011092
1219 0.0109159
1220 0.0107404
1221 0.0105658
1222 0.0103919
1223 0.0102189
1224 0.0100468
1225 0.0098756
1226 0.00970545
1227 0.00953636
1228 0.00936838
1229 0.00920153
1230 0.00903588
1231 0.00887147
1232 0.00870832
1233 0.00854649
1234 0.00838601
1235 0.00822692
1236 0.00806925
1237 0.00791304
1238 0.00775832
1239 0.00760511
1240 0.00745346
1241 0.00730337
1242 0.00715489
1243 0.00700804
1244 0.00686284
1245 0.00671931
1246 0.00657747
1247 0.00643735
1248 0.00629896
1249 0.00616231
1250 0.00602743
1251 0.00589432
1252 0.005763
1253 0.00563348
1254 0.00550577
1255 0.00537988
1256 0.00525581
1257 0.00513358
1258 0.00501318
1259 0.00489463
1260 0.00477792
1261 0.00466306
1262 0.00455004
1263 0.00443887
1264 0.00432954
1265 0.00422206
1266 0.00411641
1267 0.0040126
1268 0.00391062
1269 0.00381046
1270 0.00371212
1271 0.00361558
1272 0.00352084
1273 0.00342789
1274 0.00333672
1275 0.00324732
1276 0.00315967
1277 0.00307376
1278 0.00298958
1279 0.00290712
1280 0.00282636
1281 0.00274728
1282 0.00266987
1283 0.00259412
1284 0.00252
1285 0.0024475
1286 0.0023766
1287 0.00230729
1288 0.00223954
1289 0.00217333
1290 0.00210865
1291 0.00204548
1292 0.0019838
1293 0.00192359
1294 0.00186482
1295 0.00180747
1296 0.00175153
1297 0.00169698
1298 0.00164379
1299 0.00159194
1300 0.00154141
1301 0.00149218
1302 0.00144422
1303 0.00139752
1304 0.00135205
1305 0.00130779
1306 0.00126472
1307 0.00122282
1308 0.00118207
1309 0.00114244
1310 0.00110391
1311 0.00106646
1312 0.00103007
1313 0.000994719
1314 0.000960382
1315 0.000927041
1316 0.000894673
1317 0.000863257
1318 0.000832774
1319 0.000803202
1320 0.000774521
1321 0.000746711
1322 0.000719751
1323 0.000693621
1324 0.000668303
1325 0.000643777
1326 0.000620023
1327 0.000597023
1328 0.000574757
1329 0.000553209
1330 0.000532358
1331 0.000512188
1332 0.00049268
1333 0.000473818
1334 0.000455585
1335 0.000437962
1336 0.000420935
1337 0.000404486
1338 0.0003886
1339 0.000373261
1340 0.000358454
1341 0.000344162
1342 0.000330373
1343 0.000317071
1344 0.000304241
1345 0.00029187
1346 0.000279945
1347 0.000268451
1348 0.000257376
1349 0.000246707
1350 0.000236431
1351 0.000226537
1352 0.000217011
1353 0.000207843
1354 0.000199022
1355 0.000190535
1356 0.000182372
1357 0.000174523
1358 0.000166977
1359 0.000159724
1360 0.000152755
1361 0.000146059
1362 0.000139628
1363 0.000133452
1364 0.000127523
1365 0.000121832
1366 0.000116371
1367 0.000111131
1368 0.000106106
1369 0.000101286
1370 9.66652e-05
1371 9.22359e-05
1372 8.79913e-05
1373 8.39245e-05
1374 8.00289e-05
1375 7.62982e-05
1376 7.27262e-05
1377 6.9307e-05
1378 6.60347e-05
1379 6.29037e-05
1380 5.99086e-05
1381 5.70442e-05
1382 5.43054e-05
1383 5.16872e-05
1384 4.91849e-05
1385 4.6794e-05
1386 4.45099e-05
1387 4.23285e-05
1388 4.02454e-05
1389 3.82569e-05
1390 3.6359e-05
1391 3.45479e-05
1392 3.28202e-05
1393 3.11723e-05
1394 2.96009e-05
1395 2.81028e-05
1396 2.66749e-05
1397 2.53142e-05
1398 2.40178e-05
1399 2.27831e-05
1400 2.16072e-05
1401 2.04878e-05
1402 1.94222e-05
1403 1.84081e-05
1404 1.74434e-05
1405 1.65257e-05
1406 1.56529e-05
1407 1.48232e-05
1408 1.40344e-05
1409 1.32848e-05
1410 1.25726e-05
1411 1.18961e-05
1412 1.12536e-05
1413 1.06435e-05
1414 1.00644e-05
1415 9.51481e-06
1416 8.9933e-06
1417 8.49859e-06
1418 8.02939e-06
1419 7.58449e-06
1420 7.16273e-06
1421 6.76299e-06
1422 6.38421e-06
1423 6.02537e-06
1424 5.6855e-06
1425 5.36366e-06
1426 5.05898e-06
1427 4.77059e-06
1428 4.49769e-06
1429 4.2395e-06
1430 3.99529e-06
1431 3.76435e-06
1432 3.54601e-06
1433 3.33963e-06
1434 3.1446e-06
1435 2.96032e-06
1436 2.78626e-06
1437 2.62188e-06
1438 2.46667e-06
1439 2.32016e-06
1440 2.18189e-06
1441 2.05142e-06
1442 1.92835e-06
1443 1.81228e-06
1444 1.70283e-06
1445 1.59966e-06
1446 1.50241e-06
1447 1.41078e-06
1448 1.32446e-06
1449 1.24316e-06
1450 1.16659e-06
1451 1.09452e-06
1452 1.02667e-06
1453 9.62832e-07
1454 9.02768e-07
1455 8.46272e-07
1456 7.93142e-07
1457 7.43191e-07
1458 6.96237e-07
1459 6.52111e-07
1460 6.10651e-07
1461 5.71706e-07
1462 5.35131e-07
1463 5.00789e-07
1464 4.68551e-07
1465 4.38295e-07
1466 4.09905e-07
1467 3.83273e-07
1468 3.58294e-07
1469 3.34872e-07
1470 3.12914e-07
1471 2.92334e-07
1472 2.73049e-07
1473 2.54982e-07
1474 2.38059e-07
1475 2.22212e-07
1476 2.07375e-07
1477 1.93488e-07
1478 1.80492e-07
1479 1.68333e-07
1480 1.5696e-07
1481 1.46323e-07
1482 1.36379e-07
1483 1.27082e-07
1484 1.18395e-07
1485 1.10277e-07
1486 1.02694e-07
1487 9.56122e-08
1488 8.89995e-08
1489 8.28264e-08
1490 7.7065e-08
1491 7.16889e-08
1492 6.66736e-08
1493 6.19959e-08
1494 5.7634e-08
1495 5.35675e-08
1496 4.97772e-08
1497 4.62452e-08
1498 4.29546e-08
1499 3.98896e-08
1500 3.70354e-08
1501 3.4378e-08
1502 3.19044e-08
1503 2.96025e-08
1504 2.74608e-08
1505 2.54685e-08
1506 2.36157e-08
1507 2.1893e-08
1508 2.02917e-08
1509 1.88034e-08
1510 1.74205e-08
1511 1.61359e-08
1512 1.49428e-08
1513 1.3835e-08
1514 1.28065e-08
1515 1.1852e-08
1516 1.09662e-08
1517 1.01445e-08
1518 9.3823e-09
1519 8.67553e-09
1520 8.02028e-09
1521 7.41292e-09
1522 6.85009e-09
1523 6.32864e-09
1524 5.84562e-09
1525 5.39831e-09
1526 4.98416e-09
1527 4.60079e-09
1528 4.246e-09
1529 3.91773e-09
1530 3.61406e-09
1531 3.33321e-09
1532 3.07353e-09
1533 2.83346e-09
1534 2.61159e-09
1535 2.40657e-09
1536 2.21717e-09
1537 2.04224e-09
1538 1.8807e-09
1539 1.73157e-09
1540 1.59392e-09
1541 1.4669e-09
1542 1.34971e-09
1543 1.24161e-09
1544 1.14193e-09
1545 1.05002e-09
1546 9.65299e-10
1547 8.87224e-10
1548 8.15288e-10
1549 7.49023e-10
1550 6.87996e-10
1551 6.31804e-10
1552 5.80076e-10
1553 5.32469e-10
1554 4.88663e-10
1555 4.48364e-10
1556 4.113e-10
1557 3.77218e-10
1558 3.45886e-10
1559 3.17087e-10
1560 2.90624e-10
1561 2.66311e-10
1562 2.4398e-10
1563 2.23472e-10
1564 2.04645e-10
1565 1.87363e-10
1566 1.71503e-10
1567 1.56952e-10
1568 1.43604e-10
1569 1.31363e-10
1570 1.2014e-10
1571 1.09851e-10
1572 1.00422e-10
1573 9.17829e-11
1574 8.38685e-11
1575 7.66199e-11
1576 6.99827e-11
1577 6.39066e-11
1578 5.83454e-11
1579 5.32567e-11
1580 4.86012e-11
1581 4.43431e-11
1582 4.04493e-11
1583 3.68895e-11
1584 3.36356e-11
1585 3.06622e-11
1586 2.79455e-11
1587 2.5464e-11
1588 2.31979e-11
1589 2.11288e-11
1590 1.92402e-11
1591 1.75165e-11
1592 1.59439e-11
1593 1.45092e-11
1594 1.32009e-11
1595 1.20079e-11
1596 1.09203e-11
1597 9.9291e-12
1598 9.02591e-12
1599 8.2031e-12
1600 7.45368e-12
1601 6.77127e-12
1602 6.15e-12
1603 5.58452e-12
1604 5.06993e-12
1605 4.60177e-12
1606 4.17593e-12
1607 3.78868e-12
1608 3.43659e-12
1609 3.11655e-12
1610 2.82569e-12
1611 2.56143e-12
1612 2.32138e-12
1613 2.10337e-12
1614 1.90542e-12
1615 1.72572e-12
1616 1.56263e-12
1617 1.41465e-12
1618 1.2804e-12
1619 1.15864e-12
1620 1.04823e-12
1621 9.4814e-13
1622 8.57418e-13
1623 7.75208e-13
1624 7.00728e-13
1625 6.33266e-13
1626 5.72175e-13
1627 5.16865e-13
1628 4.66799e-13
1629 4.21492e-13
1630 3.80499e-13
1631 3.43419e-13
1632 3.09884e-13
1633 2.79563e-13
1634 2.52155e-13
1635 2.27383e-13
1636 2.05001e-13
1637 1.84782e-13
1638 1.6652e-13
1639 1.50031e-13
1640 1.35145e-13
1641 1.2171e-13
1642 1.09586e-13
1643 9.86486e-14
1644 8.87835e-14
1645 7.98875e-14
1646 7.18672e-14
1647 6.4638e-14
1648 5.81234e-14
1649 5.2254e-14
1650 4.6967e-14
1651 4.22058e-14
1652 3.7919e-14
1653 3.40602e-14
1654 3.05874e-14
1655 2.74627e-14
1656 2.46519e-14
1657 2.21239e-14
1658 1.98509e-14
1659 1.78075e-14
1660 1.59709e-14
1661 1.43207e-14
1662 1.28382e-14
1663 1.15066e-14
1664 1.03109e-14
1665 9.23746e-15
1666 8.27396e-15
1667 7.40934e-15
1668 6.63362e-15
1669 5.93783e-15
1670 5.31385e-15
1671 4.75442e-15
1672 4.25295e-15
1673 3.80354e-15
1674 3.40088e-15
1675 3.04019e-15
1676 2.71716e-15
1677 2.42792e-15
1678 2.16899e-15
1679 1.93726e-15
1680 1.72991e-15
1681 1.54441e-15
1682 1.37851e-15
1683 1.23015e-15
1684 1.09753e-15
1685 9.78987e-16
1686 8.73058e-16
1687 7.7842e-16
1688 6.9389e-16
1689 6.18404e-16
1690 5.51009e-16
1691 4.90852e-16
1692 4.37167e-16
1693 3.89268e-16
1694 3.46542e-16
1695 3.08438e-16
1696 2.74464e-16
1697 2.44178e-16
1698 2.17187e-16
1699 1.93137e-16
1700 1.71713e-16
1701 1.52632e-16
1702 1.35642e-16
1703 1.20516e-16
1704 1.07054e-16
1705 9.50745e-17
1706 8.44173e-17
1707 7.49382e-17
1708 6.6509e-17
1709 5.9015e-17
1710 5.2354e-17
1711 4.64346e-17
1712 4.11755e-17
1713 3.65041e-17
1714 3.23555e-17
1715 2.86722e-17
1716 2.54026e-17
1717 2.25009e-17
1718 1.99263e-17
1719 1.76424e-17
1720 1.56169e-17
1721 1.38209e-17
1722 1.22288e-17
1723 1.08177e-17
1724 9.56739e-18
1725 8.45971e-18
1726 7.47863e-18
1727 6.60989e-18
1728 5.84078e-18
1729 5.16003e-18
1730 4.55763e-18
1731 4.02467e-18
1732 3.55326e-18
1733 3.13638e-18
1734 2.7678e-18
1735 2.442e-18
1736 2.15408e-18
1737 1.89969e-18
1738 1.67498e-18
1739 1.47652e-18
1740 1.30129e-18
1741 1.14661e-18
1742 1.01009e-18
1743 8.89632e-19
1744 7.83367e-19
1745 6.89644e-19
1746 6.07e-19
1747 5.34143e-19
1748 4.69928e-19
1749 4.13342e-19
1750 3.63491e-19
1751 3.19581e-19
1752 2.80914e-19
1753 2.46871e-19
1754 2.16907e-19
1755 1.90537e-19
1756 1.67336e-19
1757 1.46929e-19
1758 1.28981e-19
1759 1.13201e-19
1760 9.93302e-20
1761 8.71396e-20
1762 7.64283e-20
1763 6.7019e-20
1764 5.87552e-20
1765 5.1499e-20
1766 4.5129e-20
1767 3.95383e-20
1768 3.46325e-20
1769 3.03288e-20
1770 2.6554e-20
1771 2.3244e-20
1772 2.03421e-20
1773 1.77986e-20
1774 1.55697e-20
1775 1.36169e-20
1776 1.19064e-20
1777 1.04085e-20
1778 9.09704e-21
1779 7.94908e-21
1780 6.94445e-21
1781 6.06546e-21
1782 5.29657e-21
1783 4.62412e-21
1784 4.03617e-21
1785 3.52219e-21
1786 3.07299e-21
1787 2.68049e-21
1788 2.33761e-21
1789 2.03814e-21
1790 1.77665e-21
1791 1.54836e-21
1792 1.34911e-21
1793 1.17525e-21
1794 1.02356e-21
1795 8.91257e-22
1796 7.75884e-22
1797 6.75297e-22
1798 5.87621e-22
1799 5.11216e-22
1800 4.44647e-22
1801 3.86662e-22
1802 3.36165e-22
1803 2.92198e-22
1804 2.53925e-22
1805 2.20617e-22
1806 1.91636e-22
1807 1.66425e-22
1808 1.44499e-22
1809 1.25434e-22
1810 1.08861e-22
1811 9.44561e-23
1812 8.19396e-23
1813 7.10659e-23
1814 6.16217e-23
1815 5.34207e-23
1816 4.6301e-23
1817 4.01213e-23
1818 3.47587e-23
1819 3.01063e-23
1820 2.60708e-23
1821 2.25713e-23
1822 1.95372e-23
1823 1.69072e-23
1824 1.4628e-23
1825 1.26533e-23
1826 1.09428e-23
1827 9.46135e-24
1828 8.17869e-24
1829 7.06836e-24
1830 6.10742e-24
1831 5.27595e-24
1832 4.55668e-24
1833 3.93459e-24
1834 3.39669e-24
1835 2.93167e-24
1836 2.52976e-24
1837 2.18247e-24
1838 1.88243e-24
1839 1.62329e-24
1840 1.39951e-24
1841 1.20632e-24
1842 1.03956e-24
1843 8.95658e-25
1844 7.71505e-25
1845 6.64416e-25
1846 5.72065e-25
1847 4.92441e-25
1848 4.23807e-25
1849 3.64658e-25
1850 3.13694e-25
1851 2.69794e-25
1852 2.31986e-25
1853 1.99432e-25
1854 1.71409e-25
1855 1.47291e-25
1856 1.26538e-25
1857 1.08685e-25
1858 9.33306e-26
1859 8.01275e-26
1860 6.8777e-26
1861 5.90213e-26
1862 5.06382e-26
1863 4.34362e-26
1864 3.72502e-26
1865 3.19382e-26
1866 2.73776e-26
1867 2.3463e-26
1868 2.01037e-26
1869 1.72216e-26
1870 1.47494e-26
1871 1.26293e-26
1872 1.08115e-26
1873 9.25334e-27
1874 7.91797e-27
1875 6.77382e-27
1876 5.79371e-27
1877 4.95432e-27
1878 4.2356e-27
1879 3.62033e-27
1880 3.09376e-27
1881 2.64319e-27
1882 2.25774e-27
1883 1.92807e-27
1884 1.64618e-27
1885 1.40518e-27
1886 1.19921e-27
1887 1.02319e-27
1888 8.72821e-28
1889 7.44383e-28
1890 6.34704e-28
1891 5.41066e-28
1892 4.6114e-28
1893 3.92933e-28
1894 3.34741e-28
1895 2.85103e-28
1896 2.42772e-28
1897 2.0668e-28
1898 1.75915e-28
1899 1.49696e-28
1900 1.27357e-28
1901 1.08327e-28
1902 9.21204e-29
1903 7.8321e-29
1904 6.6574e-29
1905 5.65762e-29
1906 4.80692e-29
1907 4.08323e-29
1908 3.46772e-29
1909 2.94434e-29
1910 2.4994e-29
1911 2.12122e-29
1912 1.79987e-29
1913 1.52686e-29
1914 1.29497e-29
1915 1.09806e-29
1916 9.30878e-30
1917 7.88976e-30
1918 6.6856e-30
1919 5.66395e-30
1920 4.79735e-30
1921 4.06244e-30
1922 3.43935e-30
1923 2.91117e-30
1924 2.46356e-30
1925 2.08431e-30
1926 1.76305e-30
1927 1.49097e-30
1928 1.26061e-30
1929 1.0656e-30
1930 9.00548e-31
1931 7.60896e-31
1932 6.42758e-31
1933 5.42841e-31
1934 4.58354e-31
1935 3.8693e-31
1936 3.26564e-31
1937 2.75553e-31
1938 2.32459e-31
1939 1.9606e-31
1940 1.65325e-31
1941 1.39376e-31
1942 1.17474e-31
1943 9.89917e-32
1944 8.33986e-32
1945 7.0246e-32
1946 5.91544e-32
1947 4.98031e-32
1948 4.19207e-32
1949 3.5278e-32
1950 2.96812e-32
1951 2.49668e-32
1952 2.09966e-32
1953 1.76537e-32
1954 1.48397e-32
1955 1.24715e-32
1956 1.04789e-32
1957 8.80271e-33
1958 7.39297e-33
1959 6.20762e-33
1960 5.21115e-33
1961 4.37367e-33
1962 3.66995e-33
1963 3.07878e-33
1964 2.58226e-33
1965 2.16533e-33
1966 1.81531e-33
1967 1.52153e-33
1968 1.27501e-33
1969 1.06818e-33
1970 8.94716e-34
1971 7.49251e-34
1972 6.27295e-34
1973 5.25071e-34
1974 4.39407e-34
1975 3.67639e-34
1976 3.07524e-34
1977 2.57179e-34
1978 2.15029e-34
1979 1.79747e-34
1980 1.50219e-34
1981 1.25515e-34
1982 1.0485e-34
1983 8.75675e-35
1984 7.31173e-35
1985 6.10378e-35
1986 5.09427e-35
1987 4.25077e-35
1988 3.54616e-35
1989 2.95765e-35
1990 2.46628e-35
1991 2.05608e-35
1992 1.7137e-35
1993 1.42803e-35
1994 1.1897e-35
1995 9.90934e-36
1996 8.25209e-36
1997 6.8703e-36
1998 5.71852e-36
1999 4.75882e-36
2000 3.95939e-36
2001 3.29349e-36
2002 2.73891e-36
2003 2.27725e-36
2004 1.89301e-36
2005 1.57322e-36
2006 1.30717e-36
2007 1.08589e-36
2008 9.01874e-37
2009 7.48874e-37
2010 6.21689e-37
2011 5.16004e-37
2012 4.28202e-37
2013 3.5526e-37
2014 2.94684e-37
2015 2.44395e-37
2016 2.0265e-37
2017 1.68002e-37
2018 1.39255e-37
2019 1.1541e-37
2020 9.56345e-38
2021 7.9237e-38
2022 6.56447e-38
2023 5.438e-38
2024 4.50462e-38
2025 3.73137e-38
2026 3.09101e-38
2027 2.56081e-38
2028 2.12187e-38
2029 1.75858e-38
2030 1.45801e-38
2031 1.20939e-38
2032 1.00375e-38
2033 8.33714e-39
2034 6.93175e-39
2035 5.7705e-39
2036 4.81106e-39
2037 4.01864e-39
2038 3.36456e-39
2039 2.82492e-39
2040 2.37987e-39
2041 2.01308e-39
2042 1.71119e-39
2043 1.46306e-39
2044 1.2595e-39
2045 1.09297e-39
2046 9.57268e-40
2047 8.47438e-40
