0 4.48438e-40
1 4.07123e-40
2 3.75295e-40
3 3.51774e-40
4 3.35649e-40
5 3.26279e-40
6 3.23319e-40
7 3.26647e-40
8 3.36343e-40
9 3.52742e-40
10 3.76406e-40
11 4.08196e-40
12 4.49282e-40
13 5.01034e-40
14 5.65293e-40
15 6.44403e-40
16 7.41131e-40
17 8.58834e-40
18 1.00161e-39
19 1.17457e-39
20 1.38378e-39
21 1.63635e-39
22 1.94099e-39
23 2.30855e-39
24 2.75173e-39
25 3.2853e-39
26 3.92776e-39
27 4.70128e-39
28 5.63247e-39
29 6.75251e-39
30 8.09904e-39
31 9.71869e-39
32 1.16663e-38
33 1.40068e-38
34 1.68179e-38
35 2.01937e-38
36 2.42493e-38
37 2.91209e-38
38 3.49667e-38
39 4.19788e-38
40 5.03946e-38
41 6.04942e-38
42 7.26009e-38
43 8.71094e-38
44 1.04507e-37
45 1.25365e-37
46 1.5035e-37
47 1.80267e-37
48 2.16098e-37
49 2.59013e-37
50 3.10377e-37
51 3.71824e-37
52 4.45361e-37
53 5.33347e-37
54 6.38537e-37
55 7.64285e-37
56 9.1463e-37
57 1.09433e-36
58 1.309e-36
59 1.56541e-36
60 1.87166e-36
61 2.2373e-36
62 2.67377e-36
63 3.19467e-36
64 3.81616e-36
65 4.5575e-36
66 5.44167e-36
67 6.49588e-36
68 7.75257e-36
69 9.25022e-36
70 1.10348e-35
71 1.31605e-35
72 1.56921e-35
73 1.87068e-35
74 2.22953e-35
75 2.65662e-35
76 3.16479e-35
77 3.76936e-35
78 4.48835e-35
79 5.34331e-35
80 6.35976e-35
81 7.5678e-35
82 9.00324e-35
83 1.07084e-34
84 1.2734e-34
85 1.51395e-34
86 1.79948e-34
87 2.13839e-34
88 2.54055e-34
89 3.0177e-34
90 3.58364e-34
91 4.25472e-34
92 5.05046e-34
93 5.99362e-34
94 7.11125e-34
95 8.43544e-34
96 1.00039e-33
97 1.18613e-33
98 1.40605e-33
99 1.66637e-33
100 1.97442e-33
101 2.33889e-33
102 2.77004e-33
103 3.2799e-33
104 3.88274e-33
105 4.59537e-33
106 5.4375e-33
107 6.43245e-33
108 7.60778e-33
109 8.99592e-33
110 1.06349e-32
111 1.25695e-32
112 1.48526e-32
113 1.75466e-32
114 2.07243e-32
115 2.44719e-32
116 2.88907e-32
117 3.40998e-32
118 4.0239e-32
119 4.74722e-32
120 5.59929e-32
121 6.60283e-32
122 7.78439e-32
123 9.17531e-32
124 1.08124e-31
125 1.27386e-31
126 1.50045e-31
127 1.76695e-31
128 2.08032e-31
129 2.44869e-31
130 2.88166e-31
131 3.3904e-31
132 3.98807e-31
133 4.69002e-31
134 5.51428e-31
135 6.48196e-31
136 7.61774e-31
137 8.9505e-31
138 1.05141e-30
139 1.2348e-30
140 1.44986e-30
141 1.702e-30
142 1.99753e-30
143 2.34385e-30
144 2.74959e-30
145 3.22487e-30
146 3.78142e-30
147 4.43306e-30
148 5.19584e-30
149 6.08845e-30
150 7.13284e-30
151 8.35454e-30
152 9.78325e-30
153 1.14538e-29
154 1.34065e-29
155 1.56885e-29
156 1.83549e-29
157 2.14697e-29
158 2.51075e-29
159 2.93549e-29
160 3.4313e-29
161 4.00996e-29
162 4.68514e-29
163 5.47278e-29
164 6.39139e-29
165 7.46247e-29
166 8.71109e-29
167 1.01663e-28
168 1.18619e-28
169 1.38371e-28
170 1.61377e-28
171 1.88163e-28
172 2.19347e-28
173 2.5564e-28
174 2.97869e-28
175 3.46996e-28
176 4.04133e-28
177 4.70572e-28
178 5.47807e-28
179 6.37573e-28
180 7.4188e-28
181 8.63054e-28
182 1.00379e-27
183 1.16722e-27
184 1.35694e-27
185 1.57714e-27
186 1.83266e-27
187 2.12909e-27
188 2.47292e-27
189 2.87162e-27
190 3.33384e-27
191 3.8696e-27
192 4.49044e-27
193 5.20972e-27
194 6.04285e-27
195 7.00764e-27
196 8.12465e-27
197 9.4176e-27
198 1.09139e-26
199 1.2645e-26
200 1.46475e-26
201 1.69633e-26
202 1.96409e-26
203 2.2736e-26
204 2.63129e-26
205 3.04459e-26
206 3.52201e-26
207 4.0734e-26
208 4.71004e-26
209 5.44498e-26
210 6.29319e-26
211 7.2719e-26
212 8.40095e-26
213 9.7031e-26
214 1.12046e-25
215 1.29355e-25
216 1.49305e-25
217 1.72293e-25
218 1.98775e-25
219 2.29275e-25
220 2.64397e-25
221 3.04829e-25
222 3.51365e-25
223 4.04913e-25
224 4.66516e-25
225 5.37369e-25
226 6.18842e-25
227 7.12505e-25
228 8.20157e-25
229 9.4386e-25
230 1.08597e-24
231 1.2492e-24
232 1.43662e-24
233 1.65179e-24
234 1.89876e-24
235 2.18215e-24
236 2.50726e-24
237 2.88015e-24
238 3.30775e-24
239 3.79795e-24
240 4.35981e-24
241 5.00365e-24
242 5.74127e-24
243 6.58611e-24
244 7.55356e-24
245 8.66116e-24
246 9.92891e-24
247 1.13797e-23
248 1.30394e-23
249 1.49379e-23
250 1.71089e-23
251 1.9591e-23
252 2.24282e-23
253 2.56705e-23
254 2.9375e-23
255 3.36065e-23
256 3.8439e-23
257 4.39565e-23
258 5.02548e-23
259 5.74428e-23
260 6.56443e-23
261 7.5e-23
262 8.56701e-23
263 9.78363e-23
264 1.11706e-22
265 1.27513e-22
266 1.45524e-22
267 1.66043e-22
268 1.89412e-22
269 2.16023e-22
270 2.46317e-22
271 2.80797e-22
272 3.20032e-22
273 3.64668e-22
274 4.15436e-22
275 4.73166e-22
276 5.38797e-22
277 6.13393e-22
278 6.9816e-22
279 7.94462e-22
280 9.03842e-22
281 1.02805e-21
282 1.16906e-21
283 1.32911e-21
284 1.51073e-21
285 1.71677e-21
286 1.95047e-21
287 2.21547e-21
288 2.5159e-21
289 2.85642e-21
290 3.24228e-21
291 3.67941e-21
292 4.17453e-21
293 4.73518e-21
294 5.36989e-21
295 6.08827e-21
296 6.90117e-21
297 7.82081e-21
298 8.86096e-21
299 1.00371e-20
300 1.13668e-20
301 1.28697e-20
302 1.4568e-20
303 1.64866e-20
304 1.86536e-20
305 2.11006e-20
306 2.38632e-20
307 2.69813e-20
308 3.05e-20
309 3.44697e-20
310 3.89473e-20
311 4.39966e-20
312 4.96893e-20
313 5.61061e-20
314 6.33372e-20
315 7.14844e-20
316 8.06616e-20
317 9.09966e-20
318 1.02633e-19
319 1.15732e-19
320 1.30473e-19
321 1.4706e-19
322 1.65719e-19
323 1.86703e-19
324 2.10299e-19
325 2.36824e-19
326 2.66636e-19
327 3.00134e-19
328 3.37766e-19
329 3.80033e-19
330 4.27494e-19
331 4.80775e-19
332 5.40577e-19
333 6.07682e-19
334 6.82966e-19
335 7.67405e-19
336 8.62091e-19
337 9.68242e-19
338 1.08722e-18
339 1.22054e-18
340 1.3699e-18
341 1.5372e-18
342 1.72452e-18
343 1.93424e-18
344 2.16897e-18
345 2.43162e-18
346 2.72546e-18
347 3.05409e-18
348 3.42157e-18
349 3.83238e-18
350 4.29152e-18
351 4.80454e-18
352 5.37765e-18
353 6.01773e-18
354 6.73242e-18
355 7.53023e-18
356 8.42063e-18
357 9.41411e-18
358 1.05224e-17
359 1.17583e-17
360 1.31364e-17
361 1.46726e-17
362 1.63846e-17
363 1.82921e-17
364 2.04169e-17
365 2.27834e-17
366 2.54182e-17
367 2.83512e-17
368 3.16153e-17
369 3.52473e-17
370 3.92874e-17
371 4.37807e-17
372 4.87768e-17
373 5.43307e-17
374 6.05034e-17
375 6.73622e-17
376 7.49818e-17
377 8.34446e-17
378 9.28419e-17
379 1.03275e-16
380 1.14854e-16
381 1.27704e-16
382 1.4196e-16
383 1.57772e-16
384 1.75308e-16
385 1.9475e-16
386 2.16301e-16
387 2.40184e-16
388 2.66646e-16
389 2.95959e-16
390 3.28423e-16
391 3.64368e-16
392 4.04159e-16
393 4.48197e-16
394 4.96925e-16
395 5.50829e-16
396 6.10447e-16
397 6.76367e-16
398 7.49241e-16
399 8.29781e-16
400 9.18775e-16
401 1.01709e-15
402 1.12566e-15
403 1.24555e-15
404 1.37789e-15
405 1.52395e-15
406 1.68511e-15
407 1.86288e-15
408 2.05893e-15
409 2.27509e-15
410 2.51336e-15
411 2.77593e-15
412 3.06522e-15
413 3.38386e-15
414 3.73474e-15
415 4.12103e-15
416 4.5462e-15
417 5.01404e-15
418 5.52871e-15
419 6.09475e-15
420 6.71714e-15
421 7.40131e-15
422 8.15322e-15
423 8.97937e-15
424 9.88687e-15
425 1.08835e-14
426 1.19777e-14
427 1.31788e-14
428 1.44968e-14
429 1.5943e-14
430 1.75292e-14
431 1.92687e-14
432 2.11758e-14
433 2.32663e-14
434 2.55572e-14
435 2.80672e-14
436 3.08166e-14
437 3.38275e-14
438 3.71242e-14
439 4.07329e-14
440 4.46823e-14
441 4.90037e-14
442 5.3731e-14
443 5.89013e-14
444 6.45549e-14
445 7.07356e-14
446 7.74913e-14
447 8.48737e-14
448 9.29393e-14
449 1.0175e-13
450 1.11371e-13
451 1.21877e-13
452 1.33345e-13
453 1.45861e-13
454 1.59518e-13
455 1.74417e-13
456 1.90667e-13
457 2.08387e-13
458 2.27706e-13
459 2.48763e-13
460 2.7171e-13
461 2.9671e-13
462 3.23941e-13
463 3.53595e-13
464 3.85881e-13
465 4.21023e-13
466 4.59265e-13
467 5.00871e-13
468 5.46126e-13
469 5.95337e-13
470 6.48837e-13
471 7.06986e-13
472 7.7017e-13
473 8.38809e-13
474 9.13354e-13
475 9.94292e-13
476 1.08215e-12
477 1.17749e-12
478 1.28092e-12
479 1.39311e-12
480 1.51476e-12
481 1.64662e-12
482 1.78953e-12
483 1.94436e-12
484 2.11207e-12
485 2.29367e-12
486 2.49026e-12
487 2.70302e-12
488 2.93321e-12
489 3.18221e-12
490 3.45148e-12
491 3.74258e-12
492 4.0572e-12
493 4.39716e-12
494 4.76441e-12
495 5.16102e-12
496 5.58924e-12
497 6.05148e-12
498 6.5503e-12
499 7.08849e-12
500 7.66899e-12
501 8.29501e-12
502 8.96994e-12
503 9.69744e-12
504 1.04814e-11
505 1.13261e-11
506 1.2236e-11
507 1.32159e-11
508 1.4271e-11
509 1.54068e-11
510 1.66292e-11
511 1.79447e-11
512 1.93599e-11
513 2.08823e-11
514 2.25195e-11
515 2.42799e-11
516 2.61724e-11
517 2.82066e-11
518 3.03927e-11
519 3.27415e-11
520 3.52648e-11
521 3.7975e-11
522 4.08854e-11
523 4.40103e-11
524 4.73647e-11
525 5.09649e-11
526 5.48282e-11
527 5.8973e-11
528 6.3419e-11
529 6.8187e-11
530 7.32993e-11
531 7.87797e-11
532 8.46535e-11
533 9.09475e-11
534 9.76902e-11
535 1.04912e-10
536 1.12645e-10
537 1.20924e-10
538 1.29784e-10
539 1.39265e-10
540 1.49407e-10
541 1.60254e-10
542 1.7185e-10
543 1.84245e-10
544 1.9749e-10
545 2.11639e-10
546 2.2675e-10
547 2.42881e-10
548 2.60099e-10
549 2.78469e-10
550 2.98063e-10
551 3.18955e-10
552 3.41225e-10
553 3.64955e-10
554 3.90233e-10
555 4.1715e-10
556 4.45805e-10
557 4.76297e-10
558 5.08734e-10
559 5.43229e-10
560 5.799e-10
561 6.1887e-10
562 6.6027e-10
563 7.04237e-10
564 7.50914e-10
565 8.00452e-10
566 8.53011e-10
567 9.08755e-10
568 9.6786e-10
569 1.03051e-09
570 1.09689e-09
571 1.16722e-09
572 1.24169e-09
573 1.32054e-09
574 1.404e-09
575 1.49231e-09
576 1.58574e-09
577 1.68455e-09
578 1.78904e-09
579 1.8995e-09
580 2.01626e-09
581 2.13964e-09
582 2.27e-09
583 2.40771e-09
584 2.55316e-09
585 2.70676e-09
586 2.86894e-09
587 3.04017e-09
588 3.22092e-09
589 3.4117e-09
590 3.61304e-09
591 3.82551e-09
592 4.04972e-09
593 4.28627e-09
594 4.53583e-09
595 4.79911e-09
596 5.07682e-09
597 5.36976e-09
598 5.67872e-09
599 6.00456e-09
600 6.34818e-09
601 6.71053e-09
602 7.0926e-09
603 7.49543e-09
604 7.92011e-09
605 8.36779e-09
606 8.83967e-09
607 9.337e-09
608 9.86109e-09
609 1.04133e-08
610 1.09951e-08
611 1.16079e-08
612 1.22533e-08
613 1.29329e-08
614 1.36484e-08
615 1.44015e-08
616 1.5194e-08
617 1.60277e-08
618 1.69046e-08
619 1.78265e-08
620 1.87957e-08
621 1.9814e-08
622 2.08838e-08
623 2.20071e-08
624 2.31861e-08
625 2.44232e-08
626 2.57207e-08
627 2.7081e-08
628 2.85064e-08
629 2.99993e-08
630 3.15623e-08
631 3.31977e-08
632 3.4908e-08
633 3.66958e-08
634 3.85635e-08
635 4.05136e-08
636 4.25486e-08
637 4.4671e-08
638 4.68832e-08
639 4.91876e-08
640 5.15867e-08
641 5.40827e-08
642 5.66781e-08
643 5.9375e-08
644 6.21757e-08
645 6.50824e-08
646 6.80972e-08
647 7.12221e-08
648 7.44593e-08
649 7.78105e-08
650 8.12778e-08
651 8.48631e-08
652 8.8568e-08
653 9.23945e-08
654 9.63443e-08
655 1.00419e-07
656 1.04621e-07
657 1.08951e-07
658 1.13411e-07
659 1.18004e-07
660 1.22731e-07
661 1.27594e-07
662 1.32595e-07
663 1.37736e-07
664 1.43021e-07
665 1.48451e-07
666 1.5403e-07
667 1.59761e-07
668 1.65647e-07
669 1.71693e-07
670 1.77902e-07
671 1.8428e-07
672 1.90832e-07
673 1.97563e-07
674 2.04481e-07
675 2.11593e-07
676 2.18906e-07
677 2.2643e-07
678 2.34174e-07
679 2.42148e-07
680 2.50364e-07
681 2.58834e-07
682 2.67573e-07
683 2.76593e-07
684 2.85912e-07
685 2.95546e-07
686 3.05513e-07
687 3.15832e-07
688 3.26524e-07
689 3.37611e-07
690 3.49116e-07
691 3.61064e-07
692 3.73479e-07
693 3.8639e-07
694 3.99824e-07
695 4.1381e-07
696 4.2838e-07
697 4.43566e-07
698 4.59398e-07
699 4.75913e-07
700 4.93143e-07
701 5.11124e-07
702 5.29893e-07
703 5.49484e-07
704 5.69936e-07
705 5.91284e-07
706 6.13565e-07
707 6.36816e-07
708 6.61073e-07
709 6.8637e-07
710 7.12743e-07
711 7.40223e-07
712 7.68844e-07
713 7.98634e-07
714 8.29621e-07
715 8.61832e-07
716 8.95287e-07
717 9.30008e-07
718 9.6601e-07
719 1.00331e-06
720 1.0419e-06
721 1.08181e-06
722 1.12302e-06
723 1.16553e-06
724 1.20934e-06
725 1.25441e-06
726 1.30074e-06
727 1.34829e-06
728 1.39702e-06
729 1.44689e-06
730 1.49786e-06
731 1.54986e-06
732 1.60284e-06
733 1.65671e-06
734 1.7114e-06
735 1.76681e-06
736 1.82286e-06
737 1.87943e-06
738 1.93642e-06
739 1.99369e-06
740 2.05112e-06
741 2.10858e-06
742 2.16591e-06
743 2.22296e-06
744 2.27958e-06
745 2.33559e-06
746 2.39081e-06
747 2.44508e-06
748 2.49821e-06
749 2.55e-06
750 2.60025e-06
751 2.64878e-06
752 2.69538e-06
753 2.73984e-06
754 2.78197e-06
755 2.82156e-06
756 2.8584e-06
757 2.8923e-06
758 2.92305e-06
759 2.95047e-06
760 2.97436e-06
761 2.99455e-06
762 3.01086e-06
763 3.02313e-06
764 3.03121e-06
765 3.03496e-06
766 3.03424e-06
767 3.02896e-06
768 3.01901e-06
769 3.00433e-06
770 2.98484e-06
771 2.96053e-06
772 2.93137e-06
773 2.89739e-06
774 2.85861e-06
775 2.81509e-06
776 2.76694e-06
777 2.71427e-06
778 2.65723e-06
779 2.59602e-06
780 2.53083e-06
781 2.46193e-06
782 2.3896e-06
783 2.31416e-06
784 2.23597e-06
785 2.15542e-06
786 2.07294e-06
787 1.98901e-06
788 1.90412e-06
789 1.81883e-06
790 1.73371e-06
791 1.6494e-06
792 1.56655e-06
793 1.48586e-06
794 1.40806e-06
795 1.33392e-06
796 1.26426e-06
797 1.19991e-06
798 1.14175e-06
799 1.09068e-06
800 1.04764e-06
801 1.0136e-06
802 9.89551e-07
803 9.76514e-07
804 9.75532e-07
805 9.87671e-07
806 1.01402e-06
807 1.05567e-06
808 1.11375e-06
809 1.18939e-06
810 1.28372e-06
811 1.39789e-06
812 1.53306e-06
813 1.69038e-06
814 1.871e-06
815 2.07607e-06
816 2.30673e-06
817 2.56411e-06
818 2.84935e-06
819 3.16353e-06
820 3.50776e-06
821 3.8831e-06
822 4.29059e-06
823 4.73125e-06
824 5.20608e-06
825 5.71603e-06
826 6.26204e-06
827 6.845e-06
828 7.46576e-06
829 8.12514e-06
830 8.82393e-06
831 9.56285e-06
832 1.03426e-05
833 1.11639e-05
834 1.20272e-05
835 1.29332e-05
836 1.38823e-05
837 1.48751e-05
838 1.59119e-05
839 1.69932e-05
840 1.81193e-05
841 1.92905e-05
842 2.05069e-05
843 2.1769e-05
844 2.30767e-05
845 2.44303e-05
846 2.58299e-05
847 2.72755e-05
848 2.87672e-05
849 3.0305e-05
850 3.1889e-05
851 3.3519e-05
852 3.51952e-05
853 3.69175e-05
854 3.86858e-05
855 4.05002e-05
856 4.23605e-05
857 4.42669e-05
858 4.62194e-05
859 4.82179e-05
860 5.02626e-05
861 5.23536e-05
862 5.44911e-05
863 5.66753e-05
864 5.89064e-05
865 6.1185e-05
866 6.35113e-05
867 6.58858e-05
868 6.83093e-05
869 7.07824e-05
870 7.3306e-05
871 7.58808e-05
872 7.85082e-05
873 8.11891e-05
874 8.39249e-05
875 8.67172e-05
876 8.95675e-05
877 9.24776e-05
878 9.54496e-05
879 9.84855e-05
880 0.000101588
881 0.000104759
882 0.000108001
883 0.000111318
884 0.000114713
885 0.000118189
886 0.00012175
887 0.000125399
888 0.00012914
889 0.000132979
890 0.000136919
891 0.000140966
892 0.000145124
893 0.0001494
894 0.000153798
895 0.000158324
896 0.000162986
897 0.000167789
898 0.000172741
899 0.000177848
900 0.000183118
901 0.000188558
902 0.000194178
903 0.000199984
904 0.000205987
905 0.000212194
906 0.000218615
907 0.00022526
908 0.000232139
909 0.000239262
910 0.000246639
911 0.000254282
912 0.000262201
913 0.000270409
914 0.000278916
915 0.000287736
916 0.00029688
917 0.000306361
918 0.000316193
919 0.000326389
920 0.000336962
921 0.000347927
922 0.000359297
923 0.000371088
924 0.000383313
925 0.000395989
926 0.00040913
927 0.000422753
928 0.000436872
929 0.000451505
930 0.000466668
931 0.000482377
932 0.000498649
933 0.000515503
934 0.000532953
935 0.00055102
936 0.00056972
937 0.000589071
938 0.000609092
939 0.000629802
940 0.000651218
941 0.000673359
942 0.000696245
943 0.000719895
944 0.000744328
945 0.000769563
946 0.000795621
947 0.00082252
948 0.000850281
949 0.000878923
950 0.000908467
951 0.000938933
952 0.00097034
953 0.00100271
954 0.00103606
955 0.00107042
956 0.0011058
957 0.00114222
958 0.0011797
959 0.00121828
960 0.00125795
961 0.00129875
962 0.0013407
963 0.00138382
964 0.00142812
965 0.00147362
966 0.00152036
967 0.00156834
968 0.00161758
969 0.00166812
970 0.00171996
971 0.00177312
972 0.00182763
973 0.00188351
974 0.00194076
975 0.00199942
976 0.0020595
977 0.00212101
978 0.00218398
979 0.00224842
980 0.00231436
981 0.0023818
982 0.00245076
983 0.00252126
984 0.00259332
985 0.00266695
986 0.00274217
987 0.00281898
988 0.00289741
989 0.00297747
990 0.00305917
991 0.00314252
992 0.00322753
993 0.00331423
994 0.00340261
995 0.00349268
996 0.00358447
997 0.00367797
998 0.00377319
999 0.00387015
1000 0.00396884
1001 0.00406928
1002 0.00417146
1003 0.0042754
1004 0.0043811
1005 0.00448856
1006 0.00459777
1007 0.00470876
1008 0.0048215
1009 0.00493601
1010 0.00505227
1011 0.0051703
1012 0.00529007
1013 0.0054116
1014 0.00553487
1015 0.00565988
1016 0.00578662
1017 0.00591507
1018 0.00604524
1019 0.0061771
1020 0.00631065
1021 0.00644588
1022 0.00658276
1023 0.00672128
1024 0.00686143
1025 0.00700319
1026 0.00714653
1027 0.00729145
1028 0.0074379
1029 0.00758588
1030 0.00773536
1031 0.0078863
1032 0.00803869
1033 0.0081925
1034 0.0083477
1035 0.00850425
1036 0.00866212
1037 0.00882128
1038 0.0089817
1039 0.00914333
1040 0.00930614
1041 0.0094701
1042 0.00963516
1043 0.00980127
1044 0.0099684
1045 0.0101365
1046 0.0103055
1047 0.0104755
1048 0.0106462
1049 0.0108177
1050 0.01099
1051 0.0111629
1052 0.0113365
1053 0.0115106
1054 0.0116853
1055 0.0118604
1056 0.0120359
1057 0.0122118
1058 0.012388
1059 0.0125643
1060 0.0127409
1061 0.0129175
1062 0.0130942
1063 0.0132708
1064 0.0134474
1065 0.0136237
1066 0.0137999
1067 0.0139757
1068 0.0141512
1069 0.0143263
1070 0.0145008
1071 0.0146748
1072 0.0148481
1073 0.0150206
1074 0.0151924
1075 0.0153633
1076 0.0155333
1077 0.0157023
1078 0.0158701
1079 0.0160368
1080 0.0162022
1081 0.0163664
1082 0.0165291
1083 0.0166904
1084 0.0168501
1085 0.0170082
1086 0.0171646
1087 0.0173193
1088 0.0174721
1089 0.017623
1090 0.0177719
1091 0.0179187
1092 0.0180634
1093 0.0182059
1094 0.0183461
1095 0.018484
1096 0.0186194
1097 0.0187523
1098 0.0188827
1099 0.0190105
1100 0.0191355
1101 0.0192578
1102 0.0193773
1103 0.0194939
1104 0.0196075
1105 0.0197181
1106 0.0198256
1107 0.01993
1108 0.0200312
1109 0.0201291
1110 0.0202238
1111 0.0203151
1112 0.020403
1113 0.0204874
1114 0.0205683
1115 0.0206457
1116 0.0207195
1117 0.0207896
1118 0.0208561
1119 0.0209188
1120 0.0209778
1121 0.021033
1122 0.0210844
1123 0.0211319
1124 0.0211756
1125 0.0212153
1126 0.0212511
1127 0.021283
1128 0.0213109
1129 0.0213348
1130 0.0213546
1131 0.0213705
1132 0.0213823
1133 0.0213901
1134 0.0213939
1135 0.0213936
1136 0.0213892
1137 0.0213808
1138 0.0213683
1139 0.0213518
1140 0.0213313
1141 0.0213067
1142 0.0212781
1143 0.0212455
1144 0.0212089
1145 0.0211684
1146 0.0211239
1147 0.0210755
1148 0.0210232
1149 0.020967
1150 0.020907
1151 0.0208432
1152 0.0207756
1153 0.0207042
1154 0.0206292
1155 0.0205505
1156 0.0204682
1157 0.0203823
1158 0.0202929
1159 0.0202
1160 0.0201037
1161 0.020004
1162 0.019901
1163 0.0197947
1164 0.0196852
1165 0.0195725
1166 0.0194568
1167 0.019338
1168 0.0192162
1169 0.0190915
1170 0.018964
1171 0.0188337
1172 0.0187007
1173 0.018565
1174 0.0184268
1175 0.0182861
1176 0.0181429
1177 0.0179974
1178 0.0178496
1179 0.0176996
1180 0.0175474
1181 0.0173932
1182 0.017237
1183 0.0170789
1184 0.016919
1185 0.0167573
1186 0.0165939
1187 0.016429
1188 0.0162625
1189 0.0160946
1190 0.0159253
1191 0.0157547
1192 0.0155829
1193 0.01541
1194 0.0152361
1195 0.0150612
1196 0.0148853
1197 0.0147087
1198 0.0145313
1199 0.0143533
1200 0.0141746
1201 0.0139955
1202 0.0138159
1203 0.0136359
1204 0.0134557
1205 0.0132752
1206 0.0130946
1207 0.0129139
1208 0.0127332
1209 0.0125526
1210 0.012372
1211 0.0121917
1212 0.0120117
1213 0.011832
1214 0.0116527
1215 0.0114738
1216 0.0112954
1217 0.0111177
1218 0.0109405
1219 0.0107641
1220 0.0105884
1221 0.0104135
1222 0.0102395
1223 0.0100664
1224 0.00989427
1225 0.00972315
1226 0.00955309
1227 0.00938414
1228 0.00921634
1229 0.00904975
1230 0.0088844
1231 0.00872034
1232 0.0085576
1233 0.00839622
1234 0.00823625
1235 0.00807771
1236 0.00792064
1237 0.00776507
1238 0.00761104
1239 0.00745856
1240 0.00730768
1241 0.00715842
1242 0.0070108
1243 0.00686485
1244 0.00672058
1245 0.00657803
1246 0.0064372
1247 0.00629813
1248 0.00616082
1249 0.00602528
1250 0.00589155
1251 0.00575962
1252 0.0056295
1253 0.00550122
1254 0.00537477
1255 0.00525017
1256 0.00512742
1257 0.00500653
1258 0.0048875
1259 0.00477033
1260 0.00465503
1261 0.00454159
1262 0.00443002
1263 0.00432031
1264 0.00421246
1265 0.00410647
1266 0.00400234
1267 0.00390005
1268 0.0037996
1269 0.00370098
1270 0.00360419
1271 0.00350922
1272 0.00341605
1273 0.00332468
1274 0.00323509
1275 0.00314727
1276 0.00306122
1277 0.0029769
1278 0.00289432
1279 0.00281345
1280 0.00273429
1281 0.0026568
1282 0.00258099
1283 0.00250682
1284 0.00243429
1285 0.00236337
1286 0.00229405
1287 0.0022263
1288 0.00216011
1289 0.00209547
1290 0.00203233
1291 0.0019707
1292 0.00191054
1293 0.00185184
1294 0.00179458
1295 0.00173873
1296 0.00168427
1297 0.00163118
1298 0.00157944
1299 0.00152903
1300 0.00147992
1301 0.00143209
1302 0.00138553
1303 0.0013402
1304 0.00129609
1305 0.00125318
1306 0.00121143
1307 0.00117084
1308 0.00113137
1309 0.00109301
1310 0.00105574
1311 0.00101952
1312 0.000984343
1313 0.000950185
1314 0.000917023
1315 0.000884837
1316 0.000853604
1317 0.000823304
1318 0.000793916
1319 0.000765419
1320 0.000737794
1321 0.000711018
1322 0.000685073
1323 0.000659939
1324 0.000635596
1325 0.000612025
1326 0.000589206
1327 0.00056712
1328 0.00054575
1329 0.000525077
1330 0.000505083
1331 0.00048575
1332 0.00046706
1333 0.000448996
1334 0.000431542
1335 0.000414681
1336 0.000398396
1337 0.000382671
1338 0.000367491
1339 0.00035284
1340 0.000338703
1341 0.000325065
1342 0.000311911
1343 0.000299228
1344 0.000287001
1345 0.000275216
1346 0.000263861
1347 0.000252921
1348 0.000242385
1349 0.000232239
1350 0.000222472
1351 0.000213071
1352 0.000204025
1353 0.000195322
1354 0.000186951
1355 0.000178902
1356 0.000171164
1357 0.000163726
1358 0.000156579
1359 0.000149713
1360 0.000143117
1361 0.000136784
1362 0.000130704
1363 0.000124867
1364 0.000119267
1365 0.000113893
1366 0.000108739
1367 0.000103797
1368 9.90581e-05
1369 9.4516e-05
1370 9.01631e-05
1371 8.59927e-05
1372 8.19979e-05
1373 7.81723e-05
1374 7.45095e-05
1375 7.10033e-05
1376 6.76479e-05
1377 6.44375e-05
1378 6.13666e-05
1379 5.84296e-05
1380 5.56215e-05
1381 5.29372e-05
1382 5.03718e-05
1383 4.79206e-05
1384 4.55791e-05
1385 4.33428e-05
1386 4.12076e-05
1387 3.91693e-05
1388 3.72239e-05
1389 3.53676e-05
1390 3.35969e-05
1391 3.1908e-05
1392 3.02976e-05
1393 2.87625e-05
1394 2.72993e-05
1395 2.59051e-05
1396 2.45769e-05
1397 2.33118e-05
1398 2.21072e-05
1399 2.09604e-05
1400 1.98689e-05
1401 1.88302e-05
1402 1.78421e-05
1403 1.69022e-05
1404 1.60084e-05
1405 1.51587e-05
1406 1.43511e-05
1407 1.35836e-05
1408 1.28545e-05
1409 1.21619e-05
1410 1.15041e-05
1411 1.08797e-05
1412 1.02869e-05
1413 9.72443e-06
1414 9.19074e-06
1415 8.6845e-06
1416 8.2044e-06
1417 7.7492e-06
1418 7.31771e-06
1419 6.90878e-06
1420 6.52132e-06
1421 6.15428e-06
1422 5.80667e-06
1423 5.47754e-06
1424 5.16596e-06
1425 4.87108e-06
1426 4.59206e-06
1427 4.3281e-06
1428 4.07844e-06
1429 3.84238e-06
1430 3.61921e-06
1431 3.40828e-06
1432 3.20896e-06
1433 3.02065e-06
1434 2.8428e-06
1435 2.67484e-06
1436 2.51628e-06
1437 2.36661e-06
1438 2.22537e-06
1439 2.09212e-06
1440 1.96643e-06
1441 1.84789e-06
1442 1.73614e-06
1443 1.63079e-06
1444 1.53151e-06
1445 1.43797e-06
1446 1.34985e-06
1447 1.26687e-06
1448 1.18873e-06
1449 1.11517e-06
1450 1.04595e-06
1451 9.80806e-07
1452 9.19527e-07
1453 8.61894e-07
1454 8.077e-07
1455 7.56752e-07
1456 7.08866e-07
1457 6.63868e-07
1458 6.21595e-07
1459 5.81888e-07
1460 5.44602e-07
1461 5.09595e-07
1462 4.76737e-07
1463 4.45902e-07
1464 4.16972e-07
1465 3.89836e-07
1466 3.64387e-07
1467 3.40527e-07
1468 3.18161e-07
1469 2.972e-07
1470 2.77561e-07
1471 2.59164e-07
1472 2.41934e-07
1473 2.25802e-07
1474 2.107e-07
1475 1.96565e-07
1476 1.8334e-07
1477 1.70967e-07
1478 1.59396e-07
1479 1.48575e-07
1480 1.3846e-07
1481 1.29005e-07
1482 1.20171e-07
1483 1.11917e-07
1484 1.04207e-07
1485 9.70083e-08
1486 9.02872e-08
1487 8.40136e-08
1488 7.81592e-08
1489 7.26971e-08
1490 6.76022e-08
1491 6.28508e-08
1492 5.84209e-08
1493 5.42915e-08
1494 5.04431e-08
1495 4.68575e-08
1496 4.35173e-08
1497 4.04066e-08
1498 3.75102e-08
1499 3.48139e-08
1500 3.23045e-08
1501 2.99695e-08
1502 2.77974e-08
1503 2.57771e-08
1504 2.38985e-08
1505 2.21521e-08
1506 2.05288e-08
1507 1.90205e-08
1508 1.76191e-08
1509 1.63175e-08
1510 1.51088e-08
1511 1.39867e-08
1512 1.2945e-08
1513 1.19784e-08
1514 1.10816e-08
1515 1.02497e-08
1516 9.47826e-09
1517 8.76297e-09
1518 8.09992e-09
1519 7.48542e-09
1520 6.91606e-09
1521 6.38862e-09
1522 5.90014e-09
1523 5.44784e-09
1524 5.02912e-09
1525 4.64159e-09
1526 4.283e-09
1527 3.95126e-09
1528 3.64442e-09
1529 3.36069e-09
1530 3.09838e-09
1531 2.85593e-09
1532 2.63188e-09
1533 2.42489e-09
1534 2.23369e-09
1535 2.05713e-09
1536 1.89411e-09
1537 1.74363e-09
1538 1.60476e-09
1539 1.47663e-09
1540 1.35844e-09
1541 1.24944e-09
1542 1.14894e-09
1543 1.05629e-09
1544 9.70902e-10
1545 8.92224e-10
1546 8.19745e-10
1547 7.5299e-10
1548 6.91521e-10
1549 6.34933e-10
1550 5.8285e-10
1551 5.34922e-10
1552 4.9083e-10
1553 4.50274e-10
1554 4.1298e-10
1555 3.78693e-10
1556 3.47177e-10
1557 3.18215e-10
1558 2.91606e-10
1559 2.67164e-10
1560 2.44717e-10
1561 2.24108e-10
1562 2.0519e-10
1563 1.87829e-10
1564 1.71899e-10
1565 1.57286e-10
1566 1.43884e-10
1567 1.31595e-10
1568 1.2033e-10
1569 1.10005e-10
1570 1.00545e-10
1571 9.18778e-11
1572 8.39398e-11
1573 7.6671e-11
1574 7.00165e-11
1575 6.39257e-11
1576 5.8352e-11
1577 5.32528e-11
1578 4.85887e-11
1579 4.43234e-11
1580 4.04238e-11
1581 3.68593e-11
1582 3.36019e-11
1583 3.06256e-11
1584 2.7907e-11
1585 2.54241e-11
1586 2.31571e-11
1587 2.10877e-11
1588 1.91991e-11
1589 1.74758e-11
1590 1.59037e-11
1591 1.447e-11
1592 1.31626e-11
1593 1.19707e-11
1594 1.08844e-11
1595 9.89458e-12
1596 8.99278e-12
1597 8.1714e-12
1598 7.42343e-12
1599 6.74246e-12
1600 6.12263e-12
1601 5.55857e-12
1602 5.04538e-12
1603 4.57857e-12
1604 4.15405e-12
1605 3.76808e-12
1606 3.41722e-12
1607 3.09836e-12
1608 2.80864e-12
1609 2.54545e-12
1610 2.30643e-12
1611 2.0894e-12
1612 1.89237e-12
1613 1.71356e-12
1614 1.5513e-12
1615 1.4041e-12
1616 1.27059e-12
1617 1.14953e-12
1618 1.03977e-12
1619 9.40289e-13
1620 8.5014e-13
1621 7.68467e-13
1622 6.94488e-13
1623 6.27495e-13
1624 5.66841e-13
1625 5.11937e-13
1626 4.62251e-13
1627 4.17296e-13
1628 3.76631e-13
1629 3.39855e-13
1630 3.06603e-13
1631 2.76544e-13
1632 2.49377e-13
1633 2.24831e-13
1634 2.02656e-13
1635 1.82628e-13
1636 1.64544e-13
1637 1.48218e-13
1638 1.33483e-13
1639 1.20187e-13
1640 1.08191e-13
1641 9.73716e-14
1642 8.76149e-14
1643 7.88187e-14
1644 7.08901e-14
1645 6.37452e-14
1646 5.73079e-14
1647 5.15095e-14
1648 4.62876e-14
1649 4.1586e-14
1650 3.73539e-14
1651 3.35451e-14
1652 3.01181e-14
1653 2.70354e-14
1654 2.42628e-14
1655 2.17699e-14
1656 1.95288e-14
1657 1.75146e-14
1658 1.57048e-14
1659 1.40788e-14
1660 1.26185e-14
1661 1.13072e-14
1662 1.01299e-14
1663 9.07322e-15
1664 8.12499e-15
1665 7.27428e-15
1666 6.51121e-15
1667 5.82692e-15
1668 5.2134e-15
1669 4.66346e-15
1670 4.17062e-15
1671 3.72905e-15
1672 3.3335e-15
1673 2.97926e-15
1674 2.66208e-15
1675 2.37815e-15
1676 2.12404e-15
1677 1.89666e-15
1678 1.69326e-15
1679 1.51133e-15
1680 1.34866e-15
1681 1.20324e-15
1682 1.07326e-15
1683 9.57108e-16
1684 8.53343e-16
1685 7.60661e-16
1686 6.77896e-16
1687 6.04005e-16
1688 5.3805e-16
1689 4.79192e-16
1690 4.26679e-16
1691 3.79838e-16
1692 3.38065e-16
1693 3.0082e-16
1694 2.6762e-16
1695 2.38031e-16
1696 2.11668e-16
1697 1.88183e-16
1698 1.67268e-16
1699 1.48644e-16
1700 1.32065e-16
1701 1.1731e-16
1702 1.0418e-16
1703 9.24994e-17
1704 8.21106e-17
1705 7.28725e-17
1706 6.46597e-17
1707 5.73598e-17
1708 5.0873e-17
1709 4.51099e-17
1710 3.99908e-17
1711 3.54449e-17
1712 3.14089e-17
1713 2.78264e-17
1714 2.46471e-17
1715 2.18262e-17
1716 1.9324e-17
1717 1.71049e-17
1718 1.51373e-17
1719 1.33931e-17
1720 1.18472e-17
1721 1.04775e-17
1722 9.26417e-18
1723 8.18952e-18
1724 7.23794e-18
1725 6.39553e-18
1726 5.64992e-18
1727 4.99015e-18
1728 4.40645e-18
1729 3.89018e-18
1730 3.43364e-18
1731 3.03001e-18
1732 2.67325e-18
1733 2.35797e-18
1734 2.07942e-18
1735 1.83337e-18
1736 1.61609e-18
1737 1.42424e-18
1738 1.25489e-18
1739 1.10543e-18
1740 9.73562e-19
1741 8.57235e-19
1742 7.54642e-19
1743 6.64181e-19
1744 5.84436e-19
1745 5.14152e-19
1746 4.52221e-19
1747 3.97662e-19
1748 3.49609e-19
1749 3.07295e-19
1750 2.70043e-19
1751 2.37254e-19
1752 2.08401e-19
1753 1.83017e-19
1754 1.60689e-19
1755 1.41054e-19
1756 1.23791e-19
1757 1.08617e-19
1758 9.52822e-20
1759 8.35659e-20
1760 7.32742e-20
1761 6.42359e-20
1762 5.63e-20
1763 4.93337e-20
1764 4.32199e-20
1765 3.78554e-20
1766 3.31495e-20
1767 2.90222e-20
1768 2.54031e-20
1769 2.22305e-20
1770 1.94498e-20
1771 1.70132e-20
1772 1.48786e-20
1773 1.30089e-20
1774 1.13717e-20
1775 9.93836e-21
1776 8.68377e-21
1777 7.58587e-21
1778 6.62533e-21
1779 5.78514e-21
1780 5.05039e-21
1781 4.40799e-21
1782 3.84645e-21
1783 3.35571e-21
1784 2.92693e-21
1785 2.55238e-21
1786 2.22527e-21
1787 1.93965e-21
1788 1.69033e-21
1789 1.47272e-21
1790 1.28285e-21
1791 1.11721e-21
1792 9.72742e-22
1793 8.4677e-22
1794 7.36949e-22
1795 6.41229e-22
1796 5.5782e-22
1797 4.85153e-22
1798 4.21859e-22
1799 3.66742e-22
1800 3.18756e-22
1801 2.76987e-22
1802 2.40639e-22
1803 2.09014e-22
1804 1.81505e-22
1805 1.57582e-22
1806 1.36782e-22
1807 1.18702e-22
1808 1.02988e-22
1809 8.93352e-23
1810 7.7475e-23
1811 6.71745e-23
1812 5.82306e-23
1813 5.04664e-23
1814 4.37278e-23
1815 3.78806e-23
1816 3.28081e-23
1817 2.84085e-23
1818 2.45935e-23
1819 2.12861e-23
1820 1.84194e-23
1821 1.59352e-23
1822 1.37831e-23
1823 1.1919e-23
1824 1.03047e-23
1825 8.90705e-24
1826 7.69729e-24
1827 6.65037e-24
1828 5.74457e-24
1829 4.96105e-24
1830 4.28345e-24
1831 3.69758e-24
1832 3.19114e-24
1833 2.75346e-24
1834 2.37528e-24
1835 2.04859e-24
1836 1.76644e-24
1837 1.52281e-24
1838 1.3125e-24
1839 1.13098e-24
1840 9.7435e-25
1841 8.39227e-25
1842 7.22683e-25
1843 6.22185e-25
1844 5.35545e-25
1845 4.60867e-25
1846 3.96515e-25
1847 3.41073e-25
1848 2.93319e-25
1849 2.52194e-25
1850 2.16788e-25
1851 1.86311e-25
1852 1.60083e-25
1853 1.37517e-25
1854 1.18106e-25
1855 1.01412e-25
1856 8.70591e-26
1857 7.47207e-26
1858 6.41167e-26
1859 5.50054e-26
1860 4.71784e-26
1861 4.04562e-26
1862 3.46841e-26
1863 2.9729e-26
1864 2.54761e-26
1865 2.18268e-26
1866 1.8696e-26
1867 1.60108e-26
1868 1.37082e-26
1869 1.17342e-26
1870 1.00422e-26
1871 8.59223e-27
1872 7.35002e-27
1873 6.286e-27
1874 5.37482e-27
1875 4.5947e-27
1876 3.92693e-27
1877 3.35547e-27
1878 2.86654e-27
1879 2.4483e-27
1880 2.09063e-27
1881 1.78481e-27
1882 1.52338e-27
1883 1.29996e-27
1884 1.10906e-27
1885 9.45987e-28
1886 8.0671e-28
1887 6.87787e-28
1888 5.86264e-28
1889 4.99616e-28
1890 4.2568e-28
1891 3.62605e-28
1892 3.08807e-28
1893 2.62933e-28
1894 2.23824e-28
1895 1.90489e-28
1896 1.62083e-28
1897 1.37883e-28
1898 1.17269e-28
1899 9.97156e-29
1900 8.47707e-29
1901 7.20494e-29
1902 6.12237e-29
1903 5.2013e-29
1904 4.41782e-29
1905 3.75152e-29
1906 3.18501e-29
1907 2.70344e-29
1908 2.29417e-29
1909 1.94643e-29
1910 1.65103e-29
1911 1.40015e-29
1912 1.18713e-29
1913 1.00629e-29
1914 8.52814e-30
1915 7.22583e-30
1916 6.12102e-30
1917 5.18399e-30
1918 4.38941e-30
1919 3.7158e-30
1920 3.14486e-30
1921 2.66106e-30
1922 2.25118e-30
1923 1.90401e-30
1924 1.61002e-30
1925 1.36112e-30
1926 1.15044e-30
1927 9.72154e-31
1928 8.21316e-31
1929 6.93726e-31
1930 5.85826e-31
1931 4.94598e-31
1932 4.17484e-31
1933 3.52314e-31
1934 2.97251e-31
1935 2.50737e-31
1936 2.11455e-31
1937 1.78287e-31
1938 1.50288e-31
1939 1.26658e-31
1940 1.0672e-31
1941 8.98999e-32
1942 7.5714e-32
1943 6.37524e-32
1944 5.36686e-32
1945 4.51696e-32
1946 3.8008e-32
1947 3.19748e-32
1948 2.68932e-32
1949 2.26142e-32
1950 1.90117e-32
1951 1.59796e-32
1952 1.34281e-32
1953 1.12814e-32
1954 9.47581e-33
1955 7.95742e-33
1956 6.68084e-33
1957 5.6078e-33
1958 4.70606e-33
1959 3.94843e-33
1960 3.31204e-33
1961 2.77759e-33
1962 2.32887e-33
1963 1.9522e-33
1964 1.63608e-33
1965 1.37085e-33
1966 1.14836e-33
1967 9.61761e-34
1968 8.05306e-34
1969 6.74148e-34
1970 5.64225e-34
1971 4.72123e-34
1972 3.94967e-34
1973 3.30343e-34
1974 2.76233e-34
1975 2.30934e-34
1976 1.93019e-34
1977 1.61294e-34
1978 1.34753e-34
1979 1.12554e-34
1980 9.39904e-35
1981 7.84711e-35
1982 6.54998e-35
1983 5.46603e-35
1984 4.56046e-35
1985 3.80403e-35
1986 3.17239e-35
1987 2.64502e-35
1988 2.20481e-35
1989 1.83747e-35
1990 1.53096e-35
1991 1.27531e-35
1992 1.06213e-35
1993 8.84375e-36
1994 7.3619e-36
1995 6.12703e-36
1996 5.09824e-36
1997 4.24122e-36
1998 3.52741e-36
1999 2.93312e-36
2000 2.43843e-36
2001 2.02669e-36
2002 1.6841e-36
2003 1.39913e-36
2004 1.16211e-36
2005 9.65036e-37
2006 8.01195e-37
2007 6.65033e-37
2008 5.51896e-37
2009 4.579e-37
2010 3.79831e-37
2011 3.15012e-37
2012 2.61199e-37
2013 2.16531e-37
2014 1.79468e-37
2015 1.4872e-37
2016 1.23217e-37
2017 1.02068e-37
2018 8.4535e-38
2019 7.00033e-38
2020 5.79609e-38
2021 4.79835e-38
2022 3.97198e-38
2023 3.28769e-38
2024 2.72113e-38
2025 2.25214e-38
2026 1.86406e-38
2027 1.54303e-38
2028 1.27745e-38
2029 1.05782e-38
2030 8.76249e-39
2031 7.26187e-39
2032 6.02167e-39
2033 4.99697e-39
2034 4.15073e-39
2035 3.45207e-39
2036 2.87531e-39
2037 2.39929e-39
2038 2.00672e-39
2039 1.6831e-39
2040 1.41644e-39
2041 1.19687e-39
2042 1.01624e-39
2043 8.67928e-40
2044 7.46383e-40
2045 6.4702e-40
2046 5.66152e-40
2047 5.00783e-40
