0 2.36929e-54
1 1.46883e-54
2 9.57598e-55
3 8.03271e-55
4 9.94009e-55
5 1.53765e-54
6 2.46205e-54
7 3.81647e-54
8 5.67427e-54
9 8.13678e-54
10 1.13388e-53
11 1.54561e-53
12 2.07144e-53
13 2.74023e-53
14 3.58863e-53
15 4.66311e-53
16 6.02241e-53
17 7.74076e-53
18 9.91179e-53
19 1.26537e-52
20 1.61152e-52
21 2.04842e-52
22 2.59969e-52
23 3.2951e-52
24 4.17213e-52
25 5.27794e-52
26 6.67188e-52
27 8.42861e-52
28 1.0642e-51
29 1.34302e-51
30 1.69416e-51
31 2.13626e-51
32 2.69277e-51
33 3.39312e-51
34 4.27427e-51
35 5.38265e-51
36 6.77649e-51
37 8.52892e-51
38 1.07316e-50
39 1.34996e-50
40 1.69772e-50
41 2.13451e-50
42 2.683e-50
43 3.37157e-50
44 4.2358e-50
45 5.32021e-50
46 6.68057e-50
47 8.38667e-50
48 1.05258e-49
49 1.32073e-49
50 1.65677e-49
51 2.07779e-49
52 2.60513e-49
53 3.26549e-49
54 4.09219e-49
55 5.12688e-49
56 6.42154e-49
57 8.04106e-49
58 1.00664e-48
59 1.25987e-48
60 1.57638e-48
61 1.97191e-48
62 2.46602e-48
63 3.08314e-48
64 3.85369e-48
65 4.81555e-48
66 6.0159e-48
67 7.51347e-48
68 9.38136e-48
69 1.17105e-47
70 1.46141e-47
71 1.82328e-47
72 2.27414e-47
73 2.83575e-47
74 3.53512e-47
75 4.40579e-47
76 5.48946e-47
77 6.83786e-47
78 8.51523e-47
79 1.06013e-46
80 1.31949e-46
81 1.64187e-46
82 2.04248e-46
83 2.54018e-46
84 3.15834e-46
85 3.9259e-46
86 4.87874e-46
87 6.06127e-46
88 7.5285e-46
89 9.3485e-46
90 1.16055e-45
91 1.44038e-45
92 1.78723e-45
93 2.21704e-45
94 2.74952e-45
95 3.40905e-45
96 4.22572e-45
97 5.23674e-45
98 6.48804e-45
99 8.03637e-45
100 9.95175e-45
101 1.23206e-44
102 1.52497e-44
103 1.88705e-44
104 2.33455e-44
105 2.88746e-44
106 3.57047e-44
107 4.41398e-44
108 5.45546e-44
109 6.74107e-44
110 8.32767e-44
111 1.02852e-43
112 1.27e-43
113 1.56779e-43
114 1.93494e-43
115 2.38752e-43
116 2.94525e-43
117 3.63241e-43
118 4.47883e-43
119 5.52116e-43
120 6.80444e-43
121 8.384e-43
122 1.03278e-42
123 1.27191e-42
124 1.56605e-42
125 1.92773e-42
126 2.37238e-42
127 2.91889e-42
128 3.59041e-42
129 4.41535e-42
130 5.42851e-42
131 6.67251e-42
132 8.19958e-42
133 1.00736e-41
134 1.2373e-41
135 1.51933e-41
136 1.8652e-41
137 2.28922e-41
138 2.80893e-41
139 3.44577e-41
140 4.22592e-41
141 5.18139e-41
142 6.35128e-41
143 7.78334e-41
144 9.53587e-41
145 1.168e-40
146 1.43026e-40
147 1.75096e-40
148 2.14302e-40
149 2.6222e-40
150 3.20769e-40
151 3.92291e-40
152 4.79636e-40
153 5.86279e-40
154 7.16448e-40
155 8.75295e-40
156 1.06908e-39
157 1.30545e-39
158 1.59366e-39
159 1.945e-39
160 2.3732e-39
161 2.89493e-39
162 3.53046e-39
163 4.30442e-39
164 5.24674e-39
165 6.39373e-39
166 7.78951e-39
167 9.48763e-39
168 1.15531e-38
169 1.40646e-38
170 1.7118e-38
171 2.0829e-38
172 2.53384e-38
173 3.08164e-38
174 3.74697e-38
175 4.55483e-38
176 5.53553e-38
177 6.72575e-38
178 8.16992e-38
179 9.92181e-38
180 1.20465e-37
181 1.46226e-37
182 1.77455e-37
183 2.15301e-37
184 2.61158e-37
185 3.16706e-37
186 3.83978e-37
187 4.6543e-37
188 5.64028e-37
189 6.83351e-37
190 8.27723e-37
191 1.00236e-36
192 1.21356e-36
193 1.46891e-36
194 1.77757e-36
195 2.15058e-36
196 2.60125e-36
197 3.14562e-36
198 3.80301e-36
199 4.59668e-36
200 5.55467e-36
201 6.71071e-36
202 8.1054e-36
203 9.7876e-36
204 1.18161e-35
205 1.42615e-35
206 1.72088e-35
207 2.07602e-35
208 2.50384e-35
209 3.01908e-35
210 3.63945e-35
211 4.38621e-35
212 5.28488e-35
213 6.36611e-35
214 7.66662e-35
215 9.23051e-35
216 1.11106e-34
217 1.33703e-34
218 1.60855e-34
219 1.93473e-34
220 2.32645e-34
221 2.79678e-34
222 3.36134e-34
223 4.03882e-34
224 4.85163e-34
225 5.82652e-34
226 6.99552e-34
227 8.39692e-34
228 1.00765e-33
229 1.20889e-33
230 1.44996e-33
231 1.73865e-33
232 2.08429e-33
233 2.49801e-33
234 2.99309e-33
235 3.58539e-33
236 4.2938e-33
237 5.14088e-33
238 6.15354e-33
239 7.36381e-33
240 8.80992e-33
241 1.05374e-32
242 1.26004e-32
243 1.50637e-32
244 1.8004e-32
245 2.1513e-32
246 2.56995e-32
247 3.06933e-32
248 3.66486e-32
249 4.37486e-32
250 5.22116e-32
251 6.22967e-32
252 7.43119e-32
253 8.86233e-32
254 1.05666e-31
255 1.25955e-31
256 1.50105e-31
257 1.78843e-31
258 2.13033e-31
259 2.53699e-31
260 3.02056e-31
261 3.59546e-31
262 4.27878e-31
263 5.09076e-31
264 6.05541e-31
265 7.20117e-31
266 8.5617e-31
267 1.01769e-30
268 1.20939e-30
269 1.43687e-30
270 1.70674e-30
271 2.0268e-30
272 2.40632e-30
273 2.85623e-30
274 3.38945e-30
275 4.02125e-30
276 4.76968e-30
277 5.65604e-30
278 6.7055e-30
279 7.94775e-30
280 9.41786e-30
281 1.11572e-29
282 1.32144e-29
283 1.56472e-29
284 1.85233e-29
285 2.19226e-29
286 2.59392e-29
287 3.0684e-29
288 3.62878e-29
289 4.29041e-29
290 5.07139e-29
291 5.99301e-29
292 7.08033e-29
293 8.36278e-29
294 9.875e-29
295 1.16577e-28
296 1.37587e-28
297 1.62341e-28
298 1.915e-28
299 2.25838e-28
300 2.66264e-28
301 3.13847e-28
302 3.69837e-28
303 4.35703e-28
304 5.13167e-28
305 6.04249e-28
306 7.11313e-28
307 8.37132e-28
308 9.84954e-28
309 1.15858e-27
310 1.36247e-27
311 1.60183e-27
312 1.88277e-27
313 2.21241e-27
314 2.59912e-27
315 3.05265e-27
316 3.58442e-27
317 4.20778e-27
318 4.93832e-27
319 5.79426e-27
320 6.79688e-27
321 7.97104e-27
322 9.34576e-27
323 1.09549e-26
324 1.2838e-26
325 1.50411e-26
326 1.76181e-26
327 2.06317e-26
328 2.4155e-26
329 2.82732e-26
330 3.30858e-26
331 3.87083e-26
332 4.52756e-26
333 5.29447e-26
334 6.18983e-26
335 7.23491e-26
336 8.45446e-26
337 9.87727e-26
338 1.15368e-25
339 1.3472e-25
340 1.57282e-25
341 1.83579e-25
342 2.14222e-25
343 2.49922e-25
344 2.91502e-25
345 3.39919e-25
346 3.96284e-25
347 4.61886e-25
348 5.38219e-25
349 6.27016e-25
350 7.30288e-25
351 8.50363e-25
352 9.89941e-25
353 1.15215e-24
354 1.3406e-24
355 1.5595e-24
356 1.81369e-24
357 2.10878e-24
358 2.45127e-24
359 2.84867e-24
360 3.30966e-24
361 3.84426e-24
362 4.46409e-24
363 5.18252e-24
364 6.01502e-24
365 6.97944e-24
366 8.09638e-24
367 9.38963e-24
368 1.08866e-23
369 1.26189e-23
370 1.4623e-23
371 1.6941e-23
372 1.96211e-23
373 2.27193e-23
374 2.62997e-23
375 3.04363e-23
376 3.52141e-23
377 4.07312e-23
378 4.71002e-23
379 5.44505e-23
380 6.29314e-23
381 7.27139e-23
382 8.3995e-23
383 9.70007e-23
384 1.11991e-22
385 1.29264e-22
386 1.49162e-22
387 1.72079e-22
388 1.98465e-22
389 2.28838e-22
390 2.63793e-22
391 3.04009e-22
392 3.50267e-22
393 4.03463e-22
394 4.64622e-22
395 5.34918e-22
396 6.15697e-22
397 7.085e-22
398 8.15093e-22
399 9.37494e-22
400 1.07801e-21
401 1.2393e-21
402 1.42437e-21
403 1.6367e-21
404 1.88022e-21
405 2.15948e-21
406 2.47962e-21
407 2.84656e-21
408 3.26703e-21
409 3.74874e-21
410 4.30048e-21
411 4.93227e-21
412 5.65557e-21
413 6.48344e-21
414 7.43077e-21
415 8.51454e-21
416 9.7541e-21
417 1.11715e-20
418 1.27919e-20
419 1.4644e-20
420 1.67602e-20
421 1.91777e-20
422 2.19387e-20
423 2.50912e-20
424 2.86899e-20
425 3.27967e-20
426 3.74824e-20
427 4.2827e-20
428 4.89217e-20
429 5.58698e-20
430 6.37889e-20
431 7.2812e-20
432 8.30905e-20
433 9.47958e-20
434 1.08122e-19
435 1.2329e-19
436 1.40549e-19
437 1.60182e-19
438 1.82509e-19
439 2.07892e-19
440 2.36742e-19
441 2.69524e-19
442 3.06761e-19
443 3.49047e-19
444 3.97053e-19
445 4.51538e-19
446 5.13356e-19
447 5.83476e-19
448 6.62989e-19
449 7.53127e-19
450 8.5528e-19
451 9.71017e-19
452 1.10211e-18
453 1.25054e-18
454 1.41857e-18
455 1.60872e-18
456 1.82385e-18
457 2.06718e-18
458 2.34231e-18
459 2.65332e-18
460 3.0048e-18
461 3.4019e-18
462 3.85043e-18
463 4.3569e-18
464 4.92865e-18
465 5.57394e-18
466 6.30202e-18
467 7.12332e-18
468 8.04952e-18
469 9.09379e-18
470 1.02709e-17
471 1.15973e-17
472 1.30917e-17
473 1.4775e-17
474 1.66706e-17
475 1.88046e-17
476 2.12067e-17
477 2.39098e-17
478 2.6951e-17
479 3.03717e-17
480 3.42185e-17
481 3.85436e-17
482 4.34052e-17
483 4.88687e-17
484 5.50074e-17
485 6.1903e-17
486 6.96474e-17
487 7.83429e-17
488 8.81043e-17
489 9.90599e-17
490 1.11353e-16
491 1.25144e-16
492 1.40611e-16
493 1.57955e-16
494 1.77398e-16
495 1.9919e-16
496 2.23609e-16
497 2.50966e-16
498 2.81605e-16
499 3.15912e-16
500 3.54318e-16
501 3.973e-16
502 4.45393e-16
503 4.99189e-16
504 5.59349e-16
505 6.26608e-16
506 7.01784e-16
507 7.85785e-16
508 8.7962e-16
509 9.84411e-16
510 1.1014e-15
511 1.23198e-15
512 1.37768e-15
513 1.54019e-15
514 1.72141e-15
515 1.92343e-15
516 2.14856e-15
517 2.39937e-15
518 2.67869e-15
519 2.98968e-15
520 3.3358e-15
521 3.72091e-15
522 4.14925e-15
523 4.62551e-15
524 5.15488e-15
525 5.7431e-15
526 6.39648e-15
527 7.12199e-15
528 7.92734e-15
529 8.82101e-15
530 9.81236e-15
531 1.09117e-14
532 1.21304e-14
533 1.34809e-14
534 1.4977e-14
535 1.6634e-14
536 1.84684e-14
537 2.04987e-14
538 2.27451e-14
539 2.52297e-14
540 2.7977e-14
541 3.10139e-14
542 3.43698e-14
543 3.80773e-14
544 4.21719e-14
545 4.66928e-14
546 5.1683e-14
547 5.71897e-14
548 6.32649e-14
549 6.99654e-14
550 7.73537e-14
551 8.54984e-14
552 9.44749e-14
553 1.04366e-13
554 1.15261e-13
555 1.27262e-13
556 1.40476e-13
557 1.55023e-13
558 1.71034e-13
559 1.88654e-13
560 2.0804e-13
561 2.29365e-13
562 2.52819e-13
563 2.78609e-13
564 3.06964e-13
565 3.38132e-13
566 3.72387e-13
567 4.10028e-13
568 4.51384e-13
569 4.96811e-13
570 5.46704e-13
571 6.01491e-13
572 6.61643e-13
573 7.27673e-13
574 8.00143e-13
575 8.79667e-13
576 9.66916e-13
577 1.06262e-12
578 1.16759e-12
579 1.28268e-12
580 1.40886e-12
581 1.54715e-12
582 1.69871e-12
583 1.86474e-12
584 2.04661e-12
585 2.24577e-12
586 2.4638e-12
587 2.70246e-12
588 2.9636e-12
589 3.24927e-12
590 3.56169e-12
591 3.90327e-12
592 4.27661e-12
593 4.68454e-12
594 5.13012e-12
595 5.61666e-12
596 6.14776e-12
597 6.72728e-12
598 7.35941e-12
599 8.04867e-12
600 8.79995e-12
601 9.6185e-12
602 1.051e-11
603 1.14805e-11
604 1.25367e-11
605 1.36856e-11
606 1.49347e-11
607 1.62923e-11
608 1.77671e-11
609 1.93686e-11
610 2.11067e-11
611 2.29923e-11
612 2.50371e-11
613 2.72533e-11
614 2.96542e-11
615 3.22539e-11
616 3.50678e-11
617 3.81118e-11
618 4.14033e-11
619 4.49607e-11
620 4.88038e-11
621 5.29534e-11
622 5.74319e-11
623 6.22632e-11
624 6.74727e-11
625 7.30875e-11
626 7.91363e-11
627 8.56499e-11
628 9.2661e-11
629 1.00204e-10
630 1.08317e-10
631 1.17039e-10
632 1.26411e-10
633 1.3648e-10
634 1.47292e-10
635 1.58898e-10
636 1.71353e-10
637 1.84715e-10
638 1.99045e-10
639 2.14408e-10
640 2.30877e-10
641 2.48524e-10
642 2.67432e-10
643 2.87684e-10
644 3.09375e-10
645 3.326e-10
646 3.57466e-10
647 3.84086e-10
648 4.12579e-10
649 4.43076e-10
650 4.75715e-10
651 5.10645e-10
652 5.48027e-10
653 5.88031e-10
654 6.30844e-10
655 6.76663e-10
656 7.25702e-10
657 7.78189e-10
658 8.34372e-10
659 8.94517e-10
660 9.58907e-10
661 1.02785e-09
662 1.10168e-09
663 1.18074e-09
664 1.26542e-09
665 1.35613e-09
666 1.45331e-09
667 1.55743e-09
668 1.669e-09
669 1.78855e-09
670 1.91669e-09
671 2.05402e-09
672 2.20122e-09
673 2.359e-09
674 2.52813e-09
675 2.70943e-09
676 2.90376e-09
677 3.11206e-09
678 3.33531e-09
679 3.57458e-09
680 3.83097e-09
681 4.10567e-09
682 4.39994e-09
683 4.71512e-09
684 5.05262e-09
685 5.41391e-09
686 5.80058e-09
687 6.21426e-09
688 6.6567e-09
689 7.12973e-09
690 7.63524e-09
691 8.17523e-09
692 8.7518e-09
693 9.3671e-09
694 1.00234e-08
695 1.07231e-08
696 1.14685e-08
697 1.22623e-08
698 1.31069e-08
699 1.4005e-08
700 1.49595e-08
701 1.5973e-08
702 1.70485e-08
703 1.81889e-08
704 1.9397e-08
705 2.06759e-08
706 2.20286e-08
707 2.34581e-08
708 2.49674e-08
709 2.65595e-08
710 2.82374e-08
711 3.00039e-08
712 3.18619e-08
713 3.38142e-08
714 3.58634e-08
715 3.8012e-08
716 4.02623e-08
717 4.26167e-08
718 4.50771e-08
719 4.76452e-08
720 5.03226e-08
721 5.31105e-08
722 5.601e-08
723 5.90216e-08
724 6.21457e-08
725 6.53821e-08
726 6.87302e-08
727 7.21893e-08
728 7.57579e-08
729 7.94341e-08
730 8.32156e-08
731 8.70996e-08
732 9.10825e-08
733 9.51605e-08
734 9.93292e-08
735 1.03583e-07
736 1.07917e-07
737 1.12325e-07
738 1.168e-07
739 1.21335e-07
740 1.25922e-07
741 1.30554e-07
742 1.3522e-07
743 1.39913e-07
744 1.44623e-07
745 1.49341e-07
746 1.54056e-07
747 1.58759e-07
748 1.63441e-07
749 1.68091e-07
750 1.727e-07
751 1.77259e-07
752 1.81759e-07
753 1.86193e-07
754 1.90554e-07
755 1.94836e-07
756 1.99035e-07
757 2.03148e-07
758 2.07173e-07
759 2.11113e-07
760 2.14969e-07
761 2.18749e-07
762 2.22462e-07
763 2.26119e-07
764 2.29737e-07
765 2.33337e-07
766 2.36942e-07
767 2.40582e-07
768 2.44291e-07
769 2.48111e-07
770 2.52087e-07
771 2.56272e-07
772 2.60727e-07
773 2.65518e-07
774 2.70722e-07
775 2.76422e-07
776 2.82711e-07
777 2.8969e-07
778 2.97473e-07
779 3.06182e-07
780 3.15949e-07
781 3.2692e-07
782 3.3925e-07
783 3.53108e-07
784 3.68676e-07
785 3.86146e-07
786 4.05727e-07
787 4.27639e-07
788 4.52117e-07
789 4.79412e-07
790 5.09786e-07
791 5.43519e-07
792 5.80905e-07
793 6.22251e-07
794 6.67882e-07
795 7.18137e-07
796 7.73369e-07
797 8.33949e-07
798 9.00259e-07
799 9.72699e-07
800 1.05168e-06
801 1.13763e-06
802 1.231e-06
803 1.33222e-06
804 1.44178e-06
805 1.56015e-06
806 1.68782e-06
807 1.82528e-06
808 1.97306e-06
809 2.13167e-06
810 2.30163e-06
811 2.48349e-06
812 2.67777e-06
813 2.88504e-06
814 3.10582e-06
815 3.34069e-06
816 3.59018e-06
817 3.85486e-06
818 4.13526e-06
819 4.43195e-06
820 4.74547e-06
821 5.07634e-06
822 5.42512e-06
823 5.79232e-06
824 6.17845e-06
825 6.58403e-06
826 7.00955e-06
827 7.45549e-06
828 7.92231e-06
829 8.41048e-06
830 8.92043e-06
831 9.45258e-06
832 1.00073e-05
833 1.05851e-05
834 1.11862e-05
835 1.18111e-05
836 1.246e-05
837 1.31333e-05
838 1.38313e-05
839 1.45543e-05
840 1.53026e-05
841 1.60763e-05
842 1.68759e-05
843 1.77015e-05
844 1.85535e-05
845 1.94319e-05
846 2.03371e-05
847 2.12693e-05
848 2.22287e-05
849 2.32157e-05
850 2.42305e-05
851 2.52734e-05
852 2.63448e-05
853 2.7445e-05
854 2.85744e-05
855 2.97335e-05
856 3.09228e-05
857 3.21429e-05
858 3.33944e-05
859 3.46781e-05
860 3.59947e-05
861 3.73453e-05
862 3.87308e-05
863 4.01524e-05
864 4.16114e-05
865 4.31093e-05
866 4.46476e-05
867 4.62281e-05
868 4.78528e-05
869 4.95239e-05
870 5.12436e-05
871 5.30146e-05
872 5.48398e-05
873 5.67223e-05
874 5.86654e-05
875 6.06727e-05
876 6.27484e-05
877 6.48966e-05
878 6.71221e-05
879 6.94297e-05
880 7.1825e-05
881 7.43136e-05
882 7.69017e-05
883 7.9596e-05
884 8.24035e-05
885 8.53317e-05
886 8.83886e-05
887 9.15828e-05
888 9.49231e-05
889 9.84193e-05
890 0.000102081
891 0.00010592
892 0.000109946
893 0.000114172
894 0.000118611
895 0.000123274
896 0.000128177
897 0.000133333
898 0.000138757
899 0.000144466
900 0.000150476
901 0.000156804
902 0.000163468
903 0.000170487
904 0.00017788
905 0.000185667
906 0.000193871
907 0.000202511
908 0.000211611
909 0.000221195
910 0.000231286
911 0.000241909
912 0.00025309
913 0.000264857
914 0.000277235
915 0.000290254
916 0.000303943
917 0.000318331
918 0.000333449
919 0.000349329
920 0.000366002
921 0.000383503
922 0.000401865
923 0.000421122
924 0.00044131
925 0.000462465
926 0.000484625
927 0.000507826
928 0.000532107
929 0.000557508
930 0.000584068
931 0.000611827
932 0.000640827
933 0.000671109
934 0.000702716
935 0.00073569
936 0.000770075
937 0.000805915
938 0.000843254
939 0.000882137
940 0.00092261
941 0.000964717
942 0.00100851
943 0.00105402
944 0.00110131
945 0.00115042
946 0.0012014
947 0.00125429
948 0.00130915
949 0.00136602
950 0.00142494
951 0.00148597
952 0.00154915
953 0.00161453
954 0.00168215
955 0.00175207
956 0.00182433
957 0.00189897
958 0.00197604
959 0.00205559
960 0.00213766
961 0.0022223
962 0.00230955
963 0.00239944
964 0.00249203
965 0.00258735
966 0.00268545
967 0.00278636
968 0.00289013
969 0.00299678
970 0.00310636
971 0.00321889
972 0.00333442
973 0.00345297
974 0.00357458
975 0.00369927
976 0.00382707
977 0.003958
978 0.0040921
979 0.00422937
980 0.00436985
981 0.00451354
982 0.00466047
983 0.00481064
984 0.00496407
985 0.00512077
986 0.00528075
987 0.005444
988 0.00561053
989 0.00578034
990 0.00595342
991 0.00612977
992 0.00630938
993 0.00649223
994 0.00667832
995 0.00686761
996 0.0070601
997 0.00725576
998 0.00745455
999 0.00765646
1000 0.00786144
1001 0.00806945
1002 0.00828047
1003 0.00849443
1004 0.0087113
1005 0.00893103
1006 0.00915355
1007 0.00937881
1008 0.00960675
1009 0.00983731
1010 0.0100704
1011 0.010306
1012 0.010544
1013 0.0107842
1014 0.0110268
1015 0.0112714
1016 0.0115182
1017 0.0117668
1018 0.0120174
1019 0.0122697
1020 0.0125237
1021 0.0127792
1022 0.0130362
1023 0.0132945
1024 0.013554
1025 0.0138146
1026 0.0140761
1027 0.0143385
1028 0.0146016
1029 0.0148653
1030 0.0151294
1031 0.0153937
1032 0.0156583
1033 0.0159229
1034 0.0161873
1035 0.0164514
1036 0.0167151
1037 0.0169783
1038 0.0172406
1039 0.0175021
1040 0.0177626
1041 0.0180218
1042 0.0182796
1043 0.0185359
1044 0.0187905
1045 0.0190432
1046 0.0192939
1047 0.0195425
1048 0.0197886
1049 0.0200322
1050 0.0202732
1051 0.0205113
1052 0.0207463
1053 0.0209782
1054 0.0212067
1055 0.0214318
1056 0.0216531
1057 0.0218706
1058 0.0220842
1059 0.0222935
1060 0.0224986
1061 0.0226993
1062 0.0228953
1063 0.0230866
1064 0.0232729
1065 0.0234543
1066 0.0236304
1067 0.0238013
1068 0.0239667
1069 0.0241265
1070 0.0242806
1071 0.0244289
1072 0.0245713
1073 0.0247076
1074 0.0248377
1075 0.0249616
1076 0.0250791
1077 0.0251901
1078 0.0252946
1079 0.0253924
1080 0.0254835
1081 0.0255679
1082 0.0256453
1083 0.0257159
1084 0.0257794
1085 0.025836
1086 0.0258854
1087 0.0259277
1088 0.0259629
1089 0.0259908
1090 0.0260116
1091 0.0260251
1092 0.0260314
1093 0.0260304
1094 0.0260222
1095 0.0260068
1096 0.0259841
1097 0.0259542
1098 0.0259171
1099 0.0258729
1100 0.0258216
1101 0.0257631
1102 0.0256977
1103 0.0256253
1104 0.0255459
1105 0.0254598
1106 0.0253668
1107 0.0252672
1108 0.0251609
1109 0.0250481
1110 0.0249289
1111 0.0248033
1112 0.0246714
1113 0.0245335
1114 0.0243895
1115 0.0242396
1116 0.0240839
1117 0.0239225
1118 0.0237556
1119 0.0235833
1120 0.0234057
1121 0.023223
1122 0.0230353
1123 0.0228427
1124 0.0226455
1125 0.0224437
1126 0.0222374
1127 0.022027
1128 0.0218124
1129 0.0215939
1130 0.0213717
1131 0.0211458
1132 0.0209165
1133 0.0206839
1134 0.0204483
1135 0.0202096
1136 0.0199682
1137 0.0197242
1138 0.0194777
1139 0.0192289
1140 0.0189781
1141 0.0187253
1142 0.0184707
1143 0.0182145
1144 0.0179568
1145 0.0176979
1146 0.0174378
1147 0.0171768
1148 0.016915
1149 0.0166525
1150 0.0163896
1151 0.0161263
1152 0.0158628
1153 0.0155993
1154 0.0153359
1155 0.0150727
1156 0.0148099
1157 0.0145477
1158 0.0142862
1159 0.0140254
1160 0.0137656
1161 0.0135068
1162 0.0132493
1163 0.012993
1164 0.0127381
1165 0.0124848
1166 0.0122331
1167 0.0119832
1168 0.0117351
1169 0.011489
1170 0.0112449
1171 0.0110029
1172 0.0107632
1173 0.0105258
1174 0.0102907
1175 0.0100581
1176 0.00982808
1177 0.00960063
1178 0.00937586
1179 0.00915381
1180 0.00893454
1181 0.00871812
1182 0.00850459
1183 0.008294
1184 0.00808638
1185 0.00788179
1186 0.00768025
1187 0.0074818
1188 0.00728646
1189 0.00709427
1190 0.00690525
1191 0.0067194
1192 0.00653676
1193 0.00635733
1194 0.00618112
1195 0.00600814
1196 0.0058384
1197 0.00567189
1198 0.00550862
1199 0.00534857
1200 0.00519175
1201 0.00503814
1202 0.00488773
1203 0.00474051
1204 0.00459647
1205 0.00445558
1206 0.00431782
1207 0.00418318
1208 0.00405162
1209 0.00392313
1210 0.00379767
1211 0.00367522
1212 0.00355574
1213 0.00343921
1214 0.00332558
1215 0.00321483
1216 0.00310692
1217 0.00300181
1218 0.00289947
1219 0.00279985
1220 0.00270292
1221 0.00260863
1222 0.00251694
1223 0.00242781
1224 0.0023412
1225 0.00225707
1226 0.00217536
1227 0.00209605
1228 0.00201907
1229 0.0019444
1230 0.00187197
1231 0.00180176
1232 0.0017337
1233 0.00166776
1234 0.0016039
1235 0.00154206
1236 0.0014822
1237 0.00142428
1238 0.00136825
1239 0.00131407
1240 0.00126169
1241 0.00121107
1242 0.00116217
1243 0.00111494
1244 0.00106934
1245 0.00102532
1246 0.000982851
1247 0.000941885
1248 0.000902382
1249 0.000864302
1250 0.000827604
1251 0.000792249
1252 0.0007582
1253 0.000725418
1254 0.000693864
1255 0.000663504
1256 0.000634301
1257 0.000606218
1258 0.000579222
1259 0.000553279
1260 0.000528354
1261 0.000504416
1262 0.000481432
1263 0.000459371
1264 0.000438203
1265 0.000417896
1266 0.000398423
1267 0.000379755
1268 0.000361863
1269 0.000344722
1270 0.000328303
1271 0.000312582
1272 0.000297533
1273 0.000283132
1274 0.000269355
1275 0.00025618
1276 0.000243583
1277 0.000231543
1278 0.000220038
1279 0.000209049
1280 0.000198555
1281 0.000188536
1282 0.000178975
1283 0.000169853
1284 0.000161152
1285 0.000152855
1286 0.000144947
1287 0.000137411
1288 0.000130231
1289 0.000123393
1290 0.000116883
1291 0.000110686
1292 0.000104789
1293 9.91803e-05
1294 9.38461e-05
1295 8.87748e-05
1296 8.3955e-05
1297 7.93754e-05
1298 7.50255e-05
1299 7.08948e-05
1300 6.69735e-05
1301 6.32521e-05
1302 5.97214e-05
1303 5.63726e-05
1304 5.31973e-05
1305 5.01873e-05
1306 4.7335e-05
1307 4.46327e-05
1308 4.20734e-05
1309 3.96503e-05
1310 3.73567e-05
1311 3.51863e-05
1312 3.31331e-05
1313 3.11914e-05
1314 2.93556e-05
1315 2.76204e-05
1316 2.59809e-05
1317 2.44322e-05
1318 2.29696e-05
1319 2.15889e-05
1320 2.02857e-05
1321 1.90561e-05
1322 1.78962e-05
1323 1.68025e-05
1324 1.57714e-05
1325 1.47997e-05
1326 1.38841e-05
1327 1.30217e-05
1328 1.22097e-05
1329 1.14452e-05
1330 1.07258e-05
1331 1.00489e-05
1332 9.41224e-06
1333 8.81358e-06
1334 8.25082e-06
1335 7.72195e-06
1336 7.22507e-06
1337 6.75838e-06
1338 6.32017e-06
1339 5.90881e-06
1340 5.52277e-06
1341 5.1606e-06
1342 4.8209e-06
1343 4.50239e-06
1344 4.20381e-06
1345 3.924e-06
1346 3.66185e-06
1347 3.41632e-06
1348 3.18642e-06
1349 2.97121e-06
1350 2.76982e-06
1351 2.58139e-06
1352 2.40516e-06
1353 2.24037e-06
1354 2.08633e-06
1355 1.94237e-06
1356 1.80787e-06
1357 1.68225e-06
1358 1.56495e-06
1359 1.45545e-06
1360 1.35326e-06
1361 1.25791e-06
1362 1.16898e-06
1363 1.08605e-06
1364 1.00875e-06
1365 9.367e-07
1366 8.69573e-07
1367 8.07047e-07
1368 7.48822e-07
1369 6.94618e-07
1370 6.44169e-07
1371 5.9723e-07
1372 5.53568e-07
1373 5.12964e-07
1374 4.75216e-07
1375 4.40131e-07
1376 4.07531e-07
1377 3.77248e-07
1378 3.49124e-07
1379 3.23014e-07
1380 2.98778e-07
1381 2.7629e-07
1382 2.55428e-07
1383 2.3608e-07
1384 2.18141e-07
1385 2.01513e-07
1386 1.86105e-07
1387 1.7183e-07
1388 1.58608e-07
1389 1.46367e-07
1390 1.35035e-07
1391 1.24548e-07
1392 1.14846e-07
1393 1.05872e-07
1394 9.75743e-08
1395 8.99036e-08
1396 8.28144e-08
1397 7.62645e-08
1398 7.02144e-08
1399 6.46276e-08
1400 5.94699e-08
1401 5.47097e-08
1402 5.03174e-08
1403 4.62658e-08
1404 4.25295e-08
1405 3.90848e-08
1406 3.59098e-08
1407 3.29841e-08
1408 3.0289e-08
1409 2.7807e-08
1410 2.55217e-08
1411 2.34182e-08
1412 2.14825e-08
1413 1.97017e-08
1414 1.80639e-08
1415 1.65579e-08
1416 1.51736e-08
1417 1.39014e-08
1418 1.27326e-08
1419 1.16591e-08
1420 1.06733e-08
1421 9.76838e-09
1422 8.93786e-09
1423 8.17585e-09
1424 7.47688e-09
1425 6.8359e-09
1426 6.24827e-09
1427 5.70969e-09
1428 5.21619e-09
1429 4.76413e-09
1430 4.35012e-09
1431 3.97108e-09
1432 3.62413e-09
1433 3.30665e-09
1434 3.01621e-09
1435 2.75057e-09
1436 2.50769e-09
1437 2.28567e-09
1438 2.08278e-09
1439 1.89741e-09
1440 1.7281e-09
1441 1.5735e-09
1442 1.43236e-09
1443 1.30355e-09
1444 1.18602e-09
1445 1.07882e-09
1446 9.81052e-10
1447 8.9192e-10
1448 8.10681e-10
1449 7.36654e-10
1450 6.69217e-10
1451 6.078e-10
1452 5.5188e-10
1453 5.00977e-10
1454 4.54655e-10
1455 4.12511e-10
1456 3.7418e-10
1457 3.39324e-10
1458 3.07638e-10
1459 2.7884e-10
1460 2.52674e-10
1461 2.28906e-10
1462 2.07322e-10
1463 1.87725e-10
1464 1.69938e-10
1465 1.53797e-10
1466 1.39155e-10
1467 1.25875e-10
1468 1.13833e-10
1469 1.02918e-10
1470 9.30258e-11
1471 8.40634e-11
1472 7.59453e-11
1473 6.8594e-11
1474 6.19387e-11
1475 5.5915e-11
1476 5.04645e-11
1477 4.55339e-11
1478 4.10747e-11
1479 3.70429e-11
1480 3.33984e-11
1481 3.0105e-11
1482 2.71295e-11
1483 2.4442e-11
1484 2.20151e-11
1485 1.98243e-11
1486 1.7847e-11
1487 1.60628e-11
1488 1.44534e-11
1489 1.3002e-11
1490 1.16934e-11
1491 1.05139e-11
1492 9.45098e-12
1493 8.49338e-12
1494 7.63089e-12
1495 6.85426e-12
1496 6.15513e-12
1497 5.52593e-12
1498 4.95979e-12
1499 4.45055e-12
1500 3.99258e-12
1501 3.58084e-12
1502 3.21076e-12
1503 2.8782e-12
1504 2.57944e-12
1505 2.31112e-12
1506 2.07018e-12
1507 1.8539e-12
1508 1.6598e-12
1509 1.48565e-12
1510 1.32944e-12
1511 1.18935e-12
1512 1.06376e-12
1513 9.51194e-13
1514 8.50326e-13
1515 7.59965e-13
1516 6.79036e-13
1517 6.06573e-13
1518 5.41708e-13
1519 4.83659e-13
1520 4.31722e-13
1521 3.85267e-13
1522 3.43724e-13
1523 3.06584e-13
1524 2.7339e-13
1525 2.43728e-13
1526 2.17231e-13
1527 1.93566e-13
1528 1.72436e-13
1529 1.53575e-13
1530 1.36743e-13
1531 1.21725e-13
1532 1.0833e-13
1533 9.63849e-14
1534 8.57357e-14
1535 7.62442e-14
1536 6.77867e-14
1537 6.02524e-14
1538 5.35423e-14
1539 4.75677e-14
1540 4.22493e-14
1541 3.75163e-14
1542 3.33053e-14
1543 2.95597e-14
1544 2.62288e-14
1545 2.32675e-14
1546 2.06355e-14
1547 1.82967e-14
1548 1.62189e-14
1549 1.43736e-14
1550 1.27351e-14
1551 1.12806e-14
1552 9.98973e-15
1553 8.84442e-15
1554 7.82849e-15
1555 6.92756e-15
1556 6.1288e-15
1557 5.4208e-15
1558 4.79341e-15
1559 4.2376e-15
1560 3.74531e-15
1561 3.30939e-15
1562 2.9235e-15
1563 2.58196e-15
1564 2.27977e-15
1565 2.01245e-15
1566 1.77604e-15
1567 1.56701e-15
1568 1.38225e-15
1569 1.21897e-15
1570 1.07471e-15
1571 9.47298e-16
1572 8.34782e-16
1573 7.35449e-16
1574 6.47777e-16
1575 5.70416e-16
1576 5.0217e-16
1577 4.41981e-16
1578 3.8891e-16
1579 3.42127e-16
1580 3.00898e-16
1581 2.64573e-16
1582 2.32575e-16
1583 2.04397e-16
1584 1.79589e-16
1585 1.57753e-16
1586 1.38538e-16
1587 1.21633e-16
1588 1.06765e-16
1589 9.36916e-17
1590 8.21987e-17
1591 7.20978e-17
1592 6.32226e-17
1593 5.54263e-17
1594 4.85795e-17
1595 4.2568e-17
1596 3.72913e-17
1597 3.26606e-17
1598 2.85979e-17
1599 2.50345e-17
1600 2.19097e-17
1601 1.91702e-17
1602 1.67692e-17
1603 1.46652e-17
1604 1.28222e-17
1605 1.1208e-17
1606 9.79457e-18
1607 8.55733e-18
1608 7.47455e-18
1609 6.52717e-18
1610 5.69849e-18
1611 4.97379e-18
1612 4.3402e-18
1613 3.7864e-18
1614 3.30245e-18
1615 2.87966e-18
1616 2.51038e-18
1617 2.18792e-18
1618 1.90642e-18
1619 1.66073e-18
1620 1.44636e-18
1621 1.25935e-18
1622 1.09625e-18
1623 9.54043e-19
1624 8.30082e-19
1625 7.22052e-19
1626 6.27929e-19
1627 5.45942e-19
1628 4.74546e-19
1629 4.12386e-19
1630 3.58281e-19
1631 3.11199e-19
1632 2.70239e-19
1633 2.34613e-19
1634 2.03635e-19
1635 1.76703e-19
1636 1.53297e-19
1637 1.32959e-19
1638 1.15291e-19
1639 9.99462e-20
1640 8.6623e-20
1641 7.50576e-20
1642 6.50206e-20
1643 5.63121e-20
1644 4.87582e-20
1645 4.22074e-20
1646 3.65278e-20
1647 3.16048e-20
1648 2.73387e-20
1649 2.36426e-20
1650 2.04413e-20
1651 1.76692e-20
1652 1.52693e-20
1653 1.31922e-20
1654 1.13949e-20
1655 9.84001e-21
1656 8.49526e-21
1657 7.3325e-21
1658 6.32735e-21
1659 5.45866e-21
1660 4.70809e-21
1661 4.05974e-21
1662 3.49983e-21
1663 3.0164e-21
1664 2.59911e-21
1665 2.23901e-21
1666 1.92833e-21
1667 1.66036e-21
1668 1.42928e-21
1669 1.23006e-21
1670 1.05835e-21
1671 9.10392e-22
1672 7.82927e-22
1673 6.73145e-22
1674 5.78616e-22
1675 4.97241e-22
1676 4.27206e-22
1677 3.66947e-22
1678 3.15111e-22
1679 2.70532e-22
1680 2.32203e-22
1681 1.99257e-22
1682 1.70943e-22
1683 1.46618e-22
1684 1.25723e-22
1685 1.0778e-22
1686 9.23756e-23
1687 7.91537e-23
1688 6.78078e-23
1689 5.80742e-23
1690 4.97258e-23
1691 4.25672e-23
1692 3.64304e-23
1693 3.11708e-23
1694 2.66641e-23
1695 2.28035e-23
1696 1.94972e-23
1697 1.66662e-23
1698 1.42428e-23
1699 1.21689e-23
1700 1.03945e-23
1701 8.87665e-24
1702 7.57863e-24
1703 6.46886e-24
1704 5.52027e-24
1705 4.70965e-24
1706 4.01709e-24
1707 3.42555e-24
1708 2.92042e-24
1709 2.48917e-24
1710 2.1211e-24
1711 1.80701e-24
1712 1.53907e-24
1713 1.31054e-24
1714 1.11567e-24
1715 9.49553e-25
1716 8.07974e-25
1717 6.87339e-25
1718 5.84575e-25
1719 4.97055e-25
1720 4.22536e-25
1721 3.59103e-25
1722 3.05119e-25
1723 2.59189e-25
1724 2.20119e-25
1725 1.86893e-25
1726 1.58645e-25
1727 1.34633e-25
1728 1.14228e-25
1729 9.68928e-26
1730 8.21683e-26
1731 6.96645e-26
1732 5.90493e-26
1733 5.00394e-26
1734 4.23941e-26
1735 3.59082e-26
1736 3.04072e-26
1737 2.57427e-26
1738 2.17885e-26
1739 1.84372e-26
1740 1.55976e-26
1741 1.31922e-26
1742 1.1155e-26
1743 9.43013e-27
1744 7.97004e-27
1745 6.73439e-27
1746 5.68894e-27
1747 4.80462e-27
1748 4.05679e-27
1749 3.42452e-27
1750 2.8901e-27
1751 2.43849e-27
1752 2.05695e-27
1753 1.73469e-27
1754 1.46256e-27
1755 1.23283e-27
1756 1.03893e-27
1757 8.75316e-28
1758 7.3729e-28
1759 6.20879e-28
1760 5.22722e-28
1761 4.39978e-28
1762 3.70242e-28
1763 3.11483e-28
1764 2.61987e-28
1765 2.20303e-28
1766 1.85207e-28
1767 1.55664e-28
1768 1.30802e-28
1769 1.09885e-28
1770 9.22902e-29
1771 7.74942e-29
1772 6.50546e-29
1773 5.45987e-29
1774 4.58124e-29
1775 3.84307e-29
1776 3.22307e-29
1777 2.70244e-29
1778 2.26537e-29
1779 1.89853e-29
1780 1.59071e-29
1781 1.33248e-29
1782 1.1159e-29
1783 9.34301e-30
1784 7.82066e-30
1785 6.54478e-30
1786 5.47574e-30
1787 4.58022e-30
1788 3.83023e-30
1789 3.20228e-30
1790 2.67663e-30
1791 2.23673e-30
1792 1.86868e-30
1793 1.56081e-30
1794 1.30336e-30
1795 1.0881e-30
1796 9.08181e-31
1797 7.57827e-31
1798 6.32212e-31
1799 5.27292e-31
1800 4.39678e-31
1801 3.66533e-31
1802 3.05482e-31
1803 2.54539e-31
1804 2.1204e-31
1805 1.76594e-31
1806 1.47038e-31
1807 1.22399e-31
1808 1.01864e-31
1809 8.47541e-32
1810 7.05008e-32
1811 5.86302e-32
1812 4.87466e-32
1813 4.05193e-32
1814 3.36724e-32
1815 2.79757e-32
1816 2.32371e-32
1817 1.92965e-32
1818 1.60202e-32
1819 1.3297e-32
1820 1.1034e-32
1821 9.15394e-33
1822 7.59236e-33
1823 6.29565e-33
1824 5.21914e-33
1825 4.32566e-33
1826 3.58426e-33
1827 2.96922e-33
1828 2.45911e-33
1829 2.03615e-33
1830 1.68553e-33
1831 1.39495e-33
1832 1.15418e-33
1833 9.54736e-34
1834 7.89566e-34
1835 6.52812e-34
1836 5.39614e-34
1837 4.45936e-34
1838 3.68432e-34
1839 3.04324e-34
1840 2.5131e-34
1841 2.07482e-34
1842 1.71255e-34
1843 1.4132e-34
1844 1.16589e-34
1845 9.61625e-35
1846 7.92957e-35
1847 6.53715e-35
1848 5.38794e-35
1849 4.43968e-35
1850 3.65743e-35
1851 3.01228e-35
1852 2.48033e-35
1853 2.04183e-35
1854 1.68044e-35
1855 1.38268e-35
1856 1.13741e-35
1857 9.35419e-36
1858 7.69114e-36
1859 6.32222e-36
1860 5.1957e-36
1861 4.26887e-36
1862 3.50653e-36
1863 2.87962e-36
1864 2.36423e-36
1865 1.94061e-36
1866 1.5925e-36
1867 1.30653e-36
1868 1.07164e-36
1869 8.78773e-37
1870 7.2044e-37
1871 5.90491e-37
1872 4.83864e-37
1873 3.96394e-37
1874 3.24658e-37
1875 2.65839e-37
1876 2.17623e-37
1877 1.78109e-37
1878 1.45734e-37
1879 1.19214e-37
1880 9.74968e-38
1881 7.97161e-38
1882 6.51622e-38
1883 5.32524e-38
1884 4.35087e-38
1885 3.55391e-38
1886 2.90222e-38
1887 2.36945e-38
1888 1.93401e-38
1889 1.5782e-38
1890 1.28754e-38
1891 1.05015e-38
1892 8.56315e-39
1893 6.98089e-39
1894 5.68959e-39
1895 4.636e-39
1896 3.77659e-39
1897 3.07574e-39
1898 2.50433e-39
1899 2.03858e-39
1900 1.65904e-39
1901 1.34983e-39
1902 1.09797e-39
1903 8.92894e-40
1904 7.2594e-40
1905 5.90058e-40
1906 4.79492e-40
1907 3.89549e-40
1908 3.16399e-40
1909 2.56922e-40
1910 2.08574e-40
1911 1.69283e-40
1912 1.3736e-40
1913 1.11429e-40
1914 9.03712e-41
1915 7.3275e-41
1916 5.93983e-41
1917 4.81378e-41
1918 3.90024e-41
1919 3.15929e-41
1920 2.55848e-41
1921 2.07142e-41
1922 1.67666e-41
1923 1.35681e-41
1924 1.0977e-41
1925 8.87855e-42
1926 7.1795e-42
1927 5.80416e-42
1928 4.69114e-42
1929 3.79062e-42
1930 3.06221e-42
1931 2.47317e-42
1932 1.99694e-42
1933 1.61202e-42
1934 1.30097e-42
1935 1.04969e-42
1936 8.46727e-43
1937 6.82843e-43
1938 5.50542e-43
1939 4.43766e-43
1940 3.5761e-43
1941 2.88109e-43
1942 2.32059e-43
1943 1.86867e-43
1944 1.50438e-43
1945 1.21081e-43
1946 9.74285e-44
1947 7.8377e-44
1948 6.30352e-44
1949 5.06838e-44
1950 4.07425e-44
1951 3.27429e-44
1952 2.63074e-44
1953 2.11316e-44
1954 1.69698e-44
1955 1.36242e-44
1956 1.09355e-44
1957 8.77516e-45
1958 7.03985e-45
1959 5.64628e-45
1960 4.52743e-45
1961 3.62938e-45
1962 2.90873e-45
1963 2.33058e-45
1964 1.86688e-45
1965 1.49505e-45
1966 1.19698e-45
1967 9.58097e-46
1968 7.66692e-46
1969 6.13369e-46
1970 4.90583e-46
1971 3.92277e-46
1972 3.13591e-46
1973 2.50624e-46
1974 2.0025e-46
1975 1.59959e-46
1976 1.27743e-46
1977 1.01989e-46
1978 8.14069e-47
1979 6.49617e-47
1980 5.18253e-47
1981 4.13349e-47
1982 3.29594e-47
1983 2.62744e-47
1984 2.09399e-47
1985 1.66842e-47
1986 1.329e-47
1987 1.05837e-47
1988 8.42626e-48
1989 6.70692e-48
1990 5.33704e-48
1991 4.24588e-48
1992 3.37694e-48
1993 2.68515e-48
1994 2.13454e-48
1995 1.6964e-48
1996 1.34785e-48
1997 1.07064e-48
1998 8.50229e-49
1999 6.75021e-49
2000 5.35782e-49
2001 4.25156e-49
2002 3.37285e-49
2003 2.67507e-49
2004 2.12111e-49
2005 1.68143e-49
2006 1.33255e-49
2007 1.05579e-49
2008 8.36294e-50
2009 6.6226e-50
2010 5.24307e-50
2011 4.14982e-50
2012 3.28367e-50
2013 2.59762e-50
2014 2.05435e-50
2015 1.62427e-50
2016 1.28387e-50
2017 1.01453e-50
2018 8.0146e-51
2019 6.32956e-51
2020 4.99727e-51
2021 3.94417e-51
2022 3.11195e-51
2023 2.45447e-51
2024 1.93516e-51
2025 1.5251e-51
2026 1.20138e-51
2027 9.45894e-52
2028 7.4431e-52
2029 5.85298e-52
2030 4.59901e-52
2031 3.61039e-52
2032 2.83118e-52
2033 2.2172e-52
2034 1.73356e-52
2035 1.35272e-52
2036 1.05293e-52
2037 8.17038e-53
2038 6.31524e-53
2039 4.85723e-53
2040 3.71236e-53
2041 2.81454e-53
2042 2.11179e-53
2043 1.56333e-53
2044 1.13723e-53
2045 8.08618e-54
2046 5.58244e-54
2047 3.71371e-54
