0 4.06642e-37
1 3.44287e-37
2 2.95028e-37
3 2.57197e-37
4 2.29514e-37
5 2.11007e-37
6 2.01022e-37
7 1.99179e-37
8 2.05357e-37
9 2.19695e-37
10 2.42597e-37
11 2.74747e-37
12 3.17089e-37
13 3.70911e-37
14 4.3783e-37
15 5.19942e-37
16 6.1974e-37
17 7.40241e-37
18 8.85177e-37
19 1.0589e-36
20 1.26677e-36
21 1.5151e-36
22 1.81139e-36
23 2.16468e-36
24 2.58557e-36
25 3.08684e-36
26 3.6835e-36
27 4.39351e-36
28 5.23814e-36
29 6.24249e-36
30 7.43668e-36
31 8.85594e-36
32 1.05427e-35
33 1.25467e-35
34 1.49264e-35
35 1.77524e-35
36 2.11078e-35
37 2.50906e-35
38 2.98173e-35
39 3.54248e-35
40 4.20759e-35
41 4.99634e-35
42 5.93159e-35
43 7.04027e-35
44 8.35393e-35
45 9.91053e-35
46 1.17548e-34
47 1.39382e-34
48 1.65239e-34
49 1.9586e-34
50 2.32095e-34
51 2.74956e-34
52 3.25648e-34
53 3.85648e-34
54 4.56583e-34
55 5.4041e-34
56 6.39537e-34
57 7.56673e-34
58 8.95044e-34
59 1.05844e-33
60 1.25141e-33
61 1.47927e-33
62 1.74825e-33
63 2.06557e-33
64 2.43998e-33
65 2.88184e-33
66 3.40266e-33
67 4.01667e-33
68 4.74074e-33
69 5.59388e-33
70 6.59901e-33
71 7.78337e-33
72 9.17794e-33
73 1.08198e-32
74 1.27527e-32
75 1.50277e-32
76 1.77041e-32
77 2.08522e-32
78 2.45565e-32
79 2.89115e-32
80 3.40303e-32
81 4.00472e-32
82 4.71169e-32
83 5.54235e-32
84 6.5178e-32
85 7.66327e-32
86 9.00828e-32
87 1.05868e-31
88 1.24391e-31
89 1.46124e-31
90 1.71616e-31
91 2.01509e-31
92 2.36555e-31
93 2.77639e-31
94 3.25784e-31
95 3.82192e-31
96 4.4827e-31
97 5.25655e-31
98 6.16261e-31
99 7.22327e-31
100 8.46461e-31
101 9.91712e-31
102 1.16164e-30
103 1.36036e-30
104 1.59275e-30
105 1.86441e-30
106 2.18191e-30
107 2.55294e-30
108 2.98639e-30
109 3.49269e-30
110 4.08396e-30
111 4.77421e-30
112 5.57984e-30
113 6.52006e-30
114 7.61702e-30
115 8.89642e-30
116 1.03887e-29
117 1.21285e-29
118 1.41564e-29
119 1.65199e-29
120 1.92734e-29
121 2.24812e-29
122 2.62171e-29
123 3.0567e-29
124 3.56303e-29
125 4.15231e-29
126 4.83805e-29
127 5.63576e-29
128 6.56345e-29
129 7.64227e-29
130 8.89635e-29
131 1.03538e-28
132 1.20475e-28
133 1.40151e-28
134 1.63004e-28
135 1.89541e-28
136 2.20351e-28
137 2.5611e-28
138 2.97605e-28
139 3.4575e-28
140 4.0159e-28
141 4.66347e-28
142 5.41425e-28
143 6.28449e-28
144 7.293e-28
145 8.46151e-28
146 9.81508e-28
147 1.13825e-27
148 1.31976e-27
149 1.52985e-27
150 1.773e-27
151 2.05435e-27
152 2.37982e-27
153 2.75625e-27
154 3.19151e-27
155 3.6947e-27
156 4.2763e-27
157 4.94833e-27
158 5.72473e-27
159 6.62151e-27
160 7.65708e-27
161 8.85266e-27
162 1.02327e-26
163 1.18252e-26
164 1.36626e-26
165 1.57821e-26
166 1.82263e-26
167 2.10445e-26
168 2.4293e-26
169 2.80369e-26
170 3.23506e-26
171 3.73197e-26
172 4.30427e-26
173 4.96323e-26
174 5.72181e-26
175 6.59488e-26
176 7.59947e-26
177 8.75516e-26
178 1.00844e-25
179 1.16128e-25
180 1.33699e-25
181 1.53896e-25
182 1.77103e-25
183 2.03764e-25
184 2.34387e-25
185 2.69552e-25
186 3.09924e-25
187 3.56263e-25
188 4.0944e-25
189 4.70448e-25
190 5.40427e-25
191 6.20679e-25
192 7.12687e-25
193 8.18151e-25
194 9.39017e-25
195 1.0775e-24
196 1.23612e-24
197 1.41779e-24
198 1.62579e-24
199 1.86389e-24
200 2.1364e-24
201 2.4482e-24
202 2.80488e-24
203 3.21283e-24
204 3.6793e-24
205 4.21257e-24
206 4.82206e-24
207 5.51852e-24
208 6.3142e-24
209 7.22301e-24
210 8.26081e-24
211 9.44567e-24
212 1.07981e-23
213 1.23415e-23
214 1.41023e-23
215 1.6111e-23
216 1.84016e-23
217 2.10134e-23
218 2.39907e-23
219 2.73837e-23
220 3.12499e-23
221 3.56541e-23
222 4.06701e-23
223 4.63817e-23
224 5.28838e-23
225 6.02842e-23
226 6.87051e-23
227 7.82852e-23
228 8.91815e-23
229 1.01572e-22
230 1.15659e-22
231 1.3167e-22
232 1.49865e-22
233 1.70536e-22
234 1.94016e-22
235 2.20679e-22
236 2.50952e-22
237 2.85313e-22
238 3.24308e-22
239 3.6855e-22
240 4.18735e-22
241 4.75647e-22
242 5.40174e-22
243 6.13318e-22
244 6.96211e-22
245 7.90132e-22
246 8.96523e-22
247 1.01701e-21
248 1.15344e-21
249 1.30787e-21
250 1.48265e-21
251 1.68041e-21
252 1.90413e-21
253 2.15716e-21
254 2.44326e-21
255 2.76669e-21
256 3.13224e-21
257 3.54531e-21
258 4.01196e-21
259 4.53904e-21
260 5.13422e-21
261 5.80618e-21
262 6.56463e-21
263 7.42053e-21
264 8.38618e-21
265 9.47542e-21
266 1.07038e-20
267 1.20888e-20
268 1.365e-20
269 1.54095e-20
270 1.73919e-20
271 1.96252e-20
272 2.21404e-20
273 2.49726e-20
274 2.81609e-20
275 3.17495e-20
276 3.57875e-20
277 4.03303e-20
278 4.544e-20
279 5.11859e-20
280 5.76459e-20
281 6.4907e-20
282 7.30669e-20
283 8.22346e-20
284 9.25325e-20
285 1.04097e-19
286 1.17082e-19
287 1.31657e-19
288 1.48014e-19
289 1.66367e-19
290 1.86954e-19
291 2.10043e-19
292 2.35931e-19
293 2.64951e-19
294 2.97474e-19
295 3.33916e-19
296 3.74739e-19
297 4.20459e-19
298 4.71652e-19
299 5.2896e-19
300 5.93098e-19
301 6.64865e-19
302 7.45149e-19
303 8.3494e-19
304 9.35341e-19
305 1.04758e-18
306 1.17303e-18
307 1.3132e-18
308 1.46979e-18
309 1.64469e-18
310 1.83999e-18
311 2.05802e-18
312 2.30138e-18
313 2.57293e-18
314 2.87589e-18
315 3.2138e-18
316 3.59062e-18
317 4.01074e-18
318 4.47902e-18
319 5.00087e-18
320 5.5823e-18
321 6.22996e-18
322 6.95123e-18
323 7.75432e-18
324 8.6483e-18
325 9.64325e-18
326 1.07503e-17
327 1.19819e-17
328 1.33517e-17
329 1.48748e-17
330 1.65682e-17
331 1.84503e-17
332 2.05418e-17
333 2.28655e-17
334 2.54465e-17
335 2.83129e-17
336 3.14953e-17
337 3.5028e-17
338 3.89485e-17
339 4.32985e-17
340 4.81239e-17
341 5.34757e-17
342 5.94097e-17
343 6.5988e-17
344 7.32788e-17
345 8.13576e-17
346 9.03073e-17
347 1.0022e-16
348 1.11196e-16
349 1.23347e-16
350 1.36796e-16
351 1.51678e-16
352 1.68142e-16
353 1.86352e-16
354 2.06488e-16
355 2.28749e-16
356 2.53354e-16
357 2.80542e-16
358 3.10578e-16
359 3.43753e-16
360 3.80385e-16
361 4.20827e-16
362 4.65463e-16
363 5.14717e-16
364 5.69055e-16
365 6.28986e-16
366 6.95071e-16
367 7.67926e-16
368 8.48225e-16
369 9.36708e-16
370 1.03419e-15
371 1.14155e-15
372 1.25978e-15
373 1.38994e-15
374 1.5332e-15
375 1.69085e-15
376 1.86429e-15
377 2.05506e-15
378 2.26484e-15
379 2.49549e-15
380 2.74902e-15
381 3.02765e-15
382 3.33377e-15
383 3.67005e-15
384 4.03936e-15
385 4.44487e-15
386 4.89003e-15
387 5.37861e-15
388 5.91473e-15
389 6.5029e-15
390 7.14803e-15
391 7.85549e-15
392 8.63113e-15
393 9.48134e-15
394 1.04131e-14
395 1.1434e-14
396 1.25524e-14
397 1.37772e-14
398 1.51183e-14
399 1.65866e-14
400 1.81935e-14
401 1.9952e-14
402 2.18758e-14
403 2.398e-14
404 2.62811e-14
405 2.87968e-14
406 3.15467e-14
407 3.45517e-14
408 3.78349e-14
409 4.14212e-14
410 4.53376e-14
411 4.96136e-14
412 5.4281e-14
413 5.93745e-14
414 6.49317e-14
415 7.09934e-14
416 7.76038e-14
417 8.48107e-14
418 9.26662e-14
419 1.01226e-13
420 1.10553e-13
421 1.20711e-13
422 1.31772e-13
423 1.43814e-13
424 1.5692e-13
425 1.71182e-13
426 1.86697e-13
427 2.0357e-13
428 2.21917e-13
429 2.41862e-13
430 2.63538e-13
431 2.8709e-13
432 3.12674e-13
433 3.40459e-13
434 3.70627e-13
435 4.03374e-13
436 4.38914e-13
437 4.77474e-13
438 5.19303e-13
439 5.64666e-13
440 6.13852e-13
441 6.6717e-13
442 7.24956e-13
443 7.87569e-13
444 8.55398e-13
445 9.28863e-13
446 1.00841e-12
447 1.09454e-12
448 1.18775e-12
449 1.28863e-12
450 1.39777e-12
451 1.51584e-12
452 1.64352e-12
453 1.78158e-12
454 1.93084e-12
455 2.09216e-12
456 2.26649e-12
457 2.45484e-12
458 2.6583e-12
459 2.87803e-12
460 3.11529e-12
461 3.37143e-12
462 3.64788e-12
463 3.94621e-12
464 4.26808e-12
465 4.61527e-12
466 4.9897e-12
467 5.39341e-12
468 5.82862e-12
469 6.29767e-12
470 6.80308e-12
471 7.34756e-12
472 7.93399e-12
473 8.56547e-12
474 9.24529e-12
475 9.97699e-12
476 1.07643e-11
477 1.16114e-11
478 1.25224e-11
479 1.35019e-11
480 1.4555e-11
481 1.56867e-11
482 1.69028e-11
483 1.8209e-11
484 1.96118e-11
485 2.11178e-11
486 2.27343e-11
487 2.44688e-11
488 2.63296e-11
489 2.83253e-11
490 3.04649e-11
491 3.27584e-11
492 3.52162e-11
493 3.78491e-11
494 4.06691e-11
495 4.36885e-11
496 4.69205e-11
497 5.03793e-11
498 5.40798e-11
499 5.80377e-11
500 6.22698e-11
501 6.67941e-11
502 7.16293e-11
503 7.67956e-11
504 8.23143e-11
505 8.82079e-11
506 9.45004e-11
507 1.01217e-10
508 1.08385e-10
509 1.16033e-10
510 1.24191e-10
511 1.3289e-10
512 1.42166e-10
513 1.52055e-10
514 1.62594e-10
515 1.73824e-10
516 1.85787e-10
517 1.98531e-10
518 2.12103e-10
519 2.26553e-10
520 2.41937e-10
521 2.58311e-10
522 2.75738e-10
523 2.9428e-10
524 3.14006e-10
525 3.34988e-10
526 3.57304e-10
527 3.81033e-10
528 4.06261e-10
529 4.33079e-10
530 4.61582e-10
531 4.91872e-10
532 5.24055e-10
533 5.58243e-10
534 5.94557e-10
535 6.3312e-10
536 6.74067e-10
537 7.17535e-10
538 7.63673e-10
539 8.12634e-10
540 8.64582e-10
541 9.19688e-10
542 9.78131e-10
543 1.0401e-09
544 1.1058e-09
545 1.17542e-09
546 1.2492e-09
547 1.32736e-09
548 1.41013e-09
549 1.49778e-09
550 1.59055e-09
551 1.68873e-09
552 1.7926e-09
553 1.90245e-09
554 2.0186e-09
555 2.14137e-09
556 2.2711e-09
557 2.40813e-09
558 2.55283e-09
559 2.70558e-09
560 2.86677e-09
561 3.03681e-09
562 3.21613e-09
563 3.40516e-09
564 3.60435e-09
565 3.81419e-09
566 4.03515e-09
567 4.26774e-09
568 4.5125e-09
569 4.76995e-09
570 5.04067e-09
571 5.32523e-09
572 5.62423e-09
573 5.93831e-09
574 6.26809e-09
575 6.61426e-09
576 6.97749e-09
577 7.35852e-09
578 7.75808e-09
579 8.17695e-09
580 8.61592e-09
581 9.07582e-09
582 9.55753e-09
583 1.00619e-08
584 1.059e-08
585 1.11426e-08
586 1.17209e-08
587 1.23258e-08
588 1.29585e-08
589 1.36202e-08
590 1.43119e-08
591 1.50351e-08
592 1.5791e-08
593 1.6581e-08
594 1.74066e-08
595 1.82692e-08
596 1.91705e-08
597 2.01121e-08
598 2.10958e-08
599 2.21233e-08
600 2.31968e-08
601 2.4318e-08
602 2.54893e-08
603 2.67127e-08
604 2.79907e-08
605 2.93257e-08
606 3.07202e-08
607 3.21769e-08
608 3.36986e-08
609 3.52883e-08
610 3.69489e-08
611 3.86837e-08
612 4.0496e-08
613 4.23892e-08
614 4.43669e-08
615 4.64329e-08
616 4.8591e-08
617 5.08451e-08
618 5.31994e-08
619 5.56581e-08
620 5.82256e-08
621 6.09064e-08
622 6.3705e-08
623 6.66262e-08
624 6.96747e-08
625 7.28554e-08
626 7.61734e-08
627 7.96335e-08
628 8.32408e-08
629 8.70005e-08
630 9.09177e-08
631 9.49974e-08
632 9.92449e-08
633 1.03665e-07
634 1.08263e-07
635 1.13044e-07
636 1.18012e-07
637 1.23172e-07
638 1.2853e-07
639 1.34088e-07
640 1.39852e-07
641 1.45825e-07
642 1.52011e-07
643 1.58414e-07
644 1.65037e-07
645 1.71883e-07
646 1.78953e-07
647 1.86251e-07
648 1.93778e-07
649 2.01536e-07
650 2.09525e-07
651 2.17746e-07
652 2.26199e-07
653 2.34884e-07
654 2.43799e-07
655 2.52945e-07
656 2.62319e-07
657 2.71918e-07
658 2.81741e-07
659 2.91784e-07
660 3.02045e-07
661 3.12518e-07
662 3.23201e-07
663 3.34089e-07
664 3.45177e-07
665 3.56461e-07
666 3.67935e-07
667 3.79595e-07
668 3.91436e-07
669 4.03452e-07
670 4.15639e-07
671 4.27993e-07
672 4.40509e-07
673 4.53184e-07
674 4.66014e-07
675 4.78997e-07
676 4.92132e-07
677 5.05416e-07
678 5.18852e-07
679 5.3244e-07
680 5.46182e-07
681 5.60084e-07
682 5.7415e-07
683 5.88389e-07
684 6.02808e-07
685 6.17421e-07
686 6.32239e-07
687 6.47278e-07
688 6.62556e-07
689 6.78094e-07
690 6.93914e-07
691 7.10042e-07
692 7.26506e-07
693 7.43336e-07
694 7.60568e-07
695 7.78238e-07
696 7.96385e-07
697 8.15053e-07
698 8.34287e-07
699 8.54136e-07
700 8.74651e-07
701 8.95887e-07
702 9.17901e-07
703 9.40753e-07
704 9.64506e-07
705 9.89223e-07
706 1.01497e-06
707 1.04182e-06
708 1.06984e-06
709 1.0991e-06
710 1.12968e-06
711 1.16165e-06
712 1.19508e-06
713 1.23005e-06
714 1.26663e-06
715 1.3049e-06
716 1.34492e-06
717 1.38677e-06
718 1.43051e-06
719 1.47622e-06
720 1.52394e-06
721 1.57375e-06
722 1.62568e-06
723 1.6798e-06
724 1.73615e-06
725 1.79475e-06
726 1.85565e-06
727 1.91886e-06
728 1.98439e-06
729 2.05226e-06
730 2.12246e-06
731 2.19497e-06
732 2.26977e-06
733 2.34683e-06
734 2.4261e-06
735 2.50752e-06
736 2.59102e-06
737 2.67652e-06
738 2.76392e-06
739 2.8531e-06
740 2.94395e-06
741 3.03633e-06
742 3.13008e-06
743 3.22503e-06
744 3.32101e-06
745 3.41782e-06
746 3.51525e-06
747 3.61308e-06
748 3.71107e-06
749 3.80896e-06
750 3.90649e-06
751 4.00339e-06
752 4.09937e-06
753 4.19413e-06
754 4.28735e-06
755 4.37873e-06
756 4.46792e-06
757 4.55459e-06
758 4.63841e-06
759 4.71901e-06
760 4.79606e-06
761 4.86919e-06
762 4.93805e-06
763 5.00229e-06
764 5.06155e-06
765 5.11548e-06
766 5.16373e-06
767 5.20598e-06
768 5.24188e-06
769 5.27113e-06
770 5.29342e-06
771 5.30846e-06
772 5.31598e-06
773 5.31572e-06
774 5.30745e-06
775 5.29096e-06
776 5.26606e-06
777 5.23261e-06
778 5.19046e-06
779 5.13953e-06
780 5.07974e-06
781 5.01107e-06
782 4.93352e-06
783 4.84714e-06
784 4.75202e-06
785 4.64828e-06
786 4.5361e-06
787 4.41568e-06
788 4.2873e-06
789 4.15127e-06
790 4.00793e-06
791 3.85771e-06
792 3.70105e-06
793 3.53847e-06
794 3.37054e-06
795 3.19785e-06
796 3.0211e-06
797 2.84098e-06
798 2.65827e-06
799 2.47381e-06
800 2.28846e-06
801 2.10315e-06
802 1.91887e-06
803 1.73664e-06
804 1.55754e-06
805 1.38269e-06
806 1.21328e-06
807 1.05051e-06
808 8.95651e-07
809 7.50004e-07
810 6.14911e-07
811 4.91752e-07
812 3.81942e-07
813 2.8693e-07
814 2.08194e-07
815 1.47241e-07
816 1.05604e-07
817 8.48375e-08
818 8.65158e-08
819 1.12231e-07
820 1.63587e-07
821 2.42203e-07
822 3.49701e-07
823 4.87712e-07
824 6.57866e-07
825 8.61795e-07
826 1.10113e-06
827 1.37747e-06
828 1.69245e-06
829 2.04766e-06
830 2.44467e-06
831 2.88505e-06
832 3.37034e-06
833 3.90207e-06
834 4.48172e-06
835 5.11075e-06
836 5.79061e-06
837 6.5227e-06
838 7.30839e-06
839 8.14902e-06
840 9.04588e-06
841 1.00002e-05
842 1.10133e-05
843 1.20863e-05
844 1.32203e-05
845 1.44165e-05
846 1.5676e-05
847 1.69996e-05
848 1.83886e-05
849 1.98437e-05
850 2.13659e-05
851 2.29562e-05
852 2.46152e-05
853 2.6344e-05
854 2.81432e-05
855 3.00136e-05
856 3.19559e-05
857 3.39709e-05
858 3.60593e-05
859 3.82217e-05
860 4.04588e-05
861 4.27713e-05
862 4.51599e-05
863 4.76252e-05
864 5.01678e-05
865 5.27885e-05
866 5.5488e-05
867 5.8267e-05
868 6.11262e-05
869 6.40665e-05
870 6.70886e-05
871 7.01935e-05
872 7.3382e-05
873 7.66551e-05
874 8.00139e-05
875 8.34595e-05
876 8.69931e-05
877 9.06159e-05
878 9.43293e-05
879 9.81349e-05
880 0.000102034
881 0.000106029
882 0.00011012
883 0.000114311
884 0.000118602
885 0.000122997
886 0.000127498
887 0.000132107
888 0.000136826
889 0.000141659
890 0.000146608
891 0.000151677
892 0.000156869
893 0.000162187
894 0.000167636
895 0.000173218
896 0.000178939
897 0.000184802
898 0.000190812
899 0.000196974
900 0.000203293
901 0.000209774
902 0.000216422
903 0.000223243
904 0.000230243
905 0.000237428
906 0.000244804
907 0.000252379
908 0.000260158
909 0.00026815
910 0.000276361
911 0.000284799
912 0.000293472
913 0.000302389
914 0.000311557
915 0.000320985
916 0.000330683
917 0.00034066
918 0.000350924
919 0.000361486
920 0.000372355
921 0.000383542
922 0.000395058
923 0.000406913
924 0.000419118
925 0.000431685
926 0.000444624
927 0.000457948
928 0.000471669
929 0.000485799
930 0.00050035
931 0.000515335
932 0.000530767
933 0.00054666
934 0.000563025
935 0.000579879
936 0.000597233
937 0.000615102
938 0.0006335
939 0.000652441
940 0.000671941
941 0.000692014
942 0.000712675
943 0.000733939
944 0.000755821
945 0.000778337
946 0.000801503
947 0.000825334
948 0.000849845
949 0.000875054
950 0.000900976
951 0.000927627
952 0.000955024
953 0.000983184
954 0.00101212
955 0.00104185
956 0.0010724
957 0.00110377
958 0.00113599
959 0.00116908
960 0.00120304
961 0.00123789
962 0.00127366
963 0.00131036
964 0.00134801
965 0.00138662
966 0.00142621
967 0.0014668
968 0.0015084
969 0.00155104
970 0.00159472
971 0.00163946
972 0.00168529
973 0.00173221
974 0.00178024
975 0.0018294
976 0.00187971
977 0.00193118
978 0.00198382
979 0.00203765
980 0.00209269
981 0.00214895
982 0.00220645
983 0.0022652
984 0.00232521
985 0.0023865
986 0.00244909
987 0.00251298
988 0.00257818
989 0.00264472
990 0.0027126
991 0.00278184
992 0.00285245
993 0.00292443
994 0.0029978
995 0.00307258
996 0.00314876
997 0.00322636
998 0.00330539
999 0.00338585
1000 0.00346776
1001 0.00355112
1002 0.00363594
1003 0.00372223
1004 0.00380999
1005 0.00389922
1006 0.00398994
1007 0.00408214
1008 0.00417583
1009 0.00427101
1010 0.00436768
1011 0.00446585
1012 0.00456551
1013 0.00466667
1014 0.00476933
1015 0.00487348
1016 0.00497912
1017 0.00508625
1018 0.00519486
1019 0.00530495
1020 0.00541652
1021 0.00552956
1022 0.00564406
1023 0.00576001
1024 0.00587741
1025 0.00599624
1026 0.00611649
1027 0.00623816
1028 0.00636124
1029 0.0064857
1030 0.00661153
1031 0.00673872
1032 0.00686725
1033 0.00699711
1034 0.00712828
1035 0.00726073
1036 0.00739446
1037 0.00752943
1038 0.00766563
1039 0.00780303
1040 0.00794161
1041 0.00808134
1042 0.0082222
1043 0.00836416
1044 0.0085072
1045 0.00865128
1046 0.00879637
1047 0.00894245
1048 0.00908948
1049 0.00923742
1050 0.00938625
1051 0.00953593
1052 0.00968643
1053 0.0098377
1054 0.00998971
1055 0.0101424
1056 0.0102958
1057 0.0104498
1058 0.0106043
1059 0.0107594
1060 0.010915
1061 0.0110711
1062 0.0112275
1063 0.0113843
1064 0.0115414
1065 0.0116987
1066 0.0118563
1067 0.012014
1068 0.0121719
1069 0.0123298
1070 0.0124877
1071 0.0126456
1072 0.0128033
1073 0.012961
1074 0.0131184
1075 0.0132755
1076 0.0134324
1077 0.0135888
1078 0.0137449
1079 0.0139004
1080 0.0140554
1081 0.0142098
1082 0.0143636
1083 0.0145166
1084 0.0146688
1085 0.0148203
1086 0.0149708
1087 0.0151203
1088 0.0152689
1089 0.0154163
1090 0.0155626
1091 0.0157078
1092 0.0158516
1093 0.0159942
1094 0.0161354
1095 0.0162751
1096 0.0164133
1097 0.01655
1098 0.0166851
1099 0.0168184
1100 0.0169501
1101 0.0170799
1102 0.0172079
1103 0.017334
1104 0.0174581
1105 0.0175802
1106 0.0177002
1107 0.0178181
1108 0.0179338
1109 0.0180472
1110 0.0181584
1111 0.0182672
1112 0.0183735
1113 0.0184775
1114 0.0185789
1115 0.0186777
1116 0.018774
1117 0.0188676
1118 0.0189585
1119 0.0190467
1120 0.0191321
1121 0.0192146
1122 0.0192943
1123 0.0193711
1124 0.0194449
1125 0.0195158
1126 0.0195836
1127 0.0196483
1128 0.01971
1129 0.0197685
1130 0.0198239
1131 0.0198761
1132 0.0199251
1133 0.0199708
1134 0.0200133
1135 0.0200525
1136 0.0200884
1137 0.0201209
1138 0.0201501
1139 0.020176
1140 0.0201984
1141 0.0202175
1142 0.0202332
1143 0.0202454
1144 0.0202543
1145 0.0202597
1146 0.0202616
1147 0.0202602
1148 0.0202553
1149 0.0202469
1150 0.0202351
1151 0.0202199
1152 0.0202013
1153 0.0201792
1154 0.0201538
1155 0.0201249
1156 0.0200927
1157 0.020057
1158 0.0200181
1159 0.0199758
1160 0.0199301
1161 0.0198812
1162 0.019829
1163 0.0197736
1164 0.0197149
1165 0.019653
1166 0.019588
1167 0.0195198
1168 0.0194485
1169 0.0193742
1170 0.0192968
1171 0.0192164
1172 0.0191331
1173 0.0190468
1174 0.0189576
1175 0.0188656
1176 0.0187709
1177 0.0186733
1178 0.0185731
1179 0.0184702
1180 0.0183646
1181 0.0182566
1182 0.018146
1183 0.0180329
1184 0.0179175
1185 0.0177996
1186 0.0176795
1187 0.0175572
1188 0.0174326
1189 0.0173059
1190 0.0171771
1191 0.0170464
1192 0.0169136
1193 0.016779
1194 0.0166425
1195 0.0165042
1196 0.0163642
1197 0.0162226
1198 0.0160794
1199 0.0159346
1200 0.0157883
1201 0.0156407
1202 0.0154917
1203 0.0153414
1204 0.0151899
1205 0.0150372
1206 0.0148834
1207 0.0147286
1208 0.0145728
1209 0.0144162
1210 0.0142587
1211 0.0141004
1212 0.0139413
1213 0.0137817
1214 0.0136214
1215 0.0134606
1216 0.0132993
1217 0.0131377
1218 0.0129756
1219 0.0128133
1220 0.0126508
1221 0.012488
1222 0.0123252
1223 0.0121623
1224 0.0119994
1225 0.0118366
1226 0.0116739
1227 0.0115113
1228 0.011349
1229 0.0111869
1230 0.0110252
1231 0.0108638
1232 0.0107029
1233 0.0105424
1234 0.0103825
1235 0.0102232
1236 0.0100645
1237 0.00990641
1238 0.00974907
1239 0.00959249
1240 0.00943671
1241 0.00928176
1242 0.00912771
1243 0.00897457
1244 0.0088224
1245 0.00867122
1246 0.00852108
1247 0.00837201
1248 0.00822405
1249 0.00807722
1250 0.00793156
1251 0.0077871
1252 0.00764387
1253 0.0075019
1254 0.00736122
1255 0.00722184
1256 0.00708381
1257 0.00694713
1258 0.00681184
1259 0.00667795
1260 0.00654549
1261 0.00641447
1262 0.00628491
1263 0.00615684
1264 0.00603026
1265 0.00590519
1266 0.00578165
1267 0.00565964
1268 0.00553919
1269 0.00542029
1270 0.00530296
1271 0.00518722
1272 0.00507305
1273 0.00496048
1274 0.00484951
1275 0.00474014
1276 0.00463237
1277 0.00452621
1278 0.00442167
1279 0.00431873
1280 0.00421741
1281 0.00411769
1282 0.00401959
1283 0.00392309
1284 0.00382819
1285 0.00373489
1286 0.00364319
1287 0.00355308
1288 0.00346454
1289 0.00337758
1290 0.00329219
1291 0.00320836
1292 0.00312608
1293 0.00304534
1294 0.00296613
1295 0.00288844
1296 0.00281225
1297 0.00273757
1298 0.00266436
1299 0.00259263
1300 0.00252236
1301 0.00245353
1302 0.00238613
1303 0.00232015
1304 0.00225557
1305 0.00219237
1306 0.00213054
1307 0.00207007
1308 0.00201094
1309 0.00195312
1310 0.00189662
1311 0.0018414
1312 0.00178745
1313 0.00173475
1314 0.00168329
1315 0.00163305
1316 0.00158401
1317 0.00153615
1318 0.00148946
1319 0.00144391
1320 0.00139949
1321 0.00135618
1322 0.00131396
1323 0.00127282
1324 0.00123273
1325 0.00119367
1326 0.00115563
1327 0.0011186
1328 0.00108254
1329 0.00104745
1330 0.0010133
1331 0.000980079
1332 0.000947766
1333 0.000916344
1334 0.000885795
1335 0.0008561
1336 0.000827243
1337 0.000799206
1338 0.000771972
1339 0.000745523
1340 0.000719842
1341 0.000694912
1342 0.000670717
1343 0.000647241
1344 0.000624466
1345 0.000602377
1346 0.000580957
1347 0.000560191
1348 0.000540064
1349 0.000520559
1350 0.000501662
1351 0.000483357
1352 0.000465631
1353 0.000448468
1354 0.000431854
1355 0.000415775
1356 0.000400217
1357 0.000385166
1358 0.00037061
1359 0.000356535
1360 0.000342927
1361 0.000329775
1362 0.000317066
1363 0.000304787
1364 0.000292926
1365 0.000281473
1366 0.000270414
1367 0.000259739
1368 0.000249437
1369 0.000239497
1370 0.000229908
1371 0.00022066
1372 0.000211742
1373 0.000203145
1374 0.000194859
1375 0.000186875
1376 0.000179182
1377 0.000171772
1378 0.000164637
1379 0.000157767
1380 0.000151154
1381 0.00014479
1382 0.000138666
1383 0.000132775
1384 0.00012711
1385 0.000121662
1386 0.000116425
1387 0.000111392
1388 0.000106555
1389 0.000101908
1390 9.74449e-05
1391 9.31587e-05
1392 8.90434e-05
1393 8.50932e-05
1394 8.13021e-05
1395 7.76647e-05
1396 7.41754e-05
1397 7.08288e-05
1398 6.76199e-05
1399 6.45437e-05
1400 6.15952e-05
1401 5.87699e-05
1402 5.6063e-05
1403 5.34703e-05
1404 5.09874e-05
1405 4.86102e-05
1406 4.63347e-05
1407 4.41569e-05
1408 4.20732e-05
1409 4.00799e-05
1410 3.81735e-05
1411 3.63505e-05
1412 3.46078e-05
1413 3.29421e-05
1414 3.13504e-05
1415 2.98296e-05
1416 2.8377e-05
1417 2.69898e-05
1418 2.56653e-05
1419 2.4401e-05
1420 2.31943e-05
1421 2.2043e-05
1422 2.09446e-05
1423 1.9897e-05
1424 1.88981e-05
1425 1.79457e-05
1426 1.7038e-05
1427 1.61729e-05
1428 1.53488e-05
1429 1.45637e-05
1430 1.3816e-05
1431 1.31041e-05
1432 1.24264e-05
1433 1.17814e-05
1434 1.11676e-05
1435 1.05837e-05
1436 1.00284e-05
1437 9.50023e-06
1438 8.99812e-06
1439 8.52084e-06
1440 8.06726e-06
1441 7.6363e-06
1442 7.22691e-06
1443 6.8381e-06
1444 6.46891e-06
1445 6.11843e-06
1446 5.78577e-06
1447 5.4701e-06
1448 5.17061e-06
1449 4.88654e-06
1450 4.61715e-06
1451 4.36173e-06
1452 4.11961e-06
1453 3.89014e-06
1454 3.67272e-06
1455 3.46675e-06
1456 3.27167e-06
1457 3.08695e-06
1458 2.91207e-06
1459 2.74654e-06
1460 2.58989e-06
1461 2.44169e-06
1462 2.3015e-06
1463 2.16893e-06
1464 2.04357e-06
1465 1.92507e-06
1466 1.81308e-06
1467 1.70725e-06
1468 1.60728e-06
1469 1.51285e-06
1470 1.42368e-06
1471 1.3395e-06
1472 1.26004e-06
1473 1.18505e-06
1474 1.1143e-06
1475 1.04756e-06
1476 9.84618e-07
1477 9.2527e-07
1478 8.69322e-07
1479 8.16591e-07
1480 7.66903e-07
1481 7.20092e-07
1482 6.76001e-07
1483 6.34481e-07
1484 5.9539e-07
1485 5.58593e-07
1486 5.23964e-07
1487 4.91382e-07
1488 4.60733e-07
1489 4.31907e-07
1490 4.04802e-07
1491 3.79321e-07
1492 3.55372e-07
1493 3.32867e-07
1494 3.11724e-07
1495 2.91864e-07
1496 2.73214e-07
1497 2.55703e-07
1498 2.39266e-07
1499 2.2384e-07
1500 2.09366e-07
1501 1.95788e-07
1502 1.83053e-07
1503 1.71111e-07
1504 1.59916e-07
1505 1.49423e-07
1506 1.3959e-07
1507 1.30377e-07
1508 1.21748e-07
1509 1.13666e-07
1510 1.06099e-07
1511 9.90158e-08
1512 9.23865e-08
1513 8.61833e-08
1514 8.03803e-08
1515 7.49526e-08
1516 6.98771e-08
1517 6.51319e-08
1518 6.06966e-08
1519 5.65517e-08
1520 5.2679e-08
1521 4.90615e-08
1522 4.5683e-08
1523 4.25284e-08
1524 3.95835e-08
1525 3.6835e-08
1526 3.42703e-08
1527 3.18776e-08
1528 2.96458e-08
1529 2.75647e-08
1530 2.56243e-08
1531 2.38157e-08
1532 2.21301e-08
1533 2.05596e-08
1534 1.90966e-08
1535 1.77341e-08
1536 1.64654e-08
1537 1.52843e-08
1538 1.4185e-08
1539 1.3162e-08
1540 1.22103e-08
1541 1.13251e-08
1542 1.05018e-08
1543 9.73643e-09
1544 9.02496e-09
1545 8.36374e-09
1546 7.74937e-09
1547 7.17864e-09
1548 6.64857e-09
1549 6.15636e-09
1550 5.69942e-09
1551 5.27529e-09
1552 4.88172e-09
1553 4.51658e-09
1554 4.17788e-09
1555 3.86378e-09
1556 3.57256e-09
1557 3.3026e-09
1558 3.05241e-09
1559 2.82059e-09
1560 2.60583e-09
1561 2.40693e-09
1562 2.22275e-09
1563 2.05223e-09
1564 1.89441e-09
1565 1.74836e-09
1566 1.61323e-09
1567 1.48824e-09
1568 1.37265e-09
1569 1.26577e-09
1570 1.16698e-09
1571 1.07567e-09
1572 9.91296e-10
1573 9.13354e-10
1574 8.41365e-10
1575 7.7489e-10
1576 7.13518e-10
1577 6.56871e-10
1578 6.04595e-10
1579 5.56364e-10
1580 5.11874e-10
1581 4.70844e-10
1582 4.33013e-10
1583 3.98138e-10
1584 3.65996e-10
1585 3.36379e-10
1586 3.09095e-10
1587 2.83964e-10
1588 2.60822e-10
1589 2.39516e-10
1590 2.19905e-10
1591 2.01858e-10
1592 1.85253e-10
1593 1.69978e-10
1594 1.55931e-10
1595 1.43014e-10
1596 1.3114e-10
1597 1.20227e-10
1598 1.10199e-10
1599 1.00986e-10
1600 9.25244e-11
1601 8.47538e-11
1602 7.76197e-11
1603 7.10712e-11
1604 6.50616e-11
1605 5.95477e-11
1606 5.44896e-11
1607 4.98508e-11
1608 4.55973e-11
1609 4.16981e-11
1610 3.81243e-11
1611 3.48495e-11
1612 3.18493e-11
1613 2.91013e-11
1614 2.65848e-11
1615 2.42809e-11
1616 2.21719e-11
1617 2.02419e-11
1618 1.8476e-11
1619 1.68607e-11
1620 1.53833e-11
1621 1.40325e-11
1622 1.27976e-11
1623 1.16689e-11
1624 1.06375e-11
1625 9.69524e-12
1626 8.8346e-12
1627 8.04866e-12
1628 7.33111e-12
1629 6.67612e-12
1630 6.07837e-12
1631 5.53299e-12
1632 5.03548e-12
1633 4.58174e-12
1634 4.16801e-12
1635 3.79084e-12
1636 3.44708e-12
1637 3.13384e-12
1638 2.84846e-12
1639 2.58852e-12
1640 2.35181e-12
1641 2.1363e-12
1642 1.94013e-12
1643 1.7616e-12
1644 1.59916e-12
1645 1.4514e-12
1646 1.31701e-12
1647 1.19481e-12
1648 1.08373e-12
1649 9.82763e-13
1650 8.91017e-13
1651 8.07665e-13
1652 7.31957e-13
1653 6.63206e-13
1654 6.00785e-13
1655 5.44125e-13
1656 4.92705e-13
1657 4.4605e-13
1658 4.03727e-13
1659 3.65344e-13
1660 3.30539e-13
1661 2.98988e-13
1662 2.7039e-13
1663 2.44477e-13
1664 2.21e-13
1665 1.99736e-13
1666 1.80479e-13
1667 1.63045e-13
1668 1.47264e-13
1669 1.32982e-13
1670 1.20059e-13
1671 1.0837e-13
1672 9.77978e-14
1673 8.82384e-14
1674 7.95966e-14
1675 7.17859e-14
1676 6.4728e-14
1677 5.83517e-14
1678 5.25924e-14
1679 4.73914e-14
1680 4.26958e-14
1681 3.84573e-14
1682 3.46322e-14
1683 3.11809e-14
1684 2.80676e-14
1685 2.52599e-14
1686 2.27282e-14
1687 2.04459e-14
1688 1.83888e-14
1689 1.65353e-14
1690 1.48654e-14
1691 1.33613e-14
1692 1.20069e-14
1693 1.07874e-14
1694 9.68979e-15
1695 8.70199e-15
1696 7.81324e-15
1697 7.01376e-15
1698 6.29476e-15
1699 5.64826e-15
1700 5.06709e-15
1701 4.54475e-15
1702 4.07539e-15
1703 3.65373e-15
1704 3.275e-15
1705 2.93491e-15
1706 2.62957e-15
1707 2.3555e-15
1708 2.10955e-15
1709 1.88887e-15
1710 1.69093e-15
1711 1.5134e-15
1712 1.35422e-15
1713 1.21153e-15
1714 1.08365e-15
1715 9.69054e-16
1716 8.66395e-16
1717 7.74446e-16
1718 6.92109e-16
1719 6.18394e-16
1720 5.52412e-16
1721 4.93366e-16
1722 4.40537e-16
1723 3.93282e-16
1724 3.5102e-16
1725 3.13234e-16
1726 2.79455e-16
1727 2.49266e-16
1728 2.22291e-16
1729 1.98193e-16
1730 1.76669e-16
1731 1.5745e-16
1732 1.40291e-16
1733 1.24976e-16
1734 1.11309e-16
1735 9.91149e-17
1736 8.82382e-17
1737 7.85383e-17
1738 6.98898e-17
1739 6.21804e-17
1740 5.53096e-17
1741 4.91875e-17
1742 4.37337e-17
1743 3.88763e-17
1744 3.4551e-17
1745 3.07004e-17
1746 2.72731e-17
1747 2.42233e-17
1748 2.15098e-17
1749 1.90963e-17
1750 1.695e-17
1751 1.50416e-17
1752 1.33453e-17
1753 1.18378e-17
1754 1.04983e-17
1755 9.30835e-18
1756 8.25154e-18
1757 7.31315e-18
1758 6.48009e-18
1759 5.7407e-18
1760 5.08459e-18
1761 4.5025e-18
1762 3.9862e-18
1763 3.52835e-18
1764 3.12242e-18
1765 2.76259e-18
1766 2.44372e-18
1767 2.16118e-18
1768 1.9109e-18
1769 1.68925e-18
1770 1.49298e-18
1771 1.31924e-18
1772 1.16547e-18
1773 1.0294e-18
1774 9.09017e-19
1775 8.02544e-19
1776 7.0839e-19
1777 6.25149e-19
1778 5.51571e-19
1779 4.86548e-19
1780 4.29099e-19
1781 3.78352e-19
1782 3.33534e-19
1783 2.93963e-19
1784 2.59031e-19
1785 2.28201e-19
1786 2.00997e-19
1787 1.76999e-19
1788 1.55832e-19
1789 1.37167e-19
1790 1.20712e-19
1791 1.06208e-19
1792 9.34262e-20
1793 8.21654e-20
1794 7.22463e-20
1795 6.3511e-20
1796 5.58199e-20
1797 4.90496e-20
1798 4.30913e-20
1799 3.78486e-20
1800 3.32366e-20
1801 2.91803e-20
1802 2.56135e-20
1803 2.24779e-20
1804 1.97219e-20
1805 1.73001e-20
1806 1.51724e-20
1807 1.33036e-20
1808 1.16624e-20
1809 1.02215e-20
1810 8.95666e-21
1811 7.84667e-21
1812 6.87276e-21
1813 6.01843e-21
1814 5.26917e-21
1815 4.61219e-21
1816 4.03626e-21
1817 3.53148e-21
1818 3.08917e-21
1819 2.70168e-21
1820 2.36228e-21
1821 2.06507e-21
1822 1.80487e-21
1823 1.57711e-21
1824 1.3778e-21
1825 1.20342e-21
1826 1.05088e-21
1827 9.17479e-22
1828 8.00839e-22
1829 6.98878e-22
1830 6.09766e-22
1831 5.31902e-22
1832 4.63881e-22
1833 4.04472e-22
1834 3.52595e-22
1835 3.07305e-22
1836 2.67775e-22
1837 2.33279e-22
1838 2.03184e-22
1839 1.76933e-22
1840 1.5404e-22
1841 1.34081e-22
1842 1.16682e-22
1843 1.01519e-22
1844 8.83077e-23
1845 7.67989e-23
1846 6.67756e-23
1847 5.80479e-23
1848 5.04501e-23
1849 4.38372e-23
1850 3.80829e-23
1851 3.30768e-23
1852 2.87226e-23
1853 2.49362e-23
1854 2.16442e-23
1855 1.87827e-23
1856 1.62961e-23
1857 1.41356e-23
1858 1.22588e-23
1859 1.0629e-23
1860 9.2138e-24
1861 7.98533e-24
1862 6.91915e-24
1863 5.99403e-24
1864 5.19148e-24
1865 4.49541e-24
1866 3.89182e-24
1867 3.36855e-24
1868 2.915e-24
1869 2.52197e-24
1870 2.18146e-24
1871 1.88652e-24
1872 1.6311e-24
1873 1.40996e-24
1874 1.21854e-24
1875 1.05287e-24
1876 9.09534e-25
1877 7.85539e-25
1878 6.78302e-25
1879 5.85576e-25
1880 5.05418e-25
1881 4.36137e-25
1882 3.76271e-25
1883 3.24553e-25
1884 2.79882e-25
1885 2.41308e-25
1886 2.08005e-25
1887 1.79259e-25
1888 1.54452e-25
1889 1.33049e-25
1890 1.14588e-25
1891 9.86662e-26
1892 8.49386e-26
1893 7.3105e-26
1894 6.29064e-26
1895 5.41188e-26
1896 4.65487e-26
1897 4.00288e-26
1898 3.44147e-26
1899 2.95814e-26
1900 2.54215e-26
1901 2.18418e-26
1902 1.87621e-26
1903 1.61131e-26
1904 1.38352e-26
1905 1.18767e-26
1906 1.01932e-26
1907 8.74642e-27
1908 7.50337e-27
1909 6.43559e-27
1910 5.51856e-27
1911 4.73117e-27
1912 4.05524e-27
1913 3.47512e-27
1914 2.97735e-27
1915 2.55032e-27
1916 2.18406e-27
1917 1.86999e-27
1918 1.60074e-27
1919 1.36996e-27
1920 1.17219e-27
1921 1.00276e-27
1922 8.57627e-28
1923 7.33341e-28
1924 6.26929e-28
1925 5.35843e-28
1926 4.5789e-28
1927 3.91192e-28
1928 3.34137e-28
1929 2.85341e-28
1930 2.43618e-28
1931 2.0795e-28
1932 1.77466e-28
1933 1.51417e-28
1934 1.29164e-28
1935 1.10158e-28
1936 9.39269e-29
1937 8.00708e-29
1938 6.82435e-29
1939 5.81503e-29
1940 4.95393e-29
1941 4.21942e-29
1942 3.59302e-29
1943 3.05896e-29
1944 2.60372e-29
1945 2.21573e-29
1946 1.88515e-29
1947 1.60354e-29
1948 1.36369e-29
1949 1.15948e-29
1950 9.85628e-30
1951 8.37658e-30
1952 7.11745e-30
1953 6.04631e-30
1954 5.13524e-30
1955 4.36047e-30
1956 3.70183e-30
1957 3.14196e-30
1958 2.66617e-30
1959 2.26196e-30
1960 1.9186e-30
1961 1.627e-30
1962 1.37942e-30
1963 1.16926e-30
1964 9.90902e-31
1965 8.39564e-31
1966 7.11185e-31
1967 6.02304e-31
1968 5.09984e-31
1969 4.31716e-31
1970 3.65383e-31
1971 3.09174e-31
1972 2.61552e-31
1973 2.21219e-31
1974 1.87063e-31
1975 1.58147e-31
1976 1.33671e-31
1977 1.12959e-31
1978 9.54343e-32
1979 8.06111e-32
1980 6.80755e-32
1981 5.74768e-32
1982 4.85174e-32
1983 4.09456e-32
1984 3.45479e-32
1985 2.91433e-32
1986 2.4579e-32
1987 2.07249e-32
1988 1.74713e-32
1989 1.47252e-32
1990 1.24081e-32
1991 1.04533e-32
1992 8.80443e-33
1993 7.41409e-33
1994 6.24198e-33
1995 5.25391e-33
1996 4.42129e-33
1997 3.71989e-33
1998 3.12904e-33
1999 2.63143e-33
2000 2.21245e-33
2001 1.85978e-33
2002 1.56301e-33
2003 1.31329e-33
2004 1.10323e-33
2005 9.26563e-34
2006 7.78002e-34
2007 6.53122e-34
2008 5.48173e-34
2009 4.59982e-34
2010 3.8589e-34
2011 3.23659e-34
2012 2.71405e-34
2013 2.27535e-34
2014 1.90715e-34
2015 1.59819e-34
2016 1.33894e-34
2017 1.12149e-34
2018 9.39137e-35
2019 7.86244e-35
2020 6.58086e-35
2021 5.50681e-35
2022 4.60707e-35
2023 3.85332e-35
2024 3.22201e-35
2025 2.69345e-35
2026 2.25095e-35
2027 1.88066e-35
2028 1.57083e-35
2029 1.31161e-35
2030 1.09481e-35
2031 9.13548e-36
2032 7.62013e-36
2033 6.35385e-36
2034 5.29583e-36
2035 4.41195e-36
2036 3.67401e-36
2037 3.05803e-36
2038 2.54409e-36
2039 2.11545e-36
2040 1.75818e-36
2041 1.46066e-36
2042 1.21313e-36
2043 1.00744e-36
2044 8.36856e-37
2045 6.95782e-37
2046 5.79498e-37
2047 4.84175e-37
