0 1.92551e-37
1 1.49496e-37
2 1.15592e-37
3 8.96655e-38
4 7.08088e-38
5 5.83714e-38
6 5.18966e-38
7 5.11233e-38
8 5.5976e-38
9 6.65713e-38
10 8.31854e-38
11 1.06297e-37
12 1.36618e-37
13 1.75062e-37
14 2.22773e-37
15 2.81207e-37
16 3.52171e-37
17 4.37808e-37
18 5.40781e-37
19 6.64205e-37
20 8.1186e-37
21 9.88307e-37
22 1.1988e-36
23 1.44984e-36
24 1.74905e-36
25 2.10549e-36
26 2.52993e-36
27 3.03511e-36
28 3.63634e-36
29 4.35169e-36
30 5.20262e-36
31 6.21443e-36
32 7.41726e-36
33 8.84713e-36
34 1.05462e-35
35 1.25652e-35
36 1.49633e-35
37 1.7811e-35
38 2.11923e-35
39 2.52061e-35
40 2.99702e-35
41 3.56232e-35
42 4.23288e-35
43 5.02817e-35
44 5.97122e-35
45 7.08925e-35
46 8.41448e-35
47 9.98459e-35
48 1.18449e-34
49 1.40487e-34
50 1.66576e-34
51 1.97467e-34
52 2.34045e-34
53 2.77326e-34
54 3.28519e-34
55 3.8906e-34
56 4.60703e-34
57 5.45396e-34
58 6.45479e-34
59 7.63808e-34
60 9.03621e-34
61 1.06877e-33
62 1.26376e-33
63 1.49404e-33
64 1.76591e-33
65 2.0868e-33
66 2.46535e-33
67 2.91194e-33
68 3.43893e-33
69 4.06005e-33
70 4.79224e-33
71 5.65556e-33
72 6.67269e-33
73 7.8709e-33
74 9.28263e-33
75 1.09448e-32
76 1.29014e-32
77 1.52048e-32
78 1.79154e-32
79 2.1104e-32
80 2.48543e-32
81 2.92667e-32
82 3.44537e-32
83 4.05497e-32
84 4.77145e-32
85 5.61323e-32
86 6.60216e-32
87 7.76336e-32
88 9.12681e-32
89 1.07276e-31
90 1.26061e-31
91 1.48102e-31
92 1.7396e-31
93 2.04287e-31
94 2.39845e-31
95 2.81529e-31
96 3.3039e-31
97 3.87643e-31
98 4.54714e-31
99 5.33274e-31
100 6.25265e-31
101 7.32961e-31
102 8.59022e-31
103 1.00654e-30
104 1.17913e-30
105 1.38102e-30
106 1.6171e-30
107 1.89314e-30
108 2.2158e-30
109 2.59285e-30
110 3.03343e-30
111 3.54807e-30
112 4.14914e-30
113 4.851e-30
114 5.67028e-30
115 6.62639e-30
116 7.74211e-30
117 9.04369e-30
118 1.05616e-29
119 1.23318e-29
120 1.43954e-29
121 1.68006e-29
122 1.96034e-29
123 2.28684e-29
124 2.66716e-29
125 3.11005e-29
126 3.62567e-29
127 4.2258e-29
128 4.92416e-29
129 5.73674e-29
130 6.68192e-29
131 7.78097e-29
132 9.05893e-29
133 1.05443e-28
134 1.22704e-28
135 1.42761e-28
136 1.66059e-28
137 1.93116e-28
138 2.24531e-28
139 2.60999e-28
140 3.03322e-28
141 3.52426e-28
142 4.09395e-28
143 4.75461e-28
144 5.52068e-28
145 6.40873e-28
146 7.43799e-28
147 8.63063e-28
148 1.00123e-27
149 1.16126e-27
150 1.34656e-27
151 1.5611e-27
152 1.8094e-27
153 2.09673e-27
154 2.42917e-27
155 2.8137e-27
156 3.25836e-27
157 3.77247e-27
158 4.36673e-27
159 5.0535e-27
160 5.84697e-27
161 6.76355e-27
162 7.82211e-27
163 9.04435e-27
164 1.04553e-26
165 1.20837e-26
166 1.39626e-26
167 1.61301e-26
168 1.86301e-26
169 2.15127e-26
170 2.4836e-26
171 2.86663e-26
172 3.30801e-26
173 3.81651e-26
174 4.4022e-26
175 5.07667e-26
176 5.85316e-26
177 6.74695e-26
178 7.77551e-26
179 8.95887e-26
180 1.032e-25
181 1.18854e-25
182 1.36852e-25
183 1.5754e-25
184 1.81316e-25
185 2.08633e-25
186 2.40012e-25
187 2.7605e-25
188 3.17427e-25
189 3.64926e-25
190 4.19439e-25
191 4.81988e-25
192 5.5374e-25
193 6.36033e-25
194 7.30393e-25
195 8.38564e-25
196 9.62539e-25
197 1.1046e-24
198 1.26734e-24
199 1.45374e-24
200 1.66718e-24
201 1.91153e-24
202 2.19121e-24
203 2.51125e-24
204 2.8774e-24
205 3.29619e-24
206 3.77512e-24
207 4.32266e-24
208 4.94854e-24
209 5.66378e-24
210 6.48096e-24
211 7.41442e-24
212 8.48046e-24
213 9.69765e-24
214 1.10871e-23
215 1.26728e-23
216 1.44822e-23
217 1.65463e-23
218 1.89004e-23
219 2.15848e-23
220 2.4645e-23
221 2.81329e-23
222 3.21074e-23
223 3.66355e-23
224 4.1793e-23
225 4.76661e-23
226 5.43527e-23
227 6.19637e-23
228 7.06251e-23
229 8.04795e-23
230 9.16889e-23
231 1.04437e-22
232 1.18931e-22
233 1.35406e-22
234 1.54131e-22
235 1.75406e-22
236 1.99573e-22
237 2.2702e-22
238 2.58185e-22
239 2.93564e-22
240 3.33716e-22
241 3.79276e-22
242 4.3096e-22
243 4.89578e-22
244 5.56046e-22
245 6.31397e-22
246 7.16799e-22
247 8.13571e-22
248 9.23202e-22
249 1.04737e-21
250 1.18798e-21
251 1.34716e-21
252 1.52733e-21
253 1.7312e-21
254 1.96186e-21
255 2.22274e-21
256 2.51776e-21
257 2.8513e-21
258 3.2283e-21
259 3.65434e-21
260 4.13568e-21
261 4.67939e-21
262 5.2934e-21
263 5.98665e-21
264 6.76919e-21
265 7.65233e-21
266 8.64878e-21
267 9.77284e-21
268 1.10405e-20
269 1.247e-20
270 1.40814e-20
271 1.58975e-20
272 1.79439e-20
273 2.02494e-20
274 2.28461e-20
275 2.57702e-20
276 2.90621e-20
277 3.27675e-20
278 3.69373e-20
279 4.16287e-20
280 4.69057e-20
281 5.28402e-20
282 5.95126e-20
283 6.7013e-20
284 7.54423e-20
285 8.49134e-20
286 9.55528e-20
287 1.07502e-19
288 1.20919e-19
289 1.35981e-19
290 1.52885e-19
291 1.71854e-19
292 1.93133e-19
293 2.17e-19
294 2.43763e-19
295 2.73766e-19
296 3.07395e-19
297 3.45078e-19
298 3.87294e-19
299 4.34579e-19
300 4.87529e-19
301 5.46809e-19
302 6.13159e-19
303 6.87408e-19
304 7.70475e-19
305 8.63387e-19
306 9.67287e-19
307 1.08345e-18
308 1.21328e-18
309 1.35838e-18
310 1.52048e-18
311 1.70154e-18
312 1.90374e-18
313 2.12948e-18
314 2.38146e-18
315 2.66266e-18
316 2.97639e-18
317 3.32635e-18
318 3.71662e-18
319 4.15176e-18
320 4.6368e-18
321 5.17736e-18
322 5.77966e-18
323 6.45059e-18
324 7.19781e-18
325 8.02982e-18
326 8.95602e-18
327 9.98687e-18
328 1.11339e-17
329 1.241e-17
330 1.38293e-17
331 1.54076e-17
332 1.71623e-17
333 1.91127e-17
334 2.12801e-17
335 2.36881e-17
336 2.6363e-17
337 2.93336e-17
338 3.26319e-17
339 3.62933e-17
340 4.03568e-17
341 4.48656e-17
342 4.98675e-17
343 5.5415e-17
344 6.15665e-17
345 6.83862e-17
346 7.59448e-17
347 8.43208e-17
348 9.36004e-17
349 1.03879e-16
350 1.15261e-16
351 1.27862e-16
352 1.4181e-16
353 1.57246e-16
354 1.74323e-16
355 1.93213e-16
356 2.14103e-16
357 2.37198e-16
358 2.62727e-16
359 2.9094e-16
360 3.2211e-16
361 3.5654e-16
362 3.94562e-16
363 4.3654e-16
364 4.82877e-16
365 5.34011e-16
366 5.90427e-16
367 6.52656e-16
368 7.2128e-16
369 7.96939e-16
370 8.80334e-16
371 9.72235e-16
372 1.07349e-15
373 1.18501e-15
374 1.30783e-15
375 1.44304e-15
376 1.59188e-15
377 1.75566e-15
378 1.93586e-15
379 2.13407e-15
380 2.35205e-15
381 2.5917e-15
382 2.85514e-15
383 3.14464e-15
384 3.46273e-15
385 3.81215e-15
386 4.19589e-15
387 4.61724e-15
388 5.07978e-15
389 5.58744e-15
390 6.14448e-15
391 6.75558e-15
392 7.42585e-15
393 8.16086e-15
394 8.96669e-15
395 9.84998e-15
396 1.0818e-14
397 1.18785e-14
398 1.30403e-14
399 1.43127e-14
400 1.57059e-14
401 1.7231e-14
402 1.89003e-14
403 2.07269e-14
404 2.27253e-14
405 2.49111e-14
406 2.73014e-14
407 2.99148e-14
408 3.27714e-14
409 3.58932e-14
410 3.9304e-14
411 4.30299e-14
412 4.7099e-14
413 5.15418e-14
414 5.63917e-14
415 6.16846e-14
416 6.74598e-14
417 7.37597e-14
418 8.06304e-14
419 8.81218e-14
420 9.62881e-14
421 1.05188e-13
422 1.14885e-13
423 1.25448e-13
424 1.36951e-13
425 1.49476e-13
426 1.63109e-13
427 1.77945e-13
428 1.94086e-13
429 2.11642e-13
430 2.30734e-13
431 2.5149e-13
432 2.74049e-13
433 2.98563e-13
434 3.25194e-13
435 3.54117e-13
436 3.85523e-13
437 4.19617e-13
438 4.56618e-13
439 4.96767e-13
440 5.40319e-13
441 5.87552e-13
442 6.38766e-13
443 6.94282e-13
444 7.54449e-13
445 8.19641e-13
446 8.9026e-13
447 9.66743e-13
448 1.04956e-12
449 1.13921e-12
450 1.23624e-12
451 1.34123e-12
452 1.45481e-12
453 1.57767e-12
454 1.71052e-12
455 1.85416e-12
456 2.00942e-12
457 2.17722e-12
458 2.35852e-12
459 2.55438e-12
460 2.76592e-12
461 2.99435e-12
462 3.24098e-12
463 3.50719e-12
464 3.79449e-12
465 4.10448e-12
466 4.4389e-12
467 4.79959e-12
468 5.18854e-12
469 5.60788e-12
470 6.0599e-12
471 6.54704e-12
472 7.07193e-12
473 7.63736e-12
474 8.24635e-12
475 8.90211e-12
476 9.60808e-12
477 1.03679e-11
478 1.11856e-11
479 1.20653e-11
480 1.30115e-11
481 1.40291e-11
482 1.5123e-11
483 1.62988e-11
484 1.75624e-11
485 1.89198e-11
486 2.03778e-11
487 2.19433e-11
488 2.3624e-11
489 2.54277e-11
490 2.73631e-11
491 2.9439e-11
492 3.16653e-11
493 3.40521e-11
494 3.66102e-11
495 3.93513e-11
496 4.22876e-11
497 4.54322e-11
498 4.87989e-11
499 5.24024e-11
500 5.62582e-11
501 6.0383e-11
502 6.47942e-11
503 6.95104e-11
504 7.45514e-11
505 7.99381e-11
506 8.56925e-11
507 9.18382e-11
508 9.84001e-11
509 1.05404e-10
510 1.12879e-10
511 1.20854e-10
512 1.2936e-10
513 1.3843e-10
514 1.481e-10
515 1.58407e-10
516 1.6939e-10
517 1.8109e-10
518 1.93553e-10
519 2.06825e-10
520 2.20955e-10
521 2.35996e-10
522 2.52003e-10
523 2.69035e-10
524 2.87155e-10
525 3.06428e-10
526 3.26924e-10
527 3.48717e-10
528 3.71885e-10
529 3.96511e-10
530 4.22682e-10
531 4.5049e-10
532 4.80034e-10
533 5.11416e-10
534 5.44747e-10
535 5.80141e-10
536 6.17722e-10
537 6.57616e-10
538 6.99962e-10
539 7.44902e-10
540 7.92587e-10
541 8.43178e-10
542 8.96843e-10
543 9.53759e-10
544 1.01411e-09
545 1.0781e-09
546 1.14593e-09
547 1.21781e-09
548 1.29398e-09
549 1.37468e-09
550 1.46015e-09
551 1.55066e-09
552 1.64648e-09
553 1.7479e-09
554 1.85523e-09
555 1.96878e-09
556 2.08888e-09
557 2.21587e-09
558 2.3501e-09
559 2.49197e-09
560 2.64184e-09
561 2.80013e-09
562 2.96727e-09
563 3.14367e-09
564 3.32981e-09
565 3.52614e-09
566 3.73316e-09
567 3.95138e-09
568 4.18131e-09
569 4.4235e-09
570 4.67852e-09
571 4.94693e-09
572 5.22934e-09
573 5.52637e-09
574 5.83865e-09
575 6.16686e-09
576 6.51165e-09
577 6.87375e-09
578 7.25388e-09
579 7.65277e-09
580 8.07121e-09
581 8.50999e-09
582 8.96993e-09
583 9.45189e-09
584 9.95673e-09
585 1.04854e-08
586 1.10388e-08
587 1.16178e-08
588 1.22236e-08
589 1.28572e-08
590 1.35196e-08
591 1.42119e-08
592 1.49354e-08
593 1.56912e-08
594 1.64806e-08
595 1.73049e-08
596 1.81655e-08
597 1.90638e-08
598 2.00014e-08
599 2.09797e-08
600 2.20005e-08
601 2.30654e-08
602 2.41762e-08
603 2.5335e-08
604 2.65435e-08
605 2.78039e-08
606 2.91185e-08
607 3.04894e-08
608 3.19191e-08
609 3.34101e-08
610 3.49651e-08
611 3.65869e-08
612 3.82785e-08
613 4.00427e-08
614 4.1883e-08
615 4.38026e-08
616 4.58051e-08
617 4.78942e-08
618 5.00737e-08
619 5.23476e-08
620 5.47202e-08
621 5.71957e-08
622 5.97787e-08
623 6.24739e-08
624 6.52861e-08
625 6.82203e-08
626 7.12818e-08
627 7.44759e-08
628 7.7808e-08
629 8.12837e-08
630 8.49089e-08
631 8.86894e-08
632 9.26312e-08
633 9.67404e-08
634 1.01023e-07
635 1.05485e-07
636 1.10134e-07
637 1.14974e-07
638 1.20013e-07
639 1.25257e-07
640 1.30712e-07
641 1.36384e-07
642 1.42278e-07
643 1.48402e-07
644 1.5476e-07
645 1.61358e-07
646 1.68201e-07
647 1.75295e-07
648 1.82643e-07
649 1.90251e-07
650 1.98121e-07
651 2.06258e-07
652 2.14665e-07
653 2.23343e-07
654 2.32296e-07
655 2.41525e-07
656 2.5103e-07
657 2.60813e-07
658 2.70872e-07
659 2.81207e-07
660 2.91816e-07
661 3.02697e-07
662 3.13847e-07
663 3.25263e-07
664 3.3694e-07
665 3.48872e-07
666 3.61055e-07
667 3.73482e-07
668 3.86146e-07
669 3.9904e-07
670 4.12155e-07
671 4.25483e-07
672 4.39015e-07
673 4.52741e-07
674 4.66653e-07
675 4.80739e-07
676 4.9499e-07
677 5.09397e-07
678 5.23948e-07
679 5.38634e-07
680 5.53446e-07
681 5.68375e-07
682 5.83413e-07
683 5.98551e-07
684 6.13783e-07
685 6.29104e-07
686 6.44509e-07
687 6.59995e-07
688 6.75561e-07
689 6.91207e-07
690 7.06935e-07
691 7.2275e-07
692 7.38659e-07
693 7.54671e-07
694 7.70798e-07
695 7.87055e-07
696 8.03459e-07
697 8.20031e-07
698 8.36797e-07
699 8.53784e-07
700 8.71022e-07
701 8.88549e-07
702 9.06401e-07
703 9.24623e-07
704 9.43262e-07
705 9.62368e-07
706 9.81997e-07
707 1.00221e-06
708 1.02306e-06
709 1.04463e-06
710 1.06698e-06
711 1.09019e-06
712 1.11433e-06
713 1.1395e-06
714 1.16576e-06
715 1.19323e-06
716 1.22197e-06
717 1.25209e-06
718 1.28369e-06
719 1.31686e-06
720 1.3517e-06
721 1.38832e-06
722 1.4268e-06
723 1.46726e-06
724 1.50979e-06
725 1.55449e-06
726 1.60146e-06
727 1.6508e-06
728 1.70259e-06
729 1.75692e-06
730 1.81388e-06
731 1.87355e-06
732 1.936e-06
733 2.00129e-06
734 2.06948e-06
735 2.14062e-06
736 2.21477e-06
737 2.29193e-06
738 2.37215e-06
739 2.45542e-06
740 2.54175e-06
741 2.63111e-06
742 2.7235e-06
743 2.81885e-06
744 2.91712e-06
745 3.01823e-06
746 3.12209e-06
747 3.22861e-06
748 3.33766e-06
749 3.44909e-06
750 3.56277e-06
751 3.67851e-06
752 3.79613e-06
753 3.91541e-06
754 4.03613e-06
755 4.15804e-06
756 4.28089e-06
757 4.40439e-06
758 4.52824e-06
759 4.65214e-06
760 4.77575e-06
761 4.89872e-06
762 5.0207e-06
763 5.14132e-06
764 5.26018e-06
765 5.37688e-06
766 5.49103e-06
767 5.60219e-06
768 5.70995e-06
769 5.81386e-06
770 5.9135e-06
771 6.00841e-06
772 6.09816e-06
773 6.1823e-06
774 6.26039e-06
775 6.33199e-06
776 6.39668e-06
777 6.45403e-06
778 6.50364e-06
779 6.5451e-06
780 6.57803e-06
781 6.60207e-06
782 6.61688e-06
783 6.62213e-06
784 6.61752e-06
785 6.60279e-06
786 6.5777e-06
787 6.54205e-06
788 6.49565e-06
789 6.43838e-06
790 6.37013e-06
791 6.29087e-06
792 6.20057e-06
793 6.09928e-06
794 5.98708e-06
795 5.86411e-06
796 5.73056e-06
797 5.58666e-06
798 5.43272e-06
799 5.26909e-06
800 5.09619e-06
801 4.9145e-06
802 4.72453e-06
803 4.52691e-06
804 4.32228e-06
805 4.11136e-06
806 3.89496e-06
807 3.67393e-06
808 3.44917e-06
809 3.22168e-06
810 2.9925e-06
811 2.76274e-06
812 2.53358e-06
813 2.30627e-06
814 2.08209e-06
815 1.86241e-06
816 1.64866e-06
817 1.4423e-06
818 1.24489e-06
819 1.058e-06
820 8.83292e-07
821 7.22449e-07
822 5.77221e-07
823 4.49396e-07
824 3.4081e-07
825 2.53339e-07
826 1.88898e-07
827 1.49438e-07
828 1.36942e-07
829 1.53426e-07
830 2.0093e-07
831 2.81519e-07
832 3.97282e-07
833 5.50322e-07
834 7.42759e-07
835 9.76726e-07
836 1.25436e-06
837 1.57781e-06
838 1.94923e-06
839 2.37075e-06
840 2.84454e-06
841 3.37272e-06
842 3.95743e-06
843 4.60079e-06
844 5.30491e-06
845 6.07187e-06
846 6.90375e-06
847 7.8026e-06
848 8.77046e-06
849 9.80932e-06
850 1.09212e-05
851 1.2108e-05
852 1.33717e-05
853 1.47142e-05
854 1.61373e-05
855 1.7643e-05
856 1.9233e-05
857 2.09091e-05
858 2.26731e-05
859 2.45267e-05
860 2.64717e-05
861 2.85096e-05
862 3.06423e-05
863 3.28713e-05
864 3.51982e-05
865 3.76248e-05
866 4.01524e-05
867 4.27829e-05
868 4.55176e-05
869 4.83583e-05
870 5.13064e-05
871 5.43635e-05
872 5.75314e-05
873 6.08114e-05
874 6.42053e-05
875 6.77147e-05
876 7.13412e-05
877 7.50866e-05
878 7.89526e-05
879 8.2941e-05
880 8.70536e-05
881 9.12922e-05
882 9.56589e-05
883 0.000100156
884 0.000104785
885 0.000109548
886 0.000114448
887 0.000119486
888 0.000124667
889 0.000129991
890 0.000135461
891 0.000141082
892 0.000146854
893 0.000152782
894 0.000158868
895 0.000165117
896 0.000171531
897 0.000178114
898 0.00018487
899 0.000191804
900 0.000198918
901 0.000206218
902 0.000213708
903 0.000221393
904 0.000229278
905 0.000237368
906 0.000245668
907 0.000254184
908 0.000262923
909 0.000271889
910 0.00028109
911 0.000290532
912 0.000300221
913 0.000310165
914 0.00032037
915 0.000330846
916 0.000341598
917 0.000352636
918 0.000363967
919 0.000375601
920 0.000387546
921 0.00039981
922 0.000412404
923 0.000425338
924 0.00043862
925 0.000452261
926 0.000466272
927 0.000480663
928 0.000495445
929 0.00051063
930 0.000526229
931 0.000542253
932 0.000558715
933 0.000575627
934 0.000593001
935 0.00061085
936 0.000629188
937 0.000648026
938 0.00066738
939 0.000687263
940 0.000707687
941 0.000728669
942 0.000750222
943 0.00077236
944 0.000795099
945 0.000818454
946 0.000842439
947 0.00086707
948 0.000892363
949 0.000918333
950 0.000944997
951 0.00097237
952 0.00100047
953 0.00102931
954 0.00105891
955 0.00108928
956 0.00112045
957 0.00115242
958 0.00118522
959 0.00121886
960 0.00125336
961 0.00128874
962 0.00132501
963 0.00136219
964 0.0014003
965 0.00143936
966 0.00147938
967 0.00152038
968 0.00156237
969 0.00160538
970 0.00164942
971 0.00169451
972 0.00174066
973 0.0017879
974 0.00183623
975 0.00188568
976 0.00193627
977 0.001988
978 0.00204089
979 0.00209497
980 0.00215024
981 0.00220673
982 0.00226444
983 0.0023234
984 0.00238361
985 0.0024451
986 0.00250787
987 0.00257195
988 0.00263734
989 0.00270406
990 0.00277212
991 0.00284153
992 0.00291231
993 0.00298447
994 0.00305802
995 0.00313297
996 0.00320933
997 0.00328711
998 0.00336633
999 0.00344698
1000 0.00352909
1001 0.00361265
1002 0.00369768
1003 0.00378418
1004 0.00387216
1005 0.00396162
1006 0.00405257
1007 0.00414502
1008 0.00423896
1009 0.00433441
1010 0.00443136
1011 0.00452982
1012 0.00462978
1013 0.00473125
1014 0.00483423
1015 0.00493871
1016 0.0050447
1017 0.00515218
1018 0.00526117
1019 0.00537165
1020 0.00548361
1021 0.00559706
1022 0.00571199
1023 0.00582838
1024 0.00594623
1025 0.00606552
1026 0.00618626
1027 0.00630842
1028 0.006432
1029 0.00655698
1030 0.00668335
1031 0.00681108
1032 0.00694018
1033 0.00707061
1034 0.00720236
1035 0.00733541
1036 0.00746974
1037 0.00760533
1038 0.00774216
1039 0.0078802
1040 0.00801942
1041 0.00815982
1042 0.00830134
1043 0.00844398
1044 0.0085877
1045 0.00873247
1046 0.00887827
1047 0.00902505
1048 0.00917278
1049 0.00932145
1050 0.00947099
1051 0.0096214
1052 0.00977261
1053 0.00992461
1054 0.0100773
1055 0.0102308
1056 0.0103849
1057 0.0105396
1058 0.0106949
1059 0.0108507
1060 0.011007
1061 0.0111637
1062 0.0113209
1063 0.0114784
1064 0.0116362
1065 0.0117942
1066 0.0119524
1067 0.0121108
1068 0.0122693
1069 0.0124279
1070 0.0125864
1071 0.0127449
1072 0.0129033
1073 0.0130615
1074 0.0132194
1075 0.0133771
1076 0.0135345
1077 0.0136915
1078 0.013848
1079 0.014004
1080 0.0141595
1081 0.0143143
1082 0.0144684
1083 0.0146218
1084 0.0147744
1085 0.0149261
1086 0.0150769
1087 0.0152268
1088 0.0153755
1089 0.0155232
1090 0.0156697
1091 0.0158149
1092 0.0159589
1093 0.0161016
1094 0.0162428
1095 0.0163825
1096 0.0165207
1097 0.0166573
1098 0.0167923
1099 0.0169255
1100 0.017057
1101 0.0171867
1102 0.0173144
1103 0.0174402
1104 0.017564
1105 0.0176857
1106 0.0178053
1107 0.0179228
1108 0.018038
1109 0.0181509
1110 0.0182615
1111 0.0183696
1112 0.0184754
1113 0.0185786
1114 0.0186793
1115 0.0187774
1116 0.0188729
1117 0.0189656
1118 0.0190557
1119 0.0191429
1120 0.0192273
1121 0.0193089
1122 0.0193875
1123 0.0194632
1124 0.0195359
1125 0.0196055
1126 0.0196721
1127 0.0197356
1128 0.019796
1129 0.0198532
1130 0.0199072
1131 0.019958
1132 0.0200056
1133 0.0200498
1134 0.0200908
1135 0.0201284
1136 0.0201627
1137 0.0201936
1138 0.0202212
1139 0.0202454
1140 0.0202661
1141 0.0202834
1142 0.0202973
1143 0.0203077
1144 0.0203147
1145 0.0203182
1146 0.0203183
1147 0.0203149
1148 0.0203081
1149 0.0202977
1150 0.020284
1151 0.0202667
1152 0.020246
1153 0.0202219
1154 0.0201943
1155 0.0201634
1156 0.020129
1157 0.0200912
1158 0.0200501
1159 0.0200056
1160 0.0199578
1161 0.0199066
1162 0.0198522
1163 0.0197945
1164 0.0197336
1165 0.0196695
1166 0.0196022
1167 0.0195317
1168 0.0194582
1169 0.0193815
1170 0.0193018
1171 0.0192192
1172 0.0191335
1173 0.019045
1174 0.0189535
1175 0.0188592
1176 0.0187622
1177 0.0186623
1178 0.0185598
1179 0.0184546
1180 0.0183468
1181 0.0182365
1182 0.0181236
1183 0.0180084
1184 0.0178907
1185 0.0177706
1186 0.0176483
1187 0.0175238
1188 0.017397
1189 0.0172682
1190 0.0171373
1191 0.0170044
1192 0.0168696
1193 0.0167328
1194 0.0165943
1195 0.016454
1196 0.016312
1197 0.0161684
1198 0.0160232
1199 0.0158765
1200 0.0157284
1201 0.0155788
1202 0.015428
1203 0.0152759
1204 0.0151226
1205 0.0149682
1206 0.0148127
1207 0.0146562
1208 0.0144988
1209 0.0143406
1210 0.0141815
1211 0.0140217
1212 0.0138612
1213 0.0137
1214 0.0135384
1215 0.0133762
1216 0.0132136
1217 0.0130506
1218 0.0128874
1219 0.0127238
1220 0.0125601
1221 0.0123963
1222 0.0122324
1223 0.0120685
1224 0.0119046
1225 0.0117408
1226 0.0115772
1227 0.0114138
1228 0.0112506
1229 0.0110878
1230 0.0109254
1231 0.0107634
1232 0.0106018
1233 0.0104408
1234 0.0102804
1235 0.0101205
1236 0.00996137
1237 0.00980293
1238 0.00964524
1239 0.00948836
1240 0.00933233
1241 0.00917718
1242 0.00902295
1243 0.0088697
1244 0.00871745
1245 0.00856624
1246 0.00841611
1247 0.00826709
1248 0.00811921
1249 0.00797252
1250 0.00782704
1251 0.00768279
1252 0.00753982
1253 0.00739814
1254 0.00725779
1255 0.00711879
1256 0.00698116
1257 0.00684492
1258 0.00671011
1259 0.00657673
1260 0.00644481
1261 0.00631437
1262 0.00618543
1263 0.00605799
1264 0.00593208
1265 0.00580771
1266 0.0056849
1267 0.00556365
1268 0.00544397
1269 0.00532588
1270 0.00520938
1271 0.00509449
1272 0.0049812
1273 0.00486952
1274 0.00475946
1275 0.00465103
1276 0.00454422
1277 0.00443903
1278 0.00433547
1279 0.00423354
1280 0.00413323
1281 0.00403455
1282 0.00393748
1283 0.00384204
1284 0.0037482
1285 0.00365598
1286 0.00356536
1287 0.00347633
1288 0.0033889
1289 0.00330304
1290 0.00321876
1291 0.00313604
1292 0.00305487
1293 0.00297524
1294 0.00289715
1295 0.00282058
1296 0.00274552
1297 0.00267195
1298 0.00259986
1299 0.00252925
1300 0.00246009
1301 0.00239237
1302 0.00232607
1303 0.00226119
1304 0.00219771
1305 0.0021356
1306 0.00207486
1307 0.00201546
1308 0.0019574
1309 0.00190065
1310 0.00184519
1311 0.00179102
1312 0.0017381
1313 0.00168643
1314 0.00163599
1315 0.00158675
1316 0.00153871
1317 0.00149184
1318 0.00144611
1319 0.00140153
1320 0.00135806
1321 0.00131569
1322 0.0012744
1323 0.00123417
1324 0.00119498
1325 0.00115681
1326 0.00111965
1327 0.00108348
1328 0.00104827
1329 0.00101402
1330 0.000980693
1331 0.000948283
1332 0.000916769
1333 0.000886131
1334 0.000856353
1335 0.000827417
1336 0.000799305
1337 0.000771999
1338 0.000745483
1339 0.000719739
1340 0.00069475
1341 0.000670499
1342 0.00064697
1343 0.000624145
1344 0.00060201
1345 0.000580547
1346 0.000559742
1347 0.000539577
1348 0.000520038
1349 0.000501109
1350 0.000482775
1351 0.000465022
1352 0.000447835
1353 0.000431199
1354 0.0004151
1355 0.000399525
1356 0.000384459
1357 0.000369889
1358 0.000355801
1359 0.000342184
1360 0.000329023
1361 0.000316307
1362 0.000304023
1363 0.000292159
1364 0.000280703
1365 0.000269643
1366 0.000258968
1367 0.000248667
1368 0.000238729
1369 0.000229144
1370 0.0002199
1371 0.000210987
1372 0.000202396
1373 0.000194117
1374 0.00018614
1375 0.000178455
1376 0.000171054
1377 0.000163928
1378 0.000157068
1379 0.000150465
1380 0.000144112
1381 0.000138
1382 0.00013212
1383 0.000126467
1384 0.000121031
1385 0.000115807
1386 0.000110785
1387 0.000105961
1388 0.000101327
1389 9.68765e-05
1390 9.26031e-05
1391 8.85008e-05
1392 8.45635e-05
1393 8.07854e-05
1394 7.71609e-05
1395 7.36844e-05
1396 7.03507e-05
1397 6.71545e-05
1398 6.40908e-05
1399 6.11549e-05
1400 5.83418e-05
1401 5.56472e-05
1402 5.30665e-05
1403 5.05955e-05
1404 4.823e-05
1405 4.5966e-05
1406 4.37996e-05
1407 4.1727e-05
1408 3.97447e-05
1409 3.7849e-05
1410 3.60365e-05
1411 3.43041e-05
1412 3.26484e-05
1413 3.10665e-05
1414 2.95554e-05
1415 2.81122e-05
1416 2.67341e-05
1417 2.54186e-05
1418 2.4163e-05
1419 2.29648e-05
1420 2.18217e-05
1421 2.07313e-05
1422 1.96916e-05
1423 1.87002e-05
1424 1.77552e-05
1425 1.68546e-05
1426 1.59965e-05
1427 1.5179e-05
1428 1.44005e-05
1429 1.36591e-05
1430 1.29533e-05
1431 1.22816e-05
1432 1.16423e-05
1433 1.10341e-05
1434 1.04556e-05
1435 9.90538e-06
1436 9.38227e-06
1437 8.885e-06
1438 8.41239e-06
1439 7.96332e-06
1440 7.53671e-06
1441 7.13152e-06
1442 6.74676e-06
1443 6.38147e-06
1444 6.03474e-06
1445 5.7057e-06
1446 5.39351e-06
1447 5.09737e-06
1448 4.81653e-06
1449 4.55024e-06
1450 4.2978e-06
1451 4.05854e-06
1452 3.83183e-06
1453 3.61706e-06
1454 3.41363e-06
1455 3.22099e-06
1456 3.0386e-06
1457 2.86597e-06
1458 2.70259e-06
1459 2.54801e-06
1460 2.40178e-06
1461 2.26349e-06
1462 2.13273e-06
1463 2.00911e-06
1464 1.89228e-06
1465 1.78187e-06
1466 1.67757e-06
1467 1.57906e-06
1468 1.48602e-06
1469 1.39819e-06
1470 1.31527e-06
1471 1.23703e-06
1472 1.1632e-06
1473 1.09355e-06
1474 1.02787e-06
1475 9.65935e-07
1476 9.07547e-07
1477 8.52516e-07
1478 8.00658e-07
1479 7.51802e-07
1480 7.05783e-07
1481 6.62446e-07
1482 6.21644e-07
1483 5.83236e-07
1484 5.47089e-07
1485 5.13079e-07
1486 4.81084e-07
1487 4.50993e-07
1488 4.22697e-07
1489 3.96097e-07
1490 3.71094e-07
1491 3.47599e-07
1492 3.25525e-07
1493 3.04791e-07
1494 2.85319e-07
1495 2.67036e-07
1496 2.49874e-07
1497 2.33767e-07
1498 2.18654e-07
1499 2.04476e-07
1500 1.91178e-07
1501 1.78709e-07
1502 1.67019e-07
1503 1.56061e-07
1504 1.45793e-07
1505 1.36172e-07
1506 1.2716e-07
1507 1.1872e-07
1508 1.10818e-07
1509 1.0342e-07
1510 9.64969e-08
1511 9.00184e-08
1512 8.39577e-08
1513 7.82889e-08
1514 7.29878e-08
1515 6.80318e-08
1516 6.33992e-08
1517 5.907e-08
1518 5.5025e-08
1519 5.12465e-08
1520 4.77176e-08
1521 4.44226e-08
1522 4.13466e-08
1523 3.84757e-08
1524 3.57967e-08
1525 3.32974e-08
1526 3.09662e-08
1527 2.87923e-08
1528 2.67655e-08
1529 2.48762e-08
1530 2.31155e-08
1531 2.1475e-08
1532 1.99468e-08
1533 1.85235e-08
1534 1.71982e-08
1535 1.59644e-08
1536 1.48161e-08
1537 1.37475e-08
1538 1.27534e-08
1539 1.18287e-08
1540 1.09687e-08
1541 1.01692e-08
1542 9.42604e-09
1543 8.73536e-09
1544 8.0936e-09
1545 7.49745e-09
1546 6.94376e-09
1547 6.42963e-09
1548 5.95233e-09
1549 5.50932e-09
1550 5.09823e-09
1551 4.71683e-09
1552 4.36306e-09
1553 4.03499e-09
1554 3.73081e-09
1555 3.44885e-09
1556 3.18753e-09
1557 2.94541e-09
1558 2.72111e-09
1559 2.51337e-09
1560 2.321e-09
1561 2.14292e-09
1562 1.97809e-09
1563 1.82556e-09
1564 1.68444e-09
1565 1.5539e-09
1566 1.43318e-09
1567 1.32157e-09
1568 1.2184e-09
1569 1.12304e-09
1570 1.03494e-09
1571 9.53547e-10
1572 8.78374e-10
1573 8.08958e-10
1574 7.44874e-10
1575 6.85723e-10
1576 6.31138e-10
1577 5.80777e-10
1578 5.34323e-10
1579 4.91483e-10
1580 4.51983e-10
1581 4.15571e-10
1582 3.82013e-10
1583 3.51091e-10
1584 3.22605e-10
1585 2.96369e-10
1586 2.72209e-10
1587 2.49967e-10
1588 2.29494e-10
1589 2.10654e-10
1590 1.9332e-10
1591 1.77376e-10
1592 1.62712e-10
1593 1.4923e-10
1594 1.36836e-10
1595 1.25445e-10
1596 1.14978e-10
1597 1.05363e-10
1598 9.65313e-11
1599 8.84215e-11
1600 8.09761e-11
1601 7.4142e-11
1602 6.78705e-11
1603 6.21165e-11
1604 5.68384e-11
1605 5.19979e-11
1606 4.75596e-11
1607 4.3491e-11
1608 3.97622e-11
1609 3.63454e-11
1610 3.32152e-11
1611 3.03483e-11
1612 2.7723e-11
1613 2.53195e-11
1614 2.31195e-11
1615 2.11062e-11
1616 1.92642e-11
1617 1.75793e-11
1618 1.60383e-11
1619 1.46294e-11
1620 1.33414e-11
1621 1.21643e-11
1622 1.10887e-11
1623 1.01061e-11
1624 9.20858e-12
1625 8.38904e-12
1626 7.64082e-12
1627 6.95788e-12
1628 6.33465e-12
1629 5.76603e-12
1630 5.24734e-12
1631 4.77431e-12
1632 4.34301e-12
1633 3.94984e-12
1634 3.59151e-12
1635 3.265e-12
1636 2.96754e-12
1637 2.69662e-12
1638 2.44992e-12
1639 2.22532e-12
1640 2.02088e-12
1641 1.83484e-12
1642 1.66557e-12
1643 1.5116e-12
1644 1.37158e-12
1645 1.24426e-12
1646 1.12852e-12
1647 1.02334e-12
1648 9.27758e-13
1649 8.40929e-13
1650 7.62066e-13
1651 6.90453e-13
1652 6.25437e-13
1653 5.66424e-13
1654 5.12871e-13
1655 4.64283e-13
1656 4.20209e-13
1657 3.80239e-13
1658 3.43998e-13
1659 3.11146e-13
1660 2.81371e-13
1661 2.54392e-13
1662 2.29951e-13
1663 2.07814e-13
1664 1.87769e-13
1665 1.69621e-13
1666 1.53195e-13
1667 1.3833e-13
1668 1.24881e-13
1669 1.12716e-13
1670 1.01714e-13
1671 9.17668e-14
1672 8.27747e-14
1673 7.46479e-14
1674 6.73048e-14
1675 6.06711e-14
1676 5.46797e-14
1677 4.92695e-14
1678 4.43852e-14
1679 3.99766e-14
1680 3.59982e-14
1681 3.24089e-14
1682 2.91713e-14
1683 2.62515e-14
1684 2.3619e-14
1685 2.1246e-14
1686 1.91073e-14
1687 1.71802e-14
1688 1.54443e-14
1689 1.38808e-14
1690 1.24729e-14
1691 1.12054e-14
1692 1.00646e-14
1693 9.03807e-15
1694 8.11448e-15
1695 7.28372e-15
1696 6.53662e-15
1697 5.86491e-15
1698 5.26111e-15
1699 4.71847e-15
1700 4.2309e-15
1701 3.7929e-15
1702 3.39952e-15
1703 3.0463e-15
1704 2.7292e-15
1705 2.44458e-15
1706 2.18918e-15
1707 1.96005e-15
1708 1.75452e-15
1709 1.57022e-15
1710 1.40497e-15
1711 1.25685e-15
1712 1.1241e-15
1713 1.00516e-15
1714 8.98615e-16
1715 8.03192e-16
1716 7.17748e-16
1717 6.41258e-16
1718 5.72797e-16
1719 5.11536e-16
1720 4.56729e-16
1721 4.07708e-16
1722 3.6387e-16
1723 3.24677e-16
1724 2.89643e-16
1725 2.58335e-16
1726 2.30362e-16
1727 2.05374e-16
1728 1.83057e-16
1729 1.6313e-16
1730 1.45342e-16
1731 1.29466e-16
1732 1.15299e-16
1733 1.0266e-16
1734 9.13878e-17
1735 8.13355e-17
1736 7.23735e-17
1737 6.43853e-17
1738 5.72664e-17
1739 5.09238e-17
1740 4.5274e-17
1741 4.02425e-17
1742 3.57624e-17
1743 3.17743e-17
1744 2.82249e-17
1745 2.50667e-17
1746 2.22571e-17
1747 1.97581e-17
1748 1.7536e-17
1749 1.55605e-17
1750 1.38045e-17
1751 1.22441e-17
1752 1.08578e-17
1753 9.62636e-18
1754 8.53276e-18
1755 7.56178e-18
1756 6.69986e-18
1757 5.93491e-18
1758 5.25618e-18
1759 4.65407e-18
1760 4.12005e-18
1761 3.64652e-18
1762 3.22673e-18
1763 2.85465e-18
1764 2.52494e-18
1765 2.23283e-18
1766 1.97409e-18
1767 1.74496e-18
1768 1.54209e-18
1769 1.36252e-18
1770 1.2036e-18
1771 1.06299e-18
1772 9.38601e-19
1773 8.28592e-19
1774 7.3132e-19
1775 6.45329e-19
1776 5.69326e-19
1777 5.02167e-19
1778 4.42835e-19
1779 3.9043e-19
1780 3.44152e-19
1781 3.03295e-19
1782 2.6723e-19
1783 2.35404e-19
1784 2.07323e-19
1785 1.82553e-19
1786 1.60707e-19
1787 1.41446e-19
1788 1.24466e-19
1789 1.09501e-19
1790 9.63148e-20
1791 8.46982e-20
1792 7.44666e-20
1793 6.54569e-20
1794 5.75249e-20
1795 5.05432e-20
1796 4.43994e-20
1797 3.89939e-20
1798 3.42392e-20
1799 3.00578e-20
1800 2.63813e-20
1801 2.31496e-20
1802 2.03093e-20
1803 1.78137e-20
1804 1.56214e-20
1805 1.3696e-20
1806 1.20053e-20
1807 1.0521e-20
1808 9.21825e-21
1809 8.07507e-21
1810 7.07214e-21
1811 6.19244e-21
1812 5.421e-21
1813 4.74464e-21
1814 4.15177e-21
1815 3.6322e-21
1816 3.17697e-21
1817 2.77819e-21
1818 2.42895e-21
1819 2.12315e-21
1820 1.85545e-21
1821 1.62115e-21
1822 1.41614e-21
1823 1.23678e-21
1824 1.07991e-21
1825 9.4273e-22
1826 8.22799e-22
1827 7.17971e-22
1828 6.26363e-22
1829 5.46325e-22
1830 4.76413e-22
1831 4.15357e-22
1832 3.62048e-22
1833 3.15512e-22
1834 2.74899e-22
1835 2.39462e-22
1836 2.08547e-22
1837 1.81585e-22
1838 1.58074e-22
1839 1.37578e-22
1840 1.19713e-22
1841 1.04146e-22
1842 9.05834e-23
1843 7.877e-23
1844 6.84824e-23
1845 5.95255e-23
1846 5.17289e-23
1847 4.49438e-23
1848 3.90402e-23
1849 3.39047e-23
1850 2.94384e-23
1851 2.55549e-23
1852 2.21789e-23
1853 1.92448e-23
1854 1.66952e-23
1855 1.44802e-23
1856 1.25564e-23
1857 1.08858e-23
1858 9.43545e-24
1859 8.17656e-24
1860 7.08409e-24
1861 6.13626e-24
1862 5.3141e-24
1863 4.60109e-24
1864 3.98289e-24
1865 3.447e-24
1866 2.98257e-24
1867 2.58015e-24
1868 2.23154e-24
1869 1.92962e-24
1870 1.66819e-24
1871 1.44186e-24
1872 1.24597e-24
1873 1.07646e-24
1874 9.29806e-25
1875 8.0296e-25
1876 6.93267e-25
1877 5.98431e-25
1878 5.16455e-25
1879 4.45612e-25
1880 3.84404e-25
1881 3.31531e-25
1882 2.85868e-25
1883 2.46441e-25
1884 2.12406e-25
1885 1.83031e-25
1886 1.57685e-25
1887 1.35819e-25
1888 1.1696e-25
1889 1.00697e-25
1890 8.66774e-26
1891 7.45931e-26
1892 6.41796e-26
1893 5.52079e-26
1894 4.74801e-26
1895 4.08251e-26
1896 3.50952e-26
1897 3.01629e-26
1898 2.59183e-26
1899 2.22661e-26
1900 1.91243e-26
1901 1.64223e-26
1902 1.4099e-26
1903 1.21017e-26
1904 1.03852e-26
1905 8.91011e-27
1906 7.64291e-27
1907 6.5545e-27
1908 5.61987e-27
1909 4.81746e-27
1910 4.12871e-27
1911 3.53768e-27
1912 3.03058e-27
1913 2.59561e-27
1914 2.22258e-27
1915 1.90275e-27
1916 1.62859e-27
1917 1.39362e-27
1918 1.1923e-27
1919 1.01984e-27
1920 8.72129e-28
1921 7.45652e-28
1922 6.37379e-28
1923 5.44708e-28
1924 4.6541e-28
1925 3.97569e-28
1926 3.39543e-28
1927 2.89922e-28
1928 2.475e-28
1929 2.11238e-28
1930 1.80249e-28
1931 1.53774e-28
1932 1.31159e-28
1933 1.11844e-28
1934 9.53542e-29
1935 8.12772e-29
1936 6.9263e-29
1937 5.9012e-29
1938 5.02673e-29
1939 4.28089e-29
1940 3.64493e-29
1941 3.10278e-29
1942 2.64067e-29
1943 2.24691e-29
1944 1.91143e-29
1945 1.62569e-29
1946 1.38237e-29
1947 1.17521e-29
1948 9.9887e-30
1949 8.48804e-30
1950 7.21131e-30
1951 6.12526e-30
1952 5.2016e-30
1953 4.41632e-30
1954 3.74873e-30
1955 3.18135e-30
1956 2.69929e-30
1957 2.28975e-30
1958 1.94192e-30
1959 1.64657e-30
1960 1.39584e-30
1961 1.18302e-30
1962 1.00244e-30
1963 8.49228e-31
1964 7.19279e-31
1965 6.09084e-31
1966 5.15653e-31
1967 4.36462e-31
1968 3.69352e-31
1969 3.12489e-31
1970 2.64324e-31
1971 2.23534e-31
1972 1.88996e-31
1973 1.5976e-31
1974 1.35017e-31
1975 1.14081e-31
1976 9.63702e-32
1977 8.13911e-32
1978 6.87253e-32
1979 5.80177e-32
1980 4.89676e-32
1981 4.132e-32
1982 3.4859e-32
1983 2.94022e-32
1984 2.47939e-32
1985 2.09033e-32
1986 1.76194e-32
1987 1.48482e-32
1988 1.251e-32
1989 1.05376e-32
1990 8.87432e-33
1991 7.47199e-33
1992 6.28976e-33
1993 5.29343e-33
1994 4.45404e-33
1995 3.74689e-33
1996 3.15128e-33
1997 2.64976e-33
1998 2.22756e-33
1999 1.87225e-33
2000 1.57325e-33
2001 1.32171e-33
2002 1.11014e-33
2003 9.32217e-34
2004 7.8264e-34
2005 6.56924e-34
2006 5.51273e-34
2007 4.62506e-34
2008 3.87942e-34
2009 3.25326e-34
2010 2.72753e-34
2011 2.28625e-34
2012 1.91593e-34
2013 1.60517e-34
2014 1.34449e-34
2015 1.12587e-34
2016 9.42551e-35
2017 7.88876e-35
2018 6.60075e-35
2019 5.52167e-35
2020 4.61759e-35
2021 3.8603e-35
2022 3.22622e-35
2023 2.69533e-35
2024 2.25102e-35
2025 1.87922e-35
2026 1.56813e-35
2027 1.30791e-35
2028 1.09032e-35
2029 9.08392e-36
2030 7.56334e-36
2031 6.29264e-36
2032 5.23091e-36
2033 4.34417e-36
2034 3.60368e-36
2035 2.98558e-36
2036 2.46973e-36
2037 2.03939e-36
2038 1.68054e-36
2039 1.38147e-36
2040 1.13236e-36
2041 9.25003e-37
2042 7.52638e-37
2043 6.0952e-37
2044 4.90934e-37
2045 3.9293e-37
2046 3.12253e-37
2047 2.46208e-37
