0 1.71577e-40
1 1.5024e-40
2 1.33897e-40
3 1.21921e-40
4 1.13842e-40
5 1.0933e-40
6 1.08202e-40
7 1.10411e-40
8 1.16009e-40
9 1.2518e-40
10 1.38239e-40
11 1.55655e-40
12 1.78041e-40
13 2.06176e-40
14 2.41068e-40
15 2.8394e-40
16 3.36323e-40
17 4.00098e-40
18 4.77452e-40
19 5.71116e-40
20 6.84433e-40
21 8.21352e-40
22 9.86624e-40
23 1.18598e-39
24 1.42647e-39
25 1.71646e-39
26 2.06584e-39
27 2.48659e-39
28 2.99357e-39
29 3.6042e-39
30 4.3389e-39
31 5.22303e-39
32 6.28691e-39
33 7.567e-39
34 9.1062e-39
35 1.09562e-38
36 1.31806e-38
37 1.58545e-38
38 1.90671e-38
39 2.29251e-38
40 2.75571e-38
41 3.31203e-38
42 3.98015e-38
43 4.78174e-38
44 5.74311e-38
45 6.8967e-38
46 8.28083e-38
47 9.93982e-38
48 1.19276e-37
49 1.43109e-37
50 1.71675e-37
51 2.05889e-37
52 2.46853e-37
53 2.95904e-37
54 3.54646e-37
55 4.24942e-37
56 5.09025e-37
57 6.09636e-37
58 7.29998e-37
59 8.73873e-37
60 1.04584e-36
61 1.25141e-36
62 1.4971e-36
63 1.79054e-36
64 2.14098e-36
65 2.55949e-36
66 3.05907e-36
67 3.65533e-36
68 4.36685e-36
69 5.21561e-36
70 6.22793e-36
71 7.43506e-36
72 8.87414e-36
73 1.05893e-35
74 1.26331e-35
75 1.50679e-35
76 1.79678e-35
77 2.1421e-35
78 2.55322e-35
79 3.04254e-35
80 3.62479e-35
81 4.31748e-35
82 5.14142e-35
83 6.12115e-35
84 7.28595e-35
85 8.67052e-35
86 1.03158e-34
87 1.22705e-34
88 1.45921e-34
89 1.73494e-34
90 2.06232e-34
91 2.45087e-34
92 2.91198e-34
93 3.45905e-34
94 4.10802e-34
95 4.87761e-34
96 5.79005e-34
97 6.87175e-34
98 8.15366e-34
99 9.67245e-34
100 1.14716e-33
101 1.36023e-33
102 1.61251e-33
103 1.91117e-33
104 2.26463e-33
105 2.68283e-33
106 3.17754e-33
107 3.76266e-33
108 4.45449e-33
109 5.27233e-33
110 6.23896e-33
111 7.38108e-33
112 8.73023e-33
113 1.03237e-32
114 1.22054e-32
115 1.44268e-32
116 1.70483e-32
117 2.01417e-32
118 2.37911e-32
119 2.80951e-32
120 3.31701e-32
121 3.91531e-32
122 4.62048e-32
123 5.45143e-32
124 6.4303e-32
125 7.5832e-32
126 8.94082e-32
127 1.0539e-31
128 1.242e-31
129 1.46335e-31
130 1.72376e-31
131 2.03003e-31
132 2.39018e-31
133 2.81358e-31
134 3.31123e-31
135 3.89602e-31
136 4.58304e-31
137 5.38999e-31
138 6.33757e-31
139 7.45005e-31
140 8.75586e-31
141 1.02882e-30
142 1.20859e-30
143 1.41946e-30
144 1.66675e-30
145 1.95668e-30
146 2.29652e-30
147 2.69478e-30
148 3.16139e-30
149 3.70796e-30
150 4.34806e-30
151 5.0975e-30
152 5.9748e-30
153 7.00152e-30
154 8.20278e-30
155 9.60803e-30
156 1.12515e-29
157 1.31731e-29
158 1.54195e-29
159 1.80449e-29
160 2.11125e-29
161 2.46961e-29
162 2.88815e-29
163 3.37687e-29
164 3.94739e-29
165 4.61325e-29
166 5.39023e-29
167 6.29662e-29
168 7.3538e-29
169 8.58655e-29
170 1.00236e-28
171 1.16986e-28
172 1.36504e-28
173 1.59241e-28
174 1.85724e-28
175 2.16562e-28
176 2.52462e-28
177 2.94248e-28
178 3.42871e-28
179 3.99437e-28
180 4.65229e-28
181 5.41734e-28
182 6.30676e-28
183 7.34054e-28
184 8.54179e-28
185 9.93736e-28
186 1.15583e-27
187 1.34406e-27
188 1.56258e-27
189 1.81622e-27
190 2.11054e-27
191 2.45201e-27
192 2.84806e-27
193 3.30734e-27
194 3.83982e-27
195 4.45699e-27
196 5.1722e-27
197 6.00082e-27
198 6.96061e-27
199 8.07208e-27
200 9.35893e-27
201 1.08485e-26
202 1.25723e-26
203 1.45667e-26
204 1.68737e-26
205 1.95417e-26
206 2.26264e-26
207 2.61923e-26
208 3.03133e-26
209 3.50748e-26
210 4.05752e-26
211 4.69277e-26
212 5.42626e-26
213 6.273e-26
214 7.25024e-26
215 8.37785e-26
216 9.67867e-26
217 1.1179e-25
218 1.29089e-25
219 1.49033e-25
220 1.72019e-25
221 1.98506e-25
222 2.2902e-25
223 2.64165e-25
224 3.04636e-25
225 3.51227e-25
226 4.04852e-25
227 4.66559e-25
228 5.37551e-25
229 6.19204e-25
230 7.13098e-25
231 8.21044e-25
232 9.45116e-25
233 1.08769e-24
234 1.25148e-24
235 1.43962e-24
236 1.65565e-24
237 1.90367e-24
238 2.18835e-24
239 2.51502e-24
240 2.88979e-24
241 3.31964e-24
242 3.81256e-24
243 4.37767e-24
244 5.02538e-24
245 5.76761e-24
246 6.61795e-24
247 7.59191e-24
248 8.70721e-24
249 9.98408e-24
250 1.14456e-23
251 1.3118e-23
252 1.50314e-23
253 1.72199e-23
254 1.97226e-23
255 2.25839e-23
256 2.58544e-23
257 2.95918e-23
258 3.38618e-23
259 3.87393e-23
260 4.43092e-23
261 5.06687e-23
262 5.79278e-23
263 6.6212e-23
264 7.5664e-23
265 8.64459e-23
266 9.87421e-23
267 1.12762e-22
268 1.28744e-22
269 1.46958e-22
270 1.67712e-22
271 1.91354e-22
272 2.18281e-22
273 2.4894e-22
274 2.83844e-22
275 3.23568e-22
276 3.68771e-22
277 4.20194e-22
278 4.78681e-22
279 5.45188e-22
280 6.20796e-22
281 7.06732e-22
282 8.04384e-22
283 9.15323e-22
284 1.04133e-21
285 1.18441e-21
286 1.34686e-21
287 1.53123e-21
288 1.74046e-21
289 1.97782e-21
290 2.24704e-21
291 2.55233e-21
292 2.89844e-21
293 3.29073e-21
294 3.73526e-21
295 4.23887e-21
296 4.80927e-21
297 5.45517e-21
298 6.1864e-21
299 7.01403e-21
300 7.95055e-21
301 9.01003e-21
302 1.02083e-20
303 1.15634e-20
304 1.30952e-20
305 1.48265e-20
306 1.67829e-20
307 1.8993e-20
308 2.14892e-20
309 2.43079e-20
310 2.749e-20
311 3.10814e-20
312 3.5134e-20
313 3.97059e-20
314 4.48624e-20
315 5.0677e-20
316 5.72321e-20
317 6.46205e-20
318 7.2946e-20
319 8.23255e-20
320 9.28901e-20
321 1.04787e-19
322 1.1818e-19
323 1.33256e-19
324 1.50221e-19
325 1.69307e-19
326 1.90777e-19
327 2.1492e-19
328 2.42066e-19
329 2.72579e-19
330 3.06871e-19
331 3.454e-19
332 3.88681e-19
333 4.37288e-19
334 4.91865e-19
335 5.53131e-19
336 6.21891e-19
337 6.99044e-19
338 7.85594e-19
339 8.82666e-19
340 9.91512e-19
341 1.11353e-18
342 1.25029e-18
343 1.40353e-18
344 1.57521e-18
345 1.76748e-18
346 1.98279e-18
347 2.22381e-18
348 2.49358e-18
349 2.79544e-18
350 3.13313e-18
351 3.51081e-18
352 3.93313e-18
353 4.40524e-18
354 4.93288e-18
355 5.52246e-18
356 6.18108e-18
357 6.91665e-18
358 7.73796e-18
359 8.65479e-18
360 9.67799e-18
361 1.08196e-17
362 1.20931e-17
363 1.35134e-17
364 1.50969e-17
365 1.6862e-17
366 1.8829e-17
367 2.10206e-17
368 2.34618e-17
369 2.61803e-17
370 2.9207e-17
371 3.2576e-17
372 3.6325e-17
373 4.04961e-17
374 4.51357e-17
375 5.02951e-17
376 5.60312e-17
377 6.24071e-17
378 6.94924e-17
379 7.73644e-17
380 8.61084e-17
381 9.58187e-17
382 1.066e-16
383 1.18567e-16
384 1.31848e-16
385 1.46583e-16
386 1.62928e-16
387 1.81056e-16
388 2.01156e-16
389 2.23437e-16
390 2.48131e-16
391 2.75494e-16
392 3.05806e-16
393 3.39379e-16
394 3.76556e-16
395 4.17713e-16
396 4.63268e-16
397 5.13678e-16
398 5.69449e-16
399 6.31138e-16
400 6.99358e-16
401 7.74782e-16
402 8.58153e-16
403 9.50287e-16
404 1.05208e-15
405 1.16453e-15
406 1.28871e-15
407 1.42581e-15
408 1.57716e-15
409 1.74418e-15
410 1.92846e-15
411 2.13173e-15
412 2.3559e-15
413 2.60306e-15
414 2.87549e-15
415 3.17571e-15
416 3.50648e-15
417 3.87081e-15
418 4.272e-15
419 4.71368e-15
420 5.19982e-15
421 5.73474e-15
422 6.32321e-15
423 6.97042e-15
424 7.68206e-15
425 8.46433e-15
426 9.32404e-15
427 1.02686e-14
428 1.13062e-14
429 1.24455e-14
430 1.36965e-14
431 1.50695e-14
432 1.65761e-14
433 1.8229e-14
434 2.00418e-14
435 2.20296e-14
436 2.42088e-14
437 2.6597e-14
438 2.92139e-14
439 3.20806e-14
440 3.52201e-14
441 3.86577e-14
442 4.24207e-14
443 4.65391e-14
444 5.10453e-14
445 5.59746e-14
446 6.13658e-14
447 6.72606e-14
448 7.37046e-14
449 8.07477e-14
450 8.84436e-14
451 9.68511e-14
452 1.06034e-13
453 1.16062e-13
454 1.2701e-13
455 1.3896e-13
456 1.52001e-13
457 1.6623e-13
458 1.81751e-13
459 1.98679e-13
460 2.17137e-13
461 2.3726e-13
462 2.59192e-13
463 2.83091e-13
464 3.09129e-13
465 3.37491e-13
466 3.68377e-13
467 4.02005e-13
468 4.38611e-13
469 4.78449e-13
470 5.21796e-13
471 5.68949e-13
472 6.20232e-13
473 6.75994e-13
474 7.36612e-13
475 8.02492e-13
476 8.74077e-13
477 9.51839e-13
478 1.03629e-12
479 1.12799e-12
480 1.22753e-12
481 1.33556e-12
482 1.45276e-12
483 1.57989e-12
484 1.71775e-12
485 1.8672e-12
486 2.02918e-12
487 2.2047e-12
488 2.39483e-12
489 2.60073e-12
490 2.82364e-12
491 3.06492e-12
492 3.32599e-12
493 3.60842e-12
494 3.91384e-12
495 4.24406e-12
496 4.60097e-12
497 4.98663e-12
498 5.40325e-12
499 5.85318e-12
500 6.33894e-12
501 6.86326e-12
502 7.42903e-12
503 8.03937e-12
504 8.69761e-12
505 9.40732e-12
506 1.01723e-11
507 1.09967e-11
508 1.18849e-11
509 1.28415e-11
510 1.38717e-11
511 1.49807e-11
512 1.61743e-11
513 1.74586e-11
514 1.88404e-11
515 2.03265e-11
516 2.19245e-11
517 2.36425e-11
518 2.54891e-11
519 2.74735e-11
520 2.96056e-11
521 3.18958e-11
522 3.43555e-11
523 3.69966e-11
524 3.9832e-11
525 4.28754e-11
526 4.61415e-11
527 4.96459e-11
528 5.34055e-11
529 5.74379e-11
530 6.17623e-11
531 6.6399e-11
532 7.13697e-11
533 7.66975e-11
534 8.24071e-11
535 8.85247e-11
536 9.50783e-11
537 1.02098e-10
538 1.09615e-10
539 1.17663e-10
540 1.26279e-10
541 1.355e-10
542 1.45367e-10
543 1.55924e-10
544 1.67215e-10
545 1.7929e-10
546 1.922e-10
547 2.05999e-10
548 2.20746e-10
549 2.36503e-10
550 2.53332e-10
551 2.71304e-10
552 2.90491e-10
553 3.1097e-10
554 3.3282e-10
555 3.56128e-10
556 3.80984e-10
557 4.07483e-10
558 4.35724e-10
559 4.65813e-10
560 4.9786e-10
561 5.31983e-10
562 5.68302e-10
563 6.06948e-10
564 6.48054e-10
565 6.91762e-10
566 7.38222e-10
567 7.87588e-10
568 8.40025e-10
569 8.95702e-10
570 9.548e-10
571 1.01751e-09
572 1.08402e-09
573 1.15453e-09
574 1.22928e-09
575 1.30847e-09
576 1.39235e-09
577 1.48116e-09
578 1.57515e-09
579 1.67461e-09
580 1.7798e-09
581 1.89102e-09
582 2.00858e-09
583 2.13281e-09
584 2.26403e-09
585 2.40261e-09
586 2.54892e-09
587 2.70333e-09
588 2.86626e-09
589 3.03813e-09
590 3.21939e-09
591 3.41051e-09
592 3.61198e-09
593 3.82432e-09
594 4.04807e-09
595 4.28379e-09
596 4.5321e-09
597 4.79362e-09
598 5.06902e-09
599 5.35899e-09
600 5.66427e-09
601 5.98564e-09
602 6.32392e-09
603 6.67996e-09
604 7.05467e-09
605 7.44901e-09
606 7.86398e-09
607 8.30064e-09
608 8.76011e-09
609 9.24356e-09
610 9.75222e-09
611 1.02874e-08
612 1.08505e-08
613 1.14429e-08
614 1.20661e-08
615 1.27217e-08
616 1.34114e-08
617 1.4137e-08
618 1.49001e-08
619 1.57028e-08
620 1.65471e-08
621 1.74349e-08
622 1.83686e-08
623 1.93502e-08
624 2.03823e-08
625 2.14671e-08
626 2.26073e-08
627 2.38055e-08
628 2.50643e-08
629 2.63866e-08
630 2.77752e-08
631 2.9233e-08
632 3.07632e-08
633 3.23688e-08
634 3.4053e-08
635 3.58191e-08
636 3.76703e-08
637 3.961e-08
638 4.16416e-08
639 4.37686e-08
640 4.59944e-08
641 4.83225e-08
642 5.07564e-08
643 5.32996e-08
644 5.59555e-08
645 5.87278e-08
646 6.16197e-08
647 6.46347e-08
648 6.7776e-08
649 7.1047e-08
650 7.44508e-08
651 7.79905e-08
652 8.16689e-08
653 8.54891e-08
654 8.94535e-08
655 9.35649e-08
656 9.78256e-08
657 1.02238e-07
658 1.06804e-07
659 1.11525e-07
660 1.16403e-07
661 1.2144e-07
662 1.26637e-07
663 1.31995e-07
664 1.37515e-07
665 1.43198e-07
666 1.49043e-07
667 1.55053e-07
668 1.61226e-07
669 1.67563e-07
670 1.74064e-07
671 1.80728e-07
672 1.87557e-07
673 1.94548e-07
674 2.01703e-07
675 2.09021e-07
676 2.16502e-07
677 2.24146e-07
678 2.31953e-07
679 2.39924e-07
680 2.4806e-07
681 2.56362e-07
682 2.64831e-07
683 2.73471e-07
684 2.82283e-07
685 2.91273e-07
686 3.00443e-07
687 3.09799e-07
688 3.19347e-07
689 3.29095e-07
690 3.39052e-07
691 3.49226e-07
692 3.59629e-07
693 3.70273e-07
694 3.81173e-07
695 3.92345e-07
696 4.03804e-07
697 4.15572e-07
698 4.27669e-07
699 4.40117e-07
700 4.52943e-07
701 4.66174e-07
702 4.79838e-07
703 4.93968e-07
704 5.08597e-07
705 5.23761e-07
706 5.39499e-07
707 5.55852e-07
708 5.72861e-07
709 5.90573e-07
710 6.09034e-07
711 6.28293e-07
712 6.48402e-07
713 6.69414e-07
714 6.91383e-07
715 7.14367e-07
716 7.38421e-07
717 7.63606e-07
718 7.89982e-07
719 8.17608e-07
720 8.46546e-07
721 8.76858e-07
722 9.08603e-07
723 9.41843e-07
724 9.76638e-07
725 1.01304e-06
726 1.05112e-06
727 1.09092e-06
728 1.1325e-06
729 1.1759e-06
730 1.22117e-06
731 1.26836e-06
732 1.31749e-06
733 1.36861e-06
734 1.42173e-06
735 1.47689e-06
736 1.53408e-06
737 1.59332e-06
738 1.65462e-06
739 1.71794e-06
740 1.78329e-06
741 1.85064e-06
742 1.91994e-06
743 1.99114e-06
744 2.0642e-06
745 2.13904e-06
746 2.21557e-06
747 2.29372e-06
748 2.37337e-06
749 2.4544e-06
750 2.53669e-06
751 2.6201e-06
752 2.70446e-06
753 2.78961e-06
754 2.87536e-06
755 2.96153e-06
756 3.0479e-06
757 3.13426e-06
758 3.22036e-06
759 3.30598e-06
760 3.39084e-06
761 3.47469e-06
762 3.55725e-06
763 3.63822e-06
764 3.71732e-06
765 3.79424e-06
766 3.86867e-06
767 3.94029e-06
768 4.00878e-06
769 4.07382e-06
770 4.13508e-06
771 4.19223e-06
772 4.24494e-06
773 4.2929e-06
774 4.33577e-06
775 4.37324e-06
776 4.40501e-06
777 4.43077e-06
778 4.45024e-06
779 4.46315e-06
780 4.46923e-06
781 4.46825e-06
782 4.45997e-06
783 4.44421e-06
784 4.42078e-06
785 4.38953e-06
786 4.35034e-06
787 4.30311e-06
788 4.24779e-06
789 4.18434e-06
790 4.11277e-06
791 4.03314e-06
792 3.94553e-06
793 3.85008e-06
794 3.74695e-06
795 3.63637e-06
796 3.5186e-06
797 3.39397e-06
798 3.26285e-06
799 3.12565e-06
800 2.98285e-06
801 2.83499e-06
802 2.68263e-06
803 2.52644e-06
804 2.3671e-06
805 2.20538e-06
806 2.04209e-06
807 1.8781e-06
808 1.71434e-06
809 1.55182e-06
810 1.39157e-06
811 1.23471e-06
812 1.0824e-06
813 9.35859e-07
814 7.96366e-07
815 6.65253e-07
816 5.43904e-07
817 4.33754e-07
818 3.36289e-07
819 2.53044e-07
820 1.85598e-07
821 1.35577e-07
822 1.04645e-07
823 9.45093e-08
824 1.06912e-07
825 1.43629e-07
826 2.06469e-07
827 2.97271e-07
828 4.17896e-07
829 5.70231e-07
830 7.56182e-07
831 9.77671e-07
832 1.23664e-06
833 1.53502e-06
834 1.87478e-06
835 2.25788e-06
836 2.68627e-06
837 3.16192e-06
838 3.68677e-06
839 4.26277e-06
840 4.89187e-06
841 5.57597e-06
842 6.31699e-06
843 7.11682e-06
844 7.97733e-06
845 8.90036e-06
846 9.88774e-06
847 1.09413e-05
848 1.20627e-05
849 1.32538e-05
850 1.45162e-05
851 1.58517e-05
852 1.72619e-05
853 1.87483e-05
854 2.03127e-05
855 2.19566e-05
856 2.36814e-05
857 2.54887e-05
858 2.73799e-05
859 2.93566e-05
860 3.142e-05
861 3.35717e-05
862 3.58129e-05
863 3.81451e-05
864 4.05697e-05
865 4.30878e-05
866 4.57009e-05
867 4.84104e-05
868 5.12175e-05
869 5.41236e-05
870 5.71301e-05
871 6.02383e-05
872 6.34496e-05
873 6.67655e-05
874 7.01875e-05
875 7.3717e-05
876 7.73557e-05
877 8.11052e-05
878 8.49671e-05
879 8.89432e-05
880 9.30354e-05
881 9.72456e-05
882 0.000101576
883 0.000106028
884 0.000110605
885 0.000115309
886 0.000120142
887 0.000125107
888 0.000130207
889 0.000135444
890 0.000140822
891 0.000146345
892 0.000152015
893 0.000157836
894 0.000163813
895 0.000169948
896 0.000176248
897 0.000182715
898 0.000189356
899 0.000196174
900 0.000203175
901 0.000210365
902 0.00021775
903 0.000225335
904 0.000233126
905 0.000241132
906 0.000249358
907 0.000257811
908 0.0002665
909 0.000275432
910 0.000284615
911 0.000294058
912 0.000303769
913 0.000313759
914 0.000324035
915 0.000334609
916 0.000345489
917 0.000356688
918 0.000368216
919 0.000380083
920 0.000392302
921 0.000404884
922 0.000417842
923 0.000431188
924 0.000444936
925 0.000459099
926 0.00047369
927 0.000488723
928 0.000504214
929 0.000520176
930 0.000536625
931 0.000553576
932 0.000571045
933 0.000589049
934 0.000607603
935 0.000626724
936 0.00064643
937 0.000666738
938 0.000687665
939 0.00070923
940 0.00073145
941 0.000754345
942 0.000777934
943 0.000802235
944 0.000827267
945 0.000853051
946 0.000879606
947 0.000906953
948 0.000935111
949 0.000964102
950 0.000993945
951 0.00102466
952 0.00105627
953 0.0010888
954 0.00112227
955 0.00115669
956 0.0011921
957 0.0012285
958 0.00126594
959 0.00130441
960 0.00134396
961 0.00138459
962 0.00142634
963 0.00146922
964 0.00151326
965 0.00155847
966 0.00160488
967 0.00165252
968 0.0017014
969 0.00175154
970 0.00180297
971 0.00185571
972 0.00190978
973 0.0019652
974 0.00202199
975 0.00208017
976 0.00213977
977 0.00220079
978 0.00226327
979 0.00232723
980 0.00239267
981 0.00245962
982 0.00252811
983 0.00259814
984 0.00266973
985 0.00274291
986 0.00281769
987 0.00289408
988 0.00297211
989 0.00305178
990 0.00313311
991 0.00321612
992 0.00330082
993 0.00338723
994 0.00347534
995 0.00356519
996 0.00365677
997 0.0037501
998 0.00384519
999 0.00394205
1000 0.00404067
1001 0.00414109
1002 0.00424329
1003 0.00434728
1004 0.00445307
1005 0.00456066
1006 0.00467006
1007 0.00478126
1008 0.00489427
1009 0.00500909
1010 0.00512571
1011 0.00524414
1012 0.00536436
1013 0.00548639
1014 0.0056102
1015 0.00573579
1016 0.00586316
1017 0.0059923
1018 0.0061232
1019 0.00625583
1020 0.00639021
1021 0.0065263
1022 0.00666409
1023 0.00680357
1024 0.00694472
1025 0.00708752
1026 0.00723195
1027 0.00737799
1028 0.00752562
1029 0.00767481
1030 0.00782553
1031 0.00797776
1032 0.00813148
1033 0.00828664
1034 0.00844323
1035 0.0086012
1036 0.00876053
1037 0.00892117
1038 0.0090831
1039 0.00924627
1040 0.00941065
1041 0.00957618
1042 0.00974285
1043 0.00991058
1044 0.0100794
1045 0.0102491
1046 0.0104198
1047 0.0105914
1048 0.0107638
1049 0.0109371
1050 0.011111
1051 0.0112856
1052 0.0114609
1053 0.0116367
1054 0.0118131
1055 0.0119899
1056 0.0121671
1057 0.0123446
1058 0.0125224
1059 0.0127004
1060 0.0128786
1061 0.0130568
1062 0.013235
1063 0.0134132
1064 0.0135912
1065 0.0137691
1066 0.0139467
1067 0.0141239
1068 0.0143008
1069 0.0144771
1070 0.014653
1071 0.0148281
1072 0.0150026
1073 0.0151763
1074 0.0153492
1075 0.0155211
1076 0.0156921
1077 0.0158619
1078 0.0160306
1079 0.0161981
1080 0.0163643
1081 0.0165291
1082 0.0166924
1083 0.0168542
1084 0.0170143
1085 0.0171728
1086 0.0173295
1087 0.0174844
1088 0.0176373
1089 0.0177883
1090 0.0179372
1091 0.0180839
1092 0.0182284
1093 0.0183706
1094 0.0185104
1095 0.0186479
1096 0.0187828
1097 0.0189151
1098 0.0190447
1099 0.0191717
1100 0.0192958
1101 0.0194171
1102 0.0195355
1103 0.0196509
1104 0.0197633
1105 0.0198725
1106 0.0199786
1107 0.0200815
1108 0.020181
1109 0.0202773
1110 0.0203701
1111 0.0204595
1112 0.0205454
1113 0.0206278
1114 0.0207065
1115 0.0207817
1116 0.0208531
1117 0.0209208
1118 0.0209848
1119 0.0210449
1120 0.0211013
1121 0.0211537
1122 0.0212023
1123 0.0212469
1124 0.0212876
1125 0.0213243
1126 0.021357
1127 0.0213856
1128 0.0214103
1129 0.0214308
1130 0.0214473
1131 0.0214597
1132 0.0214681
1133 0.0214723
1134 0.0214724
1135 0.0214684
1136 0.0214603
1137 0.0214481
1138 0.0214318
1139 0.0214115
1140 0.021387
1141 0.0213585
1142 0.0213259
1143 0.0212893
1144 0.0212487
1145 0.021204
1146 0.0211555
1147 0.0211029
1148 0.0210465
1149 0.0209861
1150 0.0209219
1151 0.0208539
1152 0.0207821
1153 0.0207065
1154 0.0206273
1155 0.0205444
1156 0.0204578
1157 0.0203677
1158 0.0202741
1159 0.020177
1160 0.0200765
1161 0.0199726
1162 0.0198654
1163 0.019755
1164 0.0196413
1165 0.0195246
1166 0.0194047
1167 0.0192819
1168 0.0191561
1169 0.0190274
1170 0.018896
1171 0.0187617
1172 0.0186249
1173 0.0184854
1174 0.0183433
1175 0.0181989
1176 0.018052
1177 0.0179028
1178 0.0177514
1179 0.0175979
1180 0.0174422
1181 0.0172846
1182 0.017125
1183 0.0169636
1184 0.0168004
1185 0.0166355
1186 0.016469
1187 0.016301
1188 0.0161315
1189 0.0159607
1190 0.0157885
1191 0.0156152
1192 0.0154407
1193 0.0152651
1194 0.0150886
1195 0.0149111
1196 0.0147329
1197 0.0145539
1198 0.0143742
1199 0.014194
1200 0.0140132
1201 0.013832
1202 0.0136505
1203 0.0134686
1204 0.0132866
1205 0.0131044
1206 0.0129221
1207 0.0127399
1208 0.0125577
1209 0.0123757
1210 0.0121938
1211 0.0120123
1212 0.0118311
1213 0.0116503
1214 0.01147
1215 0.0112902
1216 0.011111
1217 0.0109325
1218 0.0107547
1219 0.0105777
1220 0.0104014
1221 0.0102261
1222 0.0100518
1223 0.00987837
1224 0.00970602
1225 0.00953477
1226 0.00936465
1227 0.00919572
1228 0.00902802
1229 0.0088616
1230 0.00869649
1231 0.00853273
1232 0.00837037
1233 0.00820944
1234 0.00804998
1235 0.00789202
1236 0.0077356
1237 0.00758074
1238 0.00742748
1239 0.00727585
1240 0.00712586
1241 0.00697755
1242 0.00683095
1243 0.00668606
1244 0.00654292
1245 0.00640155
1246 0.00626195
1247 0.00612416
1248 0.00598817
1249 0.00585402
1250 0.00572171
1251 0.00559124
1252 0.00546264
1253 0.00533591
1254 0.00521106
1255 0.00508808
1256 0.004967
1257 0.00484781
1258 0.00473051
1259 0.00461511
1260 0.0045016
1261 0.00438998
1262 0.00428026
1263 0.00417242
1264 0.00406647
1265 0.0039624
1266 0.0038602
1267 0.00375987
1268 0.0036614
1269 0.00356477
1270 0.00346998
1271 0.00337702
1272 0.00328587
1273 0.00319653
1274 0.00310899
1275 0.00302321
1276 0.0029392
1277 0.00285694
1278 0.00277641
1279 0.0026976
1280 0.00262049
1281 0.00254505
1282 0.00247128
1283 0.00239916
1284 0.00232866
1285 0.00225977
1286 0.00219246
1287 0.00212673
1288 0.00206253
1289 0.00199987
1290 0.00193871
1291 0.00187903
1292 0.00182082
1293 0.00176405
1294 0.00170869
1295 0.00165473
1296 0.00160215
1297 0.00155091
1298 0.00150101
1299 0.00145241
1300 0.0014051
1301 0.00135904
1302 0.00131423
1303 0.00127063
1304 0.00122823
1305 0.00118699
1306 0.0011469
1307 0.00110794
1308 0.00107008
1309 0.0010333
1310 0.000997578
1311 0.000962893
1312 0.000929221
1313 0.000896542
1314 0.000864833
1315 0.000834073
1316 0.000804241
1317 0.000775315
1318 0.000747274
1319 0.000720099
1320 0.000693768
1321 0.000668262
1322 0.00064356
1323 0.000619642
1324 0.00059649
1325 0.000574083
1326 0.000552404
1327 0.000531432
1328 0.000511151
1329 0.000491541
1330 0.000472586
1331 0.000454266
1332 0.000436566
1333 0.000419469
1334 0.000402957
1335 0.000387014
1336 0.000371624
1337 0.000356772
1338 0.000342442
1339 0.000328619
1340 0.000315288
1341 0.000302435
1342 0.000290044
1343 0.000278104
1344 0.000266599
1345 0.000255516
1346 0.000244843
1347 0.000234566
1348 0.000224674
1349 0.000215153
1350 0.000205993
1351 0.000197181
1352 0.000188707
1353 0.000180559
1354 0.000172726
1355 0.000165198
1356 0.000157965
1357 0.000151017
1358 0.000144344
1359 0.000137937
1360 0.000131786
1361 0.000125884
1362 0.00012022
1363 0.000114786
1364 0.000109576
1365 0.000104579
1366 9.97894e-05
1367 9.51989e-05
1368 9.08004e-05
1369 8.65868e-05
1370 8.25512e-05
1371 7.86871e-05
1372 7.49879e-05
1373 7.14476e-05
1374 6.80599e-05
1375 6.48191e-05
1376 6.17196e-05
1377 5.87558e-05
1378 5.59225e-05
1379 5.32145e-05
1380 5.0627e-05
1381 4.8155e-05
1382 4.5794e-05
1383 4.35395e-05
1384 4.13872e-05
1385 3.9333e-05
1386 3.73728e-05
1387 3.55028e-05
1388 3.37192e-05
1389 3.20183e-05
1390 3.03969e-05
1391 2.88514e-05
1392 2.73787e-05
1393 2.59756e-05
1394 2.46392e-05
1395 2.33666e-05
1396 2.2155e-05
1397 2.10018e-05
1398 1.99044e-05
1399 1.88603e-05
1400 1.78672e-05
1401 1.69228e-05
1402 1.60249e-05
1403 1.51715e-05
1404 1.43604e-05
1405 1.35898e-05
1406 1.28579e-05
1407 1.21627e-05
1408 1.15027e-05
1409 1.08762e-05
1410 1.02817e-05
1411 9.71758e-06
1412 9.18246e-06
1413 8.67497e-06
1414 8.19378e-06
1415 7.73764e-06
1416 7.30534e-06
1417 6.89573e-06
1418 6.50769e-06
1419 6.14019e-06
1420 5.79221e-06
1421 5.46279e-06
1422 5.151e-06
1423 4.85598e-06
1424 4.57688e-06
1425 4.3129e-06
1426 4.06329e-06
1427 3.8273e-06
1428 3.60425e-06
1429 3.39348e-06
1430 3.19435e-06
1431 3.00626e-06
1432 2.82865e-06
1433 2.66096e-06
1434 2.50267e-06
1435 2.3533e-06
1436 2.21238e-06
1437 2.07944e-06
1438 1.95408e-06
1439 1.83588e-06
1440 1.72446e-06
1441 1.61946e-06
1442 1.52053e-06
1443 1.42733e-06
1444 1.33956e-06
1445 1.25692e-06
1446 1.17912e-06
1447 1.1059e-06
1448 1.037e-06
1449 9.72192e-07
1450 9.11235e-07
1451 8.53917e-07
1452 8.00033e-07
1453 7.49387e-07
1454 7.01797e-07
1455 6.57088e-07
1456 6.15095e-07
1457 5.75662e-07
1458 5.38641e-07
1459 5.03892e-07
1460 4.71284e-07
1461 4.40691e-07
1462 4.11995e-07
1463 3.85085e-07
1464 3.59855e-07
1465 3.36205e-07
1466 3.14043e-07
1467 2.93278e-07
1468 2.73827e-07
1469 2.55611e-07
1470 2.38555e-07
1471 2.22589e-07
1472 2.07648e-07
1473 1.93667e-07
1474 1.80589e-07
1475 1.68358e-07
1476 1.56921e-07
1477 1.4623e-07
1478 1.36238e-07
1479 1.26901e-07
1480 1.18178e-07
1481 1.10032e-07
1482 1.02425e-07
1483 9.53231e-08
1484 8.86947e-08
1485 8.25094e-08
1486 7.67389e-08
1487 7.13566e-08
1488 6.63376e-08
1489 6.16582e-08
1490 5.72966e-08
1491 5.32321e-08
1492 4.94452e-08
1493 4.59178e-08
1494 4.26329e-08
1495 3.95744e-08
1496 3.67275e-08
1497 3.4078e-08
1498 3.16128e-08
1499 2.93196e-08
1500 2.71869e-08
1501 2.52039e-08
1502 2.33606e-08
1503 2.16473e-08
1504 2.00554e-08
1505 1.85765e-08
1506 1.7203e-08
1507 1.59276e-08
1508 1.47436e-08
1509 1.36446e-08
1510 1.26249e-08
1511 1.16788e-08
1512 1.08013e-08
1513 9.98755e-09
1514 9.23312e-09
1515 8.53384e-09
1516 7.88581e-09
1517 7.28542e-09
1518 6.72928e-09
1519 6.21425e-09
1520 5.7374e-09
1521 5.29599e-09
1522 4.88749e-09
1523 4.50952e-09
1524 4.15987e-09
1525 3.83651e-09
1526 3.53751e-09
1527 3.26111e-09
1528 3.00566e-09
1529 2.76961e-09
1530 2.55155e-09
1531 2.35015e-09
1532 2.16418e-09
1533 1.99249e-09
1534 1.83402e-09
1535 1.68779e-09
1536 1.55288e-09
1537 1.42845e-09
1538 1.3137e-09
1539 1.20791e-09
1540 1.11039e-09
1541 1.02053e-09
1542 9.37731e-10
1543 8.61465e-10
1544 7.91231e-10
1545 7.26564e-10
1546 6.67038e-10
1547 6.12256e-10
1548 5.6185e-10
1549 5.15483e-10
1550 4.72839e-10
1551 4.33629e-10
1552 3.97583e-10
1553 3.64455e-10
1554 3.34015e-10
1555 3.0605e-10
1556 2.80366e-10
1557 2.56781e-10
1558 2.3513e-10
1559 2.15257e-10
1560 1.97021e-10
1561 1.80291e-10
1562 1.64945e-10
1563 1.50873e-10
1564 1.37971e-10
1565 1.26146e-10
1566 1.15308e-10
1567 1.05379e-10
1568 9.62843e-11
1569 8.79551e-11
1570 8.0329e-11
1571 7.33482e-11
1572 6.69595e-11
1573 6.11139e-11
1574 5.57666e-11
1575 5.0876e-11
1576 4.64043e-11
1577 4.23164e-11
1578 3.85802e-11
1579 3.51663e-11
1580 3.20475e-11
1581 2.91989e-11
1582 2.65977e-11
1583 2.4223e-11
1584 2.20555e-11
1585 2.00776e-11
1586 1.82731e-11
1587 1.66272e-11
1588 1.51262e-11
1589 1.37577e-11
1590 1.25103e-11
1591 1.13735e-11
1592 1.03378e-11
1593 9.39435e-12
1594 8.53513e-12
1595 7.75281e-12
1596 7.04066e-12
1597 6.39253e-12
1598 5.8028e-12
1599 5.26633e-12
1600 4.77841e-12
1601 4.33475e-12
1602 3.93142e-12
1603 3.56485e-12
1604 3.23174e-12
1605 2.92913e-12
1606 2.65427e-12
1607 2.40468e-12
1608 2.17808e-12
1609 1.9724e-12
1610 1.78576e-12
1611 1.61642e-12
1612 1.46283e-12
1613 1.32353e-12
1614 1.19724e-12
1615 1.08277e-12
1616 9.79024e-13
1617 8.85026e-13
1618 7.99879e-13
1619 7.22765e-13
1620 6.52943e-13
1621 5.89737e-13
1622 5.32533e-13
1623 4.80773e-13
1624 4.33949e-13
1625 3.91599e-13
1626 3.53306e-13
1627 3.18687e-13
1628 2.87397e-13
1629 2.59123e-13
1630 2.3358e-13
1631 2.10508e-13
1632 1.89674e-13
1633 1.70865e-13
1634 1.53887e-13
1635 1.38566e-13
1636 1.24743e-13
1637 1.12274e-13
1638 1.0103e-13
1639 9.08918e-14
1640 8.17531e-14
1641 7.35172e-14
1642 6.60966e-14
1643 5.9412e-14
1644 5.33917e-14
1645 4.7971e-14
1646 4.30913e-14
1647 3.86994e-14
1648 3.47476e-14
1649 3.11925e-14
1650 2.7995e-14
1651 2.51198e-14
1652 2.25349e-14
1653 2.02116e-14
1654 1.81239e-14
1655 1.62483e-14
1656 1.45636e-14
1657 1.30507e-14
1658 1.16924e-14
1659 1.04732e-14
1660 9.37903e-15
1661 8.39736e-15
1662 7.51679e-15
1663 6.72709e-15
1664 6.01903e-15
1665 5.38432e-15
1666 4.81549e-15
1667 4.3058e-15
1668 3.84922e-15
1669 3.4403e-15
1670 3.07415e-15
1671 2.74636e-15
1672 2.45299e-15
1673 2.19047e-15
1674 1.95562e-15
1675 1.74557e-15
1676 1.55774e-15
1677 1.38981e-15
1678 1.23972e-15
1679 1.10559e-15
1680 9.85753e-16
1681 8.78716e-16
1682 7.83129e-16
1683 6.97787e-16
1684 6.21609e-16
1685 5.53626e-16
1686 4.92969e-16
1687 4.38862e-16
1688 3.90608e-16
1689 3.47583e-16
1690 3.09229e-16
1691 2.75048e-16
1692 2.4459e-16
1693 2.17458e-16
1694 1.93293e-16
1695 1.71776e-16
1696 1.5262e-16
1697 1.35571e-16
1698 1.204e-16
1699 1.06903e-16
1700 9.48987e-17
1701 8.42236e-17
1702 7.47329e-17
1703 6.62972e-17
1704 5.88007e-17
1705 5.21405e-17
1706 4.62245e-17
1707 4.09707e-17
1708 3.63061e-17
1709 3.21655e-17
1710 2.84909e-17
1711 2.52305e-17
1712 2.23384e-17
1713 1.97734e-17
1714 1.74991e-17
1715 1.5483e-17
1716 1.36961e-17
1717 1.21128e-17
1718 1.07102e-17
1719 9.46792e-18
1720 8.36789e-18
1721 7.39405e-18
1722 6.5321e-18
1723 5.76937e-18
1724 5.09458e-18
1725 4.49772e-18
1726 3.96991e-18
1727 3.50328e-18
1728 3.09081e-18
1729 2.7263e-18
1730 2.40426e-18
1731 2.11979e-18
1732 1.86856e-18
1733 1.64675e-18
1734 1.45095e-18
1735 1.27814e-18
1736 1.12568e-18
1737 9.91175e-19
1738 8.72554e-19
1739 7.67959e-19
1740 6.75754e-19
1741 5.94488e-19
1742 5.22881e-19
1743 4.59797e-19
1744 4.04235e-19
1745 3.55308e-19
1746 3.12235e-19
1747 2.74323e-19
1748 2.40961e-19
1749 2.1161e-19
1750 1.85793e-19
1751 1.6309e-19
1752 1.4313e-19
1753 1.25585e-19
1754 1.10166e-19
1755 9.66189e-20
1756 8.47191e-20
1757 7.42686e-20
1758 6.50928e-20
1759 5.70381e-20
1760 4.99691e-20
1761 4.37665e-20
1762 3.83254e-20
1763 3.35534e-20
1764 2.93691e-20
1765 2.57009e-20
1766 2.24859e-20
1767 1.96688e-20
1768 1.72008e-20
1769 1.50391e-20
1770 1.31462e-20
1771 1.14891e-20
1772 1.00386e-20
1773 8.76931e-21
1774 7.65882e-21
1775 6.68748e-21
1776 5.83804e-21
1777 5.09538e-21
1778 4.4462e-21
1779 3.87889e-21
1780 3.38321e-21
1781 2.95022e-21
1782 2.57208e-21
1783 2.24191e-21
1784 1.9537e-21
1785 1.70216e-21
1786 1.48268e-21
1787 1.29121e-21
1788 1.12422e-21
1789 9.78613e-22
1790 8.51675e-22
1791 7.41039e-22
1792 6.44632e-22
1793 5.60644e-22
1794 4.87491e-22
1795 4.23789e-22
1796 3.6833e-22
1797 3.20058e-22
1798 2.7805e-22
1799 2.41503e-22
1800 2.09713e-22
1801 1.82068e-22
1802 1.58032e-22
1803 1.37138e-22
1804 1.18981e-22
1805 1.03205e-22
1806 8.9501e-23
1807 7.75995e-23
1808 6.72657e-23
1809 5.82951e-23
1810 5.05097e-23
1811 4.37543e-23
1812 3.78941e-23
1813 3.28115e-23
1814 2.84043e-23
1815 2.45836e-23
1816 2.12722e-23
1817 1.84027e-23
1818 1.59168e-23
1819 1.37636e-23
1820 1.18991e-23
1821 1.02849e-23
1822 8.8877e-24
1823 7.67861e-24
1824 6.63254e-24
1825 5.72771e-24
1826 4.94522e-24
1827 4.26869e-24
1828 3.6839e-24
1829 3.17851e-24
1830 2.74185e-24
1831 2.36466e-24
1832 2.0389e-24
1833 1.75764e-24
1834 1.51483e-24
1835 1.30528e-24
1836 1.12447e-24
1837 9.68491e-25
1838 8.33962e-25
1839 7.17962e-25
1840 6.1796e-25
1841 5.31769e-25
1842 4.57498e-25
1843 3.93513e-25
1844 3.38402e-25
1845 2.90945e-25
1846 2.50087e-25
1847 2.1492e-25
1848 1.84657e-25
1849 1.5862e-25
1850 1.36224e-25
1851 1.16964e-25
1852 1.00405e-25
1853 8.61713e-26
1854 7.39389e-26
1855 6.34289e-26
1856 5.44007e-26
1857 4.66472e-26
1858 3.99899e-26
1859 3.42751e-26
1860 2.93705e-26
1861 2.51621e-26
1862 2.15519e-26
1863 1.84556e-26
1864 1.58006e-26
1865 1.35245e-26
1866 1.15738e-26
1867 9.9022e-27
1868 8.47016e-27
1869 7.24361e-27
1870 6.1933e-27
1871 5.2941e-27
1872 4.52445e-27
1873 3.86583e-27
1874 3.30235e-27
1875 2.82038e-27
1876 2.40822e-27
1877 2.05583e-27
1878 1.75461e-27
1879 1.4972e-27
1880 1.27726e-27
1881 1.08939e-27
1882 9.28951e-28
1883 7.91962e-28
1884 6.75025e-28
1885 5.75226e-28
1886 4.90072e-28
1887 4.17432e-28
1888 3.55479e-28
1889 3.02654e-28
1890 2.57621e-28
1891 2.1924e-28
1892 1.86536e-28
1893 1.58675e-28
1894 1.34945e-28
1895 1.14739e-28
1896 9.75362e-29
1897 8.28943e-29
1898 7.04348e-29
1899 5.98347e-29
1900 5.08185e-29
1901 4.31514e-29
1902 3.66328e-29
1903 3.1092e-29
1904 2.63834e-29
1905 2.23829e-29
1906 1.89847e-29
1907 1.60989e-29
1908 1.36487e-29
1909 1.15688e-29
1910 9.8037e-30
1911 8.30604e-30
1912 7.03561e-30
1913 5.95816e-30
1914 5.04458e-30
1915 4.27013e-30
1916 3.61378e-30
1917 3.05762e-30
1918 2.58648e-30
1919 2.18745e-30
1920 1.84957e-30
1921 1.56352e-30
1922 1.32142e-30
1923 1.11656e-30
1924 9.43251e-31
1925 7.96661e-31
1926 6.72703e-31
1927 5.67905e-31
1928 4.79326e-31
1929 4.04473e-31
1930 3.41233e-31
1931 2.87816e-31
1932 2.42707e-31
1933 2.04622e-31
1934 1.72475e-31
1935 1.45345e-31
1936 1.22456e-31
1937 1.03148e-31
1938 8.68652e-32
1939 7.31363e-32
1940 6.15635e-32
1941 5.18103e-32
1942 4.35925e-32
1943 3.667e-32
1944 3.08399e-32
1945 2.59309e-32
1946 2.17984e-32
1947 1.83204e-32
1948 1.53939e-32
1949 1.2932e-32
1950 1.08613e-32
1951 9.1202e-33
1952 7.65646e-33
1953 6.42622e-33
1954 5.39244e-33
1955 4.52395e-33
1956 3.79449e-33
1957 3.18194e-33
1958 2.66768e-33
1959 2.23602e-33
1960 1.87379e-33
1961 1.56989e-33
1962 1.31499e-33
1963 1.10122e-33
1964 9.22001e-34
1965 7.71773e-34
1966 6.45881e-34
1967 5.40403e-34
1968 4.52047e-34
1969 3.78053e-34
1970 3.161e-34
1971 2.64239e-34
1972 2.20839e-34
1973 1.84525e-34
1974 1.54147e-34
1975 1.28742e-34
1976 1.07499e-34
1977 8.97415e-35
1978 7.49004e-35
1979 6.24998e-35
1980 5.21401e-35
1981 4.34883e-35
1982 3.62638e-35
1983 3.02325e-35
1984 2.51987e-35
1985 2.09982e-35
1986 1.74941e-35
1987 1.45717e-35
1988 1.21345e-35
1989 1.01026e-35
1990 8.40913e-36
1991 6.99803e-36
1992 5.82237e-36
1993 4.84308e-36
1994 4.02763e-36
1995 3.34874e-36
1996 2.78362e-36
1997 2.31337e-36
1998 1.92213e-36
1999 1.59669e-36
2000 1.32606e-36
2001 1.10104e-36
2002 9.14008e-37
2003 7.58578e-37
2004 6.29431e-37
2005 5.22156e-37
2006 4.33071e-37
2007 3.59103e-37
2008 2.97699e-37
2009 2.46742e-37
2010 2.04463e-37
2011 1.69389e-37
2012 1.403e-37
2013 1.16181e-37
2014 9.6189e-38
2015 7.96188e-38
2016 6.5888e-38
2017 5.45142e-38
2018 4.50946e-38
2019 3.72945e-38
2020 3.08367e-38
2021 2.54923e-38
2022 2.10706e-38
2023 1.74121e-38
2024 1.4386e-38
2025 1.1884e-38
2026 9.81571e-39
2027 8.10607e-39
2028 6.69323e-39
2029 5.52613e-39
2030 4.56229e-39
2031 3.76635e-39
2032 3.10915e-39
2033 2.56683e-39
2034 2.1194e-39
2035 1.75031e-39
2036 1.44594e-39
2037 1.195e-39
2038 9.88258e-40
2039 8.18013e-40
2040 6.77867e-40
2041 5.62598e-40
2042 4.67916e-40
2043 3.90273e-40
2044 3.26711e-40
2045 2.74835e-40
2046 2.32705e-40
2047 1.98719e-40
