0 9.96101e-38
1 6.98816e-38
2 4.64941e-38
3 2.86651e-38
4 1.57784e-38
5 7.36406e-39
6 3.10295e-39
7 2.82563e-39
8 6.48307e-39
9 1.41609e-38
10 2.60699e-38
11 4.25405e-38
12 6.40876e-38
13 9.13455e-38
14 1.25149e-37
15 1.66538e-37
16 2.16778e-37
17 2.77414e-37
18 3.50313e-37
19 4.37709e-37
20 5.42251e-37
21 6.67241e-37
22 8.16442e-37
23 9.94418e-37
24 1.20666e-36
25 1.45954e-36
26 1.76082e-36
27 2.11968e-36
28 2.54697e-36
29 3.05558e-36
30 3.66078e-36
31 4.38087e-36
32 5.23758e-36
33 6.25652e-36
34 7.46786e-36
35 8.90779e-36
36 1.06193e-35
37 1.2653e-35
38 1.50692e-35
39 1.79389e-35
40 2.13465e-35
41 2.53921e-35
42 3.0194e-35
43 3.58929e-35
44 4.26545e-35
45 5.06744e-35
46 6.01854e-35
47 7.14625e-35
48 8.48304e-35
49 1.00674e-34
50 1.19444e-34
51 1.4168e-34
52 1.6802e-34
53 1.992e-34
54 2.36114e-34
55 2.79817e-34
56 3.31526e-34
57 3.92684e-34
58 4.65004e-34
59 5.50569e-34
60 6.51713e-34
61 7.7123e-34
62 9.12514e-34
63 1.07943e-33
64 1.27658e-33
65 1.50934e-33
66 1.7842e-33
67 2.10865e-33
68 2.49157e-33
69 2.94326e-33
70 3.47607e-33
71 4.10473e-33
72 4.84564e-33
73 5.71895e-33
74 6.74854e-33
75 7.96145e-33
76 9.39017e-33
77 1.10733e-32
78 1.30548e-32
79 1.53872e-32
80 1.81325e-32
81 2.1363e-32
82 2.51627e-32
83 2.96314e-32
84 3.48884e-32
85 4.10676e-32
86 4.8329e-32
87 5.68627e-32
88 6.6888e-32
89 7.86643e-32
90 9.24906e-32
91 1.08723e-31
92 1.2778e-31
93 1.5014e-31
94 1.76373e-31
95 2.07146e-31
96 2.43234e-31
97 2.85541e-31
98 3.35132e-31
99 3.93256e-31
100 4.61353e-31
101 5.41121e-31
102 6.34542e-31
103 7.43922e-31
104 8.71963e-31
105 1.02182e-30
106 1.19717e-30
107 1.4023e-30
108 1.64221e-30
109 1.92273e-30
110 2.25069e-30
111 2.63401e-30
112 3.0819e-30
113 3.60517e-30
114 4.21636e-30
115 4.93009e-30
116 5.76341e-30
117 6.73604e-30
118 7.87101e-30
119 9.19526e-30
120 1.074e-29
121 1.25412e-29
122 1.46416e-29
123 1.70899e-29
124 1.9943e-29
125 2.32675e-29
126 2.71399e-29
127 3.16499e-29
128 3.69015e-29
129 4.30147e-29
130 5.01291e-29
131 5.84072e-29
132 6.80381e-29
133 7.92393e-29
134 9.22627e-29
135 1.07404e-28
136 1.25002e-28
137 1.45449e-28
138 1.69206e-28
139 1.96797e-28
140 2.28838e-28
141 2.66034e-28
142 3.0921e-28
143 3.5931e-28
144 4.17433e-28
145 4.84856e-28
146 5.63037e-28
147 6.53681e-28
148 7.58748e-28
149 8.80505e-28
150 1.02157e-27
151 1.18498e-27
152 1.37423e-27
153 1.59333e-27
154 1.84696e-27
155 2.14049e-27
156 2.4801e-27
157 2.87299e-27
158 3.32738e-27
159 3.85277e-27
160 4.46013e-27
161 5.16209e-27
162 5.97323e-27
163 6.91028e-27
164 7.99257e-27
165 9.24237e-27
166 1.06852e-26
167 1.23506e-26
168 1.42725e-26
169 1.64897e-26
170 1.90472e-26
171 2.19965e-26
172 2.5397e-26
173 2.93167e-26
174 3.38338e-26
175 3.90385e-26
176 4.50338e-26
177 5.19385e-26
178 5.98886e-26
179 6.90404e-26
180 7.95733e-26
181 9.16928e-26
182 1.05635e-25
183 1.2167e-25
184 1.40108e-25
185 1.61304e-25
186 1.85667e-25
187 2.13661e-25
188 2.45822e-25
189 2.8276e-25
190 3.25178e-25
191 3.73874e-25
192 4.29768e-25
193 4.93908e-25
194 5.67494e-25
195 6.51897e-25
196 7.48687e-25
197 8.59656e-25
198 9.86851e-25
199 1.13261e-24
200 1.29962e-24
201 1.49091e-24
202 1.70998e-24
203 1.9608e-24
204 2.2479e-24
205 2.57648e-24
206 2.95242e-24
207 3.38247e-24
208 3.87428e-24
209 4.43663e-24
210 5.07948e-24
211 5.81418e-24
212 6.65367e-24
213 7.61269e-24
214 8.70801e-24
215 9.95872e-24
216 1.13866e-23
217 1.30163e-23
218 1.48759e-23
219 1.69976e-23
220 1.94175e-23
221 2.21771e-23
222 2.53234e-23
223 2.89096e-23
224 3.29966e-23
225 3.7653e-23
226 4.29572e-23
227 4.89979e-23
228 5.58758e-23
229 6.37052e-23
230 7.26158e-23
231 8.27547e-23
232 9.42886e-23
233 1.07406e-22
234 1.22323e-22
235 1.3928e-22
236 1.58553e-22
237 1.80453e-22
238 2.05333e-22
239 2.33592e-22
240 2.65682e-22
241 3.02114e-22
242 3.43465e-22
243 3.9039e-22
244 4.43628e-22
245 5.04014e-22
246 5.72493e-22
247 6.50131e-22
248 7.38134e-22
249 8.37862e-22
250 9.50852e-22
251 1.07884e-21
252 1.22378e-21
253 1.38788e-21
254 1.57364e-21
255 1.78386e-21
256 2.02171e-21
257 2.29076e-21
258 2.59504e-21
259 2.93908e-21
260 3.32798e-21
261 3.76749e-21
262 4.2641e-21
263 4.8251e-21
264 5.45868e-21
265 6.17407e-21
266 6.98168e-21
267 7.89316e-21
268 8.92166e-21
269 1.00819e-20
270 1.13906e-20
271 1.28663e-20
272 1.45299e-20
273 1.64051e-20
274 1.85181e-20
275 2.08988e-20
276 2.35803e-20
277 2.66e-20
278 2.99999e-20
279 3.3827e-20
280 3.8134e-20
281 4.29799e-20
282 4.84312e-20
283 5.4562e-20
284 6.14554e-20
285 6.92048e-20
286 7.79145e-20
287 8.77012e-20
288 9.86957e-20
289 1.11045e-19
290 1.24911e-19
291 1.40479e-19
292 1.57952e-19
293 1.77561e-19
294 1.9956e-19
295 2.24236e-19
296 2.51907e-19
297 2.82932e-19
298 3.17708e-19
299 3.56679e-19
300 4.00344e-19
301 4.49254e-19
302 5.04028e-19
303 5.65356e-19
304 6.34005e-19
305 7.10832e-19
306 7.96791e-19
307 8.92946e-19
308 1.00048e-18
309 1.12072e-18
310 1.25512e-18
311 1.40532e-18
312 1.57315e-18
313 1.76063e-18
314 1.97e-18
315 2.20378e-18
316 2.46474e-18
317 2.75599e-18
318 3.08095e-18
319 3.44346e-18
320 3.84776e-18
321 4.29856e-18
322 4.80109e-18
323 5.36117e-18
324 5.98525e-18
325 6.68048e-18
326 7.4548e-18
327 8.31702e-18
328 9.2769e-18
329 1.03453e-17
330 1.15341e-17
331 1.28567e-17
332 1.43278e-17
333 1.59638e-17
334 1.77826e-17
335 1.98043e-17
336 2.2051e-17
337 2.45473e-17
338 2.73202e-17
339 3.03998e-17
340 3.38192e-17
341 3.7615e-17
342 4.18279e-17
343 4.65026e-17
344 5.16886e-17
345 5.74406e-17
346 6.38189e-17
347 7.08903e-17
348 7.87283e-17
349 8.74141e-17
350 9.70373e-17
351 1.07697e-16
352 1.19501e-16
353 1.32571e-16
354 1.47039e-16
355 1.6305e-16
356 1.80766e-16
357 2.00363e-16
358 2.22036e-16
359 2.45999e-16
360 2.72489e-16
361 3.01766e-16
362 3.34114e-16
363 3.69849e-16
364 4.09315e-16
365 4.52891e-16
366 5.00995e-16
367 5.54084e-16
368 6.12662e-16
369 6.7728e-16
370 7.48545e-16
371 8.27122e-16
372 9.13741e-16
373 1.0092e-15
374 1.11438e-15
375 1.23024e-15
376 1.35784e-15
377 1.49834e-15
378 1.65299e-15
379 1.82318e-15
380 2.01045e-15
381 2.21644e-15
382 2.44298e-15
383 2.69206e-15
384 2.96587e-15
385 3.26678e-15
386 3.59741e-15
387 3.9606e-15
388 4.35948e-15
389 4.79745e-15
390 5.27824e-15
391 5.80592e-15
392 6.38493e-15
393 7.02012e-15
394 7.71681e-15
395 8.48077e-15
396 9.31832e-15
397 1.02363e-14
398 1.12424e-14
399 1.23446e-14
400 1.3552e-14
401 1.48742e-14
402 1.6322e-14
403 1.79069e-14
404 1.96415e-14
405 2.15396e-14
406 2.3616e-14
407 2.58872e-14
408 2.83708e-14
409 3.10862e-14
410 3.40543e-14
411 3.72979e-14
412 4.08419e-14
413 4.47132e-14
414 4.89412e-14
415 5.35577e-14
416 5.85972e-14
417 6.40974e-14
418 7.00989e-14
419 7.66461e-14
420 8.37868e-14
421 9.15732e-14
422 1.00062e-13
423 1.09313e-13
424 1.19394e-13
425 1.30376e-13
426 1.42337e-13
427 1.55361e-13
428 1.6954e-13
429 1.8497e-13
430 2.0176e-13
431 2.20024e-13
432 2.39888e-13
433 2.61485e-13
434 2.84961e-13
435 3.10473e-13
436 3.38191e-13
437 3.68299e-13
438 4.00993e-13
439 4.36489e-13
440 4.75015e-13
441 5.1682e-13
442 5.62173e-13
443 6.11362e-13
444 6.64699e-13
445 7.22519e-13
446 7.85184e-13
447 8.53083e-13
448 9.26637e-13
449 1.0063e-12
450 1.09255e-12
451 1.18592e-12
452 1.28697e-12
453 1.39632e-12
454 1.5146e-12
455 1.64252e-12
456 1.78085e-12
457 1.93039e-12
458 2.09202e-12
459 2.26668e-12
460 2.45537e-12
461 2.65919e-12
462 2.8793e-12
463 3.11695e-12
464 3.3735e-12
465 3.65038e-12
466 3.94915e-12
467 4.27148e-12
468 4.61915e-12
469 4.99409e-12
470 5.39835e-12
471 5.83414e-12
472 6.30383e-12
473 6.80996e-12
474 7.35524e-12
475 7.94258e-12
476 8.57512e-12
477 9.25618e-12
478 9.98934e-12
479 1.07784e-11
480 1.16275e-11
481 1.2541e-11
482 1.35236e-11
483 1.45802e-11
484 1.57161e-11
485 1.69372e-11
486 1.82494e-11
487 1.96593e-11
488 2.11737e-11
489 2.28e-11
490 2.45461e-11
491 2.64203e-11
492 2.84316e-11
493 3.05893e-11
494 3.29037e-11
495 3.53854e-11
496 3.80457e-11
497 4.08969e-11
498 4.39518e-11
499 4.72241e-11
500 5.07282e-11
501 5.44795e-11
502 5.84945e-11
503 6.27903e-11
504 6.73854e-11
505 7.22993e-11
506 7.75525e-11
507 8.31669e-11
508 8.91656e-11
509 9.55733e-11
510 1.02416e-10
511 1.0972e-10
512 1.17516e-10
513 1.25835e-10
514 1.34707e-10
515 1.44169e-10
516 1.54257e-10
517 1.65008e-10
518 1.76465e-10
519 1.88669e-10
520 2.01667e-10
521 2.15507e-10
522 2.30239e-10
523 2.45918e-10
524 2.62601e-10
525 2.80348e-10
526 2.99223e-10
527 3.19294e-10
528 3.40631e-10
529 3.6331e-10
530 3.87411e-10
531 4.13019e-10
532 4.40222e-10
533 4.69116e-10
534 4.99799e-10
535 5.32377e-10
536 5.66962e-10
537 6.03671e-10
538 6.4263e-10
539 6.83969e-10
540 7.27827e-10
541 7.74352e-10
542 8.23697e-10
543 8.76027e-10
544 9.31514e-10
545 9.9034e-10
546 1.0527e-09
547 1.11879e-09
548 1.18882e-09
549 1.26302e-09
550 1.34163e-09
551 1.4249e-09
552 1.51307e-09
553 1.60644e-09
554 1.70528e-09
555 1.80989e-09
556 1.9206e-09
557 2.03773e-09
558 2.16163e-09
559 2.29266e-09
560 2.43121e-09
561 2.57766e-09
562 2.73243e-09
563 2.89595e-09
564 3.06867e-09
565 3.25105e-09
566 3.44359e-09
567 3.64679e-09
568 3.86116e-09
569 4.08726e-09
570 4.32565e-09
571 4.57691e-09
572 4.84165e-09
573 5.1205e-09
574 5.41409e-09
575 5.7231e-09
576 6.04821e-09
577 6.39014e-09
578 6.74962e-09
579 7.1274e-09
580 7.52427e-09
581 7.94101e-09
582 8.37846e-09
583 8.83745e-09
584 9.31887e-09
585 9.82359e-09
586 1.03526e-08
587 1.09067e-08
588 1.1487e-08
589 1.20944e-08
590 1.27301e-08
591 1.33949e-08
592 1.40901e-08
593 1.48168e-08
594 1.55761e-08
595 1.63692e-08
596 1.71973e-08
597 1.80618e-08
598 1.89639e-08
599 1.99051e-08
600 2.08867e-08
601 2.19103e-08
602 2.29773e-08
603 2.40895e-08
604 2.52483e-08
605 2.64557e-08
606 2.77134e-08
607 2.90234e-08
608 3.03876e-08
609 3.18081e-08
610 3.32872e-08
611 3.48272e-08
612 3.64304e-08
613 3.80995e-08
614 3.98372e-08
615 4.16462e-08
616 4.35295e-08
617 4.54904e-08
618 4.75319e-08
619 4.96577e-08
620 5.18713e-08
621 5.41767e-08
622 5.65776e-08
623 5.90785e-08
624 6.16836e-08
625 6.43976e-08
626 6.72253e-08
627 7.01716e-08
628 7.3242e-08
629 7.64418e-08
630 7.97766e-08
631 8.32524e-08
632 8.68752e-08
633 9.06514e-08
634 9.45875e-08
635 9.86901e-08
636 1.02966e-07
637 1.07422e-07
638 1.12067e-07
639 1.16906e-07
640 1.21947e-07
641 1.27199e-07
642 1.32668e-07
643 1.38362e-07
644 1.4429e-07
645 1.50458e-07
646 1.56875e-07
647 1.63547e-07
648 1.70484e-07
649 1.77691e-07
650 1.85176e-07
651 1.92947e-07
652 2.01009e-07
653 2.09369e-07
654 2.18033e-07
655 2.27007e-07
656 2.36295e-07
657 2.45903e-07
658 2.55834e-07
659 2.66092e-07
660 2.7668e-07
661 2.87599e-07
662 2.98851e-07
663 3.10436e-07
664 3.22355e-07
665 3.34605e-07
666 3.47185e-07
667 3.60092e-07
668 3.73321e-07
669 3.86869e-07
670 4.00727e-07
671 4.14891e-07
672 4.29351e-07
673 4.44098e-07
674 4.59123e-07
675 4.74414e-07
676 4.89959e-07
677 5.05746e-07
678 5.2176e-07
679 5.37988e-07
680 5.54414e-07
681 5.71021e-07
682 5.87794e-07
683 6.04715e-07
684 6.21768e-07
685 6.38935e-07
686 6.56198e-07
687 6.7354e-07
688 6.90944e-07
689 7.08393e-07
690 7.25871e-07
691 7.43362e-07
692 7.60853e-07
693 7.7833e-07
694 7.95782e-07
695 8.13198e-07
696 8.30571e-07
697 8.47895e-07
698 8.65166e-07
699 8.82383e-07
700 8.99548e-07
701 9.16667e-07
702 9.33747e-07
703 9.50802e-07
704 9.67846e-07
705 9.84901e-07
706 1.00199e-06
707 1.01914e-06
708 1.03639e-06
709 1.05378e-06
710 1.07134e-06
711 1.08913e-06
712 1.10721e-06
713 1.12562e-06
714 1.14444e-06
715 1.16374e-06
716 1.18359e-06
717 1.20408e-06
718 1.22529e-06
719 1.24731e-06
720 1.27025e-06
721 1.2942e-06
722 1.31927e-06
723 1.34559e-06
724 1.37325e-06
725 1.40239e-06
726 1.43313e-06
727 1.4656e-06
728 1.49992e-06
729 1.53624e-06
730 1.57469e-06
731 1.6154e-06
732 1.65852e-06
733 1.70417e-06
734 1.7525e-06
735 1.80364e-06
736 1.85773e-06
737 1.91489e-06
738 1.97524e-06
739 2.03892e-06
740 2.10604e-06
741 2.1767e-06
742 2.251e-06
743 2.32905e-06
744 2.41092e-06
745 2.49668e-06
746 2.5864e-06
747 2.68013e-06
748 2.77791e-06
749 2.87975e-06
750 2.98566e-06
751 3.09564e-06
752 3.20965e-06
753 3.32767e-06
754 3.44962e-06
755 3.57542e-06
756 3.70498e-06
757 3.83818e-06
758 3.97487e-06
759 4.11489e-06
760 4.25806e-06
761 4.40417e-06
762 4.553e-06
763 4.7043e-06
764 4.85779e-06
765 5.01318e-06
766 5.17016e-06
767 5.32839e-06
768 5.4875e-06
769 5.64713e-06
770 5.80687e-06
771 5.96631e-06
772 6.125e-06
773 6.2825e-06
774 6.43834e-06
775 6.59204e-06
776 6.74309e-06
777 6.891e-06
778 7.03523e-06
779 7.17527e-06
780 7.31059e-06
781 7.44064e-06
782 7.56489e-06
783 7.6828e-06
784 7.79383e-06
785 7.89744e-06
786 7.99312e-06
787 8.08036e-06
788 8.15863e-06
789 8.22747e-06
790 8.2864e-06
791 8.33496e-06
792 8.37275e-06
793 8.39935e-06
794 8.4144e-06
795 8.41756e-06
796 8.40853e-06
797 8.38704e-06
798 8.35288e-06
799 8.30586e-06
800 8.24585e-06
801 8.17277e-06
802 8.08659e-06
803 7.98733e-06
804 7.87507e-06
805 7.74996e-06
806 7.61219e-06
807 7.46204e-06
808 7.29983e-06
809 7.12596e-06
810 6.94092e-06
811 6.74524e-06
812 6.53954e-06
813 6.3245e-06
814 6.1009e-06
815 5.86959e-06
816 5.63147e-06
817 5.38755e-06
818 5.13892e-06
819 4.88672e-06
820 4.63219e-06
821 4.37665e-06
822 4.1215e-06
823 3.8682e-06
824 3.61831e-06
825 3.37346e-06
826 3.13534e-06
827 2.90574e-06
828 2.6865e-06
829 2.47955e-06
830 2.28687e-06
831 2.11053e-06
832 1.95266e-06
833 1.81543e-06
834 1.7011e-06
835 1.61198e-06
836 1.55043e-06
837 1.51888e-06
838 1.51978e-06
839 1.55565e-06
840 1.62906e-06
841 1.74261e-06
842 1.89893e-06
843 2.10072e-06
844 2.35067e-06
845 2.65152e-06
846 3.00606e-06
847 3.41705e-06
848 3.88732e-06
849 4.41968e-06
850 5.017e-06
851 5.68211e-06
852 6.41788e-06
853 7.22719e-06
854 8.1129e-06
855 9.0779e-06
856 1.01251e-05
857 1.12573e-05
858 1.24774e-05
859 1.37882e-05
860 1.51927e-05
861 1.66937e-05
862 1.8294e-05
863 1.99964e-05
864 2.18038e-05
865 2.3719e-05
866 2.57448e-05
867 2.78838e-05
868 3.01391e-05
869 3.25132e-05
870 3.50089e-05
871 3.7629e-05
872 4.03763e-05
873 4.32535e-05
874 4.62632e-05
875 4.94083e-05
876 5.26915e-05
877 5.61154e-05
878 5.9683e-05
879 6.33968e-05
880 6.72598e-05
881 7.12747e-05
882 7.54442e-05
883 7.97714e-05
884 8.42589e-05
885 8.89099e-05
886 9.37271e-05
887 9.87136e-05
888 0.000103873
889 0.000109207
890 0.00011472
891 0.000120415
892 0.000126295
893 0.000132364
894 0.000138624
895 0.000145081
896 0.000151737
897 0.000158596
898 0.000165662
899 0.000172939
900 0.000180431
901 0.000188143
902 0.000196078
903 0.000204242
904 0.00021264
905 0.000221275
906 0.000230153
907 0.000239279
908 0.000248659
909 0.000258298
910 0.000268202
911 0.000278377
912 0.000288829
913 0.000299564
914 0.000310589
915 0.000321911
916 0.000333536
917 0.000345472
918 0.000357727
919 0.000370307
920 0.000383221
921 0.000396477
922 0.000410083
923 0.000424049
924 0.000438382
925 0.000453092
926 0.000468189
927 0.000483682
928 0.00049958
929 0.000515895
930 0.000532636
931 0.000549815
932 0.000567441
933 0.000585527
934 0.000604083
935 0.000623122
936 0.000642655
937 0.000662694
938 0.000683253
939 0.000704343
940 0.000725978
941 0.000748171
942 0.000770935
943 0.000794284
944 0.000818232
945 0.000842792
946 0.00086798
947 0.00089381
948 0.000920296
949 0.000947454
950 0.000975298
951 0.00100384
952 0.00103311
953 0.00106311
954 0.00109385
955 0.00112536
956 0.00115765
957 0.00119074
958 0.00122465
959 0.00125938
960 0.00129496
961 0.00133141
962 0.00136873
963 0.00140696
964 0.00144609
965 0.00148616
966 0.00152718
967 0.00156916
968 0.00161213
969 0.00165609
970 0.00170107
971 0.00174709
972 0.00179416
973 0.00184229
974 0.00189151
975 0.00194183
976 0.00199327
977 0.00204584
978 0.00209956
979 0.00215445
980 0.00221053
981 0.0022678
982 0.00232629
983 0.00238601
984 0.00244697
985 0.0025092
986 0.0025727
987 0.00263749
988 0.00270359
989 0.002771
990 0.00283974
991 0.00290983
992 0.00298128
993 0.0030541
994 0.0031283
995 0.00320389
996 0.00328089
997 0.0033593
998 0.00343914
999 0.00352041
1000 0.00360313
1001 0.0036873
1002 0.00377294
1003 0.00386004
1004 0.00394861
1005 0.00403867
1006 0.00413021
1007 0.00422325
1008 0.00431778
1009 0.00441382
1010 0.00451135
1011 0.0046104
1012 0.00471095
1013 0.004813
1014 0.00491657
1015 0.00502164
1016 0.00512822
1017 0.0052363
1018 0.00534587
1019 0.00545695
1020 0.00556951
1021 0.00568356
1022 0.00579909
1023 0.00591609
1024 0.00603455
1025 0.00615446
1026 0.00627582
1027 0.0063986
1028 0.0065228
1029 0.00664841
1030 0.00677541
1031 0.00690378
1032 0.00703351
1033 0.00716458
1034 0.00729698
1035 0.00743067
1036 0.00756566
1037 0.0077019
1038 0.00783938
1039 0.00797808
1040 0.00811797
1041 0.00825902
1042 0.00840121
1043 0.00854452
1044 0.0086889
1045 0.00883434
1046 0.00898079
1047 0.00912824
1048 0.00927664
1049 0.00942597
1050 0.00957618
1051 0.00972724
1052 0.00987911
1053 0.0100318
1054 0.0101851
1055 0.0103392
1056 0.0104939
1057 0.0106493
1058 0.0108052
1059 0.0109616
1060 0.0111186
1061 0.0112759
1062 0.0114336
1063 0.0115917
1064 0.0117501
1065 0.0119087
1066 0.0120675
1067 0.0122264
1068 0.0123854
1069 0.0125444
1070 0.0127035
1071 0.0128624
1072 0.0130213
1073 0.0131799
1074 0.0133383
1075 0.0134964
1076 0.0136541
1077 0.0138115
1078 0.0139683
1079 0.0141247
1080 0.0142804
1081 0.0144355
1082 0.0145899
1083 0.0147435
1084 0.0148963
1085 0.0150482
1086 0.0151991
1087 0.0153491
1088 0.0154979
1089 0.0156456
1090 0.0157922
1091 0.0159374
1092 0.0160814
1093 0.0162239
1094 0.016365
1095 0.0165046
1096 0.0166427
1097 0.0167791
1098 0.0169138
1099 0.0170468
1100 0.0171779
1101 0.0173072
1102 0.0174346
1103 0.01756
1104 0.0176833
1105 0.0178045
1106 0.0179236
1107 0.0180405
1108 0.0181551
1109 0.0182673
1110 0.0183772
1111 0.0184846
1112 0.0185896
1113 0.018692
1114 0.0187919
1115 0.0188891
1116 0.0189836
1117 0.0190754
1118 0.0191644
1119 0.0192506
1120 0.0193339
1121 0.0194143
1122 0.0194917
1123 0.0195662
1124 0.0196376
1125 0.019706
1126 0.0197712
1127 0.0198334
1128 0.0198923
1129 0.0199481
1130 0.0200006
1131 0.0200498
1132 0.0200958
1133 0.0201385
1134 0.0201778
1135 0.0202137
1136 0.0202463
1137 0.0202755
1138 0.0203012
1139 0.0203236
1140 0.0203424
1141 0.0203579
1142 0.0203698
1143 0.0203783
1144 0.0203833
1145 0.0203848
1146 0.0203828
1147 0.0203774
1148 0.0203684
1149 0.0203559
1150 0.02034
1151 0.0203206
1152 0.0202977
1153 0.0202713
1154 0.0202415
1155 0.0202083
1156 0.0201716
1157 0.0201315
1158 0.020088
1159 0.0200412
1160 0.019991
1161 0.0199375
1162 0.0198806
1163 0.0198205
1164 0.0197572
1165 0.0196906
1166 0.0196209
1167 0.019548
1168 0.019472
1169 0.0193929
1170 0.0193107
1171 0.0192256
1172 0.0191375
1173 0.0190464
1174 0.0189525
1175 0.0188557
1176 0.0187562
1177 0.0186539
1178 0.0185489
1179 0.0184412
1180 0.018331
1181 0.0182182
1182 0.0181029
1183 0.0179852
1184 0.0178651
1185 0.0177427
1186 0.017618
1187 0.0174911
1188 0.017362
1189 0.0172309
1190 0.0170977
1191 0.0169625
1192 0.0168254
1193 0.0166865
1194 0.0165457
1195 0.0164032
1196 0.0162591
1197 0.0161134
1198 0.0159661
1199 0.0158173
1200 0.0156671
1201 0.0155156
1202 0.0153628
1203 0.0152088
1204 0.0150536
1205 0.0148974
1206 0.0147401
1207 0.0145818
1208 0.0144227
1209 0.0142627
1210 0.014102
1211 0.0139406
1212 0.0137785
1213 0.0136159
1214 0.0134527
1215 0.0132891
1216 0.0131251
1217 0.0129608
1218 0.0127963
1219 0.0126315
1220 0.0124666
1221 0.0123016
1222 0.0121366
1223 0.0119717
1224 0.0118068
1225 0.0116421
1226 0.0114776
1227 0.0113133
1228 0.0111494
1229 0.0109859
1230 0.0108227
1231 0.0106601
1232 0.0104979
1233 0.0103364
1234 0.0101754
1235 0.0100152
1236 0.00985561
1237 0.00969683
1238 0.00953885
1239 0.00938173
1240 0.00922549
1241 0.0090702
1242 0.00891587
1243 0.00876256
1244 0.00861031
1245 0.00845914
1246 0.00830909
1247 0.0081602
1248 0.0080125
1249 0.00786602
1250 0.00772079
1251 0.00757684
1252 0.00743421
1253 0.00729291
1254 0.00715297
1255 0.00701442
1256 0.00687728
1257 0.00674157
1258 0.00660732
1259 0.00647454
1260 0.00634325
1261 0.00621347
1262 0.00608522
1263 0.0059585
1264 0.00583334
1265 0.00570975
1266 0.00558774
1267 0.00546732
1268 0.0053485
1269 0.00523129
1270 0.00511569
1271 0.00500172
1272 0.00488937
1273 0.00477866
1274 0.00466958
1275 0.00456214
1276 0.00445634
1277 0.00435219
1278 0.00424967
1279 0.00414879
1280 0.00404955
1281 0.00395194
1282 0.00385597
1283 0.00376162
1284 0.00366889
1285 0.00357778
1286 0.00348828
1287 0.00340037
1288 0.00331406
1289 0.00322934
1290 0.00314619
1291 0.00306461
1292 0.00298458
1293 0.00290609
1294 0.00282913
1295 0.0027537
1296 0.00267977
1297 0.00260733
1298 0.00253638
1299 0.00246689
1300 0.00239885
1301 0.00233224
1302 0.00226706
1303 0.00220328
1304 0.00214089
1305 0.00207987
1306 0.00202021
1307 0.00196189
1308 0.00190489
1309 0.0018492
1310 0.00179479
1311 0.00174165
1312 0.00168977
1313 0.00163912
1314 0.00158968
1315 0.00154144
1316 0.00149438
1317 0.00144848
1318 0.00140372
1319 0.00136009
1320 0.00131755
1321 0.00127611
1322 0.00123573
1323 0.0011964
1324 0.0011581
1325 0.00112081
1326 0.00108451
1327 0.00104919
1328 0.00101482
1329 0.000981387
1330 0.000948874
1331 0.000917261
1332 0.00088653
1333 0.000856663
1334 0.000827643
1335 0.000799451
1336 0.000772069
1337 0.000745482
1338 0.00071967
1339 0.000694617
1340 0.000670307
1341 0.000646722
1342 0.000623845
1343 0.00060166
1344 0.000580152
1345 0.000559304
1346 0.000539099
1347 0.000519524
1348 0.000500561
1349 0.000482197
1350 0.000464416
1351 0.000447203
1352 0.000430544
1353 0.000414424
1354 0.00039883
1355 0.000383748
1356 0.000369163
1357 0.000355064
1358 0.000341436
1359 0.000328267
1360 0.000315543
1361 0.000303254
1362 0.000291386
1363 0.000279927
1364 0.000268866
1365 0.000258192
1366 0.000247892
1367 0.000237957
1368 0.000228375
1369 0.000219135
1370 0.000210229
1371 0.000201644
1372 0.000193372
1373 0.000185403
1374 0.000177727
1375 0.000170335
1376 0.000163219
1377 0.000156369
1378 0.000149777
1379 0.000143434
1380 0.000137334
1381 0.000131466
1382 0.000125825
1383 0.000120402
1384 0.000115189
1385 0.000110181
1386 0.00010537
1387 0.000100749
1388 9.6311e-05
1389 9.20507e-05
1390 8.79615e-05
1391 8.40373e-05
1392 8.02723e-05
1393 7.66609e-05
1394 7.31974e-05
1395 6.98765e-05
1396 6.66931e-05
1397 6.36421e-05
1398 6.07187e-05
1399 5.79181e-05
1400 5.52357e-05
1401 5.2667e-05
1402 5.02079e-05
1403 4.78541e-05
1404 4.56016e-05
1405 4.34465e-05
1406 4.1385e-05
1407 3.94135e-05
1408 3.75284e-05
1409 3.57264e-05
1410 3.40041e-05
1411 3.23585e-05
1412 3.07863e-05
1413 2.92847e-05
1414 2.78508e-05
1415 2.64818e-05
1416 2.51751e-05
1417 2.3928e-05
1418 2.27382e-05
1419 2.16033e-05
1420 2.05209e-05
1421 1.94888e-05
1422 1.85049e-05
1423 1.75672e-05
1424 1.66736e-05
1425 1.58224e-05
1426 1.50116e-05
1427 1.42394e-05
1428 1.35043e-05
1429 1.28046e-05
1430 1.21386e-05
1431 1.1505e-05
1432 1.09023e-05
1433 1.03291e-05
1434 9.784e-06
1435 9.26583e-06
1436 8.77333e-06
1437 8.30534e-06
1438 7.86072e-06
1439 7.43841e-06
1440 7.03736e-06
1441 6.65659e-06
1442 6.29515e-06
1443 5.95213e-06
1444 5.62666e-06
1445 5.31792e-06
1446 5.02509e-06
1447 4.74743e-06
1448 4.48421e-06
1449 4.23472e-06
1450 3.9983e-06
1451 3.77431e-06
1452 3.56215e-06
1453 3.36123e-06
1454 3.171e-06
1455 2.99093e-06
1456 2.82051e-06
1457 2.65927e-06
1458 2.50673e-06
1459 2.36246e-06
1460 2.22604e-06
1461 2.09707e-06
1462 1.97517e-06
1463 1.85998e-06
1464 1.75116e-06
1465 1.64836e-06
1466 1.55128e-06
1467 1.45962e-06
1468 1.3731e-06
1469 1.29145e-06
1470 1.2144e-06
1471 1.14172e-06
1472 1.07316e-06
1473 1.00852e-06
1474 9.47582e-07
1475 8.90142e-07
1476 8.36014e-07
1477 7.85017e-07
1478 7.36981e-07
1479 6.91743e-07
1480 6.49149e-07
1481 6.09054e-07
1482 5.71319e-07
1483 5.35812e-07
1484 5.0241e-07
1485 4.70993e-07
1486 4.41451e-07
1487 4.13678e-07
1488 3.87572e-07
1489 3.6304e-07
1490 3.39991e-07
1491 3.18341e-07
1492 2.98008e-07
1493 2.78916e-07
1494 2.60995e-07
1495 2.44175e-07
1496 2.28392e-07
1497 2.13585e-07
1498 1.99698e-07
1499 1.86675e-07
1500 1.74466e-07
1501 1.63021e-07
1502 1.52297e-07
1503 1.42248e-07
1504 1.32836e-07
1505 1.2402e-07
1506 1.15766e-07
1507 1.08039e-07
1508 1.00807e-07
1509 9.404e-08
1510 8.7709e-08
1511 8.17874e-08
1512 7.62499e-08
1513 7.10726e-08
1514 6.62333e-08
1515 6.17107e-08
1516 5.74851e-08
1517 5.35378e-08
1518 4.98512e-08
1519 4.64089e-08
1520 4.31954e-08
1521 4.01961e-08
1522 3.73973e-08
1523 3.47862e-08
1524 3.23508e-08
1525 3.00796e-08
1526 2.79621e-08
1527 2.59882e-08
1528 2.41487e-08
1529 2.24348e-08
1530 2.08382e-08
1531 1.93512e-08
1532 1.79666e-08
1533 1.66776e-08
1534 1.54779e-08
1535 1.43615e-08
1536 1.33228e-08
1537 1.23568e-08
1538 1.14584e-08
1539 1.06231e-08
1540 9.84662e-09
1541 9.12504e-09
1542 8.45458e-09
1543 7.83175e-09
1544 7.25331e-09
1545 6.71619e-09
1546 6.21755e-09
1547 5.75474e-09
1548 5.32527e-09
1549 4.92684e-09
1550 4.55726e-09
1551 4.21453e-09
1552 3.89677e-09
1553 3.60222e-09
1554 3.32924e-09
1555 3.07631e-09
1556 2.842e-09
1557 2.62499e-09
1558 2.42405e-09
1559 2.23803e-09
1560 2.06585e-09
1561 1.90652e-09
1562 1.75911e-09
1563 1.62276e-09
1564 1.49667e-09
1565 1.38009e-09
1566 1.27233e-09
1567 1.17273e-09
1568 1.08071e-09
1569 9.957e-10
1570 9.17186e-10
1571 8.44687e-10
1572 7.77756e-10
1573 7.1598e-10
1574 6.58973e-10
1575 6.06378e-10
1576 5.57865e-10
1577 5.13126e-10
1578 4.71876e-10
1579 4.33851e-10
1580 3.98808e-10
1581 3.66518e-10
1582 3.36772e-10
1583 3.09376e-10
1584 2.84149e-10
1585 2.60924e-10
1586 2.39548e-10
1587 2.19876e-10
1588 2.01778e-10
1589 1.85131e-10
1590 1.69822e-10
1591 1.55746e-10
1592 1.42806e-10
1593 1.30915e-10
1594 1.19988e-10
1595 1.0995e-10
1596 1.00731e-10
1597 9.22657e-11
1598 8.44939e-11
1599 7.73605e-11
1600 7.08145e-11
1601 6.48088e-11
1602 5.92999e-11
1603 5.42479e-11
1604 4.96159e-11
1605 4.53699e-11
1606 4.14785e-11
1607 3.79129e-11
1608 3.46465e-11
1609 3.16549e-11
1610 2.89155e-11
1611 2.64077e-11
1612 2.41122e-11
1613 2.20117e-11
1614 2.00899e-11
1615 1.83321e-11
1616 1.67245e-11
1617 1.52547e-11
1618 1.39112e-11
1619 1.26833e-11
1620 1.15613e-11
1621 1.05364e-11
1622 9.60033e-12
1623 8.74557e-12
1624 7.96524e-12
1625 7.25301e-12
1626 6.60307e-12
1627 6.01011e-12
1628 5.46924e-12
1629 4.976e-12
1630 4.52629e-12
1631 4.11635e-12
1632 3.74275e-12
1633 3.40235e-12
1634 3.09225e-12
1635 2.80982e-12
1636 2.55265e-12
1637 2.31852e-12
1638 2.10543e-12
1639 1.91152e-12
1640 1.7351e-12
1641 1.57463e-12
1642 1.4287e-12
1643 1.29602e-12
1644 1.17542e-12
1645 1.06581e-12
1646 9.66217e-13
1647 8.75747e-13
1648 7.9358e-13
1649 7.1897e-13
1650 6.51237e-13
1651 5.89761e-13
1652 5.33975e-13
1653 4.83363e-13
1654 4.37456e-13
1655 3.95825e-13
1656 3.5808e-13
1657 3.23866e-13
1658 2.92859e-13
1659 2.64764e-13
1660 2.39314e-13
1661 2.16264e-13
1662 1.95393e-13
1663 1.76499e-13
1664 1.59398e-13
1665 1.43923e-13
1666 1.29923e-13
1667 1.17261e-13
1668 1.05809e-13
1669 9.54562e-14
1670 8.60977e-14
1671 7.76403e-14
1672 6.99988e-14
1673 6.3096e-14
1674 5.68618e-14
1675 5.12327e-14
1676 4.61511e-14
1677 4.15646e-14
1678 3.7426e-14
1679 3.36924e-14
1680 3.03247e-14
1681 2.72879e-14
1682 2.455e-14
1683 2.20821e-14
1684 1.9858e-14
1685 1.78542e-14
1686 1.60491e-14
1687 1.44235e-14
1688 1.29598e-14
1689 1.16421e-14
1690 1.04562e-14
1691 9.38913e-15
1692 8.42914e-15
1693 7.56569e-15
1694 6.78925e-15
1695 6.09119e-15
1696 5.46374e-15
1697 4.89989e-15
1698 4.39329e-15
1699 3.93823e-15
1700 3.52955e-15
1701 3.16261e-15
1702 2.83321e-15
1703 2.53758e-15
1704 2.27232e-15
1705 2.03435e-15
1706 1.82091e-15
1707 1.62952e-15
1708 1.45793e-15
1709 1.30414e-15
1710 1.16632e-15
1711 1.04284e-15
1712 9.32236e-16
1713 8.33185e-16
1714 7.445e-16
1715 6.65112e-16
1716 5.94062e-16
1717 5.3049e-16
1718 4.73619e-16
1719 4.22754e-16
1720 3.77272e-16
1721 3.36611e-16
1722 3.00268e-16
1723 2.67792e-16
1724 2.38777e-16
1725 2.12861e-16
1726 1.89717e-16
1727 1.69053e-16
1728 1.50607e-16
1729 1.34146e-16
1730 1.19458e-16
1731 1.06356e-16
1732 9.46702e-17
1733 8.42506e-17
1734 7.49617e-17
1735 6.66827e-17
1736 5.93053e-17
1737 5.27329e-17
1738 4.68788e-17
1739 4.16657e-17
1740 3.70243e-17
1741 3.2893e-17
1742 2.92163e-17
1743 2.59451e-17
1744 2.30352e-17
1745 2.04473e-17
1746 1.81463e-17
1747 1.61007e-17
1748 1.42827e-17
1749 1.26672e-17
1750 1.12321e-17
1751 9.95741e-18
1752 8.8255e-18
1753 7.82058e-18
1754 6.9286e-18
1755 6.13704e-18
1756 5.43475e-18
1757 4.81179e-18
1758 4.25933e-18
1759 3.76948e-18
1760 3.33526e-18
1761 2.95043e-18
1762 2.60944e-18
1763 2.30736e-18
1764 2.03981e-18
1765 1.8029e-18
1766 1.59317e-18
1767 1.40753e-18
1768 1.24325e-18
1769 1.09792e-18
1770 9.69361e-19
1771 8.55674e-19
1772 7.55158e-19
1773 6.66307e-19
1774 5.87783e-19
1775 5.18402e-19
1776 4.57112e-19
1777 4.02982e-19
1778 3.55186e-19
1779 3.12991e-19
1780 2.75749e-19
1781 2.42887e-19
1782 2.13894e-19
1783 1.88322e-19
1784 1.65772e-19
1785 1.4589e-19
1786 1.28366e-19
1787 1.12922e-19
1788 9.93144e-20
1789 8.73281e-20
1790 7.67718e-20
1791 6.74771e-20
1792 5.92949e-20
1793 5.20937e-20
1794 4.57571e-20
1795 4.01827e-20
1796 3.52798e-20
1797 3.09684e-20
1798 2.71781e-20
1799 2.38465e-20
1800 2.09188e-20
1801 1.83466e-20
1802 1.60872e-20
1803 1.4103e-20
1804 1.23609e-20
1805 1.08316e-20
1806 9.48954e-21
1807 8.31194e-21
1808 7.2789e-21
1809 6.37287e-21
1810 5.57842e-21
1811 4.88195e-21
1812 4.27152e-21
1813 3.73661e-21
1814 3.26798e-21
1815 2.8575e-21
1816 2.49805e-21
1817 2.18334e-21
1818 1.90786e-21
1819 1.66679e-21
1820 1.45586e-21
1821 1.27135e-21
1822 1.10998e-21
1823 9.68887e-22
1824 8.45546e-22
1825 7.37747e-22
1826 6.43552e-22
1827 5.61263e-22
1828 4.8939e-22
1829 4.26628e-22
1830 3.71835e-22
1831 3.24009e-22
1832 2.82274e-22
1833 2.45861e-22
1834 2.14099e-22
1835 1.864e-22
1836 1.6225e-22
1837 1.41198e-22
1838 1.2285e-22
1839 1.06864e-22
1840 9.2938e-23
1841 8.08091e-23
1842 7.0248e-23
1843 6.10539e-23
1844 5.30516e-23
1845 4.60882e-23
1846 4.00301e-23
1847 3.47608e-23
1848 3.01785e-23
1849 2.61947e-23
1850 2.27318e-23
1851 1.97224e-23
1852 1.71077e-23
1853 1.48365e-23
1854 1.2864e-23
1855 1.11513e-23
1856 9.66452e-24
1857 8.37417e-24
1858 7.25453e-24
1859 6.28322e-24
1860 5.44078e-24
1861 4.71027e-24
1862 4.07696e-24
1863 3.52803e-24
1864 3.05235e-24
1865 2.64024e-24
1866 2.28327e-24
1867 1.97413e-24
1868 1.70648e-24
1869 1.4748e-24
1870 1.27429e-24
1871 1.10081e-24
1872 9.50735e-25
1873 8.20943e-25
1874 7.08717e-25
1875 6.11699e-25
1876 5.27848e-25
1877 4.55392e-25
1878 3.92797e-25
1879 3.38732e-25
1880 2.92045e-25
1881 2.51738e-25
1882 2.16947e-25
1883 1.86923e-25
1884 1.6102e-25
1885 1.38676e-25
1886 1.19407e-25
1887 1.02792e-25
1888 8.84706e-26
1889 7.61277e-26
1890 6.54926e-26
1891 5.6331e-26
1892 4.84404e-26
1893 4.1646e-26
1894 3.57968e-26
1895 3.07624e-26
1896 2.64304e-26
1897 2.27034e-26
1898 1.94977e-26
1899 1.6741e-26
1900 1.43709e-26
1901 1.23337e-26
1902 1.0583e-26
1903 9.07878e-27
1904 7.78668e-27
1905 6.67702e-27
1906 5.72424e-27
1907 4.90635e-27
1908 4.20441e-27
1909 3.60211e-27
1910 3.08541e-27
1911 2.64225e-27
1912 2.26226e-27
1913 1.93649e-27
1914 1.65727e-27
1915 1.418e-27
1916 1.21301e-27
1917 1.03742e-27
1918 8.87063e-28
1919 7.58331e-28
1920 6.48138e-28
1921 5.53837e-28
1922 4.73153e-28
1923 4.04134e-28
1924 3.45108e-28
1925 2.94639e-28
1926 2.51496e-28
1927 2.14622e-28
1928 1.83116e-28
1929 1.562e-28
1930 1.33211e-28
1931 1.13582e-28
1932 9.6823e-29
1933 8.25188e-29
1934 7.03127e-29
1935 5.9899e-29
1936 5.10164e-29
1937 4.34417e-29
1938 3.69836e-29
1939 3.14785e-29
1940 2.67871e-29
1941 2.27899e-29
1942 1.93848e-29
1943 1.6485e-29
1944 1.40158e-29
1945 1.19139e-29
1946 1.0125e-29
1947 8.60282e-30
1948 7.30789e-30
1949 6.20648e-30
1950 5.26997e-30
1951 4.47376e-30
1952 3.797e-30
1953 3.22194e-30
1954 2.73336e-30
1955 2.31836e-30
1956 1.96593e-30
1957 1.66672e-30
1958 1.41274e-30
1959 1.19719e-30
1960 1.01431e-30
1961 8.59179e-31
1962 7.27616e-31
1963 6.1606e-31
1964 5.21495e-31
1965 4.41349e-31
1966 3.73437e-31
1967 3.15906e-31
1968 2.67179e-31
1969 2.25919e-31
1970 1.90988e-31
1971 1.61423e-31
1972 1.36404e-31
1973 1.15238e-31
1974 9.7335e-32
1975 8.21954e-32
1976 6.93952e-32
1977 5.85755e-32
1978 4.94318e-32
1979 4.17061e-32
1980 3.51805e-32
1981 2.96692e-32
1982 2.50158e-32
1983 2.10876e-32
1984 1.77724e-32
1985 1.49751e-32
1986 1.26151e-32
1987 1.06249e-32
1988 8.94668e-33
1989 7.53178e-33
1990 6.33925e-33
1991 5.33449e-33
1992 4.48795e-33
1993 3.77487e-33
1994 3.17437e-33
1995 2.66883e-33
1996 2.24332e-33
1997 1.88523e-33
1998 1.58394e-33
1999 1.33052e-33
2000 1.11737e-33
2001 9.38169e-34
2002 7.8754e-34
2003 6.60943e-34
2004 5.54567e-34
2005 4.65205e-34
2006 3.90156e-34
2007 3.27138e-34
2008 2.74239e-34
2009 2.29841e-34
2010 1.92581e-34
2011 1.61325e-34
2012 1.35108e-34
2013 1.13123e-34
2014 9.46918e-35
2015 7.92425e-35
2016 6.62979e-35
2017 5.54518e-35
2018 4.63662e-35
2019 3.8758e-35
2020 3.23874e-35
2021 2.70553e-35
2022 2.2593e-35
2023 1.8859e-35
2024 1.57355e-35
2025 1.31232e-35
2026 1.0939e-35
2027 9.11313e-36
2028 7.58712e-36
2029 6.31194e-36
2030 5.24676e-36
2031 4.35708e-36
2032 3.61426e-36
2033 2.99417e-36
2034 2.47667e-36
2035 2.0449e-36
2036 1.68481e-36
2037 1.38459e-36
2038 1.13438e-36
2039 9.25964e-37
2040 7.52463e-37
2041 6.08179e-37
2042 4.88276e-37
2043 3.88801e-37
2044 3.06448e-37
2045 2.38438e-37
2046 1.82484e-37
2047 1.36714e-37
