0 1.76773e-48
1 1.58537e-48
2 1.46061e-48
3 1.3871e-48
4 1.36106e-48
5 1.38101e-48
6 1.44772e-48
7 1.56427e-48
8 1.73611e-48
9 1.97135e-48
10 2.28114e-48
11 2.68014e-48
12 3.18724e-48
13 3.82638e-48
14 4.62768e-48
15 5.62884e-48
16 6.8768e-48
17 8.42999e-48
18 1.03609e-47
19 1.27594e-47
20 1.57368e-47
21 1.94312e-47
22 2.40132e-47
23 2.96939e-47
24 3.67346e-47
25 4.54582e-47
26 5.62636e-47
27 6.96441e-47
28 8.62088e-47
29 1.0671e-46
30 1.32077e-46
31 1.63456e-46
32 2.02263e-46
33 2.50242e-46
34 3.09548e-46
35 3.82836e-46
36 4.7338e-46
37 5.85216e-46
38 7.23316e-46
39 8.93805e-46
40 1.10423e-45
41 1.36389e-45
42 1.68421e-45
43 2.07927e-45
44 2.56641e-45
45 3.16692e-45
46 3.90704e-45
47 4.81898e-45
48 5.94237e-45
49 7.32591e-45
50 9.02945e-45
51 1.11265e-44
52 1.37073e-44
53 1.68828e-44
54 2.0789e-44
55 2.5593e-44
56 3.14996e-44
57 3.87604e-44
58 4.76836e-44
59 5.86473e-44
60 7.21148e-44
61 8.86542e-44
62 1.08961e-43
63 1.33889e-43
64 1.6448e-43
65 2.02013e-43
66 2.48053e-43
67 3.04513e-43
68 3.73737e-43
69 4.58589e-43
70 5.62574e-43
71 6.89973e-43
72 8.46022e-43
73 1.03712e-42
74 1.27108e-42
75 1.55744e-42
76 1.90787e-42
77 2.33658e-42
78 2.86095e-42
79 3.50215e-42
80 4.28603e-42
81 5.2441e-42
82 6.41478e-42
83 7.84491e-42
84 9.59155e-42
85 1.17242e-41
86 1.43277e-41
87 1.75049e-41
88 2.13816e-41
89 2.61104e-41
90 3.18772e-41
91 3.89083e-41
92 4.74786e-41
93 5.79225e-41
94 7.06466e-41
95 8.61447e-41
96 1.05017e-40
97 1.27993e-40
98 1.55957e-40
99 1.89984e-40
100 2.31379e-40
101 2.81725e-40
102 3.42944e-40
103 4.17362e-40
104 5.07806e-40
105 6.177e-40
106 7.51196e-40
107 9.13321e-40
108 1.11017e-39
109 1.34912e-39
110 1.6391e-39
111 1.99095e-39
112 2.41773e-39
113 2.93531e-39
114 3.56284e-39
115 4.3235e-39
116 5.24531e-39
117 6.36216e-39
118 7.71499e-39
119 9.35328e-39
120 1.13368e-38
121 1.37377e-38
122 1.66432e-38
123 2.01585e-38
124 2.44105e-38
125 2.95525e-38
126 3.57694e-38
127 4.32839e-38
128 5.23649e-38
129 6.33363e-38
130 7.65886e-38
131 9.25922e-38
132 1.11914e-37
133 1.35235e-37
134 1.63379e-37
135 1.97334e-37
136 2.3829e-37
137 2.87678e-37
138 3.47221e-37
139 4.18991e-37
140 5.05476e-37
141 6.09668e-37
142 7.35165e-37
143 8.86285e-37
144 1.06822e-36
145 1.28719e-36
146 1.55067e-36
147 1.86766e-36
148 2.2489e-36
149 2.70731e-36
150 3.25838e-36
151 3.92069e-36
152 4.71649e-36
153 5.67244e-36
154 6.8205e-36
155 8.19895e-36
156 9.85361e-36
157 1.18393e-35
158 1.42218e-35
159 1.70795e-35
160 2.05065e-35
161 2.46151e-35
162 2.95397e-35
163 3.5441e-35
164 4.25108e-35
165 5.09786e-35
166 6.11183e-35
167 7.3257e-35
168 8.77854e-35
169 1.05169e-34
170 1.25966e-34
171 1.50838e-34
172 1.80577e-34
173 2.16128e-34
174 2.58616e-34
175 3.09382e-34
176 3.70025e-34
177 4.42449e-34
178 5.28922e-34
179 6.32146e-34
180 7.55335e-34
181 9.02315e-34
182 1.07764e-33
183 1.28673e-33
184 1.53603e-33
185 1.8332e-33
186 2.18734e-33
187 2.60929e-33
188 3.11191e-33
189 3.71048e-33
190 4.42315e-33
191 5.27147e-33
192 6.28104e-33
193 7.4822e-33
194 8.91101e-33
195 1.06102e-32
196 1.26305e-32
197 1.50319e-32
198 1.78858e-32
199 2.12766e-32
200 2.53043e-32
201 3.00874e-32
202 3.57664e-32
203 4.25073e-32
204 5.0507e-32
205 5.99981e-32
206 7.1256e-32
207 8.46065e-32
208 1.00435e-31
209 1.19196e-31
210 1.41429e-31
211 1.67769e-31
212 1.98967e-31
213 2.35911e-31
214 2.79648e-31
215 3.31414e-31
216 3.92669e-31
217 4.65135e-31
218 5.50842e-31
219 6.52184e-31
220 7.71984e-31
221 9.13571e-31
222 1.08086e-30
223 1.27848e-30
224 1.51186e-30
225 1.78742e-30
226 2.11267e-30
227 2.49652e-30
228 2.94938e-30
229 3.48354e-30
230 4.11344e-30
231 4.85606e-30
232 5.73135e-30
233 6.76277e-30
234 7.97786e-30
235 9.40899e-30
236 1.10942e-29
237 1.3078e-29
238 1.54128e-29
239 1.816e-29
240 2.13918e-29
241 2.51927e-29
242 2.96618e-29
243 3.49153e-29
244 4.10894e-29
245 4.83438e-29
246 5.68654e-29
247 6.68732e-29
248 7.86236e-29
249 9.2417e-29
250 1.08605e-28
251 1.27597e-28
252 1.49877e-28
253 1.76005e-28
254 2.06639e-28
255 2.42549e-28
256 2.84633e-28
257 3.33942e-28
258 3.91701e-28
259 4.59343e-28
260 5.38542e-28
261 6.3125e-28
262 7.39745e-28
263 8.66687e-28
264 1.01518e-27
265 1.18883e-27
266 1.39187e-27
267 1.62921e-27
268 1.90657e-27
269 2.23063e-27
270 2.60917e-27
271 3.05123e-27
272 3.56735e-27
273 4.1698e-27
274 4.87285e-27
275 5.69309e-27
276 6.64983e-27
277 7.76552e-27
278 9.06624e-27
279 1.05823e-26
280 1.2349e-26
281 1.44071e-26
282 1.68042e-26
283 1.95955e-26
284 2.28448e-26
285 2.66266e-26
286 3.10268e-26
287 3.61455e-26
288 4.20984e-26
289 4.90197e-26
290 5.70649e-26
291 6.64144e-26
292 7.72766e-26
293 8.98933e-26
294 1.04544e-25
295 1.21553e-25
296 1.41295e-25
297 1.64202e-25
298 1.90776e-25
299 2.21596e-25
300 2.57332e-25
301 2.98757e-25
302 3.46766e-25
303 4.02392e-25
304 4.66826e-25
305 5.41445e-25
306 6.27839e-25
307 7.2784e-25
308 8.43565e-25
309 9.77454e-25
310 1.13232e-24
311 1.3114e-24
312 1.51845e-24
313 1.75776e-24
314 2.0343e-24
315 2.35379e-24
316 2.72281e-24
317 3.14893e-24
318 3.64089e-24
319 4.20871e-24
320 4.86394e-24
321 5.61987e-24
322 6.49177e-24
323 7.49718e-24
324 8.6563e-24
325 9.9923e-24
326 1.15318e-23
327 1.33055e-23
328 1.53483e-23
329 1.77008e-23
330 2.0409e-23
331 2.35263e-23
332 2.71133e-23
333 3.124e-23
334 3.59865e-23
335 4.14446e-23
336 4.77194e-23
337 5.49314e-23
338 6.32186e-23
339 7.27391e-23
340 8.36737e-23
341 9.62294e-23
342 1.10643e-22
343 1.27186e-22
344 1.46167e-22
345 1.67941e-22
346 1.92912e-22
347 2.21543e-22
348 2.54362e-22
349 2.91973e-22
350 3.35063e-22
351 3.84419e-22
352 4.40937e-22
353 5.05641e-22
354 5.79696e-22
355 6.64434e-22
356 7.61369e-22
357 8.72231e-22
358 9.98985e-22
359 1.14387e-21
360 1.30945e-21
361 1.49862e-21
362 1.71468e-21
363 1.96141e-21
364 2.24307e-21
365 2.56453e-21
366 2.93132e-21
367 3.34974e-21
368 3.82691e-21
369 4.37097e-21
370 4.99111e-21
371 5.69782e-21
372 6.50296e-21
373 7.42003e-21
374 8.46432e-21
375 9.65319e-21
376 1.10063e-20
377 1.2546e-20
378 1.42976e-20
379 1.62898e-20
380 1.8555e-20
381 2.113e-20
382 2.40567e-20
383 2.7382e-20
384 3.11596e-20
385 3.54499e-20
386 4.03213e-20
387 4.58512e-20
388 5.21273e-20
389 5.92485e-20
390 6.73268e-20
391 7.64887e-20
392 8.68771e-20
393 9.86536e-20
394 1.12001e-19
395 1.27124e-19
396 1.44256e-19
397 1.6366e-19
398 1.8563e-19
399 2.10502e-19
400 2.38652e-19
401 2.70504e-19
402 3.06536e-19
403 3.47289e-19
404 3.93368e-19
405 4.45459e-19
406 5.04331e-19
407 5.70851e-19
408 6.45994e-19
409 7.30858e-19
410 8.26676e-19
411 9.34835e-19
412 1.0569e-18
413 1.19461e-18
414 1.34994e-18
415 1.52511e-18
416 1.72258e-18
417 1.94516e-18
418 2.19595e-18
419 2.47847e-18
420 2.79664e-18
421 3.15488e-18
422 3.55811e-18
423 4.01187e-18
424 4.52236e-18
425 5.0965e-18
426 5.74207e-18
427 6.46776e-18
428 7.28328e-18
429 8.19951e-18
430 9.22862e-18
431 1.03842e-17
432 1.16814e-17
433 1.31372e-17
434 1.47706e-17
435 1.66028e-17
436 1.86573e-17
437 2.09606e-17
438 2.3542e-17
439 2.64345e-17
440 2.96746e-17
441 3.33031e-17
442 3.73656e-17
443 4.19128e-17
444 4.70012e-17
445 5.26938e-17
446 5.90607e-17
447 6.61801e-17
448 7.41388e-17
449 8.30336e-17
450 9.29723e-17
451 1.04075e-16
452 1.16474e-16
453 1.30318e-16
454 1.45772e-16
455 1.6302e-16
456 1.82264e-16
457 2.03731e-16
458 2.27672e-16
459 2.54366e-16
460 2.84124e-16
461 3.17289e-16
462 3.54243e-16
463 3.95411e-16
464 4.41261e-16
465 4.92315e-16
466 5.49153e-16
467 6.12414e-16
468 6.82809e-16
469 7.61124e-16
470 8.48233e-16
471 9.45099e-16
472 1.05279e-15
473 1.1725e-15
474 1.30552e-15
475 1.45331e-15
476 1.61746e-15
477 1.79976e-15
478 2.00214e-15
479 2.22678e-15
480 2.47606e-15
481 2.75262e-15
482 3.05936e-15
483 3.39948e-15
484 3.77654e-15
485 4.19443e-15
486 4.65745e-15
487 5.17035e-15
488 5.73833e-15
489 6.36715e-15
490 7.06312e-15
491 7.83322e-15
492 8.6851e-15
493 9.62717e-15
494 1.06687e-14
495 1.18198e-14
496 1.30917e-14
497 1.44966e-14
498 1.60481e-14
499 1.77607e-14
500 1.96509e-14
501 2.17363e-14
502 2.40363e-14
503 2.65724e-14
504 2.9368e-14
505 3.24485e-14
506 3.58421e-14
507 3.95795e-14
508 4.36943e-14
509 4.82231e-14
510 5.32063e-14
511 5.86877e-14
512 6.47154e-14
513 7.13419e-14
514 7.86247e-14
515 8.66264e-14
516 9.54155e-14
517 1.05067e-13
518 1.15662e-13
519 1.2729e-13
520 1.40049e-13
521 1.54044e-13
522 1.69391e-13
523 1.86218e-13
524 2.04661e-13
525 2.24871e-13
526 2.47012e-13
527 2.71263e-13
528 2.97819e-13
529 3.26892e-13
530 3.58714e-13
531 3.93536e-13
532 4.31634e-13
533 4.73307e-13
534 5.18881e-13
535 5.68711e-13
536 6.23183e-13
537 6.82718e-13
538 7.47775e-13
539 8.1885e-13
540 8.96486e-13
541 9.81273e-13
542 1.07385e-12
543 1.17492e-12
544 1.28523e-12
545 1.40561e-12
546 1.53695e-12
547 1.68022e-12
548 1.83648e-12
549 2.00686e-12
550 2.19262e-12
551 2.39509e-12
552 2.61573e-12
553 2.85612e-12
554 3.11797e-12
555 3.40314e-12
556 3.71362e-12
557 4.0516e-12
558 4.41941e-12
559 4.81959e-12
560 5.25488e-12
561 5.72824e-12
562 6.24286e-12
563 6.80218e-12
564 7.40991e-12
565 8.07007e-12
566 8.78695e-12
567 9.56519e-12
568 1.04098e-11
569 1.13261e-11
570 1.232e-11
571 1.33975e-11
572 1.45654e-11
573 1.58307e-11
574 1.72013e-11
575 1.86852e-11
576 2.02912e-11
577 2.20289e-11
578 2.39082e-11
579 2.594e-11
580 2.81359e-11
581 3.05081e-11
582 3.30698e-11
583 3.58352e-11
584 3.88192e-11
585 4.20379e-11
586 4.55084e-11
587 4.92489e-11
588 5.3279e-11
589 5.76194e-11
590 6.22921e-11
591 6.73207e-11
592 7.27303e-11
593 7.85476e-11
594 8.4801e-11
595 9.15209e-11
596 9.87393e-11
597 1.06491e-10
598 1.14812e-10
599 1.23741e-10
600 1.3332e-10
601 1.43592e-10
602 1.54606e-10
603 1.6641e-10
604 1.79058e-10
605 1.92606e-10
606 2.07116e-10
607 2.22651e-10
608 2.39279e-10
609 2.57075e-10
610 2.76115e-10
611 2.96483e-10
612 3.18268e-10
613 3.41564e-10
614 3.66472e-10
615 3.931e-10
616 4.21562e-10
617 4.51982e-10
618 4.8449e-10
619 5.19227e-10
620 5.56341e-10
621 5.95993e-10
622 6.38353e-10
623 6.83602e-10
624 7.31935e-10
625 7.8356e-10
626 8.38698e-10
627 8.97584e-10
628 9.60472e-10
629 1.02763e-09
630 1.09935e-09
631 1.17592e-09
632 1.25769e-09
633 1.34499e-09
634 1.43819e-09
635 1.53769e-09
636 1.64391e-09
637 1.75728e-09
638 1.87828e-09
639 2.0074e-09
640 2.14518e-09
641 2.29217e-09
642 2.44897e-09
643 2.6162e-09
644 2.79453e-09
645 2.98464e-09
646 3.18728e-09
647 3.40322e-09
648 3.63327e-09
649 3.87828e-09
650 4.13915e-09
651 4.41682e-09
652 4.71225e-09
653 5.02649e-09
654 5.36059e-09
655 5.71567e-09
656 6.09287e-09
657 6.49341e-09
658 6.91852e-09
659 7.3695e-09
660 7.84766e-09
661 8.35439e-09
662 8.89109e-09
663 9.45921e-09
664 1.00603e-08
665 1.06957e-08
666 1.13672e-08
667 1.20762e-08
668 1.28245e-08
669 1.36135e-08
670 1.44451e-08
671 1.53208e-08
672 1.62424e-08
673 1.72116e-08
674 1.823e-08
675 1.92994e-08
676 2.04215e-08
677 2.1598e-08
678 2.28306e-08
679 2.41209e-08
680 2.54706e-08
681 2.68813e-08
682 2.83546e-08
683 2.98922e-08
684 3.14954e-08
685 3.31659e-08
686 3.4905e-08
687 3.67142e-08
688 3.85949e-08
689 4.05483e-08
690 4.25758e-08
691 4.46787e-08
692 4.68581e-08
693 4.91154e-08
694 5.14516e-08
695 5.38679e-08
696 5.63656e-08
697 5.89458e-08
698 6.16099e-08
699 6.4359e-08
700 6.71946e-08
701 7.01181e-08
702 7.31311e-08
703 7.62355e-08
704 7.94331e-08
705 8.27261e-08
706 8.6117e-08
707 8.96085e-08
708 9.32037e-08
709 9.69062e-08
710 1.0072e-07
711 1.04649e-07
712 1.087e-07
713 1.12877e-07
714 1.17186e-07
715 1.21637e-07
716 1.26235e-07
717 1.30991e-07
718 1.35915e-07
719 1.41017e-07
720 1.4631e-07
721 1.51807e-07
722 1.57525e-07
723 1.63478e-07
724 1.69685e-07
725 1.76166e-07
726 1.82942e-07
727 1.90036e-07
728 1.97473e-07
729 2.0528e-07
730 2.13485e-07
731 2.22121e-07
732 2.3122e-07
733 2.40818e-07
734 2.50952e-07
735 2.61662e-07
736 2.72992e-07
737 2.84985e-07
738 2.97689e-07
739 3.11153e-07
740 3.25429e-07
741 3.40572e-07
742 3.56637e-07
743 3.73683e-07
744 3.91772e-07
745 4.10965e-07
746 4.31328e-07
747 4.52925e-07
748 4.75827e-07
749 5.001e-07
750 5.25816e-07
751 5.53045e-07
752 5.8186e-07
753 6.12332e-07
754 6.44533e-07
755 6.78535e-07
756 7.14408e-07
757 7.52223e-07
758 7.92046e-07
759 8.33943e-07
760 8.7798e-07
761 9.24214e-07
762 9.72704e-07
763 1.0235e-06
764 1.07665e-06
765 1.13221e-06
766 1.19019e-06
767 1.25065e-06
768 1.31359e-06
769 1.37903e-06
770 1.44699e-06
771 1.51745e-06
772 1.59042e-06
773 1.66585e-06
774 1.74373e-06
775 1.82401e-06
776 1.90663e-06
777 1.99152e-06
778 2.0786e-06
779 2.16777e-06
780 2.25892e-06
781 2.35193e-06
782 2.44665e-06
783 2.54294e-06
784 2.64061e-06
785 2.73948e-06
786 2.83935e-06
787 2.94e-06
788 3.04119e-06
789 3.14267e-06
790 3.24418e-06
791 3.34542e-06
792 3.44611e-06
793 3.54593e-06
794 3.64455e-06
795 3.74163e-06
796 3.83683e-06
797 3.92978e-06
798 4.02011e-06
799 4.10743e-06
800 4.19136e-06
801 4.2715e-06
802 4.34744e-06
803 4.4188e-06
804 4.48516e-06
805 4.54613e-06
806 4.60131e-06
807 4.6503e-06
808 4.69273e-06
809 4.72822e-06
810 4.75643e-06
811 4.777e-06
812 4.78962e-06
813 4.794e-06
814 4.78987e-06
815 4.777e-06
816 4.75517e-06
817 4.72422e-06
818 4.68403e-06
819 4.63452e-06
820 4.57566e-06
821 4.50747e-06
822 4.43004e-06
823 4.34349e-06
824 4.24806e-06
825 4.144e-06
826 4.03166e-06
827 3.91149e-06
828 3.78399e-06
829 3.64975e-06
830 3.50947e-06
831 3.36393e-06
832 3.21401e-06
833 3.06069e-06
834 2.90507e-06
835 2.74834e-06
836 2.59182e-06
837 2.43695e-06
838 2.28527e-06
839 2.13847e-06
840 1.99835e-06
841 1.86685e-06
842 1.74603e-06
843 1.63811e-06
844 1.54543e-06
845 1.47047e-06
846 1.41587e-06
847 1.38439e-06
848 1.37895e-06
849 1.40263e-06
850 1.45865e-06
851 1.55036e-06
852 1.6813e-06
853 1.85513e-06
854 2.07567e-06
855 2.34691e-06
856 2.67298e-06
857 3.05815e-06
858 3.50687e-06
859 4.02372e-06
860 4.61344e-06
861 5.28093e-06
862 6.03121e-06
863 6.86949e-06
864 7.80109e-06
865 8.8315e-06
866 9.96634e-06
867 1.12114e-05
868 1.25726e-05
869 1.40559e-05
870 1.56676e-05
871 1.7414e-05
872 1.93016e-05
873 2.1337e-05
874 2.35268e-05
875 2.58781e-05
876 2.83977e-05
877 3.10928e-05
878 3.39706e-05
879 3.70386e-05
880 4.03043e-05
881 4.37753e-05
882 4.74593e-05
883 5.13643e-05
884 5.54984e-05
885 5.98696e-05
886 6.44863e-05
887 6.93569e-05
888 7.44899e-05
889 7.9894e-05
890 8.55781e-05
891 9.15512e-05
892 9.78223e-05
893 0.000104401
894 0.000111296
895 0.000118518
896 0.000126075
897 0.000133979
898 0.000142239
899 0.000150865
900 0.000159868
901 0.000169258
902 0.000179047
903 0.000189245
904 0.000199864
905 0.000210915
906 0.000222409
907 0.00023436
908 0.000246779
909 0.000259678
910 0.000273071
911 0.00028697
912 0.000301388
913 0.000316341
914 0.00033184
915 0.000347901
916 0.000364539
917 0.000381767
918 0.000399602
919 0.00041806
920 0.000437155
921 0.000456906
922 0.000477328
923 0.000498438
924 0.000520256
925 0.000542798
926 0.000566083
927 0.00059013
928 0.000614958
929 0.000640588
930 0.00066704
931 0.000694334
932 0.000722492
933 0.000751536
934 0.000781487
935 0.000812369
936 0.000844205
937 0.000877019
938 0.000910834
939 0.000945675
940 0.000981568
941 0.00101854
942 0.00105661
943 0.00109581
944 0.00113617
945 0.00117772
946 0.00122048
947 0.00126447
948 0.00130974
949 0.00135631
950 0.0014042
951 0.00145345
952 0.00150409
953 0.00155615
954 0.00160966
955 0.00166466
956 0.00172116
957 0.00177921
958 0.00183884
959 0.00190007
960 0.00196295
961 0.0020275
962 0.00209376
963 0.00216175
964 0.00223152
965 0.00230309
966 0.0023765
967 0.00245178
968 0.00252896
969 0.00260807
970 0.00268915
971 0.00277222
972 0.00285733
973 0.00294449
974 0.00303374
975 0.00312511
976 0.00321863
977 0.00331432
978 0.00341223
979 0.00351236
980 0.00361475
981 0.00371943
982 0.00382643
983 0.00393575
984 0.00404743
985 0.0041615
986 0.00427796
987 0.00439684
988 0.00451817
989 0.00464195
990 0.0047682
991 0.00489693
992 0.00502817
993 0.00516192
994 0.00529819
995 0.00543699
996 0.00557832
997 0.00572219
998 0.00586861
999 0.00601757
1000 0.00616907
1001 0.00632312
1002 0.0064797
1003 0.0066388
1004 0.00680043
1005 0.00696456
1006 0.00713119
1007 0.0073003
1008 0.00747186
1009 0.00764586
1010 0.00782228
1011 0.00800109
1012 0.00818226
1013 0.00836577
1014 0.00855157
1015 0.00873963
1016 0.00892992
1017 0.00912239
1018 0.009317
1019 0.0095137
1020 0.00971245
1021 0.00991319
1022 0.0101159
1023 0.0103204
1024 0.0105268
1025 0.010735
1026 0.0109448
1027 0.0111563
1028 0.0113693
1029 0.0115838
1030 0.0117997
1031 0.012017
1032 0.0122354
1033 0.0124551
1034 0.0126758
1035 0.0128976
1036 0.0131202
1037 0.0133436
1038 0.0135678
1039 0.0137925
1040 0.0140178
1041 0.0142435
1042 0.0144695
1043 0.0146957
1044 0.0149219
1045 0.0151482
1046 0.0153744
1047 0.0156002
1048 0.0158258
1049 0.0160509
1050 0.0162753
1051 0.0164991
1052 0.016722
1053 0.016944
1054 0.0171649
1055 0.0173846
1056 0.017603
1057 0.0178199
1058 0.0180353
1059 0.0182489
1060 0.0184607
1061 0.0186706
1062 0.0188784
1063 0.019084
1064 0.0192872
1065 0.019488
1066 0.0196862
1067 0.0198817
1068 0.0200744
1069 0.020264
1070 0.0204507
1071 0.0206341
1072 0.0208141
1073 0.0209908
1074 0.0211638
1075 0.0213332
1076 0.0214988
1077 0.0216605
1078 0.0218182
1079 0.0219718
1080 0.0221211
1081 0.0222661
1082 0.0224066
1083 0.0225426
1084 0.022674
1085 0.0228007
1086 0.0229225
1087 0.0230394
1088 0.0231514
1089 0.0232583
1090 0.02336
1091 0.0234565
1092 0.0235477
1093 0.0236336
1094 0.023714
1095 0.023789
1096 0.0238584
1097 0.0239222
1098 0.0239804
1099 0.0240329
1100 0.0240797
1101 0.0241207
1102 0.0241559
1103 0.0241853
1104 0.0242089
1105 0.0242266
1106 0.0242384
1107 0.0242444
1108 0.0242444
1109 0.0242386
1110 0.0242269
1111 0.0242092
1112 0.0241858
1113 0.0241564
1114 0.0241212
1115 0.0240802
1116 0.0240334
1117 0.0239809
1118 0.0239226
1119 0.0238587
1120 0.0237891
1121 0.023714
1122 0.0236333
1123 0.0235471
1124 0.0234556
1125 0.0233587
1126 0.0232565
1127 0.0231491
1128 0.0230365
1129 0.022919
1130 0.0227964
1131 0.0226689
1132 0.0225367
1133 0.0223997
1134 0.0222582
1135 0.0221121
1136 0.0219616
1137 0.0218068
1138 0.0216477
1139 0.0214846
1140 0.0213175
1141 0.0211465
1142 0.0209717
1143 0.0207933
1144 0.0206113
1145 0.0204259
1146 0.0202373
1147 0.0200454
1148 0.0198505
1149 0.0196527
1150 0.019452
1151 0.0192487
1152 0.0190429
1153 0.0188346
1154 0.018624
1155 0.0184112
1156 0.0181964
1157 0.0179797
1158 0.0177612
1159 0.0175411
1160 0.0173194
1161 0.0170963
1162 0.0168719
1163 0.0166464
1164 0.0164199
1165 0.0161924
1166 0.0159642
1167 0.0157353
1168 0.0155059
1169 0.015276
1170 0.0150459
1171 0.0148155
1172 0.0145851
1173 0.0143547
1174 0.0141245
1175 0.0138946
1176 0.013665
1177 0.0134359
1178 0.0132074
1179 0.0129796
1180 0.0127525
1181 0.0125264
1182 0.0123012
1183 0.012077
1184 0.011854
1185 0.0116323
1186 0.0114119
1187 0.0111929
1188 0.0109754
1189 0.0107594
1190 0.0105451
1191 0.0103325
1192 0.0101217
1193 0.00991272
1194 0.00970566
1195 0.00950058
1196 0.00929753
1197 0.00909656
1198 0.00889774
1199 0.0087011
1200 0.00850671
1201 0.00831459
1202 0.0081248
1203 0.00793738
1204 0.00775236
1205 0.00756977
1206 0.00738966
1207 0.00721204
1208 0.00703695
1209 0.0068644
1210 0.00669443
1211 0.00652704
1212 0.00636227
1213 0.00620011
1214 0.00604059
1215 0.00588372
1216 0.00572949
1217 0.00557793
1218 0.00542903
1219 0.0052828
1220 0.00513922
1221 0.00499832
1222 0.00486007
1223 0.00472447
1224 0.00459151
1225 0.00446119
1226 0.0043335
1227 0.00420842
1228 0.00408593
1229 0.00396603
1230 0.00384869
1231 0.0037339
1232 0.00362163
1233 0.00351187
1234 0.00340459
1235 0.00329977
1236 0.00319739
1237 0.00309742
1238 0.00299983
1239 0.00290459
1240 0.00281169
1241 0.00272108
1242 0.00263274
1243 0.00254664
1244 0.00246274
1245 0.00238102
1246 0.00230145
1247 0.00222398
1248 0.00214859
1249 0.00207524
1250 0.0020039
1251 0.00193454
1252 0.00186712
1253 0.0018016
1254 0.00173795
1255 0.00167614
1256 0.00161613
1257 0.00155788
1258 0.00150136
1259 0.00144654
1260 0.00139337
1261 0.00134183
1262 0.00129188
1263 0.00124348
1264 0.0011966
1265 0.0011512
1266 0.00110726
1267 0.00106473
1268 0.00102358
1269 0.000983779
1270 0.000945295
1271 0.000908094
1272 0.000872142
1273 0.000837409
1274 0.000803861
1275 0.000771468
1276 0.000740199
1277 0.000710024
1278 0.000680912
1279 0.000652833
1280 0.000625759
1281 0.000599661
1282 0.000574511
1283 0.000550281
1284 0.000526944
1285 0.000504473
1286 0.000482842
1287 0.000462025
1288 0.000441998
1289 0.000422736
1290 0.000404214
1291 0.00038641
1292 0.000369299
1293 0.00035286
1294 0.00033707
1295 0.000321908
1296 0.000307352
1297 0.000293384
1298 0.000279981
1299 0.000267126
1300 0.000254799
1301 0.000242981
1302 0.000231654
1303 0.000220802
1304 0.000210407
1305 0.000200452
1306 0.000190921
1307 0.000181799
1308 0.000173071
1309 0.000164721
1310 0.000156736
1311 0.000149102
1312 0.000141804
1313 0.000134831
1314 0.000128169
1315 0.000121807
1316 0.000115732
1317 0.000109934
1318 0.0001044
1319 9.91207e-05
1320 9.40852e-05
1321 8.92837e-05
1322 8.47065e-05
1323 8.03443e-05
1324 7.6188e-05
1325 7.22291e-05
1326 6.84591e-05
1327 6.487e-05
1328 6.1454e-05
1329 5.82036e-05
1330 5.51117e-05
1331 5.21712e-05
1332 4.93755e-05
1333 4.67181e-05
1334 4.4193e-05
1335 4.1794e-05
1336 3.95156e-05
1337 3.73523e-05
1338 3.52987e-05
1339 3.33499e-05
1340 3.15009e-05
1341 2.97472e-05
1342 2.80842e-05
1343 2.65077e-05
1344 2.50135e-05
1345 2.35978e-05
1346 2.22567e-05
1347 2.09867e-05
1348 1.97843e-05
1349 1.86463e-05
1350 1.75694e-05
1351 1.65506e-05
1352 1.55871e-05
1353 1.46761e-05
1354 1.3815e-05
1355 1.30012e-05
1356 1.22323e-05
1357 1.15061e-05
1358 1.08204e-05
1359 1.0173e-05
1360 9.56206e-06
1361 8.98559e-06
1362 8.44181e-06
1363 7.929e-06
1364 7.44553e-06
1365 6.98982e-06
1366 6.56041e-06
1367 6.15588e-06
1368 5.77488e-06
1369 5.41614e-06
1370 5.07845e-06
1371 4.76066e-06
1372 4.46166e-06
1373 4.18043e-06
1374 3.91597e-06
1375 3.66734e-06
1376 3.43367e-06
1377 3.21411e-06
1378 3.00785e-06
1379 2.81415e-06
1380 2.63228e-06
1381 2.46157e-06
1382 2.30137e-06
1383 2.15108e-06
1384 2.01011e-06
1385 1.87793e-06
1386 1.75401e-06
1387 1.63787e-06
1388 1.52906e-06
1389 1.42713e-06
1390 1.33167e-06
1391 1.24229e-06
1392 1.15864e-06
1393 1.08035e-06
1394 1.00712e-06
1395 9.38617e-07
1396 8.74566e-07
1397 8.14688e-07
1398 7.58728e-07
1399 7.0644e-07
1400 6.57598e-07
1401 6.11985e-07
1402 5.69398e-07
1403 5.29648e-07
1404 4.92553e-07
1405 4.57947e-07
1406 4.25669e-07
1407 3.95571e-07
1408 3.67512e-07
1409 3.41362e-07
1410 3.16996e-07
1411 2.94298e-07
1412 2.7316e-07
1413 2.53479e-07
1414 2.35159e-07
1415 2.18111e-07
1416 2.0225e-07
1417 1.87497e-07
1418 1.73779e-07
1419 1.61025e-07
1420 1.49172e-07
1421 1.38158e-07
1422 1.27926e-07
1423 1.18423e-07
1424 1.096e-07
1425 1.0141e-07
1426 9.38092e-08
1427 8.67573e-08
1428 8.02161e-08
1429 7.41502e-08
1430 6.85266e-08
1431 6.33141e-08
1432 5.84841e-08
1433 5.40095e-08
1434 4.98652e-08
1435 4.60278e-08
1436 4.24755e-08
1437 3.91879e-08
1438 3.61461e-08
1439 3.33323e-08
1440 3.07302e-08
1441 2.83243e-08
1442 2.61006e-08
1443 2.40456e-08
1444 2.21471e-08
1445 2.03935e-08
1446 1.87743e-08
1447 1.72795e-08
1448 1.58998e-08
1449 1.46268e-08
1450 1.34525e-08
1451 1.23695e-08
1452 1.13709e-08
1453 1.04505e-08
1454 9.60219e-09
1455 8.82065e-09
1456 8.10077e-09
1457 7.43786e-09
1458 6.82755e-09
1459 6.26581e-09
1460 5.74891e-09
1461 5.27339e-09
1462 4.83604e-09
1463 4.43389e-09
1464 4.06421e-09
1465 3.72446e-09
1466 3.41229e-09
1467 3.12554e-09
1468 2.8622e-09
1469 2.62042e-09
1470 2.39849e-09
1471 2.19483e-09
1472 2.00798e-09
1473 1.8366e-09
1474 1.67944e-09
1475 1.53537e-09
1476 1.40332e-09
1477 1.28232e-09
1478 1.17147e-09
1479 1.06995e-09
1480 9.76999e-10
1481 8.91907e-10
1482 8.14031e-10
1483 7.42778e-10
1484 6.77601e-10
1485 6.17995e-10
1486 5.63499e-10
1487 5.13685e-10
1488 4.68164e-10
1489 4.26575e-10
1490 3.88588e-10
1491 3.539e-10
1492 3.22232e-10
1493 2.93327e-10
1494 2.66952e-10
1495 2.42891e-10
1496 2.20945e-10
1497 2.00935e-10
1498 1.82694e-10
1499 1.66069e-10
1500 1.50921e-10
1501 1.37122e-10
1502 1.24555e-10
1503 1.13113e-10
1504 1.02698e-10
1505 9.32197e-11
1506 8.4596e-11
1507 7.67517e-11
1508 6.96183e-11
1509 6.31329e-11
1510 5.7238e-11
1511 5.18812e-11
1512 4.70146e-11
1513 4.25943e-11
1514 3.85805e-11
1515 3.49366e-11
1516 3.16293e-11
1517 2.86283e-11
1518 2.59059e-11
1519 2.34368e-11
1520 2.11979e-11
1521 1.91684e-11
1522 1.73291e-11
1523 1.56625e-11
1524 1.41529e-11
1525 1.27857e-11
1526 1.15478e-11
1527 1.04273e-11
1528 9.41334e-12
1529 8.49592e-12
1530 7.66608e-12
1531 6.91566e-12
1532 6.23721e-12
1533 5.62398e-12
1534 5.06983e-12
1535 4.56921e-12
1536 4.11704e-12
1537 3.70873e-12
1538 3.34013e-12
1539 3.00744e-12
1540 2.70725e-12
1541 2.43645e-12
1542 2.19221e-12
1543 1.97199e-12
1544 1.77347e-12
1545 1.59455e-12
1546 1.43335e-12
1547 1.28814e-12
1548 1.15737e-12
1549 1.03962e-12
1550 9.33634e-13
1551 8.38254e-13
1552 7.5244e-13
1553 6.75251e-13
1554 6.05837e-13
1555 5.4343e-13
1556 4.87337e-13
1557 4.3693e-13
1558 3.91644e-13
1559 3.5097e-13
1560 3.14445e-13
1561 2.81655e-13
1562 2.52225e-13
1563 2.25816e-13
1564 2.02125e-13
1565 1.80877e-13
1566 1.61824e-13
1567 1.44744e-13
1568 1.29437e-13
1569 1.1572e-13
1570 1.03434e-13
1571 9.24294e-14
1572 8.25765e-14
1573 7.37565e-14
1574 6.58631e-14
1575 5.88006e-14
1576 5.24831e-14
1577 4.68333e-14
1578 4.17818e-14
1579 3.72664e-14
1580 3.32312e-14
1581 2.9626e-14
1582 2.64056e-14
1583 2.35298e-14
1584 2.09622e-14
1585 1.86704e-14
1586 1.66253e-14
1587 1.48007e-14
1588 1.31732e-14
1589 1.1722e-14
1590 1.04281e-14
1591 9.27492e-15
1592 8.24729e-15
1593 7.3318e-15
1594 6.51639e-15
1595 5.79031e-15
1596 5.14391e-15
1597 4.5686e-15
1598 4.05668e-15
1599 3.60127e-15
1600 3.19624e-15
1601 2.83609e-15
1602 2.51593e-15
1603 2.23138e-15
1604 1.97855e-15
1605 1.75396e-15
1606 1.55449e-15
1607 1.37738e-15
1608 1.22017e-15
1609 1.08064e-15
1610 9.56844e-16
1611 8.4703e-16
1612 7.49642e-16
1613 6.63296e-16
1614 5.86757e-16
1615 5.18928e-16
1616 4.58832e-16
1617 4.056e-16
1618 3.5846e-16
1619 3.16724e-16
1620 2.79781e-16
1621 2.4709e-16
1622 2.18167e-16
1623 1.92584e-16
1624 1.69961e-16
1625 1.49961e-16
1626 1.32283e-16
1627 1.16662e-16
1628 1.02861e-16
1629 9.06714e-17
1630 7.99077e-17
1631 7.04053e-17
1632 6.20183e-17
1633 5.46176e-17
1634 4.80888e-17
1635 4.23305e-17
1636 3.7253e-17
1637 3.27768e-17
1638 2.88318e-17
1639 2.53556e-17
1640 2.22933e-17
1641 1.95963e-17
1642 1.72215e-17
1643 1.5131e-17
1644 1.32911e-17
1645 1.16723e-17
1646 1.02482e-17
1647 8.99572e-18
1648 7.89449e-18
1649 6.92645e-18
1650 6.07569e-18
1651 5.32818e-18
1652 4.67155e-18
1653 4.09488e-18
1654 3.58856e-18
1655 3.1441e-18
1656 2.75405e-18
1657 2.41183e-18
1658 2.11163e-18
1659 1.84837e-18
1660 1.61755e-18
1661 1.41523e-18
1662 1.23792e-18
1663 1.08257e-18
1664 9.46496e-19
1665 8.27332e-19
1666 7.23001e-19
1667 6.31679e-19
1668 5.51763e-19
1669 4.81845e-19
1670 4.20687e-19
1671 3.67207e-19
1672 3.2045e-19
1673 2.79581e-19
1674 2.43867e-19
1675 2.12666e-19
1676 1.85413e-19
1677 1.61615e-19
1678 1.40838e-19
1679 1.22703e-19
1680 1.06879e-19
1681 9.30736e-20
1682 8.10324e-20
1683 7.05325e-20
1684 6.13788e-20
1685 5.34005e-20
1686 4.64484e-20
1687 4.0392e-20
1688 3.5117e-20
1689 3.05238e-20
1690 2.65251e-20
1691 2.30449e-20
1692 2.00166e-20
1693 1.73822e-20
1694 1.5091e-20
1695 1.30988e-20
1696 1.13669e-20
1697 9.86163e-21
1698 8.55374e-21
1699 7.41757e-21
1700 6.43082e-21
1701 5.57403e-21
1702 4.83026e-21
1703 4.18476e-21
1704 3.62468e-21
1705 3.13883e-21
1706 2.71746e-21
1707 2.35211e-21
1708 2.03541e-21
1709 1.76094e-21
1710 1.52313e-21
1711 1.31712e-21
1712 1.13871e-21
1713 9.84243e-22
1714 8.50528e-22
1715 7.34808e-22
1716 6.34684e-22
1717 5.48075e-22
1718 4.73175e-22
1719 4.08415e-22
1720 3.52437e-22
1721 3.0406e-22
1722 2.62262e-22
1723 2.26158e-22
1724 1.94978e-22
1725 1.68058e-22
1726 1.44821e-22
1727 1.24767e-22
1728 1.07466e-22
1729 9.25418e-23
1730 7.96718e-23
1731 6.85756e-23
1732 5.90111e-23
1733 5.07688e-23
1734 4.36675e-23
1735 3.75507e-23
1736 3.22832e-23
1737 2.77482e-23
1738 2.38446e-23
1739 2.04854e-23
1740 1.75953e-23
1741 1.51095e-23
1742 1.29718e-23
1743 1.11339e-23
1744 9.55424e-24
1745 8.19675e-24
1746 7.0305e-24
1747 6.02878e-24
1748 5.16858e-24
1749 4.43008e-24
1750 3.79621e-24
1751 3.25228e-24
1752 2.78563e-24
1753 2.38538e-24
1754 2.04216e-24
1755 1.74792e-24
1756 1.49573e-24
1757 1.27962e-24
1758 1.09448e-24
1759 9.3591e-25
1760 8.00127e-25
1761 6.83883e-25
1762 5.84391e-25
1763 4.99257e-25
1764 4.26426e-25
1765 3.64134e-25
1766 3.10869e-25
1767 2.65334e-25
1768 2.26416e-25
1769 1.93161e-25
1770 1.64752e-25
1771 1.40489e-25
1772 1.19771e-25
1773 1.02084e-25
1774 8.69894e-26
1775 7.41091e-26
1776 6.31214e-26
1777 5.37501e-26
1778 4.57595e-26
1779 3.89478e-26
1780 3.31423e-26
1781 2.81956e-26
1782 2.39816e-26
1783 2.03927e-26
1784 1.73369e-26
1785 1.47355e-26
1786 1.25215e-26
1787 1.06377e-26
1788 9.03526e-27
1789 7.67238e-27
1790 6.51356e-27
1791 5.52848e-27
1792 4.69128e-27
1793 3.97994e-27
1794 3.37567e-27
1795 2.86248e-27
1796 2.42674e-27
1797 2.05685e-27
1798 1.74293e-27
1799 1.47658e-27
1800 1.25064e-27
1801 1.05903e-27
1802 8.96564e-28
1803 7.58844e-28
1804 6.4213e-28
1805 5.4324e-28
1806 4.59472e-28
1807 3.8853e-28
1808 3.28465e-28
1809 2.77621e-28
1810 2.34592e-28
1811 1.98186e-28
1812 1.67391e-28
1813 1.41348e-28
1814 1.19328e-28
1815 1.00716e-28
1816 8.49863e-29
1817 7.16968e-29
1818 6.04712e-29
1819 5.09913e-29
1820 4.29875e-29
1821 3.62315e-29
1822 3.05301e-29
1823 2.57199e-29
1824 2.16625e-29
1825 1.82409e-29
1826 1.53562e-29
1827 1.29246e-29
1828 1.08756e-29
1829 9.1492e-30
1830 7.69508e-30
1831 6.47056e-30
1832 5.43963e-30
1833 4.57188e-30
1834 3.84166e-30
1835 3.22732e-30
1836 2.71059e-30
1837 2.27606e-30
1838 1.91074e-30
1839 1.60368e-30
1840 1.34566e-30
1841 1.12888e-30
1842 9.46806e-31
1843 7.93912e-31
1844 6.65552e-31
1845 5.57815e-31
1846 4.6741e-31
1847 3.91565e-31
1848 3.2795e-31
1849 2.74606e-31
1850 2.29886e-31
1851 1.92403e-31
1852 1.60994e-31
1853 1.34681e-31
1854 1.12643e-31
1855 9.41884e-32
1856 7.87391e-32
1857 6.58084e-32
1858 5.49884e-32
1859 4.59366e-32
1860 3.83659e-32
1861 3.20354e-32
1862 2.67432e-32
1863 2.23201e-32
1864 1.86241e-32
1865 1.55365e-32
1866 1.29578e-32
1867 1.08045e-32
1868 9.00696e-33
1869 7.5067e-33
1870 6.25487e-33
1871 5.21058e-33
1872 4.33962e-33
1873 3.61339e-33
1874 3.00799e-33
1875 2.50344e-33
1876 2.08303e-33
1877 1.73281e-33
1878 1.44113e-33
1879 1.19827e-33
1880 9.96106e-34
1881 8.27853e-34
1882 6.87857e-34
1883 5.71402e-34
1884 4.74551e-34
1885 3.94023e-34
1886 3.27084e-34
1887 2.71452e-34
1888 2.2523e-34
1889 1.86834e-34
1890 1.54948e-34
1891 1.28473e-34
1892 1.06496e-34
1893 8.82585e-35
1894 7.31267e-35
1895 6.0575e-35
1896 5.01659e-35
1897 4.15357e-35
1898 3.43821e-35
1899 2.84539e-35
1900 2.35423e-35
1901 1.94739e-35
1902 1.61048e-35
1903 1.33154e-35
1904 1.10066e-35
1905 9.09599e-36
1906 7.51526e-36
1907 6.20778e-36
1908 5.12656e-36
1909 4.23266e-36
1910 3.49381e-36
1911 2.88326e-36
1912 2.37884e-36
1913 1.9622e-36
1914 1.61816e-36
1915 1.33412e-36
1916 1.09969e-36
1917 9.06233e-37
1918 7.46636e-37
1919 6.15e-37
1920 5.06453e-37
1921 4.16967e-37
1922 3.43211e-37
1923 2.82435e-37
1924 2.32367e-37
1925 1.91129e-37
1926 1.57173e-37
1927 1.29219e-37
1928 1.06211e-37
1929 8.72798e-38
1930 7.17058e-38
1931 5.88969e-38
1932 4.83646e-38
1933 3.97064e-38
1934 3.25905e-38
1935 2.67435e-38
1936 2.19403e-38
1937 1.79955e-38
1938 1.47565e-38
1939 1.20976e-38
1940 9.91546e-39
1941 8.125e-39
1942 6.65627e-39
1943 5.45173e-39
1944 4.46412e-39
1945 3.65455e-39
1946 2.99109e-39
1947 2.44749e-39
1948 2.00221e-39
1949 1.63755e-39
1950 1.33899e-39
1951 1.0946e-39
1952 8.94603e-40
1953 7.30975e-40
1954 5.97133e-40
1955 4.87682e-40
1956 3.98197e-40
1957 3.25055e-40
1958 2.65285e-40
1959 2.16453e-40
1960 1.76568e-40
1961 1.43998e-40
1962 1.17409e-40
1963 9.57057e-41
1964 7.79961e-41
1965 6.35483e-41
1966 5.17645e-41
1967 4.21558e-41
1968 3.43224e-41
1969 2.7938e-41
1970 2.27358e-41
1971 1.84979e-41
1972 1.50463e-41
1973 1.22358e-41
1974 9.94796e-42
1975 8.08596e-42
1976 6.5709e-42
1977 5.33846e-42
1978 4.33614e-42
1979 3.52117e-42
1980 2.85869e-42
1981 2.3203e-42
1982 1.88286e-42
1983 1.52752e-42
1984 1.23895e-42
1985 1.00465e-42
1986 8.1447e-43
1987 6.60132e-43
1988 5.34913e-43
1989 4.33342e-43
1990 3.50975e-43
1991 2.84195e-43
1992 2.30067e-43
1993 1.86203e-43
1994 1.50667e-43
1995 1.21883e-43
1996 9.85744e-44
1997 7.97043e-44
1998 6.4431e-44
1999 5.20721e-44
2000 4.20736e-44
2001 3.39869e-44
2002 2.74479e-44
2003 2.21616e-44
2004 1.78892e-44
2005 1.44369e-44
2006 1.16481e-44
2007 9.39576e-45
2008 7.57713e-45
2009 6.10905e-45
2010 4.92423e-45
2011 3.96826e-45
2012 3.19712e-45
2013 2.57523e-45
2014 2.07382e-45
2015 1.66964e-45
2016 1.34393e-45
2017 1.08151e-45
2018 8.70139e-46
2019 6.99923e-46
2020 5.62885e-46
2021 4.52584e-46
2022 3.63825e-46
2023 2.92419e-46
2024 2.34987e-46
2025 1.88807e-46
2026 1.51682e-46
2027 1.21844e-46
2028 9.78698e-47
2029 7.8611e-47
2030 6.31443e-47
2031 5.07262e-47
2032 4.07584e-47
2033 3.27595e-47
2034 2.63425e-47
2035 2.1196e-47
2036 1.70699e-47
2037 1.3763e-47
2038 1.11139e-47
2039 8.99289e-48
2040 7.29594e-48
2041 5.93961e-48
2042 4.85706e-48
2043 3.99483e-48
2044 3.31025e-48
2045 2.76936e-48
2046 2.34528e-48
2047 2.01687e-48
