0 7.80235e-32
1 7.10445e-32
2 6.52946e-32
3 6.06226e-32
4 5.69062e-32
5 5.40518e-32
6 5.19586e-32
7 5.05893e-32
8 4.99041e-32
9 4.98659e-32
10 5.05025e-32
11 5.18168e-32
12 5.38198e-32
13 5.65764e-32
14 6.01667e-32
15 6.46455e-32
16 7.0144e-32
17 7.68173e-32
18 8.4789e-32
19 9.42883e-32
20 1.05523e-31
21 1.18772e-31
22 1.34375e-31
23 1.52698e-31
24 1.74196e-31
25 1.99337e-31
26 2.28761e-31
27 2.63208e-31
28 3.0343e-31
29 3.5042e-31
30 4.05349e-31
31 4.69346e-31
32 5.44006e-31
33 6.31137e-31
34 7.327e-31
35 8.51081e-31
36 9.89051e-31
37 1.14983e-30
38 1.33697e-30
39 1.55499e-30
40 1.8087e-30
41 2.10397e-30
42 2.44772e-30
43 2.84751e-30
44 3.31233e-30
45 3.85291e-30
46 4.48164e-30
47 5.21202e-30
48 6.06076e-30
49 7.0469e-30
50 8.19222e-30
51 9.52235e-30
52 1.10664e-29
53 1.28588e-29
54 1.49385e-29
55 1.73514e-29
56 2.01513e-29
57 2.33967e-29
58 2.71613e-29
59 3.15249e-29
60 3.65806e-29
61 4.2442e-29
62 4.92277e-29
63 5.70886e-29
64 6.61914e-29
65 7.6729e-29
66 8.89268e-29
67 1.03038e-28
68 1.19371e-28
69 1.38257e-28
70 1.60102e-28
71 1.85359e-28
72 2.14551e-28
73 2.48287e-28
74 2.87256e-28
75 3.32293e-28
76 3.84303e-28
77 4.44342e-28
78 5.13668e-28
79 5.93671e-28
80 6.85965e-28
81 7.92487e-28
82 9.15357e-28
83 1.05703e-27
84 1.22038e-27
85 1.40864e-27
86 1.62561e-27
87 1.8756e-27
88 2.16362e-27
89 2.49527e-27
90 2.87709e-27
91 3.31674e-27
92 3.82278e-27
93 4.40502e-27
94 5.07479e-27
95 5.84535e-27
96 6.73134e-27
97 7.74994e-27
98 8.92097e-27
99 1.02665e-26
100 1.18126e-26
101 1.35888e-26
102 1.56284e-26
103 1.79705e-26
104 2.06592e-26
105 2.3745e-26
106 2.72863e-26
107 3.13486e-26
108 3.60083e-26
109 4.13519e-26
110 4.74779e-26
111 5.45e-26
112 6.25473e-26
113 7.17675e-26
114 8.23288e-26
115 9.44252e-26
116 1.08276e-25
117 1.2413e-25
118 1.42276e-25
119 1.6304e-25
120 1.86794e-25
121 2.13963e-25
122 2.45033e-25
123 2.80551e-25
124 3.21152e-25
125 3.6755e-25
126 4.20558e-25
127 4.8111e-25
128 5.50261e-25
129 6.29221e-25
130 7.19356e-25
131 8.22223e-25
132 9.39602e-25
133 1.0735e-24
134 1.22624e-24
135 1.4004e-24
136 1.59896e-24
137 1.82527e-24
138 2.08317e-24
139 2.37702e-24
140 2.71175e-24
141 3.09294e-24
142 3.52698e-24
143 4.02106e-24
144 4.58339e-24
145 5.22327e-24
146 5.95121e-24
147 6.77916e-24
148 7.72068e-24
149 8.7911e-24
150 1.00078e-23
151 1.13905e-23
152 1.29615e-23
153 1.47461e-23
154 1.67728e-23
155 1.9074e-23
156 2.16864e-23
157 2.46514e-23
158 2.80158e-23
159 3.18326e-23
160 3.61618e-23
161 4.1071e-23
162 4.66369e-23
163 5.29456e-23
164 6.00952e-23
165 6.81957e-23
166 7.73716e-23
167 8.77635e-23
168 9.953e-23
169 1.1285e-22
170 1.27925e-22
171 1.44984e-22
172 1.64282e-22
173 1.86109e-22
174 2.10791e-22
175 2.38695e-22
176 2.70236e-22
177 3.05879e-22
178 3.4615e-22
179 3.91639e-22
180 4.43011e-22
181 5.01016e-22
182 5.66495e-22
183 6.40394e-22
184 7.2378e-22
185 8.17849e-22
186 9.23949e-22
187 1.04359e-21
188 1.17848e-21
189 1.33051e-21
190 1.50185e-21
191 1.69488e-21
192 1.91233e-21
193 2.15722e-21
194 2.43295e-21
195 2.74335e-21
196 3.0927e-21
197 3.48581e-21
198 3.92805e-21
199 4.42548e-21
200 4.98485e-21
201 5.61375e-21
202 6.32066e-21
203 7.11509e-21
204 8.00771e-21
205 9.01041e-21
206 1.01365e-20
207 1.1401e-20
208 1.28206e-20
209 1.44139e-20
210 1.62018e-20
211 1.82076e-20
212 2.04575e-20
213 2.29805e-20
214 2.58093e-20
215 2.89802e-20
216 3.25338e-20
217 3.65155e-20
218 4.09759e-20
219 4.59714e-20
220 5.1565e-20
221 5.7827e-20
222 6.48357e-20
223 7.26784e-20
224 8.14526e-20
225 9.12667e-20
226 1.02242e-19
227 1.14512e-19
228 1.28228e-19
229 1.43555e-19
230 1.60681e-19
231 1.79812e-19
232 2.01178e-19
233 2.25035e-19
234 2.51667e-19
235 2.81391e-19
236 3.1456e-19
237 3.51563e-19
238 3.92836e-19
239 4.38861e-19
240 4.90175e-19
241 5.47372e-19
242 6.11115e-19
243 6.82137e-19
244 7.61253e-19
245 8.49366e-19
246 9.47478e-19
247 1.0567e-18
248 1.17827e-18
249 1.31355e-18
250 1.46405e-18
251 1.63146e-18
252 1.81763e-18
253 2.02463e-18
254 2.25472e-18
255 2.51045e-18
256 2.7946e-18
257 3.11026e-18
258 3.46087e-18
259 3.8502e-18
260 4.28243e-18
261 4.76221e-18
262 5.29463e-18
263 5.88537e-18
264 6.54066e-18
265 7.2674e-18
266 8.07321e-18
267 8.96651e-18
268 9.95658e-18
269 1.10537e-17
270 1.22691e-17
271 1.36153e-17
272 1.51061e-17
273 1.67566e-17
274 1.85836e-17
275 2.06054e-17
276 2.28424e-17
277 2.5317e-17
278 2.80537e-17
279 3.10796e-17
280 3.44247e-17
281 3.81218e-17
282 4.2207e-17
283 4.67201e-17
284 5.17047e-17
285 5.72091e-17
286 6.3286e-17
287 6.99936e-17
288 7.73956e-17
289 8.55622e-17
290 9.45705e-17
291 1.04505e-16
292 1.15459e-16
293 1.27533e-16
294 1.40841e-16
295 1.55505e-16
296 1.71658e-16
297 1.8945e-16
298 2.09042e-16
299 2.30611e-16
300 2.54353e-16
301 2.8048e-16
302 3.09226e-16
303 3.40847e-16
304 3.75623e-16
305 4.13862e-16
306 4.55898e-16
307 5.02101e-16
308 5.52871e-16
309 6.08649e-16
310 6.69918e-16
311 7.37201e-16
312 8.11077e-16
313 8.92172e-16
314 9.81175e-16
315 1.07884e-15
316 1.18598e-15
317 1.30349e-15
318 1.43236e-15
319 1.57364e-15
320 1.72851e-15
321 1.89823e-15
322 2.08419e-15
323 2.2879e-15
324 2.51101e-15
325 2.75531e-15
326 3.02276e-15
327 3.31549e-15
328 3.63582e-15
329 3.98628e-15
330 4.36961e-15
331 4.78882e-15
332 5.24715e-15
333 5.74815e-15
334 6.29567e-15
335 6.89391e-15
336 7.54741e-15
337 8.26113e-15
338 9.04044e-15
339 9.89117e-15
340 1.08197e-14
341 1.18328e-14
342 1.29381e-14
343 1.41437e-14
344 1.54582e-14
345 1.68914e-14
346 1.84535e-14
347 2.01558e-14
348 2.20104e-14
349 2.40306e-14
350 2.62305e-14
351 2.86258e-14
352 3.12332e-14
353 3.40708e-14
354 3.71584e-14
355 4.05172e-14
356 4.41703e-14
357 4.81426e-14
358 5.24612e-14
359 5.71551e-14
360 6.2256e-14
361 6.77981e-14
362 7.38182e-14
363 8.03562e-14
364 8.74553e-14
365 9.51619e-14
366 1.03527e-13
367 1.12603e-13
368 1.22451e-13
369 1.33133e-13
370 1.44718e-13
371 1.57279e-13
372 1.70896e-13
373 1.85655e-13
374 2.01648e-13
375 2.18975e-13
376 2.37744e-13
377 2.5807e-13
378 2.80078e-13
379 3.03902e-13
380 3.29688e-13
381 3.5759e-13
382 3.87777e-13
383 4.20428e-13
384 4.55738e-13
385 4.93915e-13
386 5.35182e-13
387 5.79781e-13
388 6.27971e-13
389 6.80028e-13
390 7.36251e-13
391 7.96961e-13
392 8.625e-13
393 9.33238e-13
394 1.00957e-12
395 1.09192e-12
396 1.18074e-12
397 1.27652e-12
398 1.37978e-12
399 1.49108e-12
400 1.61101e-12
401 1.74023e-12
402 1.87941e-12
403 2.02928e-12
404 2.19065e-12
405 2.36433e-12
406 2.55123e-12
407 2.75232e-12
408 2.96862e-12
409 3.20122e-12
410 3.4513e-12
411 3.72012e-12
412 4.009e-12
413 4.31939e-12
414 4.65281e-12
415 5.01088e-12
416 5.39535e-12
417 5.80807e-12
418 6.25104e-12
419 6.72636e-12
420 7.23628e-12
421 7.78323e-12
422 8.36976e-12
423 8.99862e-12
424 9.67272e-12
425 1.03952e-11
426 1.11693e-11
427 1.19986e-11
428 1.28869e-11
429 1.38382e-11
430 1.48568e-11
431 1.59471e-11
432 1.71141e-11
433 1.83629e-11
434 1.9699e-11
435 2.11282e-11
436 2.26568e-11
437 2.42913e-11
438 2.60387e-11
439 2.79065e-11
440 2.99027e-11
441 3.20356e-11
442 3.43141e-11
443 3.67478e-11
444 3.93467e-11
445 4.21214e-11
446 4.50834e-11
447 4.82445e-11
448 5.16175e-11
449 5.52158e-11
450 5.90537e-11
451 6.31463e-11
452 6.75095e-11
453 7.21601e-11
454 7.71161e-11
455 8.23963e-11
456 8.80206e-11
457 9.401e-11
458 1.00387e-10
459 1.07174e-10
460 1.14397e-10
461 1.22082e-10
462 1.30256e-10
463 1.38948e-10
464 1.48188e-10
465 1.58009e-10
466 1.68445e-10
467 1.79531e-10
468 1.91305e-10
469 2.03807e-10
470 2.17077e-10
471 2.3116e-10
472 2.46101e-10
473 2.6195e-10
474 2.78756e-10
475 2.96574e-10
476 3.15458e-10
477 3.3547e-10
478 3.5667e-10
479 3.79124e-10
480 4.029e-10
481 4.2807e-10
482 4.54711e-10
483 4.82902e-10
484 5.12726e-10
485 5.44271e-10
486 5.7763e-10
487 6.129e-10
488 6.50182e-10
489 6.89585e-10
490 7.3122e-10
491 7.75206e-10
492 8.21667e-10
493 8.70735e-10
494 9.22546e-10
495 9.77245e-10
496 1.03498e-09
497 1.09592e-09
498 1.16022e-09
499 1.22807e-09
500 1.29963e-09
501 1.37512e-09
502 1.45473e-09
503 1.53868e-09
504 1.62718e-09
505 1.72048e-09
506 1.81881e-09
507 1.92244e-09
508 2.03163e-09
509 2.14666e-09
510 2.26783e-09
511 2.39545e-09
512 2.52984e-09
513 2.67133e-09
514 2.82028e-09
515 2.97704e-09
516 3.142e-09
517 3.31556e-09
518 3.49812e-09
519 3.69013e-09
520 3.89201e-09
521 4.10424e-09
522 4.3273e-09
523 4.56167e-09
524 4.80789e-09
525 5.06648e-09
526 5.338e-09
527 5.62301e-09
528 5.92211e-09
529 6.2359e-09
530 6.56502e-09
531 6.9101e-09
532 7.27183e-09
533 7.65087e-09
534 8.04794e-09
535 8.46376e-09
536 8.89908e-09
537 9.35466e-09
538 9.83129e-09
539 1.03298e-08
540 1.0851e-08
541 1.13957e-08
542 1.19648e-08
543 1.25592e-08
544 1.31798e-08
545 1.38276e-08
546 1.45034e-08
547 1.52084e-08
548 1.59436e-08
549 1.67098e-08
550 1.75084e-08
551 1.83402e-08
552 1.92066e-08
553 2.01086e-08
554 2.10474e-08
555 2.20243e-08
556 2.30407e-08
557 2.40977e-08
558 2.51968e-08
559 2.63394e-08
560 2.75271e-08
561 2.87612e-08
562 3.00435e-08
563 3.13755e-08
564 3.27591e-08
565 3.4196e-08
566 3.56881e-08
567 3.72373e-08
568 3.88457e-08
569 4.05154e-08
570 4.22487e-08
571 4.40479e-08
572 4.59155e-08
573 4.78539e-08
574 4.98658e-08
575 5.19541e-08
576 5.41216e-08
577 5.63713e-08
578 5.87065e-08
579 6.11303e-08
580 6.36462e-08
581 6.62578e-08
582 6.89688e-08
583 7.17829e-08
584 7.47042e-08
585 7.77368e-08
586 8.08848e-08
587 8.41527e-08
588 8.7545e-08
589 9.10663e-08
590 9.47213e-08
591 9.85148e-08
592 1.02452e-07
593 1.06537e-07
594 1.10776e-07
595 1.15174e-07
596 1.19736e-07
597 1.24467e-07
598 1.29373e-07
599 1.34458e-07
600 1.39728e-07
601 1.45189e-07
602 1.50845e-07
603 1.56702e-07
604 1.62763e-07
605 1.69035e-07
606 1.75522e-07
607 1.82229e-07
608 1.89159e-07
609 1.96316e-07
610 2.03706e-07
611 2.1133e-07
612 2.19192e-07
613 2.27296e-07
614 2.35643e-07
615 2.44235e-07
616 2.53075e-07
617 2.62164e-07
618 2.71502e-07
619 2.8109e-07
620 2.90928e-07
621 3.01015e-07
622 3.1135e-07
623 3.21932e-07
624 3.32759e-07
625 3.43828e-07
626 3.55137e-07
627 3.66681e-07
628 3.78458e-07
629 3.90462e-07
630 4.0269e-07
631 4.15136e-07
632 4.27796e-07
633 4.40663e-07
634 4.53732e-07
635 4.66998e-07
636 4.80454e-07
637 4.94095e-07
638 5.07914e-07
639 5.21907e-07
640 5.36067e-07
641 5.5039e-07
642 5.64871e-07
643 5.79506e-07
644 5.94291e-07
645 6.09224e-07
646 6.24303e-07
647 6.39527e-07
648 6.54895e-07
649 6.70411e-07
650 6.86075e-07
651 7.01893e-07
652 7.17869e-07
653 7.34011e-07
654 7.50328e-07
655 7.66831e-07
656 7.83533e-07
657 8.00447e-07
658 8.17592e-07
659 8.34985e-07
660 8.52649e-07
661 8.70606e-07
662 8.88883e-07
663 9.07507e-07
664 9.26509e-07
665 9.45922e-07
666 9.6578e-07
667 9.8612e-07
668 1.00698e-06
669 1.02841e-06
670 1.05044e-06
671 1.07313e-06
672 1.09652e-06
673 1.12065e-06
674 1.14559e-06
675 1.17137e-06
676 1.19806e-06
677 1.2257e-06
678 1.25435e-06
679 1.28406e-06
680 1.31489e-06
681 1.34689e-06
682 1.38011e-06
683 1.4146e-06
684 1.45042e-06
685 1.4876e-06
686 1.52619e-06
687 1.56625e-06
688 1.60779e-06
689 1.65087e-06
690 1.69551e-06
691 1.74174e-06
692 1.78958e-06
693 1.83904e-06
694 1.89014e-06
695 1.94288e-06
696 1.99726e-06
697 2.05326e-06
698 2.11087e-06
699 2.17006e-06
700 2.2308e-06
701 2.29305e-06
702 2.35675e-06
703 2.42184e-06
704 2.48825e-06
705 2.5559e-06
706 2.6247e-06
707 2.69456e-06
708 2.76535e-06
709 2.83696e-06
710 2.90925e-06
711 2.9821e-06
712 3.05534e-06
713 3.12881e-06
714 3.20235e-06
715 3.27577e-06
716 3.3489e-06
717 3.42152e-06
718 3.49344e-06
719 3.56445e-06
720 3.63432e-06
721 3.70283e-06
722 3.76976e-06
723 3.83487e-06
724 3.89791e-06
725 3.95866e-06
726 4.01686e-06
727 4.07227e-06
728 4.12465e-06
729 4.17376e-06
730 4.21936e-06
731 4.26121e-06
732 4.29908e-06
733 4.33275e-06
734 4.36201e-06
735 4.38663e-06
736 4.40643e-06
737 4.42122e-06
738 4.43083e-06
739 4.43509e-06
740 4.43387e-06
741 4.42703e-06
742 4.41448e-06
743 4.39611e-06
744 4.37186e-06
745 4.34168e-06
746 4.30556e-06
747 4.26349e-06
748 4.2155e-06
749 4.16163e-06
750 4.10198e-06
751 4.03664e-06
752 3.96576e-06
753 3.8895e-06
754 3.80806e-06
755 3.72166e-06
756 3.63055e-06
757 3.53504e-06
758 3.43544e-06
759 3.3321e-06
760 3.2254e-06
761 3.11577e-06
762 3.00364e-06
763 2.8895e-06
764 2.77384e-06
765 2.65721e-06
766 2.54017e-06
767 2.42331e-06
768 2.30726e-06
769 2.19266e-06
770 2.08017e-06
771 1.9705e-06
772 1.86436e-06
773 1.76247e-06
774 1.66561e-06
775 1.57452e-06
776 1.49001e-06
777 1.41287e-06
778 1.3439e-06
779 1.28393e-06
780 1.23377e-06
781 1.19427e-06
782 1.16623e-06
783 1.15051e-06
784 1.14792e-06
785 1.15929e-06
786 1.18542e-06
787 1.22714e-06
788 1.28523e-06
789 1.36047e-06
790 1.45361e-06
791 1.56542e-06
792 1.6966e-06
793 1.84786e-06
794 2.01986e-06
795 2.21325e-06
796 2.42865e-06
797 2.66664e-06
798 2.92776e-06
799 3.21253e-06
800 3.52143e-06
801 3.8549e-06
802 4.21333e-06
803 4.59708e-06
804 5.00647e-06
805 5.44177e-06
806 5.90322e-06
807 6.39099e-06
808 6.90522e-06
809 7.44603e-06
810 8.01345e-06
811 8.60749e-06
812 9.22812e-06
813 9.87526e-06
814 1.05488e-05
815 1.12485e-05
816 1.19743e-05
817 1.27258e-05
818 1.35028e-05
819 1.4305e-05
820 1.51319e-05
821 1.59833e-05
822 1.68587e-05
823 1.77576e-05
824 1.86796e-05
825 1.96242e-05
826 2.05908e-05
827 2.1579e-05
828 2.25881e-05
829 2.36177e-05
830 2.46671e-05
831 2.57358e-05
832 2.68232e-05
833 2.79287e-05
834 2.90519e-05
835 3.01921e-05
836 3.13488e-05
837 3.25214e-05
838 3.37096e-05
839 3.49128e-05
840 3.61306e-05
841 3.73626e-05
842 3.86084e-05
843 3.98678e-05
844 4.11405e-05
845 4.24262e-05
846 4.37248e-05
847 4.50362e-05
848 4.63604e-05
849 4.76974e-05
850 4.90473e-05
851 5.04103e-05
852 5.17868e-05
853 5.31769e-05
854 5.45813e-05
855 5.60004e-05
856 5.74348e-05
857 5.88853e-05
858 6.03528e-05
859 6.1838e-05
860 6.33422e-05
861 6.48664e-05
862 6.64119e-05
863 6.79801e-05
864 6.95724e-05
865 7.11906e-05
866 7.28363e-05
867 7.45115e-05
868 7.6218e-05
869 7.79581e-05
870 7.97339e-05
871 8.15479e-05
872 8.34025e-05
873 8.53005e-05
874 8.72445e-05
875 8.92375e-05
876 9.12826e-05
877 9.33829e-05
878 9.55416e-05
879 9.77624e-05
880 0.000100049
881 0.000102404
882 0.000104833
883 0.000107339
884 0.000109926
885 0.000112598
886 0.000115361
887 0.000118218
888 0.000121173
889 0.000124233
890 0.000127401
891 0.000130683
892 0.000134084
893 0.000137609
894 0.000141264
895 0.000145054
896 0.000148984
897 0.000153061
898 0.00015729
899 0.000161677
900 0.000166229
901 0.000170952
902 0.000175851
903 0.000180934
904 0.000186206
905 0.000191675
906 0.000197348
907 0.00020323
908 0.000209329
909 0.000215653
910 0.000222207
911 0.000229
912 0.000236038
913 0.00024333
914 0.000250882
915 0.000258702
916 0.000266797
917 0.000275176
918 0.000283847
919 0.000292816
920 0.000302092
921 0.000311684
922 0.000321599
923 0.000331845
924 0.00034243
925 0.000353364
926 0.000364654
927 0.000376309
928 0.000388337
929 0.000400747
930 0.000413548
931 0.000426747
932 0.000440355
933 0.00045438
934 0.000468831
935 0.000483716
936 0.000499045
937 0.000514827
938 0.00053107
939 0.000547785
940 0.00056498
941 0.000582664
942 0.000600847
943 0.000619538
944 0.000638747
945 0.000658483
946 0.000678755
947 0.000699573
948 0.000720947
949 0.000742886
950 0.000765399
951 0.000788497
952 0.000812189
953 0.000836484
954 0.000861393
955 0.000886926
956 0.000913091
957 0.0009399
958 0.000967361
959 0.000995484
960 0.00102428
961 0.00105376
962 0.00108393
963 0.0011148
964 0.00114638
965 0.00117869
966 0.00121173
967 0.0012455
968 0.00128003
969 0.00131532
970 0.00135139
971 0.00138823
972 0.00142586
973 0.00146429
974 0.00150353
975 0.00154359
976 0.00158448
977 0.00162621
978 0.00166878
979 0.00171221
980 0.00175651
981 0.00180168
982 0.00184773
983 0.00189468
984 0.00194253
985 0.0019913
986 0.00204098
987 0.00209159
988 0.00214314
989 0.00219563
990 0.00224907
991 0.00230348
992 0.00235885
993 0.0024152
994 0.00247254
995 0.00253087
996 0.00259019
997 0.00265052
998 0.00271187
999 0.00277423
1000 0.00283761
1001 0.00290203
1002 0.00296749
1003 0.00303398
1004 0.00310153
1005 0.00317013
1006 0.00323978
1007 0.0033105
1008 0.00338228
1009 0.00345514
1010 0.00352907
1011 0.00360407
1012 0.00368016
1013 0.00375732
1014 0.00383558
1015 0.00391491
1016 0.00399534
1017 0.00407686
1018 0.00415946
1019 0.00424316
1020 0.00432794
1021 0.00441382
1022 0.00450078
1023 0.00458883
1024 0.00467796
1025 0.00476818
1026 0.00485948
1027 0.00495186
1028 0.00504531
1029 0.00513983
1030 0.00523541
1031 0.00533205
1032 0.00542975
1033 0.00552849
1034 0.00562828
1035 0.0057291
1036 0.00583094
1037 0.0059338
1038 0.00603767
1039 0.00614254
1040 0.00624839
1041 0.00635523
1042 0.00646303
1043 0.00657179
1044 0.00668149
1045 0.00679212
1046 0.00690366
1047 0.00701611
1048 0.00712945
1049 0.00724366
1050 0.00735872
1051 0.00747462
1052 0.00759135
1053 0.00770888
1054 0.00782719
1055 0.00794627
1056 0.0080661
1057 0.00818666
1058 0.00830792
1059 0.00842986
1060 0.00855247
1061 0.00867572
1062 0.00879958
1063 0.00892403
1064 0.00904905
1065 0.00917461
1066 0.00930069
1067 0.00942726
1068 0.00955429
1069 0.00968175
1070 0.00980962
1071 0.00993787
1072 0.0100665
1073 0.0101954
1074 0.0103246
1075 0.010454
1076 0.0105837
1077 0.0107136
1078 0.0108436
1079 0.0109738
1080 0.0111041
1081 0.0112344
1082 0.0113647
1083 0.0114951
1084 0.0116253
1085 0.0117555
1086 0.0118856
1087 0.0120156
1088 0.0121453
1089 0.0122748
1090 0.0124041
1091 0.012533
1092 0.0126616
1093 0.0127898
1094 0.0129176
1095 0.0130449
1096 0.0131717
1097 0.013298
1098 0.0134237
1099 0.0135488
1100 0.0136732
1101 0.0137969
1102 0.0139199
1103 0.0140421
1104 0.0141634
1105 0.0142839
1106 0.0144035
1107 0.0145222
1108 0.0146398
1109 0.0147564
1110 0.0148719
1111 0.0149864
1112 0.0150996
1113 0.0152117
1114 0.0153225
1115 0.0154321
1116 0.0155403
1117 0.0156472
1118 0.0157527
1119 0.0158567
1120 0.0159593
1121 0.0160604
1122 0.0161599
1123 0.0162578
1124 0.016354
1125 0.0164486
1126 0.0165415
1127 0.0166327
1128 0.016722
1129 0.0168096
1130 0.0168953
1131 0.0169791
1132 0.017061
1133 0.0171409
1134 0.0172189
1135 0.0172948
1136 0.0173687
1137 0.0174405
1138 0.0175102
1139 0.0175777
1140 0.0176431
1141 0.0177063
1142 0.0177672
1143 0.0178259
1144 0.0178823
1145 0.0179365
1146 0.0179882
1147 0.0180377
1148 0.0180847
1149 0.0181294
1150 0.0181716
1151 0.0182115
1152 0.0182488
1153 0.0182837
1154 0.0183161
1155 0.018346
1156 0.0183734
1157 0.0183983
1158 0.0184206
1159 0.0184403
1160 0.0184575
1161 0.0184722
1162 0.0184842
1163 0.0184936
1164 0.0185005
1165 0.0185048
1166 0.0185064
1167 0.0185055
1168 0.0185019
1169 0.0184957
1170 0.0184869
1171 0.0184755
1172 0.0184616
1173 0.018445
1174 0.0184258
1175 0.018404
1176 0.0183796
1177 0.0183527
1178 0.0183232
1179 0.0182912
1180 0.0182566
1181 0.0182195
1182 0.0181798
1183 0.0181377
1184 0.0180931
1185 0.018046
1186 0.0179964
1187 0.0179445
1188 0.0178901
1189 0.0178333
1190 0.0177742
1191 0.0177127
1192 0.0176489
1193 0.0175828
1194 0.0175144
1195 0.0174438
1196 0.0173709
1197 0.0172959
1198 0.0172187
1199 0.0171394
1200 0.0170579
1201 0.0169744
1202 0.0168889
1203 0.0168014
1204 0.0167119
1205 0.0166204
1206 0.0165271
1207 0.0164319
1208 0.0163348
1209 0.016236
1210 0.0161354
1211 0.0160331
1212 0.0159292
1213 0.0158236
1214 0.0157163
1215 0.0156076
1216 0.0154973
1217 0.0153855
1218 0.0152723
1219 0.0151577
1220 0.0150418
1221 0.0149246
1222 0.014806
1223 0.0146863
1224 0.0145654
1225 0.0144433
1226 0.0143202
1227 0.014196
1228 0.0140708
1229 0.0139446
1230 0.0138175
1231 0.0136895
1232 0.0135607
1233 0.0134311
1234 0.0133008
1235 0.0131698
1236 0.0130381
1237 0.0129058
1238 0.0127729
1239 0.0126395
1240 0.0125057
1241 0.0123714
1242 0.0122367
1243 0.0121016
1244 0.0119662
1245 0.0118306
1246 0.0116947
1247 0.0115587
1248 0.0114225
1249 0.0112862
1250 0.0111498
1251 0.0110134
1252 0.0108771
1253 0.0107408
1254 0.0106045
1255 0.0104685
1256 0.0103325
1257 0.0101968
1258 0.0100614
1259 0.00992619
1260 0.00979132
1261 0.00965681
1262 0.00952268
1263 0.00938897
1264 0.00925571
1265 0.00912294
1266 0.00899068
1267 0.00885898
1268 0.00872785
1269 0.00859734
1270 0.00846746
1271 0.00833826
1272 0.00820975
1273 0.00808196
1274 0.00795493
1275 0.00782867
1276 0.00770321
1277 0.00757858
1278 0.00745481
1279 0.0073319
1280 0.0072099
1281 0.00708881
1282 0.00696866
1283 0.00684947
1284 0.00673127
1285 0.00661406
1286 0.00649786
1287 0.0063827
1288 0.0062686
1289 0.00615556
1290 0.0060436
1291 0.00593274
1292 0.00582298
1293 0.00571436
1294 0.00560687
1295 0.00550052
1296 0.00539534
1297 0.00529132
1298 0.00518848
1299 0.00508683
1300 0.00498637
1301 0.00488712
1302 0.00478908
1303 0.00469225
1304 0.00459665
1305 0.00450227
1306 0.00440912
1307 0.00431721
1308 0.00422653
1309 0.00413709
1310 0.00404889
1311 0.00396194
1312 0.00387623
1313 0.00379176
1314 0.00370853
1315 0.00362655
1316 0.0035458
1317 0.00346629
1318 0.00338802
1319 0.00331098
1320 0.00323516
1321 0.00316057
1322 0.0030872
1323 0.00301504
1324 0.00294409
1325 0.00287435
1326 0.0028058
1327 0.00273844
1328 0.00267226
1329 0.00260725
1330 0.00254341
1331 0.00248073
1332 0.0024192
1333 0.00235882
1334 0.00229956
1335 0.00224142
1336 0.0021844
1337 0.00212848
1338 0.00207365
1339 0.0020199
1340 0.00196722
1341 0.00191561
1342 0.00186504
1343 0.0018155
1344 0.00176699
1345 0.0017195
1346 0.001673
1347 0.0016275
1348 0.00158297
1349 0.0015394
1350 0.00149679
1351 0.00145511
1352 0.00141437
1353 0.00137453
1354 0.0013356
1355 0.00129755
1356 0.00126038
1357 0.00122407
1358 0.0011886
1359 0.00115398
1360 0.00112017
1361 0.00108718
1362 0.00105498
1363 0.00102356
1364 0.00099291
1365 0.000963019
1366 0.000933871
1367 0.000905453
1368 0.000877753
1369 0.000850758
1370 0.000824454
1371 0.000798829
1372 0.00077387
1373 0.000749564
1374 0.0007259
1375 0.000702863
1376 0.000680443
1377 0.000658626
1378 0.000637401
1379 0.000616756
1380 0.000596677
1381 0.000577154
1382 0.000558175
1383 0.000539729
1384 0.000521803
1385 0.000504386
1386 0.000487467
1387 0.000471036
1388 0.00045508
1389 0.00043959
1390 0.000424554
1391 0.000409962
1392 0.000395804
1393 0.000382069
1394 0.000368747
1395 0.000355828
1396 0.000343303
1397 0.000331162
1398 0.000319395
1399 0.000307992
1400 0.000296946
1401 0.000286246
1402 0.000275884
1403 0.000265851
1404 0.000256139
1405 0.000246738
1406 0.000237641
1407 0.00022884
1408 0.000220327
1409 0.000212093
1410 0.000204132
1411 0.000196435
1412 0.000188995
1413 0.000181806
1414 0.000174859
1415 0.000168148
1416 0.000161667
1417 0.000155408
1418 0.000149366
1419 0.000143533
1420 0.000137904
1421 0.000132473
1422 0.000127233
1423 0.000122179
1424 0.000117305
1425 0.000112606
1426 0.000108076
1427 0.00010371
1428 9.95025e-05
1429 9.54492e-05
1430 9.1545e-05
1431 8.77849e-05
1432 8.41645e-05
1433 8.06792e-05
1434 7.73245e-05
1435 7.40963e-05
1436 7.09903e-05
1437 6.80024e-05
1438 6.51288e-05
1439 6.23656e-05
1440 5.97091e-05
1441 5.71556e-05
1442 5.47016e-05
1443 5.23437e-05
1444 5.00786e-05
1445 4.79029e-05
1446 4.58137e-05
1447 4.38078e-05
1448 4.18822e-05
1449 4.00342e-05
1450 3.82609e-05
1451 3.65596e-05
1452 3.49278e-05
1453 3.33628e-05
1454 3.18623e-05
1455 3.04238e-05
1456 2.90451e-05
1457 2.77239e-05
1458 2.64581e-05
1459 2.52455e-05
1460 2.40842e-05
1461 2.29722e-05
1462 2.19076e-05
1463 2.08885e-05
1464 1.99133e-05
1465 1.89803e-05
1466 1.80876e-05
1467 1.72339e-05
1468 1.64175e-05
1469 1.56369e-05
1470 1.48908e-05
1471 1.41777e-05
1472 1.34963e-05
1473 1.28453e-05
1474 1.22236e-05
1475 1.16298e-05
1476 1.10628e-05
1477 1.05216e-05
1478 1.0005e-05
1479 9.5121e-06
1480 9.04181e-06
1481 8.59321e-06
1482 8.16537e-06
1483 7.75743e-06
1484 7.36852e-06
1485 6.99783e-06
1486 6.64458e-06
1487 6.308e-06
1488 5.98739e-06
1489 5.68202e-06
1490 5.39125e-06
1491 5.11441e-06
1492 4.85091e-06
1493 4.60013e-06
1494 4.36152e-06
1495 4.13453e-06
1496 3.91863e-06
1497 3.71332e-06
1498 3.51813e-06
1499 3.33258e-06
1500 3.15623e-06
1501 2.98867e-06
1502 2.82948e-06
1503 2.67828e-06
1504 2.53469e-06
1505 2.39835e-06
1506 2.26893e-06
1507 2.1461e-06
1508 2.02954e-06
1509 1.91896e-06
1510 1.81407e-06
1511 1.71459e-06
1512 1.62027e-06
1513 1.53086e-06
1514 1.44611e-06
1515 1.3658e-06
1516 1.28971e-06
1517 1.21763e-06
1518 1.14937e-06
1519 1.08474e-06
1520 1.02355e-06
1521 9.65629e-07
1522 9.10819e-07
1523 8.5896e-07
1524 8.09903e-07
1525 7.63506e-07
1526 7.19633e-07
1527 6.78155e-07
1528 6.38948e-07
1529 6.01896e-07
1530 5.66887e-07
1531 5.33814e-07
1532 5.02577e-07
1533 4.7308e-07
1534 4.45231e-07
1535 4.18943e-07
1536 3.94133e-07
1537 3.70723e-07
1538 3.48638e-07
1539 3.27807e-07
1540 3.08164e-07
1541 2.89643e-07
1542 2.72184e-07
1543 2.55729e-07
1544 2.40224e-07
1545 2.25617e-07
1546 2.11858e-07
1547 1.98901e-07
1548 1.86701e-07
1549 1.75216e-07
1550 1.64407e-07
1551 1.54236e-07
1552 1.44666e-07
1553 1.35665e-07
1554 1.27199e-07
1555 1.1924e-07
1556 1.11757e-07
1557 1.04724e-07
1558 9.8115e-08
1559 9.19057e-08
1560 8.6073e-08
1561 8.05953e-08
1562 7.54518e-08
1563 7.06231e-08
1564 6.6091e-08
1565 6.18379e-08
1566 5.78475e-08
1567 5.41043e-08
1568 5.05938e-08
1569 4.7302e-08
1570 4.42159e-08
1571 4.13233e-08
1572 3.86126e-08
1573 3.60728e-08
1574 3.36937e-08
1575 3.14655e-08
1576 2.9379e-08
1577 2.74256e-08
1578 2.55972e-08
1579 2.38862e-08
1580 2.22853e-08
1581 2.07876e-08
1582 1.9387e-08
1583 1.80772e-08
1584 1.68527e-08
1585 1.57081e-08
1586 1.46385e-08
1587 1.36391e-08
1588 1.27055e-08
1589 1.18335e-08
1590 1.10193e-08
1591 1.02591e-08
1592 9.54951e-09
1593 8.8873e-09
1594 8.26943e-09
1595 7.69304e-09
1596 7.15544e-09
1597 6.65413e-09
1598 6.18676e-09
1599 5.7511e-09
1600 5.3451e-09
1601 4.9668e-09
1602 4.61438e-09
1603 4.28615e-09
1604 3.98049e-09
1605 3.69592e-09
1606 3.43104e-09
1607 3.18452e-09
1608 2.95514e-09
1609 2.74175e-09
1610 2.54329e-09
1611 2.35873e-09
1612 2.18714e-09
1613 2.02764e-09
1614 1.87941e-09
1615 1.74168e-09
1616 1.61373e-09
1617 1.49489e-09
1618 1.38453e-09
1619 1.28207e-09
1620 1.18696e-09
1621 1.0987e-09
1622 1.0168e-09
1623 9.40819e-10
1624 8.70349e-10
1625 8.05002e-10
1626 7.44415e-10
1627 6.88255e-10
1628 6.36207e-10
1629 5.87981e-10
1630 5.43305e-10
1631 5.01925e-10
1632 4.63607e-10
1633 4.2813e-10
1634 3.95291e-10
1635 3.64899e-10
1636 3.36779e-10
1637 3.10764e-10
1638 2.86703e-10
1639 2.64454e-10
1640 2.43883e-10
1641 2.24868e-10
1642 2.07296e-10
1643 1.91059e-10
1644 1.76059e-10
1645 1.62205e-10
1646 1.49412e-10
1647 1.37601e-10
1648 1.26699e-10
1649 1.16638e-10
1650 1.07355e-10
1651 9.87908e-11
1652 9.08923e-11
1653 8.36088e-11
1654 7.68939e-11
1655 7.07044e-11
1656 6.50003e-11
1657 5.97446e-11
1658 5.49031e-11
1659 5.0444e-11
1660 4.6338e-11
1661 4.25578e-11
1662 3.90783e-11
1663 3.58762e-11
1664 3.293e-11
1665 3.02198e-11
1666 2.77272e-11
1667 2.54351e-11
1668 2.3328e-11
1669 2.13911e-11
1670 1.96113e-11
1671 1.79759e-11
1672 1.64737e-11
1673 1.5094e-11
1674 1.38272e-11
1675 1.26641e-11
1676 1.15966e-11
1677 1.0617e-11
1678 9.71824e-12
1679 8.89378e-12
1680 8.13765e-12
1681 7.44433e-12
1682 6.80873e-12
1683 6.22616e-12
1684 5.69231e-12
1685 5.2032e-12
1686 4.75518e-12
1687 4.34487e-12
1688 3.96917e-12
1689 3.62524e-12
1690 3.31046e-12
1691 3.0224e-12
1692 2.75886e-12
1693 2.51781e-12
1694 2.29735e-12
1695 2.09578e-12
1696 1.91152e-12
1697 1.74311e-12
1698 1.58922e-12
1699 1.44863e-12
1700 1.32021e-12
1701 1.20294e-12
1702 1.09586e-12
1703 9.98118e-13
1704 9.08912e-13
1705 8.27513e-13
1706 7.53253e-13
1707 6.85521e-13
1708 6.23754e-13
1709 5.67439e-13
1710 5.16106e-13
1711 4.69322e-13
1712 4.26694e-13
1713 3.8786e-13
1714 3.5249e-13
1715 3.20282e-13
1716 2.90958e-13
1717 2.64266e-13
1718 2.39975e-13
1719 2.17873e-13
1720 1.97767e-13
1721 1.7948e-13
1722 1.62852e-13
1723 1.47734e-13
1724 1.33993e-13
1725 1.21506e-13
1726 1.1016e-13
1727 9.98542e-14
1728 9.0494e-14
1729 8.19948e-14
1730 7.42789e-14
1731 6.72755e-14
1732 6.09202e-14
1733 5.51542e-14
1734 4.99239e-14
1735 4.51805e-14
1736 4.08796e-14
1737 3.69806e-14
1738 3.34468e-14
1739 3.02446e-14
1740 2.73435e-14
1741 2.47156e-14
1742 2.23358e-14
1743 2.01811e-14
1744 1.82306e-14
1745 1.64652e-14
1746 1.48679e-14
1747 1.34227e-14
1748 1.21156e-14
1749 1.09336e-14
1750 9.8649e-15
1751 8.89886e-15
1752 8.0258e-15
1753 7.23693e-15
1754 6.52428e-15
1755 5.88062e-15
1756 5.29939e-15
1757 4.77464e-15
1758 4.30099e-15
1759 3.87353e-15
1760 3.48785e-15
1761 3.13994e-15
1762 2.82616e-15
1763 2.54322e-15
1764 2.28814e-15
1765 2.05823e-15
1766 1.85105e-15
1767 1.66438e-15
1768 1.49623e-15
1769 1.3448e-15
1770 1.20845e-15
1771 1.0857e-15
1772 9.75227e-16
1773 8.75814e-16
1774 7.86375e-16
1775 7.05927e-16
1776 6.3358e-16
1777 5.68532e-16
1778 5.10058e-16
1779 4.57506e-16
1780 4.10285e-16
1781 3.67863e-16
1782 3.2976e-16
1783 2.95543e-16
1784 2.64823e-16
1785 2.37248e-16
1786 2.12501e-16
1787 1.90297e-16
1788 1.70378e-16
1789 1.52513e-16
1790 1.36493e-16
1791 1.22131e-16
1792 1.09258e-16
1793 9.77221e-17
1794 8.73863e-17
1795 7.81277e-17
1796 6.98358e-17
1797 6.24113e-17
1798 5.57646e-17
1799 4.98157e-17
1800 4.44923e-17
1801 3.97296e-17
1802 3.54695e-17
1803 3.16598e-17
1804 2.82534e-17
1805 2.52084e-17
1806 2.2487e-17
1807 2.00553e-17
1808 1.78828e-17
1809 1.59425e-17
1810 1.42097e-17
1811 1.26627e-17
1812 1.12818e-17
1813 1.00495e-17
1814 8.94989e-18
1815 7.96898e-18
1816 7.09413e-18
1817 6.31403e-18
1818 5.61856e-18
1819 4.99867e-18
1820 4.44625e-18
1821 3.95408e-18
1822 3.51566e-18
1823 3.12521e-18
1824 2.77756e-18
1825 2.46807e-18
1826 2.19262e-18
1827 1.94751e-18
1828 1.72944e-18
1829 1.53548e-18
1830 1.36299e-18
1831 1.20962e-18
1832 1.0733e-18
1833 9.52139e-19
1834 8.44484e-19
1835 7.48847e-19
1836 6.63904e-19
1837 5.88476e-19
1838 5.21509e-19
1839 4.62069e-19
1840 4.09318e-19
1841 3.62516e-19
1842 3.20998e-19
1843 2.84177e-19
1844 2.51528e-19
1845 2.22584e-19
1846 1.9693e-19
1847 1.74197e-19
1848 1.54056e-19
1849 1.36216e-19
1850 1.20417e-19
1851 1.06429e-19
1852 9.40457e-20
1853 8.30864e-20
1854 7.3389e-20
1855 6.48101e-20
1856 5.72222e-20
1857 5.05122e-20
1858 4.45799e-20
1859 3.93361e-20
1860 3.4702e-20
1861 3.06074e-20
1862 2.69905e-20
1863 2.3796e-20
1864 2.09752e-20
1865 1.8485e-20
1866 1.62871e-20
1867 1.43476e-20
1868 1.26364e-20
1869 1.11269e-20
1870 9.79579e-21
1871 8.62211e-21
1872 7.58748e-21
1873 6.67562e-21
1874 5.87213e-21
1875 5.16428e-21
1876 4.54081e-21
1877 3.99178e-21
1878 3.50841e-21
1879 3.08293e-21
1880 2.70849e-21
1881 2.37904e-21
1882 2.08922e-21
1883 1.83433e-21
1884 1.6102e-21
1885 1.41317e-21
1886 1.23998e-21
1887 1.0878e-21
1888 9.54092e-22
1889 8.36646e-22
1890 7.33505e-22
1891 6.42946e-22
1892 5.6345e-22
1893 4.93681e-22
1894 4.32461e-22
1895 3.78754e-22
1896 3.31648e-22
1897 2.9034e-22
1898 2.54124e-22
1899 2.22379e-22
1900 1.94559e-22
1901 1.70185e-22
1902 1.48832e-22
1903 1.30132e-22
1904 1.13758e-22
1905 9.9423e-23
1906 8.68765e-23
1907 7.58975e-23
1908 6.62921e-23
1909 5.78903e-23
1910 5.05427e-23
1911 4.41186e-23
1912 3.85029e-23
1913 3.3595e-23
1914 2.93066e-23
1915 2.55603e-23
1916 2.22882e-23
1917 1.9431e-23
1918 1.69365e-23
1919 1.47591e-23
1920 1.2859e-23
1921 1.12011e-23
1922 9.75498e-24
1923 8.49378e-24
1924 7.39409e-24
1925 6.43542e-24
1926 5.59988e-24
1927 4.8718e-24
1928 4.23749e-24
1929 3.68501e-24
1930 3.20389e-24
1931 2.785e-24
1932 2.42037e-24
1933 2.10304e-24
1934 1.82692e-24
1935 1.58673e-24
1936 1.37783e-24
1937 1.19619e-24
1938 1.03827e-24
1939 9.01007e-25
1940 7.8173e-25
1941 6.78101e-25
1942 5.88087e-25
1943 5.09915e-25
1944 4.4204e-25
1945 3.83119e-25
1946 3.31984e-25
1947 2.87611e-25
1948 2.49119e-25
1949 2.15733e-25
1950 1.86781e-25
1951 1.61681e-25
1952 1.39925e-25
1953 1.21071e-25
1954 1.04735e-25
1955 9.05843e-26
1956 7.83292e-26
1957 6.77177e-26
1958 5.85317e-26
1959 5.05809e-26
1960 4.37011e-26
1961 3.7749e-26
1962 3.26009e-26
1963 2.81487e-26
1964 2.42995e-26
1965 2.09724e-26
1966 1.80968e-26
1967 1.56123e-26
1968 1.34661e-26
1969 1.16125e-26
1970 1.00119e-26
1971 8.63008e-27
1972 7.43748e-27
1973 6.40828e-27
1974 5.52031e-27
1975 4.75446e-27
1976 4.09394e-27
1977 3.52445e-27
1978 3.03354e-27
1979 2.61045e-27
1980 2.24592e-27
1981 1.93186e-27
1982 1.66138e-27
1983 1.42847e-27
1984 1.22795e-27
1985 1.05536e-27
1986 9.0682e-28
1987 7.79044e-28
1988 6.69122e-28
1989 5.74586e-28
1990 4.93303e-28
1991 4.2343e-28
1992 3.63386e-28
1993 3.11781e-28
1994 2.67452e-28
1995 2.29381e-28
1996 1.96684e-28
1997 1.68615e-28
1998 1.44518e-28
1999 1.23838e-28
2000 1.06103e-28
2001 9.08831e-29
2002 7.78311e-29
2003 6.66413e-29
2004 5.70477e-29
2005 4.88261e-29
2006 4.178e-29
2007 3.57447e-29
2008 3.05746e-29
2009 2.61479e-29
2010 2.23575e-29
2011 1.91129e-29
2012 1.63365e-29
2013 1.3961e-29
2014 1.19289e-29
2015 1.01908e-29
2016 8.70491e-30
2017 7.43432e-30
2018 6.34846e-30
2019 5.42083e-30
2020 4.62814e-30
2021 3.95115e-30
2022 3.37306e-30
2023 2.87938e-30
2024 2.45809e-30
2025 2.09857e-30
2026 1.79176e-30
2027 1.5301e-30
2028 1.3069e-30
2029 1.11662e-30
2030 9.54399e-31
2031 8.16176e-31
2032 6.98393e-31
2033 5.98041e-31
2034 5.12622e-31
2035 4.3984e-31
2036 3.77908e-31
2037 3.25243e-31
2038 2.8041e-31
2039 2.42301e-31
2040 2.09935e-31
2041 1.82431e-31
2042 1.59093e-31
2043 1.39314e-31
2044 1.22555e-31
2045 1.0839e-31
2046 9.6453e-32
2047 8.64158e-32
