0 1.67485e-24
1 1.47438e-24
2 1.30151e-24
3 1.15323e-24
4 1.0269e-24
5 9.20256e-25
6 8.31457e-25
7 7.5891e-25
8 7.01268e-25
9 6.57453e-25
10 6.26664e-25
11 6.08278e-25
12 6.01861e-25
13 6.07201e-25
14 6.24331e-25
15 6.53371e-25
16 6.94721e-25
17 7.48961e-25
18 8.16811e-25
19 8.99291e-25
20 9.97586e-25
21 1.11316e-24
22 1.24778e-24
23 1.40343e-24
24 1.58245e-24
25 1.78747e-24
26 2.02154e-24
27 2.28832e-24
28 2.59167e-24
29 2.9361e-24
30 3.32676e-24
31 3.76947e-24
32 4.2708e-24
33 4.83808e-24
34 5.47974e-24
35 6.20521e-24
36 7.02508e-24
37 7.95128e-24
38 8.99735e-24
39 1.01785e-23
40 1.15119e-23
41 1.30164e-23
42 1.47141e-23
43 1.66291e-23
44 1.87887e-23
45 2.12237e-23
46 2.39686e-23
47 2.70626e-23
48 3.05487e-23
49 3.44762e-23
50 3.89001e-23
51 4.38819e-23
52 4.94914e-23
53 5.58059e-23
54 6.29123e-23
55 7.0909e-23
56 7.99057e-23
57 9.00247e-23
58 1.01404e-22
59 1.14199e-22
60 1.28582e-22
61 1.44746e-22
62 1.62911e-22
63 1.83317e-22
64 2.06238e-22
65 2.31978e-22
66 2.60878e-22
67 2.93319e-22
68 3.29727e-22
69 3.70582e-22
70 4.16415e-22
71 4.67823e-22
72 5.25474e-22
73 5.90109e-22
74 6.62565e-22
75 7.43768e-22
76 8.34754e-22
77 9.36685e-22
78 1.05086e-21
79 1.17871e-21
80 1.32185e-21
81 1.48208e-21
82 1.6614e-21
83 1.86206e-21
84 2.08653e-21
85 2.3376e-21
86 2.61836e-21
87 2.93226e-21
88 3.28314e-21
89 3.67529e-21
90 4.11346e-21
91 4.60296e-21
92 5.1497e-21
93 5.76024e-21
94 6.44189e-21
95 7.2028e-21
96 8.052e-21
97 8.99954e-21
98 1.00566e-20
99 1.12356e-20
100 1.25504e-20
101 1.40163e-20
102 1.56504e-20
103 1.74715e-20
104 1.95007e-20
105 2.17613e-20
106 2.42792e-20
107 2.70832e-20
108 3.0205e-20
109 3.368e-20
110 3.75475e-20
111 4.18509e-20
112 4.66384e-20
113 5.19633e-20
114 5.78848e-20
115 6.44684e-20
116 7.17867e-20
117 7.99201e-20
118 8.89575e-20
119 9.89974e-20
120 1.10149e-19
121 1.22532e-19
122 1.36281e-19
123 1.51542e-19
124 1.6848e-19
125 1.87274e-19
126 2.08123e-19
127 2.31248e-19
128 2.56892e-19
129 2.85324e-19
130 3.1684e-19
131 3.51768e-19
132 3.9047e-19
133 4.33345e-19
134 4.80834e-19
135 5.33422e-19
136 5.91646e-19
137 6.56097e-19
138 7.27427e-19
139 8.06355e-19
140 8.93672e-19
141 9.90251e-19
142 1.09705e-18
143 1.21514e-18
144 1.34567e-18
145 1.48994e-18
146 1.64936e-18
147 1.82547e-18
148 2.02e-18
149 2.23483e-18
150 2.47203e-18
151 2.73387e-18
152 3.02287e-18
153 3.34177e-18
154 3.69359e-18
155 4.08167e-18
156 4.50966e-18
157 4.98155e-18
158 5.50177e-18
159 6.07513e-18
160 6.70695e-18
161 7.40306e-18
162 8.16982e-18
163 9.01427e-18
164 9.94407e-18
165 1.09677e-17
166 1.20943e-17
167 1.3334e-17
168 1.4698e-17
169 1.61983e-17
170 1.78484e-17
171 1.96627e-17
172 2.16573e-17
173 2.38495e-17
174 2.62586e-17
175 2.89053e-17
176 3.18127e-17
177 3.50057e-17
178 3.85117e-17
179 4.23606e-17
180 4.65852e-17
181 5.12211e-17
182 5.63074e-17
183 6.18868e-17
184 6.80059e-17
185 7.47155e-17
186 8.20712e-17
187 9.01337e-17
188 9.89691e-17
189 1.0865e-16
190 1.19254e-16
191 1.30869e-16
192 1.43586e-16
193 1.5751e-16
194 1.72751e-16
195 1.8943e-16
196 2.0768e-16
197 2.27644e-16
198 2.4948e-16
199 2.73359e-16
200 2.99466e-16
201 3.28004e-16
202 3.59194e-16
203 3.93275e-16
204 4.30507e-16
205 4.71175e-16
206 5.15587e-16
207 5.64079e-16
208 6.17014e-16
209 6.74789e-16
210 7.37834e-16
211 8.06616e-16
212 8.81644e-16
213 9.63467e-16
214 1.05268e-15
215 1.14994e-15
216 1.25595e-15
217 1.37147e-15
218 1.49733e-15
219 1.63443e-15
220 1.78374e-15
221 1.94632e-15
222 2.12331e-15
223 2.31596e-15
224 2.5256e-15
225 2.75369e-15
226 3.00181e-15
227 3.27165e-15
228 3.56507e-15
229 3.88406e-15
230 4.23078e-15
231 4.60757e-15
232 5.01695e-15
233 5.46165e-15
234 5.94464e-15
235 6.4691e-15
236 7.03847e-15
237 7.6565e-15
238 8.32721e-15
239 9.05494e-15
240 9.84439e-15
241 1.07006e-14
242 1.16291e-14
243 1.26358e-14
244 1.3727e-14
245 1.49097e-14
246 1.61911e-14
247 1.75794e-14
248 1.90832e-14
249 2.07117e-14
250 2.24749e-14
251 2.43837e-14
252 2.64497e-14
253 2.86853e-14
254 3.11042e-14
255 3.37208e-14
256 3.65507e-14
257 3.96107e-14
258 4.2919e-14
259 4.6495e-14
260 5.03596e-14
261 5.45354e-14
262 5.90465e-14
263 6.3919e-14
264 6.91808e-14
265 7.48619e-14
266 8.09946e-14
267 8.76134e-14
268 9.47556e-14
269 1.02461e-13
270 1.10772e-13
271 1.19736e-13
272 1.29401e-13
273 1.39819e-13
274 1.51049e-13
275 1.63149e-13
276 1.76187e-13
277 1.9023e-13
278 2.05354e-13
279 2.21639e-13
280 2.3917e-13
281 2.58039e-13
282 2.78344e-13
283 3.0019e-13
284 3.2369e-13
285 3.48963e-13
286 3.76138e-13
287 4.05353e-13
288 4.36754e-13
289 4.70498e-13
290 5.06753e-13
291 5.45699e-13
292 5.87527e-13
293 6.32441e-13
294 6.80661e-13
295 7.32419e-13
296 7.87965e-13
297 8.47564e-13
298 9.115e-13
299 9.80077e-13
300 1.05362e-12
301 1.13246e-12
302 1.21699e-12
303 1.30758e-12
304 1.40465e-12
305 1.50866e-12
306 1.62007e-12
307 1.73939e-12
308 1.86716e-12
309 2.00395e-12
310 2.15037e-12
311 2.30708e-12
312 2.47476e-12
313 2.65415e-12
314 2.84604e-12
315 3.05126e-12
316 3.27069e-12
317 3.50528e-12
318 3.75602e-12
319 4.02398e-12
320 4.31029e-12
321 4.61616e-12
322 4.94284e-12
323 5.2917e-12
324 5.66418e-12
325 6.06178e-12
326 6.48614e-12
327 6.93896e-12
328 7.42205e-12
329 7.93735e-12
330 8.48689e-12
331 9.07283e-12
332 9.69745e-12
333 1.03632e-11
334 1.10726e-11
335 1.18284e-11
336 1.26335e-11
337 1.34908e-11
338 1.44037e-11
339 1.53755e-11
340 1.64098e-11
341 1.75104e-11
342 1.86813e-11
343 1.99267e-11
344 2.12513e-11
345 2.26595e-11
346 2.41566e-11
347 2.57477e-11
348 2.74384e-11
349 2.92347e-11
350 3.11427e-11
351 3.31689e-11
352 3.53204e-11
353 3.76044e-11
354 4.00286e-11
355 4.26012e-11
356 4.53307e-11
357 4.82261e-11
358 5.12971e-11
359 5.45536e-11
360 5.80062e-11
361 6.16662e-11
362 6.55452e-11
363 6.96558e-11
364 7.40109e-11
365 7.86244e-11
366 8.35107e-11
367 8.86851e-11
368 9.41637e-11
369 9.99633e-11
370 1.06102e-10
371 1.12598e-10
372 1.19472e-10
373 1.26743e-10
374 1.34434e-10
375 1.42568e-10
376 1.51169e-10
377 1.60261e-10
378 1.69872e-10
379 1.80029e-10
380 1.90762e-10
381 2.021e-10
382 2.14077e-10
383 2.26725e-10
384 2.4008e-10
385 2.54179e-10
386 2.69061e-10
387 2.84766e-10
388 3.01335e-10
389 3.18815e-10
390 3.3725e-10
391 3.56689e-10
392 3.77183e-10
393 3.98785e-10
394 4.21549e-10
395 4.45534e-10
396 4.70799e-10
397 4.97407e-10
398 5.25423e-10
399 5.54916e-10
400 5.85958e-10
401 6.18621e-10
402 6.52983e-10
403 6.89125e-10
404 7.27131e-10
405 7.67089e-10
406 8.09089e-10
407 8.53226e-10
408 8.99599e-10
409 9.48312e-10
410 9.99471e-10
411 1.05319e-09
412 1.10958e-09
413 1.16877e-09
414 1.23088e-09
415 1.29604e-09
416 1.3644e-09
417 1.43609e-09
418 1.51126e-09
419 1.59007e-09
420 1.67268e-09
421 1.75926e-09
422 1.84998e-09
423 1.94502e-09
424 2.04458e-09
425 2.14886e-09
426 2.25805e-09
427 2.37238e-09
428 2.49208e-09
429 2.61736e-09
430 2.74848e-09
431 2.8857e-09
432 3.02926e-09
433 3.17945e-09
434 3.33656e-09
435 3.50087e-09
436 3.6727e-09
437 3.85236e-09
438 4.0402e-09
439 4.23655e-09
440 4.44177e-09
441 4.65623e-09
442 4.88033e-09
443 5.11445e-09
444 5.35901e-09
445 5.61444e-09
446 5.88117e-09
447 6.15967e-09
448 6.4504e-09
449 6.75386e-09
450 7.07054e-09
451 7.40095e-09
452 7.74563e-09
453 8.10513e-09
454 8.48001e-09
455 8.87083e-09
456 9.27821e-09
457 9.70273e-09
458 1.0145e-08
459 1.06058e-08
460 1.10855e-08
461 1.1585e-08
462 1.2105e-08
463 1.2646e-08
464 1.32089e-08
465 1.37943e-08
466 1.44031e-08
467 1.50359e-08
468 1.56935e-08
469 1.63768e-08
470 1.70865e-08
471 1.78234e-08
472 1.85884e-08
473 1.93824e-08
474 2.02062e-08
475 2.10608e-08
476 2.19469e-08
477 2.28657e-08
478 2.38179e-08
479 2.48047e-08
480 2.5827e-08
481 2.68858e-08
482 2.79822e-08
483 2.91172e-08
484 3.02921e-08
485 3.15079e-08
486 3.27658e-08
487 3.40671e-08
488 3.5413e-08
489 3.68049e-08
490 3.8244e-08
491 3.97317e-08
492 4.12696e-08
493 4.28591e-08
494 4.45018e-08
495 4.61993e-08
496 4.79533e-08
497 4.97654e-08
498 5.16376e-08
499 5.35717e-08
500 5.55697e-08
501 5.76335e-08
502 5.97652e-08
503 6.19671e-08
504 6.42413e-08
505 6.65902e-08
506 6.90162e-08
507 7.15217e-08
508 7.41094e-08
509 7.67818e-08
510 7.95416e-08
511 8.23916e-08
512 8.53347e-08
513 8.83737e-08
514 9.15116e-08
515 9.47515e-08
516 9.80964e-08
517 1.01549e-07
518 1.05114e-07
519 1.08792e-07
520 1.12589e-07
521 1.16506e-07
522 1.20547e-07
523 1.24716e-07
524 1.29015e-07
525 1.33448e-07
526 1.38017e-07
527 1.42726e-07
528 1.47579e-07
529 1.52577e-07
530 1.57723e-07
531 1.63021e-07
532 1.68473e-07
533 1.74082e-07
534 1.79849e-07
535 1.85777e-07
536 1.91869e-07
537 1.98125e-07
538 2.04549e-07
539 2.11141e-07
540 2.17902e-07
541 2.24834e-07
542 2.31938e-07
543 2.39215e-07
544 2.46665e-07
545 2.54288e-07
546 2.62085e-07
547 2.70055e-07
548 2.78199e-07
549 2.86517e-07
550 2.95006e-07
551 3.03668e-07
552 3.12501e-07
553 3.21505e-07
554 3.30677e-07
555 3.40018e-07
556 3.49527e-07
557 3.59201e-07
558 3.69042e-07
559 3.79046e-07
560 3.89214e-07
561 3.99545e-07
562 4.10039e-07
563 4.20695e-07
564 4.31513e-07
565 4.42493e-07
566 4.53637e-07
567 4.64946e-07
568 4.7642e-07
569 4.88062e-07
570 4.99875e-07
571 5.11861e-07
572 5.24024e-07
573 5.3637e-07
574 5.48902e-07
575 5.61626e-07
576 5.7455e-07
577 5.8768e-07
578 6.01024e-07
579 6.14592e-07
580 6.28392e-07
581 6.42435e-07
582 6.56734e-07
583 6.71298e-07
584 6.86143e-07
585 7.0128e-07
586 7.16724e-07
587 7.32491e-07
588 7.48596e-07
589 7.65054e-07
590 7.81884e-07
591 7.99101e-07
592 8.16723e-07
593 8.34769e-07
594 8.53255e-07
595 8.72201e-07
596 8.91623e-07
597 9.11539e-07
598 9.31968e-07
599 9.52925e-07
600 9.74428e-07
601 9.96492e-07
602 1.01913e-06
603 1.04236e-06
604 1.06619e-06
605 1.09063e-06
606 1.1157e-06
607 1.1414e-06
608 1.16773e-06
609 1.1947e-06
610 1.22232e-06
611 1.25058e-06
612 1.27948e-06
613 1.30901e-06
614 1.33917e-06
615 1.36994e-06
616 1.40131e-06
617 1.43327e-06
618 1.46579e-06
619 1.49885e-06
620 1.53242e-06
621 1.56648e-06
622 1.60098e-06
623 1.6359e-06
624 1.67118e-06
625 1.7068e-06
626 1.74269e-06
627 1.77882e-06
628 1.81513e-06
629 1.85155e-06
630 1.88804e-06
631 1.92454e-06
632 1.96097e-06
633 1.99727e-06
634 2.03337e-06
635 2.06921e-06
636 2.10471e-06
637 2.1398e-06
638 2.17441e-06
639 2.20845e-06
640 2.24187e-06
641 2.27459e-06
642 2.30653e-06
643 2.33762e-06
644 2.36779e-06
645 2.39698e-06
646 2.42511e-06
647 2.45214e-06
648 2.47799e-06
649 2.50262e-06
650 2.52597e-06
651 2.548e-06
652 2.56866e-06
653 2.58793e-06
654 2.60577e-06
655 2.62217e-06
656 2.6371e-06
657 2.65056e-06
658 2.66255e-06
659 2.67308e-06
660 2.68217e-06
661 2.68983e-06
662 2.69612e-06
663 2.70106e-06
664 2.70471e-06
665 2.70714e-06
666 2.70842e-06
667 2.70862e-06
668 2.70785e-06
669 2.7062e-06
670 2.70378e-06
671 2.70071e-06
672 2.69712e-06
673 2.69315e-06
674 2.68894e-06
675 2.68465e-06
676 2.68045e-06
677 2.67649e-06
678 2.67297e-06
679 2.67005e-06
680 2.66794e-06
681 2.66681e-06
682 2.66688e-06
683 2.66834e-06
684 2.6714e-06
685 2.67626e-06
686 2.68313e-06
687 2.69222e-06
688 2.70373e-06
689 2.71787e-06
690 2.73483e-06
691 2.75483e-06
692 2.77805e-06
693 2.80468e-06
694 2.83489e-06
695 2.86888e-06
696 2.90678e-06
697 2.94877e-06
698 2.99498e-06
699 3.04555e-06
700 3.10059e-06
701 3.1602e-06
702 3.22449e-06
703 3.29351e-06
704 3.36733e-06
705 3.44599e-06
706 3.52951e-06
707 3.61788e-06
708 3.71111e-06
709 3.80915e-06
710 3.91194e-06
711 4.0194e-06
712 4.13145e-06
713 4.24795e-06
714 4.36878e-06
715 4.49375e-06
716 4.6227e-06
717 4.75542e-06
718 4.89167e-06
719 5.03121e-06
720 5.17377e-06
721 5.31907e-06
722 5.46678e-06
723 5.6166e-06
724 5.76816e-06
725 5.9211e-06
726 6.07505e-06
727 6.2296e-06
728 6.38436e-06
729 6.53888e-06
730 6.69275e-06
731 6.8455e-06
732 6.99669e-06
733 7.14585e-06
734 7.29251e-06
735 7.43619e-06
736 7.57642e-06
737 7.71271e-06
738 7.84459e-06
739 7.97158e-06
740 8.0932e-06
741 8.20899e-06
742 8.31849e-06
743 8.42124e-06
744 8.51681e-06
745 8.60477e-06
746 8.6847e-06
747 8.75622e-06
748 8.81895e-06
749 8.87252e-06
750 8.91661e-06
751 8.95092e-06
752 8.97515e-06
753 8.98905e-06
754 8.99239e-06
755 8.98498e-06
756 8.96665e-06
757 8.93727e-06
758 8.89674e-06
759 8.84501e-06
760 8.78205e-06
761 8.70788e-06
762 8.62254e-06
763 8.52613e-06
764 8.41879e-06
765 8.30069e-06
766 8.17204e-06
767 8.03311e-06
768 7.88419e-06
769 7.72563e-06
770 7.55782e-06
771 7.38118e-06
772 7.19618e-06
773 7.00334e-06
774 6.80322e-06
775 6.5964e-06
776 6.38353e-06
777 6.16527e-06
778 5.94235e-06
779 5.71553e-06
780 5.48558e-06
781 5.25334e-06
782 5.01966e-06
783 4.78544e-06
784 4.55161e-06
785 4.31913e-06
786 4.08897e-06
787 3.86215e-06
788 3.6397e-06
789 3.4227e-06
790 3.21221e-06
791 3.00935e-06
792 2.81523e-06
793 2.63099e-06
794 2.45778e-06
795 2.29677e-06
796 2.14912e-06
797 2.01602e-06
798 1.89865e-06
799 1.79821e-06
800 1.71589e-06
801 1.65288e-06
802 1.61037e-06
803 1.58955e-06
804 1.5916e-06
805 1.61769e-06
806 1.66899e-06
807 1.74664e-06
808 1.85179e-06
809 1.98556e-06
810 2.14906e-06
811 2.34337e-06
812 2.56958e-06
813 2.82873e-06
814 3.12184e-06
815 3.44993e-06
816 3.81398e-06
817 4.21494e-06
818 4.65374e-06
819 5.13129e-06
820 5.64847e-06
821 6.20612e-06
822 6.80507e-06
823 7.44611e-06
824 8.13001e-06
825 8.85749e-06
826 9.62926e-06
827 1.0446e-05
828 1.13084e-05
829 1.2217e-05
830 1.31725e-05
831 1.41753e-05
832 1.52261e-05
833 1.63254e-05
834 1.74736e-05
835 1.86712e-05
836 1.99187e-05
837 2.12164e-05
838 2.25649e-05
839 2.39644e-05
840 2.54153e-05
841 2.69181e-05
842 2.84729e-05
843 3.00802e-05
844 3.17403e-05
845 3.34534e-05
846 3.52199e-05
847 3.704e-05
848 3.89141e-05
849 4.08424e-05
850 4.28252e-05
851 4.48628e-05
852 4.69556e-05
853 4.91038e-05
854 5.13077e-05
855 5.35677e-05
856 5.58841e-05
857 5.82573e-05
858 6.06876e-05
859 6.31756e-05
860 6.57214e-05
861 6.83258e-05
862 7.0989e-05
863 7.37117e-05
864 7.64943e-05
865 7.93375e-05
866 8.22419e-05
867 8.52081e-05
868 8.82368e-05
869 9.13288e-05
870 9.44848e-05
871 9.77057e-05
872 0.000100992
873 0.000104346
874 0.000107767
875 0.000111257
876 0.000114816
877 0.000118447
878 0.00012215
879 0.000125926
880 0.000129777
881 0.000133705
882 0.00013771
883 0.000141795
884 0.00014596
885 0.000150208
886 0.00015454
887 0.000158959
888 0.000163465
889 0.000168062
890 0.000172751
891 0.000177533
892 0.000182413
893 0.000187391
894 0.00019247
895 0.000197652
896 0.00020294
897 0.000208337
898 0.000213845
899 0.000219467
900 0.000225206
901 0.000231065
902 0.000237046
903 0.000243153
904 0.000249388
905 0.000255756
906 0.000262259
907 0.000268901
908 0.000275685
909 0.000282614
910 0.000289693
911 0.000296925
912 0.000304313
913 0.000311862
914 0.000319575
915 0.000327456
916 0.00033551
917 0.00034374
918 0.000352151
919 0.000360746
920 0.000369531
921 0.000378509
922 0.000387686
923 0.000397065
924 0.00040665
925 0.000416448
926 0.000426462
927 0.000436697
928 0.000447158
929 0.000457849
930 0.000468777
931 0.000479945
932 0.000491359
933 0.000503024
934 0.000514944
935 0.000527126
936 0.000539574
937 0.000552294
938 0.00056529
939 0.000578569
940 0.000592136
941 0.000605996
942 0.000620154
943 0.000634617
944 0.000649389
945 0.000664476
946 0.000679885
947 0.00069562
948 0.000711687
949 0.000728092
950 0.000744841
951 0.000761939
952 0.000779393
953 0.000797207
954 0.000815389
955 0.000833943
956 0.000852875
957 0.000872192
958 0.000891899
959 0.000912002
960 0.000932507
961 0.00095342
962 0.000974747
963 0.000996493
964 0.00101866
965 0.00104127
966 0.00106431
967 0.00108779
968 0.00111173
969 0.00113611
970 0.00116096
971 0.00118628
972 0.00121206
973 0.00123833
974 0.00126508
975 0.00129232
976 0.00132005
977 0.00134829
978 0.00137703
979 0.00140629
980 0.00143606
981 0.00146636
982 0.00149718
983 0.00152854
984 0.00156044
985 0.00159289
986 0.00162588
987 0.00165944
988 0.00169355
989 0.00172823
990 0.00176348
991 0.0017993
992 0.00183571
993 0.00187271
994 0.00191029
995 0.00194847
996 0.00198725
997 0.00202664
998 0.00206663
999 0.00210724
1000 0.00214847
1001 0.00219031
1002 0.00223279
1003 0.00227589
1004 0.00231963
1005 0.00236401
1006 0.00240903
1007 0.00245469
1008 0.002501
1009 0.00254797
1010 0.00259559
1011 0.00264387
1012 0.0026928
1013 0.00274241
1014 0.00279268
1015 0.00284361
1016 0.00289522
1017 0.00294751
1018 0.00300047
1019 0.0030541
1020 0.00310842
1021 0.00316342
1022 0.0032191
1023 0.00327546
1024 0.00333251
1025 0.00339024
1026 0.00344866
1027 0.00350777
1028 0.00356757
1029 0.00362805
1030 0.00368922
1031 0.00375108
1032 0.00381363
1033 0.00387686
1034 0.00394078
1035 0.00400538
1036 0.00407067
1037 0.00413663
1038 0.00420328
1039 0.00427061
1040 0.00433861
1041 0.00440729
1042 0.00447664
1043 0.00454666
1044 0.00461734
1045 0.00468869
1046 0.00476069
1047 0.00483335
1048 0.00490667
1049 0.00498062
1050 0.00505522
1051 0.00513046
1052 0.00520634
1053 0.00528283
1054 0.00535996
1055 0.00543769
1056 0.00551604
1057 0.00559499
1058 0.00567454
1059 0.00575468
1060 0.0058354
1061 0.0059167
1062 0.00599857
1063 0.00608099
1064 0.00616397
1065 0.0062475
1066 0.00633155
1067 0.00641614
1068 0.00650124
1069 0.00658685
1070 0.00667295
1071 0.00675954
1072 0.00684661
1073 0.00693415
1074 0.00702213
1075 0.00711057
1076 0.00719943
1077 0.00728872
1078 0.00737841
1079 0.0074685
1080 0.00755897
1081 0.00764981
1082 0.00774101
1083 0.00783255
1084 0.00792442
1085 0.00801661
1086 0.0081091
1087 0.00820188
1088 0.00829492
1089 0.00838823
1090 0.00848178
1091 0.00857555
1092 0.00866953
1093 0.00876371
1094 0.00885806
1095 0.00895258
1096 0.00904724
1097 0.00914203
1098 0.00923693
1099 0.00933192
1100 0.00942698
1101 0.00952211
1102 0.00961727
1103 0.00971245
1104 0.00980764
1105 0.0099028
1106 0.00999794
1107 0.010093
1108 0.010188
1109 0.0102829
1110 0.0103777
1111 0.0104724
1112 0.0105669
1113 0.0106612
1114 0.0107554
1115 0.0108493
1116 0.010943
1117 0.0110364
1118 0.0111296
1119 0.0112224
1120 0.011315
1121 0.0114072
1122 0.011499
1123 0.0115905
1124 0.0116815
1125 0.0117722
1126 0.0118624
1127 0.0119521
1128 0.0120413
1129 0.01213
1130 0.0122182
1131 0.0123058
1132 0.0123929
1133 0.0124793
1134 0.0125651
1135 0.0126503
1136 0.0127349
1137 0.0128187
1138 0.0129018
1139 0.0129842
1140 0.0130659
1141 0.0131467
1142 0.0132268
1143 0.0133061
1144 0.0133845
1145 0.0134621
1146 0.0135388
1147 0.0136146
1148 0.0136894
1149 0.0137634
1150 0.0138363
1151 0.0139083
1152 0.0139793
1153 0.0140492
1154 0.0141182
1155 0.014186
1156 0.0142528
1157 0.0143185
1158 0.014383
1159 0.0144464
1160 0.0145087
1161 0.0145697
1162 0.0146296
1163 0.0146883
1164 0.0147457
1165 0.0148019
1166 0.0148569
1167 0.0149105
1168 0.0149628
1169 0.0150139
1170 0.0150636
1171 0.0151119
1172 0.0151589
1173 0.0152046
1174 0.0152488
1175 0.0152916
1176 0.015333
1177 0.015373
1178 0.0154115
1179 0.0154486
1180 0.0154842
1181 0.0155183
1182 0.015551
1183 0.0155821
1184 0.0156117
1185 0.0156398
1186 0.0156663
1187 0.0156913
1188 0.0157148
1189 0.0157367
1190 0.015757
1191 0.0157757
1192 0.0157928
1193 0.0158084
1194 0.0158224
1195 0.0158347
1196 0.0158455
1197 0.0158546
1198 0.0158621
1199 0.015868
1200 0.0158722
1201 0.0158748
1202 0.0158758
1203 0.0158752
1204 0.0158729
1205 0.015869
1206 0.0158634
1207 0.0158562
1208 0.0158474
1209 0.0158369
1210 0.0158248
1211 0.0158111
1212 0.0157957
1213 0.0157787
1214 0.01576
1215 0.0157398
1216 0.0157179
1217 0.0156944
1218 0.0156693
1219 0.0156426
1220 0.0156144
1221 0.0155845
1222 0.015553
1223 0.01552
1224 0.0154854
1225 0.0154492
1226 0.0154115
1227 0.0153723
1228 0.0153315
1229 0.0152892
1230 0.0152455
1231 0.0152002
1232 0.0151534
1233 0.0151052
1234 0.0150555
1235 0.0150043
1236 0.0149518
1237 0.0148978
1238 0.0148424
1239 0.0147856
1240 0.0147275
1241 0.014668
1242 0.0146072
1243 0.014545
1244 0.0144816
1245 0.0144168
1246 0.0143508
1247 0.0142835
1248 0.014215
1249 0.0141453
1250 0.0140744
1251 0.0140023
1252 0.0139291
1253 0.0138547
1254 0.0137792
1255 0.0137026
1256 0.013625
1257 0.0135463
1258 0.0134665
1259 0.0133858
1260 0.0133041
1261 0.0132213
1262 0.0131377
1263 0.0130531
1264 0.0129677
1265 0.0128814
1266 0.0127942
1267 0.0127062
1268 0.0126173
1269 0.0125278
1270 0.0124374
1271 0.0123463
1272 0.0122545
1273 0.0121621
1274 0.012069
1275 0.0119752
1276 0.0118808
1277 0.0117859
1278 0.0116904
1279 0.0115943
1280 0.0114977
1281 0.0114007
1282 0.0113032
1283 0.0112052
1284 0.0111069
1285 0.0110081
1286 0.010909
1287 0.0108095
1288 0.0107098
1289 0.0106097
1290 0.0105094
1291 0.0104088
1292 0.0103081
1293 0.0102071
1294 0.0101059
1295 0.0100046
1296 0.00990323
1297 0.00980171
1298 0.00970012
1299 0.00959848
1300 0.0094968
1301 0.00939512
1302 0.00929345
1303 0.00919182
1304 0.00909025
1305 0.00898876
1306 0.00888737
1307 0.00878611
1308 0.00868498
1309 0.00858403
1310 0.00848326
1311 0.00838269
1312 0.00828235
1313 0.00818226
1314 0.00808243
1315 0.00798289
1316 0.00788364
1317 0.00778472
1318 0.00768614
1319 0.00758792
1320 0.00749006
1321 0.0073926
1322 0.00729555
1323 0.00719893
1324 0.00710274
1325 0.00700701
1326 0.00691175
1327 0.00681698
1328 0.00672271
1329 0.00662896
1330 0.00653574
1331 0.00644306
1332 0.00635094
1333 0.00625939
1334 0.00616842
1335 0.00607804
1336 0.00598828
1337 0.00589913
1338 0.00581061
1339 0.00572273
1340 0.0056355
1341 0.00554893
1342 0.00546304
1343 0.00537782
1344 0.00529329
1345 0.00520946
1346 0.00512633
1347 0.00504392
1348 0.00496222
1349 0.00488126
1350 0.00480103
1351 0.00472154
1352 0.00464281
1353 0.00456482
1354 0.00448759
1355 0.00441113
1356 0.00433544
1357 0.00426052
1358 0.00418637
1359 0.00411301
1360 0.00404044
1361 0.00396865
1362 0.00389766
1363 0.00382745
1364 0.00375805
1365 0.00368944
1366 0.00362163
1367 0.00355463
1368 0.00348843
1369 0.00342303
1370 0.00335843
1371 0.00329464
1372 0.00323165
1373 0.00316947
1374 0.00310809
1375 0.00304751
1376 0.00298774
1377 0.00292877
1378 0.00287059
1379 0.00281322
1380 0.00275663
1381 0.00270085
1382 0.00264585
1383 0.00259164
1384 0.00253822
1385 0.00248557
1386 0.00243371
1387 0.00238263
1388 0.00233231
1389 0.00228276
1390 0.00223398
1391 0.00218596
1392 0.00213869
1393 0.00209218
1394 0.00204641
1395 0.00200138
1396 0.00195709
1397 0.00191352
1398 0.00187069
1399 0.00182857
1400 0.00178717
1401 0.00174648
1402 0.00170649
1403 0.0016672
1404 0.0016286
1405 0.00159069
1406 0.00155345
1407 0.00151689
1408 0.00148099
1409 0.00144575
1410 0.00141116
1411 0.00137722
1412 0.00134391
1413 0.00131124
1414 0.0012792
1415 0.00124777
1416 0.00121695
1417 0.00118673
1418 0.00115711
1419 0.00112808
1420 0.00109964
1421 0.00107176
1422 0.00104446
1423 0.00101771
1424 0.000991517
1425 0.000965868
1426 0.000940756
1427 0.000916174
1428 0.000892115
1429 0.00086857
1430 0.000845534
1431 0.000822997
1432 0.000800953
1433 0.000779395
1434 0.000758314
1435 0.000737703
1436 0.000717556
1437 0.000697864
1438 0.00067862
1439 0.000659818
1440 0.000641449
1441 0.000623507
1442 0.000605984
1443 0.000588873
1444 0.000572166
1445 0.000555858
1446 0.000539941
1447 0.000524408
1448 0.000509251
1449 0.000494465
1450 0.000480041
1451 0.000465975
1452 0.000452258
1453 0.000438884
1454 0.000425847
1455 0.00041314
1456 0.000400756
1457 0.00038869
1458 0.000376934
1459 0.000365484
1460 0.000354331
1461 0.000343471
1462 0.000332897
1463 0.000322604
1464 0.000312585
1465 0.000302835
1466 0.000293348
1467 0.000284118
1468 0.000275139
1469 0.000266407
1470 0.000257916
1471 0.000249659
1472 0.000241633
1473 0.000233832
1474 0.000226251
1475 0.000218884
1476 0.000211727
1477 0.000204775
1478 0.000198023
1479 0.000191466
1480 0.0001851
1481 0.00017892
1482 0.000172921
1483 0.0001671
1484 0.000161452
1485 0.000155972
1486 0.000150656
1487 0.0001455
1488 0.000140501
1489 0.000135654
1490 0.000130955
1491 0.000126401
1492 0.000121987
1493 0.000117711
1494 0.000113568
1495 0.000109555
1496 0.000105668
1497 0.000101904
1498 9.82606e-05
1499 9.47332e-05
1500 9.13191e-05
1501 8.80153e-05
1502 8.48185e-05
1503 8.1726e-05
1504 7.87346e-05
1505 7.58417e-05
1506 7.30443e-05
1507 7.03398e-05
1508 6.77255e-05
1509 6.51987e-05
1510 6.2757e-05
1511 6.03979e-05
1512 5.81189e-05
1513 5.59176e-05
1514 5.37917e-05
1515 5.1739e-05
1516 4.97573e-05
1517 4.78444e-05
1518 4.59982e-05
1519 4.42167e-05
1520 4.24979e-05
1521 4.08399e-05
1522 3.92407e-05
1523 3.76985e-05
1524 3.62115e-05
1525 3.47779e-05
1526 3.33962e-05
1527 3.20645e-05
1528 3.07814e-05
1529 2.95451e-05
1530 2.83543e-05
1531 2.72074e-05
1532 2.61029e-05
1533 2.50395e-05
1534 2.40158e-05
1535 2.30305e-05
1536 2.20823e-05
1537 2.11699e-05
1538 2.02922e-05
1539 1.94479e-05
1540 1.86359e-05
1541 1.78551e-05
1542 1.71044e-05
1543 1.63828e-05
1544 1.56893e-05
1545 1.50228e-05
1546 1.43824e-05
1547 1.37673e-05
1548 1.31764e-05
1549 1.2609e-05
1550 1.20641e-05
1551 1.1541e-05
1552 1.10389e-05
1553 1.05571e-05
1554 1.00947e-05
1555 9.65107e-06
1556 9.22552e-06
1557 8.81738e-06
1558 8.42599e-06
1559 8.05074e-06
1560 7.691e-06
1561 7.34621e-06
1562 7.01578e-06
1563 6.69917e-06
1564 6.39587e-06
1565 6.10534e-06
1566 5.82711e-06
1567 5.56069e-06
1568 5.30562e-06
1569 5.06146e-06
1570 4.82779e-06
1571 4.60419e-06
1572 4.39025e-06
1573 4.1856e-06
1574 3.98987e-06
1575 3.80269e-06
1576 3.62373e-06
1577 3.45265e-06
1578 3.28912e-06
1579 3.13285e-06
1580 2.98354e-06
1581 2.84089e-06
1582 2.70464e-06
1583 2.57451e-06
1584 2.45027e-06
1585 2.33164e-06
1586 2.21841e-06
1587 2.11035e-06
1588 2.00723e-06
1589 1.90885e-06
1590 1.815e-06
1591 1.72549e-06
1592 1.64014e-06
1593 1.55876e-06
1594 1.48118e-06
1595 1.40724e-06
1596 1.33678e-06
1597 1.26964e-06
1598 1.20568e-06
1599 1.14477e-06
1600 1.08675e-06
1601 1.03151e-06
1602 9.78924e-07
1603 9.28868e-07
1604 8.8123e-07
1605 8.35901e-07
1606 7.92777e-07
1607 7.51756e-07
1608 7.12743e-07
1609 6.75646e-07
1610 6.40376e-07
1611 6.0685e-07
1612 5.74986e-07
1613 5.44707e-07
1614 5.15939e-07
1615 4.88611e-07
1616 4.62656e-07
1617 4.38008e-07
1618 4.14607e-07
1619 3.92391e-07
1620 3.71306e-07
1621 3.51297e-07
1622 3.32311e-07
1623 3.14301e-07
1624 2.97218e-07
1625 2.81017e-07
1626 2.65657e-07
1627 2.51094e-07
1628 2.37292e-07
1629 2.24211e-07
1630 2.11816e-07
1631 2.00074e-07
1632 1.88952e-07
1633 1.78419e-07
1634 1.68445e-07
1635 1.59003e-07
1636 1.50065e-07
1637 1.41606e-07
1638 1.33602e-07
1639 1.2603e-07
1640 1.18867e-07
1641 1.12092e-07
1642 1.05687e-07
1643 9.96306e-08
1644 9.39059e-08
1645 8.84955e-08
1646 8.33829e-08
1647 7.85527e-08
1648 7.399e-08
1649 6.96808e-08
1650 6.56116e-08
1651 6.17697e-08
1652 5.81431e-08
1653 5.47203e-08
1654 5.14904e-08
1655 4.84431e-08
1656 4.55685e-08
1657 4.28573e-08
1658 4.03007e-08
1659 3.78903e-08
1660 3.56181e-08
1661 3.34765e-08
1662 3.14584e-08
1663 2.9557e-08
1664 2.77658e-08
1665 2.60788e-08
1666 2.44902e-08
1667 2.29945e-08
1668 2.15866e-08
1669 2.02614e-08
1670 1.90143e-08
1671 1.7841e-08
1672 1.67373e-08
1673 1.56992e-08
1674 1.4723e-08
1675 1.38051e-08
1676 1.29423e-08
1677 1.21314e-08
1678 1.13693e-08
1679 1.06533e-08
1680 9.9807e-09
1681 9.34897e-09
1682 8.75573e-09
1683 8.19875e-09
1684 7.67589e-09
1685 7.18515e-09
1686 6.72463e-09
1687 6.29256e-09
1688 5.88724e-09
1689 5.50709e-09
1690 5.1506e-09
1691 4.81637e-09
1692 4.50305e-09
1693 4.2094e-09
1694 3.93421e-09
1695 3.67639e-09
1696 3.43487e-09
1697 3.20867e-09
1698 2.99685e-09
1699 2.79853e-09
1700 2.61289e-09
1701 2.43914e-09
1702 2.27655e-09
1703 2.12443e-09
1704 1.98213e-09
1705 1.84905e-09
1706 1.7246e-09
1707 1.60825e-09
1708 1.49949e-09
1709 1.39785e-09
1710 1.30287e-09
1711 1.21413e-09
1712 1.13124e-09
1713 1.05382e-09
1714 9.81535e-10
1715 9.14048e-10
1716 8.51052e-10
1717 7.92261e-10
1718 7.37403e-10
1719 6.86223e-10
1720 6.38485e-10
1721 5.93964e-10
1722 5.52451e-10
1723 5.1375e-10
1724 4.77676e-10
1725 4.44058e-10
1726 4.12733e-10
1727 3.83552e-10
1728 3.56371e-10
1729 3.31058e-10
1730 3.07489e-10
1731 2.85548e-10
1732 2.65127e-10
1733 2.46122e-10
1734 2.2844e-10
1735 2.11991e-10
1736 1.96691e-10
1737 1.82464e-10
1738 1.69236e-10
1739 1.56939e-10
1740 1.4551e-10
1741 1.3489e-10
1742 1.25023e-10
1743 1.15857e-10
1744 1.07344e-10
1745 9.94387e-11
1746 9.20995e-11
1747 8.52869e-11
1748 7.89643e-11
1749 7.30974e-11
1750 6.76544e-11
1751 6.26056e-11
1752 5.79233e-11
1753 5.35816e-11
1754 4.95566e-11
1755 4.58258e-11
1756 4.23683e-11
1757 3.91647e-11
1758 3.61969e-11
1759 3.3448e-11
1760 3.09024e-11
1761 2.85454e-11
1762 2.63635e-11
1763 2.4344e-11
1764 2.24752e-11
1765 2.07461e-11
1766 1.91466e-11
1767 1.76673e-11
1768 1.62994e-11
1769 1.50347e-11
1770 1.38656e-11
1771 1.27852e-11
1772 1.17868e-11
1773 1.08644e-11
1774 1.00124e-11
1775 9.2256e-12
1776 8.49908e-12
1777 7.82836e-12
1778 7.20927e-12
1779 6.63795e-12
1780 6.11081e-12
1781 5.62451e-12
1782 5.17598e-12
1783 4.76236e-12
1784 4.381e-12
1785 4.02945e-12
1786 3.70544e-12
1787 3.40687e-12
1788 3.1318e-12
1789 2.87841e-12
1790 2.64504e-12
1791 2.43015e-12
1792 2.23232e-12
1793 2.05022e-12
1794 1.88263e-12
1795 1.72843e-12
1796 1.58657e-12
1797 1.45609e-12
1798 1.3361e-12
1799 1.22577e-12
1800 1.12435e-12
1801 1.03113e-12
1802 9.45469e-13
1803 8.66766e-13
1804 7.94469e-13
1805 7.2807e-13
1806 6.67099e-13
1807 6.11122e-13
1808 5.5974e-13
1809 5.12584e-13
1810 4.69315e-13
1811 4.2962e-13
1812 3.93211e-13
1813 3.59821e-13
1814 3.29207e-13
1815 3.01141e-13
1816 2.75418e-13
1817 2.51846e-13
1818 2.3025e-13
1819 2.10466e-13
1820 1.92347e-13
1821 1.75756e-13
1822 1.60566e-13
1823 1.46662e-13
1824 1.33938e-13
1825 1.22294e-13
1826 1.11643e-13
1827 1.019e-13
1828 9.29907e-14
1829 8.48446e-14
1830 7.73977e-14
1831 7.05915e-14
1832 6.43719e-14
1833 5.86894e-14
1834 5.34987e-14
1835 4.87581e-14
1836 4.44293e-14
1837 4.04774e-14
1838 3.68701e-14
1839 3.35781e-14
1840 3.05744e-14
1841 2.78342e-14
1842 2.53349e-14
1843 2.30557e-14
1844 2.09777e-14
1845 1.90835e-14
1846 1.7357e-14
1847 1.57838e-14
1848 1.43506e-14
1849 1.3045e-14
1850 1.18561e-14
1851 1.07735e-14
1852 9.78788e-15
1853 8.89081e-15
1854 8.07445e-15
1855 7.33169e-15
1856 6.65601e-15
1857 6.04147e-15
1858 5.48265e-15
1859 4.97459e-15
1860 4.51276e-15
1861 4.09305e-15
1862 3.71168e-15
1863 3.36521e-15
1864 3.05051e-15
1865 2.76473e-15
1866 2.50525e-15
1867 2.2697e-15
1868 2.0559e-15
1869 1.8619e-15
1870 1.68589e-15
1871 1.52623e-15
1872 1.38143e-15
1873 1.25014e-15
1874 1.13111e-15
1875 1.02322e-15
1876 9.2545e-16
1877 8.36863e-16
1878 7.56614e-16
1879 6.83931e-16
1880 6.18114e-16
1881 5.58526e-16
1882 5.04587e-16
1883 4.55772e-16
1884 4.11601e-16
1885 3.71641e-16
1886 3.35497e-16
1887 3.02811e-16
1888 2.73258e-16
1889 2.46543e-16
1890 2.22398e-16
1891 2.00579e-16
1892 1.80867e-16
1893 1.63061e-16
1894 1.4698e-16
1895 1.3246e-16
1896 1.19352e-16
1897 1.0752e-16
1898 9.68436e-17
1899 8.72104e-17
1900 7.85206e-17
1901 7.06832e-17
1902 6.36161e-17
1903 5.72446e-17
1904 5.15015e-17
1905 4.63258e-17
1906 4.16623e-17
1907 3.74612e-17
1908 3.36773e-17
1909 3.02698e-17
1910 2.72019e-17
1911 2.44403e-17
1912 2.19549e-17
1913 1.97185e-17
1914 1.77065e-17
1915 1.58968e-17
1916 1.42693e-17
1917 1.2806e-17
1918 1.14905e-17
1919 1.03083e-17
1920 9.24586e-18
1921 8.29136e-18
1922 7.43399e-18
1923 6.664e-18
1924 5.97262e-18
1925 5.35194e-18
1926 4.79485e-18
1927 4.29492e-18
1928 3.84638e-18
1929 3.44403e-18
1930 3.08317e-18
1931 2.75959e-18
1932 2.4695e-18
1933 2.20948e-18
1934 1.97646e-18
1935 1.76768e-18
1936 1.58064e-18
1937 1.41313e-18
1938 1.26312e-18
1939 1.12882e-18
1940 1.00861e-18
1941 9.01026e-19
1942 8.04762e-19
1943 7.18645e-19
1944 6.41619e-19
1945 5.72739e-19
1946 5.11155e-19
1947 4.56105e-19
1948 4.06905e-19
1949 3.62943e-19
1950 3.23667e-19
1951 2.88587e-19
1952 2.57258e-19
1953 2.29287e-19
1954 2.04317e-19
1955 1.82032e-19
1956 1.62145e-19
1957 1.44404e-19
1958 1.28579e-19
1959 1.14466e-19
1960 1.01882e-19
1961 9.0664e-20
1962 8.06657e-20
1963 7.1756e-20
1964 6.38182e-20
1965 5.67474e-20
1966 5.04502e-20
1967 4.48432e-20
1968 3.98516e-20
1969 3.54087e-20
1970 3.1455e-20
1971 2.79374e-20
1972 2.48084e-20
1973 2.20255e-20
1974 1.9551e-20
1975 1.73511e-20
1976 1.53958e-20
1977 1.36581e-20
1978 1.21142e-20
1979 1.07428e-20
1980 9.52475e-21
1981 8.44316e-21
1982 7.48294e-21
1983 6.63063e-21
1984 5.87425e-21
1985 5.20314e-21
1986 4.60781e-21
1987 4.07979e-21
1988 3.61157e-21
1989 3.19647e-21
1990 2.82852e-21
1991 2.50244e-21
1992 2.21352e-21
1993 1.95758e-21
1994 1.73088e-21
1995 1.53015e-21
1996 1.35242e-21
1997 1.19511e-21
1998 1.05588e-21
1999 9.32694e-22
2000 8.23716e-22
2001 7.27328e-22
2002 6.42093e-22
2003 5.66736e-22
2004 5.00123e-22
2005 4.41251e-22
2006 3.89233e-22
2007 3.4328e-22
2008 3.02692e-22
2009 2.66848e-22
2010 2.35203e-22
2011 2.07269e-22
2012 1.82615e-22
2013 1.60862e-22
2014 1.41671e-22
2015 1.24744e-22
2016 1.09816e-22
2017 9.66559e-23
2018 8.50541e-23
2019 7.48297e-23
2020 6.58203e-23
2021 5.78831e-23
2022 5.08924e-23
2023 4.47358e-23
2024 3.93154e-23
2025 3.45439e-23
2026 3.03445e-23
2027 2.66496e-23
2028 2.3399e-23
2029 2.054e-23
2030 1.80259e-23
2031 1.58155e-23
2032 1.38727e-23
2033 1.21656e-23
2034 1.06657e-23
2035 9.34841e-24
2036 8.19174e-24
2037 7.17645e-24
2038 6.28553e-24
2039 5.50408e-24
2040 4.81893e-24
2041 4.2186e-24
2042 3.69287e-24
2043 3.23276e-24
2044 2.83055e-24
2045 2.47932e-24
2046 2.17304e-24
2047 1.90642e-24
