0 7.08998e-38
1 5.27114e-38
2 3.84268e-38
3 2.75518e-38
4 1.97156e-38
5 1.46292e-38
6 1.2095e-38
7 1.20195e-38
8 1.43788e-38
9 1.92178e-38
10 2.66814e-38
11 3.70025e-38
12 5.04705e-38
13 6.75138e-38
14 8.86534e-38
15 1.14529e-37
16 1.45986e-37
17 1.83957e-37
18 2.2964e-37
19 2.84478e-37
20 3.50156e-37
21 4.28696e-37
22 5.22547e-37
23 6.34603e-37
24 7.6828e-37
25 9.27809e-37
26 1.118e-36
27 1.34468e-36
28 1.61486e-36
29 1.93666e-36
30 2.31995e-36
31 2.77642e-36
32 3.31991e-36
33 3.96675e-36
34 4.73637e-36
35 5.652e-36
36 6.74136e-36
37 8.03696e-36
38 9.57696e-36
39 1.14075e-35
40 1.3583e-35
41 1.61679e-35
42 1.92388e-35
43 2.28855e-35
44 2.72157e-35
45 3.23561e-35
46 3.84564e-35
47 4.56957e-35
48 5.42837e-35
49 6.44686e-35
50 7.65462e-35
51 9.08649e-35
52 1.07835e-34
53 1.27946e-34
54 1.5177e-34
55 1.79989e-34
56 2.1341e-34
57 2.5297e-34
58 2.99797e-34
59 3.55226e-34
60 4.20803e-34
61 4.98357e-34
62 5.90055e-34
63 6.98522e-34
64 8.26721e-34
65 9.782e-34
66 1.15723e-33
67 1.36871e-33
68 1.61848e-33
69 1.91332e-33
70 2.26144e-33
71 2.6723e-33
72 3.15714e-33
73 3.729e-33
74 4.40345e-33
75 5.19909e-33
76 6.13673e-33
77 7.24181e-33
78 8.54438e-33
79 1.00787e-32
80 1.18858e-32
81 1.40144e-32
82 1.652e-32
83 1.94689e-32
84 2.29396e-32
85 2.70228e-32
86 3.1825e-32
87 3.7472e-32
88 4.41141e-32
89 5.19204e-32
90 6.10927e-32
91 7.18706e-32
92 8.45308e-32
93 9.94001e-32
94 1.16855e-31
95 1.37346e-31
96 1.61397e-31
97 1.89615e-31
98 2.22715e-31
99 2.61538e-31
100 3.0706e-31
101 3.60418e-31
102 4.22955e-31
103 4.96243e-31
104 5.82091e-31
105 6.8264e-31
106 8.00382e-31
107 9.38215e-31
108 1.09954e-30
109 1.28833e-30
110 1.50919e-30
111 1.76753e-30
112 2.06962e-30
113 2.42281e-30
114 2.83565e-30
115 3.3181e-30
116 3.88176e-30
117 4.54017e-30
118 5.30908e-30
119 6.20688e-30
120 7.2549e-30
121 8.47799e-30
122 9.90502e-30
123 1.15698e-29
124 1.35113e-29
125 1.57751e-29
126 1.84143e-29
127 2.14902e-29
128 2.50743e-29
129 2.92499e-29
130 3.41128e-29
131 3.97758e-29
132 4.63687e-29
133 5.40424e-29
134 6.29716e-29
135 7.33597e-29
136 8.54435e-29
137 9.94955e-29
138 1.15831e-28
139 1.34821e-28
140 1.56888e-28
141 1.82524e-28
142 2.12305e-28
143 2.46889e-28
144 2.87043e-28
145 3.33652e-28
146 3.87744e-28
147 4.50503e-28
148 5.23301e-28
149 6.07734e-28
150 7.05624e-28
151 8.19102e-28
152 9.50614e-28
153 1.103e-27
154 1.27952e-27
155 1.48396e-27
156 1.7207e-27
157 1.99473e-27
158 2.31191e-27
159 2.67892e-27
160 3.10348e-27
161 3.59456e-27
162 4.16241e-27
163 4.8189e-27
164 5.57767e-27
165 6.4545e-27
166 7.46753e-27
167 8.6376e-27
168 9.98881e-27
169 1.15489e-26
170 1.33496e-26
171 1.54278e-26
172 1.78255e-26
173 2.05913e-26
174 2.37811e-26
175 2.74589e-26
176 3.16985e-26
177 3.65847e-26
178 4.22148e-26
179 4.87006e-26
180 5.61704e-26
181 6.47719e-26
182 7.4674e-26
183 8.6071e-26
184 9.91856e-26
185 1.14273e-25
186 1.31627e-25
187 1.51582e-25
188 1.74525e-25
189 2.00896e-25
190 2.312e-25
191 2.66016e-25
192 3.06007e-25
193 3.51933e-25
194 4.04661e-25
195 4.65185e-25
196 5.34643e-25
197 6.14336e-25
198 7.0575e-25
199 8.10584e-25
200 9.30785e-25
201 1.06857e-24
202 1.22648e-24
203 1.40741e-24
204 1.61467e-24
205 1.85203e-24
206 2.12382e-24
207 2.43494e-24
208 2.79101e-24
209 3.19844e-24
210 3.66454e-24
211 4.1976e-24
212 4.80714e-24
213 5.50396e-24
214 6.30039e-24
215 7.21046e-24
216 8.25014e-24
217 9.43762e-24
218 1.07936e-23
219 1.23417e-23
220 1.41088e-23
221 1.61252e-23
222 1.84258e-23
223 2.10499e-23
224 2.40425e-23
225 2.74544e-23
226 3.13436e-23
227 3.57759e-23
228 4.0826e-23
229 4.65788e-23
230 5.31305e-23
231 6.05905e-23
232 6.90828e-23
233 7.87481e-23
234 8.9746e-23
235 1.02258e-22
236 1.16488e-22
237 1.32669e-22
238 1.51066e-22
239 1.71975e-22
240 1.95736e-22
241 2.22731e-22
242 2.53393e-22
243 2.88214e-22
244 3.27746e-22
245 3.7262e-22
246 4.23544e-22
247 4.81322e-22
248 5.4686e-22
249 6.21185e-22
250 7.05456e-22
251 8.00982e-22
252 9.09241e-22
253 1.0319e-21
254 1.17085e-21
255 1.32821e-21
256 1.50639e-21
257 1.70808e-21
258 1.93635e-21
259 2.19464e-21
260 2.48681e-21
261 2.81726e-21
262 3.1909e-21
263 3.61328e-21
264 4.09065e-21
265 4.63006e-21
266 5.23942e-21
267 5.92764e-21
268 6.70476e-21
269 7.58207e-21
270 8.57225e-21
271 9.68958e-21
272 1.09501e-20
273 1.23718e-20
274 1.3975e-20
275 1.57825e-20
276 1.78197e-20
277 2.01155e-20
278 2.27019e-20
279 2.56153e-20
280 2.88962e-20
281 3.25901e-20
282 3.67481e-20
283 4.14276e-20
284 4.66926e-20
285 5.26153e-20
286 5.92762e-20
287 6.67658e-20
288 7.51852e-20
289 8.4648e-20
290 9.52809e-20
291 1.07226e-19
292 1.20643e-19
293 1.35709e-19
294 1.52623e-19
295 1.71607e-19
296 1.92912e-19
297 2.16814e-19
298 2.43625e-19
299 2.73691e-19
300 3.07401e-19
301 3.45188e-19
302 3.87534e-19
303 4.34981e-19
304 4.8813e-19
305 5.47652e-19
306 6.14298e-19
307 6.88903e-19
308 7.72397e-19
309 8.6582e-19
310 9.70327e-19
311 1.08721e-18
312 1.21789e-18
313 1.36399e-18
314 1.52727e-18
315 1.7097e-18
316 1.91351e-18
317 2.14113e-18
318 2.39528e-18
319 2.67901e-18
320 2.99566e-18
321 3.34899e-18
322 3.74314e-18
323 4.18274e-18
324 4.67291e-18
325 5.21935e-18
326 5.82837e-18
327 6.50698e-18
328 7.26296e-18
329 8.10495e-18
330 9.04251e-18
331 1.00863e-17
332 1.1248e-17
333 1.25406e-17
334 1.39787e-17
335 1.55783e-17
336 1.7357e-17
337 1.93345e-17
338 2.15325e-17
339 2.39751e-17
340 2.66889e-17
341 2.97033e-17
342 3.30509e-17
343 3.67677e-17
344 4.08936e-17
345 4.54725e-17
346 5.05531e-17
347 5.61892e-17
348 6.24401e-17
349 6.93715e-17
350 7.70555e-17
351 8.55723e-17
352 9.501e-17
353 1.05466e-16
354 1.17047e-16
355 1.29872e-16
356 1.44072e-16
357 1.5979e-16
358 1.77184e-16
359 1.96429e-16
360 2.17718e-16
361 2.41263e-16
362 2.67295e-16
363 2.96073e-16
364 3.27877e-16
365 3.63019e-16
366 4.0184e-16
367 4.44716e-16
368 4.92058e-16
369 5.4432e-16
370 6.02e-16
371 6.65645e-16
372 7.35855e-16
373 8.1329e-16
374 8.98672e-16
375 9.92796e-16
376 1.09653e-15
377 1.21083e-15
378 1.33675e-15
379 1.47542e-15
380 1.62811e-15
381 1.79619e-15
382 1.98117e-15
383 2.1847e-15
384 2.40859e-15
385 2.65482e-15
386 2.92555e-15
387 3.22314e-15
388 3.5502e-15
389 3.90954e-15
390 4.30427e-15
391 4.73777e-15
392 5.21374e-15
393 5.73622e-15
394 6.30962e-15
395 6.93876e-15
396 7.62891e-15
397 8.3858e-15
398 9.21572e-15
399 1.01255e-14
400 1.11226e-14
401 1.22152e-14
402 1.34121e-14
403 1.47231e-14
404 1.61587e-14
405 1.77303e-14
406 1.94506e-14
407 2.13332e-14
408 2.33929e-14
409 2.56459e-14
410 2.811e-14
411 3.08042e-14
412 3.37494e-14
413 3.69684e-14
414 4.04858e-14
415 4.43286e-14
416 4.85259e-14
417 5.31094e-14
418 5.81137e-14
419 6.35761e-14
420 6.95374e-14
421 7.60418e-14
422 8.3137e-14
423 9.08752e-14
424 9.93126e-14
425 1.08511e-13
426 1.18535e-13
427 1.29459e-13
428 1.41358e-13
429 1.54319e-13
430 1.68432e-13
431 1.83795e-13
432 2.00517e-13
433 2.18712e-13
434 2.38505e-13
435 2.60033e-13
436 2.83441e-13
437 3.08886e-13
438 3.36541e-13
439 3.66589e-13
440 3.99229e-13
441 4.34676e-13
442 4.73162e-13
443 5.14936e-13
444 5.60269e-13
445 6.0945e-13
446 6.62794e-13
447 7.20638e-13
448 7.83347e-13
449 8.51311e-13
450 9.24953e-13
451 1.00473e-12
452 1.09112e-12
453 1.18467e-12
454 1.28593e-12
455 1.39551e-12
456 1.51407e-12
457 1.64232e-12
458 1.78101e-12
459 1.93096e-12
460 2.09304e-12
461 2.2682e-12
462 2.45745e-12
463 2.66187e-12
464 2.88264e-12
465 3.121e-12
466 3.3783e-12
467 3.656e-12
468 3.95564e-12
469 4.27888e-12
470 4.62752e-12
471 5.00348e-12
472 5.4088e-12
473 5.84571e-12
474 6.31657e-12
475 6.8239e-12
476 7.37045e-12
477 7.95911e-12
478 8.59302e-12
479 9.27551e-12
480 1.00102e-11
481 1.08008e-11
482 1.16516e-11
483 1.25669e-11
484 1.35514e-11
485 1.46101e-11
486 1.57484e-11
487 1.6972e-11
488 1.82871e-11
489 1.97002e-11
490 2.12183e-11
491 2.28488e-11
492 2.45997e-11
493 2.64796e-11
494 2.84973e-11
495 3.06626e-11
496 3.29857e-11
497 3.54776e-11
498 3.81498e-11
499 4.10148e-11
500 4.40856e-11
501 4.73762e-11
502 5.09015e-11
503 5.46772e-11
504 5.87201e-11
505 6.30479e-11
506 6.76794e-11
507 7.26346e-11
508 7.79347e-11
509 8.36021e-11
510 8.96605e-11
511 9.6135e-11
512 1.03052e-10
513 1.10441e-10
514 1.18329e-10
515 1.26751e-10
516 1.35737e-10
517 1.45324e-10
518 1.55549e-10
519 1.66452e-10
520 1.78073e-10
521 1.90456e-10
522 2.03648e-10
523 2.17698e-10
524 2.32657e-10
525 2.4858e-10
526 2.65524e-10
527 2.8355e-10
528 3.02722e-10
529 3.23107e-10
530 3.44778e-10
531 3.67809e-10
532 3.9228e-10
533 4.18276e-10
534 4.45884e-10
535 4.75198e-10
536 5.06317e-10
537 5.39346e-10
538 5.74395e-10
539 6.11579e-10
540 6.51022e-10
541 6.92854e-10
542 7.37211e-10
543 7.84238e-10
544 8.34088e-10
545 8.86921e-10
546 9.42908e-10
547 1.00223e-09
548 1.06507e-09
549 1.13164e-09
550 1.20214e-09
551 1.27679e-09
552 1.35583e-09
553 1.43952e-09
554 1.52809e-09
555 1.62184e-09
556 1.72105e-09
557 1.82602e-09
558 1.93708e-09
559 2.05455e-09
560 2.17879e-09
561 2.31018e-09
562 2.44909e-09
563 2.59593e-09
564 2.75114e-09
565 2.91516e-09
566 3.08845e-09
567 3.2715e-09
568 3.46483e-09
569 3.66897e-09
570 3.88446e-09
571 4.1119e-09
572 4.35187e-09
573 4.60501e-09
574 4.87197e-09
575 5.15342e-09
576 5.45006e-09
577 5.76262e-09
578 6.09185e-09
579 6.43851e-09
580 6.80342e-09
581 7.1874e-09
582 7.59131e-09
583 8.01602e-09
584 8.46243e-09
585 8.93147e-09
586 9.42411e-09
587 9.94132e-09
588 1.04841e-08
589 1.10535e-08
590 1.16505e-08
591 1.22763e-08
592 1.2932e-08
593 1.36186e-08
594 1.43374e-08
595 1.50894e-08
596 1.58761e-08
597 1.66984e-08
598 1.75579e-08
599 1.84556e-08
600 1.9393e-08
601 2.03713e-08
602 2.13921e-08
603 2.24567e-08
604 2.35665e-08
605 2.4723e-08
606 2.59279e-08
607 2.71827e-08
608 2.84889e-08
609 2.98484e-08
610 3.12628e-08
611 3.2734e-08
612 3.42639e-08
613 3.58543e-08
614 3.75074e-08
615 3.92253e-08
616 4.10101e-08
617 4.28643e-08
618 4.47902e-08
619 4.67905e-08
620 4.88678e-08
621 5.10249e-08
622 5.32649e-08
623 5.55909e-08
624 5.80063e-08
625 6.05145e-08
626 6.31192e-08
627 6.58244e-08
628 6.86342e-08
629 7.15529e-08
630 7.45851e-08
631 7.77357e-08
632 8.10098e-08
633 8.44127e-08
634 8.795e-08
635 9.16278e-08
636 9.54522e-08
637 9.94297e-08
638 1.03567e-07
639 1.07872e-07
640 1.12351e-07
641 1.17012e-07
642 1.21863e-07
643 1.26913e-07
644 1.32169e-07
645 1.37642e-07
646 1.43339e-07
647 1.49271e-07
648 1.55447e-07
649 1.61876e-07
650 1.68569e-07
651 1.75535e-07
652 1.82785e-07
653 1.9033e-07
654 1.98178e-07
655 2.06342e-07
656 2.1483e-07
657 2.23653e-07
658 2.32821e-07
659 2.42344e-07
660 2.52232e-07
661 2.62492e-07
662 2.73135e-07
663 2.84168e-07
664 2.95599e-07
665 3.07435e-07
666 3.19683e-07
667 3.32347e-07
668 3.45434e-07
669 3.58947e-07
670 3.72889e-07
671 3.87261e-07
672 4.02064e-07
673 4.17298e-07
674 4.32961e-07
675 4.4905e-07
676 4.65559e-07
677 4.82484e-07
678 4.99816e-07
679 5.17547e-07
680 5.35665e-07
681 5.54158e-07
682 5.73013e-07
683 5.92213e-07
684 6.11742e-07
685 6.3158e-07
686 6.51707e-07
687 6.72101e-07
688 6.92738e-07
689 7.13593e-07
690 7.3464e-07
691 7.55851e-07
692 7.77197e-07
693 7.98647e-07
694 8.20172e-07
695 8.4174e-07
696 8.63319e-07
697 8.84875e-07
698 9.06377e-07
699 9.27792e-07
700 9.49087e-07
701 9.70232e-07
702 9.91194e-07
703 1.01195e-06
704 1.03246e-06
705 1.0527e-06
706 1.07266e-06
707 1.0923e-06
708 1.11162e-06
709 1.13058e-06
710 1.14919e-06
711 1.16742e-06
712 1.18529e-06
713 1.20278e-06
714 1.2199e-06
715 1.23667e-06
716 1.2531e-06
717 1.26921e-06
718 1.28503e-06
719 1.30059e-06
720 1.31594e-06
721 1.33113e-06
722 1.3462e-06
723 1.36124e-06
724 1.37631e-06
725 1.39148e-06
726 1.40686e-06
727 1.42253e-06
728 1.4386e-06
729 1.45518e-06
730 1.4724e-06
731 1.49039e-06
732 1.50928e-06
733 1.52922e-06
734 1.55036e-06
735 1.57287e-06
736 1.59691e-06
737 1.62267e-06
738 1.65031e-06
739 1.68003e-06
740 1.71202e-06
741 1.74648e-06
742 1.78361e-06
743 1.8236e-06
744 1.86668e-06
745 1.91304e-06
746 1.9629e-06
747 2.01645e-06
748 2.07392e-06
749 2.1355e-06
750 2.2014e-06
751 2.2718e-06
752 2.34691e-06
753 2.4269e-06
754 2.51195e-06
755 2.60223e-06
756 2.69789e-06
757 2.79908e-06
758 2.90592e-06
759 3.01854e-06
760 3.13703e-06
761 3.26149e-06
762 3.39196e-06
763 3.52851e-06
764 3.67116e-06
765 3.81991e-06
766 3.97475e-06
767 4.13564e-06
768 4.3025e-06
769 4.47526e-06
770 4.65379e-06
771 4.83796e-06
772 5.02759e-06
773 5.22248e-06
774 5.42242e-06
775 5.62714e-06
776 5.83637e-06
777 6.04979e-06
778 6.26706e-06
779 6.48782e-06
780 6.71168e-06
781 6.9382e-06
782 7.16694e-06
783 7.39743e-06
784 7.62916e-06
785 7.86162e-06
786 8.09425e-06
787 8.32649e-06
788 8.55775e-06
789 8.78743e-06
790 9.01491e-06
791 9.23955e-06
792 9.46071e-06
793 9.67773e-06
794 9.88995e-06
795 1.00967e-05
796 1.02973e-05
797 1.04911e-05
798 1.06774e-05
799 1.08557e-05
800 1.10251e-05
801 1.11851e-05
802 1.13351e-05
803 1.14745e-05
804 1.16027e-05
805 1.17191e-05
806 1.18233e-05
807 1.19147e-05
808 1.1993e-05
809 1.20576e-05
810 1.21083e-05
811 1.21448e-05
812 1.21667e-05
813 1.21739e-05
814 1.21663e-05
815 1.21437e-05
816 1.21061e-05
817 1.20536e-05
818 1.19864e-05
819 1.19045e-05
820 1.18083e-05
821 1.16982e-05
822 1.15746e-05
823 1.1438e-05
824 1.12891e-05
825 1.11285e-05
826 1.0957e-05
827 1.07756e-05
828 1.05852e-05
829 1.0387e-05
830 1.01821e-05
831 9.97172e-06
832 9.75737e-06
833 9.54051e-06
834 9.32272e-06
835 9.10571e-06
836 8.89126e-06
837 8.6813e-06
838 8.4778e-06
839 8.28289e-06
840 8.09877e-06
841 7.92775e-06
842 7.77223e-06
843 7.63472e-06
844 7.51781e-06
845 7.4242e-06
846 7.35668e-06
847 7.31813e-06
848 7.31151e-06
849 7.33987e-06
850 7.40636e-06
851 7.5142e-06
852 7.66668e-06
853 7.86718e-06
854 8.11915e-06
855 8.42611e-06
856 8.79165e-06
857 9.21943e-06
858 9.71316e-06
859 1.02766e-05
860 1.09136e-05
861 1.16281e-05
862 1.2424e-05
863 1.33053e-05
864 1.42759e-05
865 1.53401e-05
866 1.65019e-05
867 1.77654e-05
868 1.91349e-05
869 2.06146e-05
870 2.22087e-05
871 2.39216e-05
872 2.57574e-05
873 2.77207e-05
874 2.98157e-05
875 3.20469e-05
876 3.44186e-05
877 3.69353e-05
878 3.96014e-05
879 4.24215e-05
880 4.53999e-05
881 4.85413e-05
882 5.18502e-05
883 5.5331e-05
884 5.89886e-05
885 6.28273e-05
886 6.68519e-05
887 7.1067e-05
888 7.54773e-05
889 8.00876e-05
890 8.49025e-05
891 8.99269e-05
892 9.51656e-05
893 0.000100623
894 0.000106305
895 0.000112216
896 0.000118361
897 0.000124745
898 0.000131374
899 0.000138252
900 0.000145384
901 0.000152776
902 0.000160434
903 0.000168363
904 0.000176568
905 0.000185055
906 0.00019383
907 0.000202899
908 0.000212268
909 0.000221942
910 0.000231929
911 0.000242234
912 0.000252863
913 0.000263824
914 0.000275123
915 0.000286767
916 0.000298762
917 0.000311117
918 0.000323839
919 0.000336934
920 0.000350411
921 0.000364278
922 0.000378542
923 0.000393211
924 0.000408295
925 0.000423802
926 0.000439739
927 0.000456118
928 0.000472946
929 0.000490233
930 0.000507989
931 0.000526223
932 0.000544946
933 0.000564168
934 0.000583898
935 0.000604149
936 0.00062493
937 0.000646254
938 0.00066813
939 0.000690572
940 0.00071359
941 0.000737197
942 0.000761404
943 0.000786225
944 0.000811672
945 0.000837758
946 0.000864496
947 0.0008919
948 0.000919982
949 0.000948756
950 0.000978237
951 0.00100844
952 0.00103937
953 0.00107106
954 0.00110351
955 0.00113674
956 0.00117076
957 0.00120559
958 0.00124125
959 0.00127774
960 0.00131509
961 0.00135331
962 0.00139242
963 0.00143242
964 0.00147335
965 0.00151521
966 0.00155802
967 0.0016018
968 0.00164656
969 0.00169232
970 0.0017391
971 0.0017869
972 0.00183576
973 0.00188568
974 0.00193668
975 0.00198877
976 0.00204198
977 0.00209631
978 0.00215179
979 0.00220843
980 0.00226625
981 0.00232525
982 0.00238546
983 0.0024469
984 0.00250957
985 0.00257349
986 0.00263868
987 0.00270514
988 0.00277291
989 0.00284197
990 0.00291236
991 0.00298409
992 0.00305716
993 0.00313159
994 0.00320739
995 0.00328457
996 0.00336315
997 0.00344313
998 0.00352453
999 0.00360735
1000 0.0036916
1001 0.0037773
1002 0.00386444
1003 0.00395305
1004 0.00404312
1005 0.00413466
1006 0.00422768
1007 0.00432218
1008 0.00441816
1009 0.00451564
1010 0.00461461
1011 0.00471508
1012 0.00481704
1013 0.00492051
1014 0.00502547
1015 0.00513193
1016 0.00523989
1017 0.00534934
1018 0.00546029
1019 0.00557272
1020 0.00568663
1021 0.00580202
1022 0.00591888
1023 0.0060372
1024 0.00615698
1025 0.0062782
1026 0.00640086
1027 0.00652494
1028 0.00665043
1029 0.00677731
1030 0.00690558
1031 0.00703522
1032 0.0071662
1033 0.00729853
1034 0.00743216
1035 0.00756709
1036 0.0077033
1037 0.00784076
1038 0.00797945
1039 0.00811934
1040 0.00826042
1041 0.00840266
1042 0.00854602
1043 0.00869048
1044 0.00883602
1045 0.00898259
1046 0.00913018
1047 0.00927874
1048 0.00942825
1049 0.00957867
1050 0.00972996
1051 0.00988208
1052 0.010035
1053 0.0101887
1054 0.0103431
1055 0.0104982
1056 0.0106539
1057 0.0108102
1058 0.0109671
1059 0.0111245
1060 0.0112823
1061 0.0114405
1062 0.0115991
1063 0.0117581
1064 0.0119173
1065 0.0120767
1066 0.0122363
1067 0.012396
1068 0.0125557
1069 0.0127155
1070 0.0128752
1071 0.0130348
1072 0.0131942
1073 0.0133535
1074 0.0135125
1075 0.0136711
1076 0.0138294
1077 0.0139872
1078 0.0141445
1079 0.0143012
1080 0.0144573
1081 0.0146127
1082 0.0147674
1083 0.0149213
1084 0.0150743
1085 0.0152264
1086 0.0153775
1087 0.0155275
1088 0.0156764
1089 0.0158241
1090 0.0159706
1091 0.0161158
1092 0.0162596
1093 0.016402
1094 0.0165429
1095 0.0166822
1096 0.0168199
1097 0.016956
1098 0.0170903
1099 0.0172228
1100 0.0173534
1101 0.0174822
1102 0.0176089
1103 0.0177336
1104 0.0178562
1105 0.0179767
1106 0.0180949
1107 0.0182109
1108 0.0183245
1109 0.0184358
1110 0.0185446
1111 0.0186509
1112 0.0187547
1113 0.0188559
1114 0.0189544
1115 0.0190503
1116 0.0191434
1117 0.0192337
1118 0.0193212
1119 0.0194058
1120 0.0194875
1121 0.0195662
1122 0.0196419
1123 0.0197146
1124 0.0197841
1125 0.0198506
1126 0.0199139
1127 0.019974
1128 0.0200308
1129 0.0200844
1130 0.0201347
1131 0.0201817
1132 0.0202254
1133 0.0202657
1134 0.0203026
1135 0.0203361
1136 0.0203661
1137 0.0203927
1138 0.0204158
1139 0.0204355
1140 0.0204517
1141 0.0204643
1142 0.0204735
1143 0.0204791
1144 0.0204812
1145 0.0204797
1146 0.0204748
1147 0.0204662
1148 0.0204542
1149 0.0204386
1150 0.0204195
1151 0.0203969
1152 0.0203708
1153 0.0203412
1154 0.0203081
1155 0.0202715
1156 0.0202315
1157 0.0201881
1158 0.0201412
1159 0.0200909
1160 0.0200373
1161 0.0199803
1162 0.01992
1163 0.0198564
1164 0.0197895
1165 0.0197194
1166 0.0196461
1167 0.0195697
1168 0.0194901
1169 0.0194074
1170 0.0193217
1171 0.019233
1172 0.0191413
1173 0.0190467
1174 0.0189492
1175 0.0188489
1176 0.0187458
1177 0.0186399
1178 0.0185314
1179 0.0184202
1180 0.0183065
1181 0.0181902
1182 0.0180715
1183 0.0179503
1184 0.0178268
1185 0.017701
1186 0.0175729
1187 0.0174427
1188 0.0173103
1189 0.0171759
1190 0.0170394
1191 0.016901
1192 0.0167608
1193 0.0166187
1194 0.0164749
1195 0.0163294
1196 0.0161822
1197 0.0160336
1198 0.0158834
1199 0.0157318
1200 0.0155788
1201 0.0154246
1202 0.0152691
1203 0.0151124
1204 0.0149547
1205 0.0147959
1206 0.0146362
1207 0.0144756
1208 0.0143141
1209 0.0141519
1210 0.013989
1211 0.0138254
1212 0.0136613
1213 0.0134967
1214 0.0133316
1215 0.0131661
1216 0.0130004
1217 0.0128344
1218 0.0126682
1219 0.0125018
1220 0.0123354
1221 0.012169
1222 0.0120027
1223 0.0118364
1224 0.0116703
1225 0.0115045
1226 0.0113389
1227 0.0111737
1228 0.0110088
1229 0.0108444
1230 0.0106805
1231 0.0105171
1232 0.0103544
1233 0.0101923
1234 0.0100308
1235 0.00987014
1236 0.00971023
1237 0.00955116
1238 0.00939297
1239 0.00923569
1240 0.00907937
1241 0.00892405
1242 0.00876976
1243 0.00861656
1244 0.00846446
1245 0.00831352
1246 0.00816375
1247 0.0080152
1248 0.0078679
1249 0.00772188
1250 0.00757716
1251 0.00743378
1252 0.00729175
1253 0.00715112
1254 0.00701189
1255 0.0068741
1256 0.00673777
1257 0.00660291
1258 0.00646955
1259 0.00633771
1260 0.00620739
1261 0.00607863
1262 0.00595143
1263 0.0058258
1264 0.00570176
1265 0.00557933
1266 0.0054585
1267 0.0053393
1268 0.00522172
1269 0.00510578
1270 0.00499148
1271 0.00487882
1272 0.00476782
1273 0.00465847
1274 0.00455078
1275 0.00444474
1276 0.00434036
1277 0.00423764
1278 0.00413657
1279 0.00403715
1280 0.00393938
1281 0.00384326
1282 0.00374878
1283 0.00365593
1284 0.00356471
1285 0.00347512
1286 0.00338713
1287 0.00330075
1288 0.00321597
1289 0.00313277
1290 0.00305115
1291 0.00297109
1292 0.00289259
1293 0.00281563
1294 0.00274019
1295 0.00266627
1296 0.00259386
1297 0.00252293
1298 0.00245347
1299 0.00238547
1300 0.00231892
1301 0.00225379
1302 0.00219008
1303 0.00212776
1304 0.00206681
1305 0.00200724
1306 0.001949
1307 0.0018921
1308 0.0018365
1309 0.0017822
1310 0.00172917
1311 0.00167739
1312 0.00162686
1313 0.00157754
1314 0.00152942
1315 0.00148249
1316 0.00143672
1317 0.0013921
1318 0.0013486
1319 0.00130621
1320 0.0012649
1321 0.00122467
1322 0.00118548
1323 0.00114733
1324 0.00111019
1325 0.00107405
1326 0.00103888
1327 0.00100467
1328 0.000971392
1329 0.000939037
1330 0.000907583
1331 0.000877012
1332 0.000847306
1333 0.000818447
1334 0.000790416
1335 0.000763197
1336 0.000736772
1337 0.000711122
1338 0.000686232
1339 0.000662083
1340 0.00063866
1341 0.000615944
1342 0.00059392
1343 0.000572572
1344 0.000551883
1345 0.000531837
1346 0.00051242
1347 0.000493614
1348 0.000475405
1349 0.000457778
1350 0.000440718
1351 0.00042421
1352 0.000408241
1353 0.000392796
1354 0.00037786
1355 0.000363421
1356 0.000349466
1357 0.00033598
1358 0.00032295
1359 0.000310365
1360 0.000298212
1361 0.000286478
1362 0.000275152
1363 0.000264221
1364 0.000253675
1365 0.000243502
1366 0.00023369
1367 0.00022423
1368 0.00021511
1369 0.00020632
1370 0.000197851
1371 0.000189692
1372 0.000181833
1373 0.000174265
1374 0.00016698
1375 0.000159967
1376 0.000153219
1377 0.000146726
1378 0.000140481
1379 0.000134475
1380 0.0001287
1381 0.000123149
1382 0.000117814
1383 0.000112688
1384 0.000107763
1385 0.000103033
1386 9.84917e-05
1387 9.41315e-05
1388 8.99466e-05
1389 8.59307e-05
1390 8.20777e-05
1391 7.8382e-05
1392 7.48378e-05
1393 7.14397e-05
1394 6.81824e-05
1395 6.50606e-05
1396 6.20694e-05
1397 5.92039e-05
1398 5.64595e-05
1399 5.38316e-05
1400 5.13158e-05
1401 4.89078e-05
1402 4.66035e-05
1403 4.43989e-05
1404 4.22902e-05
1405 4.02736e-05
1406 3.83455e-05
1407 3.65023e-05
1408 3.47409e-05
1409 3.30578e-05
1410 3.14499e-05
1411 2.99143e-05
1412 2.84479e-05
1413 2.7048e-05
1414 2.57119e-05
1415 2.44368e-05
1416 2.32203e-05
1417 2.20599e-05
1418 2.09533e-05
1419 1.98982e-05
1420 1.88924e-05
1421 1.79339e-05
1422 1.70205e-05
1423 1.61504e-05
1424 1.53217e-05
1425 1.45326e-05
1426 1.37814e-05
1427 1.30663e-05
1428 1.23859e-05
1429 1.17385e-05
1430 1.11227e-05
1431 1.0537e-05
1432 9.98022e-06
1433 9.45092e-06
1434 8.94787e-06
1435 8.46988e-06
1436 8.0158e-06
1437 7.58452e-06
1438 7.175e-06
1439 6.78621e-06
1440 6.41718e-06
1441 6.06699e-06
1442 5.73474e-06
1443 5.41959e-06
1444 5.12071e-06
1445 4.83734e-06
1446 4.56872e-06
1447 4.31413e-06
1448 4.07291e-06
1449 3.84439e-06
1450 3.62795e-06
1451 3.423e-06
1452 3.22897e-06
1453 3.04532e-06
1454 2.87153e-06
1455 2.70711e-06
1456 2.55158e-06
1457 2.4045e-06
1458 2.26543e-06
1459 2.13397e-06
1460 2.00974e-06
1461 1.89234e-06
1462 1.78144e-06
1463 1.6767e-06
1464 1.5778e-06
1465 1.48442e-06
1466 1.39629e-06
1467 1.31312e-06
1468 1.23466e-06
1469 1.16064e-06
1470 1.09084e-06
1471 1.02503e-06
1472 9.62993e-07
1473 9.04525e-07
1474 8.49433e-07
1475 7.97534e-07
1476 7.48652e-07
1477 7.02623e-07
1478 6.59289e-07
1479 6.18501e-07
1480 5.80118e-07
1481 5.44006e-07
1482 5.10037e-07
1483 4.78091e-07
1484 4.48054e-07
1485 4.19818e-07
1486 3.93281e-07
1487 3.68346e-07
1488 3.44922e-07
1489 3.2292e-07
1490 3.0226e-07
1491 2.82864e-07
1492 2.64658e-07
1493 2.47572e-07
1494 2.31543e-07
1495 2.16506e-07
1496 2.02405e-07
1497 1.89183e-07
1498 1.76788e-07
1499 1.65171e-07
1500 1.54286e-07
1501 1.44089e-07
1502 1.34537e-07
1503 1.25593e-07
1504 1.1722e-07
1505 1.09382e-07
1506 1.02047e-07
1507 9.51843e-08
1508 8.87647e-08
1509 8.27611e-08
1510 7.71475e-08
1511 7.18998e-08
1512 6.69952e-08
1513 6.24123e-08
1514 5.81308e-08
1515 5.41319e-08
1516 5.03975e-08
1517 4.69111e-08
1518 4.36568e-08
1519 4.06199e-08
1520 3.77864e-08
1521 3.51432e-08
1522 3.26782e-08
1523 3.03797e-08
1524 2.82371e-08
1525 2.62401e-08
1526 2.43793e-08
1527 2.26457e-08
1528 2.10311e-08
1529 1.95275e-08
1530 1.81277e-08
1531 1.68247e-08
1532 1.56121e-08
1533 1.44839e-08
1534 1.34344e-08
1535 1.24584e-08
1536 1.15509e-08
1537 1.07073e-08
1538 9.92321e-09
1539 9.19464e-09
1540 8.51779e-09
1541 7.88912e-09
1542 7.30534e-09
1543 6.76334e-09
1544 6.26026e-09
1545 5.79339e-09
1546 5.36022e-09
1547 4.95841e-09
1548 4.58576e-09
1549 4.24024e-09
1550 3.91993e-09
1551 3.62307e-09
1552 3.34799e-09
1553 3.09315e-09
1554 2.85712e-09
1555 2.63854e-09
1556 2.43618e-09
1557 2.24887e-09
1558 2.07553e-09
1559 1.91515e-09
1560 1.76679e-09
1561 1.62959e-09
1562 1.50273e-09
1563 1.38545e-09
1564 1.27706e-09
1565 1.17691e-09
1566 1.08438e-09
1567 9.98917e-10
1568 9.19998e-10
1569 8.47137e-10
1570 7.79883e-10
1571 7.17819e-10
1572 6.60555e-10
1573 6.07732e-10
1574 5.59016e-10
1575 5.14098e-10
1576 4.7269e-10
1577 4.34526e-10
1578 3.9936e-10
1579 3.66962e-10
1580 3.37122e-10
1581 3.09644e-10
1582 2.84346e-10
1583 2.61059e-10
1584 2.3963e-10
1585 2.19913e-10
1586 2.01777e-10
1587 1.85097e-10
1588 1.6976e-10
1589 1.55661e-10
1590 1.42704e-10
1591 1.30797e-10
1592 1.19859e-10
1593 1.09812e-10
1594 1.00586e-10
1595 9.21161e-11
1596 8.43416e-11
1597 7.72069e-11
1598 7.0661e-11
1599 6.46564e-11
1600 5.91496e-11
1601 5.41004e-11
1602 4.94719e-11
1603 4.52298e-11
1604 4.13427e-11
1605 3.77817e-11
1606 3.45202e-11
1607 3.15336e-11
1608 2.87993e-11
1609 2.62966e-11
1610 2.40063e-11
1611 2.19108e-11
1612 1.99941e-11
1613 1.82412e-11
1614 1.66384e-11
1615 1.51733e-11
1616 1.38343e-11
1617 1.26107e-11
1618 1.1493e-11
1619 1.04721e-11
1620 9.53993e-12
1621 8.68888e-12
1622 7.91207e-12
1623 7.2032e-12
1624 6.55645e-12
1625 5.96651e-12
1626 5.42851e-12
1627 4.93797e-12
1628 4.49082e-12
1629 4.08329e-12
1630 3.71196e-12
1631 3.37369e-12
1632 3.06559e-12
1633 2.78505e-12
1634 2.52964e-12
1635 2.29717e-12
1636 2.08562e-12
1637 1.89315e-12
1638 1.71808e-12
1639 1.55887e-12
1640 1.41412e-12
1641 1.28253e-12
1642 1.16294e-12
1643 1.05428e-12
1644 9.55574e-13
1645 8.65922e-13
1646 7.84516e-13
1647 7.10612e-13
1648 6.43533e-13
1649 5.82663e-13
1650 5.27438e-13
1651 4.77346e-13
1652 4.3192e-13
1653 3.90734e-13
1654 3.534e-13
1655 3.19566e-13
1656 2.88909e-13
1657 2.61138e-13
1658 2.35987e-13
1659 2.13212e-13
1660 1.92595e-13
1661 1.73934e-13
1662 1.57048e-13
1663 1.41771e-13
1664 1.27953e-13
1665 1.15457e-13
1666 1.04159e-13
1667 9.39473e-14
1668 8.47185e-14
1669 7.63799e-14
1670 6.88475e-14
1671 6.20447e-14
1672 5.59022e-14
1673 5.03571e-14
1674 4.53523e-14
1675 4.08363e-14
1676 3.67622e-14
1677 3.30874e-14
1678 2.97737e-14
1679 2.67861e-14
1680 2.40932e-14
1681 2.16664e-14
1682 1.94799e-14
1683 1.75103e-14
1684 1.57365e-14
1685 1.41394e-14
1686 1.27017e-14
1687 1.14077e-14
1688 1.02434e-14
1689 9.19595e-15
1690 8.25385e-15
1691 7.40669e-15
1692 6.64506e-15
1693 5.96048e-15
1694 5.34529e-15
1695 4.79257e-15
1696 4.29608e-15
1697 3.85021e-15
1698 3.44988e-15
1699 3.09051e-15
1700 2.76799e-15
1701 2.4786e-15
1702 2.21899e-15
1703 1.98614e-15
1704 1.77735e-15
1705 1.59017e-15
1706 1.4224e-15
1707 1.27206e-15
1708 1.13736e-15
1709 1.01671e-15
1710 9.08665e-16
1711 8.11928e-16
1712 7.25334e-16
1713 6.47837e-16
1714 5.78497e-16
1715 5.16467e-16
1716 4.6099e-16
1717 4.11385e-16
1718 3.67038e-16
1719 3.27402e-16
1720 2.91984e-16
1721 2.60341e-16
1722 2.32078e-16
1723 2.06839e-16
1724 1.84305e-16
1725 1.64191e-16
1726 1.46241e-16
1727 1.30225e-16
1728 1.15939e-16
1729 1.03197e-16
1730 9.18365e-17
1731 8.17088e-17
1732 7.26825e-17
1733 6.46394e-17
1734 5.74741e-17
1735 5.10921e-17
1736 4.5409e-17
1737 4.03494e-17
1738 3.58459e-17
1739 3.18382e-17
1740 2.82725e-17
1741 2.51008e-17
1742 2.22801e-17
1743 1.97721e-17
1744 1.75427e-17
1745 1.55613e-17
1746 1.38008e-17
1747 1.22368e-17
1748 1.08477e-17
1749 9.61426e-18
1750 8.51923e-18
1751 7.5473e-18
1752 6.68481e-18
1753 5.91962e-18
1754 5.24089e-18
1755 4.63899e-18
1756 4.10533e-18
1757 3.63228e-18
1758 3.21305e-18
1759 2.8416e-18
1760 2.51255e-18
1761 2.22113e-18
1762 1.96308e-18
1763 1.73464e-18
1764 1.53246e-18
1765 1.35355e-18
1766 1.19526e-18
1767 1.05527e-18
1768 9.31465e-19
1769 8.22012e-19
1770 7.25263e-19
1771 6.39764e-19
1772 5.64223e-19
1773 4.97494e-19
1774 4.38562e-19
1775 3.86528e-19
1776 3.40595e-19
1777 3.00055e-19
1778 2.64284e-19
1779 2.32727e-19
1780 2.04894e-19
1781 1.8035e-19
1782 1.58713e-19
1783 1.39641e-19
1784 1.22835e-19
1785 1.08028e-19
1786 9.49852e-20
1787 8.34993e-20
1788 7.33864e-20
1789 6.44845e-20
1790 5.66502e-20
1791 4.97569e-20
1792 4.3693e-20
1793 3.83598e-20
1794 3.36703e-20
1795 2.95478e-20
1796 2.59244e-20
1797 2.27404e-20
1798 1.99432e-20
1799 1.74862e-20
1800 1.53287e-20
1801 1.34344e-20
1802 1.17717e-20
1803 1.03126e-20
1804 9.03238e-21
1805 7.90937e-21
1806 6.92449e-21
1807 6.06094e-21
1808 5.30394e-21
1809 4.64048e-21
1810 4.05914e-21
1811 3.54986e-21
1812 3.10381e-21
1813 2.71321e-21
1814 2.37126e-21
1815 2.07196e-21
1816 1.81004e-21
1817 1.58089e-21
1818 1.38046e-21
1819 1.20517e-21
1820 1.05192e-21
1821 9.1795e-22
1822 8.00872e-22
1823 6.98576e-22
1824 6.09214e-22
1825 5.31168e-22
1826 4.63021e-22
1827 4.03529e-22
1828 3.51605e-22
1829 3.06296e-22
1830 2.66768e-22
1831 2.3229e-22
1832 2.02225e-22
1833 1.76013e-22
1834 1.53165e-22
1835 1.33255e-22
1836 1.15907e-22
1837 1.00796e-22
1838 8.76359e-23
1839 7.61776e-23
1840 6.6203e-23
1841 5.75221e-23
1842 4.99685e-23
1843 4.33975e-23
1844 3.76824e-23
1845 3.27128e-23
1846 2.83925e-23
1847 2.46374e-23
1848 2.13743e-23
1849 1.85394e-23
1850 1.60769e-23
1851 1.39385e-23
1852 1.2082e-23
1853 1.04704e-23
1854 9.07181e-24
1855 7.85835e-24
1856 6.80571e-24
1857 5.89281e-24
1858 5.10125e-24
1859 4.41505e-24
1860 3.82033e-24
1861 3.30501e-24
1862 2.85857e-24
1863 2.47191e-24
1864 2.13707e-24
1865 1.8472e-24
1866 1.59629e-24
1867 1.37917e-24
1868 1.19132e-24
1869 1.02883e-24
1870 8.88314e-25
1871 7.6682e-25
1872 6.61799e-25
1873 5.71038e-25
1874 4.92617e-25
1875 4.24873e-25
1876 3.66365e-25
1877 3.15845e-25
1878 2.72233e-25
1879 2.34591e-25
1880 2.02111e-25
1881 1.74089e-25
1882 1.4992e-25
1883 1.29078e-25
1884 1.1111e-25
1885 9.56215e-26
1886 8.22745e-26
1887 7.07751e-26
1888 6.08696e-26
1889 5.23391e-26
1890 4.49943e-26
1891 3.86717e-26
1892 3.32304e-26
1893 2.85484e-26
1894 2.45208e-26
1895 2.10568e-26
1896 1.80782e-26
1897 1.55175e-26
1898 1.33167e-26
1899 1.14255e-26
1900 9.80069e-27
1901 8.40516e-27
1902 7.20675e-27
1903 6.17786e-27
1904 5.29472e-27
1905 4.53683e-27
1906 3.88658e-27
1907 3.32879e-27
1908 2.85044e-27
1909 2.4403e-27
1910 2.08871e-27
1911 1.78739e-27
1912 1.5292e-27
1913 1.30802e-27
1914 1.11859e-27
1915 9.56381e-28
1916 8.17517e-28
1917 6.98664e-28
1918 5.96959e-28
1919 5.09947e-28
1920 4.35524e-28
1921 3.71881e-28
1922 3.17468e-28
1923 2.70956e-28
1924 2.31211e-28
1925 1.97251e-28
1926 1.68242e-28
1927 1.43469e-28
1928 1.22316e-28
1929 1.04259e-28
1930 8.88488e-29
1931 7.56995e-29
1932 6.4482e-29
1933 5.4915e-29
1934 4.67572e-29
1935 3.98024e-29
1936 3.38747e-29
1937 2.88234e-29
1938 2.452e-29
1939 2.08546e-29
1940 1.77332e-29
1941 1.50757e-29
1942 1.28136e-29
1943 1.08886e-29
1944 9.25075e-30
1945 7.85751e-30
1946 6.67269e-30
1947 5.66526e-30
1948 4.80885e-30
1949 4.08104e-30
1950 3.46262e-30
1951 2.93725e-30
1952 2.49105e-30
1953 2.11217e-30
1954 1.79053e-30
1955 1.51753e-30
1956 1.28587e-30
1957 1.08934e-30
1958 9.22643e-31
1959 7.8128e-31
1960 6.61434e-31
1961 5.59848e-31
1962 4.7376e-31
1963 4.00822e-31
1964 3.39038e-31
1965 2.86715e-31
1966 2.42413e-31
1967 2.04912e-31
1968 1.73173e-31
1969 1.46319e-31
1970 1.23602e-31
1971 1.04389e-31
1972 8.81431e-32
1973 7.44091e-32
1974 6.28011e-32
1975 5.29922e-32
1976 4.47059e-32
1977 3.77068e-32
1978 3.17965e-32
1979 2.68067e-32
1980 2.25951e-32
1981 1.90409e-32
1982 1.60421e-32
1983 1.35127e-32
1984 1.13797e-32
1985 9.58117e-33
1986 8.0651e-33
1987 6.78758e-33
1988 5.71111e-33
1989 4.80425e-33
1990 4.04048e-33
1991 3.3974e-33
1992 2.85607e-33
1993 2.40045e-33
1994 2.01706e-33
1995 1.69454e-33
1996 1.42326e-33
1997 1.19514e-33
1998 1.00338e-33
1999 8.42194e-34
2000 7.06739e-34
2001 5.92936e-34
2002 4.97349e-34
2003 4.17078e-34
2004 3.49686e-34
2005 2.9312e-34
2006 2.45643e-34
2007 2.0581e-34
2008 1.72397e-34
2009 1.44374e-34
2010 1.20878e-34
2011 1.01182e-34
2012 8.46763e-35
2013 7.08452e-35
2014 5.92581e-35
2015 4.95541e-35
2016 4.14279e-35
2017 3.46254e-35
2018 2.89319e-35
2019 2.41675e-35
2020 2.01814e-35
2021 1.68474e-35
2022 1.40594e-35
2023 1.17286e-35
2024 9.78038e-36
2025 8.15221e-36
2026 6.79197e-36
2027 5.6557e-36
2028 4.70683e-36
2029 3.91459e-36
2030 3.25327e-36
2031 2.70139e-36
2032 2.24097e-36
2033 1.85689e-36
2034 1.53662e-36
2035 1.26963e-36
2036 1.0471e-36
2037 8.61751e-37
2038 7.07364e-37
2039 5.78875e-37
2040 4.72038e-37
2041 3.83221e-37
2042 3.09452e-37
2043 2.48293e-37
2044 1.97722e-37
2045 1.55991e-37
2046 1.21669e-37
2047 9.36241e-38
