0 6.21952e-68
1 6.15304e-68
2 6.39571e-68
3 6.97121e-68
4 7.93606e-68
5 9.38499e-68
6 1.146e-67
7 1.43638e-67
8 1.83794e-67
9 2.38966e-67
10 3.14494e-67
11 4.17663e-67
12 5.58389e-67
13 7.50154e-67
14 1.01127e-66
15 1.36658e-66
16 1.84981e-66
17 2.50664e-66
18 3.39898e-66
19 4.61069e-66
20 6.25526e-66
21 8.48625e-66
22 1.15113e-65
23 1.56111e-65
24 2.11649e-65
25 2.86847e-65
26 3.88617e-65
27 5.26284e-65
28 7.12421e-65
29 9.63975e-65
30 1.30378e-64
31 1.76257e-64
32 2.38173e-64
33 3.21692e-64
34 4.34297e-64
35 5.86047e-64
36 7.90454e-64
37 1.06566e-63
38 1.43601e-63
39 1.93416e-63
40 2.60389e-63
41 3.50389e-63
42 4.71275e-63
43 6.33568e-63
44 8.5135e-63
45 1.14345e-62
46 1.53505e-62
47 2.05979e-62
48 2.76261e-62
49 3.70347e-62
50 4.96242e-62
51 6.64619e-62
52 8.89706e-62
53 1.19046e-61
54 1.59212e-61
55 2.1283e-61
56 2.84369e-61
57 3.79774e-61
58 5.06947e-61
59 6.76384e-61
60 9.02023e-61
61 1.20236e-60
62 1.60194e-60
63 2.13329e-60
64 2.83953e-60
65 3.77777e-60
66 5.02363e-60
67 6.67717e-60
68 8.87075e-60
69 1.17793e-59
70 1.56341e-59
71 2.07404e-59
72 2.75013e-59
73 3.64487e-59
74 4.82839e-59
75 6.39316e-59
76 8.46096e-59
77 1.11922e-58
78 1.4798e-58
79 1.95561e-58
80 2.58318e-58
81 3.41049e-58
82 4.5006e-58
83 5.93629e-58
84 7.82621e-58
85 1.03129e-57
86 1.35831e-57
87 1.78817e-57
88 2.35293e-57
89 3.09458e-57
90 4.06804e-57
91 5.34515e-57
92 7.01981e-57
93 9.21471e-57
94 1.20901e-56
95 1.58551e-56
96 2.07825e-56
97 2.72282e-56
98 3.56559e-56
99 4.66697e-56
100 6.10562e-56
101 7.98391e-56
102 1.0435e-55
103 1.36321e-55
104 1.78001e-55
105 2.32313e-55
106 3.03053e-55
107 3.95143e-55
108 5.14969e-55
109 6.70813e-55
110 8.734e-55
111 1.13663e-54
112 1.47848e-54
113 1.92223e-54
114 2.49797e-54
115 3.24462e-54
116 4.21244e-54
117 5.46634e-54
118 7.09012e-54
119 9.19189e-54
120 1.19111e-53
121 1.54274e-53
122 1.99723e-53
123 2.58439e-53
124 3.34261e-53
125 4.32125e-53
126 5.58379e-53
127 7.21184e-53
128 9.31024e-53
129 1.20136e-52
130 1.54947e-52
131 1.99753e-52
132 2.57397e-52
133 3.31522e-52
134 4.26797e-52
135 5.49202e-52
136 7.0639e-52
137 9.08154e-52
138 1.16702e-51
139 1.49899e-51
140 1.92453e-51
141 2.46977e-51
142 3.16806e-51
143 4.06198e-51
144 5.20583e-51
145 6.66884e-51
146 8.53926e-51
147 1.09295e-50
148 1.39827e-50
149 1.78811e-50
150 2.28566e-50
151 2.9204e-50
152 3.72984e-50
153 4.7616e-50
154 6.07622e-50
155 7.75056e-50
156 9.88218e-50
157 1.25949e-49
158 1.60457e-49
159 2.04336e-49
160 2.6011e-49
161 3.30976e-49
162 4.20983e-49
163 5.35255e-49
164 6.80282e-49
165 8.64269e-49
166 1.0976e-48
167 1.39339e-48
168 1.76823e-48
169 2.24308e-48
170 2.8444e-48
171 3.6056e-48
172 4.56888e-48
173 5.78744e-48
174 7.32843e-48
175 9.27649e-48
176 1.17384e-47
177 1.48485e-47
178 1.87765e-47
179 2.37357e-47
180 2.99948e-47
181 3.78923e-47
182 4.78539e-47
183 6.04154e-47
184 7.62505e-47
185 9.62067e-47
186 1.21349e-46
187 1.53017e-46
188 1.92893e-46
189 2.43089e-46
190 3.06261e-46
191 3.85742e-46
192 4.85715e-46
193 6.11432e-46
194 7.69481e-46
195 9.68128e-46
196 1.21774e-45
197 1.53131e-45
198 1.92515e-45
199 2.41966e-45
200 3.04046e-45
201 3.8196e-45
202 4.79724e-45
203 6.02368e-45
204 7.5619e-45
205 9.49072e-45
206 1.19088e-44
207 1.49396e-44
208 1.87374e-44
209 2.34956e-44
210 2.94554e-44
211 3.6919e-44
212 4.62636e-44
213 5.7961e-44
214 7.26002e-44
215 9.09174e-44
216 1.13832e-43
217 1.42491e-43
218 1.78327e-43
219 2.23129e-43
220 2.79128e-43
221 3.49106e-43
222 4.36534e-43
223 5.4574e-43
224 6.82119e-43
225 8.52395e-43
226 1.06495e-42
227 1.33021e-42
228 1.66117e-42
229 2.07403e-42
230 2.58891e-42
231 3.23088e-42
232 4.03113e-42
233 5.02843e-42
234 6.271e-42
235 7.81879e-42
236 9.74629e-42
237 1.2146e-41
238 1.5133e-41
239 1.88498e-41
240 2.34737e-41
241 2.92245e-41
242 3.6375e-41
243 4.52632e-41
244 5.63086e-41
245 7.00309e-41
246 8.7074e-41
247 1.08235e-40
248 1.34503e-40
249 1.67099e-40
250 2.07536e-40
251 2.57687e-40
252 3.19864e-40
253 3.96929e-40
254 4.92418e-40
255 6.10699e-40
256 7.57166e-40
257 9.38479e-40
258 1.16286e-39
259 1.44044e-39
260 1.78374e-39
261 2.20817e-39
262 2.73273e-39
263 3.38085e-39
264 4.18135e-39
265 5.16975e-39
266 6.38975e-39
267 7.89511e-39
268 9.75198e-39
269 1.20417e-38
270 1.48641e-38
271 1.83421e-38
272 2.26266e-38
273 2.79027e-38
274 3.43978e-38
275 4.23909e-38
276 5.22242e-38
277 6.43174e-38
278 7.9185e-38
279 9.74574e-38
280 1.19907e-37
281 1.4748e-37
282 1.81334e-37
283 2.22887e-37
284 2.73873e-37
285 3.36414e-37
286 4.13105e-37
287 5.07116e-37
288 6.22323e-37
289 7.63463e-37
290 9.36319e-37
291 1.14795e-36
292 1.40699e-36
293 1.72394e-36
294 2.11166e-36
295 2.58579e-36
296 3.16542e-36
297 3.87385e-36
298 4.73943e-36
299 5.79673e-36
300 7.08786e-36
301 8.6641e-36
302 1.05879e-35
303 1.29353e-35
304 1.57987e-35
305 1.92907e-35
306 2.35483e-35
307 2.87379e-35
308 3.5062e-35
309 4.27667e-35
310 5.21512e-35
311 6.35787e-35
312 7.7491e-35
313 9.44243e-35
314 1.1503e-34
315 1.40098e-34
316 1.70588e-34
317 2.07665e-34
318 2.52742e-34
319 3.07533e-34
320 3.74115e-34
321 4.55009e-34
322 5.53271e-34
323 6.72603e-34
324 8.17492e-34
325 9.93373e-34
326 1.20683e-33
327 1.46584e-33
328 1.78004e-33
329 2.16113e-33
330 2.62324e-33
331 3.18348e-33
332 3.86254e-33
333 4.68543e-33
334 5.6824e-33
335 6.89002e-33
336 8.35247e-33
337 1.01231e-32
338 1.22665e-32
339 1.48603e-32
340 1.79987e-32
341 2.1795e-32
342 2.63861e-32
343 3.1937e-32
344 3.86467e-32
345 4.67554e-32
346 5.6552e-32
347 6.83852e-32
348 8.26746e-32
349 9.99257e-32
350 1.20747e-31
351 1.4587e-31
352 1.76176e-31
353 2.12725e-31
354 2.56789e-31
355 3.09901e-31
356 3.73898e-31
357 4.50991e-31
358 5.43832e-31
359 6.55606e-31
360 7.90133e-31
361 9.51997e-31
362 1.14669e-30
363 1.38081e-30
364 1.66225e-30
365 2.00046e-30
366 2.40677e-30
367 2.89474e-30
368 3.48059e-30
369 4.18373e-30
370 5.02738e-30
371 6.03927e-30
372 7.25256e-30
373 8.70687e-30
374 1.04495e-29
375 1.25369e-29
376 1.50364e-29
377 1.80285e-29
378 2.16091e-29
379 2.58923e-29
380 3.10144e-29
381 3.71376e-29
382 4.44553e-29
383 5.31974e-29
384 6.36377e-29
385 7.61021e-29
386 9.09779e-29
387 1.08726e-28
388 1.29894e-28
389 1.55132e-28
390 1.85214e-28
391 2.21057e-28
392 2.63752e-28
393 3.14592e-28
394 3.7511e-28
395 4.47129e-28
396 5.32807e-28
397 6.34702e-28
398 7.55849e-28
399 8.99841e-28
400 1.07094e-27
401 1.27417e-27
402 1.51553e-27
403 1.80206e-27
404 2.14214e-27
405 2.54565e-27
406 3.02431e-27
407 3.59194e-27
408 4.26491e-27
409 5.06256e-27
410 6.00776e-27
411 7.1275e-27
412 8.45369e-27
413 1.0024e-26
414 1.1883e-26
415 1.4083e-26
416 1.66863e-26
417 1.97658e-26
418 2.3408e-26
419 2.77147e-26
420 3.28059e-26
421 3.88233e-26
422 4.59338e-26
423 5.43342e-26
424 6.42565e-26
425 7.59739e-26
426 8.98082e-26
427 1.06139e-25
428 1.25412e-25
429 1.48152e-25
430 1.7498e-25
431 2.06622e-25
432 2.43935e-25
433 2.87926e-25
434 3.39781e-25
435 4.00891e-25
436 4.72895e-25
437 5.57716e-25
438 6.57616e-25
439 7.75248e-25
440 9.13733e-25
441 1.07673e-24
442 1.26854e-24
443 1.49419e-24
444 1.75961e-24
445 2.07173e-24
446 2.43868e-24
447 2.87e-24
448 3.37683e-24
449 3.97227e-24
450 4.67163e-24
451 5.49283e-24
452 6.45684e-24
453 7.58821e-24
454 8.91563e-24
455 1.04726e-23
456 1.22984e-23
457 1.44388e-23
458 1.69472e-23
459 1.98861e-23
460 2.33283e-23
461 2.73587e-23
462 3.20764e-23
463 3.75968e-23
464 4.40545e-23
465 5.16062e-23
466 6.04341e-23
467 7.07505e-23
468 8.28024e-23
469 9.68767e-23
470 1.13307e-22
471 1.32481e-22
472 1.5485e-22
473 1.80935e-22
474 2.11343e-22
475 2.46777e-22
476 2.88054e-22
477 3.36119e-22
478 3.92066e-22
479 4.57165e-22
480 5.32883e-22
481 6.20919e-22
482 7.23238e-22
483 8.42111e-22
484 9.80165e-22
485 1.14043e-21
486 1.32642e-21
487 1.54216e-21
488 1.79234e-21
489 2.08232e-21
490 2.41832e-21
491 2.8075e-21
492 3.25809e-21
493 3.7796e-21
494 4.38297e-21
495 5.08077e-21
496 5.88751e-21
497 6.81985e-21
498 7.89695e-21
499 9.14086e-21
500 1.05769e-20
501 1.22342e-20
502 1.41461e-20
503 1.63512e-20
504 1.88934e-20
505 2.18233e-20
506 2.51991e-20
507 2.90874e-20
508 3.35646e-20
509 3.87183e-20
510 4.46491e-20
511 5.14723e-20
512 5.93198e-20
513 6.8343e-20
514 7.87154e-20
515 9.06356e-20
516 1.04331e-19
517 1.20063e-19
518 1.38129e-19
519 1.58871e-19
520 1.82681e-19
521 2.10006e-19
522 2.41358e-19
523 2.77325e-19
524 3.18576e-19
525 3.65881e-19
526 4.20117e-19
527 4.82289e-19
528 5.53546e-19
529 6.35202e-19
530 7.2876e-19
531 8.35937e-19
532 9.58698e-19
533 1.09929e-18
534 1.26027e-18
535 1.44457e-18
536 1.65555e-18
537 1.89702e-18
538 2.17336e-18
539 2.48956e-18
540 2.85131e-18
541 3.26512e-18
542 3.7384e-18
543 4.27962e-18
544 4.89845e-18
545 5.6059e-18
546 6.41453e-18
547 7.33866e-18
548 8.39461e-18
549 9.60097e-18
550 1.09789e-17
551 1.25526e-17
552 1.43494e-17
553 1.64005e-17
554 1.87415e-17
555 2.14128e-17
556 2.44603e-17
557 2.79361e-17
558 3.18994e-17
559 3.64175e-17
560 4.15667e-17
561 4.74335e-17
562 5.4116e-17
563 6.17255e-17
564 7.03877e-17
565 8.02454e-17
566 9.14598e-17
567 1.04213e-16
568 1.18712e-16
569 1.3519e-16
570 1.53908e-16
571 1.75165e-16
572 1.99296e-16
573 2.26677e-16
574 2.57734e-16
575 2.92945e-16
576 3.3285e-16
577 3.78055e-16
578 4.2924e-16
579 4.8717e-16
580 5.52703e-16
581 6.26804e-16
582 7.10551e-16
583 8.05155e-16
584 9.11969e-16
585 1.03251e-15
586 1.16847e-15
587 1.32175e-15
588 1.49445e-15
589 1.68895e-15
590 1.90787e-15
591 2.15414e-15
592 2.43104e-15
593 2.7422e-15
594 3.09167e-15
595 3.48394e-15
596 3.92402e-15
597 4.41745e-15
598 4.97039e-15
599 5.58967e-15
600 6.28285e-15
601 7.05831e-15
602 7.92534e-15
603 8.89418e-15
604 9.97618e-15
605 1.11839e-14
606 1.25311e-14
607 1.40332e-14
608 1.5707e-14
609 1.7571e-14
610 1.96458e-14
611 2.1954e-14
612 2.45204e-14
613 2.73725e-14
614 3.05402e-14
615 3.40568e-14
616 3.79588e-14
617 4.22861e-14
618 4.70829e-14
619 5.23976e-14
620 5.82834e-14
621 6.47987e-14
622 7.20078e-14
623 7.99811e-14
624 8.87963e-14
625 9.85383e-14
626 1.09301e-13
627 1.21187e-13
628 1.34309e-13
629 1.48791e-13
630 1.6477e-13
631 1.82396e-13
632 2.01834e-13
633 2.23267e-13
634 2.46893e-13
635 2.72933e-13
636 3.01631e-13
637 3.33254e-13
638 3.68097e-13
639 4.06486e-13
640 4.48782e-13
641 4.95381e-13
642 5.46724e-13
643 6.03297e-13
644 6.65637e-13
645 7.34341e-13
646 8.10068e-13
647 8.9355e-13
648 9.85598e-13
649 1.08711e-12
650 1.19909e-12
651 1.32265e-12
652 1.45902e-12
653 1.60956e-12
654 1.77581e-12
655 1.95946e-12
656 2.16238e-12
657 2.38669e-12
658 2.6347e-12
659 2.90902e-12
660 3.21254e-12
661 3.54846e-12
662 3.92037e-12
663 4.33224e-12
664 4.78851e-12
665 5.29409e-12
666 5.85447e-12
667 6.47573e-12
668 7.16465e-12
669 7.92873e-12
670 8.77633e-12
671 9.71671e-12
672 1.07602e-11
673 1.19181e-11
674 1.32032e-11
675 1.46294e-11
676 1.62122e-11
677 1.79688e-11
678 1.99182e-11
679 2.20813e-11
680 2.44813e-11
681 2.71437e-11
682 3.00966e-11
683 3.3371e-11
684 3.70012e-11
685 4.10245e-11
686 4.54823e-11
687 5.04199e-11
688 5.58868e-11
689 6.19375e-11
690 6.86316e-11
691 7.60342e-11
692 8.42165e-11
693 9.32562e-11
694 1.03238e-10
695 1.14254e-10
696 1.26405e-10
697 1.39801e-10
698 1.54558e-10
699 1.70807e-10
700 1.88686e-10
701 2.08346e-10
702 2.29949e-10
703 2.53672e-10
704 2.79705e-10
705 3.0825e-10
706 3.39527e-10
707 3.73772e-10
708 4.11238e-10
709 4.52194e-10
710 4.96932e-10
711 5.45759e-10
712 5.99005e-10
713 6.57021e-10
714 7.2018e-10
715 7.88878e-10
716 8.63535e-10
717 9.44594e-10
718 1.03252e-09
719 1.12782e-09
720 1.231e-09
721 1.34261e-09
722 1.46322e-09
723 1.59343e-09
724 1.73386e-09
725 1.88516e-09
726 2.04801e-09
727 2.22309e-09
728 2.41113e-09
729 2.61288e-09
730 2.82908e-09
731 3.06051e-09
732 3.30797e-09
733 3.57226e-09
734 3.85418e-09
735 4.15455e-09
736 4.47417e-09
737 4.81386e-09
738 5.17441e-09
739 5.5566e-09
740 5.96116e-09
741 6.38884e-09
742 6.84029e-09
743 7.31615e-09
744 7.81698e-09
745 8.34329e-09
746 8.89549e-09
747 9.4739e-09
748 1.00787e-08
749 1.07101e-08
750 1.13679e-08
751 1.20521e-08
752 1.27622e-08
753 1.34977e-08
754 1.42579e-08
755 1.50419e-08
756 1.58485e-08
757 1.66762e-08
758 1.75235e-08
759 1.83882e-08
760 1.92683e-08
761 2.01611e-08
762 2.10637e-08
763 2.19729e-08
764 2.28851e-08
765 2.37964e-08
766 2.47025e-08
767 2.55988e-08
768 2.64802e-08
769 2.73412e-08
770 2.81763e-08
771 2.89793e-08
772 2.97438e-08
773 3.04631e-08
774 3.11304e-08
775 3.17386e-08
776 3.22804e-08
777 3.27485e-08
778 3.31355e-08
779 3.34344e-08
780 3.36382e-08
781 3.37402e-08
782 3.37343e-08
783 3.36152e-08
784 3.33783e-08
785 3.302e-08
786 3.25383e-08
787 3.19327e-08
788 3.12043e-08
789 3.0357e-08
790 2.93969e-08
791 2.83333e-08
792 2.71789e-08
793 2.59506e-08
794 2.46696e-08
795 2.33624e-08
796 2.20613e-08
797 2.0805e-08
798 1.96398e-08
799 1.86197e-08
800 1.78082e-08
801 1.72786e-08
802 1.71155e-08
803 1.74156e-08
804 1.82891e-08
805 1.98613e-08
806 2.22736e-08
807 2.56852e-08
808 3.02747e-08
809 3.6242e-08
810 4.381e-08
811 5.32266e-08
812 6.4767e-08
813 7.87356e-08
814 9.54686e-08
815 1.15337e-07
816 1.38747e-07
817 1.66148e-07
818 1.98028e-07
819 2.34925e-07
820 2.77424e-07
821 3.26162e-07
822 3.81835e-07
823 4.45197e-07
824 5.17067e-07
825 5.98335e-07
826 6.8996e-07
827 7.92983e-07
828 9.08524e-07
829 1.03779e-06
830 1.18209e-06
831 1.34282e-06
832 1.52149e-06
833 1.71972e-06
834 1.93923e-06
835 2.18188e-06
836 2.44967e-06
837 2.74471e-06
838 3.06927e-06
839 3.42577e-06
840 3.8168e-06
841 4.2451e-06
842 4.71359e-06
843 5.22538e-06
844 5.78377e-06
845 6.39228e-06
846 7.05461e-06
847 7.77472e-06
848 8.55676e-06
849 9.40515e-06
850 1.03246e-05
851 1.13199e-05
852 1.23965e-05
853 1.35596e-05
854 1.48152e-05
855 1.61694e-05
856 1.76285e-05
857 1.91994e-05
858 2.0889e-05
859 2.2705e-05
860 2.46551e-05
861 2.67476e-05
862 2.8991e-05
863 3.13945e-05
864 3.39675e-05
865 3.672e-05
866 3.96623e-05
867 4.28052e-05
868 4.61602e-05
869 4.97391e-05
870 5.35542e-05
871 5.76185e-05
872 6.19454e-05
873 6.6549e-05
874 7.14439e-05
875 7.66453e-05
876 8.21691e-05
877 8.80317e-05
878 9.42503e-05
879 0.000100843
880 0.000107828
881 0.000115224
882 0.000123052
883 0.000131332
884 0.000140085
885 0.000149334
886 0.000159102
887 0.000169413
888 0.00018029
889 0.000191761
890 0.00020385
891 0.000216586
892 0.000229996
893 0.00024411
894 0.000258957
895 0.000274568
896 0.000290975
897 0.00030821
898 0.000326309
899 0.000345305
900 0.000365234
901 0.000386133
902 0.000408039
903 0.000430993
904 0.000455032
905 0.000480199
906 0.000506536
907 0.000534085
908 0.000562891
909 0.000592998
910 0.000624453
911 0.000657304
912 0.000691598
913 0.000727385
914 0.000764716
915 0.000803642
916 0.000844215
917 0.00088649
918 0.00093052
919 0.000976361
920 0.00102407
921 0.0010737
922 0.00112532
923 0.00117898
924 0.00123474
925 0.00129267
926 0.00135282
927 0.00141525
928 0.00148004
929 0.00154724
930 0.00161692
931 0.00168914
932 0.00176397
933 0.00184147
934 0.00192171
935 0.00200476
936 0.00209068
937 0.00217953
938 0.00227139
939 0.00236633
940 0.00246439
941 0.00256566
942 0.0026702
943 0.00277807
944 0.00288934
945 0.00300407
946 0.00312232
947 0.00324415
948 0.00336964
949 0.00349882
950 0.00363178
951 0.00376855
952 0.00390919
953 0.00405377
954 0.00420232
955 0.00435491
956 0.00451157
957 0.00467235
958 0.00483729
959 0.00500643
960 0.00517982
961 0.00535747
962 0.00553942
963 0.00572571
964 0.00591634
965 0.00611135
966 0.00631074
967 0.00651453
968 0.00672273
969 0.00693533
970 0.00715234
971 0.00737375
972 0.00759956
973 0.00782973
974 0.00806426
975 0.00830312
976 0.00854627
977 0.00879367
978 0.00904529
979 0.00930108
980 0.00956097
981 0.00982492
982 0.0100928
983 0.0103647
984 0.0106403
985 0.0109197
986 0.0112028
987 0.0114894
988 0.0117795
989 0.0120729
990 0.0123695
991 0.0126692
992 0.0129718
993 0.0132773
994 0.0135854
995 0.0138961
996 0.0142092
997 0.0145244
998 0.0148417
999 0.0151608
1000 0.0154816
1001 0.0158039
1002 0.0161275
1003 0.0164521
1004 0.0167776
1005 0.0171038
1006 0.0174305
1007 0.0177574
1008 0.0180843
1009 0.0184109
1010 0.0187371
1011 0.0190626
1012 0.0193872
1013 0.0197105
1014 0.0200324
1015 0.0203527
1016 0.0206709
1017 0.020987
1018 0.0213006
1019 0.0216114
1020 0.0219193
1021 0.0222239
1022 0.022525
1023 0.0228223
1024 0.0231156
1025 0.0234045
1026 0.0236889
1027 0.0239685
1028 0.024243
1029 0.0245121
1030 0.0247756
1031 0.0250333
1032 0.0252849
1033 0.0255301
1034 0.0257688
1035 0.0260006
1036 0.0262255
1037 0.026443
1038 0.0266531
1039 0.0268554
1040 0.0270499
1041 0.0272362
1042 0.0274143
1043 0.0275839
1044 0.0277448
1045 0.0278969
1046 0.0280401
1047 0.0281741
1048 0.0282988
1049 0.0284141
1050 0.0285199
1051 0.0286161
1052 0.0287025
1053 0.028779
1054 0.0288457
1055 0.0289023
1056 0.0289489
1057 0.0289853
1058 0.0290117
1059 0.0290278
1060 0.0290337
1061 0.0290294
1062 0.029015
1063 0.0289903
1064 0.0289554
1065 0.0289104
1066 0.0288554
1067 0.0287903
1068 0.0287152
1069 0.0286302
1070 0.0285355
1071 0.028431
1072 0.028317
1073 0.0281934
1074 0.0280606
1075 0.0279185
1076 0.0277674
1077 0.0276073
1078 0.0274385
1079 0.0272612
1080 0.0270754
1081 0.0268814
1082 0.0266795
1083 0.0264697
1084 0.0262523
1085 0.0260276
1086 0.0257957
1087 0.0255569
1088 0.0253113
1089 0.0250593
1090 0.0248011
1091 0.0245369
1092 0.024267
1093 0.0239916
1094 0.0237111
1095 0.0234255
1096 0.0231353
1097 0.0228406
1098 0.0225417
1099 0.022239
1100 0.0219326
1101 0.0216229
1102 0.02131
1103 0.0209943
1104 0.020676
1105 0.0203554
1106 0.0200327
1107 0.0197083
1108 0.0193823
1109 0.019055
1110 0.0187267
1111 0.0183976
1112 0.018068
1113 0.0177381
1114 0.0174081
1115 0.0170782
1116 0.0167488
1117 0.0164199
1118 0.0160919
1119 0.015765
1120 0.0154393
1121 0.0151151
1122 0.0147925
1123 0.0144717
1124 0.014153
1125 0.0138364
1126 0.0135223
1127 0.0132106
1128 0.0129017
1129 0.0125956
1130 0.0122925
1131 0.0119925
1132 0.0116957
1133 0.0114024
1134 0.0111125
1135 0.0108263
1136 0.0105438
1137 0.0102651
1138 0.00999025
1139 0.00971943
1140 0.00945268
1141 0.00919007
1142 0.00893167
1143 0.00867753
1144 0.00842771
1145 0.00818226
1146 0.00794121
1147 0.0077046
1148 0.00747247
1149 0.00724483
1150 0.00702171
1151 0.00680311
1152 0.00658905
1153 0.00637953
1154 0.00617455
1155 0.0059741
1156 0.00577817
1157 0.00558675
1158 0.00539982
1159 0.00521735
1160 0.00503932
1161 0.0048657
1162 0.00469645
1163 0.00453153
1164 0.00437091
1165 0.00421454
1166 0.00406238
1167 0.00391437
1168 0.00377047
1169 0.00363062
1170 0.00349476
1171 0.00336284
1172 0.0032348
1173 0.00311057
1174 0.00299009
1175 0.00287331
1176 0.00276014
1177 0.00265053
1178 0.00254441
1179 0.00244171
1180 0.00234236
1181 0.00224629
1182 0.00215342
1183 0.0020637
1184 0.00197705
1185 0.00189339
1186 0.00181266
1187 0.00173479
1188 0.0016597
1189 0.00158732
1190 0.00151759
1191 0.00145043
1192 0.00138577
1193 0.00132355
1194 0.0012637
1195 0.00120615
1196 0.00115083
1197 0.00109768
1198 0.00104663
1199 0.000997617
1200 0.000950582
1201 0.00090546
1202 0.00086219
1203 0.000820712
1204 0.000780967
1205 0.000742898
1206 0.000706448
1207 0.000671561
1208 0.000638183
1209 0.00060626
1210 0.000575742
1211 0.000546577
1212 0.000518716
1213 0.00049211
1214 0.000466713
1215 0.000442479
1216 0.000419363
1217 0.000397322
1218 0.000376313
1219 0.000356297
1220 0.000337233
1221 0.000319082
1222 0.000301808
1223 0.000285374
1224 0.000269745
1225 0.000254887
1226 0.000240767
1227 0.000227354
1228 0.000214616
1229 0.000202525
1230 0.000191052
1231 0.000180168
1232 0.000169848
1233 0.000160067
1234 0.000150798
1235 0.000142019
1236 0.000133707
1237 0.000125839
1238 0.000118395
1239 0.000111355
1240 0.000104698
1241 9.84073e-05
1242 9.24636e-05
1243 8.68501e-05
1244 8.15504e-05
1245 7.65488e-05
1246 7.18301e-05
1247 6.73801e-05
1248 6.31849e-05
1249 5.92313e-05
1250 5.55067e-05
1251 5.19992e-05
1252 4.86973e-05
1253 4.55899e-05
1254 4.26668e-05
1255 3.9918e-05
1256 3.73339e-05
1257 3.49056e-05
1258 3.26245e-05
1259 3.04825e-05
1260 2.84717e-05
1261 2.65848e-05
1262 2.48148e-05
1263 2.3155e-05
1264 2.15991e-05
1265 2.01412e-05
1266 1.87755e-05
1267 1.74967e-05
1268 1.62996e-05
1269 1.51795e-05
1270 1.41317e-05
1271 1.31519e-05
1272 1.2236e-05
1273 1.13802e-05
1274 1.05808e-05
1275 9.83431e-06
1276 9.13751e-06
1277 8.48731e-06
1278 7.8808e-06
1279 7.31525e-06
1280 6.78807e-06
1281 6.29683e-06
1282 5.83923e-06
1283 5.41313e-06
1284 5.01649e-06
1285 4.6474e-06
1286 4.30407e-06
1287 3.98481e-06
1288 3.68803e-06
1289 3.41225e-06
1290 3.15607e-06
1291 2.91818e-06
1292 2.69735e-06
1293 2.49242e-06
1294 2.30232e-06
1295 2.12603e-06
1296 1.9626e-06
1297 1.81116e-06
1298 1.67086e-06
1299 1.54094e-06
1300 1.42066e-06
1301 1.30935e-06
1302 1.20637e-06
1303 1.11114e-06
1304 1.02309e-06
1305 9.41724e-07
1306 8.6655e-07
1307 7.97122e-07
1308 7.33023e-07
1309 6.73864e-07
1310 6.19282e-07
1311 5.6894e-07
1312 5.22524e-07
1313 4.79743e-07
1314 4.40325e-07
1315 4.04018e-07
1316 3.70588e-07
1317 3.39816e-07
1318 3.11501e-07
1319 2.85456e-07
1320 2.61506e-07
1321 2.3949e-07
1322 2.19258e-07
1323 2.00673e-07
1324 1.83606e-07
1325 1.67938e-07
1326 1.53558e-07
1327 1.40367e-07
1328 1.28268e-07
1329 1.17176e-07
1330 1.0701e-07
1331 9.76952e-08
1332 8.91637e-08
1333 8.13521e-08
1334 7.42019e-08
1335 6.76593e-08
1336 6.16745e-08
1337 5.62018e-08
1338 5.11989e-08
1339 4.66271e-08
1340 4.24505e-08
1341 3.86361e-08
1342 3.51537e-08
1343 3.19754e-08
1344 2.90756e-08
1345 2.64307e-08
1346 2.40191e-08
1347 2.18208e-08
1348 1.98178e-08
1349 1.79931e-08
1350 1.63315e-08
1351 1.48189e-08
1352 1.34422e-08
1353 1.21898e-08
1354 1.10507e-08
1355 1.00151e-08
1356 9.07377e-09
1357 8.21844e-09
1358 7.44151e-09
1359 6.73599e-09
1360 6.09554e-09
1361 5.51433e-09
1362 4.98704e-09
1363 4.50882e-09
1364 4.07524e-09
1365 3.68225e-09
1366 3.32617e-09
1367 3.00362e-09
1368 2.71154e-09
1369 2.44714e-09
1370 2.20786e-09
1371 1.99139e-09
1372 1.7956e-09
1373 1.61858e-09
1374 1.45859e-09
1375 1.31401e-09
1376 1.18342e-09
1377 1.06549e-09
1378 9.59022e-10
1379 8.6294e-10
1380 7.76255e-10
1381 6.9807e-10
1382 6.27575e-10
1383 5.64031e-10
1384 5.06772e-10
1385 4.55191e-10
1386 4.08738e-10
1387 3.66918e-10
1388 3.29279e-10
1389 2.95414e-10
1390 2.64954e-10
1391 2.37564e-10
1392 2.12942e-10
1393 1.90816e-10
1394 1.70939e-10
1395 1.53086e-10
1396 1.37058e-10
1397 1.22672e-10
1398 1.09763e-10
1399 9.81836e-11
1400 8.77998e-11
1401 7.8491e-11
1402 7.01484e-11
1403 6.2674e-11
1404 5.59794e-11
1405 4.99851e-11
1406 4.46195e-11
1407 3.98181e-11
1408 3.55228e-11
1409 3.16815e-11
1410 2.82472e-11
1411 2.51778e-11
1412 2.24352e-11
1413 1.99855e-11
1414 1.7798e-11
1415 1.58452e-11
1416 1.41026e-11
1417 1.25478e-11
1418 1.11612e-11
1419 9.92485e-12
1420 8.82285e-12
1421 7.84089e-12
1422 6.96616e-12
1423 6.18719e-12
1424 5.49369e-12
1425 4.87649e-12
1426 4.32735e-12
1427 3.83891e-12
1428 3.4046e-12
1429 3.01853e-12
1430 2.67545e-12
1431 2.37067e-12
1432 2.09998e-12
1433 1.85966e-12
1434 1.64635e-12
1435 1.45708e-12
1436 1.28919e-12
1437 1.14031e-12
1438 1.00832e-12
1439 8.91355e-13
1440 7.87724e-13
1441 6.95937e-13
1442 6.14664e-13
1443 5.42724e-13
1444 4.79064e-13
1445 4.22747e-13
1446 3.72942e-13
1447 3.28908e-13
1448 2.89989e-13
1449 2.55601e-13
1450 2.25225e-13
1451 1.98402e-13
1452 1.74722e-13
1453 1.53824e-13
1454 1.35386e-13
1455 1.19124e-13
1456 1.04785e-13
1457 9.21457e-14
1458 8.10074e-14
1459 7.1195e-14
1460 6.25532e-14
1461 5.49446e-14
1462 4.82477e-14
1463 4.23549e-14
1464 3.71712e-14
1465 3.26126e-14
1466 2.86049e-14
1467 2.50826e-14
1468 2.19878e-14
1469 1.92694e-14
1470 1.68822e-14
1471 1.47866e-14
1472 1.29475e-14
1473 1.1334e-14
1474 9.9187e-15
1475 8.67772e-15
1476 7.58987e-15
1477 6.63653e-15
1478 5.80132e-15
1479 5.0698e-15
1480 4.42929e-15
1481 3.86862e-15
1482 3.37798e-15
1483 2.94874e-15
1484 2.57334e-15
1485 2.2451e-15
1486 1.95819e-15
1487 1.70747e-15
1488 1.48844e-15
1489 1.29715e-15
1490 1.13013e-15
1491 9.84346e-16
1492 8.5713e-16
1493 7.46151e-16
1494 6.49362e-16
1495 5.64973e-16
1496 4.91416e-16
1497 4.27319e-16
1498 3.7148e-16
1499 3.22849e-16
1500 2.80507e-16
1501 2.43652e-16
1502 2.11581e-16
1503 1.83682e-16
1504 1.59417e-16
1505 1.3832e-16
1506 1.19982e-16
1507 1.04047e-16
1508 9.02036e-17
1509 7.81806e-17
1510 6.77416e-17
1511 5.86804e-17
1512 5.08173e-17
1513 4.39958e-17
1514 3.80796e-17
1515 3.29499e-17
1516 2.85034e-17
1517 2.46502e-17
1518 2.13121e-17
1519 1.8421e-17
1520 1.59176e-17
1521 1.37507e-17
1522 1.18756e-17
1523 1.02533e-17
1524 8.8502e-18
1525 7.63701e-18
1526 6.58832e-18
1527 5.68206e-18
1528 4.89911e-18
1529 4.22289e-18
1530 3.639e-18
1531 3.13498e-18
1532 2.70002e-18
1533 2.32477e-18
1534 2.00112e-18
1535 1.72205e-18
1536 1.48149e-18
1537 1.27419e-18
1538 1.09558e-18
1539 9.41757e-19
1540 8.09304e-19
1541 6.95287e-19
1542 5.97168e-19
1543 5.12754e-19
1544 4.4015e-19
1545 3.77722e-19
1546 3.24059e-19
1547 2.77942e-19
1548 2.38323e-19
1549 2.04294e-19
1550 1.75076e-19
1551 1.49995e-19
1552 1.28471e-19
1553 1.10006e-19
1554 9.41687e-20
1555 8.05891e-20
1556 6.89487e-20
1557 5.89733e-20
1558 5.04273e-20
1559 4.31078e-20
1560 3.68406e-20
1561 3.14758e-20
1562 2.68849e-20
1563 2.29573e-20
1564 1.9598e-20
1565 1.67258e-20
1566 1.42705e-20
1567 1.21724e-20
1568 1.03799e-20
1569 8.84891e-21
1570 7.54169e-21
1571 6.42583e-21
1572 5.47358e-21
1573 4.66118e-21
1574 3.96828e-21
1575 3.37746e-21
1576 2.87383e-21
1577 2.44463e-21
1578 2.07898e-21
1579 1.76753e-21
1580 1.50234e-21
1581 1.2766e-21
1582 1.08448e-21
1583 9.21026e-22
1584 7.81999e-22
1585 6.6378e-22
1586 5.63283e-22
1587 4.77873e-22
1588 4.05306e-22
1589 3.43666e-22
1590 2.91324e-22
1591 2.46888e-22
1592 2.09174e-22
1593 1.77174e-22
1594 1.5003e-22
1595 1.27011e-22
1596 1.07496e-22
1597 9.09545e-23
1598 7.69384e-23
1599 6.50651e-23
1600 5.50096e-23
1601 4.64959e-23
1602 3.92895e-23
1603 3.31912e-23
1604 2.80322e-23
1605 2.36688e-23
1606 1.99794e-23
1607 1.68606e-23
1608 1.4225e-23
1609 1.19982e-23
1610 1.01173e-23
1611 8.52903e-24
1612 7.18823e-24
1613 6.05661e-24
1614 5.1018e-24
1615 4.29639e-24
1616 3.61718e-24
1617 3.04454e-24
1618 2.56189e-24
1619 2.15518e-24
1620 1.81256e-24
1621 1.52401e-24
1622 1.28106e-24
1623 1.07655e-24
1624 9.04457e-25
1625 7.5967e-25
1626 6.37893e-25
1627 5.35495e-25
1628 4.49416e-25
1629 3.77074e-25
1630 3.16293e-25
1631 2.65238e-25
1632 2.22366e-25
1633 1.86374e-25
1634 1.56166e-25
1635 1.30819e-25
1636 1.09557e-25
1637 9.17263e-26
1638 7.67769e-26
1639 6.42468e-26
1640 5.37473e-26
1641 4.49515e-26
1642 3.75851e-26
1643 3.14175e-26
1644 2.62548e-26
1645 2.19346e-26
1646 1.83204e-26
1647 1.52975e-26
1648 1.277e-26
1649 1.06572e-26
1650 8.89158e-27
1651 7.41646e-27
1652 6.1844e-27
1653 5.15561e-27
1654 4.2968e-27
1655 3.58008e-27
1656 2.9821e-27
1657 2.48333e-27
1658 2.06742e-27
1659 1.7207e-27
1660 1.43174e-27
1661 1.19099e-27
1662 9.90444e-28
1663 8.23448e-28
1664 6.84422e-28
1665 5.68715e-28
1666 4.72441e-28
1667 3.92359e-28
1668 3.25763e-28
1669 2.70397e-28
1670 2.24381e-28
1671 1.86145e-28
1672 1.54383e-28
1673 1.28007e-28
1674 1.06108e-28
1675 8.79318e-29
1676 7.28496e-29
1677 6.03382e-29
1678 4.99621e-29
1679 4.13593e-29
1680 3.42286e-29
1681 2.83198e-29
1682 2.34247e-29
1683 1.93706e-29
1684 1.60138e-29
1685 1.32353e-29
1686 1.09359e-29
1687 9.03364e-30
1688 7.46028e-30
1689 6.15932e-30
1690 5.08389e-30
1691 4.19512e-30
1692 3.46082e-30
1693 2.85429e-30
1694 2.35345e-30
1695 1.93998e-30
1696 1.59873e-30
1697 1.31716e-30
1698 1.0849e-30
1699 8.93365e-31
1700 7.35451e-31
1701 6.05292e-31
1702 4.98039e-31
1703 4.09684e-31
1704 3.36916e-31
1705 2.77001e-31
1706 2.27681e-31
1707 1.87095e-31
1708 1.53703e-31
1709 1.26239e-31
1710 1.03654e-31
1711 8.50887e-32
1712 6.98301e-32
1713 5.72929e-32
1714 4.69944e-32
1715 3.85371e-32
1716 3.15936e-32
1717 2.58945e-32
1718 2.12178e-32
1719 1.73813e-32
1720 1.42348e-32
1721 1.16548e-32
1722 9.54e-33
1723 7.80687e-33
1724 6.38692e-33
1725 5.22388e-33
1726 4.2715e-33
1727 3.49183e-33
1728 2.85373e-33
1729 2.33162e-33
1730 1.90453e-33
1731 1.55526e-33
1732 1.2697e-33
1733 1.0363e-33
1734 8.45584e-34
1735 6.8978e-34
1736 5.62533e-34
1737 4.58638e-34
1738 3.73831e-34
1739 3.04623e-34
1740 2.48162e-34
1741 2.0211e-34
1742 1.6456e-34
1743 1.33951e-34
1744 1.09005e-34
1745 8.86806e-35
1746 7.21261e-35
1747 5.8646e-35
1748 4.76721e-35
1749 3.87411e-35
1750 3.14746e-35
1751 2.55639e-35
1752 2.07575e-35
1753 1.68501e-35
1754 1.36745e-35
1755 1.10943e-35
1756 8.99837e-36
1757 7.2964e-36
1758 5.9147e-36
1759 4.7933e-36
1760 3.88343e-36
1761 3.14539e-36
1762 2.5469e-36
1763 2.0617e-36
1764 1.66847e-36
1765 1.34986e-36
1766 1.09179e-36
1767 8.82803e-37
1768 7.1362e-37
1769 5.76696e-37
1770 4.65913e-37
1771 3.76305e-37
1772 3.03845e-37
1773 2.45269e-37
1774 1.97929e-37
1775 1.59681e-37
1776 1.28788e-37
1777 1.03842e-37
1778 8.37046e-38
1779 6.74532e-38
1780 5.43418e-38
1781 4.37665e-38
1782 3.52394e-38
1783 2.83656e-38
1784 2.28262e-38
1785 1.83634e-38
1786 1.4769e-38
1787 1.18749e-38
1788 9.54515e-39
1789 7.67037e-39
1790 6.1621e-39
1791 4.94902e-39
1792 3.97365e-39
1793 3.18962e-39
1794 2.55958e-39
1795 2.05342e-39
1796 1.64689e-39
1797 1.32049e-39
1798 1.05848e-39
1799 8.48228e-40
1800 6.79552e-40
1801 5.4427e-40
1802 4.35799e-40
1803 3.48851e-40
1804 2.79174e-40
1805 2.23353e-40
1806 1.78644e-40
1807 1.42846e-40
1808 1.14191e-40
1809 9.12592e-41
1810 7.29128e-41
1811 5.82389e-41
1812 4.65056e-41
1813 3.71262e-41
1814 2.96305e-41
1815 2.36417e-41
1816 1.88583e-41
1817 1.50387e-41
1818 1.19895e-41
1819 9.55594e-42
1820 7.61429e-42
1821 6.06553e-42
1822 4.83049e-42
1823 3.84588e-42
1824 3.06115e-42
1825 2.43587e-42
1826 1.9378e-42
1827 1.54115e-42
1828 1.22536e-42
1829 9.74008e-43
1830 7.74007e-43
1831 6.14906e-43
1832 4.88375e-43
1833 3.87775e-43
1834 3.07813e-43
1835 2.44273e-43
1836 1.93795e-43
1837 1.53706e-43
1838 1.21876e-43
1839 9.66101e-44
1840 7.65609e-44
1841 6.06553e-44
1842 4.80406e-44
1843 3.80387e-44
1844 3.01105e-44
1845 2.3828e-44
1846 1.88509e-44
1847 1.49091e-44
1848 1.17881e-44
1849 9.31773e-45
1850 7.36291e-45
1851 5.81649e-45
1852 4.5935e-45
1853 3.62658e-45
1854 2.86234e-45
1855 2.25847e-45
1856 1.78145e-45
1857 1.40476e-45
1858 1.10739e-45
1859 8.72692e-46
1860 6.87525e-46
1861 5.41477e-46
1862 4.2632e-46
1863 3.35547e-46
1864 2.64018e-46
1865 2.07671e-46
1866 1.63296e-46
1867 1.28362e-46
1868 1.00869e-46
1869 7.92381e-47
1870 6.22254e-47
1871 4.88492e-47
1872 3.83356e-47
1873 3.00747e-47
1874 2.35859e-47
1875 1.84909e-47
1876 1.44915e-47
1877 1.13532e-47
1878 8.89149e-48
1879 6.96112e-48
1880 5.44793e-48
1881 4.26217e-48
1882 3.33331e-48
1883 2.60595e-48
1884 2.03658e-48
1885 1.59103e-48
1886 1.24251e-48
1887 9.69981e-49
1888 7.56949e-49
1889 5.90487e-49
1890 4.60462e-49
1891 3.58935e-49
1892 2.79688e-49
1893 2.17856e-49
1894 1.6963e-49
1895 1.32029e-49
1896 1.02724e-49
1897 7.98927e-50
1898 6.2112e-50
1899 4.82699e-50
1900 3.74981e-50
1901 2.91187e-50
1902 2.26029e-50
1903 1.75383e-50
1904 1.36031e-50
1905 1.05467e-50
1906 8.17381e-51
1907 6.33225e-51
1908 4.90362e-51
1909 3.79579e-51
1910 2.93705e-51
1911 2.27167e-51
1912 1.75632e-51
1913 1.35732e-51
1914 1.04854e-51
1915 8.09675e-52
1916 6.24967e-52
1917 4.82196e-52
1918 3.71887e-52
1919 2.86694e-52
1920 2.20925e-52
1921 1.70173e-52
1922 1.31025e-52
1923 1.0084e-52
1924 7.7577e-53
1925 5.96552e-53
1926 4.58543e-53
1927 3.52313e-53
1928 2.70578e-53
1929 2.07717e-53
1930 1.59392e-53
1931 1.22257e-53
1932 9.37339e-54
1933 7.18345e-54
1934 5.50279e-54
1935 4.21353e-54
1936 3.22494e-54
1937 2.46723e-54
1938 1.88673e-54
1939 1.44219e-54
1940 1.10191e-54
1941 8.41548e-55
1942 6.42428e-55
1943 4.90208e-55
1944 3.73893e-55
1945 2.85052e-55
1946 2.17225e-55
1947 1.65465e-55
1948 1.25983e-55
1949 9.588e-56
1950 7.29377e-56
1951 5.54606e-56
1952 4.21527e-56
1953 3.2024e-56
1954 2.43183e-56
1955 1.84586e-56
1956 1.40047e-56
1957 1.06207e-56
1958 8.0509e-57
1959 6.10015e-57
1960 4.62003e-57
1961 3.49748e-57
1962 2.64651e-57
1963 2.0017e-57
1964 1.51332e-57
1965 1.14358e-57
1966 8.63797e-58
1967 6.52173e-58
1968 4.92175e-58
1969 3.71264e-58
1970 2.79932e-58
1971 2.10973e-58
1972 1.58931e-58
1973 1.19673e-58
1974 9.00718e-59
1975 6.77622e-59
1976 5.09555e-59
1977 3.83002e-59
1978 2.8775e-59
1979 2.16091e-59
1980 1.62204e-59
1981 1.21701e-59
1982 9.12705e-60
1983 6.84183e-60
1984 5.12648e-60
1985 3.83947e-60
1986 2.87428e-60
1987 2.15076e-60
1988 1.60864e-60
1989 1.20263e-60
1990 8.98688e-61
1991 6.71261e-61
1992 5.01164e-61
1993 3.74001e-61
1994 2.78978e-61
1995 2.08004e-61
1996 1.55017e-61
1997 1.15476e-61
1998 8.59827e-62
1999 6.39932e-62
2000 4.7606e-62
2001 3.53993e-62
2002 2.63107e-62
2003 1.95468e-62
2004 1.45152e-62
2005 1.0774e-62
2006 7.99345e-63
2007 5.92786e-63
2008 4.39406e-63
2009 3.25567e-63
2010 2.41113e-63
2011 1.78486e-63
2012 1.32068e-63
2013 9.76772e-64
2014 7.22098e-64
2015 5.33589e-64
2016 3.94116e-64
2017 2.90971e-64
2018 2.14726e-64
2019 1.58391e-64
2020 1.16785e-64
2021 8.60721e-65
2022 6.34097e-65
2023 4.66953e-65
2024 3.43733e-65
2025 2.52936e-65
2026 1.86061e-65
2027 1.36827e-65
2028 1.00597e-65
2029 7.39482e-66
2030 5.43561e-66
2031 3.99585e-66
2032 2.93831e-66
2033 2.16189e-66
2034 1.59211e-66
2035 1.1742e-66
2036 8.67831e-67
2037 6.43359e-67
2038 4.79e-67
2039 3.58754e-67
2040 2.70879e-67
2041 2.06771e-67
2042 1.6013e-67
2043 1.26364e-67
2044 1.02135e-67
2045 8.50432e-68
2046 7.3392e-68
2047 6.60212e-68
