0 9.15702e-26
1 8.3698e-26
2 7.69532e-26
3 7.12095e-26
4 6.63633e-26
5 6.23126e-26
6 5.89815e-26
7 5.63081e-26
8 5.42388e-26
9 5.27347e-26
10 5.17657e-26
11 5.13075e-26
12 5.13526e-26
13 5.19026e-26
14 5.29581e-26
15 5.45414e-26
16 5.66824e-26
17 5.94058e-26
18 6.27665e-26
19 6.68243e-26
20 7.16433e-26
21 7.73104e-26
22 8.39143e-26
23 9.15791e-26
24 1.00434e-25
25 1.10621e-25
26 1.22318e-25
27 1.35719e-25
28 1.51052e-25
29 1.68574e-25
30 1.88579e-25
31 2.11396e-25
32 2.37405e-25
33 2.6703e-25
34 3.00763e-25
35 3.39156e-25
36 3.82824e-25
37 4.32488e-25
38 4.88951e-25
39 5.53111e-25
40 6.26018e-25
41 7.08846e-25
42 8.02869e-25
43 9.09607e-25
44 1.03078e-24
45 1.16826e-24
46 1.32422e-24
47 1.50112e-24
48 1.70171e-24
49 1.9291e-24
50 2.18684e-24
51 2.47891e-24
52 2.80973e-24
53 3.18454e-24
54 3.60896e-24
55 4.08947e-24
56 4.6334e-24
57 5.24899e-24
58 5.94554e-24
59 6.73339e-24
60 7.62457e-24
61 8.63224e-24
62 9.77142e-24
63 1.10591e-23
64 1.25143e-23
65 1.41584e-23
66 1.60156e-23
67 1.81131e-23
68 2.04814e-23
69 2.31551e-23
70 2.61727e-23
71 2.9578e-23
72 3.34197e-23
73 3.77532e-23
74 4.26405e-23
75 4.81508e-23
76 5.43625e-23
77 6.13637e-23
78 6.92524e-23
79 7.81399e-23
80 8.81501e-23
81 9.94236e-23
82 1.12116e-22
83 1.26403e-22
84 1.42483e-22
85 1.60576e-22
86 1.8093e-22
87 2.03822e-22
88 2.29566e-22
89 2.58509e-22
90 2.91042e-22
91 3.27604e-22
92 3.68685e-22
93 4.14833e-22
94 4.66663e-22
95 5.24865e-22
96 5.90205e-22
97 6.63547e-22
98 7.45855e-22
99 8.38199e-22
100 9.41791e-22
101 1.05797e-21
102 1.18825e-21
103 1.3343e-21
104 1.498e-21
105 1.68144e-21
106 1.88698e-21
107 2.11721e-21
108 2.37506e-21
109 2.66379e-21
110 2.98701e-21
111 3.34879e-21
112 3.75363e-21
113 4.20658e-21
114 4.71324e-21
115 5.27988e-21
116 5.91346e-21
117 6.62175e-21
118 7.4134e-21
119 8.29804e-21
120 9.28639e-21
121 1.03904e-20
122 1.16233e-20
123 1.3e-20
124 1.45368e-20
125 1.6252e-20
126 1.81659e-20
127 2.03013e-20
128 2.26831e-20
129 2.53392e-20
130 2.83008e-20
131 3.16022e-20
132 3.52816e-20
133 3.93815e-20
134 4.39492e-20
135 4.90367e-20
136 5.47023e-20
137 6.10102e-20
138 6.80319e-20
139 7.58466e-20
140 8.4542e-20
141 9.42155e-20
142 1.04975e-19
143 1.16939e-19
144 1.30242e-19
145 1.45028e-19
146 1.61461e-19
147 1.79721e-19
148 2.00005e-19
149 2.22534e-19
150 2.47552e-19
151 2.75327e-19
152 3.06159e-19
153 3.40375e-19
154 3.7834e-19
155 4.20456e-19
156 4.67168e-19
157 5.18967e-19
158 5.76396e-19
159 6.40053e-19
160 7.10601e-19
161 7.88768e-19
162 8.75362e-19
163 9.71271e-19
164 1.07748e-18
165 1.19506e-18
166 1.32521e-18
167 1.46925e-18
168 1.62863e-18
169 1.80494e-18
170 1.99995e-18
171 2.21558e-18
172 2.45399e-18
173 2.71751e-18
174 3.00874e-18
175 3.33053e-18
176 3.686e-18
177 4.07861e-18
178 4.51216e-18
179 4.9908e-18
180 5.51913e-18
181 6.10218e-18
182 6.7455e-18
183 7.45516e-18
184 8.23786e-18
185 9.10093e-18
186 1.00524e-17
187 1.11012e-17
188 1.2257e-17
189 1.35305e-17
190 1.49332e-17
191 1.64782e-17
192 1.81794e-17
193 2.00523e-17
194 2.21137e-17
195 2.43822e-17
196 2.68781e-17
197 2.96237e-17
198 3.26433e-17
199 3.59635e-17
200 3.96137e-17
201 4.36257e-17
202 4.80347e-17
203 5.28788e-17
204 5.82e-17
205 6.40441e-17
206 7.04613e-17
207 7.75062e-17
208 8.52389e-17
209 9.37248e-17
210 1.03035e-16
211 1.13249e-16
212 1.24451e-16
213 1.36734e-16
214 1.502e-16
215 1.64961e-16
216 1.81137e-16
217 1.98861e-16
218 2.18277e-16
219 2.39543e-16
220 2.62829e-16
221 2.88323e-16
222 3.1623e-16
223 3.4677e-16
224 3.80187e-16
225 4.16743e-16
226 4.56726e-16
227 5.00448e-16
228 5.4825e-16
229 6.00501e-16
230 6.57604e-16
231 7.19999e-16
232 7.8816e-16
233 8.62607e-16
234 9.43902e-16
235 1.03266e-15
236 1.12954e-15
237 1.23527e-15
238 1.35063e-15
239 1.47648e-15
240 1.61374e-15
241 1.76341e-15
242 1.92659e-15
243 2.10446e-15
244 2.2983e-15
245 2.5095e-15
246 2.73957e-15
247 2.99015e-15
248 3.26301e-15
249 3.56007e-15
250 3.88341e-15
251 4.2353e-15
252 4.61816e-15
253 5.03466e-15
254 5.48765e-15
255 5.98023e-15
256 6.51576e-15
257 7.09787e-15
258 7.73048e-15
259 8.41785e-15
260 9.16457e-15
261 9.97561e-15
262 1.08563e-14
263 1.18125e-14
264 1.28505e-14
265 1.3977e-14
266 1.51994e-14
267 1.65255e-14
268 1.79639e-14
269 1.95238e-14
270 2.12151e-14
271 2.30485e-14
272 2.50357e-14
273 2.71891e-14
274 2.95221e-14
275 3.20493e-14
276 3.47862e-14
277 3.77497e-14
278 4.0958e-14
279 4.44306e-14
280 4.81885e-14
281 5.22544e-14
282 5.66526e-14
283 6.14094e-14
284 6.6553e-14
285 7.21138e-14
286 7.81243e-14
287 8.46198e-14
288 9.16378e-14
289 9.92189e-14
290 1.07407e-13
291 1.16248e-13
292 1.25793e-13
293 1.36095e-13
294 1.47213e-13
295 1.59208e-13
296 1.72148e-13
297 1.86103e-13
298 2.01151e-13
299 2.17373e-13
300 2.34858e-13
301 2.53699e-13
302 2.74e-13
303 2.95867e-13
304 3.19418e-13
305 3.44776e-13
306 3.72075e-13
307 4.01457e-13
308 4.33076e-13
309 4.67096e-13
310 5.0369e-13
311 5.43046e-13
312 5.85365e-13
313 6.30861e-13
314 6.79762e-13
315 7.32315e-13
316 7.8878e-13
317 8.49437e-13
318 9.14587e-13
319 9.84547e-13
320 1.05966e-12
321 1.14029e-12
322 1.22682e-12
323 1.31968e-12
324 1.4193e-12
325 1.52616e-12
326 1.64076e-12
327 1.76364e-12
328 1.89538e-12
329 2.03659e-12
330 2.18791e-12
331 2.35005e-12
332 2.52374e-12
333 2.70978e-12
334 2.909e-12
335 3.1223e-12
336 3.35063e-12
337 3.59501e-12
338 3.8565e-12
339 4.13626e-12
340 4.43551e-12
341 4.75553e-12
342 5.09771e-12
343 5.4635e-12
344 5.85446e-12
345 6.27224e-12
346 6.71859e-12
347 7.19535e-12
348 7.70452e-12
349 8.24816e-12
350 8.82851e-12
351 9.4479e-12
352 1.01088e-11
353 1.0814e-11
354 1.15661e-11
355 1.23681e-11
356 1.32232e-11
357 1.41348e-11
358 1.51062e-11
359 1.61413e-11
360 1.7244e-11
361 1.84185e-11
362 1.96691e-11
363 2.10006e-11
364 2.24179e-11
365 2.39261e-11
366 2.5531e-11
367 2.72381e-11
368 2.90539e-11
369 3.09847e-11
370 3.30374e-11
371 3.52194e-11
372 3.75383e-11
373 4.00024e-11
374 4.262e-11
375 4.54005e-11
376 4.83532e-11
377 5.14883e-11
378 5.48166e-11
379 5.83492e-11
380 6.20981e-11
381 6.60759e-11
382 7.02956e-11
383 7.47714e-11
384 7.95179e-11
385 8.45506e-11
386 8.9886e-11
387 9.55412e-11
388 1.01534e-10
389 1.07885e-10
390 1.14612e-10
391 1.21738e-10
392 1.29285e-10
393 1.37276e-10
394 1.45736e-10
395 1.54691e-10
396 1.64167e-10
397 1.74195e-10
398 1.84803e-10
399 1.96024e-10
400 2.07891e-10
401 2.20438e-10
402 2.33701e-10
403 2.4772e-10
404 2.62533e-10
405 2.78184e-10
406 2.94716e-10
407 3.12175e-10
408 3.3061e-10
409 3.5007e-10
410 3.70608e-10
411 3.9228e-10
412 4.15143e-10
413 4.39257e-10
414 4.64685e-10
415 4.91493e-10
416 5.1975e-10
417 5.49526e-10
418 5.80897e-10
419 6.13941e-10
420 6.48739e-10
421 6.85376e-10
422 7.2394e-10
423 7.64524e-10
424 8.07223e-10
425 8.5214e-10
426 8.99377e-10
427 9.49044e-10
428 1.00126e-09
429 1.05613e-09
430 1.11379e-09
431 1.17437e-09
432 1.238e-09
433 1.30482e-09
434 1.37497e-09
435 1.44862e-09
436 1.52591e-09
437 1.60703e-09
438 1.69213e-09
439 1.7814e-09
440 1.87503e-09
441 1.97321e-09
442 2.07615e-09
443 2.18407e-09
444 2.29719e-09
445 2.41573e-09
446 2.53995e-09
447 2.6701e-09
448 2.80643e-09
449 2.94923e-09
450 3.09878e-09
451 3.25538e-09
452 3.41934e-09
453 3.59098e-09
454 3.77063e-09
455 3.95866e-09
456 4.15542e-09
457 4.36128e-09
458 4.57664e-09
459 4.80191e-09
460 5.03751e-09
461 5.28388e-09
462 5.54146e-09
463 5.81073e-09
464 6.09217e-09
465 6.38628e-09
466 6.69359e-09
467 7.01461e-09
468 7.34992e-09
469 7.70006e-09
470 8.06564e-09
471 8.44724e-09
472 8.8455e-09
473 9.26103e-09
474 9.69451e-09
475 1.01466e-08
476 1.0618e-08
477 1.11093e-08
478 1.16214e-08
479 1.2155e-08
480 1.27107e-08
481 1.32894e-08
482 1.38919e-08
483 1.4519e-08
484 1.51714e-08
485 1.58501e-08
486 1.65558e-08
487 1.72895e-08
488 1.8052e-08
489 1.88442e-08
490 1.96672e-08
491 2.05217e-08
492 2.14088e-08
493 2.23295e-08
494 2.32847e-08
495 2.42755e-08
496 2.53029e-08
497 2.63681e-08
498 2.74721e-08
499 2.8616e-08
500 2.9801e-08
501 3.10284e-08
502 3.22993e-08
503 3.36149e-08
504 3.49767e-08
505 3.6386e-08
506 3.78441e-08
507 3.93525e-08
508 4.09127e-08
509 4.25262e-08
510 4.41946e-08
511 4.59196e-08
512 4.7703e-08
513 4.95465e-08
514 5.1452e-08
515 5.34214e-08
516 5.54568e-08
517 5.75602e-08
518 5.97338e-08
519 6.19799e-08
520 6.43009e-08
521 6.66992e-08
522 6.91773e-08
523 7.17378e-08
524 7.43835e-08
525 7.71172e-08
526 7.99417e-08
527 8.28602e-08
528 8.58755e-08
529 8.8991e-08
530 9.22099e-08
531 9.55355e-08
532 9.89713e-08
533 1.02521e-07
534 1.06187e-07
535 1.09974e-07
536 1.13886e-07
537 1.17926e-07
538 1.22098e-07
539 1.26405e-07
540 1.30852e-07
541 1.35442e-07
542 1.40178e-07
543 1.45065e-07
544 1.50107e-07
545 1.55306e-07
546 1.60667e-07
547 1.66192e-07
548 1.71886e-07
549 1.77751e-07
550 1.8379e-07
551 1.90007e-07
552 1.96404e-07
553 2.02983e-07
554 2.09748e-07
555 2.167e-07
556 2.23842e-07
557 2.31174e-07
558 2.38699e-07
559 2.46418e-07
560 2.54331e-07
561 2.6244e-07
562 2.70744e-07
563 2.79244e-07
564 2.87941e-07
565 2.96832e-07
566 3.05919e-07
567 3.15199e-07
568 3.24673e-07
569 3.34338e-07
570 3.44192e-07
571 3.54236e-07
572 3.64465e-07
573 3.74879e-07
574 3.85475e-07
575 3.96251e-07
576 4.07205e-07
577 4.18334e-07
578 4.29637e-07
579 4.41112e-07
580 4.52756e-07
581 4.64568e-07
582 4.76546e-07
583 4.8869e-07
584 5.00999e-07
585 5.13471e-07
586 5.26108e-07
587 5.3891e-07
588 5.51878e-07
589 5.65015e-07
590 5.78322e-07
591 5.91804e-07
592 6.05464e-07
593 6.19308e-07
594 6.33341e-07
595 6.47571e-07
596 6.62005e-07
597 6.76652e-07
598 6.91523e-07
599 7.06628e-07
600 7.2198e-07
601 7.37592e-07
602 7.53478e-07
603 7.69653e-07
604 7.86135e-07
605 8.0294e-07
606 8.20087e-07
607 8.37596e-07
608 8.55487e-07
609 8.7378e-07
610 8.92498e-07
611 9.11664e-07
612 9.313e-07
613 9.51429e-07
614 9.72077e-07
615 9.93265e-07
616 1.01502e-06
617 1.03736e-06
618 1.06032e-06
619 1.08391e-06
620 1.10816e-06
621 1.13309e-06
622 1.15872e-06
623 1.18507e-06
624 1.21215e-06
625 1.23999e-06
626 1.26859e-06
627 1.29798e-06
628 1.32815e-06
629 1.35912e-06
630 1.39089e-06
631 1.42347e-06
632 1.45684e-06
633 1.49101e-06
634 1.52597e-06
635 1.5617e-06
636 1.59819e-06
637 1.63543e-06
638 1.67337e-06
639 1.712e-06
640 1.75129e-06
641 1.79119e-06
642 1.83167e-06
643 1.87268e-06
644 1.91416e-06
645 1.95607e-06
646 1.99834e-06
647 2.0409e-06
648 2.0837e-06
649 2.12665e-06
650 2.16968e-06
651 2.21272e-06
652 2.25567e-06
653 2.29844e-06
654 2.34096e-06
655 2.38311e-06
656 2.42482e-06
657 2.46598e-06
658 2.50648e-06
659 2.54624e-06
660 2.58514e-06
661 2.62309e-06
662 2.65999e-06
663 2.69573e-06
664 2.73021e-06
665 2.76334e-06
666 2.79502e-06
667 2.82516e-06
668 2.85366e-06
669 2.88046e-06
670 2.90546e-06
671 2.92859e-06
672 2.94978e-06
673 2.96897e-06
674 2.98612e-06
675 3.00116e-06
676 3.01407e-06
677 3.02481e-06
678 3.03336e-06
679 3.03972e-06
680 3.04389e-06
681 3.04588e-06
682 3.04571e-06
683 3.04342e-06
684 3.03905e-06
685 3.03268e-06
686 3.02436e-06
687 3.01418e-06
688 3.00224e-06
689 2.98866e-06
690 2.97356e-06
691 2.95708e-06
692 2.93936e-06
693 2.92056e-06
694 2.90088e-06
695 2.88049e-06
696 2.85958e-06
697 2.83839e-06
698 2.81712e-06
699 2.796e-06
700 2.77529e-06
701 2.75523e-06
702 2.73609e-06
703 2.71812e-06
704 2.7016e-06
705 2.68682e-06
706 2.67406e-06
707 2.6636e-06
708 2.65573e-06
709 2.65076e-06
710 2.64896e-06
711 2.65064e-06
712 2.65608e-06
713 2.66557e-06
714 2.67939e-06
715 2.69782e-06
716 2.72113e-06
717 2.74957e-06
718 2.78339e-06
719 2.82284e-06
720 2.86815e-06
721 2.91952e-06
722 2.97716e-06
723 3.04124e-06
724 3.11194e-06
725 3.1894e-06
726 3.27374e-06
727 3.36508e-06
728 3.46349e-06
729 3.56904e-06
730 3.68177e-06
731 3.8017e-06
732 3.92881e-06
733 4.06307e-06
734 4.20442e-06
735 4.35277e-06
736 4.508e-06
737 4.66998e-06
738 4.83853e-06
739 5.01346e-06
740 5.19454e-06
741 5.38153e-06
742 5.57415e-06
743 5.77209e-06
744 5.97503e-06
745 6.18261e-06
746 6.39445e-06
747 6.61016e-06
748 6.8293e-06
749 7.05143e-06
750 7.27608e-06
751 7.50276e-06
752 7.73097e-06
753 7.9602e-06
754 8.18989e-06
755 8.41951e-06
756 8.6485e-06
757 8.87627e-06
758 9.10226e-06
759 9.32588e-06
760 9.54654e-06
761 9.76365e-06
762 9.97661e-06
763 1.01848e-05
764 1.03878e-05
765 1.05848e-05
766 1.07754e-05
767 1.09589e-05
768 1.11349e-05
769 1.13029e-05
770 1.14622e-05
771 1.16124e-05
772 1.17531e-05
773 1.18837e-05
774 1.2004e-05
775 1.21134e-05
776 1.22117e-05
777 1.22985e-05
778 1.23736e-05
779 1.24366e-05
780 1.24874e-05
781 1.25257e-05
782 1.25515e-05
783 1.25647e-05
784 1.25652e-05
785 1.25531e-05
786 1.25283e-05
787 1.2491e-05
788 1.24413e-05
789 1.23794e-05
790 1.23056e-05
791 1.22202e-05
792 1.21235e-05
793 1.2016e-05
794 1.1898e-05
795 1.17702e-05
796 1.1633e-05
797 1.14872e-05
798 1.13333e-05
799 1.11721e-05
800 1.10044e-05
801 1.0831e-05
802 1.06528e-05
803 1.04708e-05
804 1.02858e-05
805 1.0099e-05
806 9.91138e-06
807 9.72412e-06
808 9.53836e-06
809 9.35533e-06
810 9.17627e-06
811 9.00248e-06
812 8.83529e-06
813 8.67608e-06
814 8.52623e-06
815 8.38721e-06
816 8.26047e-06
817 8.14751e-06
818 8.04987e-06
819 7.96908e-06
820 7.90674e-06
821 7.86444e-06
822 7.8438e-06
823 7.84645e-06
824 7.87404e-06
825 7.92824e-06
826 8.01072e-06
827 8.12317e-06
828 8.26728e-06
829 8.44476e-06
830 8.6573e-06
831 8.9066e-06
832 9.19438e-06
833 9.52234e-06
834 9.89217e-06
835 1.03056e-05
836 1.07642e-05
837 1.12699e-05
838 1.18241e-05
839 1.24286e-05
840 1.3085e-05
841 1.3795e-05
842 1.45602e-05
843 1.53822e-05
844 1.62627e-05
845 1.7203e-05
846 1.8205e-05
847 1.927e-05
848 2.03996e-05
849 2.15954e-05
850 2.28588e-05
851 2.41913e-05
852 2.55944e-05
853 2.70695e-05
854 2.8618e-05
855 3.02414e-05
856 3.1941e-05
857 3.37183e-05
858 3.55745e-05
859 3.7511e-05
860 3.95292e-05
861 4.16305e-05
862 4.3816e-05
863 4.60872e-05
864 4.84452e-05
865 5.08915e-05
866 5.34273e-05
867 5.60539e-05
868 5.87725e-05
869 6.15845e-05
870 6.44911e-05
871 6.74937e-05
872 7.05934e-05
873 7.37917e-05
874 7.70897e-05
875 8.0489e-05
876 8.39907e-05
877 8.75962e-05
878 9.13069e-05
879 9.51242e-05
880 9.90496e-05
881 0.000103084
882 0.00010723
883 0.000111488
884 0.00011586
885 0.000120347
886 0.000124952
887 0.000129675
888 0.000134518
889 0.000139484
890 0.000144573
891 0.000149788
892 0.000155131
893 0.000160603
894 0.000166206
895 0.000171943
896 0.000177815
897 0.000183824
898 0.000189974
899 0.000196265
900 0.000202701
901 0.000209283
902 0.000216015
903 0.000222898
904 0.000229935
905 0.00023713
906 0.000244484
907 0.000252
908 0.000259682
909 0.000267532
910 0.000275554
911 0.00028375
912 0.000292123
913 0.000300678
914 0.000309417
915 0.000318344
916 0.000327462
917 0.000336776
918 0.000346287
919 0.000356002
920 0.000365922
921 0.000376053
922 0.000386398
923 0.000396961
924 0.000407748
925 0.000418761
926 0.000430005
927 0.000441485
928 0.000453205
929 0.000465171
930 0.000477386
931 0.000489855
932 0.000502584
933 0.000515577
934 0.000528839
935 0.000542376
936 0.000556192
937 0.000570293
938 0.000584684
939 0.000599371
940 0.000614359
941 0.000629654
942 0.000645261
943 0.000661186
944 0.000677434
945 0.000694012
946 0.000710926
947 0.000728181
948 0.000745783
949 0.000763738
950 0.000782054
951 0.000800734
952 0.000819787
953 0.000839218
954 0.000859034
955 0.00087924
956 0.000899843
957 0.000920851
958 0.000942268
959 0.000964102
960 0.000986359
961 0.00100905
962 0.00103217
963 0.00105574
964 0.00107975
965 0.00110422
966 0.00112916
967 0.00115456
968 0.00118044
969 0.00120681
970 0.00123366
971 0.00126101
972 0.00128886
973 0.00131722
974 0.0013461
975 0.0013755
976 0.00140543
977 0.0014359
978 0.00146691
979 0.00149847
980 0.00153058
981 0.00156326
982 0.0015965
983 0.00163032
984 0.00166473
985 0.00169972
986 0.0017353
987 0.00177148
988 0.00180827
989 0.00184568
990 0.0018837
991 0.00192234
992 0.00196162
993 0.00200153
994 0.00204208
995 0.00208328
996 0.00212513
997 0.00216764
998 0.00221082
999 0.00225466
1000 0.00229918
1001 0.00234437
1002 0.00239025
1003 0.00243681
1004 0.00248407
1005 0.00253203
1006 0.00258068
1007 0.00263005
1008 0.00268012
1009 0.0027309
1010 0.00278241
1011 0.00283463
1012 0.00288758
1013 0.00294125
1014 0.00299566
1015 0.0030508
1016 0.00310667
1017 0.00316329
1018 0.00322064
1019 0.00327874
1020 0.00333758
1021 0.00339717
1022 0.00345751
1023 0.0035186
1024 0.00358044
1025 0.00364303
1026 0.00370637
1027 0.00377047
1028 0.00383532
1029 0.00390092
1030 0.00396727
1031 0.00403438
1032 0.00410224
1033 0.00417085
1034 0.00424021
1035 0.00431032
1036 0.00438117
1037 0.00445277
1038 0.00452511
1039 0.00459819
1040 0.004672
1041 0.00474655
1042 0.00482183
1043 0.00489784
1044 0.00497457
1045 0.00505201
1046 0.00513017
1047 0.00520904
1048 0.00528861
1049 0.00536888
1050 0.00544984
1051 0.00553149
1052 0.00561382
1053 0.00569682
1054 0.00578049
1055 0.00586482
1056 0.0059498
1057 0.00603542
1058 0.00612168
1059 0.00620856
1060 0.00629606
1061 0.00638417
1062 0.00647288
1063 0.00656218
1064 0.00665205
1065 0.0067425
1066 0.0068335
1067 0.00692504
1068 0.00701713
1069 0.00710973
1070 0.00720284
1071 0.00729645
1072 0.00739055
1073 0.00748512
1074 0.00758015
1075 0.00767562
1076 0.00777152
1077 0.00786784
1078 0.00796456
1079 0.00806166
1080 0.00815914
1081 0.00825696
1082 0.00835513
1083 0.00845362
1084 0.00855242
1085 0.0086515
1086 0.00875086
1087 0.00885047
1088 0.00895031
1089 0.00905037
1090 0.00915063
1091 0.00925108
1092 0.00935168
1093 0.00945242
1094 0.00955329
1095 0.00965426
1096 0.00975531
1097 0.00985643
1098 0.00995758
1099 0.0100588
1100 0.0101599
1101 0.0102611
1102 0.0103622
1103 0.0104632
1104 0.0105642
1105 0.0106651
1106 0.0107658
1107 0.0108663
1108 0.0109667
1109 0.0110669
1110 0.0111669
1111 0.0112666
1112 0.011366
1113 0.0114652
1114 0.011564
1115 0.0116625
1116 0.0117606
1117 0.0118584
1118 0.0119557
1119 0.0120526
1120 0.012149
1121 0.012245
1122 0.0123404
1123 0.0124353
1124 0.0125296
1125 0.0126234
1126 0.0127165
1127 0.012809
1128 0.0129008
1129 0.012992
1130 0.0130824
1131 0.0131722
1132 0.0132611
1133 0.0133493
1134 0.0134367
1135 0.0135232
1136 0.0136089
1137 0.0136937
1138 0.0137776
1139 0.0138605
1140 0.0139425
1141 0.0140236
1142 0.0141036
1143 0.0141826
1144 0.0142606
1145 0.0143375
1146 0.0144132
1147 0.0144879
1148 0.0145614
1149 0.0146338
1150 0.014705
1151 0.014775
1152 0.0148437
1153 0.0149112
1154 0.0149774
1155 0.0150424
1156 0.015106
1157 0.0151683
1158 0.0152292
1159 0.0152887
1160 0.0153469
1161 0.0154036
1162 0.015459
1163 0.0155128
1164 0.0155652
1165 0.0156161
1166 0.0156655
1167 0.0157134
1168 0.0157597
1169 0.0158045
1170 0.0158477
1171 0.0158894
1172 0.0159294
1173 0.0159678
1174 0.0160046
1175 0.0160398
1176 0.0160733
1177 0.0161051
1178 0.0161353
1179 0.0161638
1180 0.0161905
1181 0.0162156
1182 0.0162389
1183 0.0162605
1184 0.0162804
1185 0.0162985
1186 0.0163148
1187 0.0163294
1188 0.0163423
1189 0.0163533
1190 0.0163626
1191 0.0163701
1192 0.0163758
1193 0.0163797
1194 0.0163818
1195 0.016382
1196 0.0163805
1197 0.0163772
1198 0.0163721
1199 0.0163652
1200 0.0163565
1201 0.0163459
1202 0.0163336
1203 0.0163194
1204 0.0163035
1205 0.0162858
1206 0.0162662
1207 0.0162449
1208 0.0162218
1209 0.0161969
1210 0.0161703
1211 0.0161419
1212 0.0161117
1213 0.0160798
1214 0.0160461
1215 0.0160107
1216 0.0159736
1217 0.0159348
1218 0.0158942
1219 0.015852
1220 0.0158081
1221 0.0157626
1222 0.0157153
1223 0.0156665
1224 0.015616
1225 0.0155639
1226 0.0155102
1227 0.015455
1228 0.0153982
1229 0.0153398
1230 0.0152799
1231 0.0152185
1232 0.0151556
1233 0.0150912
1234 0.0150254
1235 0.0149581
1236 0.0148894
1237 0.0148193
1238 0.0147479
1239 0.0146751
1240 0.0146009
1241 0.0145255
1242 0.0144488
1243 0.0143708
1244 0.0142915
1245 0.0142111
1246 0.0141294
1247 0.0140466
1248 0.0139627
1249 0.0138776
1250 0.0137914
1251 0.0137041
1252 0.0136158
1253 0.0135265
1254 0.0134362
1255 0.013345
1256 0.0132528
1257 0.0131596
1258 0.0130656
1259 0.0129708
1260 0.0128751
1261 0.0127786
1262 0.0126813
1263 0.0125832
1264 0.0124845
1265 0.012385
1266 0.0122849
1267 0.0121842
1268 0.0120828
1269 0.0119808
1270 0.0118783
1271 0.0117753
1272 0.0116718
1273 0.0115677
1274 0.0114633
1275 0.0113584
1276 0.0112532
1277 0.0111475
1278 0.0110416
1279 0.0109353
1280 0.0108288
1281 0.010722
1282 0.0106149
1283 0.0105077
1284 0.0104003
1285 0.0102928
1286 0.0101851
1287 0.0100773
1288 0.0099695
1289 0.00986162
1290 0.00975373
1291 0.00964585
1292 0.009538
1293 0.00943021
1294 0.0093225
1295 0.00921489
1296 0.00910741
1297 0.00900009
1298 0.00889294
1299 0.00878599
1300 0.00867926
1301 0.00857277
1302 0.00846655
1303 0.00836062
1304 0.00825499
1305 0.00814969
1306 0.00804474
1307 0.00794017
1308 0.00783598
1309 0.0077322
1310 0.00762884
1311 0.00752593
1312 0.00742349
1313 0.00732153
1314 0.00722007
1315 0.00711913
1316 0.00701872
1317 0.00691886
1318 0.00681956
1319 0.00672085
1320 0.00662273
1321 0.00652523
1322 0.00642835
1323 0.00633211
1324 0.00623652
1325 0.0061416
1326 0.00604735
1327 0.0059538
1328 0.00586095
1329 0.00576881
1330 0.0056774
1331 0.00558672
1332 0.00549679
1333 0.00540762
1334 0.00531921
1335 0.00523158
1336 0.00514472
1337 0.00505866
1338 0.0049734
1339 0.00488894
1340 0.0048053
1341 0.00472247
1342 0.00464048
1343 0.00455931
1344 0.00447898
1345 0.0043995
1346 0.00432086
1347 0.00424307
1348 0.00416614
1349 0.00409007
1350 0.00401486
1351 0.00394052
1352 0.00386704
1353 0.00379444
1354 0.00372271
1355 0.00365185
1356 0.00358187
1357 0.00351276
1358 0.00344453
1359 0.00337718
1360 0.00331071
1361 0.00324511
1362 0.00318039
1363 0.00311654
1364 0.00305357
1365 0.00299147
1366 0.00293025
1367 0.00286989
1368 0.00281039
1369 0.00275176
1370 0.002694
1371 0.00263709
1372 0.00258103
1373 0.00252583
1374 0.00247147
1375 0.00241795
1376 0.00236528
1377 0.00231344
1378 0.00226242
1379 0.00221224
1380 0.00216287
1381 0.00211432
1382 0.00206657
1383 0.00201963
1384 0.00197348
1385 0.00192813
1386 0.00188356
1387 0.00183977
1388 0.00179675
1389 0.0017545
1390 0.00171301
1391 0.00167227
1392 0.00163227
1393 0.00159301
1394 0.00155448
1395 0.00151667
1396 0.00147958
1397 0.0014432
1398 0.00140752
1399 0.00137253
1400 0.00133822
1401 0.00130459
1402 0.00127163
1403 0.00123933
1404 0.00120769
1405 0.00117669
1406 0.00114632
1407 0.00111658
1408 0.00108746
1409 0.00105896
1410 0.00103106
1411 0.00100375
1412 0.000977026
1413 0.000950883
1414 0.000925309
1415 0.000900297
1416 0.000875838
1417 0.000851923
1418 0.000828545
1419 0.000805695
1420 0.000783364
1421 0.000761545
1422 0.000740229
1423 0.000719407
1424 0.000699072
1425 0.000679215
1426 0.000659829
1427 0.000640905
1428 0.000622435
1429 0.000604411
1430 0.000586825
1431 0.000569669
1432 0.000552936
1433 0.000536617
1434 0.000520705
1435 0.000505193
1436 0.000490072
1437 0.000475335
1438 0.000460975
1439 0.000446985
1440 0.000433356
1441 0.000420082
1442 0.000407155
1443 0.00039457
1444 0.000382317
1445 0.000370391
1446 0.000358785
1447 0.000347492
1448 0.000336506
1449 0.000325819
1450 0.000315425
1451 0.000305318
1452 0.000295492
1453 0.00028594
1454 0.000276656
1455 0.000267634
1456 0.000258868
1457 0.000250352
1458 0.000242081
1459 0.000234048
1460 0.000226249
1461 0.000218677
1462 0.000211327
1463 0.000204193
1464 0.000197272
1465 0.000190556
1466 0.000184042
1467 0.000177724
1468 0.000171597
1469 0.000165657
1470 0.000159898
1471 0.000154316
1472 0.000148907
1473 0.000143666
1474 0.000138589
1475 0.000133671
1476 0.000128908
1477 0.000124297
1478 0.000119832
1479 0.00011551
1480 0.000111327
1481 0.00010728
1482 0.000103364
1483 9.95756e-05
1484 9.59118e-05
1485 9.23688e-05
1486 8.89432e-05
1487 8.56317e-05
1488 8.24309e-05
1489 7.93378e-05
1490 7.6349e-05
1491 7.34617e-05
1492 7.06728e-05
1493 6.79794e-05
1494 6.53787e-05
1495 6.28679e-05
1496 6.04443e-05
1497 5.81052e-05
1498 5.5848e-05
1499 5.36704e-05
1500 5.15697e-05
1501 4.95436e-05
1502 4.75899e-05
1503 4.57061e-05
1504 4.38902e-05
1505 4.21399e-05
1506 4.04531e-05
1507 3.88279e-05
1508 3.72623e-05
1509 3.57542e-05
1510 3.43018e-05
1511 3.29034e-05
1512 3.15571e-05
1513 3.02611e-05
1514 2.90139e-05
1515 2.78137e-05
1516 2.66591e-05
1517 2.55484e-05
1518 2.44801e-05
1519 2.34529e-05
1520 2.24652e-05
1521 2.15158e-05
1522 2.06032e-05
1523 1.97263e-05
1524 1.88838e-05
1525 1.80743e-05
1526 1.72969e-05
1527 1.65503e-05
1528 1.58334e-05
1529 1.51452e-05
1530 1.44846e-05
1531 1.38506e-05
1532 1.32423e-05
1533 1.26587e-05
1534 1.20989e-05
1535 1.1562e-05
1536 1.10472e-05
1537 1.05537e-05
1538 1.00806e-05
1539 9.62711e-06
1540 9.1926e-06
1541 8.77629e-06
1542 8.37751e-06
1543 7.99556e-06
1544 7.62981e-06
1545 7.27962e-06
1546 6.9444e-06
1547 6.62354e-06
1548 6.3165e-06
1549 6.02273e-06
1550 5.74169e-06
1551 5.47289e-06
1552 5.21583e-06
1553 4.97004e-06
1554 4.73507e-06
1555 4.51048e-06
1556 4.29585e-06
1557 4.09078e-06
1558 3.89486e-06
1559 3.70772e-06
1560 3.52901e-06
1561 3.35836e-06
1562 3.19545e-06
1563 3.03994e-06
1564 2.89154e-06
1565 2.74993e-06
1566 2.61483e-06
1567 2.48596e-06
1568 2.36306e-06
1569 2.24587e-06
1570 2.13414e-06
1571 2.02764e-06
1572 1.92614e-06
1573 1.82942e-06
1574 1.73727e-06
1575 1.6495e-06
1576 1.5659e-06
1577 1.48629e-06
1578 1.4105e-06
1579 1.33836e-06
1580 1.2697e-06
1581 1.20436e-06
1582 1.14219e-06
1583 1.08306e-06
1584 1.02682e-06
1585 9.73334e-07
1586 9.22485e-07
1587 8.74148e-07
1588 8.28207e-07
1589 7.8455e-07
1590 7.43071e-07
1591 7.03669e-07
1592 6.66245e-07
1593 6.30707e-07
1594 5.96965e-07
1595 5.64935e-07
1596 5.34534e-07
1597 5.05684e-07
1598 4.78312e-07
1599 4.52346e-07
1600 4.27718e-07
1601 4.04364e-07
1602 3.8222e-07
1603 3.61229e-07
1604 3.41333e-07
1605 3.22479e-07
1606 3.04616e-07
1607 2.87693e-07
1608 2.71665e-07
1609 2.56487e-07
1610 2.42116e-07
1611 2.28511e-07
1612 2.15635e-07
1613 2.0345e-07
1614 1.91921e-07
1615 1.81015e-07
1616 1.707e-07
1617 1.60945e-07
1618 1.51722e-07
1619 1.43003e-07
1620 1.34763e-07
1621 1.26975e-07
1622 1.19618e-07
1623 1.12667e-07
1624 1.06103e-07
1625 9.99036e-08
1626 9.40506e-08
1627 8.85255e-08
1628 8.33107e-08
1629 7.83898e-08
1630 7.37469e-08
1631 6.93672e-08
1632 6.52364e-08
1633 6.13411e-08
1634 5.76686e-08
1635 5.42066e-08
1636 5.09437e-08
1637 4.7869e-08
1638 4.49722e-08
1639 4.22435e-08
1640 3.96734e-08
1641 3.72534e-08
1642 3.49749e-08
1643 3.28302e-08
1644 3.08116e-08
1645 2.89122e-08
1646 2.71252e-08
1647 2.54443e-08
1648 2.38634e-08
1649 2.23769e-08
1650 2.09793e-08
1651 1.96656e-08
1652 1.8431e-08
1653 1.72709e-08
1654 1.61811e-08
1655 1.51573e-08
1656 1.41959e-08
1657 1.32932e-08
1658 1.24457e-08
1659 1.16502e-08
1660 1.09036e-08
1661 1.02031e-08
1662 9.54597e-09
1663 8.92959e-09
1664 8.35156e-09
1665 7.80957e-09
1666 7.30149e-09
1667 6.82526e-09
1668 6.37899e-09
1669 5.96084e-09
1670 5.56914e-09
1671 5.20226e-09
1672 4.85869e-09
1673 4.53702e-09
1674 4.23591e-09
1675 3.95408e-09
1676 3.69035e-09
1677 3.44361e-09
1678 3.2128e-09
1679 2.99693e-09
1680 2.79508e-09
1681 2.60636e-09
1682 2.42995e-09
1683 2.26508e-09
1684 2.11103e-09
1685 1.9671e-09
1686 1.83267e-09
1687 1.70712e-09
1688 1.58989e-09
1689 1.48044e-09
1690 1.37829e-09
1691 1.28296e-09
1692 1.19401e-09
1693 1.11103e-09
1694 1.03363e-09
1695 9.61455e-10
1696 8.94159e-10
1697 8.31426e-10
1698 7.72957e-10
1699 7.18471e-10
1700 6.67707e-10
1701 6.20419e-10
1702 5.76378e-10
1703 5.35367e-10
1704 4.97186e-10
1705 4.61645e-10
1706 4.28568e-10
1707 3.97789e-10
1708 3.69156e-10
1709 3.42522e-10
1710 3.17752e-10
1711 2.94721e-10
1712 2.73311e-10
1713 2.5341e-10
1714 2.34916e-10
1715 2.17733e-10
1716 2.0177e-10
1717 1.86944e-10
1718 1.73177e-10
1719 1.60394e-10
1720 1.48528e-10
1721 1.37515e-10
1722 1.27296e-10
1723 1.17815e-10
1724 1.0902e-10
1725 1.00864e-10
1726 9.33011e-11
1727 8.62896e-11
1728 7.97906e-11
1729 7.37677e-11
1730 6.81871e-11
1731 6.30173e-11
1732 5.82289e-11
1733 5.37946e-11
1734 4.96889e-11
1735 4.58883e-11
1736 4.23706e-11
1737 3.91155e-11
1738 3.61039e-11
1739 3.33182e-11
1740 3.07417e-11
1741 2.83594e-11
1742 2.61569e-11
1743 2.4121e-11
1744 2.22396e-11
1745 2.05011e-11
1746 1.88951e-11
1747 1.74118e-11
1748 1.60419e-11
1749 1.47771e-11
1750 1.36096e-11
1751 1.2532e-11
1752 1.15376e-11
1753 1.06202e-11
1754 9.77392e-12
1755 8.99343e-12
1756 8.27376e-12
1757 7.61028e-12
1758 6.99872e-12
1759 6.43512e-12
1760 5.91582e-12
1761 5.43743e-12
1762 4.9968e-12
1763 4.59104e-12
1764 4.21745e-12
1765 3.87355e-12
1766 3.55703e-12
1767 3.26578e-12
1768 2.99782e-12
1769 2.75134e-12
1770 2.52466e-12
1771 2.31623e-12
1772 2.12461e-12
1773 1.94849e-12
1774 1.78663e-12
1775 1.63792e-12
1776 1.50131e-12
1777 1.37583e-12
1778 1.26062e-12
1779 1.15483e-12
1780 1.05773e-12
1781 9.68608e-13
1782 8.86834e-13
1783 8.11813e-13
1784 7.43e-13
1785 6.79893e-13
1786 6.22031e-13
1787 5.68988e-13
1788 5.20371e-13
1789 4.75819e-13
1790 4.35001e-13
1791 3.9761e-13
1792 3.63365e-13
1793 3.32008e-13
1794 3.033e-13
1795 2.77023e-13
1796 2.52975e-13
1797 2.30972e-13
1798 2.10843e-13
1799 1.92432e-13
1800 1.75596e-13
1801 1.60203e-13
1802 1.46132e-13
1803 1.33272e-13
1804 1.21521e-13
1805 1.10786e-13
1806 1.00979e-13
1807 9.20239e-14
1808 8.38469e-14
1809 7.63822e-14
1810 6.95689e-14
1811 6.33516e-14
1812 5.7679e-14
1813 5.25045e-14
1814 4.77852e-14
1815 4.34819e-14
1816 3.95587e-14
1817 3.59827e-14
1818 3.27238e-14
1819 2.97544e-14
1820 2.70494e-14
1821 2.45857e-14
1822 2.23422e-14
1823 2.02995e-14
1824 1.84401e-14
1825 1.67479e-14
1826 1.52081e-14
1827 1.38073e-14
1828 1.25331e-14
1829 1.13744e-14
1830 1.03208e-14
1831 9.36304e-15
1832 8.49256e-15
1833 7.70155e-15
1834 6.98289e-15
1835 6.33009e-15
1836 5.73723e-15
1837 5.19891e-15
1838 4.71021e-15
1839 4.26664e-15
1840 3.8641e-15
1841 3.49888e-15
1842 3.16757e-15
1843 2.86709e-15
1844 2.59462e-15
1845 2.3476e-15
1846 2.12369e-15
1847 1.92077e-15
1848 1.73691e-15
1849 1.57035e-15
1850 1.41949e-15
1851 1.28288e-15
1852 1.15919e-15
1853 1.04723e-15
1854 9.45907e-16
1855 8.54221e-16
1856 7.71274e-16
1857 6.96249e-16
1858 6.28402e-16
1859 5.67057e-16
1860 5.11604e-16
1861 4.61484e-16
1862 4.16196e-16
1863 3.75279e-16
1864 3.38321e-16
1865 3.04943e-16
1866 2.74806e-16
1867 2.476e-16
1868 2.23045e-16
1869 2.00886e-16
1870 1.80894e-16
1871 1.6286e-16
1872 1.46596e-16
1873 1.31931e-16
1874 1.1871e-16
1875 1.06793e-16
1876 9.60543e-17
1877 8.63787e-17
1878 7.76628e-17
1879 6.98129e-17
1880 6.27444e-17
1881 5.63807e-17
1882 5.06526e-17
1883 4.54978e-17
1884 4.08596e-17
1885 3.66872e-17
1886 3.29345e-17
1887 2.956e-17
1888 2.65261e-17
1889 2.3799e-17
1890 2.13481e-17
1891 1.9146e-17
1892 1.71676e-17
1893 1.53908e-17
1894 1.37951e-17
1895 1.23625e-17
1896 1.10765e-17
1897 9.92241e-18
1898 8.88681e-18
1899 7.95776e-18
1900 7.12445e-18
1901 6.37717e-18
1902 5.70716e-18
1903 5.10655e-18
1904 4.56827e-18
1905 4.08593e-18
1906 3.65381e-18
1907 3.26675e-18
1908 2.92013e-18
1909 2.60978e-18
1910 2.33196e-18
1911 2.08331e-18
1912 1.86081e-18
1913 1.66175e-18
1914 1.4837e-18
1915 1.32446e-18
1916 1.18209e-18
1917 1.05481e-18
1918 9.41057e-19
1919 8.39406e-19
1920 7.48589e-19
1921 6.67467e-19
1922 5.95021e-19
1923 5.30333e-19
1924 4.72587e-19
1925 4.21045e-19
1926 3.75052e-19
1927 3.34018e-19
1928 2.97415e-19
1929 2.64771e-19
1930 2.35664e-19
1931 2.09716e-19
1932 1.86588e-19
1933 1.65979e-19
1934 1.47617e-19
1935 1.3126e-19
1936 1.16694e-19
1937 1.03723e-19
1938 9.21759e-20
1939 8.18983e-20
1940 7.27524e-20
1941 6.46152e-20
1942 5.73768e-20
1943 5.09393e-20
1944 4.52152e-20
1945 4.01264e-20
1946 3.56034e-20
1947 3.1584e-20
1948 2.80128e-20
1949 2.48406e-20
1950 2.20232e-20
1951 1.95216e-20
1952 1.73007e-20
1953 1.53294e-20
1954 1.35801e-20
1955 1.2028e-20
1956 1.06512e-20
1957 9.4302e-21
1958 8.34749e-21
1959 7.38763e-21
1960 6.53686e-21
1961 5.78292e-21
1962 5.11492e-21
1963 4.5232e-21
1964 3.99914e-21
1965 3.53509e-21
1966 3.12428e-21
1967 2.76067e-21
1968 2.43889e-21
1969 2.15419e-21
1970 1.90234e-21
1971 1.67961e-21
1972 1.48267e-21
1973 1.30856e-21
1974 1.15466e-21
1975 1.01867e-21
1976 8.98509e-22
1977 7.92369e-22
1978 6.98628e-22
1979 6.15857e-22
1980 5.42784e-22
1981 4.78286e-22
1982 4.2137e-22
1983 3.71153e-22
1984 3.26857e-22
1985 2.8779e-22
1986 2.53342e-22
1987 2.22974e-22
1988 1.96208e-22
1989 1.7262e-22
1990 1.51839e-22
1991 1.33533e-22
1992 1.17411e-22
1993 1.03215e-22
1994 9.07177e-23
1995 7.97183e-23
1996 7.00387e-23
1997 6.15229e-23
1998 5.40317e-23
1999 4.74436e-23
2000 4.16512e-23
2001 3.65588e-23
2002 3.2083e-23
2003 2.81499e-23
2004 2.46944e-23
2005 2.16592e-23
2006 1.89936e-23
2007 1.66531e-23
2008 1.45985e-23
2009 1.27952e-23
2010 1.12128e-23
2011 9.82447e-24
2012 8.60675e-24
2013 7.53887e-24
2014 6.60255e-24
2015 5.78175e-24
2016 5.06241e-24
2017 4.43206e-24
2018 3.87981e-24
2019 3.39613e-24
2020 2.97252e-24
2021 2.60165e-24
2022 2.27701e-24
2023 1.9929e-24
2024 1.7443e-24
2025 1.52683e-24
2026 1.33663e-24
2027 1.17029e-24
2028 1.02488e-24
2029 8.97782e-25
2030 7.86702e-25
2031 6.89658e-25
2032 6.04891e-25
2033 5.30862e-25
2034 4.66235e-25
2035 4.09825e-25
2036 3.60603e-25
2037 3.17661e-25
2038 2.80211e-25
2039 2.47571e-25
2040 2.19124e-25
2041 1.94352e-25
2042 1.72791e-25
2043 1.54034e-25
2044 1.37737e-25
2045 1.2359e-25
2046 1.1133e-25
2047 1.00726e-25
