0 4.38795e-46
1 3.9868e-46
2 3.69994e-46
3 3.51397e-46
4 3.42011e-46
5 3.41378e-46
6 3.49441e-46
7 3.66536e-46
8 3.93406e-46
9 4.31232e-46
10 4.81678e-46
11 5.46967e-46
12 6.29972e-46
13 7.34339e-46
14 8.64642e-46
15 1.02658e-45
16 1.22721e-45
17 1.47525e-45
18 1.78147e-45
19 2.15911e-45
20 2.62445e-45
21 3.1975e-45
22 3.90285e-45
23 4.77069e-45
24 5.83805e-45
25 7.15034e-45
26 8.76328e-45
27 1.07452e-44
28 1.31799e-44
29 1.61698e-44
30 1.98406e-44
31 2.43464e-44
32 2.98756e-44
33 3.66589e-44
34 4.49785e-44
35 5.51798e-44
36 6.76856e-44
37 8.30133e-44
38 1.01793e-43
39 1.24798e-43
40 1.52973e-43
41 1.87471e-43
42 2.29698e-43
43 2.81374e-43
44 3.44602e-43
45 4.21945e-43
46 5.16525e-43
47 6.32161e-43
48 7.73507e-43
49 9.4624e-43
50 1.15728e-42
51 1.41504e-42
52 1.72982e-42
53 2.11414e-42
54 2.58322e-42
55 3.15563e-42
56 3.85399e-42
57 4.70583e-42
58 5.74459e-42
59 7.01099e-42
60 8.55455e-42
61 1.04355e-41
62 1.27272e-41
63 1.55185e-41
64 1.89175e-41
65 2.30556e-41
66 2.80926e-41
67 3.42219e-41
68 4.16786e-41
69 5.07486e-41
70 6.17782e-41
71 7.51872e-41
72 9.14851e-41
73 1.1129e-40
74 1.35352e-40
75 1.64578e-40
76 2.00066e-40
77 2.43152e-40
78 2.95448e-40
79 3.58906e-40
80 4.35893e-40
81 5.2927e-40
82 6.425e-40
83 7.79772e-40
84 9.46149e-40
85 1.14775e-39
86 1.39199e-39
87 1.6878e-39
88 2.046e-39
89 2.47961e-39
90 3.00442e-39
91 3.63944e-39
92 4.40763e-39
93 5.3367e-39
94 6.46006e-39
95 7.81803e-39
96 9.4592e-39
97 1.14422e-38
98 1.38375e-38
99 1.67303e-38
100 2.0223e-38
101 2.44391e-38
102 2.9527e-38
103 3.56656e-38
104 4.30702e-38
105 5.19998e-38
106 6.27655e-38
107 7.57421e-38
108 9.13798e-38
109 1.1022e-37
110 1.32913e-37
111 1.6024e-37
112 1.93139e-37
113 2.32739e-37
114 2.80391e-37
115 3.3772e-37
116 4.06673e-37
117 4.89591e-37
118 5.89278e-37
119 7.09095e-37
120 8.53073e-37
121 1.02605e-36
122 1.23381e-36
123 1.48329e-36
124 1.7828e-36
125 2.14229e-36
126 2.57368e-36
127 3.09122e-36
128 3.71196e-36
129 4.45633e-36
130 5.34875e-36
131 6.41838e-36
132 7.70012e-36
133 9.23569e-36
134 1.1075e-35
135 1.32775e-35
136 1.59143e-35
137 1.90703e-35
138 2.2847e-35
139 2.73654e-35
140 3.27696e-35
141 3.9232e-35
142 4.6958e-35
143 5.61926e-35
144 6.72275e-35
145 8.04105e-35
146 9.61563e-35
147 1.14959e-34
148 1.37406e-34
149 1.64197e-34
150 1.96166e-34
151 2.34306e-34
152 2.79794e-34
153 3.34033e-34
154 3.98695e-34
155 4.75762e-34
156 5.6759e-34
157 6.7698e-34
158 8.07264e-34
159 9.62392e-34
160 1.14706e-33
161 1.36683e-33
162 1.62833e-33
163 1.93939e-33
164 2.30932e-33
165 2.74916e-33
166 3.272e-33
167 3.89334e-33
168 4.63157e-33
169 5.50846e-33
170 6.54982e-33
171 7.78619e-33
172 9.25374e-33
173 1.09953e-32
174 1.30615e-32
175 1.55123e-32
176 1.84186e-32
177 2.18643e-32
178 2.59484e-32
179 3.07882e-32
180 3.65221e-32
181 4.33136e-32
182 5.13561e-32
183 6.08777e-32
184 7.21477e-32
185 8.54841e-32
186 1.01262e-31
187 1.19925e-31
188 1.41994e-31
189 1.68085e-31
190 1.98925e-31
191 2.35368e-31
192 2.78424e-31
193 3.29279e-31
194 3.89335e-31
195 4.60237e-31
196 5.43926e-31
197 6.42686e-31
198 7.59202e-31
199 8.96635e-31
200 1.0587e-30
201 1.24978e-30
202 1.475e-30
203 1.74041e-30
204 2.05309e-30
205 2.4214e-30
206 2.85512e-30
207 3.36575e-30
208 3.96678e-30
209 4.67405e-30
210 5.50615e-30
211 6.48487e-30
212 7.63578e-30
213 8.98884e-30
214 1.05792e-29
215 1.2448e-29
216 1.46435e-29
217 1.72221e-29
218 2.025e-29
219 2.38047e-29
220 2.79767e-29
221 3.28721e-29
222 3.86149e-29
223 4.53502e-29
224 5.32477e-29
225 6.25055e-29
226 7.33554e-29
227 8.60681e-29
228 1.0096e-28
229 1.184e-28
230 1.38819e-28
231 1.62722e-28
232 1.90694e-28
233 2.23421e-28
234 2.61702e-28
235 3.0647e-28
236 3.58809e-28
237 4.19988e-28
238 4.91481e-28
239 5.75007e-28
240 6.72568e-28
241 7.86497e-28
242 9.19506e-28
243 1.07476e-27
244 1.25592e-27
245 1.46728e-27
246 1.71381e-27
247 2.00129e-27
248 2.33645e-27
249 2.72709e-27
250 3.18232e-27
251 3.71266e-27
252 4.33039e-27
253 5.04973e-27
254 5.8872e-27
255 6.86197e-27
256 7.9963e-27
257 9.31599e-27
258 1.0851e-26
259 1.2636e-26
260 1.47113e-26
261 1.71234e-26
262 1.99266e-26
263 2.31832e-26
264 2.69659e-26
265 3.13586e-26
266 3.64585e-26
267 4.2378e-26
268 4.92473e-26
269 5.72169e-26
270 6.64608e-26
271 7.71803e-26
272 8.96079e-26
273 1.04013e-25
274 1.20705e-25
275 1.40043e-25
276 1.62441e-25
277 1.88378e-25
278 2.18404e-25
279 2.53157e-25
280 2.93371e-25
281 3.39892e-25
282 3.93697e-25
283 4.55911e-25
284 5.2783e-25
285 6.10949e-25
286 7.06988e-25
287 8.17927e-25
288 9.46048e-25
289 1.09397e-24
290 1.26473e-24
291 1.46178e-24
292 1.68913e-24
293 1.95136e-24
294 2.25377e-24
295 2.6024e-24
296 3.00425e-24
297 3.4673e-24
298 4.00076e-24
299 4.61519e-24
300 5.32269e-24
301 6.13718e-24
302 7.0746e-24
303 8.15325e-24
304 9.39411e-24
305 1.08212e-23
306 1.24622e-23
307 1.43485e-23
308 1.65165e-23
309 1.90076e-23
310 2.18691e-23
311 2.51556e-23
312 2.89291e-23
313 3.32609e-23
314 3.82324e-23
315 4.39367e-23
316 5.04804e-23
317 5.79851e-23
318 6.65902e-23
319 7.64545e-23
320 8.77598e-23
321 1.00714e-22
322 1.15553e-22
323 1.32548e-22
324 1.52009e-22
325 1.74286e-22
326 1.99782e-22
327 2.28956e-22
328 2.62329e-22
329 3.00499e-22
330 3.44143e-22
331 3.94036e-22
332 4.51059e-22
333 5.16215e-22
334 5.90647e-22
335 6.75654e-22
336 7.72718e-22
337 8.83521e-22
338 1.00998e-21
339 1.15426e-21
340 1.31886e-21
341 1.50656e-21
342 1.72058e-21
343 1.96454e-21
344 2.24256e-21
345 2.55931e-21
346 2.92011e-21
347 3.33098e-21
348 3.79874e-21
349 4.33115e-21
350 4.93699e-21
351 5.6262e-21
352 6.41008e-21
353 7.3014e-21
354 8.31462e-21
355 9.46614e-21
356 1.07745e-20
357 1.22607e-20
358 1.39484e-20
359 1.58646e-20
360 1.80396e-20
361 2.05077e-20
362 2.33077e-20
363 2.64836e-20
364 3.00848e-20
365 3.41672e-20
366 3.87941e-20
367 4.40368e-20
368 4.99758e-20
369 5.67019e-20
370 6.43175e-20
371 7.29383e-20
372 8.26946e-20
373 9.37332e-20
374 1.0622e-19
375 1.20341e-19
376 1.36306e-19
377 1.54354e-19
378 1.74749e-19
379 1.97792e-19
380 2.23821e-19
381 2.53216e-19
382 2.86405e-19
383 3.23868e-19
384 3.66146e-19
385 4.13848e-19
386 4.67656e-19
387 5.2834e-19
388 5.9676e-19
389 6.73888e-19
390 7.60809e-19
391 8.58746e-19
392 9.6907e-19
393 1.09332e-18
394 1.23322e-18
395 1.3907e-18
396 1.56794e-18
397 1.76737e-18
398 1.9917e-18
399 2.244e-18
400 2.52769e-18
401 2.84658e-18
402 3.20497e-18
403 3.60765e-18
404 4.05999e-18
405 4.56798e-18
406 5.13833e-18
407 5.77855e-18
408 6.49701e-18
409 7.30307e-18
410 8.20719e-18
411 9.22104e-18
412 1.03576e-17
413 1.16316e-17
414 1.3059e-17
415 1.4658e-17
416 1.64488e-17
417 1.84539e-17
418 2.06982e-17
419 2.32098e-17
420 2.60196e-17
421 2.91623e-17
422 3.26764e-17
423 3.66048e-17
424 4.0995e-17
425 4.59002e-17
426 5.13792e-17
427 5.74976e-17
428 6.43283e-17
429 7.1952e-17
430 8.04588e-17
431 8.99484e-17
432 1.00532e-16
433 1.12331e-16
434 1.25484e-16
435 1.40142e-16
436 1.56472e-16
437 1.7466e-16
438 1.94914e-16
439 2.17462e-16
440 2.42557e-16
441 2.70482e-16
442 3.01547e-16
443 3.36096e-16
444 3.74513e-16
445 4.17219e-16
446 4.64682e-16
447 5.1742e-16
448 5.76006e-16
449 6.41073e-16
450 7.13321e-16
451 7.93526e-16
452 8.82543e-16
453 9.81319e-16
454 1.0909e-15
455 1.21244e-15
456 1.34721e-15
457 1.49662e-15
458 1.66223e-15
459 1.84575e-15
460 2.04908e-15
461 2.2743e-15
462 2.5237e-15
463 2.79984e-15
464 3.10551e-15
465 3.44378e-15
466 3.81805e-15
467 4.23207e-15
468 4.68993e-15
469 5.19618e-15
470 5.75579e-15
471 6.37425e-15
472 7.05756e-15
473 7.81237e-15
474 8.64594e-15
475 9.56627e-15
476 1.05821e-14
477 1.17032e-14
478 1.29399e-14
479 1.4304e-14
480 1.58082e-14
481 1.74664e-14
482 1.92938e-14
483 2.13073e-14
484 2.35251e-14
485 2.59673e-14
486 2.86559e-14
487 3.1615e-14
488 3.48707e-14
489 3.84518e-14
490 4.23898e-14
491 4.67189e-14
492 5.14767e-14
493 5.6704e-14
494 6.24456e-14
495 6.87501e-14
496 7.56709e-14
497 8.32659e-14
498 9.15983e-14
499 1.00737e-13
500 1.10758e-13
501 1.21742e-13
502 1.33778e-13
503 1.46965e-13
504 1.61407e-13
505 1.7722e-13
506 1.94529e-13
507 2.1347e-13
508 2.34192e-13
509 2.56856e-13
510 2.81637e-13
511 3.08727e-13
512 3.38332e-13
513 3.70678e-13
514 4.0601e-13
515 4.44595e-13
516 4.8672e-13
517 5.32701e-13
518 5.82879e-13
519 6.37624e-13
520 6.97337e-13
521 7.62457e-13
522 8.33457e-13
523 9.10851e-13
524 9.95198e-13
525 1.0871e-12
526 1.18722e-12
527 1.29627e-12
528 1.41501e-12
529 1.5443e-12
530 1.68502e-12
531 1.83817e-12
532 2.00482e-12
533 2.18611e-12
534 2.3833e-12
535 2.59774e-12
536 2.83088e-12
537 3.08433e-12
538 3.35978e-12
539 3.65908e-12
540 3.98425e-12
541 4.33744e-12
542 4.72099e-12
543 5.13742e-12
544 5.58945e-12
545 6.08001e-12
546 6.61228e-12
547 7.18966e-12
548 7.81583e-12
549 8.49475e-12
550 9.23068e-12
551 1.00282e-11
552 1.08923e-11
553 1.18282e-11
554 1.28416e-11
555 1.39387e-11
556 1.51259e-11
557 1.64105e-11
558 1.77998e-11
559 1.9302e-11
560 2.09258e-11
561 2.26805e-11
562 2.45759e-11
563 2.66228e-11
564 2.88323e-11
565 3.12168e-11
566 3.37892e-11
567 3.65632e-11
568 3.95537e-11
569 4.27763e-11
570 4.6248e-11
571 4.99865e-11
572 5.40109e-11
573 5.83416e-11
574 6.3e-11
575 6.80093e-11
576 7.33938e-11
577 7.91795e-11
578 8.53942e-11
579 9.20671e-11
580 9.92296e-11
581 1.06915e-10
582 1.15158e-10
583 1.23997e-10
584 1.33471e-10
585 1.43622e-10
586 1.54496e-10
587 1.6614e-10
588 1.78604e-10
589 1.91944e-10
590 2.06215e-10
591 2.21478e-10
592 2.37798e-10
593 2.55244e-10
594 2.73887e-10
595 2.93807e-10
596 3.15084e-10
597 3.37807e-10
598 3.62069e-10
599 3.87968e-10
600 4.15609e-10
601 4.45106e-10
602 4.76576e-10
603 5.10147e-10
604 5.45954e-10
605 5.84141e-10
606 6.2486e-10
607 6.68275e-10
608 7.14559e-10
609 7.63896e-10
610 8.16484e-10
611 8.72531e-10
612 9.3226e-10
613 9.95908e-10
614 1.06373e-09
615 1.13599e-09
616 1.21297e-09
617 1.29498e-09
618 1.38235e-09
619 1.4754e-09
620 1.57451e-09
621 1.68006e-09
622 1.79246e-09
623 1.91215e-09
624 2.03958e-09
625 2.17523e-09
626 2.31963e-09
627 2.47331e-09
628 2.63685e-09
629 2.81085e-09
630 2.99595e-09
631 3.19282e-09
632 3.40217e-09
633 3.62474e-09
634 3.86131e-09
635 4.11268e-09
636 4.37973e-09
637 4.66334e-09
638 4.96444e-09
639 5.28402e-09
640 5.62308e-09
641 5.98269e-09
642 6.36393e-09
643 6.76796e-09
644 7.19595e-09
645 7.64912e-09
646 8.12874e-09
647 8.6361e-09
648 9.17255e-09
649 9.73946e-09
650 1.03383e-08
651 1.09704e-08
652 1.16373e-08
653 1.23405e-08
654 1.30816e-08
655 1.38622e-08
656 1.46837e-08
657 1.5548e-08
658 1.64564e-08
659 1.74108e-08
660 1.84128e-08
661 1.94641e-08
662 2.05663e-08
663 2.17212e-08
664 2.29303e-08
665 2.41955e-08
666 2.55184e-08
667 2.69006e-08
668 2.83439e-08
669 2.985e-08
670 3.14203e-08
671 3.30567e-08
672 3.47608e-08
673 3.65341e-08
674 3.83782e-08
675 4.02949e-08
676 4.22857e-08
677 4.43522e-08
678 4.6496e-08
679 4.87189e-08
680 5.10224e-08
681 5.34083e-08
682 5.58783e-08
683 5.84342e-08
684 6.1078e-08
685 6.38117e-08
686 6.66374e-08
687 6.95573e-08
688 7.2574e-08
689 7.56899e-08
690 7.8908e-08
691 8.22313e-08
692 8.56633e-08
693 8.92077e-08
694 9.28685e-08
695 9.66503e-08
696 1.00558e-07
697 1.04597e-07
698 1.08773e-07
699 1.13093e-07
700 1.17565e-07
701 1.22195e-07
702 1.26993e-07
703 1.31969e-07
704 1.37132e-07
705 1.42494e-07
706 1.48067e-07
707 1.53865e-07
708 1.59902e-07
709 1.66193e-07
710 1.72756e-07
711 1.79609e-07
712 1.8677e-07
713 1.94261e-07
714 2.02103e-07
715 2.10321e-07
716 2.1894e-07
717 2.27985e-07
718 2.37485e-07
719 2.4747e-07
720 2.57971e-07
721 2.69019e-07
722 2.8065e-07
723 2.92899e-07
724 3.05803e-07
725 3.194e-07
726 3.3373e-07
727 3.48834e-07
728 3.64753e-07
729 3.81532e-07
730 3.99213e-07
731 4.17841e-07
732 4.37462e-07
733 4.58121e-07
734 4.79865e-07
735 5.02738e-07
736 5.26786e-07
737 5.52056e-07
738 5.7859e-07
739 6.06432e-07
740 6.35625e-07
741 6.66208e-07
742 6.98219e-07
743 7.31695e-07
744 7.66667e-07
745 8.03168e-07
746 8.41222e-07
747 8.80851e-07
748 9.22075e-07
749 9.64906e-07
750 1.00935e-06
751 1.05542e-06
752 1.10309e-06
753 1.15237e-06
754 1.20324e-06
755 1.25567e-06
756 1.30962e-06
757 1.36506e-06
758 1.42194e-06
759 1.48019e-06
760 1.53976e-06
761 1.60055e-06
762 1.66249e-06
763 1.72548e-06
764 1.7894e-06
765 1.85413e-06
766 1.91955e-06
767 1.98551e-06
768 2.05186e-06
769 2.11843e-06
770 2.18506e-06
771 2.25154e-06
772 2.3177e-06
773 2.38331e-06
774 2.44816e-06
775 2.51203e-06
776 2.57468e-06
777 2.63585e-06
778 2.69531e-06
779 2.75279e-06
780 2.80802e-06
781 2.86073e-06
782 2.91065e-06
783 2.95749e-06
784 3.00097e-06
785 3.04082e-06
786 3.07675e-06
787 3.10848e-06
788 3.13573e-06
789 3.15823e-06
790 3.17573e-06
791 3.18797e-06
792 3.1947e-06
793 3.1957e-06
794 3.19075e-06
795 3.17965e-06
796 3.16223e-06
797 3.13834e-06
798 3.10783e-06
799 3.07061e-06
800 3.02661e-06
801 2.97577e-06
802 2.91808e-06
803 2.85358e-06
804 2.78233e-06
805 2.70444e-06
806 2.62006e-06
807 2.52939e-06
808 2.43267e-06
809 2.3302e-06
810 2.22235e-06
811 2.10951e-06
812 1.99215e-06
813 1.87081e-06
814 1.74607e-06
815 1.61859e-06
816 1.48909e-06
817 1.35836e-06
818 1.22727e-06
819 1.09675e-06
820 9.67801e-07
821 8.41505e-07
822 7.19017e-07
823 6.01569e-07
824 4.90471e-07
825 3.87107e-07
826 2.92944e-07
827 2.09524e-07
828 1.38466e-07
829 8.14715e-08
830 4.03163e-08
831 1.6855e-08
832 1.30187e-08
833 3.08142e-08
834 7.23233e-08
835 1.39701e-07
836 2.35175e-07
837 3.61043e-07
838 5.19671e-07
839 7.13495e-07
840 9.45013e-07
841 1.21679e-06
842 1.53144e-06
843 1.89165e-06
844 2.30016e-06
845 2.75976e-06
846 3.27328e-06
847 3.84362e-06
848 4.47371e-06
849 5.16653e-06
850 5.9251e-06
851 6.75247e-06
852 7.65173e-06
853 8.62601e-06
854 9.67845e-06
855 1.08122e-05
856 1.20306e-05
857 1.33367e-05
858 1.47338e-05
859 1.62253e-05
860 1.78143e-05
861 1.95042e-05
862 2.12983e-05
863 2.31999e-05
864 2.52124e-05
865 2.73391e-05
866 2.95835e-05
867 3.19488e-05
868 3.44385e-05
869 3.7056e-05
870 3.98048e-05
871 4.26882e-05
872 4.57098e-05
873 4.88731e-05
874 5.21815e-05
875 5.56387e-05
876 5.92482e-05
877 6.30136e-05
878 6.69387e-05
879 7.10271e-05
880 7.52826e-05
881 7.97091e-05
882 8.43104e-05
883 8.90906e-05
884 9.40536e-05
885 9.92037e-05
886 0.000104545
887 0.000110082
888 0.000115819
889 0.000121761
890 0.000127913
891 0.000134278
892 0.000140863
893 0.000147673
894 0.000154713
895 0.000161988
896 0.000169505
897 0.000177269
898 0.000185287
899 0.000193565
900 0.000202109
901 0.000210928
902 0.000220028
903 0.000229416
904 0.000239101
905 0.000249091
906 0.000259394
907 0.000270019
908 0.000280976
909 0.000292273
910 0.000303922
911 0.000315932
912 0.000328315
913 0.000341081
914 0.000354242
915 0.00036781
916 0.000381797
917 0.000396218
918 0.000411084
919 0.000426411
920 0.000442212
921 0.000458503
922 0.000475298
923 0.000492615
924 0.000510469
925 0.000528877
926 0.000547858
927 0.000567428
928 0.000587607
929 0.000608413
930 0.000629867
931 0.000651989
932 0.000674799
933 0.000698319
934 0.00072257
935 0.000747575
936 0.000773358
937 0.00079994
938 0.000827347
939 0.000855602
940 0.000884731
941 0.000914759
942 0.000945713
943 0.000977618
944 0.0010105
945 0.00104439
946 0.00107931
947 0.0011153
948 0.00115237
949 0.00119057
950 0.00122991
951 0.00127043
952 0.00131216
953 0.00135513
954 0.00139936
955 0.0014449
956 0.00149177
957 0.00154
958 0.00158962
959 0.00164067
960 0.00169318
961 0.00174718
962 0.00180269
963 0.00185976
964 0.00191842
965 0.00197869
966 0.00204061
967 0.00210421
968 0.00216952
969 0.00223657
970 0.00230539
971 0.00237602
972 0.00244849
973 0.00252282
974 0.00259904
975 0.00267719
976 0.00275729
977 0.00283937
978 0.00292346
979 0.00300959
980 0.00309778
981 0.00318805
982 0.00328044
983 0.00337497
984 0.00347165
985 0.00357052
986 0.00367159
987 0.00377489
988 0.00388043
989 0.00398824
990 0.00409832
991 0.0042107
992 0.00432539
993 0.00444241
994 0.00456176
995 0.00468346
996 0.00480752
997 0.00493394
998 0.00506274
999 0.00519391
1000 0.00532747
1001 0.00546341
1002 0.00560173
1003 0.00574243
1004 0.00588551
1005 0.00603096
1006 0.00617879
1007 0.00632896
1008 0.00648149
1009 0.00663635
1010 0.00679353
1011 0.00695301
1012 0.00711478
1013 0.00727882
1014 0.00744509
1015 0.00761358
1016 0.00778427
1017 0.00795711
1018 0.00813208
1019 0.00830915
1020 0.00848828
1021 0.00866944
1022 0.00885257
1023 0.00903765
1024 0.00922462
1025 0.00941344
1026 0.00960407
1027 0.00979643
1028 0.0099905
1029 0.0101862
1030 0.0103835
1031 0.0105823
1032 0.0107825
1033 0.0109842
1034 0.0111872
1035 0.0113914
1036 0.0115968
1037 0.0118034
1038 0.0120109
1039 0.0122195
1040 0.0124289
1041 0.0126391
1042 0.01285
1043 0.0130615
1044 0.0132736
1045 0.0134861
1046 0.013699
1047 0.0139122
1048 0.0141255
1049 0.0143389
1050 0.0145523
1051 0.0147655
1052 0.0149786
1053 0.0151913
1054 0.0154036
1055 0.0156154
1056 0.0158265
1057 0.0160369
1058 0.0162465
1059 0.0164551
1060 0.0166626
1061 0.016869
1062 0.0170741
1063 0.0172777
1064 0.0174799
1065 0.0176805
1066 0.0178793
1067 0.0180763
1068 0.0182714
1069 0.0184644
1070 0.0186552
1071 0.0188437
1072 0.0190299
1073 0.0192135
1074 0.0193945
1075 0.0195728
1076 0.0197483
1077 0.0199208
1078 0.0200904
1079 0.0202567
1080 0.0204198
1081 0.0205796
1082 0.0207359
1083 0.0208886
1084 0.0210377
1085 0.0211831
1086 0.0213246
1087 0.0214622
1088 0.0215958
1089 0.0217253
1090 0.0218506
1091 0.0219716
1092 0.0220883
1093 0.0222005
1094 0.0223082
1095 0.0224114
1096 0.0225099
1097 0.0226037
1098 0.0226927
1099 0.0227769
1100 0.0228562
1101 0.0229305
1102 0.0229998
1103 0.0230641
1104 0.0231233
1105 0.0231773
1106 0.0232262
1107 0.0232698
1108 0.0233083
1109 0.0233414
1110 0.0233693
1111 0.0233918
1112 0.023409
1113 0.0234209
1114 0.0234274
1115 0.0234286
1116 0.0234244
1117 0.0234149
1118 0.0234
1119 0.0233798
1120 0.0233542
1121 0.0233233
1122 0.0232871
1123 0.0232457
1124 0.023199
1125 0.0231471
1126 0.0230901
1127 0.0230278
1128 0.0229605
1129 0.0228882
1130 0.0228108
1131 0.0227285
1132 0.0226413
1133 0.0225492
1134 0.0224523
1135 0.0223508
1136 0.0222446
1137 0.0221338
1138 0.0220185
1139 0.0218987
1140 0.0217746
1141 0.0216463
1142 0.0215137
1143 0.021377
1144 0.0212364
1145 0.0210917
1146 0.0209433
1147 0.0207911
1148 0.0206353
1149 0.0204759
1150 0.0203131
1151 0.0201469
1152 0.0199774
1153 0.0198049
1154 0.0196293
1155 0.0194508
1156 0.0192694
1157 0.0190853
1158 0.0188987
1159 0.0187095
1160 0.018518
1161 0.0183241
1162 0.0181282
1163 0.0179302
1164 0.0177302
1165 0.0175284
1166 0.0173249
1167 0.0171199
1168 0.0169133
1169 0.0167054
1170 0.0164962
1171 0.0162858
1172 0.0160744
1173 0.0158621
1174 0.015649
1175 0.0154351
1176 0.0152207
1177 0.0150057
1178 0.0147904
1179 0.0145747
1180 0.0143589
1181 0.014143
1182 0.0139271
1183 0.0137113
1184 0.0134957
1185 0.0132804
1186 0.0130656
1187 0.0128512
1188 0.0126374
1189 0.0124242
1190 0.0122118
1191 0.0120003
1192 0.0117897
1193 0.01158
1194 0.0113715
1195 0.0111641
1196 0.0109579
1197 0.0107531
1198 0.0105496
1199 0.0103475
1200 0.010147
1201 0.00994798
1202 0.00975062
1203 0.00955494
1204 0.009361
1205 0.00916885
1206 0.00897856
1207 0.00879015
1208 0.00860369
1209 0.00841921
1210 0.00823676
1211 0.00805638
1212 0.0078781
1213 0.00770197
1214 0.00752801
1215 0.00735625
1216 0.00718673
1217 0.00701947
1218 0.0068545
1219 0.00669183
1220 0.00653149
1221 0.0063735
1222 0.00621787
1223 0.00606461
1224 0.00591375
1225 0.00576528
1226 0.00561922
1227 0.00547557
1228 0.00533434
1229 0.00519553
1230 0.00505915
1231 0.00492518
1232 0.00479364
1233 0.00466451
1234 0.00453779
1235 0.00441348
1236 0.00429156
1237 0.00417202
1238 0.00405487
1239 0.00394007
1240 0.00382762
1241 0.00371751
1242 0.00360971
1243 0.00350421
1244 0.003401
1245 0.00330005
1246 0.00320134
1247 0.00310485
1248 0.00301056
1249 0.00291845
1250 0.00282848
1251 0.00274065
1252 0.00265492
1253 0.00257126
1254 0.00248965
1255 0.00241007
1256 0.00233247
1257 0.00225685
1258 0.00218316
1259 0.00211138
1260 0.00204149
1261 0.00197344
1262 0.0019072
1263 0.00184276
1264 0.00178008
1265 0.00171912
1266 0.00165986
1267 0.00160227
1268 0.00154631
1269 0.00149195
1270 0.00143917
1271 0.00138793
1272 0.00133819
1273 0.00128994
1274 0.00124313
1275 0.00119774
1276 0.00115374
1277 0.00111109
1278 0.00106977
1279 0.00102974
1280 0.000990979
1281 0.000953452
1282 0.00091713
1283 0.000881986
1284 0.000847989
1285 0.000815111
1286 0.000783324
1287 0.0007526
1288 0.000722912
1289 0.000694232
1290 0.000666534
1291 0.000639791
1292 0.000613977
1293 0.000589067
1294 0.000565035
1295 0.000541857
1296 0.000519507
1297 0.000497963
1298 0.000477201
1299 0.000457197
1300 0.00043793
1301 0.000419376
1302 0.000401514
1303 0.000384324
1304 0.000367783
1305 0.000351872
1306 0.00033657
1307 0.000321859
1308 0.000307718
1309 0.00029413
1310 0.000281076
1311 0.000268539
1312 0.000256501
1313 0.000244946
1314 0.000233856
1315 0.000223216
1316 0.000213011
1317 0.000203224
1318 0.000193842
1319 0.000184849
1320 0.000176233
1321 0.000167979
1322 0.000160074
1323 0.000152505
1324 0.00014526
1325 0.000138327
1326 0.000131694
1327 0.00012535
1328 0.000119283
1329 0.000113484
1330 0.000107941
1331 0.000102644
1332 9.75851e-05
1333 9.27535e-05
1334 8.81404e-05
1335 8.3737e-05
1336 7.9535e-05
1337 7.55262e-05
1338 7.17025e-05
1339 6.80565e-05
1340 6.45807e-05
1341 6.1268e-05
1342 5.81116e-05
1343 5.51048e-05
1344 5.22414e-05
1345 4.95151e-05
1346 4.692e-05
1347 4.44505e-05
1348 4.21011e-05
1349 3.98664e-05
1350 3.77415e-05
1351 3.57215e-05
1352 3.38016e-05
1353 3.19773e-05
1354 3.02444e-05
1355 2.85987e-05
1356 2.70362e-05
1357 2.5553e-05
1358 2.41455e-05
1359 2.28101e-05
1360 2.15435e-05
1361 2.03425e-05
1362 1.92039e-05
1363 1.81247e-05
1364 1.71022e-05
1365 1.61336e-05
1366 1.52162e-05
1367 1.43476e-05
1368 1.35254e-05
1369 1.27473e-05
1370 1.20112e-05
1371 1.13149e-05
1372 1.06565e-05
1373 1.0034e-05
1374 9.44563e-06
1375 8.88969e-06
1376 8.3645e-06
1377 7.86849e-06
1378 7.40015e-06
1379 6.95805e-06
1380 6.54082e-06
1381 6.14717e-06
1382 5.77585e-06
1383 5.42569e-06
1384 5.09556e-06
1385 4.78439e-06
1386 4.49117e-06
1387 4.21494e-06
1388 3.95476e-06
1389 3.70978e-06
1390 3.47915e-06
1391 3.2621e-06
1392 3.05787e-06
1393 2.86576e-06
1394 2.68508e-06
1395 2.51521e-06
1396 2.35554e-06
1397 2.20548e-06
1398 2.06451e-06
1399 1.93209e-06
1400 1.80774e-06
1401 1.691e-06
1402 1.58143e-06
1403 1.47861e-06
1404 1.38215e-06
1405 1.29169e-06
1406 1.20686e-06
1407 1.12735e-06
1408 1.05282e-06
1409 9.82995e-07
1410 9.17585e-07
1411 8.56328e-07
1412 7.98973e-07
1413 7.45287e-07
1414 6.95045e-07
1415 6.4804e-07
1416 6.04072e-07
1417 5.62956e-07
1418 5.24517e-07
1419 4.88588e-07
1420 4.55015e-07
1421 4.23649e-07
1422 3.94354e-07
1423 3.66999e-07
1424 3.41462e-07
1425 3.17627e-07
1426 2.95388e-07
1427 2.74642e-07
1428 2.55293e-07
1429 2.37252e-07
1430 2.20434e-07
1431 2.04761e-07
1432 1.90158e-07
1433 1.76555e-07
1434 1.63887e-07
1435 1.52092e-07
1436 1.41114e-07
1437 1.30897e-07
1438 1.21392e-07
1439 1.1255e-07
1440 1.04328e-07
1441 9.66845e-08
1442 8.95798e-08
1443 8.29778e-08
1444 7.68444e-08
1445 7.11478e-08
1446 6.5858e-08
1447 6.09473e-08
1448 5.63896e-08
1449 5.21605e-08
1450 4.82374e-08
1451 4.45988e-08
1452 4.12251e-08
1453 3.80977e-08
1454 3.51993e-08
1455 3.25138e-08
1456 3.00262e-08
1457 2.77224e-08
1458 2.55894e-08
1459 2.3615e-08
1460 2.17878e-08
1461 2.00974e-08
1462 1.85337e-08
1463 1.70877e-08
1464 1.57509e-08
1465 1.45152e-08
1466 1.33734e-08
1467 1.23185e-08
1468 1.13441e-08
1469 1.04444e-08
1470 9.61383e-09
1471 8.84722e-09
1472 8.13985e-09
1473 7.48728e-09
1474 6.88542e-09
1475 6.33047e-09
1476 5.81889e-09
1477 5.3474e-09
1478 4.91298e-09
1479 4.51279e-09
1480 4.14424e-09
1481 3.8049e-09
1482 3.49253e-09
1483 3.20506e-09
1484 2.94057e-09
1485 2.69728e-09
1486 2.47354e-09
1487 2.26784e-09
1488 2.07875e-09
1489 1.90499e-09
1490 1.74535e-09
1491 1.59872e-09
1492 1.46406e-09
1493 1.34044e-09
1494 1.22697e-09
1495 1.12284e-09
1496 1.02731e-09
1497 9.39696e-10
1498 8.59351e-10
1499 7.85693e-10
1500 7.18183e-10
1501 6.56321e-10
1502 5.99648e-10
1503 5.47742e-10
1504 5.00213e-10
1505 4.56703e-10
1506 4.1688e-10
1507 3.80442e-10
1508 3.47108e-10
1509 3.16622e-10
1510 2.88746e-10
1511 2.63263e-10
1512 2.39974e-10
1513 2.18694e-10
1514 1.99255e-10
1515 1.81502e-10
1516 1.65292e-10
1517 1.50495e-10
1518 1.36991e-10
1519 1.2467e-10
1520 1.1343e-10
1521 1.0318e-10
1522 9.38347e-11
1523 8.53158e-11
1524 7.75523e-11
1525 7.04789e-11
1526 6.40358e-11
1527 5.81682e-11
1528 5.2826e-11
1529 4.79633e-11
1530 4.35381e-11
1531 3.9512e-11
1532 3.58499e-11
1533 3.25197e-11
1534 2.9492e-11
1535 2.67399e-11
1536 2.42391e-11
1537 2.1967e-11
1538 1.99033e-11
1539 1.80293e-11
1540 1.63279e-11
1541 1.47837e-11
1542 1.33824e-11
1543 1.21111e-11
1544 1.0958e-11
1545 9.91244e-12
1546 8.96455e-12
1547 8.10542e-12
1548 7.32692e-12
1549 6.62167e-12
1550 5.98291e-12
1551 5.40451e-12
1552 4.8809e-12
1553 4.407e-12
1554 3.97819e-12
1555 3.59027e-12
1556 3.23943e-12
1557 2.92219e-12
1558 2.63541e-12
1559 2.37623e-12
1560 2.14204e-12
1561 1.93048e-12
1562 1.73942e-12
1563 1.5669e-12
1564 1.41117e-12
1565 1.27062e-12
1566 1.14381e-12
1567 1.02941e-12
1568 9.26243e-13
1569 8.33222e-13
1570 7.49369e-13
1571 6.738e-13
1572 6.05711e-13
1573 5.44377e-13
1574 4.89141e-13
1575 4.39409e-13
1576 3.94641e-13
1577 3.54353e-13
1578 3.18104e-13
1579 2.85498e-13
1580 2.56175e-13
1581 2.2981e-13
1582 2.06111e-13
1583 1.84814e-13
1584 1.65679e-13
1585 1.48491e-13
1586 1.33055e-13
1587 1.19196e-13
1588 1.06757e-13
1589 9.55931e-14
1590 8.55772e-14
1591 7.65931e-14
1592 6.85363e-14
1593 6.13128e-14
1594 5.48381e-14
1595 4.90357e-14
1596 4.38372e-14
1597 3.91808e-14
1598 3.50109e-14
1599 3.12775e-14
1600 2.79358e-14
1601 2.49454e-14
1602 2.227e-14
1603 1.98769e-14
1604 1.77369e-14
1605 1.58236e-14
1606 1.41134e-14
1607 1.25852e-14
1608 1.12198e-14
1609 1.00003e-14
1610 8.91129e-15
1611 7.93902e-15
1612 7.0712e-15
1613 6.29678e-15
1614 5.60588e-15
1615 4.98964e-15
1616 4.44012e-15
1617 3.9502e-15
1618 3.51353e-15
1619 3.12441e-15
1620 2.77774e-15
1621 2.46897e-15
1622 2.19401e-15
1623 1.94922e-15
1624 1.73135e-15
1625 1.53747e-15
1626 1.36499e-15
1627 1.21158e-15
1628 1.07517e-15
1629 9.53889e-16
1630 8.46097e-16
1631 7.50312e-16
1632 6.65218e-16
1633 5.89639e-16
1634 5.22527e-16
1635 4.62946e-16
1636 4.10065e-16
1637 3.6314e-16
1638 3.21511e-16
1639 2.84589e-16
1640 2.51849e-16
1641 2.22825e-16
1642 1.971e-16
1643 1.74304e-16
1644 1.5411e-16
1645 1.36224e-16
1646 1.20386e-16
1647 1.06365e-16
1648 9.39556e-17
1649 8.29748e-17
1650 7.32604e-17
1651 6.46686e-17
1652 5.70712e-17
1653 5.03548e-17
1654 4.44187e-17
1655 3.91733e-17
1656 3.45394e-17
1657 3.04466e-17
1658 2.68327e-17
1659 2.36423e-17
1660 2.08264e-17
1661 1.83417e-17
1662 1.61498e-17
1663 1.42165e-17
1664 1.25117e-17
1665 1.10089e-17
1666 9.68434e-18
1667 8.51719e-18
1668 7.48898e-18
1669 6.58339e-18
1670 5.78597e-18
1671 5.08397e-18
1672 4.46611e-18
1673 3.92244e-18
1674 3.44416e-18
1675 3.0235e-18
1676 2.65361e-18
1677 2.32843e-18
1678 2.04264e-18
1679 1.79151e-18
1680 1.57089e-18
1681 1.37712e-18
1682 1.20698e-18
1683 1.05761e-18
1684 9.26519e-19
1685 8.11487e-19
1686 7.10573e-19
1687 6.22066e-19
1688 5.44457e-19
1689 4.76421e-19
1690 4.16791e-19
1691 3.64541e-19
1692 3.18767e-19
1693 2.78677e-19
1694 2.43573e-19
1695 2.12842e-19
1696 1.85945e-19
1697 1.6241e-19
1698 1.41822e-19
1699 1.23814e-19
1700 1.08069e-19
1701 9.43036e-20
1702 8.2273e-20
1703 7.17607e-20
1704 6.25772e-20
1705 5.45565e-20
1706 4.75528e-20
1707 4.14387e-20
1708 3.61025e-20
1709 3.14462e-20
1710 2.73841e-20
1711 2.38413e-20
1712 2.07521e-20
1713 1.8059e-20
1714 1.57118e-20
1715 1.36666e-20
1716 1.18848e-20
1717 1.0333e-20
1718 8.98174e-21
1719 7.80539e-21
1720 6.78155e-21
1721 5.89066e-21
1722 5.11563e-21
1723 4.44155e-21
1724 3.85541e-21
1725 3.34585e-21
1726 2.90298e-21
1727 2.51814e-21
1728 2.18382e-21
1729 1.89346e-21
1730 1.64132e-21
1731 1.42243e-21
1732 1.23245e-21
1733 1.0676e-21
1734 9.24585e-22
1735 8.00545e-22
1736 6.92987e-22
1737 5.99743e-22
1738 5.18925e-22
1739 4.48895e-22
1740 3.88226e-22
1741 3.3568e-22
1742 2.90179e-22
1743 2.50788e-22
1744 2.16694e-22
1745 1.87192e-22
1746 1.6167e-22
1747 1.39595e-22
1748 1.20507e-22
1749 1.04005e-22
1750 8.97419e-23
1751 7.74171e-23
1752 6.67696e-23
1753 5.75733e-23
1754 4.96322e-23
1755 4.27765e-23
1756 3.68594e-23
1757 3.17534e-23
1758 2.73485e-23
1759 2.35492e-23
1760 2.0273e-23
1761 1.74487e-23
1762 1.50143e-23
1763 1.29166e-23
1764 1.11095e-23
1765 9.55293e-24
1766 8.2126e-24
1767 7.05871e-24
1768 6.06555e-24
1769 5.21092e-24
1770 4.47569e-24
1771 3.84331e-24
1772 3.29952e-24
1773 2.83202e-24
1774 2.4302e-24
1775 2.08492e-24
1776 1.78828e-24
1777 1.5335e-24
1778 1.31471e-24
1779 1.12688e-24
1780 9.65664e-25
1781 8.27322e-25
1782 7.08636e-25
1783 6.06837e-25
1784 5.19543e-25
1785 4.44704e-25
1786 3.80558e-25
1787 3.2559e-25
1788 2.78498e-25
1789 2.38162e-25
1790 2.03622e-25
1791 1.7405e-25
1792 1.4874e-25
1793 1.2708e-25
1794 1.0855e-25
1795 9.27008e-26
1796 7.91473e-26
1797 6.75599e-26
1798 5.76556e-26
1799 4.9192e-26
1800 4.19612e-26
1801 3.57851e-26
1802 3.05109e-26
1803 2.60081e-26
1804 2.21648e-26
1805 1.8885e-26
1806 1.60868e-26
1807 1.37001e-26
1808 1.16648e-26
1809 9.92963e-27
1810 8.4506e-27
1811 7.19021e-27
1812 6.1164e-27
1813 5.20176e-27
1814 4.42287e-27
1815 3.75975e-27
1816 3.19531e-27
1817 2.71498e-27
1818 2.30633e-27
1819 1.95873e-27
1820 1.66314e-27
1821 1.41183e-27
1822 1.19822e-27
1823 1.0167e-27
1824 8.62472e-28
1825 7.31474e-28
1826 6.2023e-28
1827 5.25783e-28
1828 4.45616e-28
1829 3.77585e-28
1830 3.19866e-28
1831 2.70908e-28
1832 2.29391e-28
1833 1.94192e-28
1834 1.64356e-28
1835 1.39072e-28
1836 1.1765e-28
1837 9.95054e-29
1838 8.41397e-29
1839 7.11304e-29
1840 6.01187e-29
1841 5.08e-29
1842 4.29159e-29
1843 3.6247e-29
1844 3.06075e-29
1845 2.58394e-29
1846 2.1809e-29
1847 1.84031e-29
1848 1.55255e-29
1849 1.30949e-29
1850 1.10422e-29
1851 9.30917e-30
1852 7.84632e-30
1853 6.61182e-30
1854 5.57026e-30
1855 4.69171e-30
1856 3.95081e-30
1857 3.32614e-30
1858 2.7996e-30
1859 2.35586e-30
1860 1.98201e-30
1861 1.66709e-30
1862 1.40189e-30
1863 1.1786e-30
1864 9.90655e-31
1865 8.32485e-31
1866 6.99407e-31
1867 5.87467e-31
1868 4.93329e-31
1869 4.1418e-31
1870 3.4765e-31
1871 2.91739e-31
1872 2.44763e-31
1873 2.05304e-31
1874 1.72167e-31
1875 1.44344e-31
1876 1.2099e-31
1877 1.01391e-31
1878 8.49474e-32
1879 7.1154e-32
1880 5.95865e-32
1881 4.9888e-32
1882 4.17584e-32
1883 3.49455e-32
1884 2.92374e-32
1885 2.4456e-32
1886 2.04518e-32
1887 1.70992e-32
1888 1.42929e-32
1889 1.19444e-32
1890 9.97952e-33
1891 8.33591e-33
1892 6.96138e-33
1893 5.81217e-33
1894 4.85155e-33
1895 4.04876e-33
1896 3.37802e-33
1897 2.81776e-33
1898 2.34987e-33
1899 1.95922e-33
1900 1.63314e-33
1901 1.36101e-33
1902 1.13396e-33
1903 9.44576e-34
1904 7.86637e-34
1905 6.54955e-34
1906 5.4519e-34
1907 4.53715e-34
1908 3.77502e-34
1909 3.14018e-34
1910 2.61149e-34
1911 2.17131e-34
1912 1.80491e-34
1913 1.49999e-34
1914 1.2463e-34
1915 1.03527e-34
1916 8.59774e-35
1917 7.13864e-35
1918 5.92578e-35
1919 4.91785e-35
1920 4.08041e-35
1921 3.38479e-35
1922 2.80711e-35
1923 2.32748e-35
1924 1.92936e-35
1925 1.59896e-35
1926 1.32484e-35
1927 1.09745e-35
1928 9.08886e-36
1929 7.52543e-36
1930 6.22949e-36
1931 5.15552e-36
1932 4.26572e-36
1933 3.52867e-36
1934 2.91829e-36
1935 2.41292e-36
1936 1.99461e-36
1937 1.64844e-36
1938 1.36203e-36
1939 1.12512e-36
1940 9.29197e-37
1941 7.67216e-37
1942 6.33324e-37
1943 5.22677e-37
1944 4.31259e-37
1945 3.55748e-37
1946 2.93391e-37
1947 2.41907e-37
1948 1.99411e-37
1949 1.64342e-37
1950 1.35409e-37
1951 1.11543e-37
1952 9.18623e-38
1953 7.56365e-38
1954 6.22622e-38
1955 5.12407e-38
1956 4.21604e-38
1957 3.46811e-38
1958 2.8522e-38
1959 2.34513e-38
1960 1.92775e-38
1961 1.58428e-38
1962 1.30171e-38
1963 1.06929e-38
1964 8.7816e-39
1965 7.21027e-39
1966 5.91872e-39
1967 4.85738e-39
1968 3.98544e-39
1969 3.26924e-39
1970 2.68113e-39
1971 2.1983e-39
1972 1.802e-39
1973 1.4768e-39
1974 1.21e-39
1975 9.91173e-40
1976 8.1173e-40
1977 6.64617e-40
1978 5.44039e-40
1979 4.45234e-40
1980 3.64287e-40
1981 2.97987e-40
1982 2.43697e-40
1983 1.99252e-40
1984 1.62874e-40
1985 1.33106e-40
1986 1.08754e-40
1987 8.88361e-41
1988 7.25491e-41
1989 5.92342e-41
1990 4.83517e-41
1991 3.94592e-41
1992 3.21947e-41
1993 2.62614e-41
1994 2.14165e-41
1995 1.74613e-41
1996 1.42333e-41
1997 1.15992e-41
1998 9.45046e-42
1999 7.69793e-42
2000 6.26893e-42
2001 5.104e-42
2002 4.15457e-42
2003 3.38096e-42
2004 2.75075e-42
2005 2.23749e-42
2006 1.81958e-42
2007 1.47938e-42
2008 1.2025e-42
2009 9.77221e-43
2010 7.93963e-43
2011 6.44923e-43
2012 5.23741e-43
2013 4.25235e-43
2014 3.4518e-43
2015 2.80135e-43
2016 2.27298e-43
2017 1.84388e-43
2018 1.49549e-43
2019 1.2127e-43
2020 9.83203e-44
2021 7.97001e-44
2022 6.45967e-44
2023 5.23486e-44
2024 4.24184e-44
2025 3.43693e-44
2026 2.78467e-44
2027 2.25623e-44
2028 1.8282e-44
2029 1.4816e-44
2030 1.201e-44
2031 9.73889e-45
2032 7.90119e-45
2033 6.41457e-45
2034 5.2123e-45
2035 4.24028e-45
2036 3.45464e-45
2037 2.81987e-45
2038 2.30723e-45
2039 1.89343e-45
2040 1.55964e-45
2041 1.29063e-45
2042 1.0741e-45
2043 9.00136e-46
2044 7.60759e-46
2045 6.49553e-46
2046 5.61392e-46
2047 4.92206e-46
