0 4.61538e-35
1 4.15116e-35
2 3.77799e-35
3 3.4843e-35
4 3.26072e-35
5 3.1003e-35
6 2.99828e-35
7 2.95116e-35
8 2.95708e-35
9 3.01624e-35
10 3.13002e-35
11 3.30156e-35
12 3.53593e-35
13 3.83975e-35
14 4.22128e-35
15 4.69123e-35
16 5.26343e-35
17 5.95511e-35
18 6.78489e-35
19 7.77549e-35
20 8.95682e-35
21 1.03617e-34
22 1.20282e-34
23 1.40042e-34
24 1.63441e-34
25 1.91153e-34
26 2.2395e-34
27 2.62706e-34
28 3.0855e-34
29 3.6269e-34
30 4.26608e-34
31 5.02106e-34
32 5.91229e-34
33 6.96419e-34
34 8.20523e-34
35 9.66904e-34
36 1.13948e-33
37 1.343e-33
38 1.58284e-33
39 1.86551e-33
40 2.19863e-33
41 2.59091e-33
42 3.05264e-33
43 3.59639e-33
44 4.2367e-33
45 4.98991e-33
46 5.87593e-33
47 6.9183e-33
48 8.14466e-33
49 9.58627e-33
50 1.12807e-32
51 1.32717e-32
52 1.56118e-32
53 1.83604e-32
54 2.15866e-32
55 2.5379e-32
56 2.98294e-32
57 3.50484e-32
58 4.11768e-32
59 4.8365e-32
60 5.67943e-32
61 6.66838e-32
62 7.8277e-32
63 9.18602e-32
64 1.07776e-31
65 1.26429e-31
66 1.48281e-31
67 1.73861e-31
68 2.03818e-31
69 2.38875e-31
70 2.79888e-31
71 3.27902e-31
72 3.84055e-31
73 4.49726e-31
74 5.26536e-31
75 6.16285e-31
76 7.21165e-31
77 8.43756e-31
78 9.86939e-31
79 1.15414e-30
80 1.34945e-30
81 1.57742e-30
82 1.84347e-30
83 2.15395e-30
84 2.51615e-30
85 2.93868e-30
86 3.43134e-30
87 4.00574e-30
88 4.67525e-30
89 5.45545e-30
90 6.36453e-30
91 7.42345e-30
92 8.65666e-30
93 1.00925e-29
94 1.17639e-29
95 1.37091e-29
96 1.59726e-29
97 1.86058e-29
98 2.16683e-29
99 2.52293e-29
100 2.93692e-29
101 3.41807e-29
102 3.97725e-29
103 4.62681e-29
104 5.38132e-29
105 6.2576e-29
106 7.27491e-29
107 8.45572e-29
108 9.82602e-29
109 1.1416e-28
110 1.32603e-28
111 1.53992e-28
112 1.78791e-28
113 2.0754e-28
114 2.40862e-28
115 2.79465e-28
116 3.24186e-28
117 3.75985e-28
118 4.35963e-28
119 5.05402e-28
120 5.85766e-28
121 6.78761e-28
122 7.86358e-28
123 9.10787e-28
124 1.05469e-27
125 1.22106e-27
126 1.41334e-27
127 1.63558e-27
128 1.89233e-27
129 2.18891e-27
130 2.5314e-27
131 2.92685e-27
132 3.38335e-27
133 3.91015e-27
134 4.51802e-27
135 5.2192e-27
136 6.0279e-27
137 6.96038e-27
138 8.03537e-27
139 9.27442e-27
140 1.07021e-26
141 1.23468e-26
142 1.42413e-26
143 1.64228e-26
144 1.89345e-26
145 2.18256e-26
146 2.51524e-26
147 2.89802e-26
148 3.33832e-26
149 3.84468e-26
150 4.42689e-26
151 5.09616e-26
152 5.86534e-26
153 6.74914e-26
154 7.76446e-26
155 8.93059e-26
156 1.02696e-25
157 1.18068e-25
158 1.35712e-25
159 1.55959e-25
160 1.79188e-25
161 2.05831e-25
162 2.36385e-25
163 2.71415e-25
164 3.1157e-25
165 3.57586e-25
166 4.10309e-25
167 4.70705e-25
168 5.39871e-25
169 6.19067e-25
170 7.09725e-25
171 8.13481e-25
172 9.32203e-25
173 1.06802e-24
174 1.22335e-24
175 1.40096e-24
176 1.60402e-24
177 1.8361e-24
178 2.1013e-24
179 2.40428e-24
180 2.75034e-24
181 3.14552e-24
182 3.59669e-24
183 4.11168e-24
184 4.69936e-24
185 5.36987e-24
186 6.1347e-24
187 7.00694e-24
188 8.00144e-24
189 9.13507e-24
190 1.04271e-23
191 1.18992e-23
192 1.35761e-23
193 1.54861e-23
194 1.76608e-23
195 2.01367e-23
196 2.29546e-23
197 2.61611e-23
198 2.98091e-23
199 3.39584e-23
200 3.8677e-23
201 4.40416e-23
202 5.01395e-23
203 5.70694e-23
204 6.49429e-23
205 7.38869e-23
206 8.40445e-23
207 9.55779e-23
208 1.08671e-22
209 1.2353e-22
210 1.40392e-22
211 1.5952e-22
212 1.81216e-22
213 2.05818e-22
214 2.33709e-22
215 2.65323e-22
216 3.01149e-22
217 3.41738e-22
218 3.87715e-22
219 4.39781e-22
220 4.98732e-22
221 5.65462e-22
222 6.40982e-22
223 7.2643e-22
224 8.23091e-22
225 9.3241e-22
226 1.05602e-21
227 1.19575e-21
228 1.35368e-21
229 1.53214e-21
230 1.73374e-21
231 1.96144e-21
232 2.21855e-21
233 2.50882e-21
234 2.83645e-21
235 3.20616e-21
236 3.62327e-21
237 4.09374e-21
238 4.62428e-21
239 5.22244e-21
240 5.89667e-21
241 6.65649e-21
242 7.51257e-21
243 8.4769e-21
244 9.56291e-21
245 1.07857e-20
246 1.21622e-20
247 1.37114e-20
248 1.54545e-20
249 1.74154e-20
250 1.96209e-20
251 2.21009e-20
252 2.48889e-20
253 2.80226e-20
254 3.15439e-20
255 3.55002e-20
256 3.9944e-20
257 4.49344e-20
258 5.05374e-20
259 5.68268e-20
260 6.38853e-20
261 7.1805e-20
262 8.06893e-20
263 9.06534e-20
264 1.01826e-19
265 1.14352e-19
266 1.2839e-19
267 1.44121e-19
268 1.61745e-19
269 1.81486e-19
270 2.03592e-19
271 2.28342e-19
272 2.56046e-19
273 2.8705e-19
274 3.21739e-19
275 3.60543e-19
276 4.0394e-19
277 4.52462e-19
278 5.06705e-19
279 5.67328e-19
280 6.35066e-19
281 7.10738e-19
282 7.95255e-19
283 8.89629e-19
284 9.94987e-19
285 1.11258e-18
286 1.2438e-18
287 1.39019e-18
288 1.55347e-18
289 1.73555e-18
290 1.93854e-18
291 2.16481e-18
292 2.41695e-18
293 2.69786e-18
294 3.01077e-18
295 3.35922e-18
296 3.74719e-18
297 4.17903e-18
298 4.65963e-18
299 5.19435e-18
300 5.78916e-18
301 6.45067e-18
302 7.1862e-18
303 8.00383e-18
304 8.91255e-18
305 9.92227e-18
306 1.1044e-17
307 1.22898e-17
308 1.36732e-17
309 1.52091e-17
310 1.69138e-17
311 1.88055e-17
312 2.09042e-17
313 2.32322e-17
314 2.58139e-17
315 2.86764e-17
316 3.18495e-17
317 3.53661e-17
318 3.92627e-17
319 4.35793e-17
320 4.83603e-17
321 5.36543e-17
322 5.95153e-17
323 6.60025e-17
324 7.31814e-17
325 8.1124e-17
326 8.99096e-17
327 9.96256e-17
328 1.10368e-16
329 1.22243e-16
330 1.35368e-16
331 1.49869e-16
332 1.65889e-16
333 1.83582e-16
334 2.03119e-16
335 2.24688e-16
336 2.48494e-16
337 2.74763e-16
338 3.03744e-16
339 3.35709e-16
340 3.70959e-16
341 4.09822e-16
342 4.52658e-16
343 4.99862e-16
344 5.5187e-16
345 6.09155e-16
346 6.7224e-16
347 7.41696e-16
348 8.18148e-16
349 9.02282e-16
350 9.94849e-16
351 1.09667e-15
352 1.20865e-15
353 1.33176e-15
354 1.46709e-15
355 1.61581e-15
356 1.77922e-15
357 1.95872e-15
358 2.15585e-15
359 2.37229e-15
360 2.60988e-15
361 2.87064e-15
362 3.15676e-15
363 3.47062e-15
364 3.81485e-15
365 4.19231e-15
366 4.6061e-15
367 5.05964e-15
368 5.55662e-15
369 6.10109e-15
370 6.69746e-15
371 7.35054e-15
372 8.06558e-15
373 8.84827e-15
374 9.70484e-15
375 1.06421e-14
376 1.16673e-14
377 1.27887e-14
378 1.40148e-14
379 1.53553e-14
380 1.68205e-14
381 1.84217e-14
382 2.0171e-14
383 2.20819e-14
384 2.41688e-14
385 2.64475e-14
386 2.89349e-14
387 3.16498e-14
388 3.46122e-14
389 3.78441e-14
390 4.13692e-14
391 4.52133e-14
392 4.94043e-14
393 5.39726e-14
394 5.8951e-14
395 6.43752e-14
396 7.02838e-14
397 7.67185e-14
398 8.37247e-14
399 9.13515e-14
400 9.96518e-14
401 1.08683e-13
402 1.18508e-13
403 1.29192e-13
404 1.4081e-13
405 1.53439e-13
406 1.67165e-13
407 1.82078e-13
408 1.98278e-13
409 2.15872e-13
410 2.34976e-13
411 2.55713e-13
412 2.78218e-13
413 3.02636e-13
414 3.29123e-13
415 3.57848e-13
416 3.88992e-13
417 4.22752e-13
418 4.59338e-13
419 4.98977e-13
420 5.41915e-13
421 5.88414e-13
422 6.38759e-13
423 6.93255e-13
424 7.52231e-13
425 8.1604e-13
426 8.85064e-13
427 9.59712e-13
428 1.04042e-12
429 1.12767e-12
430 1.22197e-12
431 1.32386e-12
432 1.43393e-12
433 1.55281e-12
434 1.68119e-12
435 1.81979e-12
436 1.96939e-12
437 2.13085e-12
438 2.30504e-12
439 2.49296e-12
440 2.69564e-12
441 2.91418e-12
442 3.1498e-12
443 3.40377e-12
444 3.67746e-12
445 3.97236e-12
446 4.29005e-12
447 4.63221e-12
448 5.00066e-12
449 5.39733e-12
450 5.82432e-12
451 6.28385e-12
452 6.77828e-12
453 7.31017e-12
454 7.88225e-12
455 8.4974e-12
456 9.15876e-12
457 9.86962e-12
458 1.06335e-11
459 1.14543e-11
460 1.23359e-11
461 1.32827e-11
462 1.42993e-11
463 1.53906e-11
464 1.65617e-11
465 1.78182e-11
466 1.91661e-11
467 2.06116e-11
468 2.21615e-11
469 2.38228e-11
470 2.56031e-11
471 2.75104e-11
472 2.95534e-11
473 3.17411e-11
474 3.40832e-11
475 3.65898e-11
476 3.9272e-11
477 4.21411e-11
478 4.52094e-11
479 4.849e-11
480 5.19965e-11
481 5.57435e-11
482 5.97466e-11
483 6.4022e-11
484 6.85871e-11
485 7.34603e-11
486 7.8661e-11
487 8.42098e-11
488 9.01286e-11
489 9.64404e-11
490 1.0317e-10
491 1.10342e-10
492 1.17986e-10
493 1.26129e-10
494 1.34802e-10
495 1.44038e-10
496 1.53871e-10
497 1.64338e-10
498 1.75476e-10
499 1.87327e-10
500 1.99933e-10
501 2.13341e-10
502 2.27597e-10
503 2.42753e-10
504 2.58863e-10
505 2.75984e-10
506 2.94175e-10
507 3.135e-10
508 3.34027e-10
509 3.55827e-10
510 3.78974e-10
511 4.03547e-10
512 4.29632e-10
513 4.57315e-10
514 4.86691e-10
515 5.17858e-10
516 5.50919e-10
517 5.85984e-10
518 6.2317e-10
519 6.62597e-10
520 7.04394e-10
521 7.48696e-10
522 7.95645e-10
523 8.4539e-10
524 8.9809e-10
525 9.53908e-10
526 1.01302e-09
527 1.0756e-09
528 1.14185e-09
529 1.21197e-09
530 1.28616e-09
531 1.36465e-09
532 1.44766e-09
533 1.53544e-09
534 1.62824e-09
535 1.72631e-09
536 1.82994e-09
537 1.9394e-09
538 2.05501e-09
539 2.17706e-09
540 2.30587e-09
541 2.4418e-09
542 2.58517e-09
543 2.73637e-09
544 2.89576e-09
545 3.06373e-09
546 3.24069e-09
547 3.42706e-09
548 3.62327e-09
549 3.82979e-09
550 4.04706e-09
551 4.27558e-09
552 4.51586e-09
553 4.76839e-09
554 5.03373e-09
555 5.31242e-09
556 5.60503e-09
557 5.91217e-09
558 6.23444e-09
559 6.57247e-09
560 6.92693e-09
561 7.29849e-09
562 7.68784e-09
563 8.09573e-09
564 8.5229e-09
565 8.97014e-09
566 9.43825e-09
567 9.92808e-09
568 1.04405e-08
569 1.09764e-08
570 1.15368e-08
571 1.21226e-08
572 1.27348e-08
573 1.33745e-08
574 1.40429e-08
575 1.4741e-08
576 1.54701e-08
577 1.62315e-08
578 1.70265e-08
579 1.78564e-08
580 1.87227e-08
581 1.9627e-08
582 2.05707e-08
583 2.15556e-08
584 2.25834e-08
585 2.36559e-08
586 2.4775e-08
587 2.59427e-08
588 2.71611e-08
589 2.84323e-08
590 2.97587e-08
591 3.11426e-08
592 3.25864e-08
593 3.40929e-08
594 3.56646e-08
595 3.73045e-08
596 3.90153e-08
597 4.08003e-08
598 4.26624e-08
599 4.46051e-08
600 4.66316e-08
601 4.87454e-08
602 5.09503e-08
603 5.32499e-08
604 5.5648e-08
605 5.81486e-08
606 6.07556e-08
607 6.34732e-08
608 6.63057e-08
609 6.92571e-08
610 7.2332e-08
611 7.55347e-08
612 7.88696e-08
613 8.23413e-08
614 8.59541e-08
615 8.97127e-08
616 9.36215e-08
617 9.7685e-08
618 1.01908e-07
619 1.06294e-07
620 1.10848e-07
621 1.15574e-07
622 1.20476e-07
623 1.25558e-07
624 1.30824e-07
625 1.36277e-07
626 1.41922e-07
627 1.47761e-07
628 1.53797e-07
629 1.60034e-07
630 1.66473e-07
631 1.73117e-07
632 1.79968e-07
633 1.87027e-07
634 1.94297e-07
635 2.01777e-07
636 2.09469e-07
637 2.17373e-07
638 2.25489e-07
639 2.33817e-07
640 2.42356e-07
641 2.51106e-07
642 2.60065e-07
643 2.69231e-07
644 2.78603e-07
645 2.88179e-07
646 2.97956e-07
647 3.07933e-07
648 3.18106e-07
649 3.28473e-07
650 3.39032e-07
651 3.4978e-07
652 3.60714e-07
653 3.71831e-07
654 3.83131e-07
655 3.9461e-07
656 4.06267e-07
657 4.18101e-07
658 4.30112e-07
659 4.42299e-07
660 4.54664e-07
661 4.67207e-07
662 4.79931e-07
663 4.9284e-07
664 5.05939e-07
665 5.19232e-07
666 5.32728e-07
667 5.46433e-07
668 5.6036e-07
669 5.74518e-07
670 5.88921e-07
671 6.03585e-07
672 6.18525e-07
673 6.33762e-07
674 6.49314e-07
675 6.65206e-07
676 6.81461e-07
677 6.98108e-07
678 7.15174e-07
679 7.32691e-07
680 7.50692e-07
681 7.69213e-07
682 7.88291e-07
683 8.07966e-07
684 8.2828e-07
685 8.49274e-07
686 8.70996e-07
687 8.9349e-07
688 9.16807e-07
689 9.40994e-07
690 9.66103e-07
691 9.92186e-07
692 1.01929e-06
693 1.04748e-06
694 1.0768e-06
695 1.1073e-06
696 1.13904e-06
697 1.17207e-06
698 1.20643e-06
699 1.24218e-06
700 1.27937e-06
701 1.31803e-06
702 1.35821e-06
703 1.39996e-06
704 1.44329e-06
705 1.48826e-06
706 1.53488e-06
707 1.58317e-06
708 1.63315e-06
709 1.68483e-06
710 1.73822e-06
711 1.79331e-06
712 1.85009e-06
713 1.90855e-06
714 1.96867e-06
715 2.03039e-06
716 2.09369e-06
717 2.15852e-06
718 2.2248e-06
719 2.29248e-06
720 2.36146e-06
721 2.43167e-06
722 2.50299e-06
723 2.57531e-06
724 2.64852e-06
725 2.72248e-06
726 2.79704e-06
727 2.87205e-06
728 2.94735e-06
729 3.02276e-06
730 3.0981e-06
731 3.17317e-06
732 3.24777e-06
733 3.32169e-06
734 3.3947e-06
735 3.46658e-06
736 3.5371e-06
737 3.60601e-06
738 3.67307e-06
739 3.73802e-06
740 3.80061e-06
741 3.86058e-06
742 3.91768e-06
743 3.97164e-06
744 4.02221e-06
745 4.06913e-06
746 4.11214e-06
747 4.15099e-06
748 4.18545e-06
749 4.21528e-06
750 4.24024e-06
751 4.26013e-06
752 4.27473e-06
753 4.28386e-06
754 4.28733e-06
755 4.28499e-06
756 4.2767e-06
757 4.26232e-06
758 4.24175e-06
759 4.21492e-06
760 4.18176e-06
761 4.14225e-06
762 4.09637e-06
763 4.04415e-06
764 3.98564e-06
765 3.92093e-06
766 3.85011e-06
767 3.77334e-06
768 3.6908e-06
769 3.60269e-06
770 3.50927e-06
771 3.41082e-06
772 3.30765e-06
773 3.20013e-06
774 3.08863e-06
775 2.97361e-06
776 2.85551e-06
777 2.73485e-06
778 2.61216e-06
779 2.48803e-06
780 2.36307e-06
781 2.23792e-06
782 2.11327e-06
783 1.98984e-06
784 1.86839e-06
785 1.74969e-06
786 1.63455e-06
787 1.52383e-06
788 1.41839e-06
789 1.31912e-06
790 1.22696e-06
791 1.14283e-06
792 1.06771e-06
793 1.00257e-06
794 9.48408e-07
795 9.06241e-07
796 8.77087e-07
797 8.61975e-07
798 8.61944e-07
799 8.78032e-07
800 9.11281e-07
801 9.62731e-07
802 1.03342e-06
803 1.12437e-06
804 1.2366e-06
805 1.37112e-06
806 1.52893e-06
807 1.71099e-06
808 1.91825e-06
809 2.15165e-06
810 2.4121e-06
811 2.70047e-06
812 3.01762e-06
813 3.36434e-06
814 3.74144e-06
815 4.14965e-06
816 4.58969e-06
817 5.06221e-06
818 5.56786e-06
819 6.10721e-06
820 6.6808e-06
821 7.28914e-06
822 7.93267e-06
823 8.61181e-06
824 9.3269e-06
825 1.00783e-05
826 1.08662e-05
827 1.16908e-05
828 1.25524e-05
829 1.34511e-05
830 1.43869e-05
831 1.53598e-05
832 1.637e-05
833 1.74173e-05
834 1.85016e-05
835 1.9623e-05
836 2.07811e-05
837 2.19758e-05
838 2.32069e-05
839 2.44742e-05
840 2.57774e-05
841 2.71162e-05
842 2.84903e-05
843 2.98995e-05
844 3.13433e-05
845 3.28216e-05
846 3.43339e-05
847 3.588e-05
848 3.74596e-05
849 3.90723e-05
850 4.07179e-05
851 4.23961e-05
852 4.41067e-05
853 4.58496e-05
854 4.76245e-05
855 4.94315e-05
856 5.12703e-05
857 5.31412e-05
858 5.5044e-05
859 5.69789e-05
860 5.89462e-05
861 6.09461e-05
862 6.29789e-05
863 6.50452e-05
864 6.71455e-05
865 6.92804e-05
866 7.14507e-05
867 7.36572e-05
868 7.59009e-05
869 7.81829e-05
870 8.05044e-05
871 8.28668e-05
872 8.52716e-05
873 8.77203e-05
874 9.02148e-05
875 9.2757e-05
876 9.53489e-05
877 9.79927e-05
878 0.000100691
879 0.000103446
880 0.000106261
881 0.000109138
882 0.000112081
883 0.000115092
884 0.000118176
885 0.000121335
886 0.000124574
887 0.000127897
888 0.000131307
889 0.000134809
890 0.000138408
891 0.000142108
892 0.000145915
893 0.000149832
894 0.000153866
895 0.000158023
896 0.000162307
897 0.000166725
898 0.000171283
899 0.000175987
900 0.000180844
901 0.00018586
902 0.000191042
903 0.000196397
904 0.000201933
905 0.000207656
906 0.000213576
907 0.000219699
908 0.000226033
909 0.000232587
910 0.000239369
911 0.000246387
912 0.000253651
913 0.000261169
914 0.00026895
915 0.000277005
916 0.000285341
917 0.000293969
918 0.000302898
919 0.000312139
920 0.000321701
921 0.000331595
922 0.000341831
923 0.00035242
924 0.000363372
925 0.000374698
926 0.00038641
927 0.000398518
928 0.000411034
929 0.000423968
930 0.000437333
931 0.000451141
932 0.000465402
933 0.000480129
934 0.000495333
935 0.000511028
936 0.000527225
937 0.000543936
938 0.000561174
939 0.000578951
940 0.00059728
941 0.000616174
942 0.000635645
943 0.000655706
944 0.000676371
945 0.000697652
946 0.000719562
947 0.000742114
948 0.000765322
949 0.000789199
950 0.000813758
951 0.000839012
952 0.000864975
953 0.000891661
954 0.000919082
955 0.000947252
956 0.000976185
957 0.00100589
958 0.00103639
959 0.0010677
960 0.00109982
961 0.00113276
962 0.00116656
963 0.00120121
964 0.00123673
965 0.00127314
966 0.00131044
967 0.00134865
968 0.00138779
969 0.00142787
970 0.0014689
971 0.00151089
972 0.00155386
973 0.00159782
974 0.00164278
975 0.00168876
976 0.00173576
977 0.00178381
978 0.00183291
979 0.00188307
980 0.00193432
981 0.00198665
982 0.00204008
983 0.00209463
984 0.0021503
985 0.00220711
986 0.00226506
987 0.00232418
988 0.00238446
989 0.00244592
990 0.00250856
991 0.00257241
992 0.00263747
993 0.00270374
994 0.00277124
995 0.00283997
996 0.00290995
997 0.00298118
998 0.00305367
999 0.00312743
1000 0.00320246
1001 0.00327877
1002 0.00335637
1003 0.00343526
1004 0.00351546
1005 0.00359695
1006 0.00367975
1007 0.00376386
1008 0.00384929
1009 0.00393604
1010 0.00402411
1011 0.0041135
1012 0.00420422
1013 0.00429627
1014 0.00438964
1015 0.00448434
1016 0.00458036
1017 0.00467771
1018 0.00477639
1019 0.00487638
1020 0.0049777
1021 0.00508033
1022 0.00518427
1023 0.00528951
1024 0.00539605
1025 0.00550389
1026 0.00561302
1027 0.00572342
1028 0.0058351
1029 0.00594803
1030 0.00606222
1031 0.00617765
1032 0.00629431
1033 0.00641218
1034 0.00653127
1035 0.00665154
1036 0.00677299
1037 0.0068956
1038 0.00701936
1039 0.00714424
1040 0.00727024
1041 0.00739733
1042 0.0075255
1043 0.00765472
1044 0.00778497
1045 0.00791623
1046 0.00804848
1047 0.00818169
1048 0.00831585
1049 0.00845092
1050 0.00858688
1051 0.0087237
1052 0.00886136
1053 0.00899982
1054 0.00913906
1055 0.00927905
1056 0.00941976
1057 0.00956115
1058 0.00970319
1059 0.00984585
1060 0.00998909
1061 0.0101329
1062 0.0102772
1063 0.010422
1064 0.0105672
1065 0.0107128
1066 0.0108588
1067 0.0110051
1068 0.0111517
1069 0.0112985
1070 0.0114456
1071 0.0115927
1072 0.01174
1073 0.0118874
1074 0.0120348
1075 0.0121822
1076 0.0123295
1077 0.0124767
1078 0.0126237
1079 0.0127706
1080 0.0129172
1081 0.0130635
1082 0.0132094
1083 0.0133549
1084 0.0135
1085 0.0136446
1086 0.0137886
1087 0.0139321
1088 0.0140748
1089 0.0142169
1090 0.0143583
1091 0.0144988
1092 0.0146385
1093 0.0147772
1094 0.014915
1095 0.0150518
1096 0.0151875
1097 0.0153221
1098 0.0154555
1099 0.0155877
1100 0.0157186
1101 0.0158482
1102 0.0159764
1103 0.0161032
1104 0.0162285
1105 0.0163523
1106 0.0164744
1107 0.016595
1108 0.0167138
1109 0.0168309
1110 0.0169462
1111 0.0170597
1112 0.0171713
1113 0.0172809
1114 0.0173886
1115 0.0174942
1116 0.0175977
1117 0.0176991
1118 0.0177984
1119 0.0178954
1120 0.0179902
1121 0.0180827
1122 0.0181728
1123 0.0182605
1124 0.0183458
1125 0.0184286
1126 0.018509
1127 0.0185867
1128 0.0186619
1129 0.0187345
1130 0.0188044
1131 0.0188717
1132 0.0189362
1133 0.018998
1134 0.0190569
1135 0.0191131
1136 0.0191665
1137 0.0192169
1138 0.0192645
1139 0.0193092
1140 0.0193509
1141 0.0193897
1142 0.0194254
1143 0.0194582
1144 0.019488
1145 0.0195147
1146 0.0195384
1147 0.0195591
1148 0.0195766
1149 0.0195911
1150 0.0196025
1151 0.0196108
1152 0.019616
1153 0.019618
1154 0.019617
1155 0.0196128
1156 0.0196056
1157 0.0195952
1158 0.0195817
1159 0.0195651
1160 0.0195454
1161 0.0195226
1162 0.0194967
1163 0.0194678
1164 0.0194358
1165 0.0194007
1166 0.0193626
1167 0.0193215
1168 0.0192774
1169 0.0192303
1170 0.0191802
1171 0.0191272
1172 0.0190713
1173 0.0190125
1174 0.0189508
1175 0.0188863
1176 0.018819
1177 0.0187488
1178 0.018676
1179 0.0186004
1180 0.0185221
1181 0.0184412
1182 0.0183577
1183 0.0182716
1184 0.0181829
1185 0.0180918
1186 0.0179981
1187 0.0179021
1188 0.0178037
1189 0.0177029
1190 0.0175999
1191 0.0174946
1192 0.0173871
1193 0.0172774
1194 0.0171657
1195 0.0170518
1196 0.016936
1197 0.0168182
1198 0.0166985
1199 0.0165769
1200 0.0164535
1201 0.0163284
1202 0.0162015
1203 0.016073
1204 0.0159429
1205 0.0158113
1206 0.0156781
1207 0.0155436
1208 0.0154076
1209 0.0152703
1210 0.0151317
1211 0.0149919
1212 0.014851
1213 0.0147089
1214 0.0145658
1215 0.0144217
1216 0.0142766
1217 0.0141306
1218 0.0139838
1219 0.0138363
1220 0.013688
1221 0.0135391
1222 0.0133895
1223 0.0132394
1224 0.0130887
1225 0.0129377
1226 0.0127862
1227 0.0126344
1228 0.0124823
1229 0.0123299
1230 0.0121774
1231 0.0120247
1232 0.011872
1233 0.0117192
1234 0.0115664
1235 0.0114137
1236 0.0112611
1237 0.0111087
1238 0.0109565
1239 0.0108045
1240 0.0106528
1241 0.0105015
1242 0.0103506
1243 0.0102001
1244 0.0100501
1245 0.0099006
1246 0.00975167
1247 0.00960333
1248 0.00945564
1249 0.00930862
1250 0.00916233
1251 0.00901679
1252 0.00887203
1253 0.00872811
1254 0.00858504
1255 0.00844286
1256 0.00830161
1257 0.00816132
1258 0.00802202
1259 0.00788373
1260 0.00774648
1261 0.00761031
1262 0.00747524
1263 0.0073413
1264 0.0072085
1265 0.00707688
1266 0.00694645
1267 0.00681725
1268 0.00668928
1269 0.00656257
1270 0.00643714
1271 0.00631301
1272 0.00619018
1273 0.00606869
1274 0.00594854
1275 0.00582975
1276 0.00571234
1277 0.0055963
1278 0.00548166
1279 0.00536843
1280 0.00525661
1281 0.00514622
1282 0.00503726
1283 0.00492974
1284 0.00482366
1285 0.00471904
1286 0.00461587
1287 0.00451416
1288 0.00441391
1289 0.00431512
1290 0.0042178
1291 0.00412194
1292 0.00402755
1293 0.00393463
1294 0.00384316
1295 0.00375316
1296 0.00366462
1297 0.00357752
1298 0.00349188
1299 0.00340768
1300 0.00332493
1301 0.0032436
1302 0.0031637
1303 0.00308522
1304 0.00300815
1305 0.00293248
1306 0.00285821
1307 0.00278532
1308 0.0027138
1309 0.00264365
1310 0.00257485
1311 0.00250739
1312 0.00244127
1313 0.00237646
1314 0.00231296
1315 0.00225075
1316 0.00218983
1317 0.00213017
1318 0.00207176
1319 0.0020146
1320 0.00195866
1321 0.00190393
1322 0.0018504
1323 0.00179805
1324 0.00174687
1325 0.00169684
1326 0.00164794
1327 0.00160017
1328 0.0015535
1329 0.00150792
1330 0.00146341
1331 0.00141996
1332 0.00137756
1333 0.00133617
1334 0.0012958
1335 0.00125642
1336 0.00121801
1337 0.00118057
1338 0.00114407
1339 0.0011085
1340 0.00107383
1341 0.00104007
1342 0.00100718
1343 0.000975154
1344 0.000943976
1345 0.000913628
1346 0.000884095
1347 0.00085536
1348 0.000827409
1349 0.000800225
1350 0.000773792
1351 0.000748097
1352 0.000723122
1353 0.000698853
1354 0.000675275
1355 0.000652373
1356 0.000630131
1357 0.000608537
1358 0.000587575
1359 0.00056723
1360 0.000547489
1361 0.000528338
1362 0.000509763
1363 0.00049175
1364 0.000474286
1365 0.000457358
1366 0.000440952
1367 0.000425057
1368 0.000409658
1369 0.000394745
1370 0.000380303
1371 0.000366322
1372 0.00035279
1373 0.000339694
1374 0.000327023
1375 0.000314767
1376 0.000302913
1377 0.000291452
1378 0.000280372
1379 0.000269663
1380 0.000259314
1381 0.000249316
1382 0.000239658
1383 0.000230332
1384 0.000221327
1385 0.000212634
1386 0.000204244
1387 0.000196149
1388 0.000188339
1389 0.000180806
1390 0.000173542
1391 0.000166538
1392 0.000159787
1393 0.00015328
1394 0.000147011
1395 0.000140972
1396 0.000135155
1397 0.000129554
1398 0.000124161
1399 0.000118971
1400 0.000113976
1401 0.00010917
1402 0.000104547
1403 0.0001001
1404 9.5825e-05
1405 9.17149e-05
1406 8.77645e-05
1407 8.39683e-05
1408 8.03211e-05
1409 7.68178e-05
1410 7.34533e-05
1411 7.02228e-05
1412 6.71217e-05
1413 6.41453e-05
1414 6.12893e-05
1415 5.85493e-05
1416 5.59212e-05
1417 5.34009e-05
1418 5.09845e-05
1419 4.86681e-05
1420 4.64482e-05
1421 4.43211e-05
1422 4.22833e-05
1423 4.03315e-05
1424 3.84625e-05
1425 3.66732e-05
1426 3.49604e-05
1427 3.33212e-05
1428 3.17528e-05
1429 3.02525e-05
1430 2.88176e-05
1431 2.74454e-05
1432 2.61336e-05
1433 2.48798e-05
1434 2.36816e-05
1435 2.25368e-05
1436 2.14432e-05
1437 2.03987e-05
1438 1.94015e-05
1439 1.84494e-05
1440 1.75407e-05
1441 1.66735e-05
1442 1.58462e-05
1443 1.50571e-05
1444 1.43044e-05
1445 1.35868e-05
1446 1.29027e-05
1447 1.22507e-05
1448 1.16294e-05
1449 1.10375e-05
1450 1.04737e-05
1451 9.93679e-06
1452 9.42557e-06
1453 8.93893e-06
1454 8.47577e-06
1455 8.03506e-06
1456 7.61578e-06
1457 7.21699e-06
1458 6.83776e-06
1459 6.4772e-06
1460 6.13446e-06
1461 5.80873e-06
1462 5.49923e-06
1463 5.20521e-06
1464 4.92595e-06
1465 4.66076e-06
1466 4.409e-06
1467 4.17002e-06
1468 3.94323e-06
1469 3.72804e-06
1470 3.52391e-06
1471 3.33031e-06
1472 3.14673e-06
1473 2.97269e-06
1474 2.80773e-06
1475 2.6514e-06
1476 2.50329e-06
1477 2.36299e-06
1478 2.23011e-06
1479 2.1043e-06
1480 1.98519e-06
1481 1.87246e-06
1482 1.76579e-06
1483 1.66486e-06
1484 1.5694e-06
1485 1.47912e-06
1486 1.39375e-06
1487 1.31306e-06
1488 1.2368e-06
1489 1.16474e-06
1490 1.09666e-06
1491 1.03235e-06
1492 9.71627e-07
1493 9.14295e-07
1494 8.60176e-07
1495 8.09102e-07
1496 7.6091e-07
1497 7.15448e-07
1498 6.72569e-07
1499 6.32136e-07
1500 5.94016e-07
1501 5.58085e-07
1502 5.24224e-07
1503 4.9232e-07
1504 4.62267e-07
1505 4.33963e-07
1506 4.07311e-07
1507 3.82221e-07
1508 3.58605e-07
1509 3.36382e-07
1510 3.15474e-07
1511 2.95807e-07
1512 2.77311e-07
1513 2.5992e-07
1514 2.43572e-07
1515 2.28207e-07
1516 2.13769e-07
1517 2.00204e-07
1518 1.87463e-07
1519 1.75498e-07
1520 1.64265e-07
1521 1.53719e-07
1522 1.43823e-07
1523 1.34536e-07
1524 1.25825e-07
1525 1.17654e-07
1526 1.09992e-07
1527 1.02808e-07
1528 9.60746e-08
1529 8.97643e-08
1530 8.38517e-08
1531 7.8313e-08
1532 7.31255e-08
1533 6.82681e-08
1534 6.37206e-08
1535 5.94642e-08
1536 5.5481e-08
1537 5.17544e-08
1538 4.82684e-08
1539 4.50082e-08
1540 4.19598e-08
1541 3.91101e-08
1542 3.64466e-08
1543 3.39577e-08
1544 3.16325e-08
1545 2.94606e-08
1546 2.74323e-08
1547 2.55385e-08
1548 2.37707e-08
1549 2.21208e-08
1550 2.05813e-08
1551 1.91451e-08
1552 1.78056e-08
1553 1.65564e-08
1554 1.53918e-08
1555 1.43063e-08
1556 1.32946e-08
1557 1.2352e-08
1558 1.14739e-08
1559 1.06561e-08
1560 9.89459e-09
1561 9.18564e-09
1562 8.52578e-09
1563 7.91172e-09
1564 7.34042e-09
1565 6.80899e-09
1566 6.31477e-09
1567 5.85523e-09
1568 5.42805e-09
1569 5.03101e-09
1570 4.66208e-09
1571 4.31933e-09
1572 4.00097e-09
1573 3.70532e-09
1574 3.43083e-09
1575 3.17604e-09
1576 2.93957e-09
1577 2.72016e-09
1578 2.51661e-09
1579 2.32783e-09
1580 2.15277e-09
1581 1.99048e-09
1582 1.84005e-09
1583 1.70064e-09
1584 1.57148e-09
1585 1.45183e-09
1586 1.34102e-09
1587 1.23842e-09
1588 1.14344e-09
1589 1.05552e-09
1590 9.74174e-10
1591 8.98911e-10
1592 8.29294e-10
1593 7.64914e-10
1594 7.05389e-10
1595 6.50364e-10
1596 5.99509e-10
1597 5.52519e-10
1598 5.09109e-10
1599 4.69014e-10
1600 4.31989e-10
1601 3.97806e-10
1602 3.66254e-10
1603 3.37135e-10
1604 3.10268e-10
1605 2.85485e-10
1606 2.62627e-10
1607 2.41551e-10
1608 2.2212e-10
1609 2.04211e-10
1610 1.87708e-10
1611 1.72503e-10
1612 1.58498e-10
1613 1.456e-10
1614 1.33724e-10
1615 1.22792e-10
1616 1.1273e-10
1617 1.03472e-10
1618 9.49547e-11
1619 8.71207e-11
1620 7.99167e-11
1621 7.32934e-11
1622 6.72053e-11
1623 6.16103e-11
1624 5.64695e-11
1625 5.17471e-11
1626 4.74099e-11
1627 4.34273e-11
1628 3.97711e-11
1629 3.64153e-11
1630 3.33358e-11
1631 3.05105e-11
1632 2.79189e-11
1633 2.55422e-11
1634 2.3363e-11
1635 2.13654e-11
1636 1.95346e-11
1637 1.78569e-11
1638 1.63201e-11
1639 1.49124e-11
1640 1.36233e-11
1641 1.24431e-11
1642 1.13629e-11
1643 1.03742e-11
1644 9.46968e-12
1645 8.64223e-12
1646 7.88545e-12
1647 7.19346e-12
1648 6.56085e-12
1649 5.98265e-12
1650 5.45427e-12
1651 4.97154e-12
1652 4.53061e-12
1653 4.12793e-12
1654 3.76026e-12
1655 3.42464e-12
1656 3.11833e-12
1657 2.83884e-12
1658 2.58386e-12
1659 2.3513e-12
1660 2.13923e-12
1661 1.94589e-12
1662 1.76966e-12
1663 1.60905e-12
1664 1.46272e-12
1665 1.32942e-12
1666 1.20802e-12
1667 1.09748e-12
1668 9.96854e-13
1669 9.05263e-13
1670 8.21918e-13
1671 7.46092e-13
1672 6.77122e-13
1673 6.144e-13
1674 5.57373e-13
1675 5.05534e-13
1676 4.58422e-13
1677 4.15614e-13
1678 3.76726e-13
1679 3.41406e-13
1680 3.09333e-13
1681 2.80215e-13
1682 2.53786e-13
1683 2.29801e-13
1684 2.0804e-13
1685 1.88301e-13
1686 1.704e-13
1687 1.54168e-13
1688 1.39453e-13
1689 1.26117e-13
1690 1.14033e-13
1691 1.03085e-13
1692 9.31683e-14
1693 8.41884e-14
1694 7.60583e-14
1695 6.8699e-14
1696 6.20389e-14
1697 5.60129e-14
1698 5.05617e-14
1699 4.56315e-14
1700 4.11734e-14
1701 3.71432e-14
1702 3.35005e-14
1703 3.02088e-14
1704 2.72349e-14
1705 2.45486e-14
1706 2.21227e-14
1707 1.99323e-14
1708 1.79551e-14
1709 1.61707e-14
1710 1.45605e-14
1711 1.3108e-14
1712 1.17979e-14
1713 1.06165e-14
1714 9.55147e-15
1715 8.59147e-15
1716 7.72634e-15
1717 6.94689e-15
1718 6.24476e-15
1719 5.61243e-15
1720 5.04308e-15
1721 4.53054e-15
1722 4.06924e-15
1723 3.65415e-15
1724 3.28072e-15
1725 2.94483e-15
1726 2.64278e-15
1727 2.37122e-15
1728 2.12712e-15
1729 1.90775e-15
1730 1.71064e-15
1731 1.53358e-15
1732 1.37456e-15
1733 1.23177e-15
1734 1.10358e-15
1735 9.88529e-16
1736 8.85285e-16
1737 7.92658e-16
1738 7.09575e-16
1739 6.35066e-16
1740 5.68263e-16
1741 5.0838e-16
1742 4.54713e-16
1743 4.06625e-16
1744 3.63547e-16
1745 3.24965e-16
1746 2.90416e-16
1747 2.59486e-16
1748 2.31801e-16
1749 2.07027e-16
1750 1.84862e-16
1751 1.65035e-16
1752 1.47304e-16
1753 1.3145e-16
1754 1.17278e-16
1755 1.04612e-16
1756 9.32943e-17
1757 8.31835e-17
1758 7.41529e-17
1759 6.60888e-17
1760 5.88894e-17
1761 5.24631e-17
1762 4.67284e-17
1763 4.16117e-17
1764 3.70475e-17
1765 3.2977e-17
1766 2.93476e-17
1767 2.61122e-17
1768 2.32285e-17
1769 2.0659e-17
1770 1.83698e-17
1771 1.63309e-17
1772 1.45152e-17
1773 1.28987e-17
1774 1.14598e-17
1775 1.01792e-17
1776 9.03989e-18
1777 8.02638e-18
1778 7.125e-18
1779 6.32352e-18
1780 5.61101e-18
1781 4.97774e-18
1782 4.41501e-18
1783 3.91507e-18
1784 3.47101e-18
1785 3.07667e-18
1786 2.72655e-18
1787 2.41577e-18
1788 2.13996e-18
1789 1.89524e-18
1790 1.67816e-18
1791 1.48562e-18
1792 1.3149e-18
1793 1.16355e-18
1794 1.0294e-18
1795 9.10529e-19
1796 8.05213e-19
1797 7.11929e-19
1798 6.29318e-19
1799 5.56176e-19
1800 4.91431e-19
1801 4.34132e-19
1802 3.83432e-19
1803 3.38581e-19
1804 2.98914e-19
1805 2.63838e-19
1806 2.32829e-19
1807 2.05421e-19
1808 1.81201e-19
1809 1.59803e-19
1810 1.40902e-19
1811 1.2421e-19
1812 1.09472e-19
1813 9.6463e-20
1814 8.49816e-20
1815 7.48509e-20
1816 6.5914e-20
1817 5.80318e-20
1818 5.10813e-20
1819 4.49538e-20
1820 3.95529e-20
1821 3.47936e-20
1822 3.06004e-20
1823 2.69069e-20
1824 2.36542e-20
1825 2.07903e-20
1826 1.82692e-20
1827 1.60505e-20
1828 1.40982e-20
1829 1.23808e-20
1830 1.08702e-20
1831 9.54198e-21
1832 8.37425e-21
1833 7.34787e-21
1834 6.44591e-21
1835 5.65347e-21
1836 4.9574e-21
1837 4.34611e-21
1838 3.80939e-21
1839 3.33824e-21
1840 2.92474e-21
1841 2.56192e-21
1842 2.24362e-21
1843 1.96446e-21
1844 1.71967e-21
1845 1.50506e-21
1846 1.31695e-21
1847 1.15211e-21
1848 1.00768e-21
1849 8.81179e-22
1850 7.7039e-22
1851 6.73388e-22
1852 5.88474e-22
1853 5.14158e-22
1854 4.49132e-22
1855 3.92246e-22
1856 3.42493e-22
1857 2.98986e-22
1858 2.60951e-22
1859 2.27705e-22
1860 1.98653e-22
1861 1.73271e-22
1862 1.51099e-22
1863 1.31737e-22
1864 1.14831e-22
1865 1.00073e-22
1866 8.71936e-23
1867 7.59554e-23
1868 6.61516e-23
1869 5.76009e-23
1870 5.01447e-23
1871 4.36444e-23
1872 3.79787e-23
1873 3.30414e-23
1874 2.87398e-23
1875 2.49929e-23
1876 2.17298e-23
1877 1.88888e-23
1878 1.64156e-23
1879 1.42633e-23
1880 1.23905e-23
1881 1.07613e-23
1882 9.34436e-24
1883 8.11223e-24
1884 7.04105e-24
1885 6.11003e-24
1886 5.30097e-24
1887 4.59807e-24
1888 3.98751e-24
1889 3.45729e-24
1890 2.99693e-24
1891 2.59732e-24
1892 2.25051e-24
1893 1.94959e-24
1894 1.68855e-24
1895 1.46214e-24
1896 1.26582e-24
1897 1.09563e-24
1898 9.48117e-25
1899 8.2029e-25
1900 7.09543e-25
1901 6.13617e-25
1902 5.30547e-25
1903 4.58624e-25
1904 3.96366e-25
1905 3.42486e-25
1906 2.95867e-25
1907 2.55539e-25
1908 2.20661e-25
1909 1.90502e-25
1910 1.6443e-25
1911 1.41896e-25
1912 1.22423e-25
1913 1.05601e-25
1914 9.107e-26
1915 7.85219e-26
1916 6.76881e-26
1917 5.83367e-26
1918 5.02664e-26
1919 4.33032e-26
1920 3.72966e-26
1921 3.21163e-26
1922 2.76496e-26
1923 2.37989e-26
1924 2.04802e-26
1925 1.76204e-26
1926 1.51568e-26
1927 1.30347e-26
1928 1.12074e-26
1929 9.63418e-27
1930 8.27998e-27
1931 7.11464e-27
1932 6.11198e-27
1933 5.24951e-27
1934 4.50778e-27
1935 3.86998e-27
1936 3.32174e-27
1937 2.85055e-27
1938 2.44566e-27
1939 2.09784e-27
1940 1.79909e-27
1941 1.54256e-27
1942 1.32232e-27
1943 1.13328e-27
1944 9.71058e-28
1945 8.31877e-28
1946 7.12495e-28
1947 6.10108e-28
1948 5.22326e-28
1949 4.47077e-28
1950 3.82586e-28
1951 3.27326e-28
1952 2.79989e-28
1953 2.39447e-28
1954 2.04728e-28
1955 1.75007e-28
1956 1.49569e-28
1957 1.278e-28
1958 1.09177e-28
1959 9.32471e-29
1960 7.96239e-29
1961 6.79769e-29
1962 5.80208e-29
1963 4.95122e-29
1964 4.22424e-29
1965 3.60321e-29
1966 3.07281e-29
1967 2.61991e-29
1968 2.23331e-29
1969 1.90334e-29
1970 1.62176e-29
1971 1.38155e-29
1972 1.17665e-29
1973 1.00193e-29
1974 8.52975e-30
1975 7.26003e-30
1976 6.17798e-30
1977 5.25608e-30
1978 4.47077e-30
1979 3.80197e-30
1980 3.23253e-30
1981 2.74777e-30
1982 2.33521e-30
1983 1.98415e-30
1984 1.6855e-30
1985 1.43151e-30
1986 1.21553e-30
1987 1.0319e-30
1988 8.75826e-31
1989 7.43199e-31
1990 6.30522e-31
1991 5.34807e-31
1992 4.53533e-31
1993 3.84519e-31
1994 3.25933e-31
1995 2.76222e-31
1996 2.34039e-31
1997 1.98255e-31
1998 1.67906e-31
1999 1.42174e-31
2000 1.20357e-31
2001 1.01866e-31
2002 8.62001e-32
2003 7.29258e-32
2004 6.16833e-32
2005 5.21621e-32
2006 4.4103e-32
2007 3.72815e-32
2008 3.15062e-32
2009 2.66212e-32
2010 2.2489e-32
2011 1.8994e-32
2012 1.60391e-32
2013 1.35417e-32
2014 1.14309e-32
2015 9.64702e-33
2016 8.1402e-33
2017 6.86757e-33
2018 5.79279e-33
2019 4.88547e-33
2020 4.11988e-33
2021 3.47369e-33
2022 2.92851e-33
2023 2.46867e-33
2024 2.08093e-33
2025 1.75399e-33
2026 1.47838e-33
2027 1.24616e-33
2028 1.05051e-33
2029 8.85715e-34
2030 7.46896e-34
2031 6.30045e-34
2032 5.31687e-34
2033 4.4889e-34
2034 3.79241e-34
2035 3.20669e-34
2036 2.71419e-34
2037 2.30019e-34
2038 1.95228e-34
2039 1.66011e-34
2040 1.41492e-34
2041 1.20922e-34
2042 1.03682e-34
2043 8.92512e-35
2044 7.71898e-35
2045 6.71329e-35
2046 5.87691e-35
2047 5.18464e-35
